6.27803, -3589.81, 2109.43
3.5948, -90.6955, 1027.04
5.89648, 487.32, 216.409
5.09708, 594.754, 95.7163
2.76731, 6978.5, -7151.14
2.53849, -2477.64, 3085.43
4.58743, 9800.02, 5820.28
7.15218, 99.5926, -117.858
2.95982, 831.344, -512.984
6.00595, 415.246, 135.128
3.81226, -238.668, -12.9315
4.14117, 187.31, -0.775708
7.45519, 707.365, -826.126
7.41275, 119.42, 98.0342
5.75759, -546.318, -232.941
6.92354, 289.611, -99.516
6.33247, 128.21, 218.682
3.87453, -2656.48, -1011.22
4.93259, -1374.12, -1164.95
2.80282, -8900.93, 2284.35
5.08146, 419.543, -82.5814
4.96988, -6199.2, 2343.55
7.23882, 73.348, 1.92861
4.42071, 203.181, -134.249
5.14874, -4647.27, 1202.89
2.75042, -321.829, 6198.63
6.63909, 587.236, 209.581
5.94228, 803.757, -257.367
6.18112, 661.141, 131.483
6.94286, -4573.97, -3948.51
4.25508, -152.607, 171.633
6.72991, 203.587, -87.2715
3.84659, 923.063, -378.127
4.83959, -143.167, 514.559
3.2686, -54.5353, -283.66
2.66527, 979.012, -612.457
7.2768, -1435.57, -989.295
6.95369, 96.4598, 170.179
3.29884, 73.1604, 401.752
3.15214, 2069.95, -1219.92
2.515, 3615.67, -664.408
6.0491, 172.587, 101.748
3.40448, -90.9752, 78.6376
5.76029, -1126.2, 185.6
4.42907, 255.311, -63.9818
3.23766, 1408.99, 1461.7
5.45054, 803.365, 149.605
3.24076, 3201.86, -1537.64
3.2091, -2639.38, -1515.6
4.94257, 21.5636, -44.4834
3.13015, 556.295, -250.868
5.64635, 1120.77, 280.552
5.60817, 136.713, -117.459
4.88216, 4218.48, -5814.36
2.64188, -907.17, -35.0433
3.21011, 5039.01, -717.716
3.15594, 709.186, -120.294
3.31099, 1701.5, -2644.98
3.76529, 77.6624, 63.0167
4.77654, -5924.92, 2834.08
6.54472, -185.982, -1206.92
3.57624, 274.771, -149.122
3.75063, 232.296, -79.446
5.02978, -1422.29, -2450.08
6.27922, 176.995, -99.6313
5.66369, -2018.58, -4025.16
5.9449, -2472.92, -1859.67
7.27207, 39.1932, -163.222
5.18713, 6085.67, -3082.86
4.57014, 141.892, -2778.99
4.70019, -321.6, -349.73
6.07821, -2050.51, -1839.46
6.20858, -3040.29, -2227.05
5.12494, -3946.7, 3140.84
6.06711, 155.035, 41.1902
5.91025, 354.758, 326.946
6.82941, 2339.93, -1871.61
3.19597, 402.604, 1830.91
3.57766, 279.286, -77.7016
5.0733, 1467.24, 2561.28
4.83766, 170.979, 26.5804
3.55759, 4530.73, -4582.38
5.65244, -127.89, 237.967
2.5044, 3577.58, -5148.89
4.09589, -925.638, -3010.96
5.90281, 156.178, -100.802
6.0446, 260.948, -9.39145
2.90869, 208.685, -199.645
3.56926, -19.7421, -527.359
4.44412, 288.307, 257.645
4.44927, -4516.22, -1518.35
3.92018, 120.446, 531.263
4.6123, 363.023, 167.352
2.55658, -2705.45, -203.704
3.72027, -6318.15, 3308.52
4.49072, -2470.54, -4065.31
6.64177, 990.599, 324.674
3.78584, 711.382, -520.441
3.59705, -1150.42, 698.739
6.47385, 179.449, -13.4363
5.8476, 1708.53, -386.791
5.49108, 583.935, 957.742
5.99917, 2922.93, 1959.52
5.13062, 360.126, 565.674
4.14833, 223.871, 99.7539
3.30844, 7045.02, 1232.68
6.56633, -0.681566, 80.6651
4.08004, 75.5806, -662.523
4.05369, 785.033, 439.771
4.65424, 144.074, -95.3997
4.46509, 282.082, 215.534
4.43916, 157.374, 137.18
4.34871, 206.959, -91.6724
5.88118, 217.051, 7.14499
6.10384, 585.302, -188.863
7.20082, -2567.72, 1098.27
5.08573, 731.814, -392.987
5.5282, -539.672, -151.315
5.85049, 1706.67, -2579.8
5.11404, 3.64922, -70.8593
3.87105, -8.12805, 0.926361
7.08924, 274.499, -164.104
3.73367, -37.3931, 193.178
4.77876, 254.896, -658.889
3.30374, 0.0260603, 53.8198
4.68319, 338.372, 7.00886
7.45767, 908.306, -402.009
6.26931, 4568.27, -4399.48
4.97846, -0.115077, -779.979
7.01651, 284.092, -24.9259
4.68213, 145.808, 86.1869
5.09239, 2330.23, -1821.45
4.44866, -2044.34, -3383.34
5.63431, 246.156, 114.556
5.19331, 178.688, 18.4003
4.35955, 206.06, 1099.98
2.54674, 97.6583, -910.951
6.3794, 230.762, 3.93549
2.85317, -397.526, -423.679
3.98511, 953.476, 170.63
4.78581, 31.5915, 1882.42
3.25156, 341.926, 89.8315
5.97819, 62.7901, -550.007
4.15587, -369.925, -405.428
5.21197, -3928.51, 6892.63
2.64678, -3724.55, -2483.4
5.38086, 576.897, -565.864
5.18133, 191.951, -418.92
7.36678, 470.961, 359.157
5.57063, 68.0695, -105.043
5.26431, 3005.23, -5212.89
6.69051, 1066.33, -292.798
3.75764, 547.061, -1170.69
6.98957, 346.834, 84.6633
5.97428, 178.11, -208.785
5.82752, -577.694, 2560.43
3.06838, 699.517, -624.718
3.37987, -1853.07, -720.051
2.91253, -1995.87, 3187.05
6.68103, 479.728, 0.859797
2.64818, 844.167, 4214.88
6.34719, 81.4246, -41.8613
4.29829, 214.207, -3994.24
6.24626, -1114.84, -399.567
6.28385, 150.229, 52.5378
3.60834, 2596.6, -1518.81
5.58305, -295.726, 204.052
3.66846, 429.356, 265.958
6.22052, -41.7523, -3959.83
5.80997, -107.95, -649.915
4.9209, -3844.78, 6979.48
2.58972, 579.906, 241.685
4.98291, -93.3261, 491.904
5.09587, 170.187, -91.7736
4.71395, 683.212, 3642.07
4.14528, -2601.32, 1682.47
3.52671, 276.915, -34.6217
7.19863, 2.93622, 1005.6
2.85168, 1162.93, 3343.25
3.30042, 330.597, -1257.39
6.70788, -47.7659, 199.939
4.13614, 272.239, 160.913
6.85942, -144.182, 130.998
5.99896, 324.832, -7.80524
5.52801, 700.856, 333.571
4.77536, 648.811, 74.8974
2.91543, -417.532, 699.816
3.94883, -3761.58, -902.817
6.51009, -15.1616, -104.22
6.81821, 293.778, -1575.12
3.81831, -5249.36, 411.728
4.79881, 783.548, 622.569
4.95672, 194.092, -104.443
5.82344, 1701.61, -2637.21
7.31738, 118.61, -301.557
7.23022, 561.287, 63.9707
2.81902, 1685.68, 192.276
5.04829, -548.433, -581.892
6.13222, 401.321, -388.841
5.65882, 312.178, -149.011
3.26658, -415.121, -727.033
5.09652, 681.808, 3640.19
3.52281, 6668.22, -2092.91
6.03231, 76.1194, 32.9127
6.05786, -1437.93, 7116.42
3.66304, 407.467, 444.278
6.80594, 351.275, 209.104
2.67122, 471.536, -272.201
6.26587, 1079.75, -151.936
4.14789, 391.952, 1132.16
4.65309, 6026.48, -1585.99
7.33455, 18.1835, -656.81
4.05803, -1917.25, -1759.25
5.69762, -6946, -95.5872
5.95386, -21.6471, -1.19877
5.36403, -449.837, 100.853
6.60667, -3883.53, 6924.65
4.21807, -4184.76, 1590.12
5.09387, 302.547, -181.146
6.78438, 309.788, 1115.22
6.18587, -25.5679, 538.623
3.45992, 2073.76, -897.64
2.83145, 116.36, -152.819
3.60828, -5007.56, 3135.5
3.33656, 159.9, 101.554
6.31172, 326.533, -114.134
5.44905, 1876.88, -2445.07
4.65223, -7268.18, -477.715
7.09618, 1590.98, 75.2033
5.09668, -1128.61, -1622.96
7.38058, -377.792, 68.3931
5.15714, 366.077, 108.183
2.98716, -1174.51, 498.217
5.83983, -541.413, -505.855
5.44444, -580.255, 3071.82
5.01137, 132.504, -16.0935
2.75808, 366.087, 1482.33
2.6753, -20.5652, -11.3776
4.41484, 40.2297, 486.747
5.55555, -3072.88, -3359.7
5.06574, -7285.91, -487.615
5.98498, 580.002, 72.7923
4.89891, 175.005, 241.473
3.88323, -7492.35, 30.9619
6.01685, -336.412, 3329.61
3.67701, 220.228, 391.157
6.41501, 130.15, 61.7717
6.60589, 185.008, 162.643
3.21842, 4670.17, 3980.26
5.75757, -269.35, -501.591
3.87677, -1613.96, -1960.57
7.26215, 3338.56, -1239.59
4.58238, 314.029, -84.7143
3.03869, -147.052, -735.787
4.70633, 386.132, -575.785
6.28811, 216.03, -146.125
2.77803, 678.149, 6.6588
3.51241, 135.152, 10.3188
6.82305, 643.762, -291.287
6.52456, 85.8681, -109.102
2.78861, 771.204, 2035.59
4.40304, -161.068, 272.862
4.56124, 389.31, -55.3092
2.80071, -1791.83, -850.284
7.09746, -1191.88, -964.656
3.35398, 374.748, -122.704
6.51634, 348.461, -154.078
3.88599, 3186.11, -823.747
4.44586, 242.266, 26.1023
7.19936, -2147.79, 1272.59
6.24573, 170.139, 3388.82
3.44774, 5089.58, -5123.06
6.89581, 192.216, -114.844
6.8953, -46.4071, 11.3036
3.30515, 249.263, -1938.46
5.87346, 12.0838, -325.433
6.89096, 228.096, 65.9626
6.98262, -798.132, 4570.03
3.06535, 541.867, -76.3614
5.93789, -2161.71, -1596.22
3.21651, -118.728, -252.523
3.6901, -938.231, 356.438
5.64383, 3512.55, -2413.54
4.312, 378.601, 358.856
4.64437, -2221.27, -2035.14
4.91936, 1832.24, -2210.26
6.20379, 140.096, 1983.98
3.23098, -96.2241, -466.848
7.36238, 264.636, -68.052
7.3158, 513.781, -41.8927
3.14741, 3099.36, -1906.89
5.3784, 241.865, -253.738
4.66439, 281.392, -1043.51
5.50066, 346.662, -117.126
5.85098, 445.356, 356.803
4.5137, -3673.47, -1276.19
6.46691, -2031.47, -1751.11
4.89889, -4404.77, 2115.49
5.72449, 395.435, 67.0985
4.28836, 7012.91, -1089
5.96794, 180.54, -961.027
5.83428, 1150.92, 667.654
3.22071, 386.322, -18.0736
7.10415, 217.717, -106.026
4.22228, 1322.04, 4707.59
6.66824, 417.023, 210.459
2.74349, 252.563, -1053.1
3.27936, 1532.48, -2620.99
2.55765, 885.45, -278.578
3.94327, 474.316, -276.224
5.07295, 174.51, 712.78
3.65948, 1398.07, -4218.24
2.75022, 290.533, -395.9
5.33091, 381.056, 104.281
6.69774, 433.01, -487.85
4.28763, 792.037, -244.847
4.3452, 206.376, -848.142
7.22226, 247.478, -44.0227
4.72425, -1322.21, -24.6956
6.82086, 135.857, 118.71
5.82654, 36.7201, -637.772
5.79297, 740.944, 222.958
7.10736, 3076.67, -2274.88
5.11536, -3945.43, 3134.28
5.45229, -78.459, 799.43
5.79944, -213.993, -3151.56
4.24765, -1790.77, 1180.56
4.11714, 538.062, 140.266
7.08984, 234.681, 932.421
3.08619, -5837.72, 2303.05
7.31268, -435.655, 450.036
5.17978, -49.6654, 376.824
5.81447, 1952.44, 1129.73
5.48362, -6069.13, 2911.94
6.93363, 193.964, -1020.66
6.67999, 677.86, -65.0508
6.69339, 236.681, 10.6748
6.85642, -526.92, -484.976
2.5002, -594.366, 2597.77
4.77274, -1284.65, -3812.74
4.25696, 1640.14, 138.226
5.80713, 6171.62, -4687.56
6.22234, -378.58, 6.57996
3.3821, -1158.38, -5248
7.4621, -1364.21, 1563.08
5.95466, 462.92, -466.955
6.97862, -561.499, 179.861
3.51579, -1365.42, -593.476
7.2356, 683.235, 616.572
4.88476, -5557.44, 3043.01
6.78578, -5003.69, 3135.67
6.41237, -91.6295, 174.76
5.70687, -3797.07, 3690.94
3.14521, -160.269, -71.7932
5.77944, 230.102, -633.84
3.09199, 164.948, 60.5404
3.88793, 3114.57, 897.252
6.65548, 51.7088, 2897.74
6.14153, 4696.22, 6058.32
6.74348, 5239.67, -3921.89
3.43989, -75.0356, 394.736
6.09602, 277.075, -74.0795
4.25586, 129.157, -464.703
3.34555, 177.824, -230.385
4.52383, -5627.53, 628.981
4.20924, 124.826, -242.961
6.67141, -227.272, 223.126
3.9111, -4352.36, -7056.68
5.16766, 4471.53, 2551.17
6.25085, 1341.08, -2378.54
4.62554, 453.355, 215.831
4.66964, 462.018, 160.685
3.03022, -4076.41, -3024.25
6.4639, 348.489, 363.372
3.91232, 66.8967, 10.7459
7.14264, 4645.38, 7254.05
5.37926, 174.043, 27.6251
3.4895, -456.186, -595.907
5.99081, 217.51, -86.2127
3.07265, 1272.86, -233.753
4.22945, 203.982, -1188.7
4.15646, 369.572, 109.705
6.42735, -6108.66, 2968.7
6.65775, 666.152, 63.5085
4.21712, 374.371, 142.999
4.2603, -583.88, 4.15836
6.38197, 239.785, -194.897
6.58658, 236.398, 287.26
4.26157, -559.733, -550.583
7.09559, 193.848, 213.891
3.2877, 729.477, -127.275
5.56029, -43.5633, -445.937
5.54222, 183.564, 132.705
3.16647, 3444.97, 3471.15
3.51409, 4433.4, 6012.12
4.79457, 507.881, 185.483
3.48759, -249.228, 1628.95
6.77118, 229.883, 51.6358
6.54562, 1321.98, 1152.01
2.80131, 2942.14, -1902.11
6.50584, 1861.62, -5478.45
5.49597, 290.255, -142.714
7.43182, 422.882, 76.0692
2.65919, -144.084, -240.082
6.8356, -3732.4, 4438.95
3.69109, -2389.9, -810.019
3.6127, 2428.49, 991.334
4.73907, 7718.82, 3602.48
2.61231, -404.108, -287.179
6.79755, 249.539, 79.5017
4.15902, 490.639, -4496.67
5.72195, 626.625, -431.62
7.43521, -416.454, -136.072
5.30162, 167.773, -10.6626
4.74553, 137.353, 173.745
5.213, 229.376, -570.692
2.90797, -2861.48, 1001.84
3.99606, 1637.33, 3269.17
6.63964, -4124.94, -755.584
6.48936, -4828.47, 2104.67
5.71048, 256.159, -265.858
4.84105, 17.0687, 553.169
7.15326, 559.318, 2049.6
5.08798, 189.855, -756.153
7.42924, -4973.05, 3075.88
5.94567, -224.997, 41.4891
6.19966, 314.494, -458.921
3.46323, 1169.55, 1634.13
6.08881, 3257.46, -1838.15
6.11146, 665.079, -622.095
6.49298, 190.942, 76.3507
4.23216, -5654.1, 357.157
5.1481, -2482.2, -1408.86
3.19001, 1107.44, -104.304
6.73218, 126.151, 103.853
6.32766, -131.297, -318.964
7.5, -6069.83, 2921.18
4.24891, -8769.62, -2824.93
5.50367, -971.059, -331.114
3.50808, -538.783, 3690.68
6.2385, -3895.13, 662.705
6.49225, 1161.29, -471.996
3.03505, -927.396, -139.978
5.35813, 180.534, -23.0375
2.84683, -5623.27, 1864.08
4.16036, 542.956, 1157.11
5.80945, 174.348, 146.617
5.27726, 437.237, 4279.43
7.12415, 433.997, 668.517
2.69832, 364.271, 2988.09
2.62083, 652.071, 874.776
4.61923, 234.212, 61.7158
4.36987, -820.401, 485.068
2.93303, 4020.44, 3970.26
3.05403, 229.36, 285.068
5.31992, -5505.09, 174.948
7.37269, 171.004, 92.462
3.05066, 170.288, -4123.53
5.99352, -3323.57, -3684.75
2.79674, 57.6292, 79.1924
4.69755, 994.462, -663.605
5.24651, 1260.53, 522.198
3.45129, 327.76, -288.465
7.36597, -81.1632, 55.2814
3.19593, 115.205, 204.952
5.48978, -3318.4, 263.309
7.12812, 208.455, 322.543
3.91116, -1764.83, 410.363
6.8307, 387.802, -105.031
6.29598, 818.861, -1239.23
6.10793, -75.0643, 389.731
3.34241, 96.7036, -51.2001
3.32882, 1611.97, -2757.93
3.39076, 297.698, 174.782
5.87226, 316.262, -152.002
4.83484, -522.86, 823.769
6.85219, 394.557, -17.6066
5.76023, -531.221, 449.069
5.80464, 1963.14, 1133.4
2.58037, 294.612, -454.284
4.30596, 6503.49, 3650.4
3.72747, 118.633, 1398.09
6.93086, 328.447, -417.268
5.23701, -8284.82, 153.68
6.57209, -403.066, -196.083
5.24453, 1047.15, -73.9203
4.16156, 738.504, -329.517
4.40213, -1954.09, -3509.99
2.52389, 2351.27, 472.305
6.95226, 94.3892, 52.8606
6.16955, 676.688, 210.431
6.04239, 84.7342, -140.783
5.1278, 2083.84, -3064.72
6.41065, 92.1778, -261.055
3.42484, 131.71, 211.707
5.72673, 278.823, 140.401
3.42178, 108.375, -72.5446
3.31214, -965.148, 678.326
2.65594, 1268.61, 1471.59
7.42716, 477.31, -197.376
4.04559, 651.193, 44.7536
4.11075, 573.972, 10.5187
5.51155, 34.7305, 62.6439
2.89107, 6334.58, -1173.53
3.93936, -776.362, 49.7712
5.79307, -187.807, 843.658
7.36348, 451.005, -21.6213
7.27758, 4480.25, 1808.79
7.42745, 343.829, 199.887
7.30478, 209.428, 62.803
3.0073, 869.185, -83.4742
3.71505, -373.938, -53.9785
6.91151, 556.029, 154.691
5.28805, 93.6088, 20.428
6.7669, 282.599, -32.2386
7.49145, 610.69, 37.7899
3.99751, -5345.05, 2082.33
6.33157, -9650.25, -3120.63
4.81901, 938.05, -1586.65
6.8168, -395.514, -266.458
6.99018, 196.344, -322.551
7.377, 652.793, -97.2363
2.77405, 690.007, 97.4916
6.32605, -369.327, -211.418
5.09219, 1685.19, -2598.9
3.46574, -516.42, 417.231
6.98252, 217.359, 6.85542
6.38492, 160.714, 40.5528
2.75968, 858.948, -1940.92
7.47331, 1724.44, -2584.53
5.93659, 54.299, -103.756
5.94854, 1985.91, 1152.88
6.57666, 3211.79, -1544.77
7.05426, 11.0776, -118.672
3.34218, 2947.59, 5638.9
5.24183, 3172.02, -2344.99
6.53351, 90.527, -88.5376
4.17803, 112.853, 53.3755
5.53435, 414.358, 495.451
6.59602, 1816.98, -2440.49
7.3485, 147.402, -219.39
6.29349, 788.045, 624.585
3.72113, 100.036, -1297.57
5.80589, 344.692, -105.279
4.21574, -187.024, 72.8944
7.27146, 33.7908, 138.686
2.60828, 3407.71, -3613.29
4.54979, 217.742, 36.3126
2.55789, -4809.54, 4295.37
3.04964, 329.052, 1812.54
5.28259, 1.94294, 236.811
4.45466, 392.636, 130.857
7.20539, 169.998, 101.517
2.55572, -20.285, 81.2015
6.22897, 1293.58, -3014.76
3.84293, 136.533, -223.324
4.27153, 372.706, 400.21
3.45835, 7044.77, -7164.17
5.14832, 18.5806, -137.018
4.39478, -1030.33, -5973.99
3.16407, 288.532, -120.791
4.26563, 377.025, -852.211
4.2497, -5623.87, 2894.89
7.41084, -2460.24, -1881.36
5.25961, 455.507, -341.493
4.99918, -2011.41, -583.198
3.58531, 1595.78, -2312.19
4.37311, -214.631, -860.322
6.78251, 3664.29, 3313.79
6.45578, -3455.7, 7025.43
3.9204, 3185.8, -4074.75
5.07645, -352.534, -382.968
6.79238, 452.331, 50.1604
7.07844, 249.65, -143.283
7.48941, -2053.1, -1748.35
6.53177, 177.671, 60.3184
5.22718, 280.564, -632.832
7.3461, 929.7, 80.4186
5.31931, 1051.9, 508.117
4.03031, -141.769, -148.358
5.41853, 199.12, -201.304
2.91197, 103.25, -255.021
5.47382, 145.236, 27.613
3.31968, 3173.8, 6234.26
6.46527, 844.492, -6.54592
2.95373, -279.077, 1731.4
6.3072, 112.408, -753.567
6.83996, 379.395, -22.8051
6.40105, 141.41, -94.5805
6.61399, -1951.6, -271.501
6.70974, 178.2, 171.863
4.48328, 326.236, 740.487
6.508, 171.262, 126.49
6.56811, 43.5502, 24.0884
5.43493, 337.945, 833.612
4.64621, 251.16, 776.364
2.5002, -1375.14, 448.435
5.31153, 352.08, -130.605
6.22632, -915.742, 755.278
3.89846, 3712.22, 2254.51
2.93406, -950.734, -5308.47
3.5733, 987.729, 1205.3
3.93296, 804.966, 220.65
4.86595, 608.951, 154.384
6.95893, -2035.28, -1683.71
5.91955, -701.793, 248.371
3.54376, 10.6564, 0.361842
6.67533, 127.855, -29.4333
7.09218, 421.153, -1041.85
4.48244, 604.639, -128.76
6.37858, 1713.35, -14.6129
5.68161, 781.508, 490.694
6.64746, -372.581, 81.0424
3.40204, 2067.9, 555.076
7.45927, 201.943, 13.2191
6.70558, 262.647, -83.818
4.65177, 109.591, -697.976
4.38589, 195.41, -113.073
2.70802, 417.455, -664.151
6.80715, -702.377, -1101.74
6.62116, -4901.74, 2924.63
6.25052, 1936.42, 1183.11
3.55801, 228.173, 96.9762
4.31029, -438.196, -193.087
4.43545, 21.1908, -285.97
7.32918, -3510.23, -2190.03
6.5872, -27.2304, -120.329
4.5755, 2552.82, -365.619
5.83759, -264.339, 337.804
2.52101, -4765.04, 5061.59
6.98048, 371.807, 46.8504
3.68416, -204.191, 1338.47
3.79415, 260.067, -186.293
5.4939, 1483.34, 220.302
6.89823, 459.852, -120.213
6.16299, 290.184, 216.403
6.0773, 757.889, -342.365
3.57724, 6995.34, -312.627
6.30413, -4728.46, 3726.57
3.85351, 17.3081, -302.008
2.75246, 66.8147, -106.61
4.78866, -2053.77, 460.967
2.58759, 170.304, -14.9671
3.01129, 7209.91, -4564.46
2.639, 3644.01, -2211.15
5.65921, 170.089, -181.704
6.34425, 177.724, 67.2335
2.74132, -139.457, -80.4939
6.6924, 202.065, 265.228
6.76899, 136.366, -49.1907
6.57649, -177.894, 659.546
6.85188, 541.046, -4994.12
5.27222, 1188.49, -486.325
6.12646, 106.204, 154.918
3.20424, -5138.46, 4439.67
6.6115, 283.286, -86.255
5.51185, -3076.56, -3364.98
4.93856, 200.098, -842.859
6.14942, 604.436, 349.528
4.05164, -1819.39, 1248.94
3.93925, 62.7951, -470.379
5.45857, 2368.73, -2959.83
5.34055, -3511.14, 1859.69
5.41059, 2875.45, 2395.73
2.84132, -511.707, 181.367
4.34304, -1665.52, -671.906
6.28475, -425.39, -11.6302
6.35297, 568.11, 3348.93
4.27217, 366.402, 107.571
5.98913, 20.6803, 84.1709
5.08005, 1831.68, 1226
5.94494, 661.916, 404.732
6.18066, -1721.62, -1394.67
2.56231, -3147.58, -1835.78
7.16549, 254.543, -57.1367
5.37826, -195.313, -257.716
3.05587, 1028.66, -29.8568
4.87388, 249.321, 12.1907
3.24247, 1917.45, -1177.45
4.22594, -10076.1, -2234.68
7.04476, 177.56, 74.3689
4.54571, 3170.79, -1567.54
5.96642, 256.868, -54.8734
3.35865, 113.521, -292.699
6.21715, -5482.73, 1898.34
4.16319, 298.984, -352.324
4.62157, 385.186, 15.4337
2.79523, 82.2935, -302.025
5.09005, 344.016, 103.189
5.94425, 482.71, -622.227
5.01149, 686.334, 204.81
6.56617, -54.6733, -64.6913
3.07974, 174.28, -279.029
5.24841, 633.536, -563.427
5.06046, 754.708, -198.038
6.02649, -2025.14, -1670.88
5.65083, 220.913, 88.4266
4.0207, -236.719, 135.844
6.74719, 169.96, 14.5153
3.39619, 1934.1, -2467.35
2.61737, 445.176, 1532.26
4.19467, 519.012, 112.238
3.43818, -2016.21, -1816.35
6.60467, 420.47, 107.844
6.72507, 94.8795, 3390.17
6.78031, -3513.05, 1962.03
7.37454, 221.689, -26.9134
2.99587, 46.6455, 331.29
2.56182, -4531.36, -3356.56
2.58614, 686.165, 676.52
2.64527, -16.3135, -640.028
4.1031, -1847.09, -1863.61
6.17815, -3581.86, 2150.81
3.14876, 851.613, 37.8517
2.5161, -3486.38, -728.482
6.91905, -1173.64, -852.967
3.70482, -143.934, 80.8174
4.38481, 113.758, 1417.54
4.44879, 297.683, 13.9823
2.81534, 4170.18, 1581.38
7.30792, 383.043, 25.5475
3.75349, 635.121, -276.056
6.85376, 247.981, -39.2255
2.85991, 3507.03, -4716.87
2.70653, 4621.74, -2787.72
3.46378, -584.318, 335.093
3.86708, -2359.98, -1985.84
7.4007, 191.888, 47.536
3.60607, 1391.77, -5732.17
6.43119, 1702.93, -2579.65
4.42306, -407.229, 1784.48
3.78593, -3256.04, 3784.31
3.91087, 118.241, -280.714
7.33834, 1363.12, 655.096
4.22841, -123.376, -156.809
3.45922, -608.334, -800.779
5.05037, 348.249, -76.5181
5.21857, 1267.53, -5114.69
5.72333, 952.537, -439.833
3.89738, -1124.74, 125.742
3.41887, 61.5432, -80.5169
2.71579, 2421.26, -2815.39
3.98408, -300.998, 241.158
4.25548, 664.253, -419.857
7.09372, 188.071, -29.4351
5.81225, 39.2245, 493.794
5.08041, -2053.37, -1752.89
4.03763, 381.329, -156.237
3.0007, 2002.84, 2140.78
3.47502, 306.037, -39.1098
4.11407, 3525.7, 3549.49
5.56182, 45.1217, -567.663
5.13511, 3334.59, -1653.59
3.45653, 337.689, 210.018
4.7178, 6237.08, 3673.32
4.48693, 7184.71, -1401.68
6.28051, 159.197, -185.795
6.6213, 779.624, -295.559
5.51573, -466.605, 618.312
3.04573, 75.7386, -621.845
4.11797, 2525.8, -791.441
5.03403, 113.946, -162.133
4.76521, 721.276, -668.064
4.77315, 488.216, 354.065
4.91125, 444.989, 14.7911
5.07896, -4869.38, 842.228
4.50207, -2342.77, -952.913
4.22945, -318.231, -188.656
6.64533, -267.349, -511.691
3.02204, 2368.55, -1683.19
6.40057, 335.619, -292.627
3.19919, 888.51, -619.398
2.62171, 4353.1, 4899.81
6.0664, 53.614, 1121.19
7.15538, -126.14, 555.331
7.47667, -61.4182, -212.751
3.86264, 114.616, 177.376
3.6923, -1976.73, 92.114
3.87328, -499.828, -3376.89
5.70836, -800.016, -898.362
5.17637, 52.705, -232.512
6.8967, -3129.13, 5535.53
6.75968, -25.6621, 25.9163
2.98004, -17.2006, -199.687
4.66818, 260.074, 51.6383
3.17045, 309.461, -252.463
5.86802, 190.345, -21.5852
5.34964, 454.85, -442.289
3.66474, 34.0942, -492.51
5.50306, 1255.5, 324.874
2.6551, 258.712, -263.402
7.08512, 172.825, 44.132
3.82958, 455.482, -667.918
6.50016, 331.153, -121.61
5.46389, 225.143, -89.4769
5.0822, 544.479, 128.807
5.2567, 2633.34, -1372.04
3.47225, 359.787, -36.2549
5.36152, -3246.29, 62.0484
3.81992, -691.783, 7663.09
4.41648, 3139.93, -6438.86
2.73626, -403.294, -200.447
4.22823, 580.117, -334.333
3.61594, -3330.04, 8098.06
3.81264, 102.742, 63.9987
3.05141, 480.776, -250.412
7.40088, -94.8269, 10.9318
5.93794, 722.997, -298.807
5.82158, 193.227, 301.001
5.99501, 657.839, 79.4869
2.68746, 132.845, -110.227
3.6706, 147.82, -111.616
3.95397, -6316.14, -9500.4
3.50543, 154.22, 225.763
2.7177, -2932.51, 4434.04
2.56571, -1617.67, 46.9539
6.07297, 6673.57, -2091.67
6.88348, 802.656, 128.441
5.35088, 1998.68, -3662
6.92743, -3394.85, -3880.12
5.20042, -1812.05, -727.098
3.31357, -1773.89, 72.3411
3.30492, -3022.71, -2230.1
7.19182, 155.933, 35.5787
3.45628, 256.32, 693.689
3.15761, -3181.32, -446.705
4.41122, 698.89, -676.792
6.12674, -599.879, 3073.23
2.50651, -7283.64, -488.799
4.60222, 5162.9, -2912.88
5.18984, -762.86, -141.993
4.86596, -1486.36, -654.953
6.33003, -283.521, 131.968
2.9396, -933.769, -1102.33
7.04284, 207.991, -48.7959
3.20818, 415.058, -520.184
2.54782, 366.183, 345.749
2.82267, -56.101, 779.882
4.96742, 267.734, -260.63
5.40914, 369.549, -26.8753
4.03373, 4307.92, -7507.12
4.57091, -55.9668, -285.886
4.33401, 1882.84, 2126.59
3.42687, 490.998, -2467.99
2.76788, -3059.14, -2674.42
4.47222, -6.12897, 3.60217
3.98388, -1610.09, -1682.87
5.05388, 35.4314, -170.138
3.75392, 2560.69, -4094.36
5.01589, -1597.58, 2718.44
2.51168, -15.6396, -281.746
7.01807, -6087.86, 2906.36
2.79181, 3650.64, 3857.51
5.17506, 257.948, 3394.99
3.95754, 2980.31, -1122.46
7.3023, 226.951, 53.4488
4.73406, -3536.61, -1303
5.08479, 179.154, -161.813
5.93861, 1080.72, -889.914
2.72187, 332.83, -319.922
7.2946, 4111.36, -2958.52
5.70852, 395.697, 395.443
2.80215, 96.3311, 48.5746
3.33964, 467.946, 216.45
5.76491, 313.126, 354.564
6.19864, -542.644, 2553.95
3.57011, 460.761, -450.417
4.31441, 896.468, -1924.51
6.56981, -126.455, 242.455
5.32057, 132.045, -38.4074
7.45886, 352.354, 32.5356
6.5669, 94.8225, 581.07
3.49157, 3759.5, -4743.96
2.50003, -1.51613, 812.258
4.62608, -3723.18, 4424.55
4.07406, 1850.77, 1126.81
5.56218, -3887.98, 614.194
3.83351, -11.3272, -75.903
4.39881, 1682.33, 323.713
5.43397, 340.189, -27.0939
5.95636, -2429.86, 178.813
7.26736, 181.979, -52.4879
4.89785, 236.911, 650.968
3.60319, 556.088, 1140.04
5.33741, 835.645, 636.985
6.09873, 115.545, 63.8217
4.4953, 1769.72, 149.41
3.48326, -25.2381, -38.3956
6.66971, 541.626, -143.451
5.59561, 472.283, 141.909
7.26866, -206.401, 84.4294
3.23222, -486.926, 661.654
5.38953, -473.839, -354.328
7.26796, 177.683, -1.31617
3.62331, -6115.75, 3094.44
7.25137, 185.892, -187.658
3.07874, 743.034, -382.178
2.58372, -319.597, -24.3614
3.90465, 452.078, -106.673
7.15042, 484.825, -349.499
3.04796, -84.5293, -200.517
6.77266, 136.561, -229.265
5.68532, -296.854, 301.297
5.63853, 173.29, -50.514
3.80589, -678.003, 1317.68
5.13936, -1027.81, 186.764
7.16608, 2416.15, 1016.37
3.98055, -1169.4, -11.4399
4.78006, 364.961, -145.559
6.35659, -1231.75, 5109.03
4.17193, -2197.81, -3492.81
6.31775, 495.991, 245.137
6.65892, -2387.69, 2736.13
2.64618, 2604.29, -1731.7
4.31315, 87.4017, -1102.4
4.16221, 395.824, 234.278
3.17675, 2108.32, 2303.36
3.00839, 1393.69, -4316.49
5.11327, 328.731, -306.813
3.52046, 982.647, -649.062
5.00728, 70.0298, -773.398
5.1371, -5412.16, 3682.99
4.13422, 389.86, -130.171
4.75888, 195.996, -462.237
6.85263, -773.899, 507.595
4.72884, 496.214, 186.49
6.03726, 205.907, -116.002
6.83171, -1833.46, 354.067
6.5822, 399.467, -645.316
2.67504, -4181.97, -1626.02
3.8644, -968.135, 2142.1
5.21858, -1591.04, 1061.38
3.19942, 5025.61, -766.203
5.57408, 260.901, -284.768
3.29182, 817.702, -572.987
4.41129, 569.413, 551.327
5.94997, -810.95, -290.965
3.21128, 4195.56, 28.1193
5.65284, 438.73, 216.475
3.15973, -3589.2, -1646.64
7.13583, 362.187, -27.0967
5.53465, 5971.02, -9107.08
5.50388, 764.071, 843.04
3.33635, 1352.06, -225.671
3.301, -1807.37, 2316.76
5.91628, 377.476, -252.026
5.1456, -352.928, 826.196
3.65264, -2081.38, 1142.06
6.55373, -17.7859, -7.33166
5.76477, 358.05, -35.1757
4.08597, -179.547, 675.804
2.53953, 492.921, -519.639
3.49176, 451.044, -131.593
3.78831, 274.784, 63.5327
3.03825, 437.362, -1552.41
3.49545, -135.711, -655.952
6.75079, -6328.44, 3333.58
6.63912, 125.867, 642.473
6.76813, 329.541, 41.9384
5.71027, 211.207, 126.757
3.6787, -3138.47, 3248.98
6.80638, 493.111, -26.5954
5.4745, 444.381, 2.27105
2.52745, -1846.04, -1339.71
6.84925, -110.594, -647.847
7.37729, 427.608, -90.179
5.59653, -2039.79, -1681.99
3.85574, -385.284, -661.74
7.46973, 149.55, 36.1153
4.60751, -721.169, -779.359
4.20537, 873.715, 59.4072
4.80717, 349.499, -106.017
4.44822, -1130.03, -3133.9
4.613, -5190.73, -959.824
2.84879, 130.325, 865.33
5.5153, -207.696, -134.765
7.36114, 135.556, 142.33
5.07406, -70.59, 93.7914
7.45461, 285.334, 156.1
5.84906, -2897.44, -6703.86
4.01716, 699.662, 609.643
3.47371, 755.397, -342.045
4.0109, -1553.51, 17.9254
4.93946, -149.847, -139.481
4.72438, 1008.11, 109.888
5.7844, -210.863, 186.931
3.74227, 6503.44, 3651.64
4.72007, -1291.36, -1016.82
5.75894, 439.648, 97.5776
6.67472, 294.179, -112.241
6.03698, 74.3458, 1052.42
4.93928, -179.724, -1231.94
6.72039, 864.573, 92.8388
7.00296, 768.193, -644.261
6.33082, 174.836, 225.764
5.29453, 768.482, 1462.69
2.70603, -663.457, 644.467
5.46749, 379.303, -96.8348
2.68674, -72.13, -4196.55
4.53488, -1520.36, 1480.21
2.84243, -272.974, -647.253
7.38558, 130.445, 150.5
2.5956, 1989.03, 3332.79
6.60363, 302.853, -124.596
5.2195, 4221.71, -3643.52
5.72828, -176.284, 758.002
3.62934, 124.588, 149.656
2.733, 745.421, 3554.1
3.63154, 5.24015, -389.912
4.58371, -182.073, -2790.48
6.40126, -368.763, -220.801
3.72852, 1819.44, -2448.69
4.81411, -73.1764, -454.471
6.14756, -1398.51, -780.398
5.35237, 6020.52, -826.206
5.45997, 842.775, 122.622
4.98425, -1123.09, -6.33427
3.951, 175.44, -77.1452
4.71107, 534.711, -487.953
2.53669, -3491.52, 7692.84
7.41683, 294.155, -56.6466
2.52822, -97.0618, -365.092
4.8676, 2173.02, 610.292
5.86497, 4130.81, 7089.3
