6.27803, -759.88, 343.221
3.5948, 296.559, 649.05
5.89648, 518.637, -315.791
5.09708, 47.5981, 150.327
2.76731, 1149.99, -1332.57
2.53849, 432.557, -202.974
4.58743, 1670.38, 932.344
7.15218, 185.773, -186.372
2.95982, -25.2537, 365.231
6.00595, 573.546, 540.966
3.81226, 194.168, 101.926
4.14117, -12.3916, -65.0912
7.45519, -416.263, -573.565
7.41275, -71.0233, 211.62
5.75759, 73.6916, 500.552
6.92354, 22.375, -296.74
6.33247, 42.9645, 58.4311
3.87453, -613.289, 203.569
4.93259, -28.5241, 271.706
2.80282, -1334.24, 75.0815
5.08146, -8.00898, 360.8
4.96988, -1059.61, 339.137
7.23882, -315.418, -107.456
4.42071, 18.861, 312.518
5.14874, -823.694, 403.399
2.75042, -275.163, 1042.69
6.63909, 266.088, 534.67
5.94228, -343.594, -107.797
6.18112, -97.0732, 188.611
6.94286, -907.849, -1037.98
4.25508, -31.1785, -24.7096
6.72991, 118.493, 387.037
3.84659, -65.01, -76.6247
4.83959, 621.539, 142.652
3.2686, -43.6915, -370.946
2.66527, 27.1164, 170.32
7.2768, -548.042, -602.572
6.95369, 289.773, 201.575
3.29884, -784.281, -27.3992
3.15214, -696.915, -323.116
2.515, 536.103, 1.558
6.0491, -76.697, -309.798
3.40448, 656.959, -188.939
5.76029, 48.019, -305.01
4.42907, 42.2954, -264.803
3.23766, 344.875, 658.407
5.45054, 191.187, 303.729
3.24076, 806.752, -347.134
3.2091, -718.232, -643.535
4.94257, -232.278, -362.552
3.13015, -646.144, -39.0357
5.64635, -550.68, -83.1379
5.60817, -192.536, -22.1565
4.88216, 830.112, -1145.24
2.64188, 479.554, 737.653
3.21011, 1009.15, -303.8
3.15594, -47.798, 172.973
3.31099, 568.125, -839.817
3.76529, 474.857, -171.096
4.77654, -1290.96, 717.49
6.54472, 132.534, 84.8237
3.57624, 57.9221, 264.523
3.75063, 89.1606, 628.562
5.02978, 238.139, 471.986
6.27922, 131.287, 23.5844
5.66369, -367.893, -907.216
5.9449, -862.808, -574.255
7.27207, -734.205, -300.646
5.18713, 1027.88, -559.501
4.57014, 145.671, 708.495
4.70019, 161.714, 472.208
6.07821, -698.159, -797.779
6.20858, -554.999, -774.389
5.12494, -940.989, 837.639
6.06711, -53.8334, -15.1062
5.91025, 228.597, -49.678
6.82941, 664.913, -504.707
3.19597, 642.609, 246.06
3.57766, -204.389, -10.1335
5.0733, -151.871, -350.478
4.83766, 212.335, 411.194
3.55759, 526.301, -810.038
5.65244, 559.951, -402.685
2.5044, 659.213, -904.016
4.09589, -19.414, -1347.99
5.90281, 60.5326, 151.842
6.0446, -81.2188, -356.212
2.90869, -1.69929, 139.585
3.56926, 205.379, 127.86
4.44412, -182.473, -85.2624
4.44927, -1171.4, -484.362
3.92018, 217.816, -215.968
4.6123, 159.824, 333.705
2.55658, 645.474, -4.60703
3.72027, -1076.38, 613.973
4.49072, -206.482, -1039.72
6.64177, -100.403, 131.706
3.78584, -531.49, 377.914
3.59705, -413.359, -383.048
6.47385, 332.001, 352.535
5.8476, -470.45, -390.428
5.49108, -130.443, -494.607
5.99917, 895.977, 385.475
5.13062, -85.7548, -40.9999
4.14833, -4.7054, 11.0435
3.30844, 820.262, 105.618
6.56633, -222.82, -15.6896
4.08004, 597.788, 261.468
4.05369, -58.9422, -183.733
4.65424, -61.2245, 139.923
4.46509, 529.221, 120.335
4.43916, 218.759, -395.401
4.34871, -30.843, 158.591
5.88118, -532.572, -436.272
6.10384, 627.87, 5.6272
7.20082, -754.919, -13.2599
5.08573, -109.472, -68.5636
5.5282, 575.573, 534.604
5.85049, 577.495, -833.027
5.11404, -449.04, 147.789
3.87105, 345.611, 97.9659
7.08924, 248.762, 364.239
3.73367, 81.7402, 121.992
4.77876, -407.361, 278.83
3.30374, 120.778, -275.177
4.68319, -95.1037, -351.155
7.45767, 290.171, -217.459
6.26931, 631.063, -902.707
4.97846, -85.5264, 1.47061
7.01651, 4.2722, -16.4969
4.68213, 258.603, 390.898
5.09239, 735.505, -571.114
4.44866, -712.487, -712.389
5.63431, -75.0818, -50.6894
5.19331, 47.7622, -120.764
4.35955, 326.834, -103.116
2.54674, -177.322, -54.7466
6.3794, -50.8793, -188.364
2.85317, 20.5393, 169.017
3.98511, -1.06351, -337.425
4.78581, -132.388, 51.1043
3.25156, 34.9697, 78.3308
5.97819, 370.874, 283.252
4.15587, 227.659, -282.211
5.21197, -719.022, 1184.66
2.64678, -1007.37, -152.48
5.38086, -273.213, -489.171
5.18133, 214.374, -208.318
7.36678, -423.322, 564.251
5.57063, 47.2241, 39.9097
5.26431, 673.283, -808.095
6.69051, -144.483, 174.54
3.75764, 65.6512, 447.791
6.98957, 145.933, 38.2346
5.97428, 409.467, -176.807
5.82752, 302.094, 816.488
3.06838, 439.083, 341.383
3.37987, 458.18, 101.215
2.91253, 169.614, -136.636
6.68103, -291.361, 538.478
2.64818, -384.875, -48.3657
6.34719, -133.192, -103.732
4.29829, 214.147, -970.398
6.24626, 729.824, -328.837
6.28385, 177.318, 34.1488
3.60834, 773.341, 105.014
5.58305, -114, -90.0045
3.66846, -30.4728, 201.806
6.22052, 143.991, -892.556
5.80997, 362.554, 558.743
4.9209, -633.082, 1223.63
2.58972, -630.801, 236.319
4.98291, 63.7884, 442.044
5.09587, -2.53871, -174.85
4.71395, 639.056, 823.971
4.14528, -712.804, -18.9252
3.52671, 201.002, -241.153
7.19863, -252.302, 613.303
2.85168, 800.811, 583.726
3.30042, 36.7279, -300.076
6.70788, -7.47594, -129.593
4.13614, 394.738, 295.633
6.85942, 90.3297, 463.426
5.99896, -418.909, -244.452
5.52801, 94.6044, 202.177
4.77536, 443.396, 496.312
2.91543, 986.541, -133.188
3.94883, -699.032, -697.647
6.51009, -276.143, -60.5367
6.81821, 490.522, 435.979
3.81831, -1185.2, 159.781
4.79881, 9.5971, -274.073
4.95672, -91.8996, -306.626
5.82344, 538.225, -693.751
7.31738, -86.4827, 147.428
7.23022, 293.231, -40.8222
2.81902, -29.1531, -496.141
5.04829, -63.4639, -17.3005
6.13222, -335.461, -57.89
5.65882, 315.097, -34.8911
3.26658, -151.504, -246.087
5.09652, 637.96, 821.508
3.52281, 1340.01, -502.601
6.03231, -75.9391, -306.186
6.05786, -109.459, 1400.94
3.66304, 309.767, 126.688
6.80594, -288.615, -150.574
2.67122, -345.624, -648.462
6.26587, 13.0024, 343.951
4.14789, -43.7579, 33.5246
4.65309, 1163.13, -95.0971
7.33455, 304.299, 389.054
4.05803, -560.92, -645.4
5.69762, -1356.56, 183.324
5.95386, 47.9322, -59.9752
5.36403, 18.0623, -114.416
6.60667, -722.104, 1210.5
4.21807, -854.075, 554.699
5.09387, 157.839, 314.291
6.78438, 649.128, -1.56655
6.18587, 581.649, 383.643
3.45992, 2.34485, -125.55
2.83145, 64.3889, 132.102
3.60828, -1089.38, 677.551
3.33656, 92.4019, 57.4586
6.31172, 71.4349, -57.1898
5.44905, 283.654, -814.746
4.65223, -1470.26, -273.904
7.09618, 665.904, -333.774
5.09668, -268.592, 331.509
7.38058, -470.488, 202.313
5.15714, 391.217, 296.096
2.98716, -223.517, 988.696
5.83983, 258.511, 384.199
5.44444, -347.939, 803.284
5.01137, 20.5815, 222.38
2.75808, 748.392, -158.577
2.6753, 663.173, -213.165
4.41484, 99.2231, -9.17418
5.55555, -603.418, -933.447
5.06574, -1450, -252.687
5.98498, -145.44, -133.973
4.89891, -130.812, -282.483
3.88323, -1342.02, -45.7585
6.01685, 0.61601, 988.946
3.67701, -125.493, 58.7916
6.41501, -21.9101, 59.6411
6.60589, 645.168, -443.477
3.21842, 592.638, 813.516
5.75757, 614.376, -517.637
3.87677, -271.918, 345.762
7.26215, 188.444, -386.352
4.58238, -0.587396, -25.697
3.03869, 105.623, 344.711
4.70633, 282.146, -81.915
6.28811, 199.374, -18.0263
2.77803, 558.57, 508.956
3.51241, 120.843, 181.792
6.82305, -244.088, 316.752
6.52456, -217.575, -3.34426
2.78861, 276.379, 786.283
4.40304, -80.4828, 96.9222
4.56124, 248.912, 145.387
2.80071, -526.235, -111.707
7.09746, -581.798, -571.856
3.35398, -237.639, -195.89
6.51634, -140.219, 205.575
3.88599, 421.389, 422.134
4.44586, -166.906, -25.7274
7.19936, -802.597, -218.675
6.24573, -12.2177, 933.837
3.44774, 496.488, -727.213
6.89581, 178.289, 37.694
6.8953, 36.8087, -184.872
3.30515, -172.621, -118.394
5.87346, -31.2542, 344.582
6.89096, 189.729, -59.0739
6.98262, -446.262, 940.507
3.06535, -116.614, 56.4071
5.93789, 299.645, 525.471
3.21651, -207.139, -423.95
3.6901, 318.768, -108.33
5.64383, 555.789, -518.841
4.312, 293.208, 356.115
4.64437, -713.862, -562.912
4.91936, 510.221, -360.782
6.20379, -254.693, -349.121
3.23098, 673.255, -359.693
7.36238, -238.747, -159.834
7.3158, -18.8807, 21.3883
3.14741, 393.874, -376.873
5.3784, -428.799, -320.012
4.66439, -357.221, 208.248
5.50066, -0.209279, 242.833
5.85098, 36.6574, -133.885
4.5137, -923.056, -344.607
6.46691, -729.535, -589.431
4.89889, -776.08, 711.832
5.72449, -627.859, 300.427
4.28836, 1164.98, -283.97
5.96794, -75.4999, 598.089
5.83428, 285.208, 458.796
3.22071, 582.563, -330.096
7.10415, 31.2217, 152.11
4.22228, 521.675, 1076.86
6.66824, -257.616, -239.09
2.74349, 358.887, -248.852
3.27936, 222.253, -58.996
2.55765, 497.689, -333.264
3.94327, -34.27, 70.4277
5.07295, 312.428, -228.579
3.65948, 90.3196, -1076.26
2.75022, 366.374, -213.468
5.33091, 14.3146, 224.778
6.69774, -163.074, 197.192
4.28763, 416.068, 631.512
4.3452, 309.879, 355.797
7.22226, 250.941, 223.671
4.72425, -609.476, 382.755
6.82086, 77.0752, 13.6441
5.82654, 334.394, -470.036
5.79297, -447.66, -446.582
7.10736, 860.674, -617.054
5.11536, -925.815, 832.178
5.45229, -658.799, -264.305
5.79944, -215.103, -947.392
4.24765, -726.602, 321.024
4.11714, 417.571, -23.9678
7.08984, 297.72, 359.401
3.08619, -990.742, 425.448
7.31268, 292.55, -89.9203
5.17978, 301.605, -256.177
5.81447, -527.151, -170.57
5.48362, -1070.82, 466.112
6.93363, -52.5056, 281.661
6.67999, -187.059, -203.332
6.69339, 244.563, 361.777
6.85642, -72.2401, -269.48
2.5002, 360.27, 685.494
4.77274, 79.6467, 471.582
4.25696, 883.437, -112.347
5.80713, 941.572, -953.059
6.22234, 227.984, -161.225
3.3821, -374.537, -1067.44
7.4621, -502.211, 726.164
5.95466, 425.985, -299.191
6.97862, 14.1193, -36.7774
3.51579, -68.2553, -185.653
7.2356, 176.118, 614.716
4.88476, -1100.66, 516.127
6.78578, -1087.68, 675.069
6.41237, -319.433, -434.419
5.70687, -922.831, 843.47
3.14521, -258.282, 452.39
5.77944, 118.566, -613.882
3.09199, 50.2996, -44.7223
3.88793, 882.762, 7.80392
6.65548, 292.342, 935.647
6.14153, 1011.51, 1222.58
6.74348, 986.141, -739.12
3.43989, 10.7113, -558.921
6.09602, -29.497, -443.687
4.25586, -382.477, 465.861
3.34555, 550.782, 674.484
4.52383, -930.939, 168.749
4.20924, 51.7313, 298.167
6.67141, 46.0368, 154.974
3.9111, -738.082, -1194.12
5.16766, 425.991, 397.48
6.25085, -346.94, 345.134
4.62554, -27.3286, 165.195
4.66964, 917.947, -127.526
3.03022, -1059.15, -297.33
6.4639, -150.046, -278.2
3.91232, -211.987, -193.851
7.14264, 941.218, 1043.94
5.37926, 244.753, 371.422
3.4895, 31.1439, -530.672
5.99081, 86.6977, 256.059
3.07265, -266.467, -398.016
4.22945, 539.01, 565.713
4.15646, -169.303, -287.617
6.42735, -1081.37, 532.315
6.65775, 298.754, 389.536
4.21712, 744.432, -442.474
4.2603, 36.9923, 237.251
6.38197, -203.108, 111.524
6.58658, -399.707, -402.618
4.26157, 33.3289, -289.911
7.09559, -176.331, 43.4798
3.2877, 595.238, 400.535
5.56029, 616.135, -507.424
5.54222, 62.8253, -26.5353
3.16647, 731.13, 967.127
3.51409, 850.436, 1254.5
4.79457, -6.45322, -26.29
3.48759, -539.563, 289.281
6.77118, 153.453, -227.403
6.54562, -393.358, -205.926
2.80131, 512.453, -759.838
6.50584, 459.21, -1195.1
5.49597, -41.9785, 57.6365
7.43182, -93.287, 93.5144
2.65919, -686.922, 14.1229
6.8356, -788.651, 958.961
3.69109, -61.1549, 431.254
3.6127, 219.152, -683.518
4.73907, 1401.84, 654.034
2.61231, 380.058, -201.155
6.79755, -92.7275, 28.8245
4.15902, 384.166, -1524.05
5.72195, -395.945, -320.706
7.43521, 582.452, -90.8748
5.30162, 144.093, -449.81
4.74553, -6.57503, 107.074
5.213, 136.147, 24.1284
2.90797, -120.61, 26.9033
3.99606, 958.062, 713.704
6.63964, -1086.4, -281.684
6.48936, -781.394, 143.652
5.71048, 53.6308, 91.9562
4.84105, -307.695, -243.254
7.15326, 322.09, 879.935
5.08798, -232.123, -238.054
7.42924, -1064.1, 729.261
5.94567, -65.1279, 32.4778
6.19966, 41.6867, 20.1589
3.46323, 700.688, 378.176
6.08881, 922.858, -643.519
6.11146, 164.133, 414.703
6.49298, -249.718, -268.228
4.23216, -1079.63, 196.342
5.1481, 201.487, 552.902
3.19001, 169.081, -588.743
6.73218, -56.6487, -7.98186
6.32766, 354.061, -229.622
7.5, -1075.83, 472.519
4.24891, -1464.52, -623.539
5.50367, 852.818, -56.5411
3.50808, 4.7568, 1117.21
6.2385, -863.637, 161.809
6.49225, 338.174, 400.444
3.03505, -491.657, 507.926
5.35813, -25.0996, 253.986
2.84683, -1373.86, 527.922
4.16036, -131.588, -248.972
5.80945, -19.4533, 123.883
5.27726, 269.038, 1003.24
7.12415, 157.072, 19.3139
2.69832, 227.224, 488.333
2.62083, 692.27, 635.351
4.61923, 83.4326, 274.748
4.36987, -34.6305, 350.558
2.93303, 702.029, 506.143
3.05403, 131.36, -137.825
5.31992, -922.527, 166.838
7.37269, -0.105424, 261.451
3.05066, 58.5423, -1085.76
5.99352, -859.563, -1016.53
2.79674, 296.132, 863.939
4.69755, 200.801, 47.424
5.24651, -613.306, -503.017
3.45129, 50.9056, -106.837
7.36597, -2.84469, -311.613
3.19593, -80.5935, -450.534
5.48978, -837.287, 298.575
7.12812, 196.534, -764.551
3.91116, 82.1891, 365.822
6.8307, -188.272, -54.6025
6.29598, 536.84, -523.924
6.10793, 120.059, -348.336
3.34241, 396.5, 522.176
3.32882, -409.137, -606.214
3.39076, -154.81, -258.092
5.87226, 3.77966, -268.278
4.83484, -7.83065, -148.848
6.85219, -25.5287, 252.23
5.76023, -69.439, -298.291
5.80464, -516.123, -165.482
2.58037, 214.816, 337.534
4.30596, 1286.04, 830.822
3.72747, -49.5814, -422.777
6.93086, 667.99, 655.955
5.23701, -1563.34, 9.33711
6.57209, 147.215, -294.055
5.24453, -351.976, -634.915
4.16156, 37.4091, 401.649
4.40213, -540.397, -843.16
2.52389, -536.372, -19.4377
6.95226, 177.297, 0.394944
6.16955, 569.488, -64.3544
6.04239, 232.535, 438.682
5.1278, 703.568, -596.449
6.41065, 60.3131, -66.6432
3.42484, -130.234, 277.332
5.72673, -14.2155, 151.909
3.42178, -103.993, 168.191
3.31214, -772.949, 213.203
2.65594, 634.962, -36.7338
7.42716, -116.685, 6.25549
4.04559, -24.7496, -109.143
4.11075, -25.9875, 247.348
5.51155, 142.979, -37.482
2.89107, 1055.35, 74.5133
3.93936, -278.625, 225.583
5.79307, 615.97, -367.119
7.36348, -200.543, 73.2535
7.27758, 813.992, 256.096
7.42745, -308.304, -258.353
7.30478, 7.26464, 143.794
3.0073, 28.9972, -329.041
3.71505, -4.2654, 352.796
6.91151, -188.917, -96.1052
5.28805, 365.74, 306.739
6.7669, 127.829, 5.20514
7.49145, 659.939, -380.983
3.99751, -900.246, 805.807
6.33157, -1651.92, -643.951
4.81901, -734.404, 39.6225
6.8168, -5.38051, -1.90084
6.99018, 228.384, 86.0001
7.377, -160.634, -152.569
2.77405, 237.198, 48.0851
6.32605, -307.956, 187.183
5.09219, 672.828, -803.064
3.46574, 9.03294, 327.836
6.98252, -224.167, -106.535
6.38492, -166.075, 157.645
2.75968, 140.307, -97.2107
7.47331, 518.55, -835.387
5.93659, 182.792, -158.629
5.94854, -529.942, -170.522
6.57666, 828.479, -493.728
7.05426, -87.5782, 250.248
3.34218, 400.723, 1272.63
5.24183, 828.538, -602.372
6.53351, -42.7242, 158.482
4.17803, 63.8273, -56.6995
5.53435, 283.789, -353.433
6.59602, 372.201, -799.757
7.3485, 307.958, 11.4442
6.29349, -4.80405, -236.057
3.72113, 338.715, -263.064
5.80589, 207.903, -184.727
4.21574, 295.265, 109.624
7.27146, -171.041, -125.552
2.60828, 369.727, -954.79
4.54979, 646.463, -286.487
2.55789, -99.7225, 867.335
3.04964, 187.639, -130.08
5.28259, 530.776, -765.049
4.45466, -168.569, 110.049
7.20539, 6.70757, -143.35
2.55572, -534.724, -122.308
6.22897, 138.141, 453.808
3.84293, 115.585, -46.5202
4.27153, -324.327, -59.9128
3.45835, 1200.89, -1302.71
5.14832, -55.632, -72.3256
4.39478, -250.822, -1068.7
3.16407, -88.1608, -135.072
4.26563, 389.332, 10.3917
4.2497, -1252.65, 498.006
7.41084, -862.247, -584.107
5.25961, 68.0499, 334.306
4.99918, -814.716, -237.585
3.58531, 520.934, -705.487
4.37311, -21.5105, -162.099
6.78251, 365.254, 277.211
6.45578, -630.424, 1018.28
3.9204, 850.669, -855.106
5.07645, 298.563, -580.372
6.79238, 86.1285, -101.759
7.07844, 256.324, -453.505
7.48941, -675.315, -604.538
6.53177, -426.07, -462.362
5.22718, -88.3667, -347.263
7.3461, 403.89, -241.061
5.31931, -232.654, 234.44
4.03031, 613.05, -451.654
5.41853, 321.977, -89.9533
2.91197, -38.8616, -496.055
5.47382, 114.374, -131.559
3.31968, 587.52, 798.253
6.46527, 265.516, 531.992
2.95373, -568.579, 233.02
6.3072, -203.313, 42.6981
6.83996, 78.1715, 16.8565
6.40105, 300.968, 84.2118
6.61399, -773.111, -447.466
6.70974, 192.464, 94.1803
4.48328, 590.87, 241.625
6.508, 163.609, -39.7011
6.56811, 331.935, 49.3258
5.43493, 518.056, 790.605
4.64621, 52.8183, -160.781
2.5002, 444.571, -524.439
5.31153, 138.6, -314.77
6.22632, 289.727, 351.869
3.89846, 913.09, 431.723
2.93406, -82.2786, -1269.67
3.5733, -510.727, 42.2108
3.93296, -270.466, -49.5449
4.86595, 383.745, -307.448
6.95893, -757.047, -622.17
5.91955, 276.395, -163.75
3.54376, 20.0151, -51.0149
6.67533, 43.4695, -33.8553
7.09218, -515.831, -337.426
4.48244, 603.779, 295.901
6.37858, -27.0364, 333.992
5.68161, -232.886, -157.61
6.64746, -243.998, 208.858
3.40204, 24.2166, -307.415
7.45927, 280.965, -57.5587
6.70558, 283.867, -500.474
4.65177, -513.538, 108.687
4.38589, -580.145, 130.516
2.70802, 194.537, -7.67602
6.80715, -304.739, -283.724
6.62116, -955.592, 705.995
6.25052, 89.0719, 439.305
3.55801, 54.9918, 217.76
4.31029, -190.327, 196.962
4.43545, 308.742, 468.518
7.32918, -971.365, -683.062
6.5872, -184.102, 13.6378
4.5755, -544.274, -56.7575
5.83759, 263.02, -35.6497
2.52101, -1079.85, 657.626
6.98048, -96.6826, 82.8315
3.68416, 551.444, 533.409
3.79415, 9.12027, -193.987
5.4939, 279.537, -177.85
6.89823, -754.387, 113.025
6.16299, 687.844, 204.29
6.0773, -613.024, -283.958
3.57724, 1419.13, -98.4999
6.30413, -1153.51, 729.876
3.85351, -141.132, -215.457
2.75246, -310.485, -241.062
4.78866, 189.069, -179.363
2.58759, 326.141, -169.933
3.01129, 1016.6, -803.75
2.639, -482.132, 198.898
5.65921, -158.405, -323.726
6.34425, -126.131, 55.8411
2.74132, -700.408, -301.863
6.6924, -277.233, -270.245
6.76899, -38.1024, 179.916
6.57649, 555.364, -521.607
6.85188, -184.473, -920.561
5.27222, 13.0241, 279.636
6.12646, 51.3425, 774.714
3.20424, -1228.34, 572.498
6.6115, -0.925585, -273.573
5.51185, -609.38, -935.981
4.93856, 37.6823, -201.155
6.14942, -71.3693, 213.597
4.05164, -838.833, 476.732
3.93925, 120.801, -539.839
5.45857, 708.413, -947.356
5.34055, -957.278, 256.116
5.41059, 1127.01, 481.867
2.84132, 379.768, -709.574
4.34304, -536.473, 403.474
6.28475, -111.865, -115.443
6.35297, 739.737, 843.734
4.27217, 0.72825, -6.11945
5.98913, -154.887, 2.64903
5.08005, 802.674, 434.28
5.94494, -185.904, 93.2996
6.18066, -802.267, -804.288
2.56231, -819.168, -658.622
7.16549, 9.6837, 154.371
5.37826, -575.432, -300.243
3.05587, -47.1553, -348.261
4.87388, -31.0503, -107.473
3.24247, 47.1397, -276.305
4.22594, -1916.51, -497.281
7.04476, -308.752, -133.477
4.54571, 835.131, -489.891
5.96642, -139.451, 147.147
3.35865, -124.613, -191.522
6.21715, -838.681, 454.99
4.16319, -23.7395, 98.4433
4.62157, 70.1267, 59.2512
2.79523, 470.109, -309.52
5.09005, 233.76, 470.131
5.94425, -147.04, -332.126
5.01149, -39.4178, -240.109
6.56617, -189.405, -253.582
3.07974, -98.1785, 69.357
5.24841, 36.7925, 472.196
5.06046, 178.406, 94.7595
6.02649, -723.387, -594.534
5.65083, -159.242, -21.7908
4.0207, -79.472, 75.1134
6.74719, -5.5391, 5.29388
3.39619, 431.106, -737.228
2.61737, -242.174, 48.5166
4.19467, 268.29, -372.828
3.43818, -677.429, -587.479
6.60467, 33.4681, 6.84847
6.72507, -4.4723, 941.059
6.78031, -823.339, 556.893
7.37454, 392.733, -253.598
2.99587, 251.344, -350.872
2.56182, -585.709, -670.109
2.58614, 196.844, -911.292
2.64527, 205.196, -216.989
4.1031, -768.918, -749.25
6.17815, -752.548, 341.15
3.14876, -17.2582, 353.669
2.5161, 272.166, -454.863
6.91905, 257.355, -289.532
3.70482, 5.68432, -527.808
4.38481, 275.853, -144.258
4.44879, -89.2143, 92.4775
2.81534, 574.243, 259.699
7.30792, 341.267, 300.859
3.75349, 359.543, 28.1049
6.85376, -108.847, -309.978
2.85991, 496.171, -603.27
2.70653, 96.73, -452.023
3.46378, -13.1229, -49.5898
3.86708, -228.253, -879.383
7.4007, -40.567, -96.6124
3.60607, 203.535, -1123.31
6.43119, 574.205, -837.073
4.42306, 177.914, -140.89
3.78593, -915.469, 709.737
3.91087, 32.0203, 228.91
7.33834, -263.548, -297.413
4.22841, -36.2173, 41.4939
3.45922, 96.0534, 318.554
5.05037, -198.577, 89.5242
5.21857, 337.597, -998.555
5.72333, -63.2608, -99.4363
3.89738, 386.932, -463.965
3.41887, -131.059, -522.179
2.71579, 712.681, -885.091
3.98408, -108.791, 217.119
4.25548, 754.579, 211.034
7.09372, 604.033, -199.966
5.81225, 25.9141, -113.025
5.08041, -647.126, -591.971
4.03763, -572.403, -171.224
3.0007, 602.531, 589.078
3.47502, 23.1681, -323.395
4.11407, 717.32, 977.746
5.56182, 77.9146, 31.258
5.13511, -422.302, 258.592
3.45653, -312.622, 828.69
4.7178, 1385.71, 774.693
4.48693, 1442.91, -288.97
6.28051, 71.4475, -25.5161
6.6213, -107.005, 6.45228
5.51573, -238.797, -365.466
3.04573, 83.2181, 150.322
4.11797, 656.189, -54.4802
5.03403, 171.028, -23.9447
4.76521, 446.012, 450.802
4.77315, 50.3827, 0.913801
4.91125, -328.882, -133.258
5.07896, -1251.19, 239.472
4.50207, -488.972, -886.765
4.22945, -520.934, -162.954
6.64533, 43.4171, -172.049
3.02204, 881.365, 99.6322
6.40057, 102.467, 444.653
3.19919, -53.5976, -70.6492
2.62171, 822.11, 1076.43
6.0664, -0.127662, -470.588
7.15538, -41.3009, -172.681
7.47667, 177.682, 138.319
3.86264, -15.549, 157.293
3.6923, -463.298, 450.705
3.87328, -53.4172, -601.509
5.70836, 444.441, 414.941
5.17637, 177.877, 0.753886
6.8967, -791.474, 1161.72
6.75968, 236.947, 439.4
2.98004, -187.671, 274.868
4.66818, 40.4387, -316.023
3.17045, -176.584, -145.698
5.86802, 265.536, -113.602
5.34964, -397.595, -18.0325
3.66474, 160.613, -652.501
5.50306, 196.82, 157.621
2.6551, -310.82, -150.092
7.08512, 81.9123, 86.9286
3.82958, 475.241, 76.9966
6.50016, 47.5124, 26.9901
5.46389, -94.7499, -81.0442
5.0822, 60.3395, -28.3288
5.2567, 395.603, -0.760174
3.47225, 37.4861, 25.3347
5.36152, -510.924, -443.436
3.81992, -239.981, 985.746
4.41648, 438.471, -1144.77
2.73626, -70.1, 119.457
4.22823, 39.698, -264.62
3.61594, -909.517, 1659.18
3.81264, 84.8271, 287.679
3.05141, -256.458, -193.698
7.40088, 67.7832, 52.852
5.93794, -605.973, -286.674
5.82158, -27.8116, -47.9717
5.99501, -92.4826, 236.779
2.68746, 90.8186, -331.081
3.6706, -225.414, -257.075
3.95397, -1044.39, -1591.72
3.50543, -116.996, 205.208
2.7177, -709.338, 703.403
2.56571, 585.147, -550.028
6.07297, 1337.33, -502.244
6.88348, 41.3007, 167.78
5.35088, 433.608, -787.01
6.92743, -413.91, -368.329
5.20042, -172.511, 90.0929
3.31357, -613.649, 448.441
3.30492, -555.24, -775.437
7.19182, 138.313, -75.5102
3.45628, 278.809, -381.966
3.15761, -716.627, 334.246
4.41122, 351.046, -496.613
6.12674, -350.903, 796.967
2.50651, -1451.26, -253.911
4.60222, 924.419, -645.816
5.18984, 372.169, 120.101
4.86596, -216.921, 224.415
6.33003, -51.5058, 54.2414
2.9396, 627.314, 138.887
7.04284, 357.682, 320.62
3.20818, 326.426, -313.602
2.54782, 34.6464, -15.4688
2.82267, 110.302, 143.761
4.96742, 346.079, 352.844
5.40914, -10.6029, -103.599
4.03373, 776.861, -1485.25
4.57091, -16.543, 395.685
4.33401, -370.303, -126.077
3.42687, 17.2239, -1075.74
2.76788, -459.219, -696.377
4.47222, 61.7426, 100.694
3.98388, 580.831, 528.631
5.05388, 376.724, 354.783
3.75392, 516.182, -974.062
5.01589, 81.2601, -280.084
2.51168, 584.029, 51.8748
7.01807, -1069.69, 477.136
2.79181, 949.365, 839.424
5.17506, 23.5408, 702.921
3.95754, 844.313, -390.614
7.3023, -215.818, 104.178
4.73406, -934.597, -586.697
5.08479, 157.789, -57.2619
5.93861, -132.688, -446.054
2.72187, 30.0677, -12.5067
7.2946, 940.313, -784.458
5.70852, 12.7446, 356.765
2.80215, 252.369, -297.188
3.33964, 84.8285, 344.544
5.76491, 82.4915, 399.32
6.19864, 355.982, 680.898
3.57011, 221.43, -532.491
4.31441, -59.7637, -450.291
6.56981, 565.432, -401.555
5.32057, 272.543, -18.6753
7.45886, -84.4684, -87.424
6.5669, 170.103, -102.597
3.49157, 645.875, -1004.09
2.50003, -24.0273, -100.537
4.62608, -791.429, 953.959
4.07406, 626.917, 245.137
5.56218, -980.927, 164.647
3.83351, 93.1346, -83.7389
4.39881, -191.111, -461.298
5.43397, -317.328, -680.772
5.95636, -232.762, 283.894
7.26736, 138.205, 18.1287
4.89785, 190.266, -527.539
3.60319, -751.972, 383.69
5.33741, 112.501, 18.7265
6.09873, -0.86791, -35.4313
4.4953, 872.682, -273.268
3.48326, 662.783, -369.324
6.66971, -168.122, -110.274
5.59561, 650.737, 19.8366
7.26866, 154.479, 391.092
3.23222, 508.873, 520.058
5.38953, -13.94, 58.8215
7.26796, 166.19, -298.865
3.62331, -1100.68, 505.223
7.25137, -99.2699, 9.77871
3.07874, 367.398, -51.879
2.58372, -142.615, -387.324
3.90465, -93.7233, -291.992
7.15042, -117.131, 228.553
3.04796, -795.721, -262.923
6.77266, 131.874, 298.7
5.68532, 6.98872, -422.667
5.63853, 43.1785, -259.756
3.80589, -47.3171, 401.536
5.13936, 543.95, -536.543
7.16608, 42.5348, 135.804
3.98055, 261.668, -106.957
4.78006, -459.089, -313.563
6.35659, 31.8442, 889.417
4.17193, -394.553, -1384.06
6.31775, -28.791, 169.581
6.65892, -721.114, 306.2
2.64618, 704.386, -679.747
4.31315, -135.824, -355.259
4.16221, -178.172, 501.877
3.17675, -5.76893, 8.37423
3.00839, 282.525, -903.949
5.11327, 527.376, 81.3074
3.52046, 166.408, -296.33
5.00728, -208.568, -268.764
5.1371, -1010.6, 388.427
4.13422, -255.544, 135.981
4.75888, 182.71, -169.941
6.85263, -48.3952, -15.2173
4.72884, 41.0755, -200.158
6.03726, 251.776, -134.659
6.83171, -724.058, 284.502
6.5822, 182.694, -96.6897
2.67504, -579.476, -283.435
3.8644, 80.2833, 802.441
5.21858, 100.759, 35.049
3.19942, -377.11, 162.995
5.57408, 136.579, 87.0351
3.29182, 323.467, -413.745
4.41129, 376.715, -154.686
5.94997, 189.15, 285.103
3.21128, 1093.71, -132.986
5.65284, 300.937, -33.2737
3.15973, -541.952, -828.88
7.13583, -130.119, -8.90628
5.53465, 1001.23, -1561.33
5.50388, 701.344, -355.156
3.33635, 211.127, 22.1739
3.301, 287.197, -267.683
5.91628, -24.8855, 59.2895
5.1456, -43.8177, -270.159
3.65264, -746.831, -0.778253
6.55373, -4.87845, 267.115
5.76477, -139.727, -212.38
4.08597, 46.8059, 397.274
2.53953, -92.6532, 76.8744
3.49176, -129.331, -832.24
3.78831, -402.626, 470.481
3.03825, -7.41087, -324.983
3.49545, -627.818, -45.8441
6.75079, -1073.58, 570.056
6.63912, -128.017, -4.86897
6.76813, 242.748, 443.76
5.71027, 195.325, 63.3782
3.6787, -798.314, 755.106
6.80638, 194.592, 16.0181
5.4745, -280.828, 557.968
2.52745, -820.793, -774.026
6.84925, 364.243, 560.54
7.37729, 342.446, 348.244
5.59653, -721.566, -590.995
3.85574, 455.676, -151.003
7.46973, -165.015, -72.5116
4.60751, -317.489, 456.038
4.20537, 360.961, 628.792
4.80717, 322.951, -104.098
4.44822, -319.641, -910.125
4.613, -1171.69, -309.2
2.84879, 74.2622, 26.1183
5.5153, 249.281, -15.4334
7.36114, 308.535, -141.735
5.07406, 22.59, 169.239
7.45461, -120.562, 189.016
5.84906, -429.128, -1267.06
4.01716, -318.799, 142.226
3.47371, -611.227, -285.094
4.0109, -172.8, -316.486
4.93946, -78.1357, -73.9361
4.72438, -493.681, -386.019
5.7844, -21.9384, -145.77
3.74227, 1285.58, 831.756
4.72007, -723.686, -668.441
5.75894, -135.063, -98.9989
6.67472, 414.784, -391.644
6.03698, 262.25, 217.545
4.93928, 160.378, 223.837
6.72039, 231.709, 302.488
7.00296, -103.84, 243.443
6.33082, 78.515, 360.687
5.29453, -745.696, -319.244
2.70603, 698.892, 104.675
5.46749, 275.67, -491.991
2.68674, 251.301, -929.371
4.53488, 206.932, 103.234
2.84243, 282.87, -327.33
7.38558, -13.5227, -170.83
2.5956, 914.642, 887.975
6.60363, 130.287, 299.677
5.2195, 979.48, -555.902
5.72828, -182.94, 395.947
3.62934, -96.8452, -171.008
2.733, -198.944, 348.84
3.63154, 27.4027, -73.7941
4.58371, 449.198, -458.341
6.40126, -322.849, -68.037
3.72852, 371.228, -803.309
4.81411, 38.1695, -21.5154
6.14756, 11.8226, -508.475
5.35237, 1010.59, -220.241
5.45997, -398.948, -565.223
4.98425, 146.807, -295.274
3.951, -92.3889, -162.076
4.71107, 131.295, 9.2499
2.53669, -559.553, 1023.83
7.41683, -59.0817, -71.9024
2.52822, -306.922, -161.899
4.8676, -39.2851, 335.951
5.86497, 838.99, 1243.83
