6.27803, -2130.16, 1138.08
3.5948, 168.714, 1335.25
5.89648, 828.886, -308.767
5.09708, 148.711, 178.799
2.76731, 3689.26, -3862.43
2.53849, -945.732, 1012.48
4.58743, 5203.17, 3055.94
7.15218, 36.2739, 69.6439
2.95982, -444.154, 759.287
6.00595, 629.745, 409.478
3.81226, -62.6414, -147.64
4.14117, 218.865, -89.9413
7.45519, -99.4179, 0.389334
7.41275, 50.5967, -56.3405
5.75759, 823.455, 138.408
6.92354, 158.469, -60.8401
6.33247, -8.89864, -161.12
3.87453, -1652.24, -447.466
4.93259, -967.556, -739.943
2.80282, -4664.71, 1037.84
5.08146, 341.7, 40.6236
4.96988, -3300.07, 1154.81
7.23882, -63.3031, 86.7976
4.42071, 126.671, 67.455
5.14874, -2620.68, 741.317
2.75042, -309.31, 3368.01
6.63909, -398.978, 12.088
5.94228, -553.648, -319.674
6.18112, -323.444, -148.444
6.94286, -2574.07, -2370.57
4.25508, -156.238, 504.58
6.72991, 195.647, 160.959
3.84659, -333.231, -265.378
4.83959, 33.0632, 52.3683
3.2686, -127.491, -78.561
2.66527, 266.532, 484.995
7.2768, -1287.11, -901.6
6.95369, 201.092, -547.049
3.29884, -1048.36, 199.111
3.15214, -160.324, 49.4925
2.515, 2139.27, -336.622
6.0491, -66.1704, -332.061
3.40448, 1246.08, 187.191
5.76029, 222.839, 25.8987
4.42907, 542.256, 350.273
3.23766, 1052.12, 1325.27
5.45054, 79.5159, -241.438
3.24076, 2072.51, -1027.29
3.2091, -1745.76, -1109.89
4.94257, 498.827, 151.894
3.13015, -761.551, -377.119
5.64635, -440.394, 174.123
5.60817, 74.4974, -163.931
4.88216, 2341.13, -3238.87
2.64188, 591.634, 663.38
3.21011, 2878.02, -499.462
3.15594, -50.5408, -256.506
3.31099, 1176.18, -1762.66
3.76529, -737.692, 132.586
4.77654, -3253.68, 1721.93
6.54472, 273.945, 317.676
3.57624, 87.6882, -161.249
3.75063, 151.651, -84.4118
5.02978, -320.544, -748.079
6.27922, -8.07366, 90.4644
5.66369, -1096.9, -2399.32
5.9449, -1817.19, -1221.72
7.27207, -237.691, 21.8855
5.18713, 3309.02, -1685.07
4.57014, 73.8977, -632.427
4.70019, -275.965, -441.08
6.07821, -1386.14, -1573.31
6.20858, -1806.97, -1500.99
5.12494, -2286.61, 1922.8
6.06711, -19.2267, -35.219
5.91025, -36.6928, 116.717
6.82941, 1588.84, -1206.48
3.19597, 772.724, 1310.53
3.57766, -149.176, 60.2409
5.0733, 607.375, 1218.12
4.83766, 60.9088, -250.315
3.55759, 2421.83, -2487.73
5.65244, 483.187, -309.994
2.5044, 1949.53, -2787.9
4.09589, -450.874, -2251.79
5.90281, -41.1736, -68.9717
6.0446, 28.04, -124.841
2.90869, 539.843, 355.946
3.56926, -774.526, -197.259
4.44412, 441.521, -153.834
4.44927, -2755.45, -978.123
3.92018, 74.9622, -300.206
4.6123, 12.4438, 17.2963
2.55658, -736.406, 38.3719
3.72027, -3460.42, 1878.57
4.49072, -1222.75, -2529.81
6.64177, -487.806, -282.59
3.78584, -380.297, 674.161
3.59705, -1192.04, -9.46729
6.47385, 153.065, 21.3927
5.8476, -466.999, 199.557
5.49108, 303.967, -339.95
5.99917, 1945.85, 1152.49
5.13062, 263.048, 23.2059
4.14833, 204.819, 437.557
3.30844, 3607.08, 613.469
6.56633, 63.6173, 110.688
4.08004, 510.949, 483.786
4.05369, -453.923, 116.268
4.65424, 31.6025, -115.948
4.46509, -213.712, 320.422
4.43916, -11.1688, 26.6807
4.34871, -115.716, 714.337
5.88118, 222.697, 75.8031
6.10384, 678.417, -153.516
7.20082, -1790.02, 512.63
5.08573, 58.4463, 42.4076
5.5282, 615.742, 409.038
5.85049, 1171.66, -1764.69
5.11404, 189.138, -230.728
3.87105, 437.212, -626.088
7.08924, 150.876, 27.4059
3.73367, -142.848, 15.2784
4.77876, 177.753, 894.228
3.30374, 118.258, -113.353
4.68319, 206.013, -116.956
7.45767, 216.374, 30.1887
6.26931, 2378.01, -2522.03
4.97846, 150.311, 214.044
7.01651, 136.787, -124.421
4.68213, -729.613, 37.8426
5.09239, 1549.03, -1323.4
4.44866, -1349.47, -2028.36
5.63431, 311.585, -34.0877
5.19331, 69.2239, 46.0229
4.35955, -173.386, 583.617
2.54674, -210.995, 301.968
6.3794, 175.165, -210.322
2.85317, -348.484, -360.391
3.98511, 145.156, 552.066
4.78581, 217.135, -169.799
3.25156, -12.8474, 95.3624
5.97819, 86.2947, -161.971
4.15587, -311.82, -339.553
5.21197, -2098.14, 3735.66
2.64678, -2343.5, -1213.04
5.38086, 184.033, 74.6054
5.18133, 279.238, -236.32
7.36678, -566.05, 124.596
5.57063, 158.231, -41.4116
5.26431, 1719.05, -2837.87
6.69051, 1063.96, 289.269
3.75764, 11.463, -309.629
6.98957, 66.0145, -250.643
5.97428, -189.503, 78.2529
5.82752, -90.7686, 1795.01
3.06838, 168.892, 149.717
3.37987, -762.271, -781.528
2.91253, -902.345, 1608.11
6.68103, 164.348, 365.908
2.64818, -130.809, 2185.8
6.34719, 487.208, -181.97
4.29829, 253.978, -2418.85
6.24626, 797.837, -20.308
6.28385, 36.6706, 87.0838
3.60834, 2028.3, -756.069
5.58305, 109.023, 109.127
3.66846, -530.909, 123.773
6.22052, 42.8254, -2374.05
5.80997, -398.813, -713.703
4.9209, -2155.77, 3798.68
2.58972, 602.843, -184.782
4.98291, 34.4001, -313.195
5.09587, -52.7571, 42.556
4.71395, 715.803, 2253.47
4.14528, -1771.18, 812.369
3.52671, 102.37, -114.27
7.19863, -146.561, 1289.63
2.85168, 1074.02, 1949.98
3.30042, 439.754, -174.995
6.70788, 386.454, -782.502
4.13614, 165.959, -470.312
6.85942, 982.248, 238.316
5.99896, 191.825, 89.4325
5.52801, -16.1795, 329.289
4.77536, -38.7686, 269.788
2.91543, 862.219, 773.061
3.94883, -2247.97, -863.113
6.51009, -59.1241, 65.0364
6.81821, 231, 598.618
3.81831, -3047.86, 239.382
4.79881, -556.904, -221.419
4.95672, -67.604, -224.319
5.82344, 1140.91, -1849.69
7.31738, 198.033, 30.1801
7.23022, 460.675, 232.615
2.81902, 1270.82, -448.64
5.04829, -859.628, -350.904
6.13222, 239.656, 82.6015
5.65882, 78.2459, 96.8739
3.26658, -11.931, -13.325
5.09652, 716.21, 2250.73
3.52281, 3720.63, -1212.4
6.03231, 276.031, -24.9342
6.05786, -696.653, 3943.43
3.66304, 210.992, -613.579
6.80594, 130.066, 15.8953
2.67122, -904.292, -9.38374
6.26587, -239.535, -76.3478
4.14789, -279.122, -280.76
4.65309, 3312.7, -747.182
7.33455, 246.959, 98.3762
4.05803, -1431.63, -1242.58
5.69762, -3881.92, 13.7481
5.95386, 2.28714, 73.9266
5.36403, 428.188, -333.497
6.60667, -2105.13, 3711.74
4.21807, -2418.29, 1057.94
5.09387, 327.527, -311.999
6.78438, 532.523, -300.824
6.18587, 676.561, 1025.26
3.45992, -372.412, 174.778
2.83145, 15.6109, 79.5463
3.60828, -2843.62, 1778.3
3.33656, 189.932, -73.6591
6.31172, 179.659, 67.802
5.44905, 1088.56, -1613.1
4.65223, -4043.22, -383.34
7.09618, 1560.04, -239.093
5.09668, -376.767, -951.745
7.38058, 318.736, -78.0895
5.15714, 162.781, -471.821
2.98716, -870.861, 1076.76
5.83983, -347.656, -437.967
5.44444, -543.607, 1982.86
5.01137, 484.341, 107.398
2.75808, 878.914, 891.481
2.6753, 278.436, -369.961
4.41484, 365.684, 38.1708
5.55555, -1741.25, -2130.2
5.06574, -4042.49, -377.015
5.98498, 155.842, 16.2771
4.89891, -78.1018, -101.949
3.88323, -4017.13, 72.3106
6.01685, -151.587, 2159.73
3.67701, 235.26, -158.102
6.41501, 335.948, 67.0978
6.60589, 1249.91, 58.0705
3.21842, 2450.86, 2286.88
5.75757, 461.612, -211.801
3.87677, -300.281, -1103.78
7.26215, 1788.25, -1022.1
4.58238, 49.6228, -48.9763
3.03869, -397.055, -249.556
4.70633, 24.4667, 28.269
6.28811, 172.764, 118.415
2.77803, 585.636, 154.004
3.51241, 44.0909, -18.9086
6.82305, 131.511, 144.586
6.52456, -214.317, 97.2747
2.78861, 445.484, 1618.35
4.40304, 204.316, -153.969
4.56124, -260.927, -458.853
2.80071, 655.707, -8.80688
7.09746, -1071.45, -1014.12
3.35398, -142.152, -90.8882
6.51634, 365.375, 13.7583
3.88599, 864.49, -358.879
4.44586, 57.9429, -91.3442
7.19936, -1554.81, 509.117
6.24573, 97.8839, 2143.04
3.44774, 2557.43, -2792.67
6.89581, 360.292, 60.1508
6.8953, 250.649, -54.1085
3.30515, -81.6793, -383.871
5.87346, 923.432, 310.939
6.89096, -71.9803, -99.9152
6.98262, -647.738, 2637.96
3.06535, 129.657, 95.2368
5.93789, -500.857, -556.746
3.21651, 640.427, -9.54934
3.6901, 640.323, -124.655
5.64383, 2104.17, -1424.26
4.312, -17.6624, -345.076
4.64437, -1413.73, -1233.53
4.91936, 1250.22, -1362.51
6.20379, 74.6118, 633.962
3.23098, 42.1424, -311.391
7.36238, 23.6838, 27.2973
7.3158, 351.567, -15.5835
3.14741, 1940.15, -1351.25
5.3784, 407.816, -3.76853
4.66439, 592.073, 122.251
5.50066, 137.715, -143.113
5.85098, -72.9516, 246.584
4.5137, -2274.32, -734.362
6.46691, -1381.7, -1251.24
4.89889, -2428.6, 1398.01
5.72449, -714.289, 692.362
4.28836, 3778.81, -636.124
5.96794, 96.6815, 292.426
5.83428, -311.674, -433.315
3.22071, 562.968, -302.944
7.10415, 218.543, 72.7334
4.22228, 910.429, 2777.01
6.66824, 75.3029, 14.3193
2.74349, 244.088, 253.679
3.27936, 967.417, -1438.22
2.55765, -95.6654, 31.3789
3.94327, 335.756, -33.0588
5.07295, 474.025, -347.762
3.65948, 657.649, -2582.54
2.75022, 365.485, 602.255
5.33091, 238.981, -71.7274
6.69774, -360.383, 66.018
4.28763, -212.269, -378.619
4.3452, -49.9071, -496.851
7.22226, -143.831, 20.8609
4.72425, -1430.16, 255.156
6.82086, 97.9731, -135.365
5.82654, -63.0281, 621.129
5.79297, 243.545, 164.042
7.10736, 2009.59, -1507.8
5.11536, -2293.46, 1930.51
5.45229, 269.719, -86.9001
5.79944, -292.631, -2063.08
4.24765, -1426.87, 905.086
4.11714, 252.547, -420.046
7.08984, -78.4402, -358.113
3.08619, -3315.07, 1150.94
7.31268, 504.6, -68.3618
5.17978, 131.827, 307.719
5.81447, 857.293, 268.277
5.48362, -3382.08, 1533.72
6.93363, -413.73, -969.527
6.67999, -12.7712, -170.457
6.69339, -11.097, -232.456
6.85642, 32.5916, -299.27
2.5002, -68.9847, 1753.04
4.77274, -404.967, -1399.38
4.25696, 1623.92, 31.5521
5.80713, 3263.41, -2621.1
6.22234, 627.984, -308.697
3.3821, -751.254, -2988.6
7.4621, -1049.17, 1311.27
5.95466, -568.002, 108.876
6.97862, 113.834, 223.998
3.51579, -1148.85, -285.295
7.2356, -260.363, 213.393
4.88476, -3158.08, 1661.72
6.78578, -2844.88, 1775.88
6.41237, 439.728, 347.809
5.70687, -2231.62, 2154.71
3.14521, 150.901, 854.595
5.77944, -113.274, -38.1854
3.09199, 95.4964, 50.3027
3.88793, 2087.72, 443.817
6.65548, 263.024, 2006.28
6.14153, 2622.21, 3350.66
6.74348, 2917.47, -2176.13
3.43989, -765.186, -558.326
6.09602, 160.565, 51.7134
4.25586, 89.75, 380.991
3.34555, 246.812, 386.095
4.52383, -3080.09, 401.401
4.20924, 245.984, -28.4506
6.67141, 55.3047, 7.46527
3.9111, -2331.29, -3778.72
5.16766, 2343.03, 1443.66
6.25085, 624.09, -1095.44
4.62554, -169.616, 42.4762
4.66964, 1361.45, -38.723
3.03022, -2509.89, -1544.19
6.4639, -239.073, -62.288
3.91232, -127.404, 294.727
7.14264, 2618.39, 3779.19
5.37926, 142.021, -192.544
3.4895, 554.799, -31.8237
5.99081, -406.542, -289.511
3.07265, -661.579, -253.998
4.22945, 219.001, 761.298
4.15646, 15.3677, 140.062
6.42735, -3389.24, 1551.64
6.65775, 95.4907, 1.93935
4.21712, 939.282, -448.733
4.2603, -270.132, -46.4374
6.38197, 221.299, 193.311
6.58658, 750.987, -155.147
4.26157, -37.2153, 298.344
7.09559, 73.8018, -74.3087
3.2877, 550.412, 483.598
5.56029, 950.511, -264.079
5.54222, 63.2562, -82.1862
3.16647, 1983.42, 2166.12
3.51409, 2397.46, 3350.42
4.79457, 122.164, 72.6044
3.48759, -695.864, 1158.01
6.77118, -58.4689, -207.28
6.54562, -339.606, -469.627
2.80131, 1672.41, -1321.95
6.50584, 1094.92, -3158.04
5.49597, 182.022, 97.1327
7.43182, 289.864, -54.6396
2.65919, -985.025, 279.591
6.8356, -2101.47, 2555.58
3.69109, 59.8805, -277.49
3.6127, 671.072, 424.307
4.73907, 4185.21, 1945.59
2.61231, -254.152, 5.88834
6.79755, 78.7144, 123.097
4.15902, 437.999, -2939.74
5.72195, 615.167, -87.8474
7.43521, -462.963, -54.8051
5.30162, 77.1819, -145.762
4.74553, 76.9876, 107.159
5.213, -151.776, 44.5038
2.90797, -394.952, 192.897
3.99606, 1355.92, 1953.06
6.63964, -2553.41, -500.024
6.48936, -2625.07, 1030.5
5.71048, -54.9955, -111.277
4.84105, 222.18, -287.201
7.15326, 565.063, 1678.96
5.08798, -384.37, 111.773
7.42924, -2741.95, 1751
5.94567, 30.6261, 1.89907
6.19966, 320.807, 94.3007
3.46323, 1198.18, 1081.53
6.08881, 1957.49, -1288.58
6.11146, 1038.78, 429.823
6.49298, 180.17, -294.771
4.23216, -3220.13, 270.247
5.1481, -570.595, -276.47
3.19001, 1008.26, -781.782
6.73218, 232.489, -73.5475
6.32766, -726.556, -419.013
7.5, -3388.31, 1524.45
4.24891, -4655.59, -1591.96
5.50367, 1086.2, 21.039
3.50808, -257.738, 2430.52
6.2385, -2376.28, 392.482
6.49225, -256.195, -332.448
3.03505, -125.648, -631.755
5.35813, 159.911, 4.92933
2.84683, -3349.32, 1163.87
4.16036, 249.085, -112.025
5.80945, 166.25, -157.169
5.27726, 368.07, 2600.09
7.12415, 44.0025, -245.074
2.69832, 228.141, 1866.29
2.62083, 976.501, 1095.6
4.61923, 382.915, 79.2002
4.36987, -681.034, -144.279
2.93303, 2205.19, 2136.85
3.05403, 361.625, 287.738
5.31992, -3016.17, 110.26
7.37269, 8.83396, 97.7725
3.05066, 5.68521, -2592.09
5.99352, -2048.89, -2278.72
2.79674, 267.397, 1181.76
4.69755, -135.596, 97.6219
5.24651, 218.563, 32.0836
3.45129, 315.555, -95.3393
7.36597, 154.931, -102.554
3.19593, 149.595, -131.87
5.48978, -2101.57, 302.856
7.12812, 210.009, -455.027
3.91116, -102.046, -32.4505
6.8307, -4.69695, 308.733
6.29598, 897.683, -1188.66
6.10793, 229.53, -285.013
3.34241, -69.8796, -529.762
3.32882, 493.514, -1708.37
3.39076, 148.132, -31.5536
5.87226, -112.077, -101.678
4.83484, 204.632, 135.976
6.85219, 249.242, 118.666
5.76023, 493.013, -61.9876
5.80464, 851.984, 266.306
2.58037, -109.184, 547.448
4.30596, 3612.06, 2114.25
3.72747, 250.252, -637.999
6.93086, 624.792, 949.413
5.23701, -4533.98, 72.524
6.57209, -69.8402, -277.068
5.24453, -892.058, -221.453
4.16156, -258.845, 169.563
4.40213, -1263.62, -2199.36
2.52389, 493.776, 21.3276
6.95226, 199.044, -3.97563
6.16955, 106.768, -27.9625
6.04239, -511.973, 161.361
5.1278, 1472.75, -1821.86
6.41065, 241.133, -476.018
3.42484, 346.429, -105.499
5.72673, 92.5138, 60.9853
3.42178, 192.534, -22.5323
3.31214, -1184.88, 573.59
2.65594, 1211.45, 955.661
7.42716, 75.4969, -93.2736
4.04559, 78.8128, -7.42332
4.11075, -320.618, 52.1239
5.51155, 176.326, 68.5482
2.89107, 3348.18, -497.467
3.93936, 162.829, 206.78
5.79307, 475.049, -888.777
7.36348, 265.611, -50.9872
7.27758, 2561.78, 971.47
7.42745, 198.572, -62.6392
7.30478, 166.984, 75.2556
3.0073, 11.0577, 420.36
3.71505, 853.64, -299.478
6.91151, -447.541, 119.284
5.28805, -122.712, -305.019
6.7669, 75.4973, -59.9794
7.49145, 638.099, -130.994
3.99751, -2863.57, 1372.43
6.33157, -5141.01, -1730.1
4.81901, -133.1, 318.62
6.8168, 482.558, 147.793
6.99018, 260.777, 178.699
7.377, -418.283, -188.161
2.77405, 139.211, -72.5585
6.32605, 90.7136, 258.358
5.09219, 1152.2, -1795.43
3.46574, 371.167, -141.769
6.98252, -48.2152, -424.344
6.38492, 404.539, -9.9705
2.75968, 220.94, 201.129
7.47331, 1265.93, -1785.68
5.93659, 171.511, -519.605
5.94854, 875.174, 287.673
6.57666, 2007.82, -867.684
7.05426, 150.493, -1.91931
3.34218, 1523.5, 3242.38
5.24183, 1982.09, -1337.98
6.53351, 85.1151, 0.562547
4.17803, 465.09, 358.462
5.53435, -331.866, -414.52
6.59602, 950.21, -1704.98
7.3485, 572.578, 55.6092
6.29349, 221.015, 452.652
3.72113, 49.4375, 332.029
5.80589, 3.65207, 67.0022
4.21574, 997.062, 413.691
7.27146, 47.9328, 113.074
2.60828, 1745.08, -2238.94
4.54979, 829.451, -307.846
2.55789, -2188.13, 2429.09
3.04964, 203.697, 257.671
5.28259, 728.677, -996.75
4.45466, 343.232, 5.94055
7.20539, 204.899, -51.1196
2.55572, 190.939, 493.359
6.22897, 280.076, -742.141
3.84293, 0.718367, -306.214
4.27153, 144.86, 76.9855
3.45835, 3756.79, -3871.53
5.14832, 320.987, 151.045
4.39478, -612.144, -3305.69
3.16407, 270.45, -243.385
4.26563, -110.634, -276.495
4.2497, -3271.51, 1638.89
7.41084, -1795.9, -1221.88
5.25961, -306.898, -259.54
4.99918, -1708.87, -456.881
3.58531, 1164.73, -1846.26
4.37311, 80.1701, 100.075
6.78251, 1952.73, 1710.65
6.45578, -1837.56, 3665.1
3.9204, 1955.63, -2328.82
5.07645, 932.972, -253.587
6.79238, 140.755, -242.525
7.07844, -297.177, -4.16822
7.48941, -1386.56, -1254.5
6.53177, -495.868, -117.397
5.22718, 663.127, 447.516
7.3461, -132.789, 344.581
5.31931, 935.252, -137.638
4.03031, 494.834, -978.93
5.41853, 228.455, -160.11
2.91197, -183.234, 464.611
5.47382, 193.268, -16.7825
3.31968, 1756.1, 3223.84
6.46527, -153.117, -687.594
2.95373, -712.143, 1113.26
6.3072, 1.55844, 199.415
6.83996, 117.076, 15.3656
6.40105, 310.278, -329.883
6.61399, -1610.83, -347.865
6.70974, 88.1929, -161.832
4.48328, 523.13, 334.491
6.508, 227.803, -128.428
6.56811, 18.775, 102.138
5.43493, 626.526, 1300.57
4.64621, -1.84487, 126.527
2.5002, -33.9064, 23.9158
5.31153, 249.71, 1.33764
6.22632, 109.948, -410.361
3.89846, 2285.63, 1277.16
2.93406, -460.782, -3128.78
3.5733, -122.72, -376.384
3.93296, -446.232, 29.1388
4.86595, -329.816, 18.5083
6.95893, -1382.5, -1286.89
5.91955, -177.324, 9.33396
3.54376, 259.92, -85.0211
6.67533, 53.9054, 14.9417
7.09218, 569.571, 317.045
4.48244, 47.6874, -312.521
6.37858, 1348.92, 441.931
5.68161, 34.0342, -80.2508
6.64746, 42.75, -166.615
3.40204, -257.343, -149.211
7.45927, 79.3438, -126.621
6.70558, 375.607, -193.26
4.65177, 430.972, 389.277
4.38589, 410.863, -115.648
2.70802, 260.201, -253.145
6.80715, -228.818, -465.138
6.62116, -2728.12, 1862.55
6.25052, 1096.63, 1193.54
3.55801, 223.331, -123.893
4.31029, 73.7073, -72.8949
4.43545, 109.522, 19.6861
7.32918, -2231.16, -1436.73
6.5872, -253.839, -322.242
4.5755, -363.335, 95.3117
5.83759, 162.285, 382.659
2.52101, -2739.3, 2662.57
6.98048, 191.412, -171.03
3.68416, 478.202, -141.428
3.79415, -323.83, 156.023
5.4939, -424.142, -298.825
6.89823, -867.665, 38.9391
6.16299, 92.1757, -97.7931
6.0773, -626.793, -196.178
3.57724, 3909.66, -180.926
6.30413, -2769.8, 2148.87
3.85351, 540.122, 85.6103
2.75246, 350.156, 150.652
4.78866, -971.992, 479.596
2.58759, -151.864, -228.299
3.01129, 3756.67, -2464.78
2.639, 838.4, -413.515
5.65921, 11.6805, 183.447
6.34425, 94.6253, 86.8385
2.74132, -324.554, -270.275
6.6924, 566.44, 778.77
6.76899, -124.11, -46.8189
6.57649, 245.098, -242.62
6.85188, 142.217, -2823.07
5.27222, 382.266, 73.9608
6.12646, 3.37488, 1173.25
3.20424, -3011.33, 2344.46
6.6115, 154.342, 85.801
5.51185, -1735.65, -2133.29
4.93856, 231.412, -117.011
6.14942, -438.042, -259.27
4.05164, -1496.02, 841.951
3.93925, -238.128, 452.565
5.45857, 1583.47, -1939.74
5.34055, -2101.35, 1150.26
5.41059, 2024.15, 1418.89
2.84132, 263.419, -359.317
4.34304, -1485.76, 26.5452
6.28475, 325.382, -343.345
6.35297, 776.43, 2066.3
4.27217, 152.109, 413.524
5.98913, 17.0163, 76.2317
5.08005, 1562.02, 916.615
5.94494, 274.262, -52.8632
6.18066, -1490.89, -1041.42
2.56231, -1833.33, -1524.16
7.16549, 167.044, -220.123
5.37826, 601.489, 156.203
3.05587, -247.513, 581.077
4.87388, 90.8289, 146.971
3.24247, 1241.32, 90.4175
4.22594, -5474.39, -1252.97
7.04476, 66.6888, -100.071
4.54571, 2017.48, -892.645
5.96642, 169.121, -130.032
3.35865, 66.8059, 119.608
6.21715, -2946.1, 1089.81
4.16319, 64.1458, 73.1513
4.62157, 80.4607, -43.6128
2.79523, 2.09025, 536.633
5.09005, 229.265, 88.325
5.94425, 172.642, 128.807
5.01149, 225.888, 81.2299
6.56617, 91.8453, 25.8451
3.07974, 186.633, -174.519
5.24841, 1095.41, 297.684
5.06046, 171.537, -220.756
6.02649, -1392.07, -1274.27
5.65083, 24.6495, 0.651609
4.0207, 631.052, 509.887
6.74719, -31.8333, -103.192
3.39619, 981.492, -1633.94
2.61737, 165.615, 222.936
4.19467, 374.659, -130.818
3.43818, -1494.1, -1092.61
6.60467, 181.363, 16.7823
6.72507, 68.7487, 2250.49
6.78031, -2112.03, 1291.3
7.37454, 230.095, -137.938
2.99587, 469.093, 43.5485
2.56182, -2421.51, -1923.44
2.58614, 46.5247, -459.087
2.64527, 273.024, 470.441
4.1031, -1429.58, -1464.75
6.17815, -2076.2, 1139.46
3.14876, -376.828, -489.536
2.5161, -1361.38, -213.427
6.91905, 457.161, 63.4706
3.70482, 370.816, 160.193
4.38481, 333.046, 27.5405
4.44879, 80.198, -220.384
2.81534, 2307.33, 890.418
7.30792, -56.7076, 25.939
3.75349, 148.566, -318.659
6.85376, 159.949, -240.749
2.85991, 1824.32, -2532.82
2.70653, 2177.2, -1635.81
3.46378, 398.302, -142.672
3.86708, -1213.39, -1633.68
7.4007, 81.0001, -60.5639
3.60607, 732.986, -3237.86
6.43119, 1175.04, -1769.62
4.42306, 220.778, 287.979
3.78593, -1955.7, 2131.89
3.91087, 311.371, -278.576
7.33834, -221.05, 146.45
4.22841, 265.948, 114.094
3.45922, 203.856, 67.1156
5.05037, 256.246, -31.4435
5.21857, 767.83, -2907.6
5.72333, 136.055, 295.97
3.89738, 601.211, -282.006
3.41887, -198.95, -5.33693
2.71579, 1621.34, -1945.63
3.98408, -5.708, 76.3563
4.25548, 1246.39, -447.165
7.09372, -208.399, 11.0752
5.81225, -212.819, 33.6882
5.08041, -1432.27, -1252.15
4.03763, 139.683, -173.811
3.0007, 1393.38, 1457.56
3.47502, 129.127, -12.635
4.11407, 1986.58, 2198.48
5.56182, 510.986, -19.5056
5.13511, 1322.98, -718.693
3.45653, -418.433, 1056.64
4.7178, 3505.32, 2007.51
4.48693, 4011.32, -781.522
6.28051, 281.507, 172.989
6.6213, -355.547, 33.2658
5.51573, -43.0113, -898.195
3.04573, 295.053, -308.355
4.11797, 1806.65, -401.034
5.03403, 48.0272, 0.612296
4.76521, 243.375, 883.66
4.77315, -48.0874, 364.854
4.91125, -143.741, -46.147
5.07896, -2930.67, 532.817
4.50207, -1475.63, -1055.61
4.22945, 163.577, -51.1006
6.64533, 19.3078, 688.034
3.02204, 1794.04, -765.092
6.40057, 270.687, 8.63773
3.19919, 37.7755, -6.63656
2.62171, 2400.7, 2791.7
6.0664, -215.273, 943.254
7.15538, 111.811, 297.545
7.47667, 208.986, 99.1944
3.86264, 15.146, -196.887
3.6923, -1387.17, 543.881
3.87328, -227.884, -2066.19
5.70836, 248.82, 190.871
5.17637, 244.066, -53.7656
6.8967, -1837.75, 3114.41
6.75968, 209.66, 249.887
2.98004, 52.4886, 609.803
4.66818, 70.1871, 4.09964
3.17045, -185.713, -153.77
5.86802, 78.412, -112.687
5.34964, -83.0441, -207.448
3.66474, 126.95, -1218
5.50306, 300.623, -40.2826
2.6551, 673.149, -2.33767
7.08512, 101.564, -350.565
3.82958, 467.802, 457.758
6.50016, 157.936, -33.1766
5.46389, 211.027, -55.4668
5.0822, -243.229, 65.5924
5.2567, 613.443, -383.597
3.47225, -25.9791, 285.327
5.36152, -1926.67, -277.637
3.81992, -427.943, 3948.65
4.41648, 1641.62, -3517.6
2.73626, -67.2682, -279.159
4.22823, 193.342, -103.544
3.61594, -1971.49, 4489.8
3.81264, 208.798, -28.2115
3.05141, 281.026, 175.724
7.40088, 76.5175, -380.101
5.93794, -630.625, -198.082
5.82158, 48.9137, 101.518
5.99501, 265.212, -170.252
2.68746, -17.3733, -129.851
3.6706, -2.37005, 67.3076
3.95397, -3334.44, -5027.87
3.50543, 223.781, -182.044
2.7177, -1699.57, 2413.52
2.56571, 747.533, -300.871
6.07297, 3722.18, -1218.02
6.88348, -201.362, -277.821
5.35088, 1153.23, -2239.66
6.92743, -1865.72, -2047.07
5.20042, -534.765, 260.481
3.31357, -1365.35, 434.099
3.30492, -1782.88, -1510.04
7.19182, 133.601, -151.13
3.45628, 394.656, -182.364
3.15761, -2037.53, -7.62997
4.41122, -323.747, 361.704
6.12674, -536.415, 1992.18
2.50651, -4044.49, -381.278
4.60222, 2879.44, -1671.43
5.18984, 748.126, 125.142
4.86596, -125.208, -385.296
6.33003, 750.255, -530.918
2.9396, -298.532, 23.1005
7.04284, 81.1045, 165.83
3.20818, -267.911, 631.718
2.54782, 107.564, -226.235
2.82267, -119.956, -332.865
4.96742, 250.582, -87.131
5.40914, 84.0358, -88.3859
4.03373, 2323.94, -4135.02
4.57091, -128.299, -322.014
4.33401, 697.583, 893.541
3.42687, 220.316, -1910.99
2.76788, -1636.89, -1764.08
4.47222, 200.113, -58.0207
3.98388, -48.4797, -198.566
5.05388, -247.229, -321.099
3.75392, 1449.05, -2477.46
5.01589, -403.745, 788.755
2.51168, 1098.85, -486.651
7.01807, -3387.26, 1540.77
2.79181, 2263.98, 2161.33
5.17506, 77.2588, 2142.7
3.95754, 1905.43, -901.947
7.3023, 106.821, -69.9977
4.73406, -2234.84, -990.919
5.08479, 355.721, 32.5418
5.93861, -552.255, -146.6
2.72187, 147.387, 458.024
7.2946, 2401.5, -1806.55
5.70852, -108.037, -175.427
2.80215, 124.179, -257.018
3.33964, 328.03, -27.9941
5.76491, -247.115, 82.9251
6.19864, -62.4471, 1752.97
3.57011, -369.731, 237.565
4.31441, 331.518, -1548.5
6.56981, 481.227, -306.816
5.32057, 40.5216, -110.318
7.45886, 115.127, -82.5656
6.5669, 268.192, 334.948
3.49157, 2071.53, -2736.71
2.50003, -26.6552, 7.28836
4.62608, -2111.36, 2570.05
4.07406, 1461.91, 847.891
5.56218, -2365.51, 341.91
3.83351, 151.15, -150.541
4.39881, 747.93, 574.755
5.43397, 266.678, 314.538
5.95636, -634.419, -430.732
7.26736, 298.62, 52.1118
4.89785, -228.641, 727.654
3.60319, 293.414, -257.876
5.33741, 554.504, 275.713
6.09873, 108.935, -119.783
4.4953, 1618.19, -155.839
3.48326, 563.644, -303.839
6.66971, 223.661, 191.77
5.59561, 372.454, -778.205
7.26866, 313.34, 149.336
3.23222, 629.869, 104.03
5.38953, 16.9965, 17.1729
7.26796, 250.217, -133.999
3.62331, -3207.84, 1609.31
7.25137, 129.249, 83.5625
3.07874, 1167.85, -564.892
2.58372, 67.4047, -21.6406
3.90465, -101.32, 477.188
7.15042, 440.035, -350.368
3.04796, -1085.14, -477.281
6.77266, -391.406, -451.806
5.68532, 572.356, 384.598
5.63853, 263.555, 390.866
3.80589, -501.907, 1254.24
5.13936, 354.218, -177.994
7.16608, 645.66, 441.411
3.98055, -843.549, 213.013
4.78006, 253.736, -124.183
6.35659, -550.641, 2863.75
4.17193, -1213.39, -2378.93
6.31775, 216.688, 30.7947
6.65892, -1534.4, 1520.63
2.64618, 1742.5, -1029.54
4.31315, -0.480548, 221.865
4.16221, 255.723, -346.766
3.17675, 1151.27, 881.676
3.00839, 821.755, -2533.78
5.11327, -77.072, -124.005
3.52046, 259.704, -189.424
5.00728, 306.541, 595.956
5.1371, -3009.83, 1880.49
4.13422, 144.365, -33.5885
4.75888, -217.116, 679.105
6.85263, 816.132, -140.37
4.72884, 8.82824, 96.818
6.03726, 356.164, 307.42
6.83171, -1439.99, 291.942
6.5822, 422.388, -105.623
2.67504, -2348.38, -921.015
3.8644, -488.945, 1653.3
5.21858, -751.995, 481.246
3.19942, 1804.66, -375.681
5.57408, 52.4239, -102.933
3.29182, -330.769, -343.875
4.41129, -101.887, -286.428
5.94997, 270.055, 193.609
3.21128, 2597.08, -52.6178
5.65284, 198.572, 50.0644
3.15973, -2051.47, -1298.5
7.13583, 247.156, 114.273
5.53465, 3163.26, -4847.66
5.50388, 376.945, -570.602
3.33635, -31.3938, -73.2264
3.301, -617.001, 1315.98
5.91628, 131.499, 85.1268
5.1456, -181.433, -276.173
3.65264, -1481.09, 756.53
6.55373, 53.0358, 19.8873
5.76477, 82.254, 71.5921
4.08597, 303.96, -159.165
2.53953, 308.503, 132.6
3.49176, -93.4229, -775.441
3.78831, 327.533, 404.362
3.03825, 594.747, 438.793
3.49545, -136.469, 309.791
6.75079, -3471.02, 1872.11
6.63912, 372.509, -1.50564
6.76813, 99.4257, 2.52545
5.71027, 203.309, 88.6185
3.6787, -1851.36, 1921.13
6.80638, 1.81433, 122.37
5.4745, 185.46, 325.205
2.52745, -1495.16, -1089.24
6.84925, -398.096, -709.856
7.37729, 134.119, -195.615
5.59653, -1381.79, -1286.28
3.85574, 465.46, -43.024
7.46973, 10.3375, -67.8326
4.60751, -1130.57, -77.3805
4.20537, -371.815, 30.7946
4.80717, 254.227, -296.692
4.44822, -735.479, -2050.3
4.613, -3031.12, -616.191
2.84879, 133.07, 13.1699
5.5153, -132.608, 187.83
7.36114, -158.633, 29.522
5.07406, 112.365, 309.688
7.45461, 164.461, -256.059
5.84906, -1523.23, -3687.54
4.01716, 368.482, 159.149
3.47371, -631.707, -203.241
4.0109, 559.867, 289.784
4.93946, 210.788, -128.447
4.72438, 268.233, -29.4356
5.7844, 151.037, 10.0567
3.74227, 3611.16, 2113.23
4.72007, -1034.37, -968.485
5.75894, 81.9857, -257.566
6.67472, 208.661, -167.496
6.03698, -170.312, -290.381
4.93928, -300.605, 256.722
6.72039, 161.155, -96.1777
7.00296, 169.258, -130.769
6.33082, 263.323, 98.3009
5.29453, -404.583, -379.31
2.70603, -40.0177, -127.889
5.46749, 974.192, -282.368
2.68674, 145.96, -2575.03
4.53488, 228.135, -491.618
2.84243, 483.132, 402.297
7.38558, 300.379, -340.678
2.5956, 1481.39, 2076.43
6.60363, 148.533, -4.50974
5.2195, 2511.75, -1963.35
5.72828, 517.289, 56.4344
3.62934, -75.8268, -231.697
2.733, 251.84, 1967.11
3.63154, -169.099, 492.49
4.58371, 182.993, -1769.1
6.40126, -17.4938, 67.3851
3.72852, 946.227, -1701.05
4.81411, 2.38931, -42.6291
6.14756, 363.453, 158.009
5.35237, 3371.22, -467.28
5.45997, -355.784, -784.491
4.98425, -56.9409, -246.655
3.951, 135.612, -126.798
4.71107, 261.004, 92.9407
2.53669, -1818.54, 3988.66
7.41683, 154.177, -128.631
2.52822, 147.934, -8.28896
4.8676, 1403.34, 656.727
5.86497, 2278.15, 3833.17
