6.27803, -3482.29, 2046.17
3.5948, -87.0775, 1107.2
5.89648, 439.585, 160.364
5.09708, 595.523, 122.55
2.76731, 6745.41, -6908.72
2.53849, -2394.83, 2929.96
4.58743, 9468.71, 5621.05
7.15218, 196.172, -129.315
2.95982, 678.298, -442.111
6.00595, 406.807, 51.6797
3.81226, -133.444, -63.0056
4.14117, 317.663, -86.6884
7.45519, 739.045, -802.758
7.41275, 209.499, -2.81937
5.75759, -542.981, -272.518
6.92354, 328.235, 7.68705
6.33247, 52.3644, 178.7
3.87453, -2596.97, -973.685
4.93259, -1383.74, -1143.52
2.80282, -8596.69, 2194.67
5.08146, 304.925, 3.06703
4.96988, -5995.39, 2256.12
7.23882, 206.87, 96.0723
4.42071, 222.443, -150.866
5.14874, -4505.31, 1170.33
2.75042, -320.947, 5997.54
6.63909, 534.384, 153.289
5.94228, 812.947, -230.535
6.18112, 718.752, 107.474
6.94286, -4432.56, -3837.25
4.25508, -235.147, 253.512
6.72991, 281.047, 111.5
3.84659, 910.638, -384.538
4.83959, -185.484, 579.505
3.2686, -58.1299, -173.628
2.66527, 933.187, -574.877
7.2768, -1434, -993.329
6.95369, 68.185, 201.268
3.29884, -58.2684, 423.66
3.15214, 1961.15, -1120.05
2.515, 3518.38, -640.391
6.0491, 14.7407, 78.1871
3.40448, 161.98, -64.0969
5.76029, -1091.48, 219.404
4.42907, 169.94, 93.1313
3.23766, 1399.9, 1469.82
5.45054, 852.192, 232.579
3.24076, 3133.61, -1518.6
3.2091, -2587.36, -1486.95
4.94257, -119.052, -130.676
3.13015, 517.339, -407.407
5.64635, 1115.33, 253.167
5.60817, 297.116, -180.482
4.88216, 4084.49, -5630.94
2.64188, -799.627, -85.8069
3.21011, 4889.17, -701.638
3.15594, 690.78, -60.0508
3.31099, 1664.9, -2572.2
3.76529, -98.8072, 127.726
4.77654, -5718.71, 2747.87
6.54472, -162.767, -1162.41
3.57624, 262.36, -112.232
3.75063, 311.336, 3.87466
5.02978, -1346.38, -2344.5
6.27922, 233.492, -121.439
5.66369, -1953.19, -3914.45
5.9449, -2418.13, -1827.41
7.27207, 103.665, -306.619
5.18713, 5888.07, -2983.24
4.57014, 135.614, -2644.09
4.70019, -345.291, -416.081
6.07821, -2007.98, -1849.48
6.20858, -2954.11, -2188.43
5.12494, -3832.11, 3054.11
6.06711, 161.659, 51.4876
5.91025, 411.432, 284.787
6.82941, 2292.66, -1825.9
3.19597, 434.613, 1815.65
3.57766, 335.008, -9.40547
5.0733, 1412.38, 2476.62
4.83766, 224.835, -127.737
3.55759, 4383.62, -4439.56
5.65244, -182.33, 329.473
2.5044, 3461.87, -4982.43
4.09589, -892.675, -2964.82
5.90281, 232.542, -38.9096
6.0446, 168.33, 26.6603
2.90869, 99.8949, -170.134
3.56926, -122.205, -541.346
4.44412, 325.934, 127.281
4.44927, -4394.86, -1481.18
3.92018, 113.987, 591.176
4.6123, 303.898, 47.8426
2.55658, -2582.54, -184.878
3.72027, -6106.85, 3204.71
4.49072, -2383.76, -3960.53
6.64177, 915.27, 306.772
3.78584, 683.963, -505.887
3.59705, -1184.67, 660.776
6.47385, 150.919, 76.2806
5.8476, 1597.45, -389.618
5.49108, 535.95, 924.348
5.99917, 2859.93, 1905.68
5.13062, 316.6, 440.256
4.14833, 155.047, -116.701
3.30844, 6799.33, 1188.53
6.56633, 140.296, 4.53605
4.08004, 61.6872, -689.653
4.05369, 790.38, 436.316
4.65424, 119.426, -27.2393
4.46509, 377.961, 238.862
4.43916, 109.616, -113.151
4.34871, 189.586, -219.131
5.88118, 257.328, 142.1
6.10384, 520.394, -274.132
7.20082, -2522.79, 1060.11
5.08573, 492.688, -268.469
5.5282, -537.568, -169.546
5.85049, 1675.08, -2528.48
5.11404, 15.0714, -160.416
3.87105, 112.225, 155.476
7.08924, 298.115, -111.196
3.73367, 146.963, 192.609
4.77876, 353.029, -559.592
3.30374, 124.53, 137.861
4.68319, 345.291, 48.295
7.45767, 899.728, -380.07
6.26931, 4411.07, -4263.2
4.97846, 19.9916, -814.88
7.01651, 142.264, -3.37466
4.68213, -60.0811, 144.535
5.09239, 2281.6, -1800.34
4.44866, -1997.52, -3287.82
5.63431, 158.906, 143.027
5.19331, 216.515, 73.8939
4.35955, 176.855, 1119.79
2.54674, 5.35816, -883.631
6.3794, 283.387, 46.1071
2.85317, -451.996, -492.314
3.98511, 833.438, 152.678
4.78581, 68.5517, 1778.55
3.25156, 481.274, 158.906
5.97819, 77.8962, -581.835
4.15587, -419.582, -480.797
5.21197, -3803.45, 6673.75
2.64678, -3633.25, -2395.54
5.38086, 477.723, -454.428
5.18133, 87.2085, -329.393
7.36678, 562.396, 334.361
5.57063, 173.287, 9.21152
5.26431, 2913.65, -5045.13
6.69051, 1130.76, -262.185
3.75764, 514.115, -1170
6.98957, 216.652, -7.23266
5.97428, 103.116, -144.42
5.82752, -545.922, 2522.18
3.06838, 646.206, -669.705
3.37987, -1795.35, -733.41
2.91253, -1920.83, 3080.28
6.68103, 528.539, 69.1436
2.64818, 774.823, 4076.99
6.34719, 80.2024, -72.5686
4.29829, 220.072, -3885.88
6.24626, -1051.51, -376.43
6.28385, 173.795, -5.86333
3.60834, 2568.3, -1476.19
5.58305, -333.6, 207.302
3.66846, 495.347, 302.873
6.22052, -37.7356, -3850.8
5.80997, -177.102, -718.344
4.9209, -3709.95, 6738.13
2.58972, 655.646, 314.071
4.98291, -74.9148, 473.533
5.09587, 178.059, -28.2581
4.71395, 687.439, 3550.89
4.14528, -2549.38, 1625.25
3.52671, 117.601, -35.7911
7.19863, -0.893178, 1063.83
2.85168, 1160.6, 3250.4
3.30042, 364.947, -1242.66
6.70788, -53.1862, 204.768
4.13614, 77.1608, 136.234
6.85942, -151.729, 51.291
5.99896, 437.052, -39.4988
5.52801, 687.062, 218.466
4.77536, 674.878, -40.6885
2.91543, -335.833, 782.019
3.94883, -3662.55, -899.824
6.51009, -64.7613, -79.6361
6.81821, 266.774, -1472.63
3.81831, -5092.8, 399.587
4.79881, 779.068, 518.886
4.95672, 200.934, -173.065
5.82344, 1697.49, -2572.16
7.31738, 133.61, -297.106
7.23022, 503.073, 108.05
2.81902, 1686.79, 145.57
5.04829, -623.037, -600.172
6.13222, 403.684, -389.881
5.65882, 318.07, 14.637
3.26658, -401.439, -660.419
5.09652, 688.832, 3552.6
3.52281, 6464.9, -2034.2
6.03231, 14.5042, 125.429
6.05786, -1384.81, 6889.59
3.66304, 368.419, 473.344
6.80594, 368.186, 106.189
2.67122, 426.841, -123.287
6.26587, 1037.24, -134.772
4.14789, 378.19, 1033.91
4.65309, 5833.43, -1526.45
7.33455, 32.0549, -556.739
4.05803, -1876.42, -1760.09
5.69762, -6726.5, -87.3538
5.95386, 189.73, -60.1266
5.36403, -475.233, 194.206
6.60667, -3763.63, 6698.56
4.21807, -4061.82, 1552.59
5.09387, 112.023, -219.626
6.78438, 272.825, 1062.94
6.18587, 19.313, 649.167
3.45992, 1907.14, -840.409
2.83145, 196.704, -131.258
3.60828, -4842.17, 3046.15
3.33656, 231.011, 19.6513
6.31172, 270.042, -225.27
5.44905, 1807.33, -2394.93
4.65223, -7051.02, -474.575
7.09618, 1618.27, 41.5188
5.09668, -1086.3, -1593.45
7.38058, -451.674, 53.3591
5.15714, 156.617, 75.4333
2.98716, -1174.22, 557.794
5.83983, -585.353, -546.452
5.44444, -592.483, 2994.25
5.01137, 271.44, 24.1065
2.75808, 399.931, 1469.8
2.6753, -129.622, 129.709
4.41484, 79.9851, 536.381
5.55555, -2982.55, -3274.52
5.06574, -7045.46, -478.411
5.98498, 503.857, 105.568
4.89891, 270.585, 96.2172
3.88323, -7244.56, 34.7448
6.01685, -325.539, 3254.69
3.67701, 211.684, 212.484
6.41501, 197.002, 22.0475
6.60589, 331.935, 317.464
3.21842, 4512.93, 3860.39
5.75757, -336.656, -450.914
3.87677, -1527.04, -1914.81
7.26215, 3247.51, -1226.7
4.58238, 419.844, 101.851
3.03869, -40.2682, -634.668
4.70633, 381.162, -518.908
6.28811, 176.527, -336.024
2.77803, 540.5, -23.2973
3.51241, 158.325, -14.0405
6.82305, 555.491, -295.222
6.52456, 79.8889, 37.6774
2.78861, 740.562, 2027.74
4.40304, -91.0971, 249.547
4.56124, 233.735, 62.085
2.80071, -1626.56, -749.767
7.09746, -1189.73, -988.506
3.35398, 378.367, -119.355
6.51634, 321.491, -330.889
3.88599, 3034.13, -796.158
4.44586, 181.282, -62.6884
7.19936, -2120.87, 1223.87
6.24573, 152.062, 3303.36
3.44774, 4908.97, -4957.28
6.89581, 219.458, -146.066
6.8953, -26.8141, 12.2253
3.30515, 230.874, -1865.9
5.87346, 96.3245, -113.774
6.89096, 88.5805, 12.4107
6.98262, -788.427, 4435.59
3.06535, 522.572, -51.3465
5.93789, -2052.14, -1530.45
3.21651, -37.1349, -405.084
3.6901, -924.611, 337.755
5.64383, 3420.13, -2347.25
4.312, 252.836, 305.802
4.64437, -2162.1, -1986
4.91936, 1799.73, -2150.6
6.20379, 120.448, 1918.85
3.23098, 30.6501, -459.399
7.36238, 178.74, -34.6294
7.3158, 514.071, -71.395
3.14741, 3021.65, -1867.13
5.3784, 145.03, -157.907
4.66439, 233.482, -971.717
5.50066, 430.927, -108.84
5.85098, 388.088, 414.198
4.5137, -3578.78, -1237.32
6.46691, -2013.24, -1715.22
4.89889, -4265.44, 2065.96
5.72449, 255.128, 231.611
4.28836, 6781.98, -1055.87
5.96794, 152.021, -957.874
5.83428, 1112.03, 627.754
3.22071, 285.928, -57.8068
7.10415, 188.72, -195.134
4.22228, 1293.98, 4573.35
6.66824, 327.887, 58.8035
2.74349, 228.144, -1053.64
3.27936, 1500.79, -2543.28
2.55765, 803.514, -330.136
3.94327, 449.118, -239.199
5.07295, 164.702, 571.305
3.65948, 1343.04, -4102.67
2.75022, 418.612, -377.92
5.33091, 483.203, 105.51
6.69774, 519.64, -397.181
4.28763, 746.905, -145.585
4.3452, 212.061, -900.586
7.22226, 202.495, 22.8783
4.72425, -1361.19, -19.4847
6.82086, 218.826, 8.61555
5.82654, 117.152, -434.548
5.79297, 634.644, 257.153
7.10736, 3010.82, -2218.08
5.11536, -3825.74, 3051.27
5.45229, -72.5195, 835.28
5.79944, -220.365, -3080.77
4.24765, -1767.23, 1168.53
4.11714, 514.557, 244.299
7.08984, 234.525, 906.16
3.08619, -5659.67, 2218.91
7.31268, -443.408, 417.445
5.17978, -10.1458, 228.206
5.81447, 1916.5, 1092.39
5.48362, -5886.04, 2824.82
6.93363, 155.269, -1077.88
6.67999, 571.694, -72.086
6.69339, 230.346, 13.948
6.85642, -482.408, -446.535
2.5002, -534.361, 2514.35
4.77274, -1223.23, -3647.36
4.25696, 1652.87, 140.545
5.80713, 5963.64, -4539.89
6.22234, -336.56, 108.455
3.3821, -1130.87, -5088.74
7.4621, -1351.66, 1557.29
5.95466, 479.841, -396.266
6.97862, -548.603, 139.169
3.51579, -1367.41, -565.286
7.2356, 719.198, 595.059
4.88476, -5392.42, 2946.52
6.78578, -4845.43, 3047.49
6.41237, -160.275, 133.975
5.70687, -3686.22, 3583.71
3.14521, 36.8899, -157.703
5.77944, 202.046, -631.258
3.09199, 120.871, -56.261
3.88793, 3051.07, 867.296
6.65548, 68.6534, 2838.64
6.14153, 4548.79, 5864.41
6.74348, 5074.95, -3797.72
3.43989, -219.799, 391.748
6.09602, 218.423, -123.474
4.25586, 76.3969, -547.179
3.34555, 319.087, -87.0546
4.52383, -5447.99, 614.52
4.20924, 176.904, -48.8429
6.67141, -245.461, 223.711
3.9111, -4207.42, -6821.55
5.16766, 4322.49, 2474
6.25085, 1292.96, -2298
4.62554, 514.927, 257.799
4.66964, 641.263, 187.079
3.03022, -3968, -2920.23
6.4639, 357.204, 337.97
3.91232, 282.659, 73.5266
7.14264, 4500.42, 7004.83
5.37926, 306.751, -7.80592
3.4895, -445.751, -473.106
5.99081, 300.927, 1.07946
3.07265, 1125.68, -174.945
4.22945, 132.537, -1075.18
4.15646, 287.769, -68.8367
6.42735, -5925.29, 2874.23
6.65775, 514.747, -50.4751
4.21712, 393.164, 46.6607
4.2603, -637.223, -29.9769
6.38197, 59.3334, -130.887
6.58658, 136.776, 96.3298
4.26157, -452.068, -567.663
7.09559, 170.033, 242.636
3.2877, 689.087, -78.9858
5.56029, -70.0418, -359.22
5.54222, 165.318, -38.361
3.16647, 3335.67, 3379.61
3.51409, 4286.04, 5821.39
4.79457, 464.898, 54.9914
3.48759, -290.926, 1613.24
6.77118, 335.269, 203.193
6.54562, 1241, 1084.94
2.80131, 2855.7, -1866.79
6.50584, 1807.69, -5314.9
5.49597, 410.362, -145.411
7.43182, 344.643, -54.0185
2.65919, -280.325, -173.296
6.8356, -3621.19, 4303.57
3.69109, -2238.66, -778.442
3.6127, 2307.59, 983.079
4.73907, 7465.39, 3483.52
2.61231, -381.474, -196.051
6.79755, 202.546, -80.3431
4.15902, 487.981, -4389.28
5.72195, 702.624, -450.288
7.43521, -264.215, -94.8736
5.30162, 175.216, 70.3147
4.74553, 136.591, 129.05
5.213, 174.145, -536.171
2.90797, -2702.66, 945.002
3.99606, 1620.9, 3181.13
6.63964, -4018.18, -737.539
6.48936, -4673, 2027.91
5.71048, 358.75, -279.136
4.84105, 21.0337, 444.478
7.15326, 568.695, 2038.81
5.08798, 222.248, -789.947
7.42924, -4819, 2981.09
5.94567, -279.232, -48.3843
6.19966, 257.617, -335.536
3.46323, 1190.38, 1592.45
6.08881, 3175.64, -1804.86
6.11146, 772.109, -588.416
6.49298, 120.265, -34.5944
4.23216, -5484.44, 350.361
5.1481, -2366.07, -1329.23
3.19001, 1170.09, -160.908
6.73218, 262.021, -6.87977
6.32766, -228.264, -409.734
7.5, -5887.31, 2816.96
4.24891, -8473.63, -2736.4
5.50367, -837.056, -262.361
3.50808, -520.776, 3608.52
6.2385, -3788.06, 634.375
6.49225, 1092.23, -409.358
3.03505, -917.936, -204.553
5.35813, 110.739, -40.054
2.84683, -5462.59, 1812.42
4.16036, 493.415, 1020.02
5.80945, 181.408, 223.933
5.27726, 432.633, 4166
7.12415, 434.123, 651.31
2.69832, 353.044, 2923.41
2.62083, 697.863, 930.883
4.61923, 75.7815, -78.7315
4.36987, -862.956, 459.189
2.93303, 3893.36, 3843.39
3.05403, 295.95, 214.997
5.31992, -5329.1, 167.597
7.37269, 134.947, -72.2275
3.05066, 158.503, -4019.73
5.99352, -3240.48, -3583.41
2.79674, 27.9508, 287.972
4.69755, 888.458, -640.133
5.24651, 1241.65, 535.233
3.45129, 272.394, -135.914
7.36597, 54.5342, 120.501
3.19593, 194.133, 62.7733
5.48978, -3238.6, 267.667
7.12812, 230.78, 443.38
3.91116, -1681.71, 389.644
6.8307, 453.389, -260.098
6.29598, 838.169, -1262.71
6.10793, 8.32145, 243.31
3.34241, 130.596, -37.3961
3.32882, 1527.46, -2698.37
3.39076, 371.996, 39.8597
5.87226, 297.974, -150.922
4.83484, -464.633, 759.177
6.85219, 308.634, -22.6828
5.76023, -563.524, 395.286
5.80464, 1923.29, 1098.64
2.58037, 295.478, -249.184
4.30596, 6298.03, 3540.81
3.72747, 120.449, 1251.15
6.93086, 244.861, -317.602
5.23701, -8016.27, 147.877
6.57209, -461.726, -258.336
5.24453, 801.859, -79.9445
4.16156, 812.192, -338.257
4.40213, -1908.77, -3430.45
2.52389, 2248.62, 450.699
6.95226, 238.731, -12.7505
6.16955, 768.614, 236.148
6.04239, -70.03, -2.87437
5.1278, 2044.93, -2984.7
6.41065, 121.302, -136.989
3.42484, 214.908, 254.794
5.72673, 287.545, 171.475
3.42178, -0.184745, -101.656
3.31214, -1004.82, 686.796
2.65594, 1262.31, 1474.16
7.42716, 316.581, -195
4.04559, 641.48, 81.1679
4.11075, 230.062, -15.754
5.51155, 112.898, 21.3211
2.89107, 6122.85, -1126.03
3.93936, -717.792, 20.5099
5.79307, -165.003, 744.82
7.36348, 209.534, -53.8541
7.27758, 4347.32, 1750.23
7.42745, 415.067, 71.2116
7.30478, 107.032, -44.9834
3.0073, 914.968, -6.40549
3.71505, -258.369, -69.4037
6.91151, 648.433, 135.229
5.28805, 263.459, 54.1696
6.7669, 162.769, 90.0051
7.49145, 501.42, 21.7221
3.99751, -5168.15, 2032.8
6.33157, -9325.72, -3020.76
4.81901, 931.676, -1456.23
6.8168, -335.777, -194.998
6.99018, 229.547, -277.215
7.377, 731.885, -80.509
2.77405, 706.731, -41.5277
6.32605, -308.498, -300.19
5.09219, 1626.42, -2557.23
3.46574, -562.268, 337.017
6.98252, 297.994, -76.8122
6.38492, 176.576, 132.863
2.75968, 836.165, -1825.26
7.47331, 1688.58, -2593.6
5.93659, 55.5615, -156.132
5.94854, 1898.65, 1080.21
6.57666, 3143.6, -1494.66
7.05426, -97.349, -93.5177
3.34218, 2845.69, 5468.38
5.24183, 3083.12, -2290.9
6.53351, 180.411, -55.2528
4.17803, 148.056, -43.9553
5.53435, 280.609, 540.563
6.59602, 1780.17, -2373.05
7.3485, 128.617, -131.611
6.29349, 749.299, 577.39
3.72113, 84.8269, -1254.59
5.80589, 456.766, -147.816
4.21574, -114.135, -1.37858
7.27146, 82.1123, 203.852
2.60828, 3291.11, -3517.75
4.54979, 72.2771, 33.1015
2.55789, -4622.35, 4163.9
3.04964, 329.049, 1744.49
5.28259, 94.5576, 135.34
4.45466, 404.722, 62.4222
7.20539, 161.272, -27.2111
2.55572, -145.485, 22.3845
6.22897, 1221.72, -2866.78
3.84293, 87.1966, -295.789
4.27153, 314.475, 292.5
3.45835, 6805.34, -6931.92
5.14832, 254.269, 14.853
4.39478, -1000.86, -5785.26
3.16407, 350.324, 60.9056
4.26563, 278.426, -632.464
4.2497, -5449.81, 2809.05
7.41084, -2441.08, -1833.04
5.25961, 492.3, -233.901
4.99918, -2006.7, -576.601
3.58531, 1559.53, -2273.84
4.37311, -239.567, -864.01
6.78251, 3544.93, 3200.56
6.45578, -3337.58, 6784.71
3.9204, 3099.9, -3952.83
5.07645, -307.184, -245.504
6.79238, 513.488, 19.1755
7.07844, 211.866, -204.857
7.48941, -1993.48, -1716.26
6.53177, 138.421, 38.2143
5.22718, 264.387, -638.079
7.3461, 922.446, 172.659
5.31931, 1104.88, 473.079
4.03031, -174.185, -294.082
5.41853, 89.7809, -145.988
2.91197, 98.4237, -364.911
5.47382, 229.501, 203.022
3.31968, 3072.59, 6019.46
6.46527, 713.999, 32.441
2.95373, -330.909, 1694.3
6.3072, 94.3885, -767.712
6.83996, 288.426, -6.00173
6.40105, 95.2283, -103.095
6.61399, -1944.72, -277.802
6.70974, 189.878, 190.847
4.48328, 345.093, 687.917
6.508, 199.916, 33.7106
6.56811, 173.45, -65.163
5.43493, 381.529, 917.764
4.64621, 230.364, 757.77
2.5002, -1323.58, 448.801
5.31153, 255.213, -177.19
6.22632, -817.71, 721.186
3.89846, 3614.58, 2187.04
2.93406, -915.245, -5155.41
3.5733, 944.581, 1154.38
3.93296, 822.917, 145.988
4.86595, 409.459, 79.4348
6.95893, -2001.95, -1662.38
5.91955, -647.682, 254.478
3.54376, -127.245, -75.4387
6.67533, 141.258, -50.3185
7.09218, 361.263, -903.506
4.48244, 589.238, 37.1369
6.37858, 1727.31, 24.2721
5.68161, 780.23, 400.563
6.64746, -348.409, -10.2166
3.40204, 1944.7, 526.76
7.45927, 111.557, 47.6609
6.70558, 248.126, -155.657
4.65177, 212.5, -716.664
4.38589, 268.104, -102.62
2.70802, 462.447, -644.825
6.80715, -699.209, -1092.17
6.62116, -4750.83, 2839.32
6.25052, 1893.36, 1211.51
3.55801, 193.155, 216.691
4.31029, -450.82, -232.236
4.43545, -103.579, -309.894
7.32918, -3424.21, -2139.4
6.5872, 130.757, -21.8618
4.5755, 2369.62, -346.607
5.83759, -268.071, 437.977
2.52101, -4620.63, 4891.14
6.98048, 421.25, 85.324
3.68416, -233.093, 1247.75
3.79415, 204.373, -162.885
5.4939, 1391.87, 200.415
6.89823, 541.961, -147.193
6.16299, 195.341, 94.5197
6.0773, 770.25, -334.235
3.57724, 6775.35, -302.671
6.30413, -4588.86, 3616.52
3.85351, -77.2943, -358.561
2.75246, 212.953, 47.4292
4.78866, -1992.53, 474.645
2.58759, 15.6938, 86.4351
3.01129, 6962.38, -4413.84
2.639, 3450.5, -2087.75
5.65921, 115.158, -5.55223
6.34425, 161.657, -24.4845
2.74132, 33.1716, -9.59427
6.6924, 257.933, 423.523
6.76899, 115.147, -24.7469
6.57649, -209.886, 695.801
6.85188, 511.812, -4843.43
5.27222, 1118.22, -409.053
6.12646, 83.6961, 343.865
3.20424, -4987.36, 4291.51
6.6115, 192.963, -113.282
5.51185, -2979.19, -3280.11
4.93856, 215.953, -773.883
6.14942, 568.25, 351.372
4.05164, -1813.55, 1226.69
3.93925, 111.779, -491.308
5.45857, 2320.35, -2896.63
5.34055, -3415.7, 1812.75
5.41059, 2819.86, 2330.86
2.84132, -504.444, 238.159
4.34304, -1673.96, -615.267
6.28475, -458.215, 59.8446
6.35297, 586.761, 3261.53
4.27217, 352.183, 284.952
5.98913, 98.3439, 5.51192
5.08005, 1814.15, 1209.8
5.94494, 695.442, 360.428
6.18066, -1721.08, -1368.1
2.56231, -3057.32, -1815.29
7.16549, 183.381, -55.0313
5.37826, -202.952, -278.763
3.05587, 1031.86, 66.5669
4.87388, 91.0098, -129.411
3.24247, 1889.31, -1107.55
4.22594, -9744.96, -2163.91
7.04476, 163.84, -30.9034
4.54571, 3073.03, -1516.08
5.96642, 343.651, 15.2924
3.35865, 135.543, -225.712
6.21715, -5302.48, 1838.93
4.16319, 319.965, -209.697
4.62157, 278.014, -43.0365
2.79523, 134.764, -238.643
5.09005, 243.706, 72.9154
5.94425, 442.806, -473.058
5.01149, 579.821, 211.045
6.56617, 0.14393, 46.8504
3.07974, 160.773, -402.553
5.24841, 738.631, -515.488
5.06046, 756.915, -152.549
6.02649, -2021.34, -1676.79
5.65083, 242.7, -69.1952
4.0207, -146.658, 53.7456
6.74719, 212.599, 78.8446
3.39619, 1852.49, -2426.41
2.61737, 408.46, 1352.78
4.19467, 281.51, 10.6665
3.43818, -1995.69, -1729.59
6.60467, 328.698, 74.1884
6.72507, 100.94, 3320.1
6.78031, -3411.22, 1900.21
7.37454, 102.815, 72.0864
2.99587, 24.3877, 423.566
2.56182, -4382.89, -3255.54
2.58614, 681.935, 702.298
2.64527, -127.12, -515.824
4.1031, -1822.54, -1813.38
6.17815, -3488.03, 2093.55
3.14876, 851.812, 86.995
2.5161, -3343.24, -691.808
6.91905, -1043.97, -769.437
3.70482, -81.7014, 133.12
4.38481, 152.971, 1382.59
4.44879, 116.335, -87.6152
2.81534, 4040.81, 1532.93
7.30792, 365.319, -31.3741
3.75349, 563.634, -190.353
6.85376, 367.4, 31.4388
2.85991, 3386.98, -4562.25
2.70653, 4450.47, -2705.77
3.46378, -602.574, 320.911
3.86708, -2288.02, -1979.84
7.4007, 120.902, 21.7248
3.60607, 1344.45, -5556.6
6.43119, 1671.51, -2527.95
4.42306, -368.324, 1726.14
3.78593, -3163.63, 3668.8
3.91087, 46.9606, -81.5318
7.33834, 1315.85, 590.181
4.22841, -33.932, -154.316
3.45922, -606.003, -800.369
5.05037, 128.533, 28.7037
5.21857, 1232.29, -4959.94
5.72333, 994.441, -366.134
3.89738, -1063.92, 137.59
3.41887, 102.304, -246.914
2.71579, 2370.14, -2753.66
3.98408, -211.563, 137.905
4.25548, 763.945, -487.873
7.09372, 149.704, 94.7043
5.81225, 74.5657, 532.882
5.08041, -1973.6, -1732.26
4.03763, 352.834, -122.384
3.0007, 1963.84, 2102.7
3.47502, 126.352, -46.7367
4.11407, 3421.14, 3457.43
5.56182, 32.526, -444.165
5.13511, 3201.53, -1569.02
3.45653, 256.117, 346.852
4.7178, 6038.99, 3553.69
4.48693, 6958.89, -1357.66
6.28051, 110.736, -337.656
6.6213, 777.603, -311.409
5.51573, -369.59, 556.338
3.04573, 57.383, -630.262
4.11797, 2487.87, -762.933
5.03403, 182.457, -114.775
4.76521, 609.524, -613.186
4.77315, 577.644, 363.005
4.91125, 392.705, 17.7234
5.07896, -4733.73, 820.097
4.50207, -2295.12, -961.104
4.22945, -404.314, -239.072
6.64533, -174.852, -496.101
3.02204, 2339.86, -1632.76
6.40057, 367.289, -201.426
3.19919, 915.744, -616.048
2.62171, 4214.02, 4749.84
6.0664, 13.5068, 1154.71
7.15538, -13.4241, 386.206
7.47667, -3.95944, -219.379
3.86264, 55.7323, 190.015
3.6923, -1958.59, 129.095
3.87328, -482.198, -3294.01
5.70836, -734.583, -829.93
5.17637, 32.1497, -270.415
6.8967, -3036.95, 5363.43
6.75968, -137.966, 48.113
2.98004, -77.2686, -304.893
4.66818, 184.601, -138.966
3.17045, 172.876, 14.8311
5.86802, 109.133, -36.6148
5.34964, 361.105, -511.001
3.66474, 57.4538, -623.827
5.50306, 1169.77, 304.519
2.6551, 138.84, -109.814
7.08512, 205.295, -65.8822
3.82958, 444.006, -707.586
6.50016, 234.507, -171.978
5.46389, 190.431, -228.643
5.0822, 651.573, 94.0461
5.2567, 2503.08, -1303.34
3.47225, 506.546, -124.269
5.36152, -3158.82, 37.7597
3.81992, -672.566, 7397.18
4.41648, 3032.68, -6230.64
2.73626, -460.714, -256.063
4.22823, 592.326, -254.45
3.61594, -3232.37, 7839.57
3.81264, 240.526, 9.05618
3.05141, 411.122, -193.48
7.40088, -21.8468, -103.206
5.93794, 721.232, -316.883
5.82158, 306.194, 245.62
5.99501, 686.794, 145.47
2.68746, 143.799, -7.86591
3.6706, 309.489, -176.683
3.95397, -6101.22, -9178.03
3.50543, 212.254, -7.73911
2.7177, -2844.66, 4291.91
2.56571, -1435.35, 70.8436
6.07297, 6459.33, -2027.35
6.88348, 756.767, 137.579
5.35088, 1940.26, -3566.86
6.92743, -3285.25, -3756.83
5.20042, -1746.05, -662.224
3.31357, -1759.84, 99.2326
3.30492, -2951.22, -2171.07
7.19182, 89.2949, 139.937
3.45628, 171.694, 652.384
3.15761, -3110.01, -416.491
4.41122, 676.919, -625.581
6.12674, -590.112, 3012.35
2.50651, -7045.71, -481.896
4.60222, 5001.68, -2824.76
5.18984, -746.477, -113.732
4.86596, -1426.54, -654.534
6.33003, -257.863, -8.82761
2.9396, -929.725, -1045.22
7.04284, 90.2047, 129.819
3.20818, 238.743, -513.883
2.54782, 311.349, 443.858
2.82267, -27.9025, 745.325
4.96742, 210.855, -62.6528
5.40914, 318.434, -12.7893
4.03373, 4165.43, -7265.25
4.57091, 76.6479, -233.611
4.33401, 1804.78, 2053.27
3.42687, 472.76, -2441.38
2.76788, -2961.53, -2614.98
4.47222, -17.2467, 0.976626
3.98388, -1511.98, -1606.07
5.05388, 150.912, -201.687
3.75392, 2482.94, -3982.88
5.01589, -1515.6, 2594.25
2.51168, 38.6909, -385.197
7.01807, -5872.15, 2801.62
2.79181, 3553.74, 3737.29
5.17506, 249.684, 3317.21
3.95754, 2898.54, -1117.84
7.3023, 133.653, 82.0916
4.73406, -3447.27, -1284.55
5.08479, 256.205, -105.509
5.93861, 999.088, -825.857
2.72187, 270.211, -271.129
7.2946, 3992.03, -2878.51
5.70852, 311.039, 311.091
2.80215, 235.465, -73.2495
3.33964, 543.387, 136.663
5.76491, 290.453, 307.93
6.19864, -520.467, 2515.28
3.57011, 387.788, -547.771
4.31441, 859.562, -1916.51
6.56981, -187.411, 325.312
5.32057, 152.254, -59.1911
7.45886, 372.391, -109.437
6.5669, 128.949, 522.444
3.49157, 3640.58, -4602.1
2.50003, -2.22845, 683.073
4.62608, -3601.4, 4298.5
4.07406, 1843.24, 1132.28
5.56218, -3788.72, 606.121
3.83351, 109.195, -177.34
4.39881, 1645.17, 362.518
5.43397, 369.157, -2.27807
5.95636, -2320.76, 128.993
7.26736, 100.704, -26.6639
4.89785, 194.658, 740.009
3.60319, 479.415, 1024.54
5.33741, 869.976, 664.161
6.09873, -52.3749, 2.21743
4.4953, 1797.64, 129.06
3.48326, 5.9948, 83.2688
6.66971, 579.773, -141.124
5.59561, 318.864, 129.097
7.26866, -247.496, 129.283
3.23222, -522.116, 597.697
5.38953, -422.213, -311.666
7.26796, 139.943, 67.659
3.62331, -5933.99, 2981.38
7.25137, 216.204, -22.1335
3.07874, 854.407, -376.408
2.58372, -121.616, -62.0631
3.90465, 272.477, -126.367
7.15042, 383.963, -398.177
3.04796, -244.493, -241.408
6.77266, 82.9738, -143.794
5.68532, -141.205, 200.655
5.63853, 139.033, 101.853
3.80589, -680.869, 1335.19
5.13936, -989.779, 200.067
7.16608, 2317.81, 960.657
3.98055, -1186.7, 12.2818
4.78006, 394.352, -148.085
6.35659, -1183.71, 4951.77
4.17193, -2127.85, -3411.09
6.31775, 541.631, 302.631
6.65892, -2322.25, 2658.62
2.64618, 2544.02, -1674.43
4.31315, 30.8313, -1085.07
4.16221, 390.992, 249.62
3.17675, 2054.06, 2210.01
3.00839, 1357.4, -4197.57
5.11327, 227.233, -347.56
3.52046, 956.674, -518.205
5.00728, 72.9308, -680.867
5.1371, -5241.72, 3557.03
4.13422, 440.636, -7.58718
4.75888, 278.906, -287.115
6.85263, -645.214, 416.427
4.72884, 532.047, 76.403
6.03726, 319.535, -25.6106
6.83171, -1823.25, 353.57
6.5822, 460.544, -691.511
2.67504, -4056.14, -1577.65
3.8644, -939.904, 2119.26
5.21858, -1548.53, 1032.95
3.19942, 4798.22, -739.381
5.57408, 210.741, -103.171
3.29182, 821.616, -520.325
4.41129, 624.016, 512.755
5.94997, -779.585, -301.263
3.21128, 4086.97, 22.8716
5.65284, 448.726, 101.989
3.15973, -3485.33, -1624.38
7.13583, 319.82, 1.01578
5.53465, 5768.74, -8800.32
5.50388, 711.07, 820.18
3.33635, 1264.11, -221.332
3.301, -1729.06, 2254.28
5.91628, 311.863, -286.292
5.1456, -306.67, 754.609
3.65264, -2044.89, 1125.37
6.55373, 172.924, -51.7775
5.76477, 403.096, 94.7018
4.08597, -151.538, 718.503
2.53953, 364.151, -440.995
3.49176, 574.356, -93.2301
3.78831, 215.846, 199.067
3.03825, 381.656, -1430.35
3.49545, -72.1995, -697.085
6.75079, -6132.58, 3235.86
6.63912, 167.389, 653.432
6.76813, 451.055, 18.175
5.71027, 127.831, 41.7284
3.6787, -3047.89, 3156.75
6.80638, 371.991, 35.3167
5.4745, 320.265, 133.183
2.52745, -1818.08, -1322.57
6.84925, -179.133, -715.835
7.37729, 287.14, 29.1356
5.59653, -2006.75, -1662.01
3.85574, -304.007, -588.768
7.46973, 196.423, 15.787
4.60751, -791.721, -749.724
4.20537, 741.462, 24.3845
4.80717, 348.207, -55.3044
4.44822, -1106.57, -3063.39
4.613, -5039.3, -936.041
2.84879, 89.0154, 747.43
5.5153, -140.542, -43.8745
7.36114, 223.144, -4.2711
5.07406, -35.6009, 115.836
7.45461, 275.727, 163.786
5.84906, -2799.13, -6488.31
4.01716, 565.604, 478.928
3.47371, 771.898, -335.947
4.0109, -1411.13, -4.89347
4.93946, -204.994, -151.506
4.72438, 963.568, 113.647
5.7844, -319.581, 216.855
3.74227, 6298.51, 3542.14
4.72007, -1291.33, -1021.98
5.75894, 323.359, 77.5483
6.67472, 172.209, -95.7137
6.03698, 74.9263, 1002.55
4.93928, -137.763, -1137.66
6.72039, 842.626, 73.0731
7.00296, 808.174, -675.318
6.33082, 288.26, 155.341
5.29453, 743.162, 1355.72
2.70603, -690.675, 597.509
5.46749, 355.839, -174.674
2.68674, -58.3176, -4091.61
4.53488, -1390.02, 1369.95
2.84243, -185.088, -620.597
7.38558, 229.5, 8.5569
2.5956, 1957.13, 3248.71
6.60363, 162.719, -53.5439
5.2195, 4101.72, -3525.32
5.72828, -143.036, 618.732
3.62934, -43.0834, 187.69
2.733, 712.377, 3445.36
3.63154, 165.107, -363.745
4.58371, -156.98, -2728.34
6.40126, -351.897, -215.41
3.72852, 1772.7, -2379.71
4.81411, -93.6313, -416.492
6.14756, -1320.01, -704.271
5.35237, 5832.18, -799.268
5.45997, 791.643, 174.974
4.98425, -1102.49, -30.503
3.951, 138.671, 106.157
4.71107, 423.381, -382.058
2.53669, -3371.03, 7427.73
7.41683, 239.271, -184.763
2.52822, -5.83794, -299.558
4.8676, 2139.61, 618.747
5.86497, 3997.25, 6855.91
