6.27803, -1694.62, 903.546
3.5948, 222.703, 1205.18
5.89648, 915.527, -381.634
5.09708, 135.618, 43.6978
2.76731, 2877.23, -3014.51
2.53849, -452.562, 447.655
4.58743, 4045.81, 2360
7.15218, 268.583, -20.4961
2.95982, -411.881, 757.369
6.00595, 726.775, 491.752
3.81226, 336.234, 236.053
4.14117, -90.0181, -302.677
7.45519, -399.265, -343.775
7.41275, 119.713, 55.4416
5.75759, 757.611, 247.497
6.92354, 91.0724, 8.3453
6.33247, 188.495, 86.4167
3.87453, -1387.93, -229.961
4.93259, -696.916, -579.868
2.80282, -3588.9, 722.93
5.08146, -121.688, -30.3294
4.96988, -2611.8, 879.488
7.23882, 8.65236, 255.673
4.42071, 197.688, -20.6298
5.14874, -2078.73, 622.806
2.75042, -305.49, 2632.1
6.63909, 233.578, 9.4879
5.94228, -693.007, -323.295
6.18112, -218.622, -254.011
6.94286, -2050.18, -1954.66
4.25508, 198.332, -56.6083
6.72991, -96.5578, -266.47
3.84659, -44.9632, -298.823
4.83959, 521.775, -268.014
3.2686, -92.2314, 305.838
2.66527, 374.65, 193.201
7.2768, -1174.19, -833.628
6.95369, 89.1545, 51.9075
3.29884, -1075.89, 123.9
3.15214, -626.676, -133.235
2.515, 1697.41, -259.381
6.0491, 93.0377, -140.141
3.40448, 1209.04, 74.0338
5.76029, 185.076, -265.799
4.42907, 373.894, 437.391
3.23766, 884.726, 1176.07
5.45054, 148.88, 368.945
3.24076, 1682.43, -856.03
3.2091, -1454.38, -1022.73
4.94257, 325.232, 90.9978
3.13015, -905.163, -251.643
5.64635, -651.573, 215.799
5.60817, 133.486, 95.7116
4.88216, 1858.23, -2573.02
2.64188, 590.885, 834.703
3.21011, 2300.22, -442.085
3.15594, 433.255, 229.575
3.31099, 1016.36, -1496.88
3.76529, -493.935, 18.7407
4.77654, -2682.97, 1394.26
6.54472, 75.9491, -118.236
3.57624, -143.397, -217.339
3.75063, 377.527, 360.268
5.02978, 41.2104, 19.0325
6.27922, 122.979, -141.563
5.66369, -868.074, -1946.66
5.9449, -1571.99, -1015.85
7.27207, -598.193, -147.738
5.18713, 2589.6, -1324.7
4.57014, 128.072, 302.69
4.70019, 231.813, 78.1151
6.07821, -1187.62, -1393.2
6.20858, -1413.53, -1297.95
5.12494, -1853.73, 1601.99
6.06711, 223.187, -38.639
5.91025, 272.273, -98.7385
6.82941, 1348.31, -1012.3
3.19597, 829.147, 1024.05
3.57766, -342.731, -61.4485
5.0733, 318.323, 783.405
4.83766, 293.631, 84.7239
3.55759, 1809.46, -1951.49
5.65244, 721.459, -432.153
2.5044, 1530.58, -2164.17
4.09589, -317.505, -2000.51
5.90281, 85.3159, -18.1757
6.0446, 428.787, 39.7596
2.90869, 522.459, 549.083
3.56926, -599.368, -75.0214
4.44412, 29.4435, 69.4566
4.44927, -2273.46, -829.174
3.92018, -251.442, -111.757
4.6123, 86.3802, 8.38262
2.55658, 74.6381, -38.5474
3.72027, -2716.84, 1429.62
4.49072, -889.652, -2088.54
6.64177, -206.159, -221.641
3.78584, -519.055, 687.759
3.59705, -1020.94, -218.668
6.47385, 115.595, 56.1692
5.8476, -645.842, 61.7881
5.49108, 67.6306, 108.077
5.99917, 1650.36, 922.161
5.13062, -149.455, -185.965
4.14833, 118.554, -130.729
3.30844, 2723.64, 453.522
6.56633, -11.1085, -135.006
4.08004, 693.564, 540.118
4.05369, -180.748, 36.3754
4.65424, 89.394, 34.3619
4.46509, -160.671, 83.5431
4.43916, 17.6558, 136.34
4.34871, -171.307, 484.564
5.88118, -142.015, -458.15
6.10384, 776.977, -177.877
7.20082, -1516.58, 345.656
5.08573, 59.5485, -140.823
5.5282, 729.953, 485.628
5.85049, 1016.53, -1501.18
5.11404, 178.893, 136.719
3.87105, 111.137, -475.758
7.08924, 115.742, 50.7767
3.73367, 255.372, 23.8476
4.77876, -93.2922, 842.993
3.30374, 297.249, 327.532
4.68319, 194.361, 176.948
7.45767, 109.24, 33.1418
6.26931, 1844.86, -2026.05
4.97846, 56.4506, -93.8799
7.01651, 126.202, 106.474
4.68213, -484.144, -54.496
5.09239, 1321.68, -1113.78
4.44866, -1151.34, -1655.84
5.63431, 14.3098, -26.4567
5.19331, 164.85, -106.199
4.35955, -117.685, 1.32865
2.54674, 183.192, 418.793
6.3794, -58.6943, -31.3062
2.85317, 211.48, 121.971
3.98511, 88.5053, 557.913
4.78581, -209.965, -218.977
3.25156, 110.226, -88.1578
5.97819, 54.97, 423.383
4.15587, 221.174, 124.605
5.21197, -1673.24, 2898.95
2.64678, -1936.42, -873.853
5.38086, 117.581, -475.83
5.18133, -170.959, 112.409
7.36678, -716.2, 362.416
5.57063, 149.33, -41.7849
5.26431, 1387.24, -2211.72
6.69051, 741.678, 488.899
3.75764, 85.9175, 445.387
6.98957, 191.237, 74.8534
5.97428, -159.226, 101.088
5.82752, 42.4907, 1496.89
3.06838, -28.8553, -147.002
3.37987, -361.982, -706.246
2.91253, -592.973, 1150.01
6.68103, -0.0701227, 625.545
2.64818, -266.535, 1524.09
6.34719, -98.1183, 70.4117
4.29829, 248.028, -1980.31
6.24626, 952.907, -116.341
6.28385, 150.65, 40.397
3.60834, 1709.95, -485.927
5.58305, 221.864, -0.20528
3.66846, -547.653, -1.27754
6.22052, 73.8564, -1934.45
5.80997, -244.979, -375.753
4.9209, -1655.92, 3004.94
2.58972, -15.5439, -237.398
4.98291, 116.141, 196.757
5.09587, 185.497, -116.078
4.71395, 704.816, 1835.63
4.14528, -1503.3, 559.287
3.52671, 33.0805, 162.697
7.19863, -210.855, 1170.05
2.85168, 1021.36, 1547.88
3.30042, -166.63, 125.582
6.70788, 218.05, -551.697
4.13614, -32.7971, -153.312
6.85942, 846.626, 345.467
5.99896, 133.242, -74.348
5.52801, 201.355, -48.3795
4.77536, 185.349, 626.771
2.91543, 1026.93, 501.72
3.94883, -1799.31, -841.546
6.51009, 189.81, 5.90349
6.81821, 425.81, 751.632
3.81831, -2472.64, 194.256
4.79881, -478.265, 72.684
4.95672, 186.769, 90.989
5.82344, 916.012, -1529.34
7.31738, 55.0813, -106.065
7.23022, 257.702, 5.1263
2.81902, 968.197, -546.614
5.04829, -643.104, -161.498
6.13222, 48.8916, -39.7874
5.65882, 175.154, -48.6108
3.26658, 24.3723, 143.947
5.09652, 705.813, 1839.82
3.52281, 2962.39, -993.845
6.03231, -219.8, 111.639
6.05786, -506.372, 3129.54
3.66304, 193.179, -381.058
6.80594, 511.011, 3.70382
2.67122, -850.519, -255.305
6.26587, 199.107, 13.8977
4.14789, 46.798, -94.7211
4.65309, 2608.85, -527.206
7.33455, -61.7211, -304.679
4.05803, -1165.2, -1012.04
5.69762, -3105.2, 44.7547
5.95386, 146.41, 45.246
5.36403, 334.948, -399.795
6.60667, -1655.95, 2900.95
4.21807, -1942.44, 915.938
5.09387, 28.8424, -512.989
6.78438, 778.812, -138.568
6.18587, 764.883, 895.655
3.45992, -275.061, -77.1082
2.83145, 177.469, -77.2845
3.60828, -2292, 1449.16
3.33656, 175.973, -57.0459
6.31172, 194.921, -22.8281
5.44905, 843.199, -1424.7
4.65223, -3211.05, -345.498
7.09618, 1406.74, -267.566
5.09668, -75.3235, -650.196
7.38058, 102.354, -64.6509
5.15714, -35.3338, -149.856
2.98716, -693.514, 1117.84
5.83983, 252.337, 121.247
5.44444, -506.667, 1662.09
5.01137, 3.88355, -44.9933
2.75808, 951.645, 592.783
2.6753, 615.04, -586.763
4.41484, 27.2164, -24.3256
5.55555, -1392.24, -1787.48
5.06574, -3216.05, -350.11
5.98498, 72.2591, -272.571
4.89891, 61.7391, 142.237
3.88323, -3111.99, 71.046
6.01685, -121.346, 1837.7
3.67701, 58.5404, 168.316
6.41501, 5.09177, -102.147
6.60589, 1193.14, -132.151
3.21842, 1869.04, 1840.72
5.75757, 627.145, -506.756
3.87677, 67.131, -687.57
7.26215, 1307.41, -881.382
4.58238, 179.455, 22.0883
3.03869, -394.949, -393.532
4.70633, 72.1257, -100.998
6.28811, 20.164, -102
2.77803, 747.812, 496.614
3.51241, 285.094, -90.9742
6.82305, 287.664, -289.379
6.52456, 0.501577, 14.9758
2.78861, 402.852, 1418.95
4.40304, -71.6567, 145.866
4.56124, -285.602, -399.718
2.80071, 397.783, -33.4281
7.09746, -962.555, -890.347
3.35398, -168.511, -35.7688
6.51634, -26.4976, -27.0868
3.88599, 5.15574, -42.1606
4.44586, 115.89, -45.9018
7.19936, -1310.29, 283.768
6.24573, 51.6866, 1801.43
3.44774, 1903.46, -2186.22
6.89581, -130.722, -129.669
6.8953, -149.217, -20.8969
3.30515, 268.32, 145.337
5.87346, 721.443, 104.073
6.89096, 271.53, 45.2206
6.98262, -597.496, 2118.4
3.06535, 113.98, -0.361304
5.93789, 124.77, 38.5954
3.21651, 342.441, 310.357
3.6901, 797.055, -193.27
5.64383, 1666.48, -1142.36
4.312, 8.15036, -54.2921
4.64437, -1254.18, -1160.7
4.91936, 1046.59, -1111.6
6.20379, 124.004, -192.466
3.23098, 426.397, -519.241
7.36238, 282.385, -136.503
7.3158, -136.281, -16.0148
3.14741, 1486.26, -1108.32
5.3784, 345.956, -31.8983
4.66439, 358.719, -264.584
5.50066, 57.0942, 95.474
5.85098, 167.244, -85.8836
4.5137, -1896.05, -611.061
6.46691, -1194.59, -1066.78
4.89889, -1906.35, 1198.05
5.72449, -745.949, 633.003
4.28836, 2946.86, -523.525
5.96794, 63.5505, -54.9846
5.83428, -211.544, -486.709
3.22071, 716.938, -436.604
7.10415, 18.6345, -81.931
4.22228, 794.872, 2255.35
6.66824, 161.955, 54.4922
2.74349, 559.602, 236.228
3.27936, 758.921, -1107.99
2.55765, 368.045, 59.3498
3.94327, -27.4536, 45.0025
5.07295, -25.7716, 66.6222
3.65948, 475.351, -2133.99
2.75022, -19.9477, 481.824
5.33091, -3.21615, 9.84223
6.69774, -89.8765, -306.214
4.28763, 226.189, 63.5032
4.3452, 83.5276, 214.877
7.22226, 231.357, -40.0175
4.72425, -1245.39, 362.748
6.82086, 192.711, 114.608
5.82654, -47.2674, 189.877
5.79297, -313.618, 273.119
7.10736, 1682.16, -1257.66
5.11536, -1861.68, 1608.8
5.45229, -130.705, -522.089
5.79944, -281.848, -1750.44
4.24765, -1300.32, 744.441
4.11714, 553.234, -410.723
7.08984, 39.4689, -15.4796
3.08619, -2541.18, 894.861
7.31268, -60.739, 75.6334
5.17978, 71.693, -182.978
5.81447, 233.726, -72.3113
5.48362, -2657.56, 1196.6
6.93363, -488.98, -651.709
6.67999, 124.17, 124.241
6.69339, 48.5056, -101.827
6.85642, -91.5992, 211.534
2.5002, 82.2545, 1495.72
4.77274, -154.281, -692.234
4.25696, 1478.95, -17.6841
5.80713, 2518.3, -2090.17
6.22234, 157.359, -188.906
3.3821, -637.975, -2391.96
7.4621, -910.104, 1174.67
5.95466, -296.5, 200.471
6.97862, -58.3125, -313.372
3.51579, -1022.5, -241.802
7.2356, -259.859, 590.013
4.88476, -2516.66, 1307.04
6.78578, -2289.11, 1446.36
6.41237, 60.6022, 61.1542
5.70687, -1823.33, 1738.37
3.14521, -78.6799, 894.231
5.77944, 24.4197, 200.135
3.09199, -43.2551, -203.4
3.88793, 1759.27, 313.532
6.65548, 290.231, 1720.82
6.14153, 2086.22, 2660.95
6.74348, 2311.93, -1723.17
3.43989, -594.545, -711.823
6.09602, 339.081, 327.084
4.25586, -67.3997, 636.181
3.34555, 413.097, 689.602
4.52383, -2407.64, 333.018
4.20924, -141.211, -8.36843
6.67141, 269.44, 247.097
3.9111, -1816.61, -2944.31
5.16766, 1763.5, 1138.81
6.25085, 383.438, -621.163
4.62554, 215.348, -98.2513
4.66964, 1319.52, -48.5503
3.03022, -2077.6, -1151.51
6.4639, -456.032, -344.174
3.91232, 194.185, -59.5705
7.14264, 2099.1, 2894.49
5.37926, 123.361, 59.0787
3.4895, 559.537, -411.483
5.99081, -339.746, -293.801
3.07265, -648.633, -526.701
4.22945, 378.06, 820.071
4.15646, 308.198, -187.588
6.42735, -2660.9, 1186.73
6.65775, 191.345, 82.5016
4.21712, 1043.54, -486.843
4.2603, 379.751, 183.692
6.38197, -132.278, -227.134
6.58658, 334.438, 89.7334
4.26157, 164.612, -117.602
7.09559, 59.8004, 11.0607
3.2877, 685.893, 665.995
5.56029, 852.659, -452.987
5.54222, 217.614, 8.56672
3.16647, 1570.65, 1784.6
3.51409, 1886.44, 2671.13
4.79457, 369.176, -129.998
3.48759, -714.014, 948.151
6.77118, 124.035, 53.111
6.54562, -555.063, -551.579
2.80131, 1292.25, -1148.41
6.50584, 892.479, -2545.71
5.49597, -30.864, -217.963
7.43182, 20.5119, -5.47647
2.65919, -1007.14, 230.611
6.8356, -1688, 2062.58
3.69109, 401.475, 359.681
3.6127, -130.753, 18.8698
4.73907, 3285.55, 1525.05
2.61231, 65.0088, 30.2903
6.79755, 47.2073, -11.3818
4.15902, 417.998, -2510.96
5.72195, -131.705, 119.22
7.43521, -280.261, -60.6905
5.30162, 104.666, 209.825
4.74553, 289.31, -46.8671
5.213, -97.271, 97.4763
2.90797, 427.446, -36.8875
3.99606, 1257.17, 1578.69
6.63964, -2113.73, -432.237
6.48936, -2041.13, 754.103
5.71048, 436.657, 32.5954
4.84105, 83.7933, 201.589
7.15326, 515.25, 1488.44
5.08798, -609.002, -51.2538
7.42924, -2198.86, 1417.22
5.94567, 156.741, -231.808
6.19966, 31.5518, 11.4775
3.46323, 1116.34, 904.325
6.08881, 1620.32, -1142.01
6.11146, 815.527, 609.527
6.49298, 413.727, -199.172
4.23216, -2562.62, 252.192
5.1481, 316.374, 65.4567
3.19001, 792.358, -823.784
6.73218, 118.991, 14.7336
6.32766, -579.168, -204.602
7.5, -2668.64, 1169.79
4.24891, -3615.57, -1278.72
5.50367, 1126.29, 27.0148
3.50808, -173.734, 2054.55
6.2385, -1952.91, 280.312
6.49225, 198.24, 19.5482
3.03505, 230.102, -366.326
5.35813, 62.9698, -47.7989
2.84683, -2748.47, 949.161
4.16036, -87.9632, -39.4313
5.80945, 110.724, -81.4923
5.27726, 344.309, 2126
7.12415, 190.307, 34.5229
2.69832, 244.812, 1490.07
2.62083, 952.414, 1018.75
4.61923, -114.578, -204.057
4.36987, -238.688, -349.569
2.93303, 1745.05, 1622.87
3.05403, 1.41006, 68.6691
5.31992, -2365.01, 115.22
7.37269, 22.5693, 3.11787
3.05066, -17.1143, -2168.43
5.99352, -1681.84, -1894.57
2.79674, 317.506, 1169.03
4.69755, 391.647, 28.1417
5.24651, -403.952, -324.901
3.45129, 53.5942, -8.5933
7.36597, -189.659, 268.034
3.19593, -11.37, 174.606
5.48978, -1744.16, 307.038
7.12812, 251.082, -770.531
3.91116, 484.689, 111.97
6.8307, 144.032, 501.186
6.29598, 836.987, -1055.83
6.10793, -197.588, -60.8324
3.34241, 129.858, 28.6202
3.32882, 204.781, -1356.93
3.39076, 34.4592, -12.8479
5.87226, 216.422, -21.8705
4.83484, 13.018, -200.306
6.85219, -41.2342, -124.257
5.76023, 260.589, 92.1879
5.80464, 259.8, -73.1182
2.58037, 148.516, 191.61
4.30596, 2861.23, 1712.25
3.72747, 143.754, -326.208
6.93086, 689.483, 953.962
5.23701, -3575.86, 51.7948
6.57209, 259.778, 261.961
5.24453, -811.414, -299.346
4.16156, -354.118, 2.77473
4.40213, -1040.05, -1801.51
2.52389, -334.695, -112.101
6.95226, 45.6326, -77.5282
6.16955, -279.277, -116.17
6.04239, -89.6763, -69.6734
5.1278, 1274, -1460.08
6.41065, 224.157, -475.545
3.42484, -5.42993, 13.1207
5.72673, 175.03, -4.86124
3.42178, 61.2976, 96.3457
3.31214, -1120.86, 469.761
2.65594, 1135, 680.538
7.42716, 94.4972, -25.5072
4.04559, 216.612, -19.7708
4.11075, 211.925, 14.5341
5.51155, 134.16, -77.5944
2.89107, 2616.79, -292.544
3.93936, -212.735, -193.534
5.79307, 586.002, -888.852
7.36348, -210.929, 125.216
7.27758, 2037.5, 748.128
7.42745, 208.464, 61.6519
7.30478, 61.9776, -28.9479
3.0073, 33.0336, -180.891
3.71505, 551.899, -378.41
6.91151, -336.866, 46
5.28805, 176.79, 87.4579
6.7669, 188.967, 35.8527
7.49145, 830.067, -247.721
3.99751, -2222.69, 1186.99
6.33157, -4002.1, -1377.3
4.81901, -528.525, 274.673
6.8168, -119.982, -86.6286
6.99018, 60.3289, -89.8639
7.377, -229.761, -205.977
2.77405, -333.144, -15.4677
6.32605, -118.584, -137.482
5.09219, 1083.13, -1570.26
3.46574, 318.464, 456.366
6.98252, 57.2706, 135.412
6.38492, -193.201, 220.821
2.75968, -196.927, 228.873
7.47331, 1072.51, -1492.47
5.93659, 178.202, -360.683
5.94854, 247.958, -71.4661
6.57666, 1684.06, -742.084
7.05426, -184.443, 114.52
3.34218, 1161.09, 2620.54
5.24183, 1697.16, -1088.24
6.53351, 78.8717, 30.7705
4.17803, 419.049, 574.889
5.53435, -176.868, -686.664
6.59602, 753.554, -1452.6
7.3485, 469.35, -40.8522
6.29349, 118.979, 467.966
3.72113, -121.135, -78.7131
5.80589, 213.853, 20.2258
4.21574, 973.029, 367.796
7.27146, 107.317, -193.598
2.60828, 1304.87, -1862.92
4.54979, 908.114, -352.723
2.55789, -1511.71, 1945.8
3.04964, -43.561, -120.338
5.28259, 718.658, -1002.64
4.45466, 58.4175, -50.4678
7.20539, 167.456, 52.4689
2.55572, -247.065, 515.781
6.22897, 87.2603, 216.903
3.84293, -244.38, -341.404
4.27153, -59.861, -35.6988
3.45835, 2910.29, -3052.46
5.14832, -70.5694, -258.85
4.39478, -500.667, -2605.33
3.16407, -109.167, 120.514
4.26563, -354.695, -318.025
4.2497, -2628, 1329.16
7.41084, -1554.61, -1032.55
5.25961, 285.143, 146.7
4.99918, -1514.95, -416.268
3.58531, 937.277, -1560.85
4.37311, 530.535, -92.0765
6.78251, 1492.96, 1279.92
6.45578, -1439.03, 2809.5
3.9204, 1622.51, -1862.32
5.07645, 921.579, -514.728
6.79238, 87.4116, 130.266
7.07844, 91.3882, 111.226
7.48941, -1198.94, -1068.7
6.53177, -653.051, -371.399
5.22718, 426.672, 445.171
7.3461, -177.356, -293.422
5.31931, 485.729, -223.026
4.03031, 642.348, -869.852
5.41853, 557.007, -221.469
2.91197, -196.47, 481.466
5.47382, -172.703, 79.5464
3.31968, 1389.41, 2449.29
6.46527, -44.3594, -506.08
2.95373, -702.774, 898.646
6.3072, 116.193, -186.407
6.83996, 93.3949, 34.13
6.40105, 3.93483, -503.957
6.61399, -1407.82, -374.59
6.70974, 154.346, 0.842898
4.48328, 699.629, 552.171
6.508, -50.4464, 51.6066
6.56811, 177.96, -0.499569
5.43493, 626.17, 1220.64
4.64621, 202.603, -90.2944
2.5002, 406.669, -443.714
5.31153, 109.431, -30.1308
6.22632, 83.418, 185.884
3.89846, 1886.33, 1015.2
2.93406, -337.263, -2552.02
3.5733, -432.952, -396.835
3.93296, -241.829, 10.6963
4.86595, 402.299, 69.432
6.95893, -1193.44, -1066.74
5.91955, -442.085, 110.215
3.54376, 97.6955, 48.924
6.67533, 10.5272, -119.397
7.09218, 81.7949, -3.31916
4.48244, 467.331, -294.786
6.37858, 1069.92, 499.916
5.68161, 313.241, 231.114
6.64746, 167.45, -452.26
3.40204, -503.852, -384.945
7.45927, 189.545, -13.7158
6.70558, 504.702, -492.693
4.65177, -11.5364, 650.164
4.38589, -62.2908, 102.742
2.70802, 122.24, 205.576
6.80715, 236.443, 87.4653
6.62116, -2144.18, 1522.97
6.25052, 799.049, 1080.75
3.55801, -81.2395, 174.976
4.31029, 49.1344, 90.5933
4.43545, -78.8233, -258.455
7.32918, -1864.58, -1217.88
6.5872, -166.31, -326.744
4.5755, -657.614, 117.412
5.83759, 24.6832, -206.626
2.52101, -2216.25, 2039
6.98048, -78.091, -79.2807
3.68416, 705.659, 202.82
3.79415, 241.124, -61.2525
5.4939, -267.547, -120.932
6.89823, -947.016, 80.5931
6.16299, 126.523, -38.6264
6.0773, -816.455, -324.383
3.57724, 3114.13, -151.104
6.30413, -2263.42, 1720.88
3.85351, 10.3648, -179.928
2.75246, 535.981, 230.421
4.78866, -563.13, 388.016
2.58759, -49.1632, 165.72
3.01129, 2875.94, -1930.19
2.639, -64.6227, 120.776
5.65921, 11.9052, -280.582
6.34425, 180.056, -9.53522
2.74132, -550.935, -501.319
6.6924, 510.273, 532.657
6.76899, 281.147, -53.2158
6.57649, 556.619, -478.541
6.85188, 46.2782, -2232.65
5.27222, 298.716, -72.2791
6.12646, 14.1843, 1143.03
3.20424, -2457.48, 1793.49
6.6115, -33.3908, -272.734
5.51185, -1388.48, -1783.37
4.93856, -43.0223, -139.431
6.14942, -229.016, -198.018
4.05164, -1288.23, 744.032
3.93925, -82.8324, 164.074
5.45857, 1344.92, -1643.7
5.34055, -1795, 888.959
5.41059, 1777.17, 1139.97
2.84132, 378.065, -691.708
4.34304, -1319.99, 205.958
6.28475, -62.3337, -331.224
6.35297, 800.398, 1702.38
4.27217, 97.4346, -240.552
5.98913, 127.898, 7.28041
5.08005, 1382.7, 795.851
5.94494, 66.6662, -35.552
6.18066, -1361.02, -969.786
2.56231, -1551.91, -1292.09
7.16549, -74.7429, 33.1814
5.37826, 23.195, -63.5121
3.05587, -629.417, 262.494
4.87388, 72.0491, -87.5321
3.24247, 778.461, 339.499
4.22594, -4312.09, -1005.78
7.04476, 171.141, 52.7945
4.54571, 1687.66, -736.104
5.96642, 36.1159, 65.858
3.35865, 235.832, -98.1464
6.21715, -2284.04, 889.464
4.16319, -19.9008, -76.2518
4.62157, 130.816, -93.2632
2.79523, 33.7466, -33.4823
5.09005, -3.76759, -172.167
5.94425, 167.197, -499.838
5.01149, -17.4154, -353.976
6.56617, 103.138, 73.7969
3.07974, 97.1097, 248.433
5.24841, 906.647, 433.537
5.06046, 34.9203, 168.652
6.02649, -1231.48, -1057.89
5.65083, 167.919, 81.6066
4.0207, 406.419, 280.965
6.74719, 239.962, 9.84696
3.39619, 771.061, -1401.89
2.61737, 107.479, -214.813
4.19467, -179.233, 7.48802
3.43818, -1186.46, -1001.69
6.60467, -105.919, 97.9819
6.72507, 51.159, 1894.66
6.78031, -1710.86, 1087.48
7.37454, -192.643, 112.3
2.99587, -142.561, -28.006
2.56182, -1862, -1542.7
2.58614, 85.8487, -807.247
2.64527, 171.359, -51.9855
4.1031, -1268.72, -1309.85
6.17815, -1661.56, 900.544
3.14876, -224.612, -310.619
2.5161, -714.099, -88.6659
6.91905, -145.112, -88.4872
3.70482, 568.968, -241.446
4.38481, -259.938, -275.723
4.44879, 78.1247, 97.0947
2.81534, 1798.39, 704.892
7.30792, 231.092, 5.1887
3.75349, 395.699, -486.772
6.85376, 64.2376, 155.51
2.85991, 1387.69, -1957.2
2.70653, 1523.78, -1318.59
3.46378, 35.5957, -6.09886
3.86708, -902.539, -1439.71
7.4007, 171.95, 30.8385
3.60607, 565.443, -2577.57
6.43119, 1020.21, -1503.66
4.42306, -165.657, -260.129
3.78593, -1619.78, 1689.38
3.91087, -253.972, 28.894
7.33834, 5.5089, 318.034
4.22841, 305.64, 353.81
3.45922, 451.988, -213.297
5.05037, -169.115, 186.31
5.21857, 635.058, -2319.12
5.72333, -121.639, -143.923
3.89738, 761.038, -407.394
3.41887, -496.316, -273.084
2.71579, 1350.84, -1651.98
3.98408, 215.168, -444.336
4.25548, 1173.73, -239.088
7.09372, -62.375, 85.1104
5.81225, 206.103, 33.477
5.08041, -1140.12, -1081.25
4.03763, 302.708, -88.9092
3.0007, 1190.2, 1220.54
3.47502, 122.741, 33.0346
4.11407, 1606.48, 1848.19
5.56182, -212.257, -42.0435
5.13511, 709.952, -480.334
3.45653, -453.471, 1060.88
4.7178, 2822.9, 1593.52
4.48693, 3190.84, -621.863
6.28051, -117.217, -211.62
6.6213, -324.241, -116.689
5.51573, -170.686, -903.982
3.04573, 91.6502, 109.686
4.11797, 1527.82, -280.886
5.03403, 161.358, 79.9429
4.76521, 338.405, 920.6
4.77315, 269.195, 236.299
4.91125, 363.44, 49.4463
5.07896, -2415.18, 448.78
4.50207, -1224.34, -1124.38
4.22945, 263.646, 61.3158
6.64533, -13.2122, 506.232
3.02204, 1573, -478.779
6.40057, -200.797, -107.503
3.19919, 36.5524, -157.882
2.62171, 1896.73, 2246
6.0664, -178.056, 651.707
7.15538, 83.7794, -185.082
7.47667, 264.151, 182.388
3.86264, 196.672, -115.278
3.6923, -1121.16, 596.733
3.87328, -183.402, -1645.05
5.70836, -89.5054, -245.528
5.17637, 70.8443, -7.89624
6.8967, -1506.02, 2487.6
6.75968, -14.1793, -311.563
2.98004, -64.2238, 749.384
4.66818, 287.874, 58.1252
3.17045, 190.449, 117.304
5.86802, 118.508, 85.9559
5.34964, 220.286, 152.736
3.66474, 147.26, -1144.37
5.50306, 244.562, 144.851
2.6551, 575.272, -247.216
7.08512, 194.338, 149.594
3.82958, 688.915, 442.812
6.50016, 132.102, -140.234
5.46389, 56.612, -37.1734
5.0822, 258.005, 19.0756
5.2567, -130.368, 131.019
3.47225, 189.555, -3.8934
5.36152, -1531.51, -361.051
3.81992, -364.986, 2998.98
4.41648, 1258.46, -2763.38
2.73626, 226.048, 200.713
4.22823, -133.148, -75.3022
3.61594, -1626.86, 3570.77
3.81264, 177.71, -107.134
3.05141, -41.0668, -174.092
7.40088, 90.8973, 149.755
5.93794, -822.663, -321.158
5.82158, 258.579, -217.521
5.99501, 0.56477, 102.315
2.68746, 242.248, 73.1913
3.6706, 213.555, -131.081
3.95397, -2583.91, -3901.97
3.50543, -36.1197, 120.542
2.7177, -1382.3, 1878.72
2.56571, 748.899, -411.26
6.07297, 2959.85, -985.999
6.88348, 247.632, 143.281
5.35088, 924.9, -1826.48
6.92743, -1448.75, -1554.78
5.20042, 116.301, 261.055
3.31357, -1182.29, 494.441
3.30492, -1397.93, -1313.6
7.19182, 122.509, 88.6569
3.45628, 24.9049, 146.282
3.15761, -1672.53, 105.513
4.41122, -143.949, 126.455
6.12674, -491.78, 1644.6
2.50651, -3209.41, -344.043
4.60222, 2278.49, -1349.11
5.18984, 851.48, 188.301
4.86596, 316.958, 260.623
6.33003, 840.74, -250.689
2.9396, 505.373, -45.4938
7.04284, 29.3476, -70.0645
3.20818, 100.679, 648.475
2.54782, 192.902, 102.127
2.82267, 126.17, 202.254
4.96742, 123.916, 59.7995
5.40914, 162.604, 16.9424
4.03373, 1820.68, -3276.95
4.57091, -19.1563, -437.788
4.33401, 311.404, 390.143
3.42687, 144.712, -1685.22
2.76788, -1246, -1486.23
4.47222, 109.977, -10.3145
3.98388, 479.116, 340.377
5.05388, -202.979, -447.816
3.75392, 1153.78, -2032.15
5.01589, 12.5403, 53.3303
2.51168, 1088.92, -334.614
7.01807, -2664.74, 1180.61
2.79181, 1863.71, 1744.27
5.17506, 70.5807, 1715.57
3.95754, 1652.1, -794.105
7.3023, -160.399, 81.2734
4.73406, -1865.86, -880.874
5.08479, -2.00401, -29.6417
5.93861, -559.866, -417.584
2.72187, 55.561, -172.227
7.2946, 1943.45, -1497.14
5.70852, -54.1538, -301.165
2.80215, -64.4509, 221.673
3.33964, 29.6733, 39.4561
5.76491, -223.25, -274.95
6.19864, 72.8956, 1496.37
3.57011, -66.1968, 259.991
4.31441, 181.352, -1347.1
6.56981, 727.127, -434.997
5.32057, 181.698, 28.1001
7.45886, -32.6225, 154.328
6.5669, 341.719, 64.8991
3.49157, 1624.62, -2208.82
2.50003, 274.674, -20.979
4.62608, -1684.15, 2062.43
4.07406, 1280.15, 683.65
5.56218, -1930.59, 314.593
3.83351, 128.943, 61.7367
4.39881, 338.67, 295.567
5.43397, 102.604, -51.2313
5.95636, 54.04, -238.151
7.26736, 19.5942, -41.9036
4.89785, -118.013, 363.226
3.60319, -247.999, 300.432
5.33741, -171.446, -9.07201
6.09873, 25.7486, 162.175
4.4953, 1400.53, -258.112
3.48326, 724.646, -439.889
6.66971, 58.3046, -146.703
5.59561, 549.494, -661.175
7.26866, 23.2554, -129.654
3.23222, 782.83, 501.49
5.38953, 148.611, -149.317
7.26796, 318.381, 282.92
3.62331, -2488.51, 1280.39
7.25137, 41.3008, -42.2856
3.07874, 1051.45, -505.849
2.58372, 152.77, -119.047
3.90465, 185.654, 65.934
7.15042, 352.476, -394.62
3.04796, -1093.2, -436.521
6.77266, -244.032, -456.129
5.68532, 385.097, 360.359
5.63853, 102.497, 493.048
3.80589, -409.821, 1086.53
5.13936, 553.957, -480.774
7.16608, 15.095, -54.1959
3.98055, -462.014, 119.773
4.78006, -1.85647, 36.9165
6.35659, -373.518, 2260.67
4.17193, -969.899, -2090.42
6.31775, 53.9149, -21.013
6.65892, -1299.81, 1165.44
2.64618, 1484, -920.509
4.31315, 521.094, 60.0063
4.16221, 366.039, 126.667
3.17675, 774.751, 449.817
3.00839, 654.014, -2041.49
5.11327, 33.644, 426.84
3.52046, 180.393, 391.591
5.00728, 300.682, 345.52
5.1371, -2375.7, 1394.16
4.13422, 130.856, -78.0713
4.75888, -229.238, 470.23
6.85263, 648.321, -59.6138
4.72884, 289.627, -35.3716
6.03726, -16.0792, 350.969
6.83171, -1287.97, 236.989
6.5822, -74.5563, -56.6021
2.67504, -1822.46, -730.274
3.8644, -333.363, 1451.04
5.21858, -358.365, 207.107
3.19942, 917.228, -282.137
5.57408, 202.243, -15.1996
3.29182, -164.193, -602.999
4.41129, 26.2565, 9.48601
5.94997, -91.0203, -285.532
3.21128, 2147.79, -76.2833
5.65284, 187.861, -169.214
3.15973, -1610.36, -1188.78
7.13583, -41.3779, -130.436
5.53465, 2455.71, -3773.39
5.50388, 548.72, -663.462
3.33635, 414.055, 8.84564
3.301, -251.525, 984.246
5.91628, 40.0867, -71.125
5.1456, -217.101, 139.308
3.65264, -1298.17, 574.945
6.55373, 156.805, 85.172
5.76477, 97.7579, -77.2542
4.08597, -174.773, -388.827
2.53953, -18.6611, 0.392475
3.49176, -103.184, -936.809
3.78831, 22.6963, 675.515
3.03825, 773.586, 174.694
3.49545, -529.501, 283.337
6.75079, -2712.17, 1502.05
6.63912, -6.13053, -124.833
6.76813, 88.5496, 21.8625
5.71027, 202.673, 46.5874
3.6787, -1513.86, 1562.77
6.80638, 275.508, -100.272
5.4745, -53.5942, 637.911
2.52745, -1225.82, -957.482
6.84925, -243.611, -379.86
7.37729, 124.616, 71.9109
5.59653, -1196.72, -1069.45
3.85574, -67.9465, 132.777
7.46973, 172.828, -27.8694
4.60751, -979.935, 146.539
4.20537, 217.376, -103.973
4.80717, 318.477, 127.196
4.44822, -611.068, -1724.48
4.613, -2455.87, -522.569
2.84879, 113.56, 67.5332
5.5153, 285.482, -131.187
7.36114, -401.003, 121.562
5.07406, 48.0706, -28.697
7.45461, 181.395, 124.468
5.84906, -1171.67, -2913.38
4.01716, -103.295, -338.922
3.47371, -820.465, -324.53
4.0109, 317.586, 284.965
4.93946, -281.066, 46.7143
4.72438, 362.907, 163.464
5.7844, 178.401, 9.36998
3.74227, 2862.14, 1712.01
4.72007, -918.475, -937.951
5.75894, 27.8173, 120.299
6.67472, -107.393, -188.032
6.03698, 92.5423, 68.3943
4.93928, -437.191, -48.029
6.72039, 560.069, 300.26
7.00296, -119.522, 116.12
6.33082, 23.7242, -283.707
5.29453, -746.303, -324.404
2.70603, 603.528, 11.297
5.46749, 905.702, -476.426
2.68674, 192.459, -2095.28
4.53488, 75.661, -625.893
2.84243, 88.4398, 364.803
7.38558, -105.347, -278.043
2.5956, 1321.44, 1714.99
6.60363, 258.199, 143.428
5.2195, 2050.54, -1514.85
5.72828, -74.1706, -59.8055
3.62934, 315.261, 203.297
2.733, 68.4841, 1547.36
3.63154, -228.217, 94.7382
4.58371, 280.601, -1430.5
6.40126, 406.587, -82.826
3.72852, 753.971, -1453.91
4.81411, 217.111, -125.402
6.14756, 564.497, -253.295
5.35237, 2657.35, -400.788
5.45997, -425.888, -857.579
4.98425, 272.543, 266.754
3.951, 117.798, 89.8602
4.71107, 6.32357, 22.8359
2.53669, -1398.92, 3039.02
7.41683, 150.674, 104.585
2.52822, 72.2743, 91.4439
4.8676, 1076.72, 613.745
5.86497, 1811.43, 3002.13
