6.27803, -437.793, 149.751
3.5948, 296.813, 373.267
5.89648, 323.186, -244.656
5.09708, -59.32, -58.8188
2.76731, 703.163, -882.615
2.53849, 260.054, -188.28
4.58743, 1070.13, 572.822
7.15218, 52.5622, -213.021
2.95982, 59.1855, 56.9126
6.00595, 416.609, 481.845
3.81226, -81.7096, -65.0587
4.14117, 37.6475, 36.6626
7.45519, -309.018, -485.375
7.41275, -25.4278, 259.358
5.75759, -102.581, 244.024
6.92354, -179.262, -243.788
6.33247, -59.9618, -118.161
3.87453, -302.495, 289.645
4.93259, -10.6877, 293.791
2.80282, -731.304, -81.0844
5.08146, -48.9835, 188.53
4.96988, -601.102, 212.189
7.23882, -190.929, -18.9052
4.42071, 123.64, 413.267
5.14874, -432.35, 332.988
2.75042, -238.441, 592.603
6.63909, 123.003, 371.67
5.94228, -7.35905, -17.1694
6.18112, -110.985, -50.9789
6.94286, -599.288, -743.714
4.25508, 16.9249, -193.007
6.72991, 51.3003, 329.719
3.84659, 85.0285, -140.821
4.83959, 471.11, 220.753
3.2686, -121.007, -216.618
2.66527, 81.1694, 82.1959
7.2768, -316.26, -401.167
6.95369, 66.1438, -17.6611
3.29884, -574.06, -24.8017
3.15214, -672.39, -263.432
2.515, 119.612, 133.509
6.0491, 54.1615, -272.744
3.40448, 344.534, -219.806
5.76029, -2.74024, -268.379
4.42907, -25.6396, -133.57
3.23766, 153.567, 433.399
5.45054, 38.6654, 81.0703
3.24076, 517.499, -242.307
3.2091, -557.825, -435.825
4.94257, -80.4228, -171.988
3.13015, -430.595, 0.742186
5.64635, -409.537, -188.222
5.60817, -355.609, 113.547
4.88216, 551.524, -753.358
2.64188, 408.618, 587.26
3.21011, 615.759, -254.941
3.15594, -164.884, 14.0854
3.31099, 360.135, -588.262
3.76529, 381.097, -90.6203
4.77654, -884.92, 521.177
6.54472, 227.611, 111.017
3.57624, -130.368, 201.893
3.75063, -0.946437, 444.576
5.02978, 0.599481, 286.272
6.27922, 49.3693, 123.5
5.66369, -208.081, -588.058
5.9449, -605.466, -457.221
7.27207, -602.881, -264.792
5.18713, 563.656, -332.954
4.57014, 121.505, 590.392
4.70019, 29.4363, 239.805
6.07821, -518.849, -543.436
6.20858, -295.473, -527.931
5.12494, -669.383, 588.209
6.06711, -110.426, -51.4814
5.91025, 246.532, -21.6142
6.82941, 367.737, -293.684
3.19597, 430.358, -4.48527
3.57766, -331.73, 27.9376
5.0733, -122.397, -131.856
4.83766, -4.51806, 249.896
3.55759, 219.525, -513.54
5.65244, 438.708, -374.499
2.5044, 431.021, -625.892
4.09589, 53.3032, -1135.59
5.90281, -142.488, -2.0123
6.0446, -133.119, -369.444
2.90869, 29.7042, -210.685
3.56926, 85.776, 14.3529
4.44412, -188.49, 123.712
4.44927, -846.731, -378.853
3.92018, 134.344, -245.29
4.6123, 27.2916, 297.545
2.55658, 587.716, 49.332
3.72027, -703.22, 391.858
4.49072, -36.2536, -714.2
6.64177, 85.0018, -8.39481
3.78584, -471.224, 228.911
3.59705, -156.66, -365.858
6.47385, 175.641, 308.471
5.8476, -332.333, -509.271
5.49108, 7.41356, -443.542
5.99917, 626.969, 238.503
5.13062, -107.941, -213.21
4.14833, -193.181, -65.4088
3.30844, 251.612, -4.46396
6.56633, -69.0894, 78.1881
4.08004, 395.204, 99.8894
4.05369, -75.8965, -58.6066
4.65424, -43.4578, -76.3874
4.46509, 478.551, 200.976
4.43916, 10.2682, -235.727
4.34871, -4.55142, 317.07
5.88118, -508.036, -235.245
6.10384, 518.235, 11.8958
7.20082, -492.673, -113.316
5.08573, -107.993, -41.9364
5.5282, 428.581, 487.937
5.85049, 356.973, -598.399
5.11404, -449.623, 213.362
3.87105, 381.286, -91.8976
7.08924, 125.496, 292.783
3.73367, -186.781, 200.503
4.77876, -360.97, 28.034
3.30374, 284.321, -200.682
4.68319, -19.669, -134.046
7.45767, 157.877, -36.5824
6.26931, 285.143, -520.73
4.97846, -35.598, 188.879
7.01651, -11.1216, -33.7295
4.68213, -44.4894, 293.063
5.09239, 498.475, -389.968
4.44866, -576.736, -391.206
5.63431, -101.714, -210.597
5.19331, -183.803, -164.393
4.35955, 73.1064, 82.3836
2.54674, -214.243, 17.4497
6.3794, 35.1118, 70.7011
2.85317, 226.631, 258.26
3.98511, -199.327, -234.651
4.78581, -235.769, 215.474
3.25156, -174.06, -44.1037
5.97819, 166.777, 328.222
4.15587, -44.3757, -355.106
5.21197, -462.253, 756.915
2.64678, -735.727, 23.0398
5.38086, -256.615, -259.321
5.18133, 54.6092, -210.027
7.36678, -203.998, 505.366
5.57063, -49.2861, -170.083
5.26431, 448.604, -389.489
6.69051, -79.1498, -162.808
3.75764, 123.69, 228.307
6.98957, 224.411, 10.7501
5.97428, 172.573, -157.347
5.82752, 349.73, 538.066
3.06838, 508.439, 343.661
3.37987, 446.091, 357.113
2.91253, 193.148, -430.036
6.68103, -255.455, 361.217
2.64818, -197.204, -472.002
6.34719, -60.4882, -67.3452
4.29829, 200.217, -656.35
6.24626, 501.92, -391.228
6.28385, 123.789, -108.212
3.60834, 431.907, 247.401
5.58305, -132.968, -172.872
3.66846, 32.2039, 251.615
6.22052, 184.659, -555.858
5.80997, 360.553, 466.724
4.9209, -390.238, 733.007
2.58972, -612.71, 278.748
4.98291, 46.5878, 275.977
5.09587, 132.944, -194.542
4.71395, 587.085, 499.286
4.14528, -371.989, -106.686
3.52671, 108.504, 35.7729
7.19863, -234.679, 330.73
2.85168, 672.722, 290.95
3.30042, 129.86, 44.7094
6.70788, -81.7611, -221.419
4.13614, 367.905, 311.662
6.85942, -60.9477, 100.828
5.99896, -403.417, -189.108
5.52801, 230.679, 13.9866
4.77536, 367.568, 294.147
2.91543, 847.229, -312.998
3.94883, -335.545, -541.687
6.51009, -12.0715, 16.1971
6.81821, 349.488, 229.647
3.81831, -809.501, 166.533
4.79881, -227.84, -169.496
4.95672, -17.5299, -159.085
5.82344, 428.662, -402.3
7.31738, -41.3576, 215.782
7.23022, 230.034, -55.1951
2.81902, -259.998, -233.027
5.04829, -97.91, 157.786
6.13222, -305.548, -218.346
5.65882, 219.425, -161.766
3.26658, -155.456, -92.188
5.09652, 587.069, 502.613
3.52281, 901.158, -374.408
6.03231, -211.163, -173.827
6.05786, -9.43511, 938.097
3.66304, 203.952, -53.0402
6.80594, -219.704, -314.033
2.67122, -162.632, -643.44
6.26587, -55.3483, 113.919
4.14789, -127.649, -187.376
4.65309, 754.811, -4.76418
7.33455, 294.825, 232.082
4.05803, -291.759, -469.326
5.69762, -871.128, 197.78
5.95386, 183.172, -46.0789
5.36403, -132.469, -290.301
6.60667, -475.178, 730.265
4.21807, -531.617, 364.494
5.09387, 353.025, 318.589
6.78438, 473.69, 6.82102
6.18587, 381.082, 234.364
3.45992, 114.073, -327.351
2.83145, 74.3268, 239.838
3.60828, -773.343, 435.426
3.33656, 68.6983, 150.174
6.31172, -54.8782, -22.6792
5.44905, 164.419, -570.154
4.65223, -973.35, -249.855
7.09618, 364.025, -349.868
5.09668, -349.113, 188.412
7.38058, -353.16, 164.345
5.15714, 371.308, 311.585
2.98716, -113.699, 881.4
5.83983, 151.412, 272.791
5.44444, -302.433, 532.134
5.01137, 100.587, 328.28
2.75808, 553.274, -367.524
2.6753, 496.341, -57.1915
4.41484, 208.029, 6.90818
5.55555, -377.642, -653.693
5.06574, -1001.9, -220.917
5.98498, -276.071, -153.266
4.89891, -163.031, -70.4766
3.88323, -871.559, -65.7271
6.01685, 28.6052, 646.748
3.67701, -15.6354, -248.108
6.41501, -105.727, 149.485
6.60589, 398.445, -453.8
3.21842, 285.347, 366.584
5.75757, 517.635, -416.9
3.87677, -334.267, 266.014
7.26215, -123.156, -19.7572
4.58238, -13.0357, 135.487
3.03869, 114.382, 371.41
4.70633, 392.376, -103.434
6.28811, 85.8186, -61.7056
2.77803, 423.78, 504.107
3.51241, -10.056, 221.334
6.82305, -272.878, 354.236
6.52456, -48.6271, -57.2073
2.78861, 241.418, 539.513
4.40304, 88.8419, 22.2472
4.56124, 30.1343, 45.1751
2.80071, -441.549, -185.756
7.09746, -440.477, -458.761
3.35398, -305.813, -323.908
6.51634, 56.6408, 84.3516
3.88599, 341.124, 481.019
4.44586, -444.793, 106.692
7.19936, -570.008, -307.932
6.24573, 26.2627, 616.468
3.44774, 129.641, -252.231
6.89581, 58.5238, 121.945
6.8953, -161.275, -188.617
3.30515, -218.662, 100.421
5.87346, 164.905, 380.11
6.89096, 75.491, 91.7237
6.98262, -387.056, 588.377
3.06535, -276.407, -74.7043
5.93789, 229.333, 471.148
3.21651, -184.884, -363.671
3.6901, 32.5772, 110.787
5.64383, 215.18, -336.971
4.312, 12.0264, 348.863
4.64437, -516.038, -451.09
4.91936, 301.253, -72.3023
6.20379, -149.255, -143.518
3.23098, 528.491, -268.845
7.36238, -46.5438, -197.945
7.3158, -59.1818, 190.578
3.14741, -6.35999, -46.3083
5.3784, -368.409, -249.864
4.66439, -240.574, 431.343
5.50066, 80.853, 371.233
5.85098, 255.421, 33.621
4.5137, -576.223, -273.631
6.46691, -529.353, -456.337
4.89889, -476.442, 554.005
5.72449, -563.453, 154.269
4.28836, 669.218, -213.399
5.96794, -20.2006, 514.716
5.83428, 282.57, 432.124
3.22071, 397.416, -240.818
7.10415, 214.388, 153.528
4.22228, 435.308, 730.314
6.66824, -310.046, -233.133
2.74349, 72.7793, -249.248
3.27936, -138.696, 229.271
2.55765, 342.787, -327.665
3.94327, 16.543, -75.7098
5.07295, 360.786, -159.144
3.65948, 18.6027, -780.184
2.75022, 376.095, -158.095
5.33091, 78.2275, 360.958
6.69774, -297.639, -19.7614
4.28763, 289.757, 569.76
4.3452, 129.199, 416.482
7.22226, -42.2285, 224.01
4.72425, -370.021, 301.2
6.82086, 133.737, -200.492
5.82654, 324.914, -284.604
5.79297, -216.26, -509.92
7.10736, 620.505, -446.674
5.11536, -673.504, 584.437
5.45229, -614.773, -128.934
5.79944, -187.96, -663.281
4.24765, -543.783, 270.978
4.11714, 193.737, 77.5236
7.08984, 84.7008, 284.453
3.08619, -646.704, 293.389
7.31268, 309.26, -12.0457
5.17978, 269.397, -310.62
5.81447, -470.74, -176.938
5.48362, -643.212, 314.992
6.93363, 257.104, 221.824
6.67999, -155.613, -116.331
6.69339, 205.975, 309.317
6.85642, -230.351, -181.66
2.5002, 426.134, 363.505
4.77274, 103.153, 273.628
4.25696, 677.947, -86.5164
5.80713, 515.259, -631.459
6.22234, 252.331, -140.232
3.3821, -290.669, -677.582
7.4621, -358.783, 549.703
5.95466, 373.183, -269.713
6.97862, -221.236, -43.8832
3.51579, 268.237, 50.9029
7.2356, 292.227, 413.626
4.88476, -620.682, 370.207
6.78578, -775.299, 441.263
6.41237, -318.855, -233.459
5.70687, -660.904, 572.632
3.14521, -187.531, 209.622
5.77944, 65.8812, -534.233
3.09199, 45.8999, 86.6381
3.88793, 560.612, -87.5338
6.65548, 270.368, 634.579
6.14153, 739.661, 835.557
6.74348, 595.745, -459.324
3.43989, 181.995, -295.605
6.09602, -15.7902, -382.027
4.25586, -382.399, 293.886
3.34555, 524.769, 504.088
4.52383, -466.302, 110.097
4.20924, -102.558, 204.26
6.67141, -103.7, -66.8887
3.9111, -454.004, -725.766
5.16766, -56.5254, 141.847
6.25085, -327.283, 342.47
4.62554, 12.2448, 239.744
4.66964, 699.785, -166.136
3.03022, -764.574, -71.674
6.4639, 55.3342, -88.4548
3.91232, -114.805, -197.867
7.14264, 613.193, 564.46
5.37926, 124.62, 294.894
3.4895, -157.3, -353.416
5.99081, -90.6643, 199.93
3.07265, -28.2224, -129.29
4.22945, 472.411, 384.075
4.15646, -140.009, -82.3971
6.42735, -692.232, 330.009
6.65775, 96.1515, 407.564
4.21712, 537.166, -382.19
4.2603, -199.568, 132.678
6.38197, -91.9469, 94.3308
6.58658, -328.722, -451.85
4.26157, 152.417, -418.007
7.09559, -12.0333, 213.336
3.2877, 402.69, 194.196
5.56029, 535.974, -418.962
5.54222, 147.36, -38.8848
3.16647, 492.41, 682.34
3.51409, 649.111, 833.489
4.79457, 280.138, -153.579
3.48759, -423.552, 69.7258
6.77118, 226.309, -274.192
6.54562, -144.548, -20.1314
2.80131, 359.19, -625.685
6.50584, 344.811, -797.82
5.49597, -59.1513, -208.718
7.43182, 77.7752, 5.55166
2.65919, -530.403, -97.2365
6.8356, -551.916, 640.111
3.69109, -47.0211, 154.661
3.6127, 360.997, -654.133
4.73907, 907.966, 433.23
2.61231, 166.736, -123.781
6.79755, 72.3846, -110.955
4.15902, 370.89, -1242.11
5.72195, -281.606, -348.433
7.43521, 558.462, -31.4637
5.30162, -21.3372, -395.447
4.74553, -43.1214, 177.782
5.213, 117.042, -76.673
2.90797, -372.58, -50.6181
3.99606, 834.111, 468.054
6.63964, -767.826, -237.872
6.48936, -454.346, -56.7445
5.71048, 97.3393, 99.0403
4.84105, -272.619, -326.512
7.15326, 237.516, 664.993
5.08798, 52.0252, -195.183
7.42924, -746.917, 505.368
5.94567, 78.2289, -181.27
6.19966, -67.0121, -205.039
3.46323, 473.936, 196.317
6.08881, 650.61, -475.196
6.11146, 120.127, 122.12
6.49298, -206.325, -380.697
4.23216, -631.894, 178.14
5.1481, 170.853, 513.73
3.19001, -36.764, -377.577
6.73218, -92.5895, 166.968
6.32766, 356.684, -295.278
7.5, -627.859, 302.467
4.24891, -911.149, -449.96
5.50367, 666.15, -103.583
3.50808, 48.4721, 810.021
6.2385, -531.241, 151.046
6.49225, 286.353, 274.043
3.03505, -642.398, 523.377
5.35813, 78.8997, 360.661
2.84683, -979.746, 416.893
4.16036, -146.15, -312.485
5.80945, 42.4219, -100.085
5.27726, 234.666, 626.699
7.12415, 39.8071, 135.017
2.69832, 209.819, 53.7068
2.62083, 538.79, 496.191
4.61923, -199.724, 320.652
4.36987, -21.4199, 88.2854
2.93303, 336.974, 228.916
3.05403, 75.522, 52.9039
5.31992, -493.433, 130.864
7.37269, 46.9166, 194.847
3.05066, 45.4474, -700.542
5.99352, -616.028, -792.192
2.79674, 258.912, 652.955
4.69755, 202.387, 25.0296
5.24651, -545.672, -500.141
3.45129, -53.1876, 23.6277
7.36597, -127.032, -256.995
3.19593, -197.249, -254.687
5.48978, -499.432, 254.564
7.12812, 169.133, -638.154
3.91116, -27.8068, 131.864
6.8307, -217.389, 80.586
6.29598, 472.845, -277.835
6.10793, 46.9425, -254.05
3.34241, 325.985, 410.444
3.32882, -467.526, -272.587
3.39076, -254.442, -157.793
5.87226, -120.886, -284.004
4.83484, 193.458, -56.9113
6.85219, 74.6377, 362.131
5.76023, -31.1644, -71.5963
5.80464, -424.179, -150.959
2.58037, 360.06, 298.817
4.30596, 875.302, 590.935
3.72747, -102.693, -504.559
6.93086, 585.803, 483.957
5.23701, -1033.98, -1.27609
6.57209, 227.172, -240.859
5.24453, -179.605, -601.178
4.16156, -87.1147, 348.313
4.40213, -374.516, -514.049
2.52389, -428.25, -46.464
6.95226, -122.151, -61.7365
6.16955, 529.571, -121.322
6.04239, 19.3816, 369.769
5.1278, 436.273, -315.87
6.41065, 57.8834, 35.301
3.42484, -27.4623, 316.782
5.72673, 25.31, 97.5106
3.42178, 106.221, 232.217
3.31214, -555.815, 120.698
2.65594, 365.238, -178.622
7.42716, -18.129, -161.52
4.04559, 5.52018, -175.382
4.11075, 145.342, 326.546
5.51155, 215.305, 27.9153
2.89107, 602.98, 152.885
3.93936, -319.919, 95.9735
5.79307, 493.392, -165.976
7.36348, -54.5949, 250.77
7.27758, 381.337, 136.258
7.42745, -150.628, -316.27
7.30478, 228.027, 248.114
3.0073, 85.8493, -401.737
3.71505, 183.544, 341.888
6.91151, -99.5399, -265.51
5.28805, 260.692, 222.194
6.7669, -75.116, -38.9041
7.49145, 472.681, -391.799
3.99751, -588.637, 694.415
6.33157, -1052.18, -454.081
4.81901, -657.699, 21.9972
6.8168, -37.7515, 176.462
6.99018, 0.332376, 88.7007
7.377, -236.203, -285.56
2.77405, -15.5165, 121.698
6.32605, -369.698, 144.411
5.09219, 479.176, -588.174
3.46574, 71.3153, 99.5284
6.98252, -377.912, -65.2844
6.38492, 118.578, -17.961
2.75968, -49.7753, 14.9422
7.47331, 413.4, -580.184
5.93659, 249.592, -281.994
5.94854, -457.873, -180.132
6.57666, 531.018, -403.135
7.05426, 139.577, 336.871
3.34218, 203.593, 896.711
5.24183, 522.274, -383.346
6.53351, 128.432, 265.91
4.17803, -219.087, -172.362
5.53435, 334.387, -128.514
6.59602, 264.015, -560.816
7.3485, 350.065, 65.6505
6.29349, -12.2517, 29.5131
3.72113, 426.963, -58.9554
5.80589, 256.969, -230.856
4.21574, -110.257, -59.213
7.27146, -113.297, -131.588
2.60828, 131.408, -643.542
4.54979, 536.057, -242.873
2.55789, 272.563, 514.247
3.04964, 212.071, 60.2986
5.28259, 406.646, -607.848
4.45466, -189.513, 220.569
7.20539, -26.3541, -24.1211
2.55572, -339.464, -335.569
6.22897, 197.679, 244.773
3.84293, -186.202, 2.66353
4.27153, -221.373, -129.985
3.45835, 767.91, -869.837
5.14832, -21.2944, -176.067
4.39478, -159.418, -621.078
3.16407, -87.6473, 28.2134
4.26563, 469.691, 37.1062
4.2497, -862.315, 266.609
7.41084, -595.209, -456.877
5.25961, -65.5811, 160.664
4.99918, -502.746, -222.812
3.58531, 403.555, -495.699
4.37311, -254.84, 11.8408
6.78251, -124.502, 63.7332
6.45578, -415.406, 541.273
3.9204, 611.327, -562.53
5.07645, 64.2525, -463.66
6.79238, 236.293, -92.4788
7.07844, 123.592, -431.5
7.48941, -542.814, -493.094
6.53177, -254.039, -362.595
5.22718, -24.0915, -152.008
7.3461, 345.632, -6.73869
5.31931, -45.7922, 81.9538
4.03031, 480.165, -309.343
5.41853, 4.25801, -21.0647
2.91197, -17.5721, -439.466
5.47382, -101.97, 65.6355
3.31968, 308.597, 409.212
6.46527, 348.045, 408.64
2.95373, -462.006, 16.2021
6.3072, -245.532, 92.9316
6.83996, 109.521, -119.72
6.40105, 272.811, -59.9134
6.61399, -515.055, -472.535
6.70974, 217.697, 116.594
4.48328, 441.987, 132.221
6.508, 218.046, 74.1113
6.56811, 253.793, 86.0014
5.43493, 448.006, 582.979
4.64621, -21.8321, -3.98328
2.5002, 363.413, -332.664
5.31153, 263.995, -229.469
6.22632, 110.868, 292.133
3.89846, 595.13, 234.953
2.93406, -11.0055, -901.624
3.5733, -406.618, 138.592
3.93296, -241.907, -235.573
4.86595, 109.792, -190.733
6.95893, -529.662, -433.469
5.91955, 263.828, -21.4276
3.54376, -66.9093, 197.822
6.67533, 13.8155, 61.674
7.09218, -396.563, -336.187
4.48244, 467.998, 435.224
6.37858, -251.741, 114.818
5.68161, -127.131, -168.33
6.64746, -376.93, 168.384
3.40204, 119.69, 52.3549
7.45927, 219.113, -71.992
6.70558, 111.327, -420.931
4.65177, -518.87, -97.3373
4.38589, -524.307, 54.5104
2.70802, 195.331, 181.266
6.80715, -208.538, -192.553
6.62116, -635.621, 435.57
6.25052, -75.313, 79.9769
3.55801, -198.057, 112.046
4.31029, 20.2658, 340.924
4.43545, 379.564, 452.483
7.32918, -678.041, -507.352
6.5872, -288.295, -191.593
4.5755, -327.119, -180.699
5.83759, 166.12, -0.420014
2.52101, -628.901, 318.576
6.98048, 105.032, -0.167594
3.68416, 413.171, 401.11
3.79415, -91.9491, -105.888
5.4939, 88.8492, -209.84
6.89823, -541.979, 143.54
6.16299, 628.319, 219.009
6.0773, -448.252, -310.123
3.57724, 962.461, -88.0913
6.30413, -810.482, 430.601
3.85351, -82.2313, -301.407
2.75246, -271.104, -327.651
4.78866, 131.168, -281.7
2.58759, 8.71181, -192.234
3.01129, 497.684, -512.458
2.639, -323.995, 100.15
5.65921, -111.344, -323.496
6.34425, 112.934, 15.9858
2.74132, -601.741, -184.707
6.6924, -286.662, -248.887
6.76899, -111.264, 242.346
6.57649, 422.386, -407.674
6.85188, -228.179, -517.335
5.27222, 60.1409, 327.562
6.12646, 72.1117, 586.406
3.20424, -837.258, 234.996
6.6115, -111.239, -282.871
5.51185, -375.56, -647.444
4.93856, -205.929, -163.286
6.14942, -121.38, -50.1583
4.05164, -631.957, 391.643
3.93925, 37.3549, -461.376
5.45857, 496.286, -683.856
5.34055, -686.399, 80.1172
5.41059, 910.601, 295.71
2.84132, 327.307, -579.914
4.34304, -239.016, 336.663
6.28475, -106.595, -71.296
6.35297, 665.39, 596.819
4.27217, -52.2232, 176.322
5.98913, -77.1996, 85.3694
5.08005, 573.888, 301.352
5.94494, 16.7683, 242.568
6.18066, -558.009, -690.343
2.56231, -585.867, -469.319
7.16549, 9.671, 218.539
5.37826, -435.766, -246.514
3.05587, 326.492, -119.815
4.87388, -40.0822, -196.285
3.24247, 102.096, -228.178
4.22594, -1309.61, -368.172
7.04476, -122.269, 37.7255
4.54571, 533.151, -407.903
5.96642, 97.3971, 239.826
3.35865, -151.606, -87.4093
6.21715, -445.025, 309.055
4.16319, -36.505, 0.709973
4.62157, 98.0321, 118.124
2.79523, 441.365, -165.876
5.09005, 91.8557, 344.451
5.94425, -224.147, 15.814
5.01149, -60.6573, -176.718
6.56617, -126.449, -71.2447
3.07974, 74.895, 112.728
5.24841, -195.693, 208.068
5.06046, 275.096, 122.48
6.02649, -532.224, -449.989
5.65083, -192.232, -64.2562
4.0207, -76.6483, 72.5844
6.74719, -16.3724, 54.445
3.39619, 308.525, -520.343
2.61737, -34.5087, 33.5718
4.19467, 108.564, -307.835
3.43818, -521.399, -507.354
6.60467, -151.946, 165.37
6.72507, -30.2114, 688.235
6.78031, -580.787, 404.906
7.37454, 324.985, -317.918
2.99587, 197.348, -282.93
2.56182, -272.948, -330.815
2.58614, 253.96, -822.088
2.64527, 86.0339, -191.637
4.1031, -562.497, -545.017
6.17815, -440.212, 149.934
3.14876, -183.265, 286.379
2.5161, 215.742, -399.769
6.91905, 217.133, -230.818
3.70482, -134.099, -293.363
4.38481, 235.543, -288.914
4.44879, 45.163, 160.922
2.81534, 179.423, 16.3684
7.30792, 75.305, 341.304
3.75349, 111.271, 201.231
6.85376, -123.124, -317.226
2.85991, 304.802, -178.919
2.70653, -223.888, -34.4831
3.46378, -12.4494, -145.214
3.86708, -86.9309, -708.484
7.4007, 34.6711, -182.688
3.60607, 109.292, -701.163
6.43119, 386.648, -594.796
4.42306, 77.1143, -292.768
3.78593, -728.985, 489.608
3.91087, 132.646, -26.5607
7.33834, -382.209, -106.324
4.22841, 61.1956, 312.18
3.45922, 254.166, 285.245
5.05037, -87.3436, 265.611
5.21857, 245.269, -589.219
5.72333, -23.1341, -251.817
3.89738, 161.015, -356.595
3.41887, 8.82444, -307.02
2.71579, 472.751, -647.531
3.98408, 14.7783, 247.844
4.25548, 539.579, 268.701
7.09372, 538.09, -197.693
5.81225, -76.861, -184.864
5.08041, -486.985, -386.277
4.03763, -611.263, -179.718
3.0007, 391.251, 334.11
3.47502, -50.0434, -6.93649
4.11407, 466.344, 732.07
5.56182, -12.5003, -192.656
5.13511, -427.627, 274.817
3.45653, -126.731, 626.872
4.7178, 998.948, 565.995
4.48693, 974.038, -202.996
6.28051, -72.9962, 28.0521
6.6213, -269.348, -199.937
5.51573, -103.139, 0.398749
3.04573, 110.618, 66.8818
4.11797, 285.88, -1.29287
5.03403, 209.122, -47.9642
4.76521, 409.106, 193.341
4.77315, 29.9594, -49.5191
4.91125, -307.439, -174.519
5.07896, -917.833, 193.275
4.50207, -306.311, -741.206
4.22945, -462.172, -183.029
6.64533, -240.101, -2.74612
3.02204, 611.012, 223.63
6.40057, -59.1278, 431.304
3.19919, -162.827, -48.5935
2.62171, 534.172, 753.502
6.0664, -115.633, -426.101
7.15538, -161.223, -128.292
7.47667, 225.446, 44.2555
3.86264, 202.655, 15.258
3.6923, -285.289, 351.873
3.87328, -5.00929, -208.364
5.70836, 505.503, 342.266
5.17637, 200.095, 36.1171
6.8967, -581.487, 808.714
6.75968, 338.922, 447.154
2.98004, -108.142, -28.5639
4.66818, 174.636, -231.393
3.17045, -86.2723, -39.1597
5.86802, 289.12, -8.56205
5.34964, -247.434, 49.9368
3.66474, 149.99, -374.494
5.50306, 213.3, 52.1655
2.6551, -131.921, 178.497
7.08512, 147.902, -45.0853
3.82958, 211.989, -99.6763
6.50016, -60.9556, 12.7151
5.46389, -124.188, -58.7638
5.0822, 151.788, -42.977
5.2567, 357.629, -29.7124
3.47225, 217.687, 350.375
5.36152, -199.49, -382.796
3.81992, -207.784, 429.4
4.41648, 212.66, -706.749
2.73626, 257.362, 196.158
4.22823, -54.6587, -263.768
3.61594, -724.058, 1170.24
3.81264, 55.753, 394.016
3.05141, -220.71, -292.378
7.40088, -102.383, 246.658
5.93794, -436.941, -305.751
5.82158, -35.6424, 214.975
5.99501, 1.4157, 283.275
2.68746, 236.291, -286.816
3.6706, -270.078, -216.226
3.95397, -656.357, -1008.51
3.50543, -12.0095, 264.403
2.7177, -527.139, 366.541
2.56571, 498.263, -385.104
6.07297, 898.162, -367.303
6.88348, 217.749, 248.298
5.35088, 308.802, -441.016
6.92743, -2.42811, -16.8409
5.20042, -178.395, 267.425
3.31357, -407.195, 343.103
3.30492, -331.059, -623.694
7.19182, 147.043, -130.504
3.45628, 356.555, -195.007
3.15761, -357.896, 300.923
4.41122, 326.534, -378.405
6.12674, -321.506, 534.394
2.50651, -1002.51, -221.408
4.60222, 512.834, -432.132
5.18984, 14.5382, 60.5244
4.86596, -157.823, -67.909
6.33003, -353.12, -0.139656
2.9396, 409.153, 216.794
7.04284, 260.186, 204.215
3.20818, 146.409, -552.731
2.54782, 103.171, -49.0279
2.82267, 255.489, 152.693
4.96742, 181.708, 310.857
5.40914, -200.301, -248.32
4.03373, 509.675, -1018.91
4.57091, 38.1083, 194.512
4.33401, -256.873, 57.3199
3.42687, 6.94986, -861.964
2.76788, -285.784, -395.623
4.47222, 161.146, -58.3009
3.98388, 399.402, 423.317
5.05388, 414.631, 245.37
3.75392, 342.606, -625.76
5.01589, -229.994, -169.574
2.51168, 266.395, 99.9421
7.01807, -634.125, 299.994
2.79181, 675.864, 590.042
5.17506, 62.2832, 334.617
3.95754, 506.174, -271.422
7.3023, -44.7049, 255.01
4.73406, -598.443, -484.717
5.08479, 212.116, 77.3223
5.93861, 44.5184, -251.747
2.72187, -63.3502, 76.7931
7.2946, 652.952, -544.6
5.70852, 46.8933, 184.247
2.80215, 206.217, -240.949
3.33964, 67.5997, 396.897
5.76491, 97.6257, 366.138
6.19864, 424.691, 367.985
3.57011, 81.5113, -486.844
4.31441, -21.0703, -14.5767
6.56981, 434.465, -375.681
5.32057, 189.22, -80.2769
7.45886, 73.907, -131.267
6.5669, 258.234, -205.228
3.49157, 375.524, -623.3
2.50003, -3.99132, -182.538
4.62608, -543.185, 643.431
4.07406, 369.022, 158.566
5.56218, -649.636, 182.661
3.83351, -25.6293, -175.393
4.39881, -70.2151, -373.198
5.43397, -358.867, -629.502
5.95636, -174.236, 91.7883
7.26736, -4.86025, 55.3216
4.89785, 194.169, -457.736
3.60319, -772.918, 321.94
5.33741, 237.321, 175.855
6.09873, -5.08882, -76.7194
4.4953, 633.87, -253.028
3.48326, 558.364, -340.574
6.66971, 29.3006, -249.519
5.59561, 419.842, 182.156
7.26866, 98.609, 355.455
3.23222, 376.599, 373.483
5.38953, 105.85, -84.6298
7.26796, 269.193, -227.661
3.62331, -546.12, 246.898
7.25137, 131.551, 14.1383
3.07874, -58.3522, 68.1453
2.58372, -113.576, -299.353
3.90465, -168.948, -150.497
7.15042, 42.241, 15.8008
3.04796, -642.525, -214.535
6.77266, -95.0519, 239.264
5.68532, 106.034, -367.073
5.63853, -8.1176, -146.436
3.80589, 108.254, 54.0956
5.13936, 429.19, -411.264
7.16608, -54.4523, -62.4622
3.98055, 51.6433, 19.1247
4.78006, -517.178, -396.459
6.35659, 119.966, 465.822
4.17193, -245.651, -1164.48
6.31775, -94.2749, 112.448
6.65892, -541.703, 87.9149
2.64618, 478.252, -574.978
4.31315, -342.52, -116.258
4.16221, -258.549, 372.704
3.17675, 20.9753, 176.871
3.00839, 165.896, -556.252
5.11327, 430.01, 3.1058
3.52046, 199.117, -338.408
5.00728, -99.9785, -44.5398
5.1371, -647.613, 139.961
4.13422, -42.1899, 130.901
4.75888, 187.043, 55.9361
6.85263, 244.181, -110.052
4.72884, -154.596, -208.065
6.03726, 221.176, 127.648
6.83171, -559.185, 264.915
6.5822, 234.313, 23.0753
2.67504, -156.723, -104.166
3.8644, 212.447, 543.15
5.21858, -136.012, -85.2554
3.19942, -249.069, 127.151
5.57408, 56.7059, 11.7641
3.29182, 356.294, -227.93
4.41129, 158.509, -79.6696
5.94997, 84.8546, 331.375
3.21128, 767.518, -149.208
5.65284, 375.389, -137.808
3.15973, -342.011, -705.098
7.13583, 102.457, 33.4914
5.53465, 632.748, -998.983
5.50388, 595.782, -210.831
3.33635, 150.621, 160.76
3.301, 137.226, -541.845
5.91628, 42.9727, -12.3509
5.1456, 6.61443, -103.243
3.65264, -531.484, -214.674
6.55373, 68.0294, 365.505
5.76477, -227.718, -102.988
4.08597, 259.855, 349.442
2.53953, 124.11, -0.282785
3.49176, -150.434, -700.942
3.78831, -431.848, 258.74
3.03825, -301.916, -144.03
3.49545, -501.842, -144.723
6.75079, -645.885, 310.138
6.63912, 108.953, 31.1248
6.76813, 342.335, 454.234
5.71027, 274.246, -140.079
3.6787, -602.226, 505.177
6.80638, 146.69, -115.362
5.4745, -310.301, 356.647
2.52745, -726.795, -613.489
6.84925, 355.296, 470.105
7.37729, 180.636, 314.508
5.59653, -535.597, -434.233
3.85574, 425.385, -155.749
7.46973, -73.3142, -42.6499
4.60751, -50.0418, 416.353
4.20537, 337.869, 570.537
4.80717, 201.176, 18.1406
4.44822, -240.957, -624.965
4.613, -790.838, -243.127
2.84879, 263.17, -62.7959
5.5153, 263.414, -82.7576
7.36114, 211.572, 20.4941
5.07406, 220.69, 253.081
7.45461, -173.514, 203.774
5.84906, -229.825, -819.59
4.01716, -79.4402, 226.421
3.47371, -452.495, -308.946
4.0109, 50.7303, -264.665
4.93946, -147.135, -71.5146
4.72438, -481.057, -330.613
5.7844, -60.2764, -217.7
3.74227, 876.281, 591.774
4.72007, -615.398, -484.451
5.75894, -36.2542, 4.29102
6.67472, 336.071, -439.963
6.03698, 31.3883, 109.041
4.93928, 119.402, 465.179
6.72039, -97.7348, 195.109
7.00296, 70.5992, 218.969
6.33082, 295.702, 276.331
5.29453, -621.77, -290.437
2.70603, 549.207, 94.1568
5.46749, 3.33337, -344.072
2.68674, 233.299, -541.103
4.53488, 223.59, -17.1801
2.84243, 374.192, -248.118
7.38558, -161.931, -123.341
2.5956, 771.102, 652.915
6.60363, 146.04, 438.171
5.2195, 653.226, -333.863
5.72828, -272.569, 401.742
3.62934, 27.5309, -126.359
2.733, -52.0261, -97.1333
3.63154, 65.8169, -181.855
4.58371, 441.611, -109.07
6.40126, -331.288, 116.312
3.72852, 267.563, -564.755
4.81411, -21.1861, -140.472
6.14756, -159.648, -354.512
5.35237, 527.849, -158.163
5.45997, -382.515, -422.528
4.98425, 240.259, -239.744
3.951, -182.133, -324.537
4.71107, 323.188, -76.4534
2.53669, -338.482, 481.206
7.41683, -17.8789, -281.669
2.52822, -266.584, -60.945
4.8676, -275.879, 79.3823
5.86497, 547.033, 801.917
