6.27803, -209.768, 61.3865
3.5948, 237.242, 204.037
5.89648, 164.892, -149.429
5.09708, -50.3228, -212.187
2.76731, 432.222, -604.785
2.53849, 68.1782, -158.611
4.58743, 702.132, 357.413
7.15218, -55.085, -149.094
2.95982, 50.4924, -135.826
6.00595, 274.207, 367.724
3.81226, -237.548, -77.4689
4.14117, -35.1303, 62.7145
7.45519, -218.721, -399.842
7.41275, 75.8689, 269.896
5.75759, -147.986, 9.99282
6.92354, -269.86, -93.7651
6.33247, -113.46, -139.899
3.87453, -85.1393, 303.599
4.93259, 63.5936, 213.496
2.80282, -337.311, -167.614
5.08146, -19.9624, -23.7464
4.96988, -283.693, 133.439
7.23882, 15.5442, -7.44608
4.42071, 155.68, 333.265
5.14874, -149.082, 239.951
2.75042, -206.145, 285.672
6.63909, 14.3717, 190.707
5.94228, 137.967, 36.3383
6.18112, -17.1734, -227.846
6.94286, -415.657, -542.921
4.25508, -11.4229, -176.383
6.72991, 116.636, 183.394
3.84659, 133.992, -101.507
4.83959, 317.115, 221.967
3.2686, -66.0612, -39.9017
2.66527, -94.1857, -27.4259
7.2768, -103.803, -242.059
6.95369, -149.549, -89.1526
3.29884, -397.521, -19.6264
3.15214, -598.636, -186.425
2.515, -183.594, 152.923
6.0491, 57.0842, -115.241
3.40448, 89.0093, -226.061
5.76029, -82.3218, -119.703
4.42907, -135.879, -92.999
3.23766, 31.7903, 181.809
5.45054, -97.6057, -21.8439
3.24076, 283.567, -199.282
3.2091, -476.861, -390.61
4.94257, 30.67, -6.20912
3.13015, -245.768, -5.13837
5.64635, -250.12, -205.373
5.60817, -381.886, 164.305
4.88216, 368.194, -496.553
2.64188, 354.874, 449.842
3.21011, 331.091, -236.033
3.15594, -135.778, -147.233
3.31099, 231.554, -446.565
3.76529, 246.903, -17.4488
4.77654, -623.205, 391.852
6.54472, 211.463, 88.4765
3.57624, -92.0214, 62.9098
3.75063, -35.4998, 226.869
5.02978, -109.985, 87.9347
6.27922, -48.8023, 58.5577
5.66369, -90.2479, -359.475
5.9449, -386.512, -371.015
7.27207, -481.887, -198.274
5.18713, 229.293, -189.17
4.57014, 86.6987, 449.191
4.70019, -5.91036, 10.5532
6.07821, -414.027, -353.395
6.20858, -137.023, -333.858
5.12494, -496.678, 399.399
6.06711, -76.4823, -67.9559
5.91025, 113.288, 1.96433
6.82941, 134.058, -146.638
3.19597, 235.32, -150.983
3.57766, -367.408, 80.0918
5.0733, -57.6224, 62.8277
4.83766, -103.87, 105.242
3.55759, 47.6907, -315.389
5.65244, 340.724, -321.141
2.5044, 295.732, -393.664
4.09589, 95.2868, -994.503
5.90281, -164.072, -144.371
6.0446, -183.719, -256.123
2.90869, 62.4345, -248.075
3.56926, -37.0347, -47.2079
4.44412, -125.096, 227.16
4.44927, -631.701, -308.375
3.92018, 50.5773, -178.333
4.6123, -67.2621, 166.559
2.55658, 490.799, 72.7558
3.72027, -456.053, 233.534
4.49072, 62.2168, -484.39
6.64177, 193.009, -13.9734
3.78584, -393.521, 146.173
3.59705, 3.60765, -296.796
6.47385, 11.4427, 233.062
5.8476, -215.811, -527.445
5.49108, 96.4068, -376.712
5.99917, 414.281, 138.056
5.13062, -35.978, -181.02
4.14833, -107.202, -131.085
3.30844, -107.517, -37.4743
6.56633, -0.284104, 39.8004
4.08004, 199.896, 18.3373
4.05369, -23.33, 25.3176
4.65424, -170.885, -124.252
4.46509, 366.058, 269.159
4.43916, -142.064, -61.1494
4.34871, 91.4999, 331.176
5.88118, -414.785, -91.4283
6.10384, 381.6, -0.864342
7.20082, -291.256, -188.425
5.08573, -91.6141, -62.5143
5.5282, 283.062, 371.692
5.85049, 215.236, -418.113
5.11404, -408.363, 199.761
3.87105, 307.293, -204.724
7.08924, 2.37332, 210.791
3.73367, -219.624, 268.863
4.77876, -280.039, -137.051
3.30374, 278.75, -157.789
4.68319, -28.7799, 85.6704
7.45767, -12.1489, 44.5015
6.26931, 79.1039, -253.785
4.97846, 5.35006, 278.413
7.01651, -64.5608, 25.4275
4.68213, -131.539, 134.904
5.09239, 384.522, -237.741
4.44866, -431.61, -209.471
5.63431, -55.0769, -188.266
5.19331, -268.375, -191.054
4.35955, -77.1072, 182.109
2.54674, -164.772, 20.6841
6.3794, 71.0313, 201.298
2.85317, 297.496, 259.475
3.98511, -265.265, -119.96
4.78581, -216.87, 262.798
3.25156, -111.066, -122.132
5.97819, 5.3662, 362.741
4.15587, -182.764, -316.692
5.21197, -316.448, 443.289
2.64678, -538.618, 125.052
5.38086, -188.4, -80.3819
5.18133, -58.1071, -146.675
7.36678, -58.0439, 420.799
5.57063, -114.5, -232.796
5.26431, 249.693, -134.267
6.69051, -15.2964, -285.682
3.75764, 143.879, 84.861
6.98957, 111.037, 75.7553
5.97428, 11.6444, -36.6468
5.82752, 361.466, 325.762
3.06838, 460.217, 297.524
3.37987, 370.404, 468.248
2.91253, 175.064, -530.615
6.68103, -190.23, 196.331
2.64818, -54.7287, -635.102
6.34719, 10.2378, -39.9317
4.29829, 179.515, -439.132
6.24626, 306.152, -369.558
6.28385, 9.97927, -139.256
3.60834, 178.963, 302.125
5.58305, -159.641, -192.773
3.66846, 33.4953, 245.292
6.22052, 210.096, -301.511
5.80997, 323.49, 377.235
4.9209, -246.445, 417.199
2.58972, -554.819, 305.075
4.98291, -4.66155, 130.835
5.09587, 193.922, -176.06
4.71395, 496.05, 293.463
4.14528, -125.694, -172.58
3.52671, -65.6217, 134.231
7.19863, -226.603, 134.972
2.85168, 554.457, 104.466
3.30042, 29.8116, 201.533
6.70788, -72.3914, -189.198
4.13614, 336.43, 255.058
6.85942, -58.0341, -191.364
5.99896, -361.391, -162.419
5.52801, 157.403, -81.1736
4.77536, 237.315, 192.771
2.91543, 718.13, -385.979
3.94883, -94.9914, -373.921
6.51009, 164.5, 42.2079
6.81821, 192.032, 72.3934
3.81831, -567.685, 175.339
4.79881, -239.562, -51.7135
4.95672, -65.1891, 40.3654
5.82344, 379.096, -198.017
7.31738, -6.96668, 258.624
7.23022, 53.3781, -46.5996
2.81902, -317.796, -43.3479
5.04829, -27.0306, 261.258
6.13222, -212.475, -261.025
5.65882, 87.8873, -166.319
3.26658, -39.9475, -9.11245
5.09652, 496.234, 290.545
3.52281, 619.556, -293.885
6.03231, -272.552, -32.9269
6.05786, 50.2606, 644.085
3.66304, 78.1018, -107.987
6.80594, -143.655, -311.264
2.67122, -63.0552, -604.899
6.26587, -45.1849, -46.3349
4.14789, -40.2313, -183.846
4.65309, 478.796, 43.4711
7.33455, 187.411, 93.3407
4.05803, -143.216, -293.765
5.69762, -554.175, 179.388
5.95386, 148.03, -9.91749
5.36403, -166.117, -292.113
6.60667, -308.784, 451.725
4.21807, -327.882, 204.732
5.09387, 368.949, 247.949
6.78438, 319.367, 10.627
6.18587, 197.387, 121.67
3.45992, 132.675, -318.744
2.83145, 38.958, 232.753
3.60828, -565.852, 282.729
3.33656, -17.1607, 177.194
6.31172, -101.126, -30.4659
5.44905, 113.706, -380.244
4.65223, -677.438, -238.133
7.09618, 173.584, -320.023
5.09668, -380.928, 53.7615
7.38058, -256.947, 122.979
5.15714, 333.326, 254.088
2.98716, -44.6576, 793.764
5.83983, 14.4369, 225.815
5.44444, -289.243, 336.297
5.01137, 156.769, 341.092
2.75808, 370.835, -473.786
2.6753, 346.865, 54.5947
4.41484, 186.364, 75.7666
5.55555, -231.606, -434.713
5.06574, -707.879, -194.591
5.98498, -234.971, -202.91
4.89891, -12.6011, 31.7594
3.88323, -568.078, -76.1685
6.01685, 60.3864, 381.229
3.67701, 46.143, -330.619
6.41501, -2.88882, 137.294
6.60589, 278.844, -431.015
3.21842, 126.023, 15.8967
5.75757, 368.736, -293.422
3.87677, -342.803, 198.686
7.26215, -259.483, 216.325
4.58238, 26.3693, 170.589
3.03869, 91.4862, 230.064
4.70633, 327.768, -137.344
6.28811, 28.2453, -58.4638
2.77803, 310.137, 465.253
3.51241, -90.056, 202.994
6.82305, -247.388, 291.779
6.52456, 64.6358, -51.7108
2.78861, 203.021, 359.183
4.40304, 198.242, -48.7598
4.56124, -144.408, -19.2326
2.80071, -345.154, -250.49
7.09746, -344.309, -355.581
3.35398, -254.903, -323.719
6.51634, 127.023, -18.675
3.88599, 230.712, 355.355
4.44586, -542.831, 171.23
7.19936, -394.257, -333.042
6.24573, 42.5398, 400.326
3.44774, -98.429, 54.8704
6.89581, -54.6236, 115.699
6.8953, -202.903, -87.0723
3.30515, -190.684, 150.375
5.87346, 208.799, 307.529
6.89096, -76.734, 123.211
6.98262, -334.996, 343.194
3.06535, -290.447, -192.077
5.93789, 191.424, 389.988
3.21651, -146.996, -236.218
3.6901, -117.302, 143.247
5.64383, -16.8204, -180.002
4.312, -39.249, 178.57
4.64437, -408.948, -306.043
4.91936, 71.0468, 109.708
6.20379, 13.3369, 2.59401
3.23098, 392.435, -210.516
7.36238, 88.5204, -175.575
7.3158, 7.70494, 252.13
3.14741, -212.726, 207.822
5.3784, -263.006, -172.107
4.66439, -150.87, 498.045
5.50066, 126.544, 297.354
5.85098, 272.316, 107.543
4.5137, -315.544, -277.504
6.46691, -415.517, -306.833
4.89889, -280.341, 433.318
5.72449, -478.574, 20.6076
4.28836, 328.925, -174.223
5.96794, 32.3793, 403.206
5.83428, 312.205, 389.454
3.22071, 232.459, -209.448
7.10415, 282.937, 88.7222
4.22228, 379.295, 504.116
6.66824, -217.355, -167.196
2.74349, -136.305, -123.77
3.27936, -288.845, 336.844
2.55765, 212.608, -314.853
3.94327, 58.4576, -216.404
5.07295, 327.302, -102.518
3.65948, -16.4926, -574.303
2.75022, 341.824, -88.4572
5.33091, 128.09, 294.496
6.69774, -303.722, -160.247
4.28763, 202.257, 497.464
4.3452, 6.2976, 286.318
7.22226, -195.666, 143.53
4.72425, -212.223, 264.584
6.82086, 102.055, -244.121
5.82654, 307.118, -143.269
5.79297, -85.1338, -494.12
7.10736, 432.407, -328.862
5.11536, -488.83, 400.981
5.45229, -537.763, -59.8956
5.79944, -177.275, -436.968
4.24765, -421.786, 249.918
4.11714, 56.7255, -4.65603
7.08984, -88.6022, 134.421
3.08619, -374.011, 177.092
7.31268, 201.248, 1.41157
5.17978, 212.352, -267.239
5.81447, -344.213, -161.165
5.48362, -364.507, 178.321
6.93363, 348.689, 135.584
6.67999, -55.4538, -20.9834
6.69339, 48.393, 229.563
6.85642, -231.608, -45.644
2.5002, 441.871, 175.078
4.77274, 112.327, 136.662
4.25696, 544.839, -92.9421
5.80713, 233.873, -406.54
6.22234, 270.74, -94.3858
3.3821, -248.978, -421.08
7.4621, -264.562, 409.226
5.95466, 269.939, -243.405
6.97862, -223.497, -3.55002
3.51579, 391.339, 169.496
7.2356, 325.699, 218.796
4.88476, -310.871, 235.634
6.78578, -571.572, 285.63
6.41237, -158.694, -84.3003
5.70687, -499.169, 417.005
3.14521, -115.468, 93.9764
5.77944, 37.3493, -426.53
3.09199, 30.3076, 148.142
3.88793, 303.835, -144.104
6.65548, 220.777, 424.232
6.14153, 567.071, 594.353
6.74348, 330.618, -243.022
3.43989, 254.679, -75.3731
6.09602, -13.3055, -290.383
4.25586, -333.789, 140.835
3.34555, 489.413, 367.319
4.52383, -159.734, 76.1
4.20924, -154.644, 77.3381
6.67141, -210.804, -117.085
3.9111, -268.673, -420.182
5.16766, -317.896, -25.9309
6.25085, -248.029, 292.255
4.62554, 46.7493, 231.816
4.66964, 527.415, -183.706
3.03022, -555.729, 60.8042
6.4639, 175.062, 39.07
3.91232, 47.7619, -164.165
7.14264, 405.307, 249.502
5.37926, 7.44521, 214.2
3.4895, -239.411, -180.65
5.99081, -169.578, 93.7808
3.07265, 154.605, 10.6997
4.22945, 348.681, 241.922
4.15646, 9.17359, 45.6713
6.42735, -389.749, 194.52
6.65775, -65.0809, 289.725
4.21712, 325.366, -365.015
4.2603, -241.317, 2.61793
6.38197, 41.0525, 72.8413
6.58658, -268.55, -445.294
4.26157, 197.501, -424.837
7.09559, 51.8274, 285.379
3.2877, 228.137, 48.1724
5.56029, 407.227, -308.926
5.54222, 171.271, -23.6957
3.16647, 332.397, 495.812
3.51409, 518.403, 568.355
4.79457, 317.609, -206.34
3.48759, -291.043, -65.6558
6.77118, 275.262, -213.172
6.54562, 74.2862, 91.4443
2.80131, 272.309, -490.305
6.50584, 268.656, -532.756
5.49597, -93.5151, -192.003
7.43182, 211.902, -4.06193
2.65919, -351.088, -220.557
6.8356, -394.791, 431.994
3.69109, -3.75446, -52.706
3.6127, 448.011, -568.849
4.73907, 599.098, 300.099
2.61231, -44.6637, 1.62298
6.79755, 111.854, -127.391
4.15902, 359.935, -1064.51
5.72195, -176.526, -300.813
7.43521, 495.991, 3.07624
5.30162, -106.747, -233.619
4.74553, -39.8992, 239.563
5.213, 115.049, -123.356
2.90797, -379.938, -124.845
3.99606, 741.229, 313.242
6.63964, -559.072, -207.864
6.48936, -198.997, -165.662
5.71048, 6.0978, 47.5214
4.84105, -204.31, -334.386
7.15326, 223.396, 494.327
5.08798, 114.726, -81.6461
7.42924, -545.673, 331.837
5.94567, 76.9495, -203.009
6.19966, -87.3808, -195.006
3.46323, 262.873, 77.8248
6.08881, 433.559, -354.727
6.11146, 43.2709, -93.2787
6.49298, -133.591, -354.766
4.23216, -311.367, 174.507
5.1481, 148.49, 418.801
3.19001, -189.116, -181.414
6.73218, -40.7621, 259.147
6.32766, 289.9, -243.663
7.5, -363.898, 202.163
4.24891, -566.743, -337.056
5.50367, 489.888, -122.118
3.50808, 73.9021, 599.592
6.2385, -318.998, 122.714
6.49225, 173.213, 141.071
3.03505, -706.706, 516.159
5.35813, 125.046, 294.434
2.84683, -727.3, 344.27
4.16036, -135.627, -282.355
5.80945, 5.29216, -198.328
5.27726, 188.797, 355.416
7.12415, -13.677, 35.4687
2.69832, 216.98, -205.168
2.62083, 429.071, 400.781
4.61923, -318.946, 310.718
4.36987, -73.7813, -90.1473
2.93303, 52.2057, 84.798
3.05403, 11.612, 161.939
5.31992, -171.572, 101.048
7.37269, -57.0768, 116.683
3.05066, 29.5501, -435.155
5.99352, -437.041, -644.912
2.79674, 214.325, 433.21
4.69755, 166.294, -39.5683
5.24651, -405.879, -421.892
3.45129, -190.179, 77.2779
7.36597, -152.004, -170.68
3.19593, -224.972, -80.7335
5.48978, -272.717, 151.852
7.12812, 147.587, -517.376
3.91116, -46.8136, -58.2016
6.8307, -168.026, 131.153
6.29598, 394.823, -154.197
6.10793, -57.5554, -120.873
3.34241, 234.339, 301.091
3.32882, -402.199, -25.6631
3.39076, -214.708, -81.9555
5.87226, -197.799, -173.416
4.83484, 240.617, 31.3321
6.85219, 126.412, 301.281
5.76023, -78.6099, 97.6135
5.80464, -369.725, -175.066
2.58037, 400.783, 269.592
4.30596, 618.797, 439.795
3.72747, -164.071, -490.868
6.93086, 529.253, 364.456
5.23701, -703.321, -7.91558
6.57209, 185.768, -153.387
5.24453, -77.2558, -541.799
4.16156, -98.7717, 197.15
4.40213, -254.397, -294.479
2.52389, -279.315, -93.4912
6.95226, -217.063, -21.7583
6.16955, 427.898, -157.266
6.04239, -68.6118, 161.034
5.1278, 194.243, -149.86
6.41065, -50.5953, -5.70083
3.42484, 96.9997, 170.244
5.72673, 63.1141, 43.0508
3.42178, 156.784, 259.95
3.31214, -331.551, 69.4576
2.65594, 118.835, -207.433
7.42716, 45.6007, -225.852
4.04559, -11.1503, -172.527
4.11075, 143.182, 330.29
5.51155, 115.278, 45.5933
2.89107, 291.112, 196.227
3.93936, -304.868, 5.26334
5.79307, 384.279, -64.7142
7.36348, 119.41, 234.136
7.27758, 44.6799, 42.3735
7.42745, -16.8397, -190.355
7.30478, 286.513, 252.545
3.0073, 95.3208, -392.611
3.71505, 205.171, 208.105
6.91151, -34.6532, -279.375
5.28805, 148.319, 147.991
6.7669, -159.835, -111.497
7.49145, 359.868, -340.868
3.99751, -391.608, 603.742
6.33157, -684.234, -335.789
4.81901, -568.6, 18.2245
6.8168, -30.8609, 255.496
6.99018, -127.43, 57.4996
7.377, -208.454, -269.085
2.77405, -199.668, 122.655
6.32605, -347.661, 122.203
5.09219, 300.421, -430.573
3.46574, 67.3377, -82.0171
6.98252, -373.388, -40.4702
6.38492, 226.809, -10.2209
2.75968, -101.757, -11.8094
7.47331, 308.207, -422.703
5.93659, 263.137, -189.563
5.94854, -353.269, -161.834
6.57666, 312.907, -333.437
7.05426, 168.604, 296.214
3.34218, 83.9434, 651.959
5.24183, 244.35, -268.849
6.53351, 140.282, 283.308
4.17803, -313.459, -94.7703
5.53435, 326.227, 7.9921
6.59602, 186.559, -373.862
7.3485, 283.844, 71.8157
6.29349, -57.5884, 116.365
3.72113, 385.243, 44.5755
5.80589, 251.033, -232.569
4.21574, -358.41, -123.326
7.27146, 3.00432, -100.895
2.60828, 12.7307, -386.71
4.54979, 417.648, -205.545
2.55789, 443.623, 286.526
3.04964, 167.713, 90.0307
5.28259, 297.852, -417.956
4.45466, -80.5815, 242.204
7.20539, -14.6104, 92.9358
2.55572, -189.311, -418.932
6.22897, 214.168, 82.8817
3.84293, -298.66, 1.12263
4.27153, -75.6434, -142.397
3.45835, 499.9, -604.552
5.14832, -137.974, -205.961
4.39478, -110.53, -336.773
3.16407, 0.704727, 37.9429
4.26563, 442.255, 21.8749
4.2497, -621.688, 112.612
7.41084, -385.773, -382.789
5.25961, -4.70474, -42.3672
4.99918, -282.068, -218.515
3.58531, 306.573, -334.318
4.37311, -258.683, 92.449
6.78251, -372.123, -82.3868
6.45578, -260.366, 235.48
3.9204, 456.079, -369.206
5.07645, -60.7119, -318.776
6.79238, 280.293, 12.159
7.07844, 45.0705, -341.448
7.48941, -369.651, -461.847
6.53177, -92.5923, -234.731
5.22718, 35.7211, 26.4302
7.3461, 240.945, 141.918
5.31931, 77.3818, -65.5632
4.03031, 354.78, -230.339
5.41853, -199.658, 11.9587
2.91197, 11.824, -296.599
5.47382, -160.222, 166.555
3.31968, 153.027, 91.4191
6.46527, 383.197, 329.71
2.95373, -332.174, -110.471
6.3072, -146.914, 89.9947
6.83996, 93.7781, -99.0912
6.40105, 95.1522, -125.599
6.61399, -415.15, -458.099
6.70974, 179.899, 15.906
4.48328, 310.605, 88.1437
6.508, 153.178, 96.4561
6.56811, 105.71, 57.5334
5.43493, 370.499, 417.866
4.64621, -8.889, 77.0187
2.5002, 273.449, -152.335
5.31153, 226.324, -156.03
6.22632, 17.6278, 238.016
3.89846, 383.069, 101.71
2.93406, 10.7061, -657.386
3.5733, -290.48, 148.62
3.93296, -142.564, -313.904
4.86595, -109.3, -14.081
6.95893, -416.269, -322.275
5.91955, 115.719, 110.618
3.54376, -95.9258, 286.945
6.67533, 17.8634, 24.2055
7.09218, -303.186, -299.419
4.48244, 342.038, 481.051
6.37858, -266.26, -81.2233
5.68161, 21.9155, -125.189
6.64746, -366.695, 73.5473
3.40204, 52.5047, 233.78
7.45927, 53.1841, -51.3272
6.70558, 4.19786, -312.737
4.65177, -472.958, -201.809
4.38589, -422.975, 26.5316
2.70802, 141.164, 195.281
6.80715, -118.914, -68.4754
6.62116, -430.038, 239.586
6.25052, -104.256, -129.01
3.55801, -238.457, 7.71899
4.31029, 179.062, 307.049
4.43545, 322.681, 402.147
7.32918, -461.425, -377.197
6.5872, -256.751, -293.315
4.5755, -109.602, -215.162
5.83759, 72.3569, 22.834
2.52101, -412.037, 122.946
6.98048, 199.711, -14.2349
3.68416, 287.371, 308.479
3.79415, -99.366, -9.20105
5.4939, -84.5507, -150.362
6.89823, -343.52, 183.295
6.16299, 532.949, 217.931
6.0773, -324.381, -307.121
3.57724, 672.631, -82.7634
6.30413, -560.626, 251.298
3.85351, -85.7195, -306.319
2.75246, -204.76, -335.627
4.78866, 47.0918, -277.467
2.58759, -182.488, -71.7327
3.01129, 164.574, -309.458
2.639, -164.218, -9.72248
5.65921, -84.9296, -170.122
6.34425, 230.124, -29.3942
2.74132, -510.429, -99.9021
6.6924, -233.527, -163.191
6.76899, -26.0634, 236.201
6.57649, 380.356, -294.725
6.85188, -221.383, -225.254
5.27222, 117.687, 324.244
6.12646, 94.1157, 429.404
3.20424, -552.242, 45.479
6.6115, -214.139, -181.44
5.51185, -225.914, -432.999
4.93856, -304.164, -105.248
6.14942, -26.2153, -228.758
4.05164, -476.057, 314.712
3.93925, 1.43131, -294.861
5.45857, 347.134, -488.549
5.34055, -497.648, -17.9982
5.41059, 762.223, 182.11
2.84132, 248.361, -447.784
4.34304, -6.72108, 215.484
6.28475, -61.5008, -25.6487
6.35297, 588.988, 422.001
4.27217, -1.61821, 259.209
5.98913, 47.1015, 52.6053
5.08005, 388.867, 198.378
5.94494, 36.2948, 250.554
6.18066, -401.817, -597.424
2.56231, -403.499, -314.697
7.16549, 24.9183, 130.889
5.37826, -287.307, -202.199
3.05587, 489.917, 46.0657
4.87388, -96.3783, -183.167
3.24247, 47.1659, -94.0876
4.22594, -942.782, -289.698
7.04476, 60.4318, 80.7185
4.54571, 329.441, -356.141
5.96642, 163.192, 212.799
3.35865, -35.8296, -36.9659
6.21715, -200.214, 202.622
4.16319, 60.4466, -114.6
4.62157, -5.05845, 15.9889
2.79523, 389.482, -58.592
5.09005, -56.6683, 184.459
5.94425, -187.347, 182.524
5.01149, -24.2984, -36.0883
6.56617, 21.8919, 57.1307
3.07974, 95.6925, 22.2151
5.24841, -209.538, -43.8735
5.06046, 207.601, 100.308
6.02649, -408.394, -312.665
5.65083, -100.94, -93.5474
4.0207, 1.3212, 72.631
6.74719, -56.2773, 19.8085
3.39619, 193.638, -373.202
2.61737, 131.426, 3.41831
4.19467, 1.06888, -180.314
3.43818, -380.553, -404.797
6.60467, -159.266, 157.025
6.72507, -31.1871, 494.753
6.78031, -418.982, 286.153
7.37454, 265.541, -300.284
2.99587, 169.12, -148.804
2.56182, -40.8391, -31.6046
2.58614, 288.588, -733.637
2.64527, -25.5006, -158.725
4.1031, -391.164, -344.09
6.17815, -203.562, 52.834
3.14876, -267.422, 143.007
2.5161, 148.878, -309.06
6.91905, 201.78, -155.244
3.70482, -167.639, -65.3205
4.38481, 167.914, -302.372
4.44879, 40.9233, 103.155
2.81534, -45.6935, -92.9048
7.30792, -51.5474, 265.167
3.75349, -73.7885, 282.765
6.85376, -91.3954, -212.489
2.85991, 160.673, 111.703
2.70653, -287.054, 234.989
3.46378, -134.342, -100.44
3.86708, -12.1892, -573.134
7.4007, 117.944, -161.317
3.60607, 57.4404, -410.99
6.43119, 276.187, -438.964
4.42306, 1.05677, -301.7
3.78593, -577.737, 379.423
3.91087, 183.476, -99.5385
7.33834, -414.224, 2.02944
4.22841, 175.284, 401.46
3.45922, 246.189, 154.306
5.05037, 53.1253, 232.104
5.21857, 187.582, -301.756
5.72333, 60.4285, -197.7
3.89738, 23.5823, -283.737
3.41887, -4.92313, -49.9789
2.71579, 309.333, -466.018
3.98408, 107.182, 197.203
4.25548, 362.427, 272.129
7.09372, 442.774, -200.894
5.81225, -68.0447, -243.655
5.08041, -381.243, -249.033
4.03763, -578.168, -192.02
3.0007, 221.831, 210.823
3.47502, -63.6395, 192.641
4.11407, 305.627, 549.14
5.56182, -128.937, -210.703
5.13511, -383.712, 239.751
3.45653, -4.40107, 467.153
4.7178, 758.21, 434.497
4.48693, 677.432, -149.703
6.28051, -34.5615, -11.0371
6.6213, -245.556, -300.654
5.51573, 67.2237, 169.134
3.04573, 72.4945, -12.3467
4.11797, 15.3887, -12.5253
5.03403, 150.857, -54.4688
4.76521, 338.562, 62.9853
4.77315, -71.4113, -65.2257
4.91125, -246.369, -201.192
5.07896, -696.37, 188.502
4.50207, -190.948, -614.953
4.22945, -350.184, -158.709
6.64533, -347.452, 42.1313
3.02204, 426.415, 311.002
6.40057, -120.449, 330.033
3.19919, -139.66, -70.0511
2.62171, 361.19, 543.746
6.0664, -174.419, -275.005
7.15538, -162.973, -36.2179
7.47667, 139.955, -31.8739
3.86264, 281.871, -32.5812
3.6923, -149.849, 321.025
3.87328, -18.1952, 99.7014
5.70836, 503.261, 290.052
5.17637, 123.568, -45.0788
6.8967, -444.175, 579.9
6.75968, 346.61, 421.939
2.98004, -60.7138, -173.833
4.66818, 253.776, -151.845
3.17045, 12.2921, -39.5985
5.86802, 174.136, 78.2411
5.34964, -77.7113, 101.933
3.66474, 79.5622, -109.522
5.50306, 139.313, -76.6351
2.6551, 91.584, 256.152
7.08512, 147.264, -91.6219
3.82958, -33.7578, -164.848
6.50016, -53.1761, 12.0372
5.46389, -25.2113, -56.3899
5.0822, 158.143, -15.0155
5.2567, 229.96, -39.105
3.47225, 269.97, 472.114
5.36152, -28.9989, -240.578
3.81992, -194.141, 58.1626
4.41648, 82.8581, -398.292
2.73626, 326.142, 252.323
4.22823, -98.4928, -125.251
3.61594, -610.269, 874.635
3.81264, 124.266, 249.937
3.05141, -132.625, -338.183
7.40088, -84.4479, 230.364
5.93794, -327.064, -296.346
5.82158, 4.76547, 226.3
5.99501, 46.7776, 213.965
2.68746, 274.652, -172.843
3.6706, -242.751, -120.954
3.95397, -421.132, -652.592
3.50543, 63.4865, 216.862
2.7177, -423.757, 160.185
2.56571, 384.308, -304.488
6.07297, 627.448, -292.277
6.88348, 291.465, 259.499
5.35088, 244.182, -198.56
6.92743, 226.916, 177.506
5.20042, -111.904, 285.151
3.31357, -241.938, 197.882
3.30492, -192.895, -465.649
7.19182, 69.9933, -101.479
3.45628, 339.927, -78.8128
3.15761, -117.806, 220.791
4.41122, 263.184, -225.006
6.12674, -276.482, 345.566
2.50651, -709.665, -196.337
4.60222, 233.012, -253.592
5.18984, -149.328, -28.4705
4.86596, 4.38505, -239.009
6.33003, -403.782, -38.8327
2.9396, 204.424, 233.018
7.04284, 152.23, 155.368
3.20818, 34.116, -655.455
2.54782, 39.8886, -14.2371
2.82267, 213.592, 65.1818
4.96742, 4.68734, 223.676
5.40914, -222.063, -246.91
4.03373, 347.28, -729.75
4.57091, 46.9807, 31.5489
4.33401, -112.147, 118.491
3.42687, 19.9083, -707.095
2.76788, -147.273, -173.279
4.47222, 123.74, -83.7941
3.98388, 243.235, 323.269
5.05388, 369.215, 143.806
3.75392, 256.595, -357.293
5.01589, -300.473, -186.973
2.51168, 9.22894, 77.0032
7.01807, -358.947, 205.545
2.79181, 495.496, 464.971
5.17506, 107.103, 71.5215
3.95754, 257.171, -149.951
7.3023, 121.777, 239.853
4.73406, -358.977, -371.447
5.08479, 166.773, 99.8245
5.93861, 98.3221, -63.7183
2.72187, -38.8283, 115.58
7.2946, 442.152, -362.175
5.70852, 39.4699, -25.9994
2.80215, 123.567, -123.688
3.33964, 37.5108, 263.469
5.76491, 47.9348, 239.049
6.19864, 445.562, 176.397
3.57011, -16.8566, -415.52
4.31441, 11.3626, 232.986
6.56981, 337.891, -320.8
5.32057, 78.7583, -45.2884
7.45886, 113.693, -102.527
6.5669, 273.015, -240.724
3.49157, 174.141, -370.11
2.50003, -71.8874, -186.366
4.62608, -392.199, 435.715
4.07406, 181.28, 74.5601
5.56218, -375.23, 185.696
3.83351, -53.8238, -192.024
4.39881, -10.0509, -203.034
5.43397, -339.247, -589.161
5.95636, -30.19, -44.1552
7.26736, -37.1401, 24.4635
4.89785, 183.964, -337.309
3.60319, -739.846, 248.364
5.33741, 241.091, 237.132
6.09873, -40.1694, -13.9868
4.4953, 435.36, -213.259
3.48326, 405.479, -318.739
6.66971, 140.188, -162.535
5.59561, 192.445, 255.804
7.26866, 35.0627, 316.032
3.23222, 261.444, 251.134
5.38953, 147.312, -147.372
7.26796, 239.409, -209.667
3.62331, -179.84, 150.028
7.25137, 218.46, -45.5023
3.07874, -224.563, 168.655
2.58372, -94.8703, -169.994
3.90465, -159.599, -8.20345
7.15042, 117.617, -76.3524
3.04796, -503.336, -192.882
6.77266, -180.707, 30.5967
5.68532, 174.984, -274.157
5.63853, -131.241, -98.3318
3.80589, 116.39, -173.471
5.13936, 340.905, -280.591
7.16608, -48.3509, -205.171
3.98055, -136.028, 105.45
4.78006, -465.322, -454.4
6.35659, 158.223, 136.428
4.17193, -155.52, -1020.9
6.31775, 26.5863, 17.4248
6.65892, -421.112, -30.768
2.64618, 340.436, -491.91
4.31315, -419.901, 20.7059
4.16221, -287.233, 234.872
3.17675, -2.49342, 227.458
3.00839, 65.6849, -331.299
5.11327, 333.164, -50.2308
3.52046, 179.663, -252.546
5.00728, 6.82045, 75.6737
5.1371, -417.923, 10.098
4.13422, 173.768, 12.1136
4.75888, 226.367, 76.7811
6.85263, 291.208, -176.414
4.72884, -238.652, -196.279
6.03726, 64.9, 222.839
6.83171, -419.507, 230.621
6.5822, 35.8966, 3.77628
2.67504, 156.385, 48.612
3.8644, 295.941, 337.009
5.21858, -124.713, -86.7461
3.19942, -55.3659, 27.6688
5.57408, -25.628, -21.0912
3.29182, 320.323, -54.2119
4.41129, -11.3104, 27.004
5.94997, 46.9692, 306.551
3.21128, 536.046, -157.715
5.65284, 299.896, -181.462
3.15973, -217.232, -592.514
7.13583, 184.884, -40.8033
5.53465, 408.253, -655.265
5.50388, 471.443, -123.578
3.33635, 38.1835, 204.493
3.301, 33.0374, -652.36
5.91628, 49.1003, 49.6869
5.1456, 34.6891, -1.42066
3.65264, -352.549, -329.553
6.55373, 172.33, 292.8
5.76477, -184.907, -30.8084
4.08597, 350.19, 234.604
2.53953, 271.177, -1.96107
3.49176, -159.724, -591.698
3.78831, -445.874, 117.044
3.03825, -370.805, 3.62877
3.49545, -353.619, -189.383
6.75079, -310.426, 141.509
6.63912, 192.837, -39.99
6.76813, 340.383, 410.476
5.71027, 200.353, -237.517
3.6787, -475.351, 329.17
6.80638, 83.4606, -89.9401
5.4745, -277.745, 195.635
2.52745, -646.567, -498.772
6.84925, 322.834, 380.806
7.37729, -2.38359, 224.679
5.59653, -389.868, -337.974
3.85574, 335.398, -160.641
7.46973, -28.5517, -41.4191
4.60751, 137.271, 292.677
4.20537, 305.861, 461.525
4.80717, 194.474, 44.852
4.44822, -182.089, -406.717
4.613, -517.378, -204.269
2.84879, 280.924, -86.7498
5.5153, 192.52, -49.2375
7.36114, 171.752, 111.104
5.07406, 295.661, 260.208
7.45461, -128.006, 111.695
5.84906, -110.511, -522.77
4.01716, 142.72, 209.493
3.47371, -326.932, -292.291
4.0109, 160.471, -115.092
4.93946, -84.0516, -152.954
4.72438, -428.955, -262.505
5.7844, -54.1032, -135.247
3.74227, 619.818, 439.986
4.72007, -471.375, -310.981
5.75894, 63.0185, 35.4231
6.67472, 257.419, -431.776
6.03698, -97.9453, -66.1279
4.93928, 126.511, 492.05
6.72039, -251.844, 112.151
7.00296, 109.16, 201.723
6.33082, 361.851, 205.645
5.29453, -504.216, -284.963
2.70603, 405.604, 79.0445
5.46749, -163.132, -174.529
2.68674, 203.348, -271.264
4.53488, 150.93, -12.732
2.84243, 392.296, -209.719
7.38558, -171.262, -48.3176
2.5956, 668.038, 498.712
6.60363, 131.002, 388.575
5.2195, 407.654, -196.36
5.72828, -319.152, 320.344
3.62934, -6.28684, 19.6152
2.733, 143.277, -322.379
3.63154, 26.896, -217.529
4.58371, 374.209, 99.9299
6.40126, -277.25, 217.769
3.72852, 184.078, -374.247
4.81411, -2.50191, -195.815
6.14756, -232.083, -189.662
5.35237, 184.911, -100.369
5.45997, -322.497, -319.628
4.98425, 277.282, -178.792
3.951, -144.815, -326.891
4.71107, 319.125, -82.2828
2.53669, -157.353, 140.716
7.41683, -16.8919, -318.818
2.52822, -123.223, -25.3207
4.8676, -287.7, -104.81
5.86497, 358.689, 517.301
