6.27803, -444.033, -183.764
3.5948, 23.3906, -160.425
5.89648, 310.884, -390.781
5.09708, -141.786, 399.862
2.76731, -528.986, 630.02
2.53849, 274.425, 107.613
4.58743, -456.816, -442.161
7.15218, 235.681, 89.025
2.95982, 92.0852, 433.813
6.00595, -109.951, 84.6021
3.81226, 522.507, 343.699
4.14117, 210.963, -298.19
7.45519, 203.096, 19.3613
7.41275, -391.278, -149.228
5.75759, 288.118, 94.0083
6.92354, 306.696, -341.845
6.33247, -144.129, -298.602
3.87453, -395.835, -214.431
4.93259, -432.921, -155.042
2.80282, 765.599, 520.795
5.08146, 56.4358, 402.516
4.96988, 515.253, -539.817
7.23882, -456.657, -340.309
4.42071, 4.05715, -362.609
5.14874, 482.876, -450.009
2.75042, 573.363, -303.32
6.63909, 340.21, 309.676
5.94228, -305.616, -455.858
6.18112, 61.8948, 398.703
6.94286, 493.739, 423.959
4.25508, -213.255, -316.137
6.72991, 366.18, 15.3524
3.84659, 305.581, 27.7327
4.83959, -75.608, -136.078
3.2686, -448.309, -381.118
2.66527, 256.628, 8.56823
7.2768, 195.111, -11.1523
6.95369, 368.626, 201.239
3.29884, 264.401, 38.2511
3.15214, 249.661, -391.865
2.515, -570.518, -313.27
6.0491, -291.93, -202.282
3.40448, -413.257, 570.975
5.76029, 449.123, -274.514
4.42907, 212.385, -331.628
3.23766, 34.377, -150.297
5.45054, 296.749, 55.4903
3.24076, -63.1092, 374.762
3.2091, -18.663, 403.209
4.94257, -350.583, -233.185
3.13015, 266.285, 28.2452
5.64635, -92.8923, -297.447
5.60817, 339.569, -349.073
4.88216, -375.848, 550.751
2.64188, -359.255, -230.894
3.21011, -172.529, 544.327
3.15594, -130.353, 527.045
3.31099, -628.416, 543.792
3.76529, 35.851, -338.477
4.77654, 383.749, -589.929
6.54472, 43.1006, -175.549
3.57624, 71.8761, 341.861
3.75063, 387.698, 199.84
5.02978, 5.12704, 464.249
6.27922, 315.04, 17.6494
5.66369, 393.935, -69.6372
5.9449, 221.198, 19.2869
7.27207, 471.138, 464.977
5.18713, -469.452, 494.883
4.57014, -320.381, -213.739
4.70019, 356.611, 23.6227
6.07821, 444.335, 377.048
6.20858, 218.84, 47.6941
5.12494, 632.115, -508.195
6.06711, -306.62, -202.105
5.91025, 261.306, 150.731
6.82941, 422.447, -342.797
3.19597, -91.7204, 522.283
3.57766, 417.867, -130.632
5.0733, -226.657, -197.944
4.83766, 6.98925, 465.367
3.55759, -204.968, 599.528
5.65244, -401.666, 438.211
2.5044, -634.825, 216.649
4.09589, 227.899, 90.8999
5.90281, 278.649, 179.696
6.0446, 274.579, -342.706
2.90869, -525.067, 502.35
3.56926, 265.061, 212.729
4.44412, -177.564, -529.077
4.44927, 595.379, 599.807
3.92018, 254.697, -377.743
4.6123, 332.678, 308.942
2.55658, -428.742, -408.499
3.72027, 571.257, -545.523
4.49072, -595.816, 471.802
6.64177, -425.632, 120.995
3.78584, 613.49, -516.174
3.59705, -434.775, -404.314
6.47385, 229.5, 106.597
5.8476, 170.238, 249.512
5.49108, -592.762, 188.319
5.99917, -89.2102, -258.348
5.13062, 267.408, -397.297
4.14833, 217.759, 34.7303
3.30844, -814.714, 232.443
6.56633, 323.493, 5.66657
4.08004, 370.372, -4.63422
4.05369, -64.0239, -394.589
4.65424, 72.5673, -61.9219
4.46509, -230.796, -520.224
4.43916, 301.138, -250.669
4.34871, -604.247, -451.644
5.88118, 251.37, -404.549
6.10384, -99.2822, -203.623
7.20082, 84.8399, 412.177
5.08573, -231.91, -327.288
5.5282, -109.785, 58.4254
5.85049, -392.318, 428.883
5.11404, 80.7531, -236.163
3.87105, -552.928, 518.257
7.08924, 259.267, 197.297
3.73367, 516.837, -333.85
4.77876, 196.525, 149.764
3.30374, -503.989, 474.982
4.68319, 205.904, 23.0779
7.45767, 319.073, 105.379
6.26931, -274.035, 383.871
4.97846, -501.129, -458.71
7.01651, -452.094, -388.879
4.68213, 337.205, 321.133
5.09239, -43.9202, -318.832
4.44866, 381.026, -339.971
5.63431, -97.3651, -278.093
5.19331, 216.157, 91.4019
4.35955, 275.792, -367.554
2.54674, -87.1774, 133.124
6.3794, 17.5918, -529.67
2.85317, -450.982, -341.048
3.98511, 207.405, -336.448
4.78581, 28.0501, -522.137
3.25156, -141.256, -240.794
5.97819, 250.384, -328.506
4.15587, 217.053, -8.78203
5.21197, 567.69, -561.453
2.64678, 648.496, -464.132
5.38086, -97.5169, -164.239
5.18133, 259.264, 61.6065
7.36678, -416.586, -360.471
5.57063, -185.422, -343.556
5.26431, -692.019, 220.471
6.69051, -150.086, 397.081
3.75764, -359.661, 436.162
6.98957, 309.129, 74.3481
5.97428, 371.89, -306.883
5.82752, -344.191, -218.288
3.06838, -452.519, -355.052
3.37987, -282.634, 436.341
2.91253, -121.773, -187.575
6.68103, -111.409, 105.635
2.64818, 540.108, -813.556
6.34719, 21.8091, -364.704
4.29829, -392.567, 432.611
6.24626, 96.2536, 487.567
6.28385, 241.829, 32.1581
3.60834, -571.414, -308.862
5.58305, 197.711, 39.9499
3.66846, -385.154, -146.58
6.22052, -588.733, 325.765
5.80997, -457.638, -372.181
4.9209, 579.297, -483.512
2.58972, 377.18, -44.4236
4.98291, 207.453, 46.5938
5.09587, -213.399, -256.669
4.71395, -509.229, 55.676
4.14528, 253.866, 392.266
3.52671, 313.079, 131.793
7.19863, 40.7253, -108.281
2.85168, -517.319, 214.003
3.30042, 26.6377, -263.617
6.70788, -327.887, -217.391
4.13614, -248.55, -189.495
6.85942, 243.731, 102.104
5.99896, 504.324, 442.812
5.52801, 343.895, -0.731007
4.77536, 29.9078, -147.394
2.91543, -319.6, -141.347
3.94883, 334.103, 248.246
6.51009, -425.347, -452.477
6.81821, 280.786, 138.013
3.81831, 237.571, -480.109
4.79881, -297.973, -139.221
4.95672, 282.315, -343.245
5.82344, -583.198, -318.372
7.31738, -420.126, -149.129
7.23022, 224.787, -367.544
2.81902, 267.36, -343.171
5.04829, -472.441, -165.939
6.13222, 498.537, 433.308
5.65882, 361.504, 37.7773
3.26658, -607.206, -503.083
5.09652, -511.364, 50.8468
3.52281, -425.533, 497.387
6.03231, 253.961, -345.478
6.05786, -394.584, -174.511
3.66304, -48.418, -159.364
6.80594, 118.144, -84.627
2.67122, 142.89, 285.053
6.26587, -534.376, 164.419
4.14789, 305.325, 26.1492
4.65309, -300.674, -323.549
7.33455, 431.421, 45.9366
4.05803, 522.772, 421.154
5.69762, 574.545, -624.342
5.95386, 332.457, -11.2772
5.36403, -35.2316, 599.242
6.60667, 610.175, -654.604
4.21807, -293.048, -231.761
5.09387, -460.44, -476.062
6.78438, -93.2873, -336.5
6.18587, 335.521, 128.669
3.45992, -427.787, 153.092
2.83145, -218.017, 124.806
3.60828, 596.686, -541.709
3.33656, 134.573, -141.202
6.31172, 252.97, -275.479
5.44905, -505.483, 179.741
4.65223, 538.284, 585.837
7.09618, 319.62, -18.2324
5.09668, 242.629, 111.644
7.38058, -369.8, -198.7
5.15714, -351.9, -178.158
2.98716, 223.298, -52.9563
5.83983, 240.259, 101.86
5.44444, 200.096, 105.869
5.01137, -398.861, -220.531
2.75808, -616.538, -173.416
2.6753, -34.5033, -239.045
4.41484, -260.248, -319.291
5.55555, 222.617, 109.011
5.06574, 548.426, 597.119
5.98498, 293.512, 127.622
4.89891, 28.4752, -135.365
3.88323, 203.711, 358.075
6.01685, -314.413, -82.6603
3.67701, 332.037, -23.7427
6.41501, -93.5747, -138.311
6.60589, 25.9591, 452.366
3.21842, -419.817, -230.69
5.75757, -413.243, 528.919
3.87677, 475.278, -429.428
7.26215, -430.478, 675.035
4.58238, -360.63, -206.973
3.03869, -124.961, 97.9136
4.70633, -535.156, 432.987
6.28811, -404.314, -179.218
2.77803, -417.366, -154.117
3.51241, 76.3439, -34.7177
6.82305, 643.198, -545.971
6.52456, -69.8325, -159.86
2.78861, -582.817, -530.904
4.40304, 24.4317, -342.066
4.56124, -25.7326, 458.665
2.80071, -82.3223, 201.046
7.09746, 475.731, 395.481
3.35398, 522.736, 363.866
6.51634, -553.776, 120.203
3.88599, 202.285, 147.772
4.44586, -208.261, 411.35
7.19936, -61.1983, 513.261
6.24573, -109.113, -159.627
3.44774, -500.278, 673.604
6.89581, 245.267, 102.706
6.8953, 287.514, -400.605
3.30515, -348.589, -243.459
5.87346, -322.327, -146.841
6.89096, 201.456, 124.804
6.98262, 279.725, 11.6167
3.06535, -28.0392, 389.172
5.93789, -245.057, -196.939
3.21651, -228.226, -262.928
3.6901, 231.743, 84.1784
5.64383, 377.477, -97.8356
4.312, 388.356, 198.79
4.64437, 483.743, 337.338
4.91936, -6.66084, -373.268
6.20379, 32.6332, -167.547
3.23098, -425.602, 485.145
7.36238, -361.631, -438.926
7.3158, -395.696, -152.031
3.14741, -437.291, 649.811
5.3784, -25.881, -135.301
4.66439, 263.252, -28.3045
5.50066, -239.942, -149.056
5.85098, -251.572, -210.335
4.5137, 513.681, 522.995
6.46691, 498.29, 410.389
4.89889, -171.519, -155.822
5.72449, 244.107, 278.95
4.28836, -465.116, 504.975
5.96794, -280.036, -131.036
5.83428, -461.93, -369.705
3.22071, -327.959, 449.162
7.10415, -550.643, 198.845
4.22228, 10.2842, -168.954
6.66824, -103.851, -311.804
2.74349, 324.866, -413.532
3.27936, -499.161, 170.161
2.55765, 54.8799, 432.096
3.94327, -39.0044, 482.641
5.07295, -197.714, -260.695
3.65948, 471.209, 499.245
2.75022, -138.596, -200.24
5.33091, -536.016, -483.633
6.69774, -42.0376, 465.489
4.28763, -492.534, -448.453
4.3452, 44.3133, 411.508
7.22226, 206.379, 124.858
4.72425, -330.741, -99.5057
6.82086, 229.69, 2.38029
5.82654, -316.695, -433.508
5.79297, 67.6921, 433.818
7.10736, -671.004, 590.617
5.11536, 605.943, -506.619
5.45229, 229.818, -428.213
5.79944, 554.616, 356.308
4.24765, 264.385, 37.8546
4.11714, 289.885, 195.754
7.08984, -26.3347, 453.581
3.08619, 560.544, -462.841
7.31268, 301.983, 33.66
5.17978, 11.0421, -185.841
5.81447, 516.679, 372.718
5.48362, 551.671, -444.626
6.93363, -527.345, -298.228
6.67999, -393.291, -437.822
6.69339, 239.33, 108.965
6.85642, -116.416, 54.7089
2.5002, -568.485, -23.7973
4.77274, 258.012, -14.1682
4.25696, -480.846, 205.032
5.80713, -205.272, 545.536
6.22234, -497.785, 181.376
3.3821, 22.137, -164.534
7.4621, 596.248, -485.058
5.95466, -494.928, 211.774
6.97862, 177.19, 138.714
3.51579, 244.097, 239.458
7.2356, -460.47, -181.543
4.88476, 542.501, -453.302
6.78578, 611.29, -542.755
6.41237, -323.969, -295.497
5.70687, 613.657, -453.366
3.14521, -377.792, 134.202
5.77944, -34.7898, 561.645
3.09199, 87.0015, -232.77
3.88793, -5.54063, 448.698
6.65548, -180.757, -222.487
6.14153, -557.531, -412.559
6.74348, -682.265, 227.862
3.43989, -522.265, -143.43
6.09602, 288.676, -219.412
4.25586, 277.896, 322.852
3.34555, -511.682, -295.977
4.52383, 370.435, -407.896
4.20924, 43.6269, 401.334
6.67141, 266.806, 144.779
3.9111, 541.124, 371.801
5.16766, -695.466, -514.845
6.25085, 595.796, -459.672
4.62554, -464.114, -368.748
4.66964, -336.526, 478.195
3.03022, 607.79, -510.134
6.4639, -185.83, -306.097
3.91232, -394.223, -363.52
7.14264, -390.201, -171.126
5.37926, 265.644, 196.463
3.4895, 451.386, -244.133
5.99081, 182.55, -338.6
3.07265, 186.684, -141.91
4.22945, 19.6283, 400.767
4.15646, -427.934, -177.707
6.42735, 562.466, -499.926
6.65775, 234.181, 112.4
4.21712, -555.576, 487.907
4.2603, -159.088, 435.606
6.38197, -41.5555, -326.648
6.58658, 16.6504, 434.85
4.26157, -108.58, 111.857
7.09559, -413.271, -134.199
3.2877, 366.84, -104.603
5.56029, -362.026, 499.4
5.54222, -334.373, 448.965
3.16647, -108.623, -276.425
3.51409, -517.812, -333.371
4.79457, -468.159, 423.628
3.48759, 27.6876, 370.156
6.77118, -629.132, 83.0037
6.54562, -458.418, -400.099
2.80131, -486.825, 520.06
6.50584, -553.803, 483.699
5.49597, -44.8037, -338.799
7.43182, -521.769, 220.449
2.65919, 159.438, 494.695
6.8356, 637.336, -540.163
3.69109, 287.232, 0.650357
3.6127, 415.33, 111.48
4.73907, -431.96, -484.835
2.61231, 416.25, -158.881
6.79755, -61.4961, -166.796
4.15902, 232.614, 145.625
5.72195, 182.172, -31.2531
7.43521, -342.635, -417.923
5.30162, 302.965, -350.931
4.74553, -320.87, -221.81
5.213, -35.5002, -329.703
2.90797, 315.084, -36.9054
3.99606, -395.335, -172.492
6.63964, 493.418, 445.7
6.48936, 449.991, 448.959
5.71048, -26.1046, 453.031
4.84105, 261.562, -4.12931
7.15326, -175.519, -317.598
5.08798, -71.7061, -161.222
7.42924, 573.201, -474.396
5.94567, -2.70712, -359.664
6.19966, -140.373, -298.247
3.46323, -602.55, -428.304
6.08881, -342.44, 521.728
6.11146, 458.088, 181.245
6.49298, 242.88, -15.3541
4.23216, 233.441, -374.742
5.1481, -42.3054, -233.964
3.19001, 426.259, -155.819
6.73218, -233.396, -186.701
6.32766, 17.2843, -343.79
7.5, 573.831, -456.432
4.24891, 413.418, 599.487
5.50367, -335.684, 497.945
3.50808, -331.644, -75.4672
6.2385, 79.1075, -41.0141
6.49225, 400.763, 123.668
3.03505, -764.923, 312.787
5.35813, -348.068, -222.364
2.84683, 176.898, -350.572
4.16036, 572.084, 343.583
5.80945, 161.901, -390.96
5.27726, 26.8293, -185.809
7.12415, 295.882, 153.141
2.69832, -275.037, -300.167
2.62083, -195.666, -164.922
4.61923, 217.486, -401.365
4.36987, 234.941, 130.209
2.93303, -229.228, -156.236
3.05403, -24.5127, -75.4044
5.31992, 235.539, -457.838
7.37269, 102.372, 401.865
3.05066, 17.3361, -358.575
5.99352, 84.1706, 357.487
2.79674, -70.2716, -310.896
4.69755, 298.831, 3.51215
5.24651, 557.992, 590.4
3.45129, 384.758, -487.674
7.36597, 242.331, 87.5574
3.19593, -272.28, -212.156
5.48978, 514.443, -424.207
7.12812, -539.107, 514.984
3.91116, -36.5441, 424.561
6.8307, -150.839, -76.1425
6.29598, -204.604, -335.432
6.10793, 240.842, 11.4615
3.34241, -92.5876, 112.907
3.32882, 514.089, 613.741
3.39076, -401.073, -263.662
5.87226, 249.315, -374.338
4.83484, -156.117, -165.467
6.85219, -470.718, -475.989
5.76023, -329.635, -293.368
5.80464, 559.345, 511.546
2.58037, -457.018, -377.546
4.30596, -493.956, -450.019
3.72747, 395.942, 131.36
6.93086, -560.812, -522.962
5.23701, 679.165, 473.346
6.57209, -53.934, -315.381
5.24453, -24.24, 438.054
4.16156, 330.243, 31.7208
4.40213, 77.277, -439.459
2.52389, 403.111, 447.815
6.95226, -192.923, -319.644
6.16955, -332.522, 473.916
6.04239, -8.88588, 454.802
5.1278, -105.546, 172.762
6.41065, 7.33926, -373.136
3.42484, -273.396, -330.539
5.72673, 234.306, 29.7328
3.42178, -375.332, -159.359
3.31214, 329.539, -433.212
2.65594, -264.182, 575.121
7.42716, -71.1737, -413.451
4.04559, -122.574, -292.07
4.11075, -412.237, -192.71
5.51155, 279.301, 170.124
2.89107, -362.842, -457.659
3.93936, 69.2607, -30.9774
5.79307, -179.287, -307.822
7.36348, -467.588, -495.025
7.27758, -452.321, -365.309
7.42745, -367.11, -151.324
7.30478, -456.564, -381.521
3.0073, -374.269, 399.944
3.71505, -185.914, -214.169
6.91151, -100.106, -233.442
5.28805, 236.883, 21.8068
6.7669, 538.855, 396.985
7.49145, -394.967, 478.891
3.99751, 248.927, -471.356
6.33157, 481.979, 370.15
4.81901, 246.295, 181.63
6.8168, -454.314, -277.459
6.99018, 315.783, 73.0706
7.377, 130.573, -318.488
2.77405, 219.912, 139.029
6.32605, 568.597, -572.874
5.09219, -523.988, 447.158
3.46574, 327.743, 17.2728
6.98252, 280.633, -321.39
6.38492, -508.334, 230.452
2.75968, 10.3602, 333.748
7.47331, -504.304, 413.857
5.93659, -236.928, -353.219
5.94854, 467.918, 354.612
6.57666, -326.567, 401.19
7.05426, -255.863, -321.725
3.34218, 25.6631, -102.218
5.24183, -435.402, 471.62
6.53351, -376.316, -161.906
4.17803, 242.812, -398.811
5.53435, -166.886, -233.485
6.59602, -515.113, 169.735
7.3485, 2.4485, -208.869
6.29349, 312.163, 161.757
3.72113, -139.577, -203.727
5.80589, -602.75, 187.015
4.21574, -743.216, -467.496
7.27146, 146.732, -269.678
2.60828, 322.055, 624.017
4.54979, -627.751, 601.617
2.55789, 628.953, -545.033
3.04964, 333.037, 145.664
5.28259, -463.514, 140.217
4.45466, -54.1494, -256.466
7.20539, -110.794, -123.317
2.55572, 385.718, 161.33
6.22897, -188.405, -203.489
3.84293, 217.037, 133.267
4.27153, -219.379, -302.517
3.45835, -423.206, 608.341
5.14832, 213.132, 88.6199
4.39478, 95.3028, -341.122
3.16407, 13.2888, -356.49
4.26563, -244.244, -333.799
4.2497, 632.262, 560.08
7.41084, 218.218, 22.2599
5.25961, 5.73663, -55.0663
4.99918, 40.576, -455.138
3.58531, -508.604, 221.419
4.37311, 160.883, -295.159
6.78251, -748.16, -486.64
6.45578, 627.599, -361.799
3.9204, -357.626, 413.329
5.07645, 281.156, -20.0758
6.79238, -82.8558, -203.102
7.07844, -265.51, -273.634
7.48941, 63.3275, 387.457
6.53177, 82.7357, -144.269
5.22718, -302.307, -210.67
7.3461, -109.041, -445.642
5.31931, -559.571, 150.523
4.03031, -369.208, 517.959
5.41853, 529.059, 474.034
2.91197, 232.009, -217.997
5.47382, 240.669, 7.57267
3.31968, -624.734, -575.103
6.46527, -531.525, -408.198
2.95373, 641.84, 222.545
6.3072, -461.168, -295.417
6.83996, -61.0291, -163.092
6.40105, 112.294, -87.7704
6.61399, 596.867, 511.631
6.70974, 269.173, 30.5248
4.48328, 126.2, -121.139
6.508, -78.4577, 42.4846
6.56811, 233.871, 126.985
5.43493, -307.534, -154.038
4.64621, 319.607, -23.3142
2.5002, -65.7877, -258.216
5.31153, -534.736, 209.199
6.22632, 233.425, 146.703
3.89846, 413.714, 97.6937
2.93406, -417.719, 337.106
3.5733, 539.225, -519.525
3.93296, -344.146, 358.272
4.86595, -283.497, 370.766
6.95893, 515.784, 609.941
5.91955, 293.988, -351.573
3.54376, 298.502, -308.303
6.67533, 428.466, -108.704
7.09218, 577.085, 494.524
4.48244, -544.15, -298.685
6.37858, 294.414, 301.243
5.68161, -123.123, -198.102
6.64746, 162.597, 83.997
3.40204, 277.464, -332.728
7.45927, 221.68, -354.292
6.70558, -14.149, -373.638
4.65177, 365.266, 233.8
4.38589, 366.402, 571.633
2.70802, 358.529, -314.564
6.80715, -406.45, -354.702
6.62116, 522.742, -500.399
6.25052, 55.0829, 453.282
3.55801, -171.741, 477.031
4.31029, -320.77, -148.656
4.43545, -452.924, -364.204
7.32918, 495.693, 415.234
6.5872, 18.68, 466.204
4.5755, 119.052, 351.962
5.83759, 237.374, 128.938
2.52101, 454.399, 451.833
6.98048, -500.396, 182.064
3.68416, -89.1742, 110.065
3.79415, 228.277, 64.5601
5.4939, 231.702, -390.638
6.89823, -298.454, 33.1825
6.16299, -436.894, -531.517
6.0773, 496.554, 404.254
3.57724, -401.11, 534.409
6.30413, 635.897, -491.036
3.85351, 86.1968, -99.2868
2.75246, 258.659, -8.06318
4.78866, 264.895, 70.2251
2.58759, 272.845, -395.271
3.01129, -101.747, 173.815
2.639, -120.762, 98.9836
5.65921, -202.689, -328.352
6.34425, 34.1342, -164.08
2.74132, 185.917, -370.659
6.6924, -45.4961, -315.445
6.76899, -236.75, -190.781
6.57649, -449.264, 522.018
6.85188, 468.546, 431.372
5.27222, -374.839, -198.978
6.12646, -161.057, -228.171
3.20424, 75.0743, 371.811
6.6115, 263.646, -347.642
5.51185, 218.355, 102.579
4.93856, 230.18, -349.174
6.14942, -174.279, 383.137
4.05164, 516.414, -543.734
3.93925, -395.518, 183.919
5.45857, -508.745, 472.052
5.34055, 408.728, 524.974
5.41059, -468.806, -389.742
2.84132, -544.941, 319.444
4.34304, 115.484, -7.68756
6.28475, -459.522, -433.469
6.35297, -543.59, -335.598
4.27217, -395.975, -179.534
5.98913, -23.4501, 409.787
5.08005, -357.835, -154.51
5.94494, 231.119, 105.668
6.18066, 65.6577, 523.879
2.56231, -147.856, -318.983
7.16549, 291.595, 20.7542
5.37826, 264.411, 290.427
3.05587, 686.343, 749.837
4.87388, -143.333, -234.849
3.24247, 276.578, 120.711
4.22594, 239.026, 301.121
7.04476, -482.572, 176.137
4.54571, 96.07, 482.845
5.96642, -382.738, -165.949
3.35865, 252.252, -277.207
6.21715, 551.267, -430.307
4.16319, -471.371, 453.066
4.62157, 202.718, 76.6949
2.79523, -32.9808, -190.97
5.09005, 287.72, 176.833
5.94425, 166.113, -438.195
5.01149, -75.8157, -163.433
6.56617, 41.3559, -336.268
3.07974, -71.0737, -345.432
5.24841, 231.97, 134.03
5.06046, 339.431, 135.424
6.02649, 482.143, 424.415
5.65083, -154.093, 398.95
4.0207, -30.6656, -320.956
6.74719, 282.923, 63.1258
3.39619, 382.329, 29.0497
2.61737, -343.248, 48.3675
4.19467, 304.605, 53.3243
3.43818, 216.353, 93.7809
6.60467, -50.2752, 27.5701
6.72507, -240.629, -183.024
6.78031, 617.74, -558.183
7.37454, -503.086, 472.56
2.99587, 291.216, -344.791
2.56182, 629.139, 516.742
2.58614, 191.433, 174.358
2.64527, 260.629, -1.28806
4.1031, 54.5226, -11.862
6.17815, 185.957, 122.004
3.14876, 238.809, 91.2849
2.5161, -330.548, 280.54
6.91905, 21.9738, -338.208
3.70482, 239.073, -376.695
4.38481, -566.662, 495.098
4.44879, 343.371, 5.70099
2.81534, 259.61, 121.679
7.30792, 161.078, 344.491
3.75349, 467.079, -233.366
6.85376, -387.276, -167.169
2.85991, -608.58, 397.193
2.70653, -407.702, 686.002
3.46378, 276.905, -400.243
3.86708, -193.063, 270.681
7.4007, -417.794, -377.649
3.60607, 258.889, -365.822
6.43119, -459.952, 404.325
4.42306, 152.455, -170.088
3.78593, 381.587, -474.564
3.91087, -499.433, 165.898
7.33834, 393.402, -70.7519
4.22841, 130.843, 44.9665
3.45922, -362.812, 531.146
5.05037, -429.42, -97.549
5.21857, -278.107, 610.38
5.72333, -334.618, -501.939
3.89738, -171.519, 603.151
3.41887, -51.6404, -253.87
2.71579, -420.359, 119.762
3.98408, -375.463, -171.22
4.25548, -87.9453, 10.9621
7.09372, -347.486, 505.904
5.81225, 303.755, -172.163
5.08041, 517.605, 428.249
4.03763, 327.843, 191.014
3.0007, -79.4162, 11.7028
3.47502, 226.462, -393.142
4.11407, 6.86035, -102.086
5.56182, 288.951, 49.4709
5.13511, 552.864, -389.89
3.45653, 93.7371, -47.7081
4.7178, -410.514, -527.396
4.48693, -414.873, 528.88
6.28051, -379.997, 409.082
6.6213, 531.79, 346.571
5.51573, 114.663, -22.3713
3.04573, 211.445, -294.227
4.11797, 286.318, -3.37376
5.03403, 335.132, 97.8049
4.76521, -280.25, 438.756
4.77315, -93.4263, -321.813
4.91125, 536.005, 569.735
5.07896, 243.22, -348.645
4.50207, 74.1035, 400.864
4.22945, 512.107, 428.19
6.64533, 385.748, -101
3.02204, -586.91, -141.883
6.40057, 306.11, 284.285
3.19919, -200.09, -302.581
2.62171, -525.621, -485.594
6.0664, 221.457, -371.967
7.15538, -19.6139, -348.325
7.47667, 241.628, 115.409
3.86264, -496.203, 180.525
3.6923, -391.614, -182.625
3.87328, 350.432, 626.191
5.70836, -464.106, -380.955
5.17637, 229.179, 30.2656
6.8967, 487.953, -292.305
6.75968, -454.719, -388.022
2.98004, 293.037, 37.9933
4.66818, -478.316, 181.046
3.17045, 61.8587, -339.857
5.86802, -156.792, 74.5972
5.34964, -183.739, -294.181
3.66474, -256.172, 723.386
5.50306, 244.679, -415.662
2.6551, -317.924, -293.531
7.08512, 299.475, -211.779
3.82958, 420.283, 48.8329
6.50016, -198.233, -312.682
5.46389, -42.2563, -323.965
5.0822, 279.983, -1.24895
5.2567, 230.263, 11.1174
3.47225, 269.967, 243.886
5.36152, -86.8415, -337.925
3.81992, 292.597, 210.279
4.41648, -542.234, 555.303
2.73626, -456.586, -289.978
4.22823, 357.216, -453.208
3.61594, 361.408, -309.076
3.81264, -187.956, -286.371
3.05141, -154.796, -284.732
7.40088, -357.753, -198.319
5.93794, 519.907, 404.359
5.82158, -431.495, -93.2353
5.99501, -492.833, -361.163
2.68746, -353.002, -441.637
3.6706, -337.804, -196.57
3.95397, 476.896, 397.73
3.50543, 54.7043, -169.303
2.7177, 279.293, 127.491
2.56571, -391.033, 366.774
6.07297, -423.8, 498.425
6.88348, -462.355, -382.9
5.35088, -489.132, 148.311
6.92743, 707.77, 699.945
5.20042, -343.981, -153.783
3.31357, 577.1, -482.09
3.30492, 519.381, 472.533
7.19182, 263.727, 33.604
3.45628, 194.829, -374.674
3.15761, 281.998, -346.44
4.41122, -25.9612, -162.932
6.12674, 235.492, 136.788
2.50651, 545.773, 597.229
4.60222, -242.092, 413.509
5.18984, 277.508, 167.378
4.86596, -142.305, 199.123
6.33003, 506.598, 365.117
2.9396, 272.411, -346.731
7.04284, 283.745, 102.534
3.20818, -441.566, -701.655
2.54782, 222.255, 24.7544
2.82267, 330.018, 212.059
4.96742, 231.01, 141.248
5.40914, 494.705, 465.089
4.03373, -473.664, 419.153
4.57091, 315.312, 3.39996
4.33401, -462.778, -349.133
3.42687, 58.1013, 443.829
2.76788, 198.856, -21.4095
4.47222, 284.313, 31.8054
3.98388, -69.7355, -58.1896
5.05388, -497.603, 385.91
3.75392, -511.273, 163.749
5.01589, 523.1, 583.322
2.51168, 13.1524, 470.993
7.01807, 547.316, -451.481
2.79181, -509.941, -631.244
5.17506, -363.127, 414.808
3.95754, -493.768, 410.89
7.3023, -340.112, -155.235
4.73406, 240.873, 156.828
5.08479, 394.816, 145.913
5.93861, -14.5166, -158.144
2.72187, -144.697, -54.1978
7.2946, -582.959, 539.698
5.70852, 260.188, 26.5994
2.80215, 270.461, -383.379
3.33964, 342.939, 114.168
5.76491, 283.21, -6.29536
6.19864, -570.102, -24.3271
3.57011, 489.775, 266.272
4.31441, 198.558, -184.788
6.56981, -394.64, 425.955
5.32057, 457.59, -258.676
7.45886, 3.90603, -357.838
6.5669, -524.317, 203.296
3.49157, -446.198, 70.7063
2.50003, 113.095, -345.374
4.62608, 613.401, -556.99
4.07406, 436.188, 120.339
5.56218, 483.837, -478.298
3.83351, -152.06, -268.167
4.39881, -351.081, -284.221
5.43397, 408.595, 121.882
5.95636, -304.997, -341.72
7.26736, -106.875, -286.872
4.89785, -284.008, -355.737
3.60319, -17.106, -361.721
5.33741, -448.211, -522.371
6.09873, 286.715, 62.5782
4.4953, -364.184, 494.89
3.48326, -392.404, 424.379
6.66971, -520.642, -318.811
5.59561, -576.015, -314.566
7.26866, -91.6147, 12.2889
3.23222, -1.02012, -61.73
5.38953, -113.013, -310.117
7.26796, -394.182, 468.413
3.62331, 705.438, -571.297
7.25137, -326.779, 447.069
3.07874, 442.763, -140.399
2.58372, 225.773, -78.7389
3.90465, -141.522, -255.499
7.15042, 331.255, 28.1452
3.04796, 525.301, 581.271
6.77266, 73.9849, 292.359
5.68532, -511.826, -311.304
5.63853, 233.554, -390.079
3.80589, 534.097, 353.02
5.13936, -453.702, 137.342
7.16608, -157.957, 411.257
3.98055, 240.7, 57.9426
4.78006, 272.925, 119.381
6.35659, -354.902, -641.28
4.17193, 233.696, 116.899
6.31775, 34.5104, -383.601
6.65892, 108.958, 410.946
2.64618, -533.19, 540.657
4.31315, 443.878, -80.6627
4.16221, 278.899, 10.2906
3.17675, -251.55, -82.6075
3.00839, -201.74, 603.038
5.11327, -337.444, 369.794
3.52046, -134.125, -285.548
5.00728, -431.338, -370.521
5.1371, 101.675, 419.179
4.13422, 154.169, -268.268
4.75888, 135.752, -257.632
6.85263, 65.4196, 383.907
4.72884, 512.558, 355.137
6.03726, -539.89, -306.011
6.83171, 617.242, -561.369
6.5822, 390.774, 137.667
2.67504, 764.387, 515.343
3.8644, -382.011, -115.88
5.21858, -104.744, -293.082
3.19942, -357.471, -271.165
5.57408, -452.611, -298.819
3.29182, -414.964, -584.267
4.41129, 375.3, 104.392
5.94997, -41.3229, 30.8712
3.21128, -425.118, 540.521
5.65284, -526.675, 484.066
3.15973, 70.3274, 400.727
7.13583, -505.542, 183.568
5.53465, -509.235, 412.14
5.50388, -524.403, 229.533
3.33635, 278.919, -370.734
3.301, -444.103, -698.382
5.91628, 314.605, 26.3559
5.1456, -363.105, -146.419
3.65264, 2.77683, 479.169
6.55373, -403.465, -271.656
5.76477, -200.65, -337.737
4.08597, -457.535, -366.486
2.53953, -197.577, -262.556
3.49176, 320.6, 447.902
3.78831, 319.113, 202.409
3.03825, 410.288, -88.2777
3.49545, 120.768, -54.7108
6.75079, 751.382, -403.777
6.63912, -442.584, 142.204
6.76813, -438.373, -384.108
5.71027, -4.3014, 516.316
3.6787, 650.783, -453.809
6.80638, -473.173, -301.158
5.4745, -172.918, 0.17857
2.52745, 376.251, 64.8315
6.84925, -439.697, -367.66
7.37729, 225.354, 106.103
5.59653, 231.818, 80.7945
3.85574, -501.009, 175.008
7.46973, -114.848, -299.93
4.60751, -395.479, -572.869
4.20537, -544.068, -335.551
4.80717, 247.987, 112.924
4.44822, 164.256, -163.077
4.613, 191.345, 529.17
2.84879, 351.546, 136.138
5.5153, 25.6673, -177.939
7.36114, -24.1118, 11.2181
5.07406, -457.109, -376.897
7.45461, 336.19, -19.3589
5.84906, 246.891, 64.2217
4.01716, -351.866, -282.322
3.47371, 492.947, 403.547
4.0109, -509.609, -305.173
4.93946, -316.631, 271.506
4.72438, 485.452, 465.274
5.7844, 327.109, -393.586
3.74227, -492.5, -450.059
4.72007, 194.783, 377.566
5.75894, -363.872, -210.292
6.67472, -515.721, 197.654
6.03698, 59.0532, 390.074
4.93928, -149.358, -376.646
6.72039, 212.624, 130.506
7.00296, -389.872, -176.951
6.33082, -433.319, -363.539
5.29453, 383.117, 475.569
2.70603, 235.749, 53.0046
5.46749, 373.715, -61.5299
2.68674, -374.712, 386.208
4.53488, 227.579, 107.085
2.84243, -479.39, -430.811
7.38558, -454.759, -285.98
2.5956, -438.564, -225.367
6.60363, -256.291, -130.238
5.2195, -517.572, 508.381
5.72828, 533.229, -216.319
3.62934, -47.1845, -145.982
2.733, 603.521, -563.211
3.63154, 224.392, -415.534
4.58371, -548.446, 264.232
6.40126, 279.041, -395.461
3.72852, -506.277, 179.594
4.81411, 328.182, 20.1671
6.14756, 378.192, 35.7704
5.35237, -429.217, 431.576
5.45997, 531.333, 590.409
4.98425, -430.505, 129.393
3.951, 252.572, -1.12845
4.71107, 19.4944, -160.094
2.53669, 583.994, -445.701
7.41683, 306.158, -211.285
2.52822, -459.699, -391.846
4.8676, 149.214, 353.206
5.86497, -221.182, -146.948
