6.27803, -1345, 706.81
3.5948, 261.566, 1047.69
5.89648, 854.121, -384.847
5.09708, -52.2533, -242.297
2.76731, 2260.72, -2383.92
2.53849, 110.907, -71.6023
4.58743, 3148.44, 1820.46
7.15218, -158.726, -45.7085
2.95982, -331.514, 668.677
6.00595, 732.087, 563.176
3.81226, 530.409, 260.994
4.14117, -8.03871, -4.78456
7.45519, -491.024, -494.487
7.41275, 61.2798, -84.3824
5.75759, 594.661, 365.941
6.92354, 37.4032, 31.2221
6.33247, 15.0071, -27.0945
3.87453, -1175.51, -62.9461
4.93259, -376.926, -397.095
2.80282, -2748.76, 478.292
5.08146, -60.0472, -142.749
4.96988, -2048.35, 666.747
7.23882, 61.8005, -238.455
4.42071, -19.8081, 17.2182
5.14874, -1636.01, 535.712
2.75042, -301.369, 2048
6.63909, 392.429, 258.105
5.94228, -674.03, -255.15
6.18112, 177.098, -31.3547
6.94286, -1633.2, -1622.09
4.25508, -9.22446, -98.1259
6.72991, -68.6223, -260.184
3.84659, 117.846, 216.598
4.83959, 709.487, -160.919
3.2686, 55.289, 130.968
2.66527, -71.6165, -129.972
7.2768, -1055.91, -788.48
6.95369, 360.897, 327.467
3.29884, -1020.88, 56.4678
3.15214, -697.172, -226.589
2.515, 1310.59, -200.427
6.0491, 140.822, 147.817
3.40448, 1091.57, -30.6774
5.76029, -43.3419, 75.3791
4.42907, 107.509, 235.956
3.23766, 722.723, 1009.6
5.45054, 206.054, 563.667
3.24076, 1350.69, -683.114
3.2091, -1199.75, -936.914
4.94257, -243.389, -219.699
3.13015, -897.413, -181.834
5.64635, -695.705, 178.408
5.60817, 332.553, 91.8854
4.88216, 1477.93, -2046.82
2.64188, 580.611, 871.829
3.21011, 1835.14, -395.388
3.15594, 481.04, 353.097
3.31099, 875.06, -1266.63
3.76529, 19.0984, -41.0509
4.77654, -2200.36, 1150.06
6.54472, 130.009, -128.56
3.57624, 4.03261, -108.117
3.75063, 323.772, 619.203
5.02978, 420.008, 365.684
6.27922, -4.55663, 54.721
5.66369, -688.502, -1579.95
5.9449, -1340.72, -868.143
7.27207, -738.837, -232.889
5.18713, 2019.5, -1040.86
4.57014, 144.878, 618.962
4.70019, 433.081, 397.869
6.07821, -1028.97, -1219.94
6.20858, -1083.36, -1127.59
5.12494, -1510.47, 1353.63
6.06711, -33.9651, -34.2761
5.91025, -56.5653, -21.0953
6.82941, 1135.62, -853.371
3.19597, 838.72, 765.979
3.57766, 88.6068, -35.6183
5.0733, 89.8002, 290.343
4.83766, 409.102, 436.645
3.55759, 1326.3, -1545.39
5.65244, 753.06, -417.209
2.5044, 1199.67, -1668.54
4.09589, -208.439, -1780.41
5.90281, 19.7117, -171.867
6.0446, 180.655, 231.511
2.90869, 343.253, 593.119
3.56926, -253.498, -18.5944
4.44412, -132.417, 62.981
4.44927, -1880.56, -707.223
3.92018, -172.723, 140.206
4.6123, -99.8, -122.755
2.55658, 563.93, 1.30056
3.72027, -2105.41, 1071.05
4.49072, -634.777, -1717.86
6.64177, 174.608, 88.7618
3.78584, -561.644, 625.536
3.59705, -888.328, -347.907
6.47385, 343.832, 335.875
5.8476, -650.165, -81.7349
5.49108, -250.529, -132.045
5.99917, 1397.45, 732.377
5.13062, 108.107, -114.832
4.14833, -6.16644, 11.3142
3.30844, 2026.87, 326.925
6.56633, 158.557, -59.2488
4.08004, 745.987, 443.207
4.05369, 235.637, -20.8784
4.65424, 19.3783, -88.4294
4.46509, 355.323, -84.528
4.43916, 345.889, -226.052
4.34871, -140.337, 94.9041
5.88118, -331.274, -576.578
6.10384, 785.837, -115.934
7.20082, -1266.8, 209.448
5.08573, -67.2579, -19.0793
5.5282, 727.119, 558.322
5.85049, 881.922, -1264.27
5.11404, 46.5043, -137.674
3.87105, -145.799, -3.15157
7.08924, 354.131, 331.183
3.73367, -111.978, 30.1199
4.77876, -284.979, 709.323
3.30374, 125.122, 240.556
4.68319, 66.7649, 145.68
7.45767, 232.087, -353.102
6.26931, 1417.79, -1619.58
4.97846, 6.95501, 37.3126
7.01651, 44.8273, -105.928
4.68213, 36.7006, -137.358
5.09239, 1110.07, -893.692
4.44866, -989.092, -1343.14
5.63431, 37.0233, -87.9539
5.19331, -153.451, 20.8382
4.35955, 154.625, -388.899
2.54674, 274.708, 303.815
6.3794, 147.926, 144.407
2.85317, 61.0608, 24.2302
3.98511, 67.2504, 337.159
4.78581, -51.2516, -66.059
3.25156, -77.1391, -40.6608
5.97819, 165.998, 543.964
4.15587, 381.46, 113.059
5.21197, -1316.72, 2265.35
2.64678, -1582.97, -603.874
5.38086, -78.7033, -641.345
5.18133, -65.3914, 143.416
7.36678, -720.792, 483.984
5.57063, -83.4257, -11.2182
5.26431, 1126.29, -1708.55
6.69051, 378.095, 537.743
3.75764, 80.5687, 615.121
6.98957, 65.7004, 117.962
5.97428, 310.265, -107.521
5.82752, 160.859, 1298.35
3.06838, -30.2153, 297.375
3.37987, -2.73473, -549.71
2.91253, -326.048, 753.115
6.68103, -155.011, 707.955
2.64818, -362.896, 983.545
6.34719, -136.055, 205.545
4.29829, 236.354, -1620.01
6.24626, 946.73, -195.324
6.28385, 77.225, -109.992
3.60834, 1422.1, -274.136
5.58305, -52.5323, -89.6373
3.66846, -353.336, -137.189
6.22052, 101.373, -1571.42
5.80997, 131.71, 191.35
4.9209, -1263.67, 2357.31
2.58972, -445.345, 9.46079
4.98291, 56.6426, 451.353
5.09587, 273.659, 38.0493
4.71395, 689.9, 1487.75
4.14528, -1263.44, 348.624
3.52671, 37.5423, -240.577
7.19863, -245.667, 1020.26
2.85168, 964.026, 1212.21
3.30042, -305.891, -244.858
6.70788, 23.9739, -63.3053
4.13614, 111.382, 306.746
6.85942, 645.617, 473.379
5.99896, -58.1692, -29.7848
5.52801, -220.496, -136.622
4.77536, 319.648, 703.991
2.91543, 1083.98, 277.464
3.94883, -1441, -822.347
6.51009, -147.354, -88.6434
6.81821, 510.051, 745.644
3.81831, -2010.58, 166.509
4.79881, -189.541, 192.215
4.95672, 165.858, 245.937
5.82344, 778.163, -1244.63
7.31738, -82.1385, -51.7141
7.23022, -180.137, -112.81
2.81902, 634.189, -623.353
5.04829, -240.015, 24.7168
6.13222, 290.339, 68.8154
5.65882, -29.8054, -48.2539
3.26658, 245.038, -251.011
5.09652, 688.588, 1486.87
3.52281, 2359.54, -808.369
6.03231, -131.304, 181.817
6.05786, -356.848, 2488.68
3.66304, 55.4098, 109.279
6.80594, 311.323, 13.3858
2.67122, -720.095, -479.902
6.26587, 89.6804, 413.018
4.14789, 324.055, 144.49
4.65309, 2056.1, -345.785
7.33455, 34.3353, -0.835882
4.05803, -1021.97, -920.764
5.69762, -2466.49, 104.179
5.95386, 95.4314, -124.348
5.36403, 45.0622, -121.932
6.60667, -1318.29, 2264.77
4.21807, -1553.36, 795.539
5.09387, -196.882, -319.338
6.78438, 843.18, -64.6364
6.18587, 776.26, 743.908
3.45992, 118.159, -174.585
2.83145, 209.5, 79.6368
3.60828, -1838.45, 1172.98
3.33656, 180.124, -57.1791
6.31172, -132.87, -31.5832
5.44905, 609.546, -1259.06
4.65223, -2562.65, -310.413
7.09618, 1182.36, -303.636
5.09668, 149.728, -188
7.38058, -336.419, 200.778
5.15714, 115.673, 307.636
2.98716, -525.947, 1106.8
5.83983, 421.905, 400.193
5.44444, -445.665, 1360.14
5.01137, 134.392, 8.34718
2.75808, 949.783, 320.138
2.6753, 760.921, -577.606
4.41484, 88.1872, -117.483
5.55555, -1111.55, -1494.03
5.06574, -2559.18, -322.188
5.98498, 44.0149, 76.4952
4.89891, 254.827, -264.514
3.88323, -2441.34, 16.7766
6.01685, -88.4125, 1558.83
3.67701, 121.889, -197.635
6.41501, -146.943, 36.1858
6.60589, 1061.74, -275.169
3.21842, 1405.39, 1479.07
5.75757, 622.369, -598.586
3.87677, 266.556, -134.633
7.26215, 914.333, -756.708
4.58238, -54.9035, -98.4184
3.03869, -260.702, -294.745
4.70633, -291.599, -66.858
6.28811, -211.958, -185.627
2.77803, 709.125, 590.663
3.51241, 58.4153, 21.2496
6.82305, 138.306, -323.986
6.52456, 361.659, 41.9221
2.78861, 363.841, 1228.8
4.40304, 137.654, -47.1713
4.56124, 36.3651, -97.4439
2.80071, -271.23, -115.48
7.09746, -838.563, -781.4
3.35398, 269.899, 66.4373
6.51634, 133.017, -132.029
3.88599, 23.8283, 279.774
4.44586, 390.219, -178.165
7.19936, -1139.98, 76.4052
6.24573, 32.1986, 1505.18
3.44774, 1385.24, -1699.58
6.89581, -233.517, -72.0865
6.8953, -81.0245, -133.28
3.30515, 334.299, -162.794
5.87346, 351.525, -65.883
6.89096, -83.7007, 142.806
6.98262, -550.218, 1697.44
3.06535, -41.1058, -53.0045
5.93789, 316.382, 480.256
3.21651, 52.3606, 63.2384
3.6901, 724.569, -239.413
5.64383, 1277.76, -924.553
4.312, 340.148, 352.949
4.64437, -1036.82, -993.029
4.91936, 862.049, -889.429
6.20379, -87.3557, -489.147
3.23098, 619.032, -482.039
7.36238, 43.5837, 25.9375
7.3158, -49.3852, -21.486
3.14741, 1115.02, -895.695
5.3784, -269.531, -178.642
4.66439, -39.1639, -358.319
5.50066, -89.9878, 130.534
5.85098, 5.83391, 226.039
4.5137, -1577.65, -515.581
6.46691, -1043.03, -875.367
4.89889, -1489.63, 1030.93
5.72449, -711.338, 535.637
4.28836, 2290.69, -435.564
5.96794, -95.3666, 421.375
5.83428, -27.7235, -217.036
3.22071, 732.77, -423.417
7.10415, 83.6202, -1.96735
4.22228, 699.176, 1832.65
6.66824, 108.695, 148.766
2.74349, 628.656, 50.2671
3.27936, 607.462, -782.774
2.55765, 593.9, -141.185
3.94327, 77.8805, -9.23046
5.07295, -92.5413, 107.167
3.65948, 332.186, -1765.22
2.75022, -175.19, 96.4303
5.33091, 114.247, 8.92039
6.69774, 275.094, -60.6167
4.28763, 462.189, 449.292
4.3452, 333.504, 297.037
7.22226, 505.922, 134.608
4.72425, -1049.27, 411.78
6.82086, 10.3558, -184.591
5.82654, 253.06, -350.972
5.79297, -561.935, 31.5319
7.10736, 1399.65, -1029.19
5.11536, -1516.49, 1350.21
5.45229, -413.782, -489.887
5.79944, -263.61, -1478.41
4.24765, -1108.09, 593.401
4.11714, 602.394, -295.571
7.08984, 375.142, 281.808
3.08619, -1961.31, 712.233
7.31268, -270.227, -66.1084
5.17978, -170.132, -90.1178
5.81447, -337.334, -120.116
5.48362, -2094.78, 911.104
6.93363, -498.297, -295.18
6.67999, 107.305, 187.851
6.69339, 363.885, 298.934
6.85642, 191.068, 108.261
2.5002, 174.17, 1233.23
4.77274, 88.7904, 31.4795
4.25696, 1309.67, -64.4708
5.80713, 1933.17, -1671.71
6.22234, -199.99, 96.0067
3.3821, -545.215, -1913.75
7.4621, -778.435, 1037.93
5.95466, 173.581, -82.0035
6.97862, -46.8444, -15.1309
3.51579, -755.27, -262.891
7.2356, -116.971, 719.092
4.88476, -1999.29, 1001.42
6.78578, -1836.24, 1174.95
6.41237, -51.9261, -443.766
5.70687, -1501.69, 1388.8
3.14521, -208.083, 806.567
5.77944, 261.777, -298.664
3.09199, 44.8157, -86.1159
3.88793, 1471.49, 206.252
6.65548, 299.448, 1465.45
6.14153, 1664.2, 2124.44
6.74348, 1830.26, -1363.73
3.43989, -398.237, -749.974
6.09602, 40.8382, 79.8536
4.25586, -163.913, 675.511
3.34555, 489.843, 801.137
4.52383, -1873.4, 280.556
4.20924, -49.6997, -107.838
6.67141, 26.7615, -136.869
3.9111, -1414.11, -2291.83
5.16766, 1299.09, 884.31
6.25085, 78.381, -90.4893
4.62554, 16.1191, 20.7984
4.66964, 1218.65, -62.0812
3.03022, -1719.72, -837.774
6.4639, -419.131, -420.268
3.91232, 84.9883, -122.987
7.14264, 1690.88, 2201.05
5.37926, 346.95, 333.13
3.4895, 392.981, -581.005
5.99081, 76.9148, -119.535
3.07265, -558.157, -605.537
4.22945, 477.824, 753.588
4.15646, 158.813, -476.492
6.42735, -2044.55, 933.505
6.65775, 258.799, 360.205
4.21712, 1003.54, -503.6
4.2603, 461.245, 239.249
6.38197, -12.1743, -22.5221
6.58658, -340.128, -50.123
4.26157, 201.658, 168.798
7.09559, 60.5879, -11.7812
3.2877, 721.212, 673.292
5.56029, 713.075, -534.28
5.54222, -55.2158, 6.41576
3.16647, 1249.74, 1492.17
3.51409, 1490.37, 2139.52
4.79457, -105.353, 9.52847
3.48759, -682.303, 717.156
6.77118, 33.425, -124.553
6.54562, -586.381, -503.651
2.80131, 1019.06, -1025.26
6.50584, 731.035, -2055.8
5.49597, 17.9843, -101.481
7.43182, 156.365, -45.9869
2.65919, -955.386, 159.637
6.8356, -1351.07, 1663.13
3.69109, 240.042, 585.969
3.6127, -147.905, -421.492
4.73907, 2582.2, 1197.33
2.61231, 478.93, -138.729
6.79755, 76.159, -9.66013
4.15902, 405.191, -2159.68
5.72195, -455.269, -59.959
7.43521, 287.097, -117.161
5.30162, 380.57, -70.8401
4.74553, -106.382, 48.9807
5.213, 84.8311, -110.425
2.90797, 499.811, -12.6658
3.99606, 1165.64, 1270.16
6.63964, -1751.53, -377.597
6.48936, -1573.7, 533.001
5.71048, 112.787, 80.8174
4.84105, 214.061, 215.016
7.15326, 460.867, 1302.63
5.08798, -605.876, -139.062
7.42924, -1796.41, 1165.89
5.94567, 15.0529, 198.822
6.19966, -6.88192, -22.752
3.46323, 1012.03, 732.022
6.08881, 1375.08, -996.756
6.11146, 579.622, 655.304
6.49298, 253.974, 104.032
4.23216, -2026.78, 236.239
5.1481, 326.723, 426.218
3.19001, 570.161, -800.021
6.73218, 37.0358, -132.886
6.32766, -327.574, 42.1054
7.5, -2100.63, 905.776
4.24891, -2806.67, -1034.05
5.50367, 1086.74, 19.2942
3.50808, -104.811, 1735.45
6.2385, -1560.39, 246.945
6.49225, 222.336, 437.125
3.03505, 93.3969, 176.172
5.35813, 67.6342, 139.072
2.84683, -2255.82, 787.387
4.16036, 77.4975, 26.3682
5.80945, 57.241, -238.821
5.27726, 321.571, 1733.79
7.12415, -109.94, -182.935
2.69832, 244.238, 1165.62
2.62083, 889.885, 922.444
4.61923, -44.6051, -189.195
4.36987, 213.086, -116.006
2.93303, 1375.73, 1216.02
3.05403, 45.27, -71.5446
5.31992, -1848.4, 127.263
7.37269, 237.794, -72.5077
3.05066, 0.63558, -1810.69
5.99352, -1384.02, -1580.88
2.79674, 339.231, 1101.59
4.69755, 242.541, 70.0203
5.24651, -569.199, -478.549
3.45129, 59.7722, -131.835
7.36597, -82.9514, 288.65
3.19593, 185.501, -266.14
5.48978, -1442.55, 306.196
7.12812, 245.136, -847.61
3.91116, 414.865, 297.262
6.8307, 214.815, 342.656
6.29598, 753.072, -911.607
6.10793, 27.7361, 193.323
3.34241, 322.255, 491.906
3.32882, -47.706, -1123.65
3.39076, 74.2903, 187.562
5.87226, -44.2458, -53.7862
4.83484, 110.456, 16.277
6.85219, 70.2929, 17.4083
5.76023, -192.723, -118.991
5.80464, -343.3, -118.198
2.58037, 33.6599, -225.281
4.30596, 2272.3, 1390.92
3.72747, -18.8216, 129.833
6.93086, 718.899, 894.155
5.23701, -2825.41, 35.6424
6.57209, 109.329, 251.932
5.24453, -671.093, -454.095
4.16156, -19.7516, -109.328
4.40213, -859.029, -1471.08
2.52389, -550.88, -57.7354
6.95226, -37.0741, -107.951
6.16955, 90.7654, -71.1904
6.04239, 402.263, 90.8128
5.1278, 1093.73, -1162.18
6.41065, 132.363, -104.351
3.42484, 156.817, -19.4944
5.72673, -19.4468, -7.6791
3.42178, 158.2, -213.086
3.31214, -1048.69, 371.646
2.65594, 1019.24, 429.82
7.42716, 95.6813, -148.412
4.04559, -159.376, 29.3128
4.11075, 80.7002, -89.1255
5.51155, 31.7757, -96.0115
2.89107, 2048.24, -147.342
3.93936, 44.5787, -222.764
5.79307, 672.776, -787.981
7.36348, 84.4938, 147.109
7.27758, 1607.83, 569.012
7.42745, -285.907, 65.9256
7.30478, 135.155, -84.935
3.0073, 199.68, -30.6735
3.71505, 169.721, -359.885
6.91151, 61.3685, -112.069
5.28805, 353.602, 435.049
6.7669, -37.8778, -181.472
7.49145, 862.664, -295.49
3.99751, -1719.79, 1043.45
6.33157, -3116.99, -1102.25
4.81901, -669.616, 161.269
6.8168, -45.6331, -38.0782
6.99018, -229.785, -101.321
7.377, 188.809, 59.0426
2.77405, -369.671, -36.479
6.32605, 142.313, -208.34
5.09219, 977.197, -1310.54
3.46574, 121.115, 619.356
6.98252, 357.153, 118.323
6.38492, -341.318, 344.444
2.75968, 38.5023, -59.7273
7.47331, 881.107, -1311.65
5.93659, 47.5793, 166.404
5.94854, -346.038, -114.842
6.57666, 1396.63, -649.766
7.05426, 155.336, -48.4114
3.34218, 877.371, 2126.92
5.24183, 1420.63, -909.849
6.53351, 54.9465, 100.801
4.17803, 314.529, 562.598
5.53435, -5.17061, -706.654
6.59602, 624.61, -1211.31
7.3485, -101.305, -16.6209
6.29349, -31.1947, 302.342
3.72113, -25.6645, -416.614
5.80589, -116.172, -53.5077
4.21574, 823.862, 290.839
7.27146, 87.8419, 117.295
2.60828, 955.991, -1551.28
4.54979, 840.099, -408.616
2.55789, -986.079, 1559.84
3.04964, -7.73462, -11.3864
5.28259, 669.917, -959.248
4.45466, 76.3374, 154.231
7.20539, 117.991, 163.105
2.55572, -476.535, 352.63
6.22897, 67.1235, 523.272
3.84293, -105.143, -100.223
4.27153, 212.574, -180.496
3.45835, 2240.15, -2392.42
5.14832, 103.367, -88.3994
4.39478, -410.06, -2046.55
3.16407, -120.719, 140.792
4.26563, -333.89, -187.662
4.2497, -2133.01, 1067.61
7.41084, -1330.77, -857.854
5.25961, 399.756, 296.89
4.99918, -1306.7, -352.087
3.58531, 761.016, -1258.21
4.37311, 518.004, -154.49
6.78251, 1118.34, 927.58
6.45578, -1132.58, 2140.81
3.9204, 1353.06, -1489.99
5.07645, 754.595, -578.882
6.79238, 72.0399, -103.571
7.07844, 415.061, -192.823
7.48941, -1000.23, -919.327
6.53177, -679.368, -465.553
5.22718, 72.3781, 182.94
7.3461, 92.1013, -515.042
5.31931, -129.978, -23.2925
4.03031, 682.583, -739.96
5.41853, 602.527, -193.804
2.91197, -60.7625, 287.276
5.47382, 184.6, -16.6669
3.31968, 1099.66, 1839.16
6.46527, 70.931, 1.56049
2.95373, -672.668, 722.766
6.3072, 126.842, 164.635
6.83996, 10.4973, -177.38
6.40105, -202.896, -265.675
6.61399, -1211.81, -394.765
6.70974, 118.424, -0.605514
4.48328, 787.594, 535.268
6.508, 45.2001, -82.0491
6.56811, -87.0904, -103.995
5.43493, 607.527, 1107.96
4.64621, -15.7244, 194.142
2.5002, 452.977, -618.664
5.31153, 80.6273, 155.959
6.22632, 300.177, 356.786
3.89846, 1550.09, 806.248
2.93406, -242.386, -2089.53
3.5733, -490.832, -275.696
3.93296, 220.952, -73.5293
4.86595, 619.258, -79.4811
6.95893, -1037.62, -871.752
5.91955, -260.985, 24.0651
3.54376, 19.5974, -149.133
6.67533, -2.69456, -9.7013
7.09218, -458.174, -183.105
4.48244, 615.657, -84.7407
6.37858, 759.5, 509.944
5.68161, 169.012, 299.101
6.64746, 289.026, -290.768
3.40204, -414.215, -498.883
7.45927, -117.852, -13.59
6.70558, 479.451, -576.216
4.65177, -289.33, 541.792
4.38589, -429.197, 237.911
2.70802, -117.099, 100.86
6.80715, 111.885, 93.3105
6.62116, -1697.39, 1235.51
6.25052, 538.415, 932.023
3.55801, 110.49, -169.258
4.31029, 169.056, -39.1665
4.43545, 38.0235, -160.954
7.32918, -1557.02, -1034.04
6.5872, 178.673, -19.3707
4.5755, -726.058, 98.8143
5.83759, -135.066, -148.419
2.52101, -1803.11, 1543.24
6.98048, 172.131, -39.928
3.68416, 729.399, 386.498
3.79415, -37.4454, -116.997
5.4939, 235.75, 29.4169
6.89823, -933.966, 108.613
6.16299, 536.169, 21.2671
6.0773, -831.972, -326.062
3.57724, 2487.05, -129.583
6.30413, -1862.04, 1371.16
3.85351, 90.7427, 97.3992
2.75246, 380.296, 175.52
4.78866, -122.234, 216.751
2.58759, 313.274, 82.2326
3.01129, 2185.93, -1511.88
2.639, -402.676, 159.388
5.65921, -20.4618, -6.63697
6.34425, -59.4803, -52.4815
2.74132, -688.984, -528.507
6.6924, 340.882, 212.23
6.76899, -105.438, 57.2256
6.57649, 650.028, -560.075
6.85188, -39.2643, -1754.33
5.27222, -124.077, -82.4276
6.12646, 26.2792, 1057.45
3.20424, -2015.29, 1351.99
6.6115, -110.825, 20.857
5.51185, -1106.12, -1493.9
4.93856, 31.0038, 75.1833
6.14942, 203.986, -54.8389
4.05164, -1168.5, 643.301
3.93925, 271.135, -259.329
5.45857, 1146.7, -1391.66
5.34055, -1511.65, 666.685
5.41059, 1560.7, 908.681
2.84132, 409.919, -783.925
4.34304, -1063.6, 316.693
6.28475, -41.4765, 0.322597
6.35297, 801.69, 1399.58
4.27217, -22.8851, -3.77743
5.98913, -54.7532, -22.0506
5.08005, 1204.4, 679.01
5.94494, 49.0486, 182.834
6.18066, -1217.01, -915.626
2.56231, -1291.74, -1081.41
7.16549, 155.106, 7.80223
5.37826, -450.252, -202.199
3.05587, -657.973, -81.7386
4.87388, -50.5524, -57.9942
3.24247, 285.429, 358.084
4.22594, -3409.01, -813.992
7.04476, -134.404, -336.275
4.54571, 1390.45, -648.498
5.96642, 79.2359, -89.067
3.35865, 41.6714, 157.345
6.21715, -1757.53, 732.376
4.16319, 74.5417, 44.1239
4.62157, 21.056, -96.3557
2.79523, 295.91, -404.222
5.09005, 186.288, 195.291
5.94425, 44.7162, -627.209
5.01149, -85.4985, 23.6838
6.56617, 120.086, 46.5391
3.07974, 170.169, 46.4527
5.24841, 657.423, 504.491
5.06046, 6.88375, -260.179
6.02649, -1034.9, -922.364
5.65083, -51.0448, -88.8513
4.0207, -77.4147, -47.7906
6.74719, 28.3833, 134.06
3.39619, 630.027, -1247.02
2.61737, 94.1461, 0.742223
4.19467, 73.3927, 6.63003
3.43818, -926.627, -925.897
6.60467, 199.976, -136.719
6.72507, 35.2128, 1566.93
6.78031, -1388.01, 907.703
7.37454, 145.237, -24.67
2.99587, -159.637, 61.746
2.56182, -1411.09, -1233.68
2.58614, 119.554, -921.124
2.64527, -117.372, -28.8135
4.1031, -1132.52, -1140.64
6.17815, -1349.21, 727.868
3.14876, 209.16, 20.3463
2.5161, -66.5812, 23.2034
6.91905, -216.739, 36.2072
3.70482, 418.141, -470.234
4.38481, -371.837, -178.209
4.44879, 165.635, 58.921
2.81534, 1379.09, 554.569
7.30792, 504.675, 128.076
3.75349, 497.926, -402.02
6.85376, -26.6178, 233.842
2.85991, 1037.35, -1492.07
2.70653, 1000.47, -1042.87
3.46378, 182.593, -183.48
3.86708, -655.329, -1259.51
7.4007, -33.4748, -25.7857
3.60607, 431.254, -2048.43
6.43119, 877.394, -1259.23
4.42306, -253.684, -43.0166
3.78593, -1355.65, 1332.55
3.91087, -325.083, 272.502
7.33834, 282.522, 12.1519
4.22841, 39.9808, -22.338
3.45922, 212.858, -268.851
5.05037, 19.8064, 133.347
5.21857, 527.846, -1845.16
5.72333, 147.336, -182.787
3.89738, 736.995, -499.857
3.41887, -471.787, -435.929
2.71579, 1106.88, -1401.16
3.98408, 172.079, -444.374
4.25548, 1060.09, -57.1807
7.09372, 438.833, -174.33
5.81225, -32.3492, -92.1287
5.08041, -1050.08, -849.63
4.03763, -254.577, 57.3206
3.0007, 1008.85, 1009.81
3.47502, 17.0547, 147.72
4.11407, 1295.55, 1546.92
5.56182, -321.185, 184.166
5.13511, 172.522, -147.378
3.45653, -441.798, 1018.63
4.7178, 2290.67, 1279.67
4.48693, 2543.7, -497.026
6.28051, -205.954, -3.11728
6.6213, 106.49, 60.4721
5.51573, -228.008, -807.359
3.04573, 62.3806, -47.1649
4.11797, 1253.92, -185.462
5.03403, 32.9871, -106.86
4.76521, 399.215, 843.972
4.77315, 262.834, -87.2492
4.91125, 370.62, -69.8924
5.07896, -1999.26, 375.251
4.50207, -941.593, -1081.83
4.22945, -280.685, -108.625
6.64533, 59.7843, 70.3184
3.02204, 1365.5, -248.079
6.40057, 24.0872, -129.705
3.19919, 126.945, 228.446
2.62171, 1499.19, 1814.86
6.0664, -86.1563, 273.345
7.15538, -135.567, -65.1484
7.47667, -63.4206, -243.034
3.86264, 11.7246, 33.7937
3.6923, -882.666, 603.399
3.87328, -149.491, -1293.09
5.70836, -33.4204, -101.168
5.17637, -251.701, -189.372
6.8967, -1244.96, 1993.72
6.75968, -40.5352, -222.322
2.98004, -139.748, 655.307
4.66818, -150.784, 208.496
3.17045, 102.711, -4.91116
5.86802, -92.7346, -138.605
5.34964, -114.989, -202.634
3.66474, 160.353, -1023.6
5.50306, -110.217, -199.151
2.6551, 272.1, -444.317
7.08512, 137.636, -103.079
3.82958, 746.846, 356.65
6.50016, 56.4549, -40.0472
5.46389, 87.5326, 180.08
5.0822, 6.36658, 4.13621
5.2567, -285.033, 55.4752
3.47225, 206.85, -325.171
5.36152, -1185.66, -431.896
3.81992, -317.876, 2255.31
4.41648, 957.747, -2167.35
2.73626, -112.522, -180.541
4.22823, -137.136, 123.481
3.61594, -1358.04, 2853.37
3.81264, 8.51122, 31.6981
3.05141, 120.984, 22.948
7.40088, 57.6218, -228.006
5.93794, -830.686, -332.312
5.82158, -76.4123, -36.7582
5.99501, 169.642, -220.492
2.68746, 177.693, 246.804
3.6706, 91.8147, 205.497
3.95397, -2002.1, -3029.08
3.50543, 99.9079, -62.9322
2.7177, -1133.62, 1452.18
2.56571, 715.893, -543.783
6.07297, 2361.78, -810.032
6.88348, 76.5357, 11.1247
5.35088, 742.47, -1475.65
6.92743, -1103.34, -1148.14
5.20042, 337.887, -90.9407
3.31357, -999.002, 515.121
3.30492, -1064.76, -1134
7.19182, 95.6451, -106.912
3.45628, -26.7233, -305.882
3.15761, -1358.41, 196.971
4.41122, 185.977, -313.129
6.12674, -461.117, 1368.42
2.50651, -2559.59, -324.53
4.60222, 1797.13, -1094.42
5.18984, 788.254, 163.799
4.86596, 100.044, 495.853
6.33003, 680.552, -33.2205
2.9396, 688.049, -38.3524
7.04284, 115.308, 303.575
3.20818, 331.467, 414.288
2.54782, 26.034, -151.22
2.82267, 291.957, -21.5699
4.96742, 341.111, 316.276
5.40914, 12.4855, -147.28
4.03373, 1428.55, -2606.61
4.57091, 55.0606, -73.2274
4.33401, 13.9208, -239.167
3.42687, 86.1241, -1479.47
2.76788, -933.509, -1231.52
4.47222, 181.133, -75.5331
3.98388, 579.211, 522.668
5.05388, -70.3124, -203.838
3.75392, 919.286, -1665.13
5.01589, 288.731, -331.053
2.51168, 993.978, -192.951
7.01807, -2091.68, 906.677
2.79181, 1537.4, 1413.92
5.17506, 44.6, 1371.88
3.95754, 1438.55, -659.774
7.3023, 237.728, -84.2301
4.73406, -1551.16, -778.519
5.08479, 33.0956, -42.1243
5.93861, -461.113, -544.389
2.72187, -189.975, -29.6809
7.2946, 1580.03, -1246.65
5.70852, 131.889, 126.416
2.80215, -199.064, 26.6895
3.33964, 29.4763, -82.8166
5.76491, 155.832, -236.77
6.19864, 172.329, 1226.09
3.57011, 329.21, -172.649
4.31441, 88.2712, -1083.66
6.56981, 749.705, -415.964
5.32057, -103.842, -15.002
7.45886, 94.8522, -176.416
6.5669, -209.718, -8.06015
3.49157, 1265.97, -1782.35
2.50003, -111.391, -52.0963
4.62608, -1360.3, 1658.59
4.07406, 1091.97, 534.581
5.56218, -1612.01, 232.753
3.83351, 26.2863, -45.6327
4.39881, -164.26, -164.465
5.43397, -199.556, -471.315
5.95636, 45.7501, 302.919
7.26736, 53.6817, -56.2893
4.89785, 92.0014, -245.813
3.60319, -524.151, 398.626
5.33741, -367.125, -143.233
6.09873, 55.2968, -140.161
4.4953, 1268.45, -288.658
3.48326, 821.28, -446.664
6.66971, 207.064, 44.9593
5.59561, 619.114, -439.192
7.26866, -76.7267, -218.378
3.23222, 745.499, 623.284
5.38953, 0.475665, 57.8119
7.26796, 98.161, 131.012
3.62331, -1967.49, 1051.84
7.25137, 108.947, -96.5556
3.07874, 893.699, -364.413
2.58372, 34.846, 161.051
3.90465, 164.344, -386.059
7.15042, 118.448, -204.736
3.04796, -1039.09, -382.046
6.77266, 6.78858, -147.459
5.68532, -32.2247, 169.018
5.63853, 13.9751, 249.306
3.80589, -326.326, 886.913
5.13936, 662.089, -530.757
7.16608, -55.723, -226.39
3.98055, 36.2107, -121.27
4.78006, 165.044, -34.9351
6.35659, -233.664, 1772.69
4.17193, -760.204, -1846.48
6.31775, 83.5305, 2.87464
6.65892, -1101.45, 870.066
2.64618, 1233.76, -834.778
4.31315, 468.734, -245.929
4.16221, 124.561, 462.548
3.17675, 248.626, 92.6807
3.00839, 518.467, -1639.46
5.11327, 303.153, 378.238
3.52046, -22.5922, 398.564
5.00728, -5.55822, -194.436
5.1371, -1863.46, 1013.62
4.13422, 225.156, 54.4704
4.75888, -77.7257, 78.9447
6.85263, 280.899, 11.9024
4.72884, -168.37, -48.3115
6.03726, -160.473, -80.134
6.83171, -1119.23, 247.98
6.5822, 96.3032, -17.0657
2.67504, -1387.18, -584.628
3.8644, -191.419, 1253.75
5.21858, 208.191, -95.0847
3.19942, 106.769, -135.231
5.57408, -73.0885, -28.3208
3.29182, 27.9229, -618.616
4.41129, 453.9, -77.7993
5.94997, -31.947, -127.501
3.21128, 1776.46, -96.0671
5.65284, -175.868, 111.718
3.15973, -1236.74, -1086.96
7.13583, 105.691, 0.867518
5.53465, 1906.74, -2939.31
5.50388, 634.812, -603.123
3.33635, 185.544, 136.245
3.301, 41.7716, 636.029
5.91628, -36.7967, 11.4923
5.1456, 165.802, -1.66897
3.65264, -1117.93, 415.131
6.55373, 23.0619, -124.946
5.76477, -78.6984, 94.4948
4.08597, -356.48, -42.9001
2.53953, 174.845, -35.9973
3.49176, -111.866, -967.482
3.78831, -205.528, 652.057
3.03825, 663.889, -86.9989
3.49545, -674.203, 151.795
6.75079, -2116.43, 1169.7
6.63912, 80.5676, 18.7899
6.76813, 9.81676, -173.03
5.71027, -191.871, -163.174
3.6787, -1247.43, 1273.61
6.80638, -77.8487, 67.3132
5.4745, -154.752, 715.848
2.52745, -992.487, -972.394
6.84925, 135.088, 186.75
7.37729, 338.252, 323.457
5.59653, -1042.88, -876.445
3.85574, 11.6271, -88.8198
7.46973, -13.6319, -126.479
4.60751, -791.466, 297.614
4.20537, 330.813, 274.256
4.80717, -87.0687, 85.6229
4.44822, -507.266, -1446.99
4.613, -1993.03, -446.405
2.84879, 162.64, -76.5376
5.5153, 23.3953, -2.28707
7.36114, -320.847, 84.1213
5.07406, 76.84, 5.56257
7.45461, 32.6042, -69.6435
5.84906, -896.045, -2304.48
4.01716, -416.395, -218.146
3.47371, -829.708, -334.069
4.0109, -77.6791, -71.8185
4.93946, -149.674, -63.5767
4.72438, -119.921, -87.5585
5.7844, 29.387, -168.118
3.74227, 2271.92, 1389.58
4.72007, -841.926, -864.092
5.75894, -20.1502, -31.3156
6.67472, 107.693, 44.2009
6.03698, 421.297, 176.489
4.93928, -251.981, -261.39
6.72039, 601.867, 388.799
7.00296, 157.449, -152.382
6.33082, -301.8, 30.2106
5.29453, -861.441, -295.196
2.70603, 759.881, 68.9401
5.46749, 764.038, -559.875
2.68674, 226.024, -1695.91
4.53488, -64.0563, -471.052
2.84243, -70.6733, -164.877
7.38558, -147.478, 74.4802
2.5956, 1184.22, 1413.67
6.60363, -55.8165, -248.04
5.2195, 1667.55, -1156.37
5.72828, 6.93627, -231.557
3.62934, 7.07785, 375.279
2.733, -53.8354, 1155.86
3.63154, 130.276, -123.165
4.58371, 349.728, -1119.66
6.40126, 255.199, -323.69
3.72852, 617.63, -1211.24
4.81411, 10.4493, 36.5152
6.14756, 425.94, -464.525
5.35237, 2078.79, -350.641
5.45997, -442.427, -821.733
4.98425, 109.444, 249.781
3.951, 9.43724, -106.26
4.71107, 203.683, -53.1121
2.53669, -1076.37, 2292.16
7.41683, 18.4147, -142.795
2.52822, -15.5918, -174.259
4.8676, 753.908, 533.766
5.86497, 1448.79, 2350.66
