6.27803, -480.669, -238.785
3.5948, 37.4678, -166.795
5.89648, 336.224, -425.412
5.09708, -171.318, 448.4
2.76731, -570.797, 649.929
2.53849, 233.722, 85.216
4.58743, -471.49, -414.798
7.15218, 233.175, 171.221
2.95982, 106.044, 432.954
6.00595, -117.606, 116.302
3.81226, 562.227, 405.899
4.14117, 238.265, -343.417
7.45519, 224.96, 53.5738
7.41275, -391.416, -175.719
5.75759, 282.231, 179.856
6.92354, 284.607, -377.672
6.33247, -153.207, -299.379
3.87453, -435.04, -235.268
4.93259, -438.052, -141.634
2.80282, 783.139, 558.28
5.08146, 38.6332, 448.179
4.96988, 540.688, -544.675
7.23882, -523.023, -378.427
4.42071, 26.7689, -393.325
5.14874, 509.905, -442.977
2.75042, 614.013, -294.421
6.63909, 360.535, 346.859
5.94228, -342.035, -481.877
6.18112, 110.684, 443.172
6.94286, 536.789, 435.028
4.25508, -224.665, -361.868
6.72991, 359.893, 31.0382
3.84659, 333.796, -8.24791
4.83959, -68.9644, -130.26
3.2686, -503.812, -429.364
2.66527, 305.914, 23.5503
7.2768, 160.562, 0.760239
6.95369, 367.221, 228.208
3.29884, 315.056, 53.5217
3.15214, 256.303, -420.588
2.515, -541.613, -347.206
6.0491, -340.667, -186.468
3.40448, -394.964, 588.382
5.76029, 493.67, -287.661
4.42907, 255.463, -374.501
3.23766, 22.6475, -184.364
5.45054, 358.077, 60.7451
3.24076, -27.9717, 412.745
3.2091, -52.924, 439.984
4.94257, -342.165, -199.43
3.13015, 349.887, -6.85425
5.64635, -96.406, -321.666
5.60817, 337.117, -370.156
4.88216, -395.827, 573.287
2.64188, -403.433, -195.866
3.21011, -150.922, 557.987
3.15594, -141.667, 569.821
3.31099, -662.243, 563.577
3.76529, 12.6451, -353.833
4.77654, 400.498, -612.299
6.54472, 68.6444, -181.925
3.57624, 103.309, 393.875
3.75063, 428.203, 219.874
5.02978, -10.24, 509.392
6.27922, 361.247, 26.7104
5.66369, 453.061, -66.3347
5.9449, 259.033, -22.4109
7.27207, 495.182, 481.134
5.18713, -453.674, 513.78
4.57014, -382.13, -224.959
4.70019, 411.651, 40.2314
6.07821, 462.1, 380.386
6.20858, 257.794, 82.2643
5.12494, 651.925, -545.195
6.06711, -339.544, -211.906
5.91025, 242.399, 149.286
6.82941, 468.216, -357.041
3.19597, -78.5228, 542.152
3.57766, 456.505, -139.64
5.0733, -236.621, -184.671
4.83766, -7.57328, 507.403
3.55759, -210.539, 613.3
5.65244, -431.664, 481.314
2.5044, -658.595, 217.917
4.09589, 265.429, 174.592
5.90281, 271.405, 132.283
6.0446, 318.752, -361.292
2.90869, -564.475, 516.606
3.56926, 268.988, 241.279
4.44412, -231.988, -556.412
4.44927, 627.237, 629.051
3.92018, 246.228, -434.186
4.6123, 365.128, 337.744
2.55658, -480.463, -396.28
3.72027, 610.825, -581.352
4.49072, -622.483, 482.463
6.64177, -454.744, 121.517
3.78584, 635.19, -529.199
3.59705, -485.879, -461.082
6.47385, 265.086, 119.73
5.8476, 178.306, 274.178
5.49108, -629.176, 201.481
5.99917, -108.347, -270.678
5.13062, 308.537, -461.553
4.14833, 241.648, 37.3438
3.30844, -826.863, 244.304
6.56633, 360.77, 1.58557
4.08004, 388.962, 33.6285
4.05369, -61.3323, -447.918
4.65424, 64.1278, -39.7688
4.46509, -226.504, -541.759
4.43916, 289.543, -256.84
4.34871, -629.96, -475.941
5.88118, 229.053, -397.748
6.10384, -48.202, -201.885
7.20082, 53.9836, 428.508
5.08573, -241.141, -356.972
5.5282, -130.131, 78.6582
5.85049, -432.465, 478.096
5.11404, 74.9132, -219.615
3.87105, -562.938, 533.953
7.08924, 272.796, 245.234
3.73367, 545.158, -342.595
4.77876, 183.241, 188.21
3.30374, -548.293, 504.024
4.68319, 198.013, 19.9808
7.45767, 293.354, 108.147
6.26931, -286.278, 386.757
4.97846, -529.633, -479.38
7.01651, -476.77, -373.79
4.68213, 363.322, 336.532
5.09239, -11.8115, -349.632
4.44866, 365.85, -371.519
5.63431, -126.144, -303.751
5.19331, 240.822, 68.3325
4.35955, 323.397, -352.649
2.54674, -115.61, 155.621
6.3794, 18.6302, -550.281
2.85317, -475.425, -400.578
3.98511, 215.346, -386.44
4.78581, 27.6251, -545.245
3.25156, -142.598, -200.456
5.97819, 310.182, -350.072
4.15587, 205.025, 1.92393
5.21197, 595.762, -578.874
2.64678, 661.418, -537.466
5.38086, -104.387, -141.884
5.18133, 273.916, 87.329
7.36678, -472.045, -408.041
5.57063, -214.071, -383.385
5.26431, -701.873, 225.544
6.69051, -168.814, 447.83
3.75764, -387.338, 454.005
6.98957, 335.967, 35.069
5.97428, 391.726, -329.285
5.82752, -354.706, -238.518
3.06838, -456.368, -409.409
3.37987, -327.331, 409.761
2.91253, -137.752, -133.674
6.68103, -129.727, 122.249
2.64818, 569.339, -808.794
6.34719, -8.8852, -420.274
4.29829, -393.665, 431.738
6.24626, 110.694, 489.029
6.28385, 247.463, 41.2494
3.60834, -558.262, -370.444
5.58305, 226.934, 21.2729
3.66846, -409.828, -178.011
6.22052, -624.472, 320.824
5.80997, -495.691, -371.467
4.9209, 594.759, -505.606
2.58972, 410.909, -57.0959
4.98291, 204.087, 57.5348
5.09587, -167.487, -287.354
4.71395, -541.921, 83.4485
4.14528, 221.831, 427.993
3.52671, 269.08, 157.3
7.19863, 47.7502, -150.12
2.85168, -531.047, 269.444
3.30042, 14.2496, -335.275
6.70788, -376.295, -219.372
4.13614, -229.206, -187.58
6.85942, 242.966, 184.596
5.99896, 494.898, 453.703
5.52801, 407.299, -37.7483
4.77536, 32.3548, -177.266
2.91543, -393.102, -105.676
3.94883, 326.918, 211.132
6.51009, -454.742, -476.338
6.81821, 251.382, 156.444
3.81831, 227.125, -498.535
4.79881, -368.758, -147.36
4.95672, 316.405, -345.46
5.82344, -585.025, -364.361
7.31738, -422.771, -149.737
7.23022, 245.002, -418.256
2.81902, 264.543, -351.498
5.04829, -503.526, -178.385
6.13222, 516.977, 413.118
5.65882, 378.522, 20.5807
3.26658, -638.077, -546.103
5.09652, -541.135, 84.5287
3.52281, -441.981, 499.809
6.03231, 273.512, -367.196
6.05786, -374.976, -182.74
3.66304, -88.1005, -182.595
6.80594, 103.524, -98.7216
2.67122, 151.312, 355.419
6.26587, -547.156, 174.23
4.14789, 376.048, 14.4284
4.65309, -284.781, -321.97
7.33455, 492.1, 26.4144
4.05803, 501.144, 437.956
5.69762, 611.48, -642.148
5.95386, 395.228, -7.77513
5.36403, -33.0608, 616.236
6.60667, 646.3, -670.002
4.21807, -335.918, -264.968
5.09387, -480.034, -477.07
6.78438, -56.823, -383.163
6.18587, 358.88, 134.199
3.45992, -489.586, 146.262
2.83145, -232.655, 147.963
3.60828, 637.628, -568.039
3.33656, 116.534, -146.324
6.31172, 287.24, -319.762
5.44905, -551.793, 155.913
4.65223, 554.619, 615.631
7.09618, 364.361, 0.699985
5.09668, 291.188, 112.949
7.38058, -409.871, -153.025
5.15714, -344.211, -137.052
2.98716, 215.949, -47.6793
5.83983, 225.737, 145.65
5.44444, 203.182, 93.9415
5.01137, -418.359, -196.153
2.75808, -631.204, -132.881
2.6753, -37.6162, -217.213
4.41484, -301.052, -380.974
5.55555, 238.064, 58.5903
5.06574, 553.563, 646.697
5.98498, 258.716, 101.418
4.89891, 55.6995, -148.528
3.88323, 188.528, 369.835
6.01685, -323.422, -45.0256
3.67701, 408.901, -17.3361
6.41501, -89.5462, -160.265
6.60589, 49.7179, 481.147
3.21842, -403.633, -188.462
5.75757, -423.878, 547.47
3.87677, 515.999, -459.381
7.26215, -432.088, 673.763
4.58238, -403.705, -227.209
3.03869, -119.007, 124.133
4.70633, -568.918, 454.243
6.28811, -450.293, -161.087
2.77803, -451.952, -180.801
3.51241, 62.3161, -23.4637
6.82305, 638.245, -574.603
6.52456, -94.9111, -151.648
2.78861, -606.047, -535.241
4.40304, 5.79987, -394.159
4.56124, -27.5075, 505.631
2.80071, -111.53, 209.203
7.09746, 519.999, 411.48
3.35398, 545.428, 397.918
6.51634, -563.644, 127.403
3.88599, 289.572, 137.735
4.44586, -169.931, 441.466
7.19936, -71.7597, 541.89
6.24573, -72.011, -140.641
3.44774, -504.183, 683.962
6.89581, 282.455, 165.069
6.8953, 293.119, -457.828
3.30515, -344.145, -233.516
5.87346, -351.497, -175.759
6.89096, 267.217, 155.42
6.98262, 253.19, 89.8319
3.06535, -29.3378, 426.716
5.93789, -229.714, -178.65
3.21651, -267.148, -296.826
3.6901, 231.731, 78.6623
5.64383, 431.889, -113.996
4.312, 428.734, 217.874
4.64437, 524.489, 354.69
4.91936, 33.5972, -385.436
6.20379, 29.4221, -165.131
3.23098, -427.029, 471.349
7.36238, -382.939, -466.318
7.3158, -383.27, -174.003
3.14741, -430.486, 653.689
5.3784, -39.1932, -179.326
4.66439, 241.349, -61.8301
5.50066, -254.387, -144.183
5.85098, -281.154, -207.676
4.5137, 503.659, 557.23
6.46691, 518.292, 440.948
4.89889, -230.283, -146.388
5.72449, 246.326, 294.693
4.28836, -441.484, 532.3
5.96794, -278.445, -129.611
5.83428, -439.803, -378.965
3.22071, -342.545, 498.894
7.10415, -582.053, 220.946
4.22228, 50.5474, -164.531
6.66824, -126.458, -366.224
2.74349, 340.935, -434.902
3.27936, -484.797, 154.977
2.55765, 93.0247, 445.971
3.94327, -20.432, 496.432
5.07295, -216.569, -256.407
3.65948, 522.435, 501.956
2.75022, -142.158, -182.182
5.33091, -565.899, -493.723
6.69774, -55.4646, 510.565
4.28763, -539.665, -463.062
4.3452, 38.4548, 444.722
7.22226, 210.282, 120.592
4.72425, -367.326, -117.603
6.82086, 246.88, 6.7061
5.82654, -340.339, -463.329
5.79297, 72.3991, 456.997
7.10736, -697.612, 621.47
5.11536, 653.609, -550.295
5.45229, 231.839, -432.65
5.79944, 570.956, 375.746
4.24765, 249.699, 104.122
4.11714, 296.5, 178.75
7.08984, -21.1903, 501.737
3.08619, 597.354, -476.6
7.31268, 334.845, -10.7108
5.17978, 3.02473, -184.926
5.81447, 558.101, 383.642
5.48362, 580.455, -440.509
6.93363, -556.952, -339.891
6.67999, -417.52, -452.04
6.69339, 240.14, 132.749
6.85642, -115.075, 88.7079
2.5002, -610.947, 1.23747
4.77274, 250.406, -32.1756
4.25696, -533.99, 213.322
5.80713, -199.881, 563.264
6.22234, -553.478, 213.102
3.3821, -18.474, -186.23
7.4621, 648.962, -497.365
5.95466, -522.229, 205.273
6.97862, 187.97, 106.229
3.51579, 232.588, 189.982
7.2356, -460.369, -198.452
4.88476, 584.624, -432.438
6.78578, 642.241, -573.921
6.41237, -360.373, -343.427
5.70687, 646.423, -479.999
3.14521, -438.108, 143.398
5.77944, -34.7301, 575.319
3.09199, 98.35, -210.797
3.88793, 41.7897, 478.854
6.65548, -193.809, -223.952
6.14153, -570.5, -419.164
6.74348, -706.147, 223.16
3.43989, -550.625, -198.382
6.09602, 313.449, -229.015
4.25586, 280.797, 333.362
3.34555, -524.288, -362.182
4.52383, 347.391, -433.845
4.20924, 49.3956, 452.709
6.67141, 247.103, 100.931
3.9111, 572.739, 362.704
5.16766, -697.293, -531.364
6.25085, 628.166, -494.143
4.62554, -470.763, -385.274
4.66964, -343.328, 485.465
3.03022, 625.208, -579.594
6.4639, -182.984, -323.274
3.91232, -451.975, -396.687
7.14264, -384.183, -136.09
5.37926, 268.66, 245.315
3.4895, 481.591, -247.716
5.99081, 216.057, -395.134
3.07265, 196.558, -210.615
4.22945, 68.2603, 450.338
4.15646, -414.238, -162.323
6.42735, 591.122, -540.19
6.65775, 232.487, 55.7915
4.21712, -595.8, 530.203
4.2603, -170.062, 481.475
6.38197, -55.7671, -358.847
6.58658, 1.63647, 456.891
4.26157, -128.854, 115.753
7.09559, -402.085, -164.222
3.2877, 396.06, -94.2771
5.56029, -363.41, 511.843
5.54222, -342.239, 496.367
3.16647, -93.0449, -309.076
3.51409, -522.109, -323.482
4.79457, -511.595, 418.565
3.48759, -8.3755, 415.975
6.77118, -649.048, 91.822
6.54562, -505.83, -408.806
2.80131, -526.338, 554.936
6.50584, -590.401, 481.105
5.49597, -35.4735, -351.65
7.43182, -510.331, 232.094
2.65919, 144.967, 533.603
6.8356, 653.125, -587.637
3.69109, 310.712, 6.1423
3.6127, 370.468, 161.791
4.73907, -438.651, -504.265
2.61231, 463.886, -156.388
6.79755, -95.0584, -147.424
4.15902, 224.024, 206.706
5.72195, 181.565, -22.1943
7.43521, -363.83, -442.538
5.30162, 301.979, -370.399
4.74553, -379.403, -179.28
5.213, -51.2525, -358.671
2.90797, 381.308, -64.1728
3.99606, -461.976, -170.057
6.63964, 501.208, 451.834
6.48936, 449.615, 507.545
5.71048, -32.0001, 507.892
4.84105, 300.427, 3.36449
7.15326, -168.173, -338.475
5.08798, -78.4195, -149.242
7.42924, 584.32, -466.172
5.94567, 0.0303627, -391.899
6.19966, -157.588, -300.399
3.46323, -600.695, -441.852
6.08881, -357.649, 549.674
6.11146, 489.563, 177.753
6.49298, 256.518, -32.0075
4.23216, 218.35, -449.11
5.1481, -16.4689, -230.031
3.19001, 465.087, -177.166
6.73218, -245.694, -189.082
6.32766, 21.9516, -396.927
7.5, 612.62, -462.162
4.24891, 417.396, 634.052
5.50367, -329.612, 523.297
3.50808, -339.672, -56.2687
6.2385, 63.5952, -14.1263
6.49225, 465.128, 153.412
3.03505, -752.55, 293.394
5.35813, -338.787, -185.804
2.84683, 190.8, -348.422
4.16036, 605.02, 364.475
5.80945, 172.576, -433.651
5.27726, 24.5642, -216.116
7.12415, 321.682, 123.63
2.69832, -296.651, -250.765
2.62083, -202.182, -121.908
4.61923, 275.378, -413.897
4.36987, 257.21, 87.4166
2.93303, -246.263, -170.733
3.05403, -35.5131, -45.8322
5.31992, 224.87, -452.669
7.37269, 93.0035, 466.641
3.05066, 11.3241, -378.393
5.99352, 95.5316, 384.274
2.79674, -42.6938, -362.807
4.69755, 341.502, 26.3305
5.24651, 584.586, 592.086
3.45129, 415.633, -515.721
7.36597, 232.348, 65.7305
3.19593, -332.951, -215.683
5.48978, 539.336, -432.456
7.12812, -571.652, 552.145
3.91116, -41.6152, 444.37
6.8307, -152.781, -75.1051
6.29598, -172.214, -352.235
6.10793, 249.187, 91.8506
3.34241, -113.873, 150.873
3.32882, 570.683, 601.873
3.39076, -468.337, -291.233
5.87226, 232.943, -424.446
4.83484, -169.891, -141.499
6.85219, -482.475, -475.787
5.76023, -374.592, -282.244
5.80464, 589.875, 543.314
2.58037, -477.342, -420.994
4.30596, -500.771, -453.682
3.72747, 434.744, 138.204
6.93086, -594.686, -566.902
5.23701, 703.851, 512.923
6.57209, -36.3838, -373.266
5.24453, 1.46101, 491.286
4.16156, 357.082, -19.3083
4.40213, 63.0762, -489.252
2.52389, 430.997, 460.39
6.95226, -197.678, -329.766
6.16955, -342.857, 488.876
6.04239, -21.8294, 466.574
5.1278, -87.6917, 158.403
6.41065, 24.2479, -385.635
3.42484, -294.037, -342.997
5.72673, 253.808, 85.9194
3.42178, -409.976, -162.248
3.31214, 305.585, -450.702
2.65594, -264.079, 612.042
7.42716, -51.8309, -472.044
4.04559, -116.541, -333.064
4.11075, -409.784, -177.835
5.51155, 281.936, 143.464
2.89107, -353.577, -507.134
3.93936, 69.7628, -28.538
5.79307, -164.435, -348.583
7.36348, -470.8, -497.535
7.27758, -421.186, -395.65
7.42745, -404.566, -141.685
7.30478, -474.901, -424.094
3.0073, -419.315, 432.79
3.71505, -184.198, -252.103
6.91151, -79.9892, -228.484
5.28805, 259.024, 63.0896
6.7669, 532.675, 429.299
7.49145, -397.144, 518.82
3.99751, 214.871, -519.677
6.33157, 525.165, 355.019
4.81901, 253.248, 162.427
6.8168, -480.571, -297.724
6.99018, 385.379, 79.7576
7.377, 138.318, -333.566
2.77405, 273.296, 192.615
6.32605, 595.853, -614.571
5.09219, -567.812, 459.83
3.46574, 408.444, -17.0098
6.98252, 271.618, -375.135
6.38492, -532.412, 219.847
2.75968, 37.8917, 354.313
7.47331, -548.134, 427.451
5.93659, -222.055, -368.882
5.94854, 500.342, 355.852
6.57666, -340.757, 430.735
7.05426, -247.526, -353.098
3.34218, 7.01987, -68.9503
5.24183, -417.266, 483.596
6.53351, -407.453, -163.086
4.17803, 234.239, -409.868
5.53435, -170.127, -199.628
6.59602, -547.082, 159.909
7.3485, 19.3648, -212.237
6.29349, 349.005, 200.275
3.72113, -132.895, -162.11
5.80589, -612.108, 203.799
4.21574, -744.482, -493.116
7.27146, 168.298, -267.221
2.60828, 358.703, 637.834
4.54979, -657.521, 637.83
2.55789, 605.696, -564.348
3.04964, 404.12, 147.435
5.28259, -481.243, 164.234
4.45466, -30.1578, -252.671
7.20539, -99.4997, -134.165
2.55572, 356.331, 205.741
6.22897, -186.371, -235.737
3.84293, 257.843, 154.828
4.27153, -259.664, -357.968
3.45835, -439.848, 626.471
5.14832, 231.4, 54.8444
4.39478, 79.4327, -391.463
3.16407, 34.0639, -396.396
4.26563, -242.629, -354.128
4.2497, 666.08, 591.031
7.41084, 262.203, -25.1836
5.25961, 11.6813, -92.517
4.99918, 39.6752, -479.07
3.58531, -536.609, 226.572
4.37311, 138.236, -310.979
6.78251, -745.087, -491.017
6.45578, 659.985, -364.84
3.9204, -406.809, 437.983
5.07645, 258.878, 10.0844
6.79238, -80.4127, -177.49
7.07844, -307.074, -284.795
7.48941, 65.5808, 437.495
6.53177, 67.627, -179.745
5.22718, -378.862, -181.133
7.3461, -84.2049, -496.711
5.31931, -569.125, 183.001
4.03031, -380.626, 545.784
5.41853, 566.305, 523.236
2.91197, 225.332, -217.909
5.47382, 250.764, 91.8817
3.31968, -652.153, -576.004
6.46527, -550.576, -457.586
2.95373, 659.753, 265.381
6.3072, -523.323, -330.887
6.83996, -96.2106, -147.034
6.40105, 116.923, -92.1706
6.61399, 623.538, 558.464
6.70974, 266.462, 105.689
4.48328, 137.3, -97.754
6.508, -80.325, 61.5076
6.56811, 249.686, 155.121
5.43493, -320.58, -112.85
4.64621, 370.996, -30.2428
2.5002, -60.3788, -270.31
5.31153, -548.887, 195.561
6.22632, 233.923, 137.954
3.89846, 460.996, 112.477
2.93406, -458.08, 359.568
3.5733, 547.176, -534.823
3.93296, -385.824, 409.684
4.86595, -279.448, 371.918
6.95893, 546.562, 641.636
5.91955, 326.266, -352.202
3.54376, 286.515, -300.051
6.67533, 487.942, -104.216
7.09218, 602.992, 524.671
4.48244, -567.199, -389.418
6.37858, 316.66, 319.93
5.68161, -128.586, -159.897
6.64746, 149.244, 90.453
3.40204, 313.668, -317.867
7.45927, 252.999, -413.583
6.70558, -24.7695, -420.057
4.65177, 423.773, 247.612
4.38589, 377.51, 609.173
2.70802, 396.523, -325.586
6.80715, -445.033, -407.968
6.62116, 564.766, -520.676
6.25052, 44.2315, 509.788
3.55801, -185.099, 522.116
4.31029, -349.934, -173.862
4.43545, -519.19, -371.066
7.32918, 520.151, 427.17
6.5872, -15.5323, 479.014
4.5755, 102.892, 351.726
5.83759, 219.96, 139.005
2.52101, 462.798, 505.009
6.98048, -524.26, 215.509
3.68416, -116.489, 152.566
3.79415, 212.744, 78.6067
5.4939, 261.784, -421.713
6.89823, -351.462, 59.3644
6.16299, -469.693, -540.425
6.0773, 511.845, 446.928
3.57724, -405.317, 574.706
6.30413, 664.768, -537.413
3.85351, 63.7927, -120.879
2.75246, 297.327, 5.31585
4.78866, 269.34, 121.124
2.58759, 295.924, -464.281
3.01129, -84.8798, 160.861
2.639, -142.808, 120.386
5.65921, -229.454, -353.775
6.34425, 30.7162, -163.4
2.74132, 204.267, -394.313
6.6924, -47.4062, -373.41
6.76899, -240.954, -188.242
6.57649, -448.759, 547.347
6.85188, 541.066, 415.514
5.27222, -407.034, -146.032
6.12646, -169.516, -229.164
3.20424, 27.2961, 394.807
6.6115, 302.152, -338.891
5.51185, 221.661, 44.8981
4.93856, 254.203, -376.041
6.14942, -187.125, 425.526
4.05164, 553.348, -573.954
3.93925, -428.932, 180.113
5.45857, -551.655, 501.749
5.34055, 421.261, 564.81
5.41059, -492.331, -420.317
2.84132, -578.419, 306.349
4.34304, 113.519, -28.6192
6.28475, -476.183, -449.596
6.35297, -570.233, -356.848
4.27217, -375.665, -182.148
5.98913, -0.786659, 451.796
5.08005, -424.524, -164.897
5.94494, 190.177, 126.309
6.18066, 59.0958, 568.912
2.56231, -151.532, -320.453
7.16549, 329.061, 4.78289
5.37826, 258.126, 276.806
3.05587, 681.544, 778.521
4.87388, -143.752, -207.643
3.24247, 238.698, 156.08
4.22594, 221.704, 326.18
7.04476, -521.191, 211.044
4.54571, 102.122, 491.476
5.96642, -435.171, -125.119
3.35865, 283.413, -318.866
6.21715, 582.588, -441.799
4.16319, -484.997, 459.243
4.62157, 275.317, 99.3936
2.79523, -63.8917, -181.315
5.09005, 266.896, 135.462
5.94425, 168.023, -454.898
5.01149, -81.8583, -143.949
6.56617, 52.7534, -375.954
3.07974, -61.6632, -391.372
5.24841, 228.621, 193.836
5.06046, 353.881, 126.984
6.02649, 505.676, 465.979
5.65083, -151.653, 427.903
4.0207, -20.1067, -388.747
6.74719, 292.446, 49.0929
3.39619, 440.11, 29.5742
2.61737, -355.26, 48.0883
4.19467, 344.017, 58.4909
3.43818, 199.822, 41.9617
6.60467, -80.841, 39.1265
6.72507, -293.33, -183.825
6.78031, 636.018, -566.585
7.37454, -547.863, 506.775
2.99587, 310.108, -379.447
2.56182, 636.964, 519.629
2.58614, 188.536, 216.443
2.64527, 285.799, 23.7569
4.1031, 54.3073, -40.753
6.17815, 237.226, 146.957
3.14876, 238.997, 153.291
2.5161, -335.611, 291.176
6.91905, 17.1884, -400.317
3.70482, 249.989, -402.935
4.38481, -588.564, 522.519
4.44879, 392.308, -13.7602
2.81534, 326.153, 143.902
7.30792, 175.203, 383.219
3.75349, 504.012, -239.083
6.85376, -429.644, -121.798
2.85991, -632.135, 397.943
2.70653, -411.505, 682.631
3.46378, 264.904, -429.5
3.86708, -206.489, 279.666
7.4007, -449.497, -355.268
3.60607, 244.771, -406.338
6.43119, -501.871, 430.866
4.42306, 160.531, -188.669
3.78593, 392.239, -503.846
3.91087, -534.024, 216.442
7.33834, 434.017, -88.1696
4.22841, 139.54, 53.2266
3.45922, -396.025, 579.021
5.05037, -444.441, -87.3055
5.21857, -308.876, 613.971
5.72333, -382.312, -524.014
3.89738, -161.77, 615.234
3.41887, -81.8475, -272.858
2.71579, -453.366, 128.153
3.98408, -409.772, -191.039
4.25548, -109.914, 25.7179
7.09372, -373.244, 506.814
5.81225, 334.65, -182.641
5.08041, 544.993, 458.732
4.03763, 358.212, 239.757
3.0007, -97.2765, 17.6453
3.47502, 237.132, -469.005
4.11407, 34.6515, -110.846
5.56182, 373.345, 66.9394
5.13511, 596.737, -425.894
3.45653, 138.969, -30.8985
4.7178, -439.91, -553.416
4.48693, -407.258, 562.042
6.28051, -396.957, 432.787
6.6213, 563.34, 382.91
5.51573, 98.186, -46.3487
3.04573, 241.956, -346.184
4.11797, 299.453, -43.5733
5.03403, 314.632, 153.474
4.76521, -298.235, 456.196
4.77315, -138.01, -354.195
4.91125, 571.991, 597.251
5.07896, 234.028, -380.369
4.50207, 88.3125, 441.449
4.22945, 555.668, 416.269
6.64533, 432.341, -116.597
3.02204, -609.11, -206.024
6.40057, 326.483, 328.193
3.19919, -219.498, -292.675
2.62171, -537.608, -518.169
6.0664, 265.08, -420.6
7.15538, -9.34052, -388.924
7.47667, 266.495, 143.417
3.86264, -551.2, 211.972
3.6923, -419.125, -172.686
3.87328, 369.458, 621.807
5.70836, -475.5, -424.657
5.17637, 225.468, 40.7372
6.8967, 516.28, -294.083
6.75968, -475.622, -373.892
2.98004, 365.643, 42.6885
4.66818, -527.171, 190.741
3.17045, 67.9985, -395.186
5.86802, -165.581, 102.72
5.34964, -198.337, -329.98
3.66474, -272.324, 735.979
5.50306, 228.868, -437.345
2.6551, -385.827, -277.997
7.08512, 323.675, -235.613
3.82958, 489.068, 36.4884
6.50016, -176.308, -340.764
5.46389, -52.6738, -354.825
5.0822, 234.614, 33.7014
5.2567, 254.299, 54.3829
3.47225, 258.625, 175.812
5.36152, -89.4459, -405.046
3.81992, 294.135, 229.682
4.41648, -555.881, 548.997
2.73626, -494.362, -348.786
4.22823, 380.726, -500.246
3.61594, 408.239, -324.87
3.81264, -179.587, -364.117
3.05141, -184.234, -318.693
7.40088, -409.197, -160.961
5.93794, 535.819, 405.596
5.82158, -443.147, -92.5545
5.99501, -503.223, -370.762
2.68746, -391.017, -466.713
3.6706, -392.414, -252.588
3.95397, 535.327, 405.039
3.50543, 49.4187, -193.779
2.7177, 289.852, 144.782
2.56571, -394.935, 402.801
6.07297, -445.355, 496.821
6.88348, -469.178, -423.321
5.35088, -520.015, 133.377
6.92743, 722.524, 717.382
5.20042, -351.437, -160.702
3.31357, 591.238, -502.952
3.30492, 535.959, 472
7.19182, 219.194, 40.1044
3.45628, 260.757, -412.018
3.15761, 267.55, -323.972
4.41122, -37.0804, -142.51
6.12674, 273.394, 106.842
2.50651, 551.598, 646.698
4.60222, -235.054, 432.06
5.18984, 284.998, 141.119
4.86596, -144.738, 215.069
6.33003, 545.04, 426.496
2.9396, 321.83, -358.307
7.04284, 310.54, 134.59
3.20818, -465.866, -680.078
2.54782, 232.472, 50.6991
2.82267, 331.682, 260.063
4.96742, 238.865, 144.595
5.40914, 484.879, 509.667
4.03373, -497.65, 424.104
4.57091, 371.281, -26.5268
4.33401, -514.853, -382.925
3.42687, 74.6851, 488.178
2.76788, 182.719, 8.26622
4.47222, 293.165, 5.6093
3.98388, -76.3335, -63.1584
5.05388, -498.266, 436.182
3.75392, -545.79, 173.727
5.01589, 565.889, 619.233
2.51168, -13.3361, 475.719
7.01807, 571.691, -444.357
2.79181, -548.675, -662.409
5.17506, -394.589, 437.009
3.95754, -481.467, 432.674
7.3023, -366.837, -148.592
4.73406, 222.989, 98.0342
5.08479, 445.355, 147.227
5.93861, -36.7155, -135.837
2.72187, -158.212, -51.5504
7.2946, -601.588, 546.888
5.70852, 246.115, 16.2691
2.80215, 280.662, -449.087
3.33964, 349.393, 150.693
5.76491, 306.079, -36.2518
6.19864, -611.624, -3.07632
3.57011, 536.997, 263.532
4.31441, 200.583, -219.562
6.56981, -434.809, 482.413
5.32057, 486.996, -277.416
7.45886, -4.39314, -417.52
6.5669, -544.263, 204.302
3.49157, -492.156, 57.8214
2.50003, 87.2313, -383.967
4.62608, 635.681, -584.06
4.07406, 501.827, 135.439
5.56218, 492.626, -521.483
3.83351, -158.033, -303.694
4.39881, -413.836, -267.253
5.43397, 464.065, 120.083
5.95636, -284.92, -362.469
7.26736, -132.942, -312.774
4.89785, -285.997, -416.706
3.60319, 55.8768, -403.031
5.33741, -497.063, -528.912
6.09873, 287.16, 50.8941
4.4953, -363.632, 512.329
3.48326, -433.482, 484.637
6.66971, -523.103, -360.973
5.59561, -559.172, -342.494
7.26866, -105.858, 26.8526
3.23222, 2.89614, -55.2126
5.38953, -118.75, -331.328
7.26796, -386.765, 483.443
3.62331, 711.818, -611.798
7.25137, -345.798, 498.921
3.07874, 494.135, -169.968
2.58372, 217.611, -94.6544
3.90465, -151.007, -249.74
7.15042, 368.471, 15.96
3.04796, 566.633, 618.079
6.77266, 71.5027, 314.964
5.68532, -536.851, -376.804
5.63853, 260.086, -420.133
3.80589, 579.149, 376.005
5.13936, -463.989, 154.293
7.16608, -164.843, 443.281
3.98055, 305.667, 54.5721
4.78006, 265.757, 184.262
6.35659, -391.974, -641.551
4.17193, 218.824, 158.619
6.31775, 25.3957, -437.977
6.65892, 70.5116, 435.928
2.64618, -562.352, 547.093
4.31315, 483.488, -111.124
4.16221, 256.313, 90.8038
3.17675, -263.762, -71.3193
3.00839, -202.451, 614.866
5.11327, -359.366, 407.472
3.52046, -106.757, -294.094
5.00728, -475.298, -433.678
5.1371, 79.9391, 427.064
4.13422, 137.068, -259.47
4.75888, 158.687, -268.385
6.85263, 56.4608, 401.974
4.72884, 537.535, 421.928
6.03726, -519.449, -362.202
6.83171, 632.177, -563.304
6.5822, 449.563, 153.979
2.67504, 781.933, 534.98
3.8644, -434.038, -124.377
5.21858, -137.957, -338.762
3.19942, -385.627, -309.076
5.57408, -496.803, -342.654
3.29182, -418.808, -618.739
4.41129, 370.964, 121.475
5.94997, -41.222, 43.4634
3.21128, -429.283, 583.862
5.65284, -566.854, 496.234
3.15973, 74.8849, 425.541
7.13583, -518.664, 213.825
5.53465, -544.354, 449.023
5.50388, -571.423, 218.92
3.33635, 326.801, -356.038
3.301, -464.521, -683.906
5.91628, 324.329, 0.338527
5.1456, -411.013, -109.323
3.65264, -6.3016, 496.205
6.55373, -405.76, -265.446
5.76477, -233.146, -338.515
4.08597, -496.775, -375.473
2.53953, -194.053, -328.203
3.49176, 355.301, 467.257
3.78831, 285.967, 242.719
3.03825, 462.58, -106.011
3.49545, 123.871, -76.1976
6.75079, 772.475, -426.696
6.63912, -466.088, 164.343
6.76813, -492.375, -376.64
5.71027, 10.355, 538.062
3.6787, 682.751, -500.05
6.80638, -520.062, -321.75
5.4745, -187.661, -6.91796
2.52745, 405.899, 58.4296
6.84925, -471.521, -385.551
7.37729, 279.2, 148.187
5.59653, 223.041, 81.3565
3.85574, -560.365, 166.968
7.46973, -124.029, -321.758
4.60751, -450.14, -574.701
4.20537, -572.775, -359.22
4.80717, 261.234, 90.3307
4.44822, 169.725, -189.708
4.613, 190.94, 545.215
2.84879, 364.883, 174.87
5.5153, 22.6991, -172.516
7.36114, -33.9633, 35.0918
5.07406, -511.148, -444.595
7.45461, 404.846, -39.1238
5.84906, 305.885, 24.1613
4.01716, -414.235, -261.214
3.47371, 516.796, 444.365
4.0109, -545.285, -387.004
4.93946, -327.34, 285.725
4.72438, 493.689, 507.024
5.7844, 354.719, -423.34
3.74227, -499.649, -453.586
4.72007, 167.325, 391.84
5.75894, -394.986, -192.402
6.67472, -513.247, 206.979
6.03698, 86.1313, 432.855
4.93928, -206.486, -407.78
6.72039, 203.221, 114.565
7.00296, -424.307, -187.774
6.33082, -471.716, -435.854
5.29453, 403.842, 521.068
2.70603, 182.535, 52.2348
5.46749, 414.922, -54.1826
2.68674, -378.246, 409.536
4.53488, 243.66, 177.264
2.84243, -531.603, -494.498
7.38558, -493.925, -353.673
2.5956, -482.463, -233.264
6.60363, -256.212, -128.355
5.2195, -506.938, 520.857
5.72828, 566.591, -223.205
3.62934, -65.7697, -142.497
2.733, 626.894, -543.136
3.63154, 272.076, -436.532
4.58371, -586.523, 240.244
6.40126, 284.18, -401.602
3.72852, -554.04, 151.929
4.81411, 383.447, 36.1283
6.14756, 440.352, 61.1445
5.35237, -407.355, 475.076
5.45997, 553.574, 607.971
4.98425, -474.599, 126.387
3.951, 215.818, 2.14855
4.71107, 34.9244, -167.95
2.53669, 596.608, -448.321
7.41683, 326.478, -212.831
2.52822, -518.622, -365.986
4.8676, 149.089, 420.733
5.86497, -222.193, -161.238
