6.27803, -2091.07, 1110.09
3.5948, 174.122, 1326.09
5.89648, 839.284, -313.928
5.09708, 139.629, 209.58
2.76731, 3610.07, -3780.5
2.53849, -900.961, 961.03
4.58743, 5091.85, 2989
7.15218, 83.0634, 98.8848
2.95982, -444.754, 764.704
6.00595, 642.599, 420.751
3.81226, -52.7085, -128.023
4.14117, 203.193, -157.842
7.45519, -154.861, -33.9965
7.41275, 82.747, -91.0241
5.75759, 826.435, 144.647
6.92354, 158.569, -73.363
6.33247, -11.1249, -169.964
3.87453, -1623.66, -428.935
4.93259, -944.931, -727.064
2.80282, -4561.5, 1007.58
5.08146, 323.231, 53.5522
4.96988, -3235.48, 1133.09
7.23882, -75.9084, 134.75
4.42071, 92.1426, 82.4834
5.14874, -2569.41, 729.894
2.75042, -308.974, 3297.86
6.63909, -364.231, -6.48859
5.94228, -577.775, -324.298
6.18112, -330.118, -163.123
6.94286, -2524.21, -2331.06
4.25508, -126.989, 482.359
6.72991, 183.541, 141.813
3.84659, -322.171, -287.885
4.83959, 65.8888, -44.3532
3.2686, -129.462, -19.3219
2.66527, 279.505, 481.017
7.2768, -1277.87, -895.288
6.95369, 179.133, -516.808
3.29884, -1055.38, 192.912
3.15214, -227.531, 21.2621
2.515, 2098.67, -329.225
6.0491, -50.1792, -345.18
3.40448, 1247.54, 177.592
5.76029, 245.99, -42.2965
4.42907, 528.016, 364.168
3.23766, 1037.57, 1313.73
5.45054, 76.7237, -205.999
3.24076, 2037, -1012.03
3.2091, -1718.72, -1100.95
4.94257, 510.664, 159.68
3.13015, -780.747, -355.046
5.64635, -477.664, 183.033
5.60817, 83.128, -192.665
4.88216, 2294.96, -3175.3
2.64188, 583.823, 686.541
3.21011, 2823.28, -494.026
3.15594, -16.2346, -208.692
3.31099, 1151.72, -1740.72
3.76529, -724.982, 121.927
4.77654, -3199.48, 1692.41
6.54472, 246.537, 313.162
3.57624, 50.9606, -198.686
3.75063, 214.96, -70.8936
5.02978, -294.044, -691.423
6.27922, -3.4362, 99.6619
5.66369, -1074.67, -2356.6
5.9449, -1800.18, -1208.15
7.27207, -288.888, 4.48017
5.18713, 3240.38, -1650.63
4.57014, 73.5957, -560.474
4.70019, -258.192, -409.229
6.07821, -1367.52, -1558.16
6.20858, -1767.49, -1480.77
5.12494, -2250.32, 1897.43
6.06711, -24.8263, -1.51931
5.91025, -22.4557, 149.858
6.82941, 1566.84, -1188.34
3.19597, 779.42, 1285.55
3.57766, -189.62, 29.5062
5.0733, 580.597, 1180.58
4.83766, 56.8842, -241.395
3.55759, 2364.31, -2434.41
5.65244, 512.581, -329.842
2.5044, 1909.37, -2728.63
4.09589, -438.392, -2229.03
5.90281, -39.7252, -52.6639
6.0446, 105.716, -145.148
2.90869, 547.456, 377.107
3.56926, -767.053, -184.793
4.44412, 437.391, -163.314
4.44927, -2710.05, -964.122
3.92018, 31.0764, -306.009
4.6123, 47.2391, 28.4078
2.55658, -673.447, 30.2502
3.72027, -3401.9, 1830.6
4.49072, -1190.9, -2489.15
6.64177, -481.06, -273.48
3.78584, -398.436, 680.12
3.59705, -1180.41, -29.5581
6.47385, 158.387, 1.03782
5.8476, -489.196, 198.739
5.49108, 320.946, -315.867
5.99917, 1918.62, 1130.96
5.13062, 244.549, 0.670324
4.14833, 189.986, 407.779
3.30844, 3522.62, 598.2
6.56633, 79.0222, 113.191
4.08004, 536.82, 497.999
4.05369, -453.233, 107.609
4.65424, 65.4068, -79.8527
4.46509, -222.946, 322.367
4.43916, -51.8707, 60.4465
4.34871, -122.86, 702.008
5.88118, 185.49, 34.7336
6.10384, 696.543, -167.494
7.20082, -1765.63, 496.983
5.08573, 111.215, 53.8632
5.5282, 638.164, 415.94
5.85049, 1160.58, -1741.51
5.11404, 183.484, -226.114
3.87105, 410.489, -626.125
7.08924, 159.177, -0.687915
3.73367, -138.718, 8.90888
4.77876, 153.971, 895.823
3.30374, 173.591, -72.9468
4.68319, 193.977, -118.193
7.45767, 247.646, 80.5115
6.26931, 2326.73, -2476.07
4.97846, 153.068, 215.752
7.01651, 145.877, -131.51
4.68213, -717.831, 29.5639
5.09239, 1527.53, -1306.37
4.44866, -1330.93, -1993.54
5.63431, 333.421, 7.43211
5.19331, 88.8763, 58.6099
4.35955, -175.322, 543.172
2.54674, -165.19, 326.962
6.3794, 113.955, -207.612
2.85317, -309.056, -331.307
3.98511, 141.082, 565.739
4.78581, 137.075, -199.998
3.25156, 58.3582, 85.1053
5.97819, 88.3315, -109.782
4.15587, -271.458, -313.492
5.21197, -2056.6, 3650.55
2.64678, -2305.81, -1181.03
5.38086, 220.567, -7.83552
5.18133, 206.125, -237.927
7.36678, -591.55, 152.916
5.57063, 133.906, -34.7439
5.26431, 1687.33, -2778.44
6.69051, 1038.11, 311.085
3.75764, 22.7803, -240.869
6.98957, 46.8912, -254.42
5.97428, -206.533, 104.891
5.82752, -81.5453, 1770.68
3.06838, 199.907, 115.014
3.37987, -726.997, -777.611
2.91253, -873.564, 1565.89
6.68103, 142.67, 405.176
2.64818, -154.034, 2126.91
6.34719, 455.157, -171.961
4.29829, 253.758, -2377.73
6.24626, 822.719, -28.7941
6.28385, 2.46144, 101.536
3.60834, 1999.64, -729.704
5.58305, 150.435, 96.1146
3.66846, -552.118, 123.095
6.22052, 45.6243, -2332.83
5.80997, -391.369, -687.334
4.9209, -2108.56, 3724.34
2.58972, 560.607, -206.16
4.98291, 38.4906, -319.404
5.09587, -70.1277, 82.4568
4.71395, 714.677, 2212.99
4.14528, -1746.97, 788.777
3.52671, 104.51, -83.6025
7.19863, -153.593, 1281.38
2.85168, 1069.74, 1912.53
3.30042, 418.131, -107.754
6.70788, 370.194, -773.283
4.13614, 153.042, -466.061
6.85942, 975.912, 248.307
5.99896, 172.784, 122.751
5.52801, 18.1395, 327.753
4.77536, -23.3361, 316.958
2.91543, 882.157, 749.625
3.94883, -2205.28, -860.94
6.51009, -53.1381, 68.9972
6.81821, 251.849, 624.143
3.81831, -2993.29, 234.972
4.79881, -564.534, -189.978
4.95672, -73.6757, -214.296
5.82344, 1120.87, -1828.1
7.31738, 201.75, 67.6325
7.23022, 459.78, 233.001
2.81902, 1246.43, -461.045
5.04829, -848.24, -338.939
6.13222, 160.838, 95.5892
5.65882, 68.7448, 87.9544
3.26658, -48.5815, 34.3111
5.09652, 716.049, 2214.41
3.52281, 3651.99, -1196.56
6.03231, 203.409, -30.8354
6.05786, -678.478, 3865.57
3.66304, 209.212, -605.722
6.80594, 203.436, 21.2187
2.67122, -905.403, -33.0932
6.26587, -215.757, -93.4826
4.14789, -273.414, -274.465
4.65309, 3245.56, -726.303
7.33455, 179.35, 44.3841
4.05803, -1404.77, -1235.18
5.69762, -3807.08, 16.355
5.95386, -25.6108, 72.4321
5.36403, 425.28, -362.609
6.60667, -2062.53, 3636.77
4.21807, -2373.33, 1044.62
5.09387, 297.489, -344.156
6.78438, 566.912, -285.079
6.18587, 688.638, 1016.85
3.45992, -388.302, 167.69
2.83145, -3.17147, 77.051
3.60828, -2789.52, 1744.68
3.33656, 203.674, -57.9489
6.31172, 161.956, 96.0286
5.44905, 1066.04, -1595.26
4.65223, -3960.64, -377.683
7.09618, 1547.73, -243.524
5.09668, -349.185, -929.2
7.38058, 347.905, -98.3987
5.15714, 152.325, -464.099
2.98716, -855.912, 1083.05
5.83983, -309.526, -406.445
5.44444, -537.515, 1946.58
5.01137, 483.215, 94.9729
2.75808, 889.055, 866.428
2.6753, 323.667, -408.266
4.41484, 360.972, 62.0671
5.55555, -1704.92, -2102
5.06574, -3967.49, -376.954
5.98498, 167.754, -48.405
4.89891, -91.6252, -65.6689
3.88323, -3931.31, 72.8483
6.01685, -145.158, 2128.84
3.67701, 267.949, -121.148
6.41501, 354.978, 65.4754
6.60589, 1249.08, 39.5183
3.21842, 2395.57, 2244.6
5.75757, 490.151, -245.774
3.87677, -263.902, -1071.95
7.26215, 1741.77, -1011.61
4.58238, 5.2556, -31.4723
3.03869, -399.378, -282.709
4.70633, 61.5881, 56.5263
6.28811, 206.596, 150.245
2.77803, 616.239, 190.452
3.51241, 44.7594, 39.0151
6.82305, 170.013, 124.638
6.52456, -221.157, 100.122
2.78861, 441.495, 1601.05
4.40304, 205.375, -135.741
4.56124, -268.621, -468.045
2.80071, 653.302, -10.8845
7.09746, -1064.17, -1004.27
3.35398, -170.325, -100.526
6.51634, 349.032, -12.002
3.88599, 794.982, -340.682
4.44586, 38.82, -42.4722
7.19936, -1533.86, 488.393
6.24573, 83.8664, 2106.15
3.44774, 2495.01, -2734.94
6.89581, 366.41, 34.2307
6.8953, 249.084, -51.7469
3.30515, -86.5435, -305.506
5.87346, 913.628, 291.628
6.89096, -56.0219, -111.181
6.98262, -643.317, 2588.84
3.06535, 130.414, 114.765
5.93789, -450.919, -520.037
3.21651, 618.591, 24.0873
3.6901, 663.818, -122.642
5.64383, 2064.58, -1398.13
4.312, -30.4539, -358.852
4.64437, -1413.43, -1240.8
4.91936, 1231.92, -1339.61
6.20379, 77.7835, 578.205
3.23098, 89.4276, -353.461
7.36238, 36.4986, 32.5198
7.3158, 322.337, 2.72643
3.14741, 1895.37, -1329.78
5.3784, 431.86, -5.12843
4.66439, 600.011, 81.9865
5.50066, 144.274, -172.159
5.85098, -74.3068, 244.605
4.5137, -2239.17, -722.36
6.46691, -1364.24, -1227.44
4.89889, -2379, 1379.32
5.72449, -720.852, 689.696
4.28836, 3699.28, -625.297
5.96794, 103.24, 287.804
5.83428, -317.308, -454.645
3.22071, 591.959, -330.335
7.10415, 245.967, 48.5816
4.22228, 899.621, 2727.74
6.66824, 67.5677, -7.84254
2.74349, 280.262, 273.83
3.27936, 948.213, -1408.35
2.55765, -90.6238, 28.9582
3.94327, 319.485, 4.84239
5.07295, 452.524, -311.831
3.65948, 640.171, -2540.42
2.75022, 328.933, 608.606
5.33091, 263.109, -70.6917
6.69774, -369.523, 14.4428
4.28763, -194.403, -344.481
4.3452, -65.5897, -450.156
7.22226, -141.614, 31.045
4.72425, -1424.21, 265.154
6.82086, 47.6009, -92.1227
5.82654, -68.3682, 596.262
5.79297, 193.465, 217.639
7.10736, 1979.02, -1485.38
5.11536, -2247.35, 1894.84
5.45229, 246.66, -163.015
5.79944, -292.582, -2034.61
4.24765, -1415.52, 892.846
4.11714, 293.805, -438.598
7.08984, -89.5906, -334.763
3.08619, -3238.23, 1117.45
7.31268, 484.889, -40.5435
5.17978, 136.112, 299.121
5.81447, 813.489, 240.88
5.48362, -3325.46, 1519.35
6.93363, -425.008, -944.787
6.67999, -10.4977, -201.444
6.69339, -40.9893, -226.697
6.85642, -20.5228, -266.728
2.5002, -43.9532, 1724.73
4.77274, -382.176, -1335.48
4.25696, 1613.08, 27.292
5.80713, 3192.09, -2570.34
6.22234, 596.388, -313.144
3.3821, -740.609, -2931.95
7.4621, -1037.14, 1299.78
5.95466, -551.091, 116.571
6.97862, 94.1873, 199.292
3.51579, -1140.75, -282.24
7.2356, -272.237, 263.432
4.88476, -3095.46, 1629.4
6.78578, -2793.78, 1745.92
6.41237, 412.858, 340.854
5.70687, -2192.71, 2115.55
3.14521, 123.89, 865.439
5.77944, -137.321, 0.879724
3.09199, 79.1152, 57.2303
3.88793, 2057.81, 431.632
6.65548, 266.539, 1980.79
6.14153, 2570.99, 3284.5
6.74348, 2859.79, -2132.94
3.43989, -753.203, -577.047
6.09602, 202.614, 108.794
4.25586, 71.6569, 421.744
3.34555, 276.102, 426.284
4.52383, -3016.21, 394.959
4.20924, 250.538, -41.1531
6.67141, 51.6304, 89.0584
3.9111, -2281.94, -3698.72
5.16766, 2288.94, 1415.21
6.25085, 603.477, -1055.83
4.62554, -143.117, 6.356
4.66964, 1361.76, -39.7249
3.03022, -2469.4, -1506.93
6.4639, -269.288, -102.709
3.91232, -97.4267, 294.278
7.14264, 2568.68, 3694.38
5.37926, 153.413, -234.68
3.4895, 574.127, -69.8415
5.99081, -426.224, -300.096
3.07265, -666.529, -287.447
4.22945, 235.743, 774.332
4.15646, 35.3485, 172.967
6.42735, -3316.65, 1493.37
6.65775, 36.6384, -10.8683
4.21712, 954.932, -456.499
4.2603, -213.645, -32.7507
6.38197, 239.878, 149.236
6.58658, 732.075, -127.952
4.26157, -65.3968, 254.224
7.09559, 110.876, -74.8157
3.2877, 569.42, 513.526
5.56029, 942.219, -278.278
5.54222, 29.5345, -55.4187
3.16647, 1943.5, 2127.89
3.51409, 2348.3, 3285.32
4.79457, 204.639, 41.7122
3.48759, -698.953, 1141.56
6.77118, -38.5795, -193.135
6.54562, -366.988, -492.239
2.80131, 1638.04, -1304.34
6.50584, 1075.68, -3099.88
5.49597, 124.638, 126.452
7.43182, 302.257, -88.2511
2.65919, -991.132, 276.717
6.8356, -2059.59, 2510.36
3.69109, 133.148, -237.979
3.6127, 602.21, 406.531
4.73907, 4098.94, 1905.22
2.61231, -246.222, 47.0229
6.79755, 57.6358, 92.3688
4.15902, 436.085, -2899.46
5.72195, 567.967, -74.8846
7.43521, -465.068, -54.5232
5.30162, 33.5835, -131.228
4.74553, 34.8024, 124.569
5.213, -172.651, 64.359
2.90797, -317.475, 158.513
3.99606, 1347.14, 1918.02
6.63964, -2512.2, -493.606
6.48936, -2569.77, 1004.09
5.71048, -0.280478, -123.869
4.84105, 233.675, -267.425
7.15326, 561.131, 1662.69
5.08798, -421.145, 89.0084
7.42924, -2688.84, 1718.24
5.94567, 13.6799, -62.2275
6.19966, 310.509, 35.3573
3.46323, 1192.51, 1066.47
6.08881, 1924.63, -1273.52
6.11146, 1021.7, 452.12
6.49298, 218.392, -312.013
4.23216, -3158.11, 268.466
5.1481, -499.238, -248.904
3.19001, 990.414, -788.896
6.73218, 224.899, -34.6517
6.32766, -719.327, -408.739
7.5, -3319.21, 1497.85
4.24891, -4555.67, -1561.91
5.50367, 1095.27, 21.7671
3.50808, -249.921, 2395.79
6.2385, -2334.86, 382.308
6.49225, -228.822, -324.923
3.03505, -89.632, -621.871
5.35813, 154.541, 17.5487
2.84683, -3293.97, 1143.37
4.16036, 215.467, -80.6202
5.80945, 188.243, -89.5073
5.27726, 365.98, 2555.73
7.12415, 47.2167, -187.899
2.69832, 230.268, 1831.29
2.62083, 976.151, 1089.88
4.61923, 354.732, 47.651
4.36987, -650.962, -161.632
2.93303, 2161.28, 2087.63
3.05403, 350.301, 285.238
5.31992, -2954.08, 110.2
7.37269, 11.9135, 106.13
3.05066, 3.03936, -2552.43
5.99352, -2014.3, -2242.6
2.79674, 272.895, 1184.17
4.69755, -101.925, 79.9564
5.24651, 125.554, -23.7181
3.45129, 339.037, -44.7611
7.36597, 77.7789, -89.5924
3.19593, 108.417, -102.017
5.48978, -2068.42, 303.378
7.12812, 221.566, -501.501
3.91116, -27.6605, -49.1696
6.8307, 3.0981, 354.164
6.29598, 893.515, -1178.14
6.10793, 173.379, -303.969
3.34241, -66.8276, -503.99
3.32882, 466.418, -1676.75
3.39076, 90.8818, -1.2621
5.87226, -115.452, -59.4532
4.83484, 140.494, 151.516
6.85219, 221.186, 58.131
5.76023, 503.283, -50.9329
5.80464, 810.472, 245.619
2.58037, -89.7377, 531.473
4.30596, 3540.45, 2076.03
3.72747, 250.235, -626.594
6.93086, 631.833, 953.549
5.23701, -4442.19, 70.5363
6.57209, -23.7396, -222.736
5.24453, -893.621, -230.949
4.16156, -281.361, 163.957
4.40213, -1242.54, -2162.1
2.52389, 423.794, -5.31631
6.95226, 213.521, 36.7494
6.16955, 17.3265, -66.2798
6.04239, -489.89, 141.938
5.1278, 1454.98, -1787.94
6.41065, 240.401, -488.229
3.42484, 327.28, -126.577
5.72673, 46.1154, 64.3678
3.42178, 128.075, -38.2056
3.31214, -1180.64, 565.022
2.65594, 1206.63, 931.197
7.42716, 63.1824, -88.1341
4.04559, 101.563, -6.23007
4.11075, -281.925, 38.958
5.51155, 166.595, 96.3762
2.89107, 3274.89, -477.401
3.93936, 131.402, 167.209
5.79307, 484.664, -895.043
7.36348, 208.93, -49.4949
7.27758, 2512.46, 950.296
7.42745, 243.716, -41.8198
7.30478, 131.097, 82.1614
3.0073, -26.4272, 375.105
3.71505, 829.977, -305.239
6.91151, -447.088, 118.657
5.28805, -110.61, -313.216
6.7669, 52.0917, -25.1623
7.49145, 671.521, -143.498
3.99751, -2802.33, 1354.67
6.33157, -5031.56, -1696.24
4.81901, -190.869, 321.105
6.8168, 435.392, 149.256
6.99018, 286.837, 181.87
7.377, -416.537, -189.906
2.77405, 88.5558, -102.754
6.32605, 42.614, 247.085
5.09219, 1147.92, -1780.77
3.46574, 396.201, -71.9268
6.98252, -62.5355, -386.589
6.38492, 364.05, -6.01676
2.75968, 180.931, 247.373
7.47331, 1252.19, -1758.43
5.93659, 181.956, -529.364
5.94854, 825.106, 247.981
6.57666, 1978.29, -856.285
7.05426, 78.732, 18.6591
3.34218, 1488.74, 3183.11
5.24183, 1958.41, -1314.52
6.53351, 62.1961, -0.688134
4.17803, 466.225, 391.038
5.53435, -312.777, -457.01
6.59602, 929.263, -1681.87
7.3485, 578.621, 45.9779
6.29349, 213.027, 472.81
3.72113, 23.5693, 330.412
5.80589, -53.8655, 72.094
4.21574, 1001.57, 413.545
7.27146, 91.5858, 110.485
2.60828, 1703.27, -2203.71
4.54979, 854.14, -326.456
2.55789, -2123.27, 2382.56
3.04964, 201.929, 164.723
5.28259, 729.989, -1000.67
4.45466, 324.235, -5.23771
7.20539, 191.127, -93.3273
2.55572, 146.096, 512.158
6.22897, 254.546, -671.264
3.84293, -36.1684, -326.916
4.27153, 95.776, 137.71
3.45835, 3676.39, -3793.21
5.14832, 266.998, 112.317
4.39478, -601.615, -3239.1
3.16407, 250.09, -259.041
4.26563, -146.898, -297.781
4.2497, -3210.13, 1609.71
7.41084, -1770.94, -1199.98
5.25961, -271.279, -250.261
4.99918, -1692.8, -454.105
3.58531, 1134.48, -1816.94
4.37311, 159.994, 110.874
6.78251, 1909.28, 1670.07
6.45578, -1799.05, 3583.04
3.9204, 1924.22, -2284.58
5.07645, 947.455, -281.616
6.79238, 145.944, -228.145
7.07844, -297.629, 15.7124
7.48941, -1361.8, -1221.99
6.53177, -516.497, -149.645
5.22718, 652.168, 455.965
7.3461, -159.29, 296.383
5.31931, 903.737, -153.401
4.03031, 514.817, -970.83
5.41853, 284.417, -187.92
2.91197, -185.935, 474.533
5.47382, 133.087, 27.4897
3.31968, 1721.1, 3149.76
6.46527, -145.061, -681.594
2.95373, -713.254, 1093.18
6.3072, 12.3818, 173.342
6.83996, 129.304, -7.06396
6.40105, 282.424, -370.61
6.61399, -1595.66, -349.172
6.70974, 85.7848, -101.883
4.48328, 542.565, 373.457
6.508, 202.16, -137.104
6.56811, 11.4694, 94.6108
5.43493, 627.514, 1295.94
4.64621, 2.29881, 142.322
2.5002, 48.9219, -33.079
5.31153, 205.836, -1.29123
6.22632, 96.6521, -385.426
3.89846, 2248.39, 1252.21
2.93406, -448.882, -3074.01
3.5733, -156.22, -394.297
3.93296, -437.055, 32.1476
4.86595, -291.227, 34.964
6.95893, -1354.26, -1273.6
5.91955, -209.27, 34.0153
3.54376, 246.496, -57.5728
6.67533, 113.989, -17.8955
7.09218, 551.043, 289.419
4.48244, 100.995, -331.558
6.37858, 1326.01, 448.92
5.68161, 109.025, -76.2691
6.64746, 42.826, -232.176
3.40204, -297.992, -179.256
7.45927, 89.6401, -92.5003
6.70558, 402.997, -239.917
4.65177, 394.977, 427.077
4.38589, 392.315, -137.208
2.70802, 261.161, -251.318
6.80715, -198.24, -421.666
6.62116, -2671.55, 1831.41
6.25052, 1069.91, 1185.19
3.55801, 157.121, -52.7473
4.31029, 120.205, -107.94
4.43545, 46.6664, -24.5143
7.32918, -2197.07, -1416.39
6.5872, -262.461, -331.023
4.5755, -403.102, 94.6613
5.83759, 170.796, 341.394
2.52101, -2689.35, 2603.13
6.98048, 147.783, -190.286
3.68416, 519.82, -111.071
3.79415, -285.085, 170.715
5.4939, -418.702, -296.135
6.89823, -880.804, 43.9189
6.16299, 64.9662, -37.7631
6.0773, -656.7, -215.094
3.57724, 3833.64, -177.974
6.30413, -2721.48, 2108.56
3.85351, 509.925, 59.1292
2.75246, 382.278, 181.86
4.78866, -937.093, 473.718
2.58759, -171.289, -195.773
3.01129, 3672.28, -2413.52
2.639, 762.418, -361.79
5.65921, 28.1046, 129.714
6.34425, 68.0331, 92.8791
2.74132, -357.41, -295.194
6.6924, 568.902, 761.208
6.76899, -122.089, -64.4052
6.57649, 293.542, -281.206
6.85188, 132.933, -2767.48
5.27222, 418.151, 62.6222
6.12646, 4.17836, 1174.08
3.20424, -2958.6, 2292.13
6.6115, 139.576, 34.4814
5.51185, -1705.89, -2097.24
4.93856, 228.899, -74.9184
6.14942, -422.925, -261.447
4.05164, -1478.24, 832.315
3.93925, -237.82, 441.999
5.45857, 1560.16, -1913.37
5.34055, -2075.46, 1131.94
5.41059, 2000.74, 1392.76
2.84132, 280.766, -409.624
4.34304, -1472.53, 43.4407
6.28475, 274.614, -363.394
6.35297, 779.52, 2032.34
4.27217, 165.844, 367.783
5.98913, -6.97693, 79.4404
5.08005, 1547.03, 906.407
5.94494, 309.395, -79.6245
6.18066, -1478.34, -1034.39
2.56231, -1810.14, -1503.73
7.16549, 188.097, -208.754
5.37826, 582.693, 134.915
3.05587, -291.732, 557.774
4.87388, 109.007, 165.011
3.24247, 1203.7, 118.339
4.22594, -5362.68, -1229.2
7.04476, 31.7184, -99.6972
4.54571, 1988.91, -876.624
5.96642, 187.897, -155.052
3.35865, 19.3228, 81.6243
6.21715, -2883.06, 1070.56
4.16319, 67.8727, 71.9464
4.62157, 63.3906, 18.582
2.79523, -11.5134, 500.813
5.09005, 230.352, 73.5088
5.94425, 211.958, 64.8591
5.01149, 176.001, 15.8085
6.56617, 89.0519, -36.9446
3.07974, 156.304, -167.939
5.24841, 1084.69, 311.541
5.06046, 169.524, -171.853
6.02649, -1387.33, -1252.74
5.65083, 14.1347, -19.7902
4.0207, 615.806, 502.056
6.74719, -54.2227, -94.6307
3.39619, 961.489, -1610.57
2.61737, 172.824, 186.941
4.19467, 326.232, -140.851
3.43818, -1469.33, -1083.73
6.60467, 132.008, 50.1729
6.72507, 67.0623, 2219.12
6.78031, -2074.07, 1273.15
7.37454, 166.706, -69.3205
2.99587, 438.853, -8.98073
2.56182, -2368.47, -1887.39
2.58614, 47.6395, -507.56
2.64527, 291.332, 437.807
4.1031, -1415.43, -1451.88
6.17815, -2032.52, 1116.68
3.14876, -376.617, -484.592
2.5161, -1303.25, -201.768
6.91905, 427.048, 49.8096
3.70482, 412.712, 128.98
4.38481, 286.248, -49.8162
4.44879, 74.3417, -244.002
2.81534, 2259.5, 872.897
7.30792, -76.692, 26.4591
3.75349, 181.812, -365.45
6.85376, 186.008, -253.157
2.85991, 1782.72, -2478.23
2.70653, 2115.37, -1606.94
3.46378, 398.104, -118.877
3.86708, -1183.74, -1616.68
7.4007, 40.4717, -23.3737
3.60607, 716.935, -3175.22
6.43119, 1162.42, -1735.66
4.42306, 236.916, 205.886
3.78593, -1923.59, 2090.01
3.91087, 249.347, -284.262
7.33834, -212.074, 180.524
4.22841, 302.035, 154.673
3.45922, 287.323, 64.9414
5.05037, 194.661, -36.6869
5.21857, 755.266, -2851.85
5.72333, 84.8009, 276.636
3.89738, 629.763, -299.505
3.41887, -248.696, -38.6734
2.71579, 1599.34, -1916.94
3.98408, -4.68739, 0.600879
4.25548, 1243.62, -427.746
7.09372, -236.285, 38.2577
5.81225, -188.613, 53.9985
5.08041, -1411.84, -1234.06
4.03763, 194.828, -193.918
3.0007, 1375.09, 1436.16
3.47502, 101.206, -11.7506
4.11407, 1950.94, 2167.29
5.56182, 462.199, -52.503
5.13511, 1267.4, -699.073
3.45653, -423.55, 1059.87
4.7178, 3439.66, 1967.38
4.48693, 3932.95, -766.229
6.28051, 264.945, 135.587
6.6213, -363.048, 16.087
5.51573, -57.3623, -904.878
3.04573, 295.738, -294.129
4.11797, 1782.67, -390.061
5.03403, 36.2997, -18.1361
4.76521, 253.633, 893.771
4.77315, -21.2362, 372.989
4.91125, -134.012, -42.2466
5.07896, -2881.75, 525.053
4.50207, -1450.93, -1064.84
4.22945, 237.001, -5.25228
6.64533, 12.3933, 682.894
3.02204, 1774.37, -737.793
6.40057, 222.647, 4.49901
3.19919, -23.268, -32.6962
2.62171, 2352.55, 2739.6
6.0664, -213.996, 921.487
7.15538, 141.449, 282.292
7.47667, 231.703, 156.881
3.86264, 18.7037, -237.392
3.6923, -1363.51, 550.668
3.87328, -222.782, -2026.76
5.70836, 210.687, 147.255
5.17637, 292.045, -42.3126
6.8967, -1806.01, 3054.54
6.75968, 187.973, 216.402
2.98004, 43.1328, 635.01
4.66818, 67.5141, 0.638062
3.17045, -134.689, -168.674
5.86802, 86.4496, -128.801
5.34964, -40.2348, -157.378
3.66474, 128.993, -1214.82
5.50306, 320.107, 18.0245
2.6551, 680.991, -26.278
7.08512, 104.597, -335.244
3.82958, 496.502, 463.635
6.50016, 172.32, -25.392
5.46389, 176.331, -96.7425
5.0822, -215.108, 79.98
5.2567, 551.196, -352.128
3.47225, -11.8009, 292.771
5.36152, -1890.72, -285.683
3.81992, -421.748, 3857.68
4.41648, 1604.93, -3445.57
2.73626, -20.2567, -221.484
4.22823, 213.274, -142.416
3.61594, -1938.41, 4401.65
3.81264, 157.383, -88.8579
3.05141, 247.448, 186
7.40088, 81.8009, -346.172
5.93794, -659.009, -213.861
5.82158, 104.137, 72.9941
5.99501, 263.295, -129.233
2.68746, -32.2677, -153.705
3.6706, 14.0524, 104.687
3.95397, -3262.24, -4919.56
3.50543, 177.225, -182.726
2.7177, -1669.21, 2362.76
2.56571, 756.955, -308.537
6.07297, 3647.11, -1192.95
6.88348, -169.093, -260.255
5.35088, 1131.6, -2201.38
6.92743, -1826.69, -2000.25
5.20042, -481.998, 278.549
3.31357, -1349.78, 440.769
3.30492, -1750.67, -1495.69
7.19182, 152.37, -153.578
3.45628, 405.607, -132.682
3.15761, -2003.96, 3.1813
4.41122, -324.775, 347.584
6.12674, -535.65, 1966.35
2.50651, -3961.79, -377.15
4.60222, 2822.34, -1640.67
5.18984, 765.569, 138.957
4.86596, -67.6768, -352.216
6.33003, 765.29, -509.813
2.9396, -230.431, 37.3876
7.04284, 111.935, 179.774
3.20818, -239.178, 650.258
2.54782, 96.5767, -250.933
2.82267, -137.78, -286.834
4.96742, 241.835, -115.71
5.40914, 63.2601, -52.6373
4.03373, 2275.63, -4052.73
4.57091, -127.497, -357.487
4.33401, 663.498, 853.333
3.42687, 213.056, -1891.19
2.76788, -1600.08, -1738.73
4.47222, 211.437, -87.7781
3.98388, 18.2461, -142.517
5.05388, -241.444, -358.32
3.75392, 1420.99, -2435.64
5.01589, -372.783, 728.908
2.51168, 1102.78, -473.768
7.01807, -3313.87, 1503.9
2.79181, 2226.47, 2121.88
5.17506, 88.4261, 2108.84
3.95754, 1881.06, -892.742
7.3023, 25.4616, -18.507
4.73406, -2200.52, -981.363
5.08479, 360.969, 11.7494
5.93861, -563.182, -172.263
2.72187, 170.417, 420.289
7.2946, 2358.03, -1777.15
5.70852, -117.778, -212.691
2.80215, 157.656, -224.786
3.33964, 337.525, -39.4359
5.76491, -269.004, 59.1363
6.19864, -50.9089, 1729.65
3.57011, -352.634, 264.56
4.31441, 317.023, -1531.26
6.56981, 518.264, -331.977
5.32057, 52.3877, -90.4858
7.45886, 73.3953, -59.7724
6.5669, 300.974, 340.833
3.49157, 2029.2, -2686.6
2.50003, 26.4741, 35.8315
4.62608, -2074.13, 2520.02
4.07406, 1446.63, 833.314
5.56218, -2327.03, 338.722
3.83351, 167.951, -157.763
4.39881, 711.567, 564.411
5.43397, 262.978, 321.692
5.95636, -578.306, -424.182
7.26736, 300.089, 46.4851
4.89785, -227.909, 700.828
3.60319, 270.919, -206.285
5.33741, 508.223, 252.447
6.09873, 121.072, -82.3076
4.4953, 1601.07, -163.732
3.48326, 589.325, -331.583
6.66971, 190.759, 202.14
5.59561, 396.926, -771.417
7.26866, 311.173, 166.165
3.23222, 650.023, 149.456
5.38953, 61.5388, 19.4891
7.26796, 293.88, -98.9706
3.62331, -3138.21, 1575.6
7.25137, 141.269, 115.182
3.07874, 1161.32, -562.635
2.58372, 35.4505, -67.0745
3.90465, -82.2444, 459.153
7.15042, 443.149, -367.455
3.04796, -1089.45, -474.803
6.77266, -388.571, -452.326
5.68532, 567.943, 385.86
5.63853, 251.531, 416.783
3.80589, -493.094, 1242.58
5.13936, 388.82, -211.82
7.16608, 593.226, 411.082
3.98055, -815.465, 207.38
4.78006, 241.191, -94.1971
6.35659, -533.688, 2806.75
4.17193, -1191.09, -2351.91
6.31775, 201.937, 9.55202
6.65892, -1512.66, 1487.46
2.64618, 1723.16, -1012.96
4.31315, 62.0244, 236.285
4.16221, 285.258, -327.202
3.17675, 1119.82, 843.321
3.00839, 805.971, -2487.41
5.11327, -112.07, -74.2652
3.52046, 286.369, -137.084
5.00728, 310.332, 585.42
5.1371, -2949.95, 1834.54
4.13422, 180.177, -23.2097
4.75888, -216.041, 665.747
6.85263, 812.005, -131.68
4.72884, 50.6409, 85.7355
6.03726, 324.354, 329.734
6.83171, -1420.83, 287.333
6.5822, 370.078, -61.4183
2.67504, -2299.93, -902.634
3.8644, -474.697, 1635.64
5.21858, -721.014, 459.092
3.19942, 1721.87, -366.851
5.57408, 40.5663, -93.9149
3.29182, -320.408, -378.923
4.41129, -123.846, -258.785
5.94997, 223.685, 163.926
3.21128, 2555.02, -54.8235
5.65284, 240.137, 15.321
3.15973, -2010.63, -1288.76
7.13583, 221.173, 61.9465
5.53465, 3095.22, -4744.38
5.50388, 399.72, -587.227
3.33635, 10.4782, -119.301
3.301, -584.375, 1285.5
5.91628, 169.035, 122.819
5.1456, -208.821, -235.977
3.65264, -1465.28, 739.711
6.55373, 72.0342, -23.5106
5.76477, 95.908, 126.142
4.08597, 261.898, -220.108
2.53953, 297.641, 55.1065
3.49176, -95.0401, -796.722
3.78831, 305.567, 447.776
3.03825, 635.861, 428.492
3.49545, -187.893, 302.472
6.75079, -3392.36, 1840.57
6.63912, 383.005, -0.485095
6.76813, 104.546, -15.5975
5.71027, 259.902, 110.186
3.6787, -1819.19, 1887.24
6.80638, -14.3396, 98.1443
5.4745, 157.445, 379.365
2.52745, -1485.62, -1065.91
6.84925, -390.243, -691.709
7.37729, 115.931, -218.867
5.59653, -1357.77, -1276.28
3.85574, 422.305, -60.2173
7.46973, -5.57466, -50.3758
4.60751, -1119.95, -55.4935
4.20537, -333.383, 19.6096
4.80717, 284.836, -272.701
4.44822, -723.932, -2020.24
4.613, -2976.61, -607.366
2.84879, 123.7, 78.5461
5.5153, -119.579, 178.984
7.36114, -211.113, 38.4385
5.07406, 121.296, 299.233
7.45461, 144.667, -256.908
5.84906, -1489.56, -3613.48
4.01716, 347.313, 112.744
3.47371, -649.466, -208.758
4.0109, 555.874, 303.713
4.93946, 159.993, -72.3641
4.72438, 310.372, -16.668
5.7844, 220.248, -1.83583
3.74227, 3539.48, 2075.17
4.72007, -1021.62, -966.62
5.75894, 125.591, -244.589
6.67472, 179.027, -220.224
6.03698, -177.943, -271.444
4.93928, -329.387, 233.222
6.72039, 215.552, -27.69
7.00296, 115.068, -54.7821
6.33082, 284.803, 45.1624
5.29453, -448.297, -374.749
2.70603, 32.8277, -122.93
5.46749, 975.144, -310.687
2.68674, 150.595, -2530.11
4.53488, 212.307, -527.253
2.84243, 450.146, 413.143
7.38558, 295.61, -365.637
2.5956, 1466.76, 2042.79
6.60363, 176.898, 48.8122
5.2195, 2468.41, -1920.96
5.72828, 477.778, 83.2332
3.62934, -3.26824, -230.148
2.733, 234.035, 1927.89
3.63154, -189.96, 464.915
4.58371, 192.337, -1738.78
6.40126, 34.5004, 104.056
3.72852, 929.059, -1682.01
4.81411, -21.9289, -12.908
6.14756, 412.685, 119.506
5.35237, 3305.13, -460.885
5.45997, -364.864, -797.591
4.98425, -11.3638, -229.393
3.951, 142.555, -126.436
4.71107, 225.66, 23.4075
2.53669, -1778.09, 3897.82
7.41683, 125.54, -127.156
2.52822, 110.224, 8.7001
4.8676, 1374.93, 654.277
5.86497, 2233.28, 3753.56
