6.27803, -2396.31, 1325.92
3.5948, 125.488, 1383.71
5.89648, 651.754, -185.34
5.09708, 261.636, -265.33
2.76731, 4309.57, -4496.07
2.53849, -1279.5, 1401.97
4.58743, 6064.68, 3574
7.15218, 151.711, -187.037
2.95982, -407.419, 685.327
6.00595, 435.703, 246.099
3.81226, 202.32, -133.577
4.14117, 130.574, 236.759
7.45519, 516.91, -1.5771
7.41275, 137.066, 38.8136
5.75759, 714.376, 81.9514
6.92354, 147.576, -18.9471
6.33247, 361.645, 36.1268
3.87453, -1875.65, -571.927
4.93259, -1124.17, -828.324
2.80282, -5462.01, 1271.9
5.08146, 192.698, -46.9019
4.96988, -3857.04, 1370.74
7.23882, 329.387, -280.212
4.42071, 152.487, -79.9317
5.14874, -3012.65, 829.429
2.75042, -311.797, 3907.34
6.63909, -511.56, 115.243
5.94228, -296.821, -188.104
6.18112, -115.396, 31.1557
6.94286, -2956.89, -2673.58
4.25508, -327.531, 580.224
6.72991, 240.236, 90.2729
3.84659, -296.57, -122.643
4.83959, -121.397, 471.606
3.2686, 222.31, -326.925
2.66527, 178.067, 412.481
7.2768, -1347.31, -946.855
6.95369, 316.153, -681.81
3.29884, -962.527, 261.417
3.15214, 557.095, -87.6627
2.515, 2442.33, -393.943
6.0491, -89.7071, -80.9161
3.40448, 1191.97, 246.231
5.76029, -225.129, 313.922
4.42907, 531.363, 187.989
3.23766, 1156.4, 1398.14
5.45054, 43.543, -10.0078
3.24076, 2334.53, -1139.2
3.2091, -1945.5, -1183
4.94257, 333.332, -11.9945
3.13015, -589.693, -566.749
5.64635, -42.4854, 47.3331
5.60817, 336.519, 117.955
4.88216, 2696.9, -3728.19
2.64188, 617.36, 423.467
3.21011, 3296.69, -541.116
3.15594, -261.508, -313.988
3.31099, 1265.49, -1994.93
3.76529, -780.953, 186.047
4.77654, -3668.71, 1932.01
6.54472, 277.655, 199.741
3.57624, 91.3636, 133.413
3.75063, -140.764, -131.341
5.02978, -532.417, -1133.71
6.27922, 175.668, -67.7604
5.66369, -1270.61, -2723.22
5.9449, -1967.19, -1373.31
7.27207, 366.258, -109.075
5.18713, 3837.06, -1950.34
4.57014, 77.6853, -1119.4
4.70019, -368.592, -600.063
6.07821, -1525.4, -1675.6
6.20858, -2068.85, -1660.39
5.12494, -2603.69, 2164.42
6.06711, 303.541, -155.591
5.91025, 126.851, -113.367
6.82941, 1751.78, -1344.52
3.19597, 711.6, 1474.95
3.57766, 308.325, 2.4734
5.0733, 798.339, 1503.25
4.83766, 164.162, 56.2486
3.55759, 2845.98, -2903.92
5.65244, 73.6202, 1.23849
2.5044, 2259.09, -3241.9
4.09589, -544.932, -2419.09
5.90281, 280.743, 17.0369
6.0446, -177.469, 86.9618
2.90869, 460.778, 89.6708
3.56926, -781.578, -285.141
4.44412, 244.466, -25.7048
4.44927, -3101.09, -1084.55
3.92018, 48.8921, 135.495
4.6123, 226.409, -37.8536
2.55658, -1175.42, 2.96337
3.72027, -4005.45, 2151.25
4.49072, -1465.89, -2836.1
6.64177, -424.777, -334.268
3.78584, -204.48, 574.649
3.59705, -1256.73, 142.955
6.47385, 132.492, -49.8067
5.8476, -155.794, 104.394
5.49108, 33.4998, -201.187
5.99917, 2149.45, 1315.28
5.13062, 19.7883, -75.0402
4.14833, 294.546, 593.147
3.30844, 4257.93, 731.008
6.56633, 160.698, -206.26
4.08004, 260.071, 243.67
4.05369, -330.199, 61.4459
4.65424, 184.227, -73.5687
4.46509, -49.8045, 131.423
4.43916, 499.474, -86.6255
4.34871, -39.4711, 739.37
5.88118, 330.948, 293.926
6.10384, 380.694, 10.6606
7.20082, -1967.41, 631.114
5.08573, 53.6152, -49.7347
5.5282, 440.044, 246.465
5.85049, 1260.66, -1985.67
5.11404, 105.022, 150.562
3.87105, 603.149, -562.725
7.08924, 128.411, -26.8875
3.73367, 94.985, -138.021
4.77876, 356.202, 803.776
3.30374, 31.2588, -241.272
4.68319, 325.051, 45.8007
7.45767, -21.1031, -162.762
6.26931, 2782.54, -2871.41
4.97846, 35.8666, -152.706
7.01651, 165.692, 65.2477
4.68213, -776.906, 128.993
5.09239, 1711.17, -1443.97
4.44866, -1489.55, -2292.52
5.63431, -59.5641, -130.969
5.19331, 15.9814, -178.221
4.35955, -135.39, 828.049
2.54674, -481.8, 27.114
6.3794, 423.765, -3.7973
2.85317, -512.93, -548.313
3.98511, 166.766, 393.07
4.78581, 469.053, 382.009
3.25156, -125.827, -60.2882
5.97819, 206.344, -6.61234
4.15587, -489.848, -517.171
5.21197, -2435.79, 4344.95
2.64678, -2627.28, -1458.46
5.38086, -70.8443, 338.099
5.18133, 620.12, -179.768
7.36678, -273.302, -134.805
5.57063, 146.862, -10.5651
5.26431, 1963.31, -3293.44
6.69051, 1220.03, 166.039
3.75764, 49.2168, -697.652
6.98957, 240.47, -19.4261
5.97428, 231.505, -134.249
5.82752, -192.118, 1956.38
3.06838, 27.8454, -97.7731
3.37987, -1016.25, -792.408
2.91253, -1119.63, 1925.6
6.68103, 216.702, -56.8793
2.64818, 49.4556, 2597.99
6.34719, 550.226, -206.181
4.29829, 253.546, -2730.74
6.24626, 474.944, 43.0155
6.28385, 233.918, -82.2852
3.60834, 2225.94, -986.904
5.58305, 147.37, -176.187
3.66846, -291.313, 95.9214
6.22052, 22.34, -2686.82
5.80997, -423.707, -844.014
4.9209, -2507.97, 4361.43
2.58972, 836.267, 37.8462
4.98291, 177.463, 95.6548
5.09587, 250.873, -36.8941
4.71395, 718.406, 2537.68
4.14528, -1949.69, 990.127
3.52671, 184.45, -76.2582
7.19863, -86.8265, 1330.52
2.85168, 1102.53, 2232.28
3.30042, 536.858, -569.585
6.70788, 458.813, -755.655
4.13614, 211.057, -349.213
6.85942, 984.732, 161.252
5.99896, 130.622, -82.193
5.52801, -166.975, 128.286
4.77536, 74.1134, -255.263
2.91543, 684.497, 930.298
3.94883, -2571.9, -876.65
6.51009, 346.908, -177.991
6.81821, 56.3981, 271.953
3.81831, -3466.83, 272.996
4.79881, -379.148, -413.248
4.95672, 135.583, -123.422
5.82344, 1326.17, -1963.12
7.31738, 150.638, -340.793
7.23022, 280.454, 62.0263
2.81902, 1416.01, -343.005
5.04829, -904.638, -440.859
6.13222, 416.161, -143.861
5.65882, 155.099, -152.677
3.26658, 401.667, -74.258
5.09652, 718.198, 2540.85
3.52281, 4284.56, -1380.75
6.03231, 433.68, -1.88263
6.05786, -836.686, 4543.66
3.66304, 238.89, -570.098
6.80594, -265.429, 0.889403
2.67122, -833.088, 167.12
6.26587, -299.71, 107.324
4.14789, -208.683, -306.323
4.65309, 3829.07, -907.387
7.33455, 463.282, 384.508
4.05803, -1501.87, -1420.81
5.69762, -4460.03, -6.18607
5.95386, 198.23, -126.22
5.36403, 259.515, 118.313
6.60667, -2427.53, 4335.5
4.21807, -2761.79, 1159.93
5.09387, 367.143, -45.2632
6.78438, 141.341, -241.906
6.18587, 569.742, 1057.54
3.45992, -127.939, 109.505
2.83145, 213.792, -112.388
3.60828, -3233.74, 2017.93
3.33656, -30.3024, -146.573
6.31172, 211.134, -169.059
5.44905, 1255.37, -1751.84
4.65223, -4653.61, -404.285
7.09618, 1637.45, -198.57
5.09668, -571.002, -1130.54
7.38058, -213.014, 81.3509
5.15714, 215.113, -350.98
2.98716, -974.753, 1015.06
5.83983, -543.75, -603.239
5.44444, -554.869, 2226.2
5.01137, 324.995, 116.879
2.75808, 779.471, 1065.41
2.6753, -65.0264, 172.96
4.41484, 118.708, -151.731
5.55555, -1995.06, -2372.71
5.06574, -4655.43, -401.868
5.98498, 58.7226, 205.351
4.89891, 330.532, -117.085
3.88323, -4677.04, 66.9507
6.01685, -194.971, 2404.18
3.67701, -12.8181, -47.5355
6.41501, 3.08051, -17.4121
6.60589, 1231.9, 213.53
3.21842, 2875.19, 2611.05
5.75757, -8.9375, 25.1504
3.87677, -574.609, -1320.95
7.26215, 2136.21, -1097.76
4.58238, 110.139, -273.789
3.03869, -349.516, 0.390206
4.70633, 151.119, -36.2068
6.28811, 6.1898, -396.093
2.77803, 206.065, -204.841
3.51241, 220.421, -98.6273
6.82305, 0.117305, -165.872
6.52456, 61.2768, 11.2835
2.78861, 477.014, 1740.31
4.40304, 172.493, 57.6491
4.56124, -168.989, -295.848
2.80071, 525.192, 18.7071
7.09746, -1114.06, -1068.09
3.35398, 264.216, -46.1165
6.51634, 0.136995, -4.86071
3.88599, 1358.58, -470.588
4.44586, 235.811, -101.819
7.19936, -1703.78, 664.77
6.24573, 139.987, 2435.98
3.44774, 3037.92, -3236.35
6.89581, 64.1344, -70.9598
6.8953, 110.287, -62.6348
3.30515, -17.9876, -835.974
5.87346, 954.316, 399.606
6.89096, 79.4486, 30.8978
6.98262, -679.864, 3013.39
3.06535, -32.8488, -306.9
5.93789, -849.952, -804.371
3.21651, 724.616, -264.608
3.6901, 151.699, -78.0348
5.64383, 2397.37, -1622.75
4.312, 191.947, 34.7607
4.64437, -1481.2, -1332.6
4.91936, 1384.01, -1533.07
6.20379, 40.0886, 993.45
3.23098, -58.5709, 59.4253
7.36238, 265.285, -48.9565
7.3158, 78.6507, -135.01
3.14741, 2229.68, -1421.59
5.3784, -51.1988, -32.9659
4.66439, 449.957, 346.921
5.50066, 214.185, 57.9977
5.85098, 106.659, 130.955
4.5137, -2539.42, -830.939
6.46691, -1566.9, -1418.87
4.89889, -2808.61, 1539.58
5.72449, -639.706, 690.122
4.28836, 4391.5, -720.033
5.96794, 164.728, 125.693
5.83428, -187.452, -192.347
3.22071, 230.906, -25.8685
7.10415, -118.43, -23.7019
4.22228, 992.283, 3152.99
6.66824, 183.575, -16.6522
2.74349, 108.99, -230.487
3.27936, 1112.21, -1663.01
2.55765, 162.061, -163.678
3.94327, 152.069, -95.8548
5.07295, 545.237, -512.264
3.65948, 792.877, -2902.46
2.75022, 611.138, 470.89
5.33091, -26.5, -37.9722
6.69774, -113.521, 368.869
4.28763, -351.658, -409.465
4.3452, 76.3125, -747.208
7.22226, 155.059, -19.561
4.72425, -1467.4, 197.778
6.82086, 305.821, -29.0623
5.82654, -5.18161, 744.786
5.79297, 323.24, -328.43
7.10736, 2241.5, -1670.85
5.11536, -2609.48, 2156.4
5.45229, 263.715, 460.574
5.79944, -282.398, -2279.99
4.24765, -1508.77, 987.978
4.11714, -54.3665, -59.8828
7.08984, 49.1086, -376.501
3.08619, -3817.56, 1363.08
7.31268, 449.246, -155.011
5.17978, 61.4594, 146.065
5.81447, 1164.41, 490.553
5.48362, -3866.73, 1810.76
6.93363, -316.28, -1099.9
6.67999, 302.984, 78.3404
6.69339, 223.491, -76.0263
6.85642, 373.906, -345.143
2.5002, -156.339, 1937.77
4.77274, -576.891, -1878.84
4.25696, 1687.24, 61.2659
5.80713, 3813.36, -3012.31
6.22234, 782.962, -171.433
3.3821, -832.119, -3422.79
7.4621, -1133.94, 1389.38
5.95466, -563.472, 72.8107
6.97862, 315.121, 277.215
3.51579, -1185.64, -302.379
7.2356, 63.8997, -225.063
4.88476, -3656.41, 1909.62
6.78578, -3237.15, 2017.08
6.41237, 603.562, 255.192
5.70687, -2530.64, 2453.27
3.14521, 361.218, 742.559
5.77944, 187.085, -153.423
3.09199, 51.445, -164.05
3.88793, 2308.96, 535.869
6.65548, 242.335, 2181.76
6.14153, 3016.55, 3861.53
6.74348, 3360.64, -2508.35
3.43989, -819.072, -380.664
6.09602, 127.06, -160.874
4.25586, 184.572, -188.216
3.34555, 86.9736, -106.763
4.52383, -3569.65, 449.469
4.20924, 47.6606, -29.3547
6.67141, 249.898, -291.377
3.9111, -2712.27, -4396.48
5.16766, 2755.64, 1659.71
6.25085, 775.267, -1379.07
4.62554, -210.241, 102.329
4.66964, 1338.62, -16.8795
3.03022, -2817.37, -1829.44
6.4639, 265.167, -6.82474
3.91232, -271.516, 283.314
7.14264, 3001.69, 4434.08
5.37926, 124.304, 123.513
3.4895, 223.768, 256.915
5.99081, -183.86, -204.994
3.07265, -527.005, 28.2319
4.22945, 68.6307, 594.849
4.15646, 250.884, -298.041
6.42735, -3921.17, 1797.66
6.65775, 381.763, 10.8206
4.21712, 770.433, -355.012
4.2603, -574.487, -98.3734
6.38197, 31.0518, 239.647
6.58658, 814.301, -342.274
4.26157, 270.63, 428.152
7.09559, 225.718, -93.8174
3.2877, 356.488, 134.351
5.56029, 900.662, -50.6445
5.54222, 194.407, -119.153
3.16647, 2243.34, 2435.18
3.51409, 2777.98, 3852.76
4.79457, -286.875, 105.422
3.48759, -682.038, 1266.9
6.77118, -33.4948, -237.124
6.54562, -10.8179, -159.317
2.80131, 1928.9, -1449.85
6.50584, 1242.41, -3603.87
5.49597, 257.667, -365.607
7.43182, 68.7512, 32.3496
2.65919, -907.932, 282.545
6.8356, -2415.85, 2927.51
3.69109, -498.579, -412.626
3.6127, 1030.87, 573.728
4.73907, 4851.24, 2257.46
2.61231, -140.059, -288.41
6.79755, 187.427, -160.359
4.15902, 452.111, -3245.59
5.72195, 856.015, -199.959
7.43521, -335.01, -57.6868
5.30162, 322.28, 89.3089
4.74553, 153.323, -227.818
5.213, 218.148, -187.915
2.90797, -934.786, 369.259
3.99606, 1419.74, 2218.04
6.63964, -2865.93, -549.142
6.48936, -3048.45, 1233.89
5.71048, -170.862, 114.337
4.84105, 28.5568, -256.902
7.15326, 590.056, 1791.49
5.08798, -35.7343, 167.99
7.42924, -3162.12, 2011.24
5.94567, 203.051, 223.234
6.19966, 275.006, 419.172
3.46323, 1228.31, 1186.73
6.08881, 2210.9, -1423.41
6.11146, 1117.84, 232.84
6.49298, 116.186, 60.8132
4.23216, -3693.31, 284.633
5.1481, -1046.56, -485.572
3.19001, 1125.83, -706.635
6.73218, -8.75354, -138.913
6.32766, -737.56, -505.077
7.5, -3916.92, 1811.72
4.24891, -5428.2, -1824.07
5.50367, 970.436, 14.4455
3.50808, -316.311, 2690.68
6.2385, -2686.14, 454.733
6.49225, -301.233, -248.552
3.03505, -379.676, -649.497
5.35813, 104.257, 4.92233
2.84683, -3762.5, 1295.99
4.16036, 328.831, -393.241
5.80945, -27.5437, -215.213
5.27726, 383.209, 2936.01
7.12415, 70.4218, -438.552
2.69832, 211.929, 2134.36
2.62083, 966.208, 1123.18
4.61923, 316.226, 142.641
4.36987, -849.624, -13.5704
2.93303, 2554.54, 2509.36
3.05403, 400.833, 193.369
5.31992, -3493.01, 114.191
7.37269, 164.669, -68.9697
3.05066, 29.497, -2891.42
5.99352, -2311.87, -2552.95
2.79674, 221.088, 1135.5
4.69755, -288.743, 166.085
5.24651, 652.951, 299.84
3.45129, -109.019, -51.3113
7.36597, 439.282, -1.11846
3.19593, 175.607, -60.1893
5.48978, -2350.81, 298.163
7.12812, 63.3435, 100.819
3.91116, -582.343, 102.813
6.8307, 27.3552, -232.734
6.29598, 918.93, -1254.73
6.10793, 419.677, 48.338
3.34241, -76.3921, -623.859
3.32882, 701.432, -1940.73
3.39076, 306.092, -145.461
5.87226, 143.455, -247.871
4.83484, 479.072, -182.444
6.85219, 373.567, 303.61
5.76023, 227.675, -179.71
5.80464, 1161.8, 482.361
2.58037, -228.02, 597.519
4.30596, 4163.28, 2406.97
3.72747, 231.467, -610.049
6.93086, 557.406, 885.389
5.23701, -5242.28, 87.8629
6.57209, -305.69, -469.912
5.24453, -833.491, -142.803
4.16156, 1.24942, 71.1817
4.40213, -1423.82, -2482.78
2.52389, 962.328, 176.011
6.95226, 17.3728, -112.802
6.16955, 591.444, 179.942
6.04239, -602.638, 261.887
5.1278, 1603.14, -2078.39
6.41065, 166.738, -149.12
3.42484, 115.206, 77.782
5.72673, 210.844, -48.2792
3.42178, 238.949, -95.7731
3.31214, -1201.16, 628.727
2.65594, 1236.51, 1129.03
7.42716, 170.062, -86.3534
4.04559, 139.068, 32.1856
4.11075, -529.321, 43.7974
5.51155, 179.594, -79.0143
2.89107, 3919.46, -633.397
3.93936, 364.528, 257.796
5.79307, 379.989, -793.041
7.36348, 482.828, -16.0053
7.27758, 2937.25, 1133.47
7.42745, 113.048, -154.402
7.30478, 124.478, -90.981
3.0073, 332.592, 606.805
3.71505, 944.166, -256.935
6.91151, -329.655, 64.7095
5.28805, -49.0777, -125.821
6.7669, 217.657, -26.9255
7.49145, 216.799, -46.8557
3.99751, -3335.08, 1509.05
6.33157, -5987.49, -1991.74
4.81901, 377.353, 168.691
6.8168, 723.886, 101.888
6.99018, 74.1774, -92.3607
7.377, -311.947, -157.673
2.77405, 287.772, 124.544
6.32605, 469.715, 66.234
5.09219, 1285.8, -1923.4
3.46574, 29.7498, -403.39
6.98252, 60.3907, -551.084
6.38492, 421.936, 30.1969
2.75968, 523.354, -364.776
7.47331, 1329.98, -1989.28
5.93659, 123.871, -231.022
5.94854, 1177.41, 525.194
6.57666, 2217.47, -988.312
7.05426, 441.918, -205.466
3.34218, 1792.05, 3698.17
5.24183, 2183.15, -1548.1
6.53351, 82.1469, 18.7682
4.17803, 354.83, 34.7957
5.53435, -494.823, -103.482
6.59602, 1110.09, -1856.23
7.3485, 320.565, 115.012
6.29349, 261.668, 139.771
3.72113, 175.896, -55.0632
5.80589, 239.177, -69.1301
4.21574, 954.307, 353.8
7.27146, 47.29, -184.256
2.60828, 2065.49, -2506.87
4.54979, 661.961, -174.764
2.55789, -2686.14, 2787.46
3.04964, 287.982, 743.472
5.28259, 701.541, -942.57
4.45466, 196.839, -61.0096
7.20539, 120.931, 83.1539
2.55572, 429.83, 204
6.22897, 479.132, -1232.92
3.84293, 365.37, 74.6976
4.27153, 194.133, -416.848
3.45835, 4372.12, -4477.04
5.14832, 548.505, 403.629
4.39478, -692.654, -3816.64
3.16407, 66.5318, 25.2557
4.26563, 299.742, 88.7773
4.2497, -3723.31, 1883.55
7.41084, -1954.86, -1345.36
5.25961, -481.126, -213.253
4.99918, -1807.54, -484.16
3.58531, 1330.63, -2002.89
4.37311, -274.663, -249.992
6.78251, 2284.69, 2020.12
6.45578, -2136.83, 4298.77
3.9204, 2194.95, -2667.33
5.07645, 840.057, -71.4153
6.79238, 227.509, -40.6588
7.07844, -120.026, -68.9202
7.48941, -1562.37, -1417.09
6.53177, -296.869, 185.292
5.22718, 624.059, 369.422
7.3461, 121.612, 576.594
5.31931, 1121.6, -14.5532
4.03031, 322.436, -1004.85
5.41853, -84.8769, -46.0631
2.91197, -117.009, 342.225
5.47382, 337.236, -87.1831
3.31968, 2025.29, 3794.64
6.46527, -196.093, -659.917
2.95373, -666.739, 1256.92
6.3072, 91.8606, 245.058
6.83996, 124.661, -34.5897
6.40105, 246.616, -14.1821
6.61399, -1716.76, -337.795
6.70974, 223.459, -232.414
4.48328, 215.637, 33.2323
6.508, 184.999, -97.5143
6.56811, 163.229, -68.7994
5.43493, 621.646, 1309.11
4.64621, 235.347, -268.183
2.5002, -463.579, 278.314
5.31153, 268.851, -70.7537
6.22632, 255.226, -381.666
3.89846, 2567.97, 1468.2
2.93406, -552.784, -3548.58
3.5733, 204.841, 73.4907
3.93296, -383.376, 33.1409
4.86595, -495.732, -50.5988
6.95893, -1545.6, -1344.16
5.91955, 292.235, -113.333
3.54376, 93.1417, -3.5929
6.67533, -63.5214, 12.3782
7.09218, 550.25, 457.475
4.48244, -186.807, 118.233
6.37858, 1501.53, 379.017
5.68161, -244.336, 106.886
6.64746, 316.003, 116.929
3.40204, 284.894, 174.312
7.45927, 193.243, -60.1231
6.70558, -7.95569, 84.2172
4.65177, 642.359, 8.33648
4.38589, 321.371, 21.1677
2.70802, 75.1091, 21.2905
6.80715, -442.05, -691.933
6.62116, -3169.6, 2089.99
6.25052, 1292.24, 1241.79
3.55801, 451.315, -438.721
4.31029, 87.0131, 218.994
4.43545, 286.49, -41.5001
7.32918, -2488.06, -1589.61
6.5872, -37.9821, -155.532
4.5755, 47.7586, 21.1669
5.83759, 73.2955, 584.431
2.52101, -3123.89, 3119.58
6.98048, 181.862, 91.2263
3.68416, -29.3519, -168.318
3.79415, -476.781, -2.22178
5.4939, -305.414, -203.868
6.89823, -719.558, 11.5047
6.16299, 154.319, -188.939
6.0773, -331.893, -72.0061
3.57724, 4495.15, -204.265
6.30413, -3141.71, 2456
3.85351, 563.365, 205.56
2.75246, 60.1422, -129.082
4.78866, -1220.71, 513.161
2.58759, 155.258, -445.072
3.01129, 4408.03, -2860.48
2.639, 1399.72, -773.959
5.65921, -40.4584, 281.839
6.34425, 229.754, -104.982
2.74132, 61.5975, -7.18661
6.6924, 532.945, 880.213
6.76899, 94.0424, 44.1966
6.57649, -97.1864, 260.921
6.85188, 214.635, -3246.91
5.27222, 24.3491, -116.295
6.12646, -1.0129, 1139.98
3.20424, -3416.62, 2745.84
6.6115, 305.605, 77.7933
5.51185, -1992.08, -2375.02
4.93856, -18.9069, -68.8357
6.14942, -449.11, -277.01
4.05164, -1617.62, 902.794
3.93925, -174.419, 468.202
5.45857, 1765.32, -2158.69
5.34055, -2336.78, 1270.67
5.41059, 2199.68, 1616.52
2.84132, 11.0404, 194.553
4.34304, -1571.57, -104.264
6.28475, 413.293, 47.4084
6.35297, 748.343, 2322.88
4.27217, 58.1437, 602.564
5.98913, 232.346, -178.538
5.08005, 1662.22, 986.026
5.94494, -71.1072, -140.711
6.18066, -1561.59, -1095.26
2.56231, -2056.51, -1589.02
7.16549, -50.1001, 19.7381
5.37826, 593.506, 271.447
3.05587, 133.622, 709.153
4.87388, 119.514, -201.404
3.24247, 1455.27, -161.599
4.22594, -6338.28, -1436.93
7.04476, 186.169, -125.492
4.54571, 2241.94, -948.364
5.96642, 100.625, 20.1621
3.35865, 312.669, 122.656
6.21715, -3430.31, 1239.03
4.16319, 115.117, 18.8717
4.62157, 204.923, -226.598
2.79523, 100.934, 735.238
5.09005, 118.718, -32.3859
5.94425, -80.846, 324.196
5.01149, 305.745, 311.714
6.56617, 177.463, 81.4038
3.07974, 305.387, 95.5297
5.24841, 1137.43, 116.015
5.06046, 7.65008, -129.37
6.02649, -1557.75, -1421.96
5.65083, 161.676, -12.6448
4.0207, 702.995, 492.958
6.74719, 213.788, 43.8002
3.39619, 1129.12, -1828.24
2.61737, 158.065, 104.744
4.19467, 555.638, -52.9571
3.43818, -1630.14, -1193.58
6.60467, 282.722, -134.088
6.72507, 83.4299, 2472.29
6.78031, -2401.49, 1417.53
7.37454, 391.85, -430.204
2.99587, 445.672, 401.207
2.56182, -2827.66, -2199.28
2.58614, 174.865, 111.526
2.64527, -1.90789, 512.031
4.1031, -1530.98, -1547.35
6.17815, -2408.53, 1366.49
3.14876, -305.607, -377.855
2.5161, -1796.37, -304.684
6.91905, 558.819, 116.025
3.70482, 25.2098, 126.728
4.38481, 463.231, 539.212
4.44879, 178.527, 239.606
2.81534, 2671.39, 1024.2
7.30792, 230.011, -55.6537
3.75349, 139.256, 169.289
6.85376, 216.07, 123.611
2.85991, 2144.23, -2951.23
2.70653, 2649.74, -1854.68
3.46378, 82.6304, -256.579
3.86708, -1442.33, -1753.26
7.4007, 177.499, -57.2134
3.60607, 856.961, -3717.78
6.43119, 1266.4, -1985.3
4.42306, 69.8217, 742.67
3.78593, -2203, 2452.07
3.91087, 575.282, -118.478
7.33834, -38.116, -162.449
4.22841, -61.0361, -327.084
3.45922, -261.484, -177.338
5.05037, 363.448, 40.9554
5.21857, 863.949, -3334.05
5.72333, 526.706, 294.127
3.89738, 148.019, 25.7755
3.41887, 401.086, 72.3353
2.71579, 1766.66, -2114.46
3.98408, 353.374, 352.954
4.25548, 1249.99, -588.468
7.09372, 237.422, -17.2283
5.81225, -175.625, -151.024
5.08041, -1493.94, -1332.21
4.03763, 126.175, 112.397
3.0007, 1527.26, 1614.37
3.47502, 126.946, -114.05
4.11407, 2296.08, 2452.9
5.56182, 710.71, 172.28
5.13511, 1738.2, -861.6
3.45653, -366.231, 1005.62
4.7178, 4014.14, 2319.24
4.48693, 4614.58, -899.407
6.28051, 220.362, 265.928
6.6213, -233.06, 205.705
5.51573, 73.9112, -792.743
3.04573, 258.878, -231.101
4.11797, 1980.52, -475.111
5.03403, 170.019, -13.332
4.76521, 150.592, 763.276
4.77315, -180.499, 121.988
4.91125, 183.691, -9.24136
5.07896, -3305.4, 591.936
4.50207, -1685.35, -1026.47
4.22945, -198.89, -395.023
6.64533, 99.1438, 651.905
3.02204, 1939.11, -975.845
6.40057, 236.119, -90.8633
3.19919, 542.782, -18.3819
2.62171, 2771.43, 3192.61
6.0664, -214.46, 1077.67
7.15538, 53.8329, 160.964
7.47667, 42.0011, -274.551
3.86264, 221.197, 194.84
3.6923, -1558.17, 482.504
3.87328, -279.975, -2355.09
5.70836, 346.787, 246.221
5.17637, -124.938, -29.9392
6.8967, -2082.36, 3575.11
6.75968, 257.039, 245.293
2.98004, 193.225, 322.35
4.66818, 174.13, -162.943
3.17045, -450.859, 13.9417
5.86802, 112.089, -30.75
5.34964, -206.532, -513.573
3.66474, 110.872, -1214.56
5.50306, -56.4037, -112.514
2.6551, 442.318, 200.95
7.08512, 85.7457, -225.746
3.82958, 220.994, 280.294
6.50016, 145.48, -182.924
5.46389, 119.151, 145.698
5.0822, -265.737, -47.6998
5.2567, 1042.87, -571.23
3.47225, 29.8941, 2.84592
5.36152, -2194.47, -214.397
3.81992, -476.504, 4650.4
4.41648, 1924.67, -4072.14
2.73626, -310.263, -467.711
4.22823, 74.9414, 64.8587
3.61594, -2227.01, 5170.39
3.81264, 285.109, 149.516
3.05141, 297.742, -129.269
7.40088, 85.4664, -405.8
5.93794, -327.671, -60.3295
5.82158, -226.421, 66.5515
5.99501, 68.6772, -91.8715
2.68746, 169.452, -65.2942
3.6706, 138.442, -43.1284
3.95397, -3893.18, -5866.01
3.50543, 295.015, 97.2093
2.7177, -1933.49, 2802.44
2.56571, 625.747, -227.875
6.07297, 4279.75, -1383.87
6.88348, -325.939, -359.317
5.35088, 1318.39, -2527.69
6.92743, -2159.43, -2406.81
5.20042, -881.356, 82.6387
3.31357, -1474.25, 376.618
3.30492, -2052.46, -1660.88
7.19182, 89.5638, 129.56
3.45628, 225.199, -428.71
3.15761, -2287.91, -91.6564
4.41122, -244.349, 398.639
6.12674, -566.658, 2208.59
2.50651, -4660.44, -401.339
4.60222, 3317.37, -1907.99
5.18984, 517.058, 1.47879
4.86596, -517.376, -498.861
6.33003, 594.111, -649.056
2.9396, -616.054, -224.104
7.04284, 1.61132, -247.573
3.20818, -442.804, 442.743
2.54782, 147.779, 245.055
2.82267, 107.504, -466.662
4.96742, 111.961, 43.7759
5.40914, 213.017, -147.795
4.03373, 2697.24, -4770.48
4.57091, 159.031, 102.83
4.33401, 943.175, 1180.47
3.42687, 275.095, -2051.25
2.76788, -1917.01, -1953.04
4.47222, 82.0444, 40.4593
3.98388, -412.803, -637.462
5.05388, -389.589, -140.729
3.75392, 1663.97, -2795.37
5.01589, -626.226, 1222.72
2.51168, 1036.61, -569.693
7.01807, -3925.15, 1803.48
2.79181, 2535.97, 2469.1
5.17506, 65.7481, 2387.9
3.95754, 2091.52, -971.597
7.3023, 357.12, -221.79
4.73406, -2494.69, -1060.3
5.08479, -21.659, -39.141
5.93861, -362.771, 60.7614
2.72187, 3.57533, 595.052
7.2946, 2733.6, -2031.45
5.70852, 172.783, 140.594
2.80215, 4.92072, -147.784
3.33964, 6.17903, 38.7598
5.76491, 78.3123, 114.239
6.19864, -162.28, 1947.37
3.57011, -462.521, -44.0896
4.31441, 442.161, -1666.81
6.56981, 75.5942, 5.63257
5.32057, 168.085, 0.910177
7.45886, 155.134, -45.309
6.5669, 55.3349, -40.4355
3.49157, 2395.79, -3121.18
2.50003, -67.7134, -4.56509
4.62608, -2410.71, 2914.13
4.07406, 1568.74, 953.259
5.56218, -2660.74, 383.962
3.83351, 127.392, 56.5563
4.39881, 992.065, 610.545
5.43397, 283.842, 58.6215
5.95636, -1037.18, -380.199
7.26736, 0.0704226, -8.07051
4.89785, -208.356, 874.241
3.60319, 321.335, -458.699
5.33741, 772.038, 471.805
6.09873, 153.581, 104.145
4.4953, 1727.81, -97.2257
3.48326, 230.379, -25.1598
6.66971, 318.817, -186.571
5.59561, 201.442, -843.047
7.26866, 95.4589, -191.419
3.23222, 282.511, -217.709
5.38953, 258.639, 12.3544
7.26796, 22.0922, -104.561
3.62331, -3770.07, 1854.23
7.25137, 92.0209, -180.631
3.07874, 1194.35, -564.227
2.58372, 394.89, 275.263
3.90465, -221.915, 551.29
7.15042, 203.294, 15.3234
3.04796, -1024.45, -483.746
6.77266, -306.815, -421.694
5.68532, 520.274, 353.946
5.63853, 327.77, 40.7978
3.80589, -563.617, 1326.18
5.13936, -150.227, 67.1373
7.16608, 1049.79, 547.4
3.98055, -1022.95, 226.792
4.78006, 72.886, -58.2443
6.35659, -681.148, 3298.92
4.17193, -1381.3, -2582.68
6.31775, 37.0601, 59.0949
6.65892, -1697.9, 1771.45
2.64618, 1900.39, -1150.84
4.31315, -313.761, -42.0556
4.16221, 26.7293, -248.519
3.17675, 1376.97, 1174.39
3.00839, 941.231, -2886.97
5.11327, 365.042, -144.856
3.52046, -72.5324, -40.942
5.00728, 266.179, 593.242
5.1371, -3468.91, 2230.76
4.13422, 194.577, 30.2571
4.75888, -192.942, 733.217
6.85263, 771.135, -205.611
4.72884, 179.107, -32.2827
6.03726, 374.294, 36.5198
6.83171, -1566.73, 311.279
6.5822, 631.818, -404.959
2.67504, -2712.78, -1060.46
3.8644, -594.384, 1778.69
5.21858, -964.931, 633.706
3.19942, 2430.73, -453.511
5.57408, 216.581, -147.309
3.29182, -304.632, -51.5468
4.41129, 127.787, -422.342
5.94997, 367.813, 81.9676
3.21128, 2915.57, -35.9765
5.65284, -161.754, 171.051
3.15973, -2359.53, -1370.77
7.13583, 374.618, 307.392
5.53465, 3689.71, -5646.63
5.50388, 137.478, -358.405
3.33635, -157.277, 174.052
3.301, -861.331, 1536.26
5.91628, 63.496, -205.158
5.1456, 135.094, -423.402
3.65264, -1596.53, 890.115
6.55373, 143.205, 95.2838
5.76477, 218.981, -37.9301
4.08597, 350.625, 337.829
2.53953, 240.322, 481.748
3.49176, -81.7349, -533.889
3.78831, 393.595, -58.0229
3.03825, 229.933, 354.862
3.49545, 348.083, 122.355
6.75079, -4021.2, 2163.27
6.63912, 3.40058, -38.6198
6.76813, 246.666, -47.8467
5.71027, 25.307, -179.327
3.6787, -2098.45, 2179.82
6.80638, 265.184, -193.741
5.4745, 247.093, -207.088
2.52745, -1591.48, -1169.88
6.84925, -423.216, -839.908
7.37729, 113.131, 122.755
5.59653, -1548.89, -1345.1
3.85574, 660.875, 91.2648
7.46973, 329.122, -69.4263
4.60751, -1186.62, -245.491
4.20537, -531.381, 69.7741
4.80717, 99.8556, -121.778
4.44822, -822.051, -2275.11
4.613, -3448.24, -683.431
2.84879, 317.495, -324.637
5.5153, -100.734, 89.5147
7.36114, 383.895, -55.3457
5.07406, 65.482, 177.407
7.45461, 76.5054, 91.0735
5.84906, -1782.95, -4258.42
4.01716, 395.189, 317.931
3.47371, -330.932, -65.7951
4.0109, 473.585, 109.844
4.93946, 396.066, -242.464
4.72438, -156.85, -18.8001
5.7844, -338.61, 25.3066
3.74227, 4162.3, 2406.13
4.72007, -1129.63, -986.695
5.75894, -56.3711, -11.23
6.67472, 192.36, 169.389
6.03698, -23.8987, -306.332
4.93928, 34.2422, 295.469
6.72039, -116.321, -334.385
7.00296, 499.133, -490.158
6.33082, -51.5121, 244.229
5.29453, -2.42083, -284.795
2.70603, -430.055, -102.777
5.46749, 873.699, -101.475
2.68674, 108.238, -2915.2
4.53488, 247.09, -17.3396
2.84243, 667, 289.129
7.38558, 282.707, 87.9207
2.5956, 1589.86, 2330.12
6.60363, 192.763, -83.9041
5.2195, 2842.48, -2287.4
5.72828, 687.553, -111.807
3.62934, -385.413, -201.259
2.733, 360.425, 2288.38
3.63154, 32.5436, 633.687
4.58371, 111.644, -1992.73
6.40126, 177.198, -88.9364
3.72852, 1104.52, -1852.85
4.81411, 419.861, -73.1248
6.14756, -132.161, 155.716
5.35237, 3875.02, -528.042
5.45997, -256.804, -633.693
4.98425, -446.653, -307.758
3.951, 7.1861, -151.046
4.71107, 146.862, 421.303
2.53669, -2131.89, 4689.01
7.41683, 63.9613, 8.92239
2.52822, 99.858, 45.5917
4.8676, 1605.31, 666.944
5.86497, 2625.33, 4447.51
