6.27803, 185.955, -66.5226
3.5948, -129.187, -136.034
5.89648, -116.909, 43.1567
5.09708, 60.4458, -141.11
2.76731, -107.273, 142.868
2.53849, 0.866443, -42.1543
4.58743, -161.758, -132.37
7.15218, -59.7213, -25.9004
2.95982, -37.9174, -113.185
6.00595, -11.3687, -153.415
3.81226, -132.499, -94.9495
4.14117, 5.34113, -18.7106
7.45519, 44.8159, 75.7172
7.41275, 131.847, -66.9536
5.75759, -98.8121, -346.612
6.92354, -129.368, 137.081
6.33247, 40.232, 34.7118
3.87453, 231.916, -74.6476
4.93259, 118.864, -65.0815
2.80282, 408.144, 57.467
5.08146, 3.61693, -259.965
4.96988, 302.299, -138.566
7.23882, 158.685, 102.76
4.42071, -6.37018, -36.8022
5.14874, 380.62, -153.077
2.75042, 41.5818, -325.672
6.63909, -42.0728, -201.921
5.94228, 156.613, 129.004
6.18112, 65.5165, -156.919
6.94286, 118.131, 106.521
4.25508, 49.1282, 28.4642
6.72991, -120.636, -96.884
3.84659, -73.9325, -15.0485
4.83959, -185.505, -0.284772
3.2686, 134.482, 58.0079
2.66527, -43.9667, -70.5725
7.2768, 171.043, 225.898
6.95369, -209.856, -202.51
3.29884, 154.874, 22.9031
3.15214, -201.261, 24.571
2.515, -530.405, -8.98131
6.0491, 76.2359, 118.049
3.40448, -408.851, 78.2096
5.76029, -104.154, 55.141
4.42907, -59.4814, 41.5576
3.23766, -168.993, -244.624
5.45054, -26.0042, -113.291
3.24076, -188.31, 163.812
3.2091, -84.2529, -216.227
4.94257, 125.879, 8.17663
3.13015, 60.4595, -68.831
5.64635, 55.9323, 38.0232
5.60817, -130.185, 169.076
4.88216, -206.135, 123.656
2.64188, 14.1908, -64.6177
3.21011, -279.79, 45.4374
3.15594, 5.46146, -153.151
3.31099, -87.1683, 203.776
3.76529, -170.727, 60.4675
4.77654, 54.1643, -63.4801
6.54472, -137.906, -118.95
3.57624, 33.6839, -119.864
3.75063, -78.5798, -258.367
5.02978, -2.06491, -228.618
6.27922, -56.1828, -55.1033
5.66369, 20.1507, 201.527
5.9449, 129.79, 56.6772
7.27207, 47.7479, -34.6817
5.18713, -366.096, 206.289
4.57014, -47.6609, -138.454
4.70019, -76.4568, 26.1544
6.07821, 124.081, 98.4675
6.20858, 160.472, 165.448
5.12494, -22.8715, -100.451
6.06711, 28.8667, -57.7519
5.91025, -97.4366, -141.196
6.82941, -108.128, 129.671
3.19597, -199.892, 49.0451
3.57766, -281.039, 89.1526
5.0733, 134.04, -13.8203
4.83766, 0.562792, -224.622
3.55759, -185.749, 278.629
5.65244, -78.0309, 77.168
2.5044, -107.878, 126.645
4.09589, 175.026, -653.992
5.90281, -25.762, -129.081
6.0446, -98.061, 98.6654
2.90869, -54.8068, 146.287
3.56926, -4.98248, -143.193
4.44412, 183.089, 81.1371
4.44927, 15.638, -62.6788
3.92018, -28.3644, 49.4304
4.6123, -98.8966, -187.574
2.55658, 30.1492, 27.3926
3.72027, 203.827, -181.128
4.49072, 31.1831, 166.35
6.64177, -59.6594, -15.9994
3.78584, 54.1582, -90.8946
3.59705, 50.6957, 117.929
6.47385, -115.127, -135.924
5.8476, 87.9858, -370.591
5.49108, 70.9858, 90.779
5.99917, -214.214, -120.347
5.13062, 4.35927, 34.7964
4.14833, 32.8186, 54.6331
3.30844, -565.278, 95.5063
6.56633, 7.12404, -89.3075
4.08004, -169.612, -136.002
4.05369, -18.5927, -19.3912
4.65424, -77.6352, -86.0892
4.46509, -72.1421, 136.01
4.43916, -105.948, 15.9054
4.34871, 107.172, -8.02508
5.88118, 55.4445, 102.977
6.10384, -210.051, -129.066
7.20082, 221.913, -49.7816
5.08573, 32.3136, -2.08083
5.5282, -32.9063, -169.279
5.85049, -111.225, 104.637
5.11404, -89.0438, 6.20884
3.87105, -91.7941, 18.2568
7.08924, -20.9529, -158.266
3.73367, -85.7152, -49.0412
4.77876, 54.5777, -340.731
3.30374, -44.1485, 42.0983
4.68319, 163.709, 335.33
7.45767, -158.8, -11.779
6.26931, -270.384, 245.33
4.97846, 136.507, -80.6991
7.01651, 113.713, 9.29376
4.68213, -94.8386, -190.541
5.09239, -163.633, 18.3131
4.44866, 162.713, 31.1406
5.63431, 76.2511, 8.75322
5.19331, -112.966, -54.6544
4.35955, -213.981, 137.37
2.54674, 94.9031, -150.778
6.3794, -37.1543, 95.6836
2.85317, 278.777, 111.601
3.98511, -83.9504, 53.166
4.78581, -53.6256, 118.034
3.25156, -15.5731, 58.324
5.97819, -215.911, 105.207
4.15587, -194.405, 37.0163
5.21197, 160.043, -262.689
2.64678, 52.8197, 179.137
5.38086, 130.017, 39.0768
5.18133, -75.0423, -36.4408
7.36678, 98.7744, -73.2349
5.57063, 31.5726, -12.8553
5.26431, -297.592, 189.961
6.69051, 9.93451, -137.667
3.75764, 5.222, -120.015
6.98957, -67.3229, -144.451
5.97428, -184.868, 67.0437
5.82752, 118.348, -174.135
3.06838, 177.446, 98.928
3.37987, 125.887, 571.342
2.91253, 70.3482, -562.79
6.68103, 152.176, -176.523
2.64818, 222.513, -771.911
6.34719, -24.4572, -17.1277
4.29829, -43.7826, 213.294
6.24626, -109.853, 10.2104
6.28385, -70.9714, -25.5887
3.60834, -365.474, 123.481
5.58305, 121.219, 65.9169
3.66846, 63.9406, -69.6267
6.22052, -18.8239, 289.348
5.80997, 129.137, 96.3856
4.9209, 176.162, -266.781
2.58972, -294.05, 286.038
4.98291, -27.1249, -113.044
5.09587, -52.4895, 21.6109
4.71395, 120.503, -158.372
4.14528, 344.607, -28.6947
3.52671, -214.094, -7.23407
7.19863, 49.2225, -147.617
2.85168, 83.9271, -226.609
3.30042, -33.9829, 327.924
6.70788, 55.8627, 21.5243
4.13614, -5.04643, -12.689
6.85942, 123.287, -400.671
5.99896, 55.8271, 53.7225
5.52801, -100.356, -14.8709
4.77536, -126.967, -134.4
2.91543, 358.052, -451.189
3.94883, 270.451, 172.596
6.51009, 167.396, 54.9125
6.81821, -139.796, -74.6804
3.81831, 48.3553, 118.089
4.79881, 83.4832, -62.4595
4.95672, -89.1766, 142.504
5.82344, -116.173, 120.406
7.31738, 126.473, -71.6199
7.23022, -119.459, 35.6585
2.81902, -61.5878, 158.452
5.04829, 110.068, -46.3906
6.13222, 32.9335, 67.9972
5.65882, -205.853, 27.8725
3.26658, 42.1331, 31.5137
5.09652, 120.491, -163.03
3.52281, -123.263, -7.16047
6.03231, -52.0021, 69.9658
6.05786, 103.536, -110.947
3.66304, -13.2145, -4.26795
6.80594, 64.7545, 44.5039
2.67122, 151.958, -435.29
6.26587, -5.23825, -27.7023
4.14789, -10.2317, -13.8446
4.65309, -237.847, -46.9508
7.33455, -195.041, -148.51
4.05803, 179.066, 244.791
5.69762, 172.936, -139.701
5.95386, -37.3985, 11.1646
5.36403, -32.9045, 149.706
6.60667, 159.054, -246.907
4.21807, 124.161, -129.939
5.09387, 20.0655, -26.3864
6.78438, -218.623, -97.6665
6.18587, -168.953, -163.403
3.45992, 104.405, 33.2916
2.83145, 16.7565, -234.893
3.60828, 86.857, -169.32
3.33656, -1.57905, -85.7312
6.31172, -18.1911, -1.21565
5.44905, -108.535, 163.146
4.65223, 79.3077, -3.51134
7.09618, -122.546, 122.293
5.09668, -136.314, -223.454
7.38058, 104.014, -109.791
5.15714, 1.74617, -16.5847
2.98716, 97.8647, 536.939
5.83983, -110.423, -140.626
5.44444, 18.575, -133.78
5.01137, -15.2472, -71.2089
2.75808, -108.744, -510.004
2.6753, -195.242, 49.785
4.41484, -11.9718, -80.4802
5.55555, 129.894, 174.74
5.06574, 70.8778, -78.7497
5.98498, 49.1287, 52.5442
4.89891, 77.4647, 97.5243
3.88323, 195.722, 5.38573
6.01685, -32.8419, -265.138
3.67701, -25.0919, -160.929
6.41501, -18.1725, -111.247
6.60589, -17.3464, -139.973
3.21842, -204.799, -390.301
5.75757, -128.752, 64.656
3.87677, -28.2308, -56.4835
7.26215, -372.014, 529.038
4.58238, 31.4207, -113.166
3.03869, -59.8239, -242.627
4.70633, -69.0611, 38.5126
6.28811, 37.4635, -57.3545
2.77803, 56.7154, -13.4923
3.51241, 0.825267, -95.2982
6.82305, 34.57, -126.004
6.52456, -19.048, -12.0642
2.78861, -132.708, -262.068
4.40304, -41.7684, 12.4981
4.56124, -3.53038, -143.995
2.80071, 145.217, -145.216
7.09746, 128.205, 78.3338
3.35398, -6.94079, -5.13659
6.51634, 5.52083, -48.8434
3.88599, -74.1441, -90.0992
4.44586, -530.172, 291.58
7.19936, 40.0934, -128.059
6.24573, -52.5949, -257.734
3.44774, -350.868, 442.082
6.89581, -67.8517, -155.703
6.8953, -28.6543, 95.3158
3.30515, 26.9165, -140.23
5.87346, -12.1585, -97.5021
6.89096, -24.2702, -143.373
6.98262, 15.1415, -209.466
3.06535, 31.7927, -176.858
5.93789, -6.8388, -168.854
3.21651, 149.135, 31.5536
3.6901, -120.256, -92.5963
5.64383, -239.696, 161.124
4.312, -74.0524, -257.136
4.64437, 134.811, 84.7945
4.91936, -325.611, 144.336
6.20379, 74.2172, 98.2852
3.23098, -156.439, 56.1321
7.36238, 33.456, 50.2961
7.3158, 126.931, -72.1296
3.14741, -412.757, 493.745
5.3784, 99.3499, 58.9803
4.66439, 59.7758, 479.058
5.50066, 17.1335, -64.6765
5.85098, -74.0123, -91.1062
4.5137, 284.047, -88.9732
6.46691, 131.48, 102.16
4.89889, 145.531, -92.8269
5.72449, 42.4209, -185.94
4.28836, -363.286, 80.1413
5.96794, -9.15677, -120.513
5.83428, 127.288, 65.5805
3.22071, -15.3447, 19.3368
7.10415, -81.8603, -37.7993
4.22228, -30.5297, -55.3808
6.66824, 30.8674, -17.2753
2.74349, -120.747, 136.147
3.27936, -497.643, 357.722
2.55765, -166.009, -37.5551
3.94327, 17.0101, -175.091
5.07295, -100.133, -47.3016
3.65948, 6.31086, 125.91
2.75022, -132.967, -53.5947
5.33091, 25.3273, -14.1335
6.69774, -0.648161, -163.176
4.28763, 7.74283, 99.5123
4.3452, -21.4933, -228.546
7.22226, -162.623, -127.104
4.72425, 27.1909, -135.182
6.82086, -137.466, 29.5805
5.82654, -95.1332, 77.1045
5.79297, 109.153, -261.639
7.10736, -192.822, 131.931
5.11536, -2.4676, -74.7551
5.45229, -121.523, 54.0017
5.79944, 42.3868, 208.195
4.24765, 15.6647, -189.331
4.11714, -50.259, -82.6696
7.08984, -23.8071, -153.034
3.08619, 295.822, -213.706
7.31268, -50.7341, -93.4886
5.17978, -21.0118, 29.4955
5.81447, 104.087, 88.013
5.48362, 279.468, -221.74
6.93363, 260.001, -36.9563
6.67999, 65.1254, 49.0086
6.69339, -111.499, -134.045
6.85642, 62.0227, -65.6332
2.5002, 188.422, -194.249
4.77274, -121.311, -25.9445
4.25696, 24.5936, -22.2483
5.80713, -252.848, 172.851
6.22234, -85.8238, -2.76193
3.3821, 57.1191, 93.8105
7.4621, 87.0055, -134.908
5.95466, -99.6509, 16.974
6.97862, 74.3657, -32.4506
3.51579, 450.203, 327.293
7.2356, 178.931, -199.232
4.88476, 284.217, -204.555
6.78578, 89.3025, -155.653
6.41237, 142.617, 73.8796
5.70687, 15.0288, -174.053
3.14521, 137.894, -93.9253
5.77944, -62.2316, 151.249
3.09199, -91.7161, 18.2443
3.88793, -265.895, -39.8548
6.65548, -94.3638, -116.235
6.14153, 85.6788, -24.64
6.74348, -294.556, 180.782
3.43989, 11.2994, 256.541
6.09602, -5.43781, 62.5722
4.25586, 54.4115, -106.844
3.34555, 213.459, 18.2345
4.52383, 360.27, -77.75
4.20924, 110.127, -119.561
6.67141, 85.9441, -19.8294
3.9111, 148.426, 241.919
5.16766, -574.616, -270.416
6.25085, 76.8678, -203.75
4.62554, 101.033, -11.2794
4.66964, -111.445, -23.0988
3.03022, 98.1971, 103.722
6.4639, 49.2248, 36.8113
3.91232, 55.7251, 141.345
7.14264, -96.4481, -309.5
5.37926, -21.7658, -157.925
3.4895, -104.541, 66.7306
5.99081, 21.5719, -60.8528
3.07265, 312.432, 230.269
4.22945, -151.461, -95.5101
4.15646, 39.7866, 16.7591
6.42735, 297.967, -198.013
6.65775, -64.7572, -214.08
4.21712, -131.64, 8.08064
4.2603, 94.1371, -131.292
6.38197, -18.6, -22.5568
6.58658, -19.2975, -173.543
4.26157, 249.269, -264.528
7.09559, 116.547, -36.0763
3.2877, -146.472, -74.0437
5.56029, -177.848, 89.3626
5.54222, -65.8244, -45.0976
3.16647, -50.802, -87.2747
3.51409, 126.454, -36.0637
4.79457, -38.5717, 16.9972
3.48759, 223.931, -46.4503
6.77118, -108.341, 38.7484
6.54562, 230.527, 25.4249
2.80131, -69.143, 93.2454
6.50584, -39.7332, 233.242
5.49597, 64.7033, 11.0789
7.43182, -6.72843, -5.73044
2.65919, 130.556, -158.035
6.8356, 58.1486, -179.327
3.69109, -50.7059, -26.9123
3.6127, 550.362, -320.808
4.73907, -176.365, -39.5242
2.61231, -192.785, 156.335
6.79755, -24.1225, -13.5929
4.15902, 321.729, -667.472
5.72195, 112.307, 137.029
7.43521, 142.486, 94.105
5.30162, -68.6183, 172.029
4.74553, 214.868, -18.4379
5.213, 30.8046, 105.321
2.90797, -3.71627, -100.24
3.99606, 457.361, -20.1897
6.63964, 90.3536, -12.4897
6.48936, 362.777, -82.2225
5.71048, -15.2799, -161.652
4.84105, 61.5453, 82.8905
7.15326, 38.859, -59.7667
5.08798, 23.0486, 83.0057
7.42924, 85.5947, -152.873
5.94567, -63.4416, 80.4993
6.19966, 68.6745, 1.39344
3.46323, -334.617, -193.536
6.08881, -180.334, 81.3133
6.11146, -108.46, -104.214
6.49298, 70.1082, 33.428
4.23216, 299.998, 36.8078
5.1481, 14.5495, -140.109
3.19001, -202.698, 161.092
6.73218, 69.7562, -32.6102
6.32766, -48.6216, 52.7221
7.5, 292.571, -205.676
4.24891, 222.373, 88.4167
5.50367, -160.592, -13.0604
3.50808, 65.6305, -49.3393
6.2385, 214.025, -51.6774
6.49225, -191.458, -141.879
3.03505, -780.517, 460.124
5.35813, 50.0802, -20.5729
2.84683, -103.534, 131.199
4.16036, 32.0266, 61.0573
5.80945, -47.635, -14.3973
5.27726, -82.5923, -186.374
7.12415, -42.9651, -141.83
2.69832, 60.7522, -481.749
2.62083, 35.1848, 76.0171
4.61923, -284.642, 137.216
4.36987, 15.7111, -57.6463
2.93303, -297.336, -255.13
3.05403, -15.8692, 60.2906
5.31992, 338.99, -158.373
7.37269, -32.4619, -207.732
3.05066, -31.1118, 115.73
5.99352, 10.544, -178.366
2.79674, -94.7361, -124.783
4.69755, -153.683, 55.9874
5.24651, 73.1662, 106.055
3.45129, -135.673, 76.9771
7.36597, 81.3911, 17.1877
3.19593, 118.236, -52.3796
5.48978, 250.734, -270.181
7.12812, 25.291, 2.51438
3.91116, -8.19709, -169.034
6.8307, 67.601, -76.7883
6.29598, -95.3399, 6.44184
6.10793, -105.863, 9.88058
3.34241, -0.687036, -168.653
3.32882, -63.4569, 421.862
3.39076, 118.873, -58.8233
5.87226, -53.7352, 53.6477
4.83484, -48.8178, -11.225
6.85219, 31.1394, -1.33725
5.76023, 103.023, 77.6139
5.80464, 121.472, 102.785
2.58037, 296.661, 117.624
4.30596, -31.2094, -40.7468
3.72747, -245.816, -282.026
6.93086, 224.356, 20.9319
5.23701, 157.372, 18.7326
6.57209, -121.944, 39.9733
5.24453, 113.224, -203.611
4.16156, 10.6208, -218.967
4.40213, 126.153, 120.438
2.52389, 251.61, 97.3334
6.95226, 92.137, -21.2105
6.16955, -135.7, -1.72341
6.04239, -35.94, -154.285
5.1278, -231.982, 142.915
6.41065, -26.7108, -12.6165
3.42484, 95.4907, -138.744
5.72673, -73.6253, -99.6811
3.42178, 50.3232, -51.4026
3.31214, 301.91, -127.379
2.65594, -332.554, 72.4653
7.42716, 10.0886, 62.9662
4.04559, 32.0371, -45.9705
4.11075, 80.1041, -16.4448
5.51155, -42.9465, -102.325
2.89107, -312.426, 43.1127
3.93936, 113.665, -159.731
5.79307, -163.9, -2.51244
7.36348, 35.1564, -8.02618
7.27758, -410.514, -246.479
7.42745, 69.978, 42.2411
7.30478, 254.13, 117.422
3.0073, -37.0927, 44.5865
3.71505, -91.4345, -132.726
6.91151, -11.0369, 36.808
5.28805, -86.1949, -108.922
6.7669, 8.34607, 8.21515
7.49145, -118.157, 112.977
3.99751, 37.5594, 306.96
6.33157, 166.837, 102.698
4.81901, -125.541, -0.916594
6.8168, 127.021, -6.95131
6.99018, 17.425, -104.352
7.377, -11.1211, 83.7952
2.77405, -194.928, -4.41054
6.32605, 109.34, -79.7399
5.09219, -103.181, 158.954
3.46574, -168.925, -205.952
6.98252, 50.6027, -38.8776
6.38492, -66.7474, -41.8672
2.75968, -60.6979, 28.2544
7.47331, -98.5888, 185.087
5.93659, -30.935, 23.5762
5.94854, 99.5741, 86.4471
6.57666, -194.685, 89.4398
7.05426, -57.7627, -69.6976
3.34218, -119.829, -42.2296
5.24183, -364.444, 80.9668
6.53351, 44.5146, -48.7484
4.17803, -68.2007, 119.907
5.53435, -66.1665, 33.0592
6.59602, -102.995, 164.243
7.3485, -137.231, -130.583
6.29349, 4.30455, -87.7182
3.72113, -113.414, 8.14548
5.80589, 50.45, -34.1524
4.21574, -625.656, -275.707
7.27146, -26.9856, 2.46325
2.60828, -27.7009, 297.84
4.54979, -102.306, -9.27364
2.55789, 637.836, -93.0041
3.04964, -0.0559623, -138.32
5.28259, -116.564, 86.2776
4.45466, 83.3863, -4.44929
7.20539, 9.94634, -126.033
2.55572, 159.283, -361.358
6.22897, -12.637, -286.499
3.84293, -163.068, -115.343
4.27153, 16.2443, 39.7571
3.45835, -130.759, 88.8648
5.14832, 21.4861, -13.8164
4.39478, 113.092, 155.339
3.16407, -1.08679, -45.2859
4.26563, 123.049, -8.85616
4.2497, 87.5459, -44.6399
7.41084, 130.119, 57.4108
5.25961, -36.1196, 55.4554
4.99918, 88.7744, 110.18
3.58531, -65.4702, 34.1287
4.37311, 58.363, 105.576
6.78251, -631.01, -323.695
6.45578, 173.551, -331.388
3.9204, -198.399, 81.7361
5.07645, -149.847, 123.17
6.79238, -15.9979, 19.8355
7.07844, 40.8047, 94.6588
7.48941, 13.0503, -145.596
6.53177, 190.151, 155.16
5.22718, 94.5084, 89.283
7.3461, -114.065, 245.506
5.31931, -51.5077, 4.46364
4.03031, -158.11, 44.7563
5.41853, -169.938, -63.202
2.91197, -26.7388, 4.58178
5.47382, -104.361, 1.37525
3.31968, -233.385, -412.841
6.46527, 215.678, 71.0959
2.95373, 238.221, -192.157
6.3072, 172.57, -96.2935
6.83996, -14.7583, -32.2499
6.40105, -102.591, -42.2406
6.61399, -70.0771, -163.588
6.70974, -74.4695, -52.6914
4.48328, -170.52, -107.566
6.508, -32.4606, -79.6225
6.56811, -99.3101, -126.68
5.43493, -84.7114, -126.099
4.64621, -14.8206, -56.6915
2.5002, -213.257, 72.3645
5.31153, -70.492, -1.47875
6.22632, -115.068, -140.614
3.89846, -168.141, -75.9147
2.93406, -1.89613, 72.0362
3.5733, 84.3438, -129.491
3.93296, 84.7542, -183.302
4.86595, -342.591, 317.527
6.95893, 119.746, 75.3225
5.91955, -180.223, 98.9172
3.54376, 59.3562, -115.808
6.67533, -98.534, -52.6768
7.09218, 22.0792, -8.06462
4.48244, -2.54819, 379.114
6.37858, -85.5695, -284.856
5.68161, -16.4815, 4.79251
6.64746, 26.8395, -102.745
3.40204, -160.513, 155.271
7.45927, -120.26, 31.6116
6.70558, -66.3915, 192.551
4.65177, -221.379, -284.281
4.38589, 124.277, -43.0562
2.70802, -146.407, 4.10424
6.80715, 116.001, 30.8736
6.62116, 189.028, -189.259
6.25052, 100.939, -252.947
3.55801, 52.1653, -141.684
4.31029, -14.0503, -100.314
4.43545, 137.768, 72.9293
7.32918, 169.738, 121.406
6.5872, -42.5683, -200.822
4.5755, 259.614, 152.036
5.83759, -104.777, -97.9673
2.52101, 266.216, -37.3097
6.98048, -32.9291, -27.4215
3.68416, 6.15005, -131.083
3.79415, -121.384, -103.225
5.4939, -116.872, 60.9399
6.89823, 127.578, -90.5072
6.16299, 105.207, 120.965
6.0773, 117.427, 79.4367
3.57724, -142.072, 14.2765
6.30413, 124.214, -175.13
3.85351, 47.3017, 84.3993
2.75246, 60.5793, 84.3552
4.78866, -122.868, 72.8732
2.58759, -179.847, 249.271
3.01129, -215.981, 158.104
2.639, 188.915, -214.623
5.65921, 135.424, 16.604
6.34425, -84.8963, -43.061
2.74132, -92.0643, 55.1485
6.6924, 129.249, 37.6988
6.76899, 74.9122, -17.5962
6.57649, -105.629, 55.5561
6.85188, 32.4806, 344.716
5.27222, 79.221, -8.45734
6.12646, -37.9904, -113.662
3.20424, 131.649, -139.872
6.6115, -80.6405, 109.829
5.51185, 127.665, 169.891
4.93856, -105.65, 61.97
6.14942, 66.2353, -161.876
4.05164, 23.1583, -40.9548
3.93925, -90.9547, 180.113
5.45857, -114.402, 171.875
5.34055, 182.05, -70.0964
5.41059, 360.161, -50.3503
2.84132, -0.892598, 176.534
4.34304, 345.835, 155.986
6.28475, 108.038, -17.1244
6.35297, 291.81, 24.8076
4.27217, 109.785, -97.7163
5.98913, 83.0642, -159.68
5.08005, -128.347, -180.465
5.94494, -69.4935, -127.984
6.18066, -50.9939, -299.381
2.56231, 103.505, -4.47389
7.16549, -87.6835, -76.4882
5.37826, 219.666, 115.778
3.05587, 647.92, 376.958
4.87388, -18.2339, 44.7829
3.24247, -89.111, -4.85621
4.22594, -103.128, -106.076
7.04476, -70.4988, -49.4261
4.54571, -108.856, 4.5623
5.96642, 87.5605, 6.28789
3.35865, -25.5069, -5.71737
6.21715, 307.633, -263.028
4.16319, -33.4094, 4.56339
4.62157, -33.8874, -86.5107
2.79523, -112.618, -37.9397
5.09005, -76.8763, -192.201
5.94425, 58.4644, 186.018
5.01149, -32.1078, -14.1684
6.56617, -18.0752, -27.1143
3.07974, -6.56034, -23.0984
5.24841, -3.18421, -383.365
5.06046, -166.467, -169.24
6.02649, 132.715, 90.7228
5.65083, 50.5998, -140.567
4.0207, 20.2464, -14.4505
6.74719, -44.5514, -74.9016
3.39619, -81.6211, 132.634
2.61737, 15.1876, -43.8083
4.19467, -7.98104, -36.937
3.43818, 148.745, 100.846
6.60467, -2.79324, -58.157
6.72507, 28.657, -183.755
6.78031, 79.4565, -154.196
7.37454, -52.3882, 63.9614
2.99587, -142.877, 63.0023
2.56182, 357.332, 381.008
2.58614, 325.473, -469.549
2.64527, -48.4105, -6.89373
4.1031, 216.439, 20.5131
6.17815, 289.152, -67.1508
3.14876, -64.4424, -201.618
2.5161, -72.3166, 110.865
6.91905, -122.65, 33.2338
3.70482, 66.0866, 187.771
4.38481, -32.8933, 56.9274
4.44879, -71.5418, -89.062
2.81534, -262.997, -229.488
7.30792, -2.68906, -217.384
3.75349, -183.608, 88.7498
6.85376, 69.1187, -25.214
2.85991, -215.821, 412.42
2.70653, -371.337, 496.224
3.46378, -84.2343, 60.0745
3.86708, 52.465, -94.8322
7.4007, 58.5766, 53.2216
3.60607, -93.4473, 151.794
6.43119, -105.209, 162.873
4.42306, -1.61655, 24.3742
3.78593, -76.9769, 86.6897
3.91087, -36.7303, -6.21281
7.33834, -299.882, 163.877
4.22841, 347.949, 290.97
3.45922, -67.0469, -99.0304
5.05037, 118.863, -61.5341
5.21857, 31.3457, 332.372
5.72333, -18.5249, 84.1908
3.89738, -254.358, 171.677
3.41887, -160.019, 162.53
2.71579, -98.2104, 169.108
3.98408, 76.647, 13.3037
4.25548, -59.7762, -126.278
7.09372, -164.177, -15.6637
5.81225, 4.31243, 50.8838
5.08041, 159.301, 60.2032
4.03763, -338.409, -214.455
3.0007, -70.4426, -234.489
3.47502, 277.644, 184.617
4.11407, -25.0905, -116.254
5.56182, 34.0688, 3.97666
5.13511, -160.335, 52.7513
3.45653, -21.5831, -143.696
4.7178, 169.039, 87.763
4.48693, -135.775, 19.8038
6.28051, 15.083, -33.6367
6.6213, -31.3013, -41.8775
5.51573, 290.319, 286.214
3.04573, 34.8628, -19.9799
4.11797, -225.966, -11.013
5.03403, -108.689, -88.1129
4.76521, -98.2504, -68.2038
4.77315, 3.04606, -49.9678
4.91125, 83.9995, 57.0182
5.07896, -99.4494, 111.458
4.50207, -0.108226, -140.31
4.22945, 109.897, 83.6115
6.64533, -291.931, 121.271
3.02204, -76.2778, 369.569
6.40057, -65.5132, -169.128
3.19919, 56.0548, 57.1628
2.62171, -69.6813, -112.16
6.0664, -67.382, 115.56
7.15538, 5.03499, -2.84212
7.47667, -57.4172, -80.9011
3.86264, -87.9337, -0.0518713
3.6923, 166.048, -90.6307
3.87328, 136.579, 497.351
5.70836, 257.409, 129.373
5.17637, -134.045, -50.0244
6.8967, -67.6992, -28.6207
6.75968, 138.962, 106.116
2.98004, 57.4998, 78.7523
4.66818, 27.5796, -3.07255
3.17045, -30.8483, -23.1797
5.86802, -19.9337, -80.5623
5.34964, 103.831, 29.1155
3.66474, -85.3848, 440.331
5.50306, -153.512, -33.7434
2.6551, 208.653, 176.585
7.08512, -88.6925, 7.02835
3.82958, -293.931, -103.94
6.50016, 6.37361, -10.5193
5.46389, 2.91589, -24.2897
5.0822, -123.895, -61.3917
5.2567, -114.526, -65.1085
3.47225, 320.07, 520.022
5.36152, 102.805, 179.056
3.81992, 14.6783, -328.767
4.41648, -270.526, 276.818
2.73626, 263.468, 144.465
4.22823, -73.0494, 143.527
3.61594, -346.486, 235.918
3.81264, -145.775, -194.259
3.05141, 9.32214, 29.7007
7.40088, 24.4371, -95.3921
5.93794, 51.7203, 16.2177
5.82158, 109.867, -64.5191
5.99501, 94.1202, -16.6242
2.68746, -84.2848, 85.4578
3.6706, 152.244, 13.7295
3.95397, 184.01, 139.009
3.50543, 16.8876, -48.4701
2.7177, 34.5835, -186.533
2.56571, -174.051, 55.7152
6.07297, -118.649, -6.76096
6.88348, 254.403, 109.408
5.35088, -32.4007, 272.002
6.92743, 499.774, 464.802
5.20042, 91.682, -11.9523
3.31357, 208.314, -248.391
3.30492, 121.737, 162.598
7.19182, -72.769, -26.3249
3.45628, -130.721, -29.8115
3.15761, 280.838, -161.197
4.41122, -101.723, 68.6977
6.12674, -65.1383, -163.647
2.50651, 71.6432, -78.7879
4.60222, -294.585, 136.863
5.18984, -101.468, -194.288
4.86596, 67.7635, -158.581
6.33003, -150.879, -90.1129
2.9396, -146.119, 43.5929
7.04284, -50.4062, -142.855
3.20818, -183.696, -750.162
2.54782, -184.128, 17.9698
2.82267, -163.04, -80.9035
4.96742, -113.988, -121.524
5.40914, 91.3294, 30.2274
4.03373, -59.6806, 4.62428
4.57091, -155.814, -157.702
4.33401, 87.0323, 1.74202
3.42687, 37.6034, -217.43
2.76788, 179.839, 227.629
4.47222, -84.7301, -65.4368
3.98388, -11.7428, -147.077
5.05388, -120.453, -86.4625
3.75392, -34.8111, 217.515
5.01589, 120.678, 18.0072
2.51168, -14.8374, -175.029
7.01807, 264.946, -211.561
2.79181, 38.8828, 61.8269
5.17506, -15.5953, -112.756
3.95754, -354.514, 181.703
7.3023, 32.0278, -77.1963
4.73406, 145.483, 31.6194
5.08479, -102.037, -170.997
5.93861, -27.9484, -16.5538
2.72187, 165.641, -119.554
7.2946, -181.718, 209.571
5.70852, -141.593, -93.379
2.80215, -87.1776, -12.0603
3.33964, -66.4888, -162.786
5.76491, -65.8048, -180.9
6.19864, 194.628, -193.82
3.57011, -66.0024, 56.5346
4.31441, 148.792, 308.608
6.56981, -79.3132, 81.7012
5.32057, -121.433, 58.2121
7.45886, -85.9761, 24.3168
6.5669, 40.5771, -27.119
3.49157, -98.6386, 201.115
2.50003, 34.1714, 122.112
4.62608, 110.706, -144.456
4.07406, -200.036, -141.317
5.56218, 289.84, -77.5617
3.83351, 53.0954, 41.3935
4.39881, 96.2379, 95.1246
5.43397, -250.876, -352.137
5.95636, 136.744, -13.3423
7.26736, 27.798, -19.7854
4.89785, -88.2947, 60.9454
3.60319, -580.004, 74.2189
5.33741, 22.7364, -9.68788
6.09873, -43.6352, -55.7825
4.4953, -204.052, 76.3705
3.48326, -80.0896, 89.344
6.66971, -0.145041, 165.925
5.59561, -366.058, 126.408
7.26866, -14.4963, -135.126
3.23222, -150.496, -159.663
5.38953, -18.9672, -29.1036
7.26796, -104.418, 37.8546
3.62331, 441.561, -148.728
7.25137, -72.9728, -48.7697
3.07874, -290.939, 193.544
2.58372, 101.02, 245.039
3.90465, 25.2297, -102.048
7.15042, -46.9719, 27.7351
3.04796, 118.183, 11.0746
6.77266, 7.61683, -171.962
5.68532, 13.1097, 129.422
5.63853, -86.2381, 58.4437
3.80589, -49.3596, -115.982
5.13936, -94.7049, 26.4184
7.16608, 60.0501, -138.309
3.98055, -168.21, -21.0217
4.78006, -188.465, -448.935
6.35659, 28.8258, -434.143
4.17193, 30.2774, -679.512
6.31775, -40.8406, 18.1898
6.65892, 104.537, -84.1158
2.64618, -72.0385, 2.08818
4.31315, -293.198, 171.292
4.16221, 19.0591, -213.043
3.17675, 28.8761, -94.9545
3.00839, -180.961, 282.083
5.11327, -167.284, -16.5373
3.52046, -12.7529, 27.8612
5.00728, 106.556, 12.9141
5.1371, 194.657, -63.264
4.13422, 373.969, -224.691
4.75888, -116.625, -51.5758
6.85263, -13.2726, -128.13
4.72884, -20.6898, -65.1694
6.03726, -351.344, 148.311
6.83171, 98.8099, -126.478
6.5822, -276.505, -7.52933
2.67504, 521.383, 314.553
3.8644, 234.741, -160.207
5.21858, 52.6069, 21.7712
3.19942, 222.409, -28.4879
5.57408, 68.6048, -45.6401
3.29182, -40.1331, 107.921
4.41129, -228.355, -29.8343
5.94997, -22.4067, -170.108
3.21128, -165.578, -33.837
5.65284, -45.8405, 40.0888
3.15973, 51.1356, -238.679
7.13583, -80.0449, -2.36108
5.53465, -114.932, 177.167
5.50388, -118.132, 30.2783
3.33635, -154.658, 151.726
3.301, -183.528, -750.553
5.91628, -13.3259, -119.421
5.1456, 84.336, 2.41851
3.65264, 8.45731, -254.126
6.55373, 30.1926, -20.0445
5.76477, 63.8784, 2.10962
4.08597, 186.191, -18.3441
2.53953, 190.644, -3.09295
3.49176, -79.0727, -130.16
3.78831, -181.682, -191.857
3.03825, -246.975, 193.63
3.49545, 130.041, 104.221
6.75079, 370.756, -166.011
6.63912, -80.7524, 1.94717
6.76813, 152.196, 77.0089
5.71027, 87.0893, -172.203
3.6787, 108.868, -189.4
6.80638, 50.6612, -49.0113
5.4745, 113.205, -113.013
2.52745, -400.451, -208.389
6.84925, 155.146, 91.9322
7.37729, -119.049, -144.839
5.59653, 136.64, 49.3326
3.85574, -75.3796, 75.6225
7.46973, 32.0787, 8.68481
4.60751, 137.329, -278.941
4.20537, 196.972, 40.9583
4.80717, -81.9201, -100.998
4.44822, -8.58663, 130.627
4.613, 160.426, 66.8926
2.84879, -95.4363, -42.9698
5.5153, -207.997, -8.16248
7.36114, -6.01224, -128.491
5.07406, 262.811, 110.045
7.45461, 7.45406, -99.07
5.84906, 56.6712, 216.388
4.01716, 279.254, 100.909
3.47371, 96.9568, 90.0719
4.0109, -35.479, 189.779
4.93946, 9.90901, 53.7717
4.72438, 28.8415, -35.4519
5.7844, 39.7488, 27.3782
3.74227, -31.2759, -41.3909
4.72007, 178.763, 22.9964
5.75894, 73.6918, 25.8713
6.67472, 32.8339, -128.729
6.03698, -7.18959, -173.42
4.93928, 112.325, 336.723
6.72039, -153.245, -150.534
7.00296, 64.7795, 2.03951
6.33082, 244.969, 39.1278
5.29453, -21.6972, -112.051
2.70603, -38.3432, -14.5657
5.46749, -191.272, 146.568
2.68674, -64.9016, 293.589
4.53488, -52.4281, -109.753
2.84243, 191.087, -28.6179
7.38558, 112.706, -46.5242
2.5956, 369.542, 122.555
6.60363, -1.33633, -157.498
5.2195, -257.515, 141.241
5.72828, -199.441, -30.0096
3.62934, 15.9789, -63.7226
2.733, 409.092, -530.898
3.63154, -102.042, 112.531
4.58371, -23.3966, 393.014
6.40126, 6.03941, 228.034
3.72852, -100.437, 165.626
4.81411, -105.638, 20.9971
6.14756, -224.359, 158.826
5.35237, -391.214, 93.0926
5.45997, 113.809, 82.4946
4.98425, -67.8593, -76.0174
3.951, 57.0714, 111.347
4.71107, -69.495, -28.6487
2.53669, 293.164, -361.938
7.41683, -26.0662, 56.2056
2.52822, 77.631, 44.5384
4.8676, -3.97478, -305.296
5.86497, -127.522, -183.418
