6.27803, 7.95213, 13.2278
3.5948, 131.804, 113.641
5.89648, 44.1222, -37.2671
5.09708, -38.9927, -277.009
2.76731, 217.148, -381.843
2.53849, -78.2882, -111.718
4.58743, 403.915, 191.457
7.15218, -135.954, -97.9831
2.95982, 42.2181, -241.764
6.00595, 156.95, 234.086
3.81226, -283.724, -109.534
4.14117, -63.849, 9.87995
7.45519, -122.314, -292.093
7.41275, 93.8647, 264.87
5.75759, -187.479, -173.507
6.92354, -280.303, 18.3292
6.33247, -68.4538, -96.9131
3.87453, 100.91, 212.348
4.93259, 90.0089, 206.025
2.80282, 9.33632, -157.221
5.08146, -24.8477, -193.558
4.96988, -25.4546, 95.6899
7.23882, 160.982, 45.4584
4.42071, 147.878, 190.631
5.14874, 96.9995, 126.654
2.75042, -177.311, 22.148
6.63909, -22.7428, 52.6091
5.94228, 229.803, 79.0765
6.18112, 39.8566, -292.876
6.94286, -257.646, -370.039
4.25508, -38.559, -129.018
6.72991, 89.4768, 46.4508
3.84659, 82.7402, -50.507
4.83959, 163.776, 231.544
3.2686, 32.1231, 91.5987
2.66527, -165.801, -119.326
7.2768, 49.5312, -39.307
6.95369, -273.606, -139.129
3.29884, -248.203, -22.1232
3.15214, -495.357, -106.995
2.515, -366.741, 126.663
6.0491, 79.9882, 39.4481
3.40448, -138.509, -183.371
5.76029, -131.791, -27.4758
4.42907, -195.357, -32.9176
3.23766, -42.2384, -35.3736
5.45054, -121.646, -130.251
3.24076, 66.6668, -133.677
3.2091, -354.218, -353.297
4.94257, 76.6571, 122.899
3.13015, -67.9246, -24.8224
5.64635, -93.868, -151.836
5.60817, -341.828, 210.103
4.88216, 187.703, -277.774
2.64188, 273.343, 311.373
3.21011, 77.5773, -192.692
3.15594, -124.085, -225.361
3.31099, 175.752, -276.559
3.76529, 47.1866, 48.6576
4.77654, -404.695, 271.955
6.54472, 135.421, 29.2581
3.57624, -18.13, -75.023
3.75063, -50.6639, 1.92017
5.02978, -150.747, -53.6579
6.27922, -61.0826, -64.7052
5.66369, -4.79562, -111.359
5.9449, -202.998, -255.531
7.27207, -352.118, -155.286
5.18713, -42.0734, -32.8375
4.57014, 62.3485, 273.402
4.70019, -26.9855, -115.267
6.07821, -270.97, -206.981
6.20858, 2.44487, -116.541
5.12494, -348.827, 248.432
6.06711, -26.6815, -26.285
5.91025, -12.5717, 26.1577
6.82941, -21.4606, 27.4889
3.19597, 37.1405, -217.914
3.57766, -381.556, 99.126
5.0733, 54.1908, 145.791
4.83766, -147.181, -51.748
3.55759, -97.5305, -118.913
5.65244, 239.407, -248.318
2.5044, 192.925, -199.377
4.09589, 125.734, -878.09
5.90281, -118.141, -217.901
6.0446, -201.26, -131.021
2.90869, 68.8673, -185.925
3.56926, -86.5654, -14.093
4.44412, -30.5574, 259.125
4.44927, -444.562, -253.693
3.92018, -37.8755, -77.5438
4.6123, -107.68, -9.54375
2.55658, 382.183, 84.4638
3.72027, -232.169, 84.9703
4.49072, 133.158, -265.545
6.64177, 233.859, -2.57893
3.78584, -286.75, 103.996
3.59705, 109.813, -161.926
6.47385, -91.9183, 96.3316
5.8476, -111.044, -508.481
5.49108, 168.901, -264.21
5.99917, 201.512, 61.73
5.13062, -18.2098, -157.093
4.14833, -3.17568, -146.7
3.30844, -330.628, 14.6557
6.56633, 33.9758, -77.4583
4.08004, 5.03731, -89.7831
4.05369, 42.9294, -6.50841
4.65424, -225.678, -133.921
4.46509, 203.807, 294.276
4.43916, -212.707, 30.4983
4.34871, 163.362, 270.738
5.88118, -291.421, 32.8897
6.10384, 214.193, -16.593
7.20082, -82.8604, -228.566
5.08573, -63.7619, -33.4612
5.5282, 147.196, 232.945
5.85049, 113.13, -236.764
5.11404, -319.98, 165.937
3.87105, 210.452, -242.885
7.08924, -70.0171, 161.991
3.73367, -199.653, 227.813
4.77876, -175.883, -276.925
3.30374, 204.601, -185.896
4.68319, 15.6743, 232.057
7.45767, -131.094, 44.5965
6.26931, -88.9018, -10.8697
4.97846, 56.9392, 229.551
7.01651, -24.9174, 82.7042
4.68213, -138.711, -39.5713
5.09239, 252.602, -115.418
4.44866, -272.642, -65.7842
5.63431, -28.1977, -132.053
5.19331, -290.502, -170.921
4.35955, -146.991, 224.076
2.54674, -121.337, 14.4694
6.3794, 32.2605, 260.732
2.85317, 355.5, 234.562
3.98511, -276.116, -22.5077
4.78581, -172.905, 290.172
3.25156, 1.74229, -142.154
5.97819, -96.7973, 330.219
4.15587, -272.828, -206.868
5.21197, -195.798, 178.068
2.64678, -360.527, 199.343
5.38086, -89.3827, 46.5652
5.18133, -134.077, -90.2111
7.36678, 62.6515, 308.933
5.57063, -144.917, -162.825
5.26431, 50.447, 50.6097
6.69051, 14.9597, -308.221
3.75764, 161.764, -67.6571
6.98957, -35.2295, 58.6179
5.97428, -112.624, 74.4863
5.82752, 330.926, 148.555
3.06838, 393.821, 235.924
3.37987, 285.241, 520.315
2.91253, 141.582, -566.573
6.68103, -97.9811, 30.5324
2.64818, 53.9638, -698.639
6.34719, 39.4254, 10.2396
4.29829, 170.286, -220.508
6.24626, 151.889, -302.095
6.28385, -75.9321, -139.397
3.60834, -44.9132, 297.456
5.58305, -108.183, -149.133
3.66846, 13.0386, 214.587
6.22052, 186.895, -31.1611
5.80997, 292.576, 327.265
4.9209, -138.725, 138.684
2.58972, -480.102, 314.645
4.98291, -67.2354, 4.41866
5.09587, 226.141, -97.6548
4.71395, 406.235, 122.28
4.14528, 93.9185, -177.297
3.52671, -196.708, 106.009
7.19863, -174.106, -4.92332
2.85168, 428.713, -37.5117
3.30042, -25.6477, 310.637
6.70788, -6.84889, -128.886
4.13614, 267.836, 192.811
6.85942, -4.08154, -341.741
5.99896, -211.428, -170.751
5.52801, 35.8332, -125.956
4.77536, 134.199, 104.2
2.91543, 597.281, -421.57
3.94883, 108.866, -173.2
6.51009, 248.174, 51.3201
6.81821, 8.87565, -22.8802
3.81831, -356.485, 191.333
4.79881, -178.119, 43.4462
4.95672, -105.867, 144.053
5.82344, 299.299, -45.9387
7.31738, 42.4764, 231.779
7.23022, -103.666, -12.3576
2.81902, -300.925, 77.9967
5.04829, 51.2683, 216.704
6.13222, -116.418, -249.767
5.65882, -43.7457, -112.96
3.26658, 76.1368, 31.069
5.09652, 407.276, 122.421
3.52281, 397.206, -225.112
6.03231, -248.562, 55.9876
6.05786, 100.858, 399.864
3.66304, 17.7736, -96.2312
6.80594, -92.0501, -253.438
2.67122, 20.0134, -567.562
6.26587, 39.5725, -128.844
4.14789, -15.9073, -111.537
4.65309, 221.431, 73.6361
7.33455, 52.9258, -83.9034
4.05803, -9.43335, -116.129
5.69762, -301.45, 142.848
5.95386, 88.9548, -54.8491
5.36403, -124.411, -248.117
6.60667, -157.908, 203.197
4.21807, -165.774, 76.8065
5.09387, 306.157, 199.766
6.78438, 159.012, -16.8317
6.18587, -16.151, 27.9934
3.45992, 157.928, -253.591
2.83145, 26.6985, 86.4818
3.60828, -387.534, 152.574
3.33656, -47.9989, 182.467
6.31172, -38.8137, -27.8762
5.44905, 63.3139, -197.278
4.65223, -433.589, -219.739
7.09618, 35.0482, -232.009
5.09668, -358.356, -57.1959
7.38058, -152.75, 83.8605
5.15714, 264.56, 191.93
2.98716, 8.88127, 712.334
5.83983, -84.9678, 117.677
5.44444, -251.127, 151.71
5.01137, 149.261, 241.221
2.75808, 196.18, -517.271
2.6753, 162.467, 128.262
4.41484, 79.0189, 108.766
5.55555, -115.339, -212.819
5.06574, -463.316, -177.124
5.98498, -161.747, -176.032
4.89891, 110.182, 96.655
3.88323, -300.133, -70.6081
6.01685, 88.086, 143.034
3.67701, 39.0156, -347.295
6.41501, 82.6607, 72.6257
6.60589, 174.262, -388.003
3.21842, -2.60142, -238.962
5.75757, 209.094, -217.808
3.87677, -316.588, 124.54
7.26215, -310.491, 354.104
4.58238, 38.9392, 144.546
3.03869, 11.4209, 78.1267
4.70633, 221.715, -175.344
6.28811, -24.0815, 20.0303
2.77803, 213.543, 366.551
3.51241, -86.7939, 152.86
6.82305, -213.799, 187.938
6.52456, 103.567, -23.9172
2.78861, 142.055, 157.244
4.40304, 203.055, -61.4821
4.56124, -199.835, -83.6323
2.80071, -201.583, -283.91
7.09746, -246.452, -255.079
3.35398, -176.647, -272.647
6.51634, 145.929, -79.6254
3.88599, 126.754, 201.929
4.44586, -560.473, 225.525
7.19936, -240.538, -337.128
6.24573, 30.6672, 173.54
3.44774, -217.137, 254.405
6.89581, -143.292, 89.4727
6.8953, -202.474, 33.0214
3.30515, -113.758, 150.222
5.87346, 184.358, 208.375
6.89096, -137.521, 88.4949
6.98262, -274.848, 123.94
3.06535, -247.186, -230.466
5.93789, 160.968, 275.091
3.21651, -100.539, -104.144
3.6901, -188.742, 100.622
5.64383, -202.178, -41.6923
4.312, -53.791, -24.5449
4.64437, -267.301, -206.88
4.91936, -139.276, 187.318
6.20379, 105.046, 97.2656
3.23098, 230.112, -145.58
7.36238, 170.443, -79.8584
7.3158, 38.4575, 241.935
3.14741, -320.715, 351.567
5.3784, -129.378, -100.79
4.66439, -75.3992, 515.837
5.50066, 179.938, 199.647
5.85098, 202.901, 106.943
4.5137, -88.6606, -287.011
6.46691, -277.044, -226.339
4.89889, -121.451, 300.529
5.72449, -362.39, -87.0883
4.28836, 16.043, -146.839
5.96794, 99.4856, 252.197
5.83428, 296.615, 300.081
3.22071, 143.428, -206.73
7.10415, 263.813, 25.5051
4.22228, 297.696, 309.537
6.66824, -74.609, -88.8093
2.74349, -211.358, 20.2746
3.27936, -385.736, 369.934
2.55765, 73.1708, -273.531
3.94327, 79.1071, -267.586
5.07295, 241.176, -38.9544
3.65948, -30.8455, -376.61
2.75022, 240.103, -40.216
5.33091, 186.283, 214.628
6.69774, -240.932, -240.337
4.28763, 139.029, 403.468
4.3452, -25.3446, 60.3166
7.22226, -280.833, 40.1902
4.72425, -108.186, 202.484
6.82086, 28.4189, -211.998
5.82654, 238.315, -39.5582
5.79297, 11.6022, -441.881
7.10736, 250.32, -230.624
5.11536, -343.224, 248.624
5.45229, -443.138, -9.55353
5.79944, -164.371, -198.913
4.24765, -289.438, 155.262
4.11714, -107.541, -60.7817
7.08984, -153.157, -30.966
3.08619, -107.297, 63.6815
7.31268, 45.5749, -53.1807
5.17978, 152.251, -162.243
5.81447, -225.227, -151.875
5.48362, -108.626, 92.0612
6.93363, 378.735, 72.9762
6.67999, 72.846, 43.166
6.69339, -104.863, 146.016
6.85642, -164.585, 37.1692
2.5002, 415.291, 30.971
4.77274, 85.6785, 1.28807
4.25696, 407.192, -99.3101
5.80713, 14.2428, -194.289
6.22234, 252.004, -71.267
3.3821, -201.477, -211.566
7.4621, -184.926, 265.993
5.95466, 196.464, -151.493
6.97862, -192.508, -9.07663
3.51579, 456.352, 240.206
7.2356, 329.468, 53.1041
4.88476, -49.1979, 84.3657
6.78578, -382.292, 152.753
6.41237, 15.426, 20.4374
5.70687, -347.057, 256.132
3.14521, -78.2985, 16.0293
5.77944, 4.06057, -290.991
3.09199, -27.027, 183.167
3.88793, 68.1095, -178.484
6.65548, 162.695, 223.38
6.14153, 424.313, 398.271
6.74348, 90.7055, -56.6894
3.43989, 236.678, 88.2417
6.09602, -3.01587, -190.253
4.25586, -264.192, 29.0114
3.34555, 441.344, 238.817
4.52383, 99.0734, 55.1045
4.20924, -178.579, -39.9651
6.67141, -211.617, -121.256
3.9111, -89.3713, -165.348
5.16766, -447.551, -127.337
6.25085, -152.676, 198.388
4.62554, 97.0237, 168.882
4.66964, 358.659, -182.925
3.03022, -356.009, 136.529
6.4639, 214.094, 66.8469
3.91232, 164.925, -81.8662
7.14264, 208.451, -2.17145
5.37926, -70.5137, 158.335
3.4895, -243.161, -37.9123
5.99081, -170.868, -8.91336
3.07265, 274.011, 109.578
4.22945, 222.024, 98.2796
4.15646, 106.46, 77.2903
6.42735, -95.3276, 79.3555
6.65775, -153.14, 116.711
4.21712, 141.173, -297.624
4.2603, -133.16, -113.579
6.38197, 75.3549, 39.5489
6.58658, -202.926, -401.065
4.26157, 249.553, -386.844
7.09559, 97.9458, 238.192
3.2877, 41.8204, -66.1463
5.56029, 237.3, -202.732
5.54222, 172.879, -66.9521
3.16647, 216.823, 316.893
3.51409, 409.562, 354.174
4.79457, 233.269, -218.698
3.48759, -96.0897, -169.172
6.77118, 243.387, -108.668
6.54562, 194.289, 96.68
2.80131, 186.281, -332.38
6.50584, 181.099, -289.238
5.49597, -67.0012, -105.985
7.43182, 203.612, -19.3319
2.65919, -164.184, -288.085
6.8356, -248.531, 249.833
3.69109, -1.36332, -164.978
3.6127, 497.608, -484.058
4.73907, 341.194, 193.198
2.61231, -158.895, 135.423
6.79755, 101.5, -31.8449
4.15902, 348.995, -923.343
5.72195, -82.9475, -191.428
7.43521, 407.854, 31.5444
5.30162, -165.99, -43.7695
4.74553, 73.6487, 256.782
5.213, 104.415, -95.8216
2.90797, -309.9, -171.312
3.99606, 654.326, 192.093
6.63964, -363.83, -178.542
6.48936, 39.8688, -213.81
5.71048, -79.9299, -56.1951
4.84105, -120.616, -261.341
7.15326, 203.24, 317.836
5.08798, 104.745, 24.4855
7.42924, -377.353, 178.221
5.94567, 29.2645, -154.532
6.19966, -66.4084, -112.57
3.46323, 35.2754, -2.72205
6.08881, 241.169, -218.38
6.11146, -25.1235, -205.544
6.49298, -81.9328, -243.037
4.23216, -51.4247, 156.027
5.1481, 112.838, 280.979
3.19001, -271.907, -30.0439
6.73218, 74.3562, 228.524
6.32766, 173.151, -171.09
7.5, -121.572, 59.3428
4.24891, -277.421, -231.199
5.50367, 307.233, -131.733
3.50808, 86.8434, 417.54
6.2385, -115.341, 113.164
6.49225, 41.4051, -23.6465
3.03505, -741.836, 500.449
5.35813, 184.852, 213.002
2.84683, -520.389, 281.418
4.16036, -125.012, -234.581
5.80945, -80.1225, -203.001
5.27726, 114.765, 114.895
7.12415, -50.3738, -106.065
2.69832, 181.524, -361.171
2.62083, 318.036, 302.895
4.61923, -339.371, 286.418
4.36987, -138.113, -120.622
2.93303, -162.733, -94.8688
3.05403, -20.2534, 201.602
5.31992, 108.301, 26.8475
7.37269, -107.681, 15.69
3.05066, 38.209, -185.504
5.99352, -282.053, -510.934
2.79674, 173.609, 206.75
4.69755, 85.0169, -99.3023
5.24651, -251.157, -314.092
3.45129, -239.757, 113.163
7.36597, -155.256, -97.0625
3.19593, -173.159, 39.9486
5.48978, -61.349, 2.46364
7.12812, 126.631, -388.121
3.91116, 11.5767, -195.889
6.8307, -99.4987, 141.656
6.29598, 294.197, -70.7412
6.10793, -161.937, -24.6337
3.34241, 130.971, 190.948
3.32882, -299.954, 174.291
3.39076, -134.93, -27.2791
5.87226, -237.558, -51.7283
4.83484, 186.754, 81.2474
6.85219, 185.362, 191.64
5.76023, -38.2656, 193.49
5.80464, -262.845, -168.321
2.58037, 397.521, 237.875
4.30596, 408.244, 309.555
3.72747, -211.069, -447.655
6.93086, 458.449, 250.751
5.23701, -429.682, -13.3332
6.57209, 119.691, -72.103
5.24453, -4.45027, -465.31
4.16156, -39.2398, 6.04328
4.40213, -131.426, -84.7256
2.52389, -100.234, -122.143
6.95226, -200.207, -9.24758
6.16955, 289.276, -191.475
6.04239, -113.699, -18.7324
5.1278, -19.0015, -9.97746
6.41065, -64.0831, -44.1787
3.42484, 169.915, 24.8057
5.72673, 22.3371, -13.2894
3.42178, 122.036, 220.326
3.31214, -89.2147, 40.8582
2.65594, -115.855, -137.144
7.42716, 73.8511, -204.224
4.04559, -37.6557, -123.693
4.11075, 111.477, 255.637
5.51155, -15.3041, 38.5791
2.89107, 31.3192, 192.424
3.93936, -240.808, -80.2457
5.79307, 247.964, 16.6095
7.36348, 180.598, 213.28
7.27758, -195.199, -100.816
7.42745, 16.4281, -14.5544
7.30478, 318.301, 221.724
3.0073, 86.7547, -321.067
3.71505, 194.214, 87.837
6.91151, 32.2088, -205.875
5.28805, 44.1724, 72.6344
6.7669, -154.185, -179.592
7.49145, 224.826, -224.253
3.99751, -237.562, 517.415
6.33157, -387.485, -230.206
4.81901, -465.408, 17.8231
6.8168, 56.3507, 226.576
6.99018, -148.127, 13.3287
7.377, -146.764, -171.038
2.77405, -285.453, 76.7259
6.32605, -276.577, 101.93
5.09219, 144.652, -261.959
3.46574, 30.61, -198.425
6.98252, -315.384, -4.28431
6.38492, 205.25, -4.11387
2.75968, -68.212, -88.8745
7.47331, 148.587, -272.561
5.93659, 245.183, -114.302
5.94854, -231.363, -149.167
6.57666, 127.667, -239.134
7.05426, 137.014, 214.67
3.34218, -8.88931, 436.988
5.24183, -19.7623, -174.512
6.53351, 123.04, 244.618
4.17803, -302.384, -38.7768
5.53435, 243.517, 100.978
6.59602, 107.801, -186.544
7.3485, 170.502, 54.3586
6.29349, -83.8008, 122.713
3.72113, 272.166, 113.222
5.80589, 242.485, -190.861
4.21574, -488.044, -182.651
7.27146, 81.6504, -29.5641
2.60828, -77.4149, -120.429
4.54979, 302.294, -175.041
2.55789, 537.613, 137.844
3.04964, 92.4397, 38.1444
5.28259, 183.685, -239.737
4.45466, 45.343, 184.049
7.20539, 0.509189, 120.265
2.55572, -62.2084, -437.52
6.22897, 158.306, -44.6709
3.84293, -340.811, -26.3748
4.27153, -7.03425, -149.821
3.45835, 284.792, -387.64
5.14832, -159.511, -148.647
4.39478, -79.0047, -98.3598
3.16407, 32.9593, 61.331
4.26563, 378.818, 4.6626
4.2497, -409.522, -8.63815
7.41084, -206.18, -249.716
5.25961, 19.2969, -126.04
4.99918, -77.0668, -144.115
3.58531, 239.544, -202.543
4.37311, -189.803, 160.99
6.78251, -500.054, -197.348
6.45578, -118.47, -33.7088
3.9204, 271.769, -217.55
5.07645, -154.536, -152.772
6.79238, 259.98, 80.4961
7.07844, -8.68658, -185.672
7.48941, -231.746, -407.399
6.53177, 16.6426, -65.0035
5.22718, 42.2358, 142.22
7.3461, 122.052, 259.998
5.31931, 136.975, -116.308
4.03031, 211.701, -152.96
5.41853, -282.028, -10.5018
2.91197, -47.8821, -101.477
5.47382, -183.351, 179.377
3.31968, 33.3867, -164.87
6.46527, 367.308, 250.115
2.95373, -161.322, -210.541
6.3072, 7.37155, 71.1048
6.83996, 63.1976, -28.9342
6.40105, -71.8521, -110.729
6.61399, -326.235, -388.494
6.70974, 75.4422, -60.3803
4.48328, 129.512, 47.8662
6.508, 86.2732, 98.8212
6.56811, 1.39655, 46.459
5.43493, 257.098, 261.813
4.64621, 60.2323, 89.4328
2.5002, 147.718, -1.35796
5.31153, 176.355, -125.203
6.22632, -92.9066, 111.991
3.89846, 173.328, 4.81994
2.93406, 16.3085, -452.825
3.5733, -196.984, 122.53
3.93296, -49.8701, -342.439
4.86595, -228.435, 140.416
6.95893, -271.287, -216.672
5.91955, -17.0134, 178.941
3.54376, -82.9711, 234.777
6.67533, -19.91, -21.6811
7.09218, -239.916, -265.864
4.48244, 221.665, 474.572
6.37858, -233.14, -233.58
5.68161, 110.375, -61.6074
6.64746, -302.948, -18.4893
3.40204, -53.9062, 256.53
7.45927, -103.855, -20.7291
6.70558, -75.0264, -124.03
4.65177, -412.471, -261.089
4.38589, -306.827, -17.8308
2.70802, 40.6512, 193.962
6.80715, -7.88275, 21.0071
6.62116, -222.229, 73.7899
6.25052, -39.836, -250.765
3.55801, -182.51, -121.42
4.31029, 195.868, 194.188
4.43545, 298.027, 287.234
7.32918, -258.337, -239.964
6.5872, -187.187, -325.637
4.5755, 102.215, -143.316
5.83759, -14.655, 31.2356
2.52101, -198.192, -17.9229
6.98048, 226.801, -23.0936
3.68416, 154.737, 198.475
3.79415, -26.8264, -11.1132
5.4939, -187.475, -68.9112
6.89823, -177.364, 159.348
6.16299, 420.347, 209.983
6.0773, -207.565, -241.952
3.57724, 431.2, -79.2361
6.30413, -344.844, 119.486
3.85351, -82.8498, -229.418
2.75246, -121.038, -259.249
4.78866, -39.3133, -209.834
2.58759, -264.015, 68.38
3.01129, -77.1074, -116.343
2.639, 9.92956, -106.415
5.65921, -42.3769, -40.5142
6.34425, 190.1, 10.9505
2.74132, -411.249, -34.1183
6.6924, -139.464, -100.822
6.76899, 100.17, 183.526
6.57649, 301.797, -208.158
6.85188, -177.222, 44.1633
5.27222, 127.149, 239.203
6.12646, 112.947, 264.684
3.20424, -305.083, -92.952
6.6115, -237.839, -70.5209
5.51185, -118.75, -210.472
4.93856, -318.867, -47.1093
6.14942, 41.7066, -282.968
4.05164, -352.415, 237.878
3.93925, -15.5128, -140.441
5.45857, 206.762, -305.204
5.34055, -311.967, -83.4412
5.41059, 633.812, 94.6533
2.84132, 169.035, -277.657
4.34304, 184.197, 166.989
6.28475, -0.753787, 68.6465
6.35297, 511.817, 282.534
4.27217, 42.4954, 246.021
5.98913, 95.4041, -67.7022
5.08005, 203.991, 96.932
5.94494, -26.261, 150.229
6.18066, -283.454, -511.651
2.56231, -279.116, -160.265
7.16549, 17.3227, 28.4455
5.37826, -124.989, -112.892
3.05587, 570.331, 175.469
4.87388, -21.8354, -110.83
3.24247, -2.14395, 38.6016
4.22594, -656.251, -227.788
7.04476, 137.424, 56.51
4.54571, 148.59, -300.253
5.96642, 150.287, 163.689
3.35865, 63.2487, -26.1513
6.21715, 9.69415, 57.2686
4.16319, 92.3668, -141.749
4.62157, -86.9085, -34.3485
2.79523, 275.125, -12.9426
5.09005, -113.493, -16.8082
5.94425, -117.629, 245.78
5.01149, -52.3506, 81.6136
6.56617, 73.8272, 39.2546
3.07974, 93.784, -62.0752
5.24841, -152.72, -248.252
5.06046, 59.4209, 19.8361
6.02649, -268.051, -223.45
5.65083, -43.1465, -161.814
4.0207, 94.9012, 13.1965
6.74719, -32.9024, -51.409
3.39619, 76.1613, -188.36
2.61737, 232.756, -15.6352
4.19467, -86.0732, -124.138
3.43818, -256.004, -276.724
6.60467, -119.921, 83.2075
6.72507, -23.2559, 306.18
6.78031, -283.514, 150.074
7.37454, 198.25, -239.221
2.99587, 79.4159, -1.2368
2.56182, 143.78, 191.544
2.58614, 309.877, -648.913
2.64527, -128.754, -162.804
4.1031, -230.829, -132.311
6.17815, 21.2127, -36.9302
3.14876, -280.377, -12.3468
2.5161, 99.5698, -211.377
6.91905, 148.875, -56.1164
3.70482, -103.886, 94.7241
4.38481, 110.944, -288.085
4.44879, 2.12461, 10.4578
2.81534, -214.846, -144.559
7.30792, -71.074, 93.5925
3.75349, -153.794, 264.922
6.85376, -58.4602, -61.3797
2.85991, 30.9792, 289.834
2.70653, -317.711, 366.822
3.46378, -205.144, -36.5112
3.86708, 22.0116, -455.813
7.4007, 162.607, -91.69
3.60607, 22.6428, -145.259
6.43119, 186.409, -263.829
4.42306, -60.1614, -228.991
3.78593, -432.639, 290.252
3.91087, 174.245, -98.5322
7.33834, -424.177, 71.8612
4.22841, 261.179, 394.253
3.45922, 179.379, 35.4146
5.05037, 64.5154, 171.573
5.21857, 137.046, -57.5229
5.72333, 96.0614, -55.71
3.89738, -98.0506, -189.945
3.41887, -57.1839, 121.947
2.71579, 145.25, -268.14
3.98408, 146.254, 198.324
4.25548, 205.145, 189.338
7.09372, 298.332, -193.028
5.81225, -12.1347, -199.804
5.08041, -257.409, -129.778
4.03763, -521.17, -203.589
3.0007, 48.945, 78.0805
3.47502, 39.5528, 274.23
4.11407, 181.754, 372.954
5.56182, -160.078, -180.059
5.13511, -339.131, 185.557
3.45653, 92.3846, 303.469
4.7178, 563.207, 327.19
4.48693, 431.282, -104.996
6.28051, 32.7641, -85.1032
6.6213, -209.199, -303.138
5.51573, 166.628, 277.047
3.04573, 3.95506, -41.2332
4.11797, -158.507, 16.7384
5.03403, 24.5729, -18.3131
4.76521, 225.793, -38.2904
4.77315, -146.402, -86.624
4.91125, -189.31, -207.846
5.07896, -506.527, 180.93
4.50207, -104.914, -482.6
4.22945, -234.858, -146.337
6.64533, -373.945, 75.2816
3.02204, 245.288, 361.577
6.40057, -142.396, 197.535
3.19919, -55.7037, -119.507
2.62171, 227.414, 340.82
6.0664, -208.076, -109.363
7.15538, -108.256, -7.6044
7.47667, 82.7008, -33.5874
3.86264, 242.644, -59.266
3.6923, -21.3742, 228.853
3.87328, 18.5417, 301.664
5.70836, 439.266, 250.406
5.17637, -27.5789, -106.609
6.8967, -328.736, 389.604
6.75968, 307.581, 336.433
2.98004, -2.19164, -185.351
4.66818, 276.846, -108.423
3.17045, 47.279, 12.0578
5.86802, 68.919, 114.664
5.34964, 37.5329, 116.632
3.66474, 19.3336, 145.931
5.50306, 53.8123, -117.123
2.6551, 210.649, 279.22
7.08512, 54.704, -96.4002
3.82958, -204.878, -200.374
6.50016, -2.64712, -2.11731
5.46389, 52.3699, 8.19753
5.0822, 91.4809, -54.2826
5.2567, 46.7622, -36.097
3.47225, 301.202, 521.124
5.36152, 84.1603, -83.4572
3.81992, -135.801, -197.741
4.41648, -38.2711, -121.095
2.73626, 343.598, 256.085
4.22823, -130.711, 1.96786
3.61594, -520.168, 645.485
3.81264, 125.545, 66.7385
3.05141, -93.866, -247.912
7.40088, -19.2965, 154.09
5.93794, -216, -273.455
5.82158, 60.4103, 176.4
5.99501, 92.212, 154.112
2.68746, 249.7, -33.3781
3.6706, -154.782, -29.5231
3.95397, -226.092, -363.132
3.50543, 73.7194, 179.064
2.7177, -302.303, -7.60424
2.56571, 226.609, -193.618
6.07297, 397.596, -231.833
6.88348, 320.463, 222.98
5.35088, 157.034, 10.1506
6.92743, 352.576, 305.576
5.20042, -31.922, 257.268
3.31357, -87.4149, 31.4269
3.30492, -87.8559, -287.464
7.19182, 21.5454, -104.485
3.45628, 240.947, -31.7867
3.15761, 73.6541, 107.187
4.41122, 158.106, -63.3867
6.12674, -240.212, 163.467
2.50651, -460.985, -175.043
4.60222, 15.0164, -90.7621
5.18984, -218.078, -96.6405
4.86596, 65.0033, -299.293
6.33003, -379.005, -65.2039
2.9396, 37.1769, 232.503
7.04284, 75.4071, 64.6497
3.20818, -49.0479, -703.363
2.54782, -83.4046, 46.4704
2.82267, 58.7703, 26.9713
4.96742, -95.2331, 109.417
5.40914, -208.445, -205.94
4.03373, 218.404, -495.759
4.57091, -20.8557, -107.816
4.33401, 27.3705, 110.755
3.42687, 32.8355, -559.751
2.76788, -26.6529, 9.57141
4.47222, 68.9415, -101.163
3.98388, 107.583, 195.501
5.05388, 284.182, 42.6526
3.75392, 187.439, -115.735
5.01589, -247.153, -166.062
2.51168, -133.561, -27.7795
7.01807, -110.454, 77.7494
2.79181, 344.156, 352.954
5.17506, 107.351, -113.057
3.95754, -16.5888, -40.3855
7.3023, 172.864, 227.814
4.73406, -204.411, -222.739
5.08479, 78.4203, 87.6254
5.93861, 108.452, 60.2474
2.72187, 28.9922, 94.2669
7.2946, 218.831, -173.411
5.70852, -42.4019, -175.475
2.80215, 25.5311, -30.5818
3.33964, -21.3593, 49.5852
5.76491, -32.4791, 38.7745
6.19864, 414.341, 34.5692
3.57011, -84.7073, -314.963
4.31441, 53.0497, 329.294
6.56981, 243.296, -247.715
5.32057, -42.8468, -38.7285
7.45886, 109.362, -87.5162
6.5669, 270.15, -187.323
3.49157, 27.8483, -164.693
2.50003, -104.134, -77.7157
4.62608, -264.406, 253.229
4.07406, 56.7847, -44.4653
5.56218, -103.991, 153.626
3.83351, -30.7954, -119.775
4.39881, 22.6822, -7.1892
5.43397, -317.427, -528.986
5.95636, 117.964, -93.8545
7.26736, -30.2975, -30.5766
4.89785, 171.987, -200.793
3.60319, -695.504, 187.118
5.33741, 229.094, 232.308
6.09873, -14.5893, -16.6499
4.4953, 221.472, -140.43
3.48326, 262.47, -263.786
6.66971, 169.164, -16.4718
5.59561, -34.3131, 280.931
7.26866, 9.69743, 190.239
3.23222, 137.976, 103.375
5.38953, 110.287, -110.383
7.26796, 201.78, -175.109
3.62331, 122.971, 72.9556
7.25137, 176.907, -69.164
3.07874, -297.066, 201.039
2.58372, -9.57657, 13.8575
3.90465, -71.0388, 57.4892
7.15042, 94.8717, -122.3
3.04796, -342.711, -183.322
6.77266, -171.939, -142.273
5.68532, 223.455, -150.749
5.63853, -208.603, -31.7746
3.80589, 45.5405, -262.004
5.13936, 257.059, -180.578
7.16608, -30.0347, -271.153
3.98055, -229.94, 109.02
4.78006, -380.756, -474.437
6.35659, 162.096, -137.393
4.17193, -86.4664, -903.285
6.31775, 102.545, -58.3524
6.65892, -275.139, -108.696
2.64618, 234.589, -383.388
4.31315, -422.3, 89.1383
4.16221, -253.962, 88.0758
3.17675, 68.6606, 194.647
3.00839, -59.8698, -121.86
5.11327, 213.813, -99.5664
3.52046, 146.945, -157.975
5.00728, 75.7983, 120.835
5.1371, -184.474, -91.5181
4.13422, 309.379, -89.2594
4.75888, 169.156, 42.5471
6.85263, 258.176, -230.101
4.72884, -240.363, -198.204
6.03726, -114.95, 250.592
6.83171, -279.208, 177.594
6.5822, -148.889, -10.808
2.67504, 326.877, 173.414
3.8644, 327.709, 147.872
5.21858, -69.206, -76.8134
3.19942, 139.056, -55.6031
5.57408, -64.4229, 12.5207
3.29182, 237.1, 74.103
4.41129, -162.359, 62.7739
5.94997, 11.2166, 204.134
3.21128, 320.123, -164.258
5.65284, 170.64, -193.698
3.15973, -115.951, -489.333
7.13583, 191.212, -50.1404
5.53465, 228.483, -374.333
5.50388, 341.033, -65.2884
3.33635, -56.282, 253.527
3.301, -50.8136, -709.053
5.91628, 4.06126, 76.768
5.1456, 52.7082, 88.387
3.65264, -221.024, -364.455
6.55373, 203.315, 215.137
5.76477, -95.3837, -16.0467
4.08597, 362.91, 143.707
2.53953, 306.99, -5.91416
3.49176, -151.779, -474.888
3.78831, -407.731, 5.66708
3.03825, -382.425, 98.7133
3.49545, -174.695, -151.365
6.75079, -16.4685, 7.89003
6.63912, 199.555, -53.2531
6.76813, 300.802, 355.277
5.71027, 155.917, -283.587
3.6787, -325.686, 174.265
6.80638, 20.2993, -4.53528
5.4745, -201.948, 89.5088
2.52745, -570.882, -400.997
6.84925, 285.058, 331.711
7.37729, -93.2027, 109.108
5.59653, -281.767, -204.009
3.85574, 198.823, -156.243
7.46973, 24.4779, -38.5832
4.60751, 219.665, 103.275
4.20537, 272.149, 359.925
4.80717, 124.92, 48.8971
4.44822, -142.846, -210.37
4.613, -282.701, -152.227
2.84879, 213.495, -74.8326
5.5153, 61.0933, 29.8371
7.36114, 67.6498, 75.3014
5.07406, 313.79, 225.63
7.45461, -52.7256, 12.565
5.84906, -19.5785, -256.259
4.01716, 250.737, 182.374
3.47371, -209.052, -267.272
4.0109, 139.444, 39.7463
4.93946, 14.6984, -169.276
4.72438, -345.39, -207.969
5.7844, -71.7498, -123.117
3.74227, 407.664, 308.256
4.72007, -307.964, -167.773
5.75894, 63.8419, 72.6807
6.67472, 208.123, -370.111
6.03698, -98.846, -185.091
4.93928, 126.66, 467.477
6.72039, -304.871, 39.5949
7.00296, 122.34, 163.339
6.33082, 363.04, 152.754
5.29453, -375.063, -267.074
2.70603, 255.265, 63.7988
5.46749, -237.286, -10.8816
2.68674, 151.403, -39.2626
4.53488, 26.8312, -26.4653
2.84243, 372.443, -166.149
7.38558, -89.4905, 18.9729
2.5956, 576.223, 369.934
6.60363, 119.91, 287.675
5.2195, 159.119, -92.0526
5.72828, -340.798, 218.279
3.62934, -12.8158, 92.4356
2.733, 260.583, -436.758
3.63154, -63.2211, -127.033
4.58371, 258.948, 240.632
6.40126, -180.94, 272.312
3.72852, 114.293, -185.763
4.81411, -40.9324, -229.231
6.14756, -284.731, -43.0887
5.35237, -88.6464, -44.002
5.45997, -205.568, -201.587
4.98425, 261.808, -149.173
3.951, -80.6802, -247.381
4.71107, 233.908, -80.4469
2.53669, 24.7066, -122.459
7.41683, -16.8015, -241.14
2.52822, 29.0609, -39.4831
4.8676, -226.826, -222.758
5.86497, 192.943, 270.27
