6.27803, -611.72, -575.619
3.5948, 83.2755, -200.102
5.89648, 364.54, -574.922
5.09708, -218.202, 646.165
2.76731, -770.256, 707.822
2.53849, 200.238, -5.83981
4.58743, -681.026, -289.028
7.15218, 228.016, 321.061
2.95982, 80.5451, 501.591
6.00595, -133.828, 223.12
3.81226, 570.859, 637.988
4.14117, 421.103, -641.036
7.45519, 287.17, 222.549
7.41275, -410.841, -184.807
5.75759, 278.274, 338.941
6.92354, 219.976, -604.379
6.33247, -186.708, -389.476
3.87453, -525.661, -205.671
4.93259, -418.984, -191.13
2.80282, 837.28, 731.975
5.08146, 11.4769, 605.39
4.96988, 684.395, -524.905
7.23882, -663.751, -532.289
4.42071, 20.4518, -557.159
5.14874, 685.882, -405.216
2.75042, 782.485, -247.042
6.63909, 462.529, 427.784
5.94228, -592.489, -531.249
6.18112, 254.497, 618.113
6.94286, 704.585, 452.687
4.25508, -321.43, -484.312
6.72991, 233.619, 11.5504
3.84659, 492.211, -110.131
4.83959, -32.3818, -193.597
3.2686, -676.058, -554.646
2.66527, 510.301, 62.3831
7.2768, 81.057, 74.8892
6.95369, 238.937, 301.934
3.29884, 458.369, 107.134
3.15214, 338.93, -529.435
2.515, -446.528, -645.354
6.0491, -627.007, -185.237
3.40448, -448.764, 584.795
5.76029, 649.085, -309.269
4.42907, 339.204, -566.003
3.23766, 87.9174, -226.562
5.45054, 513.493, 58.1475
3.24076, 162.345, 675.333
3.2091, -120.477, 676.318
4.94257, -384.392, -13.9758
3.13015, 611.934, -24.6607
5.64635, -248.241, -412.985
5.60817, 257.874, -441.701
4.88216, -453.258, 641.85
2.64188, -427.059, -182.177
3.21011, 7.59222, 628.098
3.15594, -188.514, 741.814
3.31099, -786.414, 642.738
3.76529, -130.076, -552.884
4.77654, 479.791, -679.118
6.54472, -21.0078, -216.383
3.57624, 199.03, 634.329
3.75063, 591.391, 295.317
5.02978, -21.7002, 686.774
6.27922, 470.091, 70.3479
5.66369, 633.672, -62.3389
5.9449, 471.017, -92.818
7.27207, 704.878, 450.081
5.18713, -354.412, 529.734
4.57014, -549.165, -154.957
4.70019, 576.208, 123.778
6.07821, 573.64, 403.926
6.20858, 266.699, 361.625
5.12494, 681.557, -770.694
6.06711, -598.313, -160.26
5.91025, 279.378, 13.4705
6.82941, 690.272, -428.142
3.19597, 11.2921, 594.57
3.57766, 638.193, -111.84
5.0733, -255.084, -138.11
4.83766, -0.813144, 654.916
3.55759, -204.902, 620.317
5.65244, -564.43, 714.128
2.5044, -656.688, 241.487
4.09589, 289.032, 334.448
5.90281, 222.312, -54.4837
6.0446, 531.567, -421.932
2.90869, -707.571, 529.554
3.56926, 274.524, 335.069
4.44412, -532.073, -606.978
4.44927, 718.197, 716.242
3.92018, 301.346, -474.87
4.6123, 458.012, 428.261
2.55658, -620.412, -497.827
3.72027, 760.143, -636.937
4.49072, -657.689, 520.923
6.64177, -686.229, 224.468
3.78584, 751.456, -601.342
3.59705, -651.858, -546.399
6.47385, 247.317, 223.019
5.8476, 317.12, 322.917
5.49108, -656.469, 244.028
5.99917, -245.673, -441.206
5.13062, 418.264, -638.05
4.14833, 251.371, 136.064
3.30844, -849.993, 300.332
6.56633, 525.685, 36.7905
4.08004, 277.232, 140.495
4.05369, 22.069, -621.57
4.65424, 33.0511, 38.2584
4.46509, -202.232, -603.215
4.43916, 215.775, -270.868
4.34871, -656.948, -559.5
5.88118, 247.393, -492.603
6.10384, 172.618, -133.5
7.20082, -15.7984, 635.751
5.08573, -139.806, -406.777
5.5282, -147.804, 238.152
5.85049, -570.618, 717.079
5.11404, 34.7423, -121.084
3.87105, -643.081, 562.497
7.08924, 242.455, 342.791
3.73367, 651.71, -391.635
4.77876, 283.803, 325.189
3.30374, -708.981, 630.375
4.68319, 263.728, 116.969
7.45767, 283.312, 128.116
6.26931, -335.449, 383.796
4.97846, -598.914, -541.493
7.01651, -650.743, -512.357
4.68213, 459.619, 460.898
5.09239, 102.138, -591.44
4.44866, 201.729, -530.761
5.63431, -210.037, -449.416
5.19331, 298.149, 46.9135
4.35955, 434.947, -395.348
2.54674, -236.371, 257.801
6.3794, 1.22097, -566.856
2.85317, -604.275, -518.553
3.98511, 339.297, -636.273
4.78581, -7.97145, -551.56
3.25156, -114.895, -50.3827
5.97819, 519.616, -388.493
4.15587, 325.993, 185.236
5.21197, 743.467, -683.918
2.64678, 685.877, -785.657
5.38086, -28.5377, -221.272
5.18133, 246.323, 374.92
7.36678, -640.168, -659.606
5.57063, -303.462, -447.511
5.26431, -711.041, 226.54
6.69051, -231.766, 645.522
3.75764, -542.015, 578.172
6.98957, 446.579, -84.7407
5.97428, 473.082, -429.952
5.82752, -426.559, -156.562
3.06838, -646.848, -486.444
3.37987, -590.853, 290.789
2.91253, -210.798, 71.1704
6.68103, -173.161, 203.655
2.64818, 712.971, -739.604
6.34719, -13.9131, -566.398
4.29829, -420.822, 562.465
6.24626, 60.5622, 486.141
6.28385, 334.681, 178.721
3.60834, -451.473, -607.202
5.58305, 220.292, 95.4584
3.66846, -419.02, -213.432
6.22052, -750.359, 252.504
5.80997, -623.947, -495.778
4.9209, 690.494, -636.94
2.58972, 610.957, 9.10201
4.98291, 286.277, 150.421
5.09587, -3.81946, -550.123
4.71395, -673.297, 313.783
4.14528, -16.5986, 637.972
3.52671, 311.423, -28.4325
7.19863, -14.9935, -331.648
2.85168, -575.276, 489.939
3.30042, -14.8132, -669.632
6.70788, -552.894, -156.925
4.13614, -263.661, -174.121
6.85942, 249.234, 327.878
5.99896, 542.542, 470.95
5.52801, 653.117, -143.703
4.77536, 74.373, -193.291
2.91543, -589.555, -199.091
3.94883, 176.525, -4.32613
6.51009, -636.349, -474.636
6.81821, 283.481, -14.6698
3.81831, 271.96, -484.853
4.79881, -622.221, -182.241
4.95672, 478.33, -427.529
5.82344, -447.498, -629.732
7.31738, -452.968, -246.427
7.23022, 420.82, -596.182
2.81902, 236.819, -520.467
5.04829, -499.453, -210.398
6.13222, 709.15, 444.399
5.65882, 400.18, -140.747
3.26658, -747.51, -733.043
5.09652, -675.697, 311.633
3.52281, -426.478, 599.494
6.03231, 320.432, -620.011
6.05786, -420.75, -157.091
3.66304, -279.062, -264.491
6.80594, 90.4837, -172.645
2.67122, 114.896, 689.477
6.26587, -647.185, 232.982
4.14789, 507.629, 53.3643
4.65309, -142.587, -335.712
7.33455, 733.759, -60.7695
4.05803, 640.062, 531.745
5.69762, 717.981, -636.022
5.95386, 617.817, -38.078
5.36403, -27.5168, 590.328
6.60667, 764.298, -652.284
4.21807, -569.816, -397.242
5.09387, -579.478, -455.345
6.78438, 87.002, -624.811
6.18587, 261.317, 112.23
3.45992, -753.726, 214.161
2.83145, -281.753, 251.42
3.60828, 701.988, -629.264
3.33656, 10.2249, -224.528
6.31172, 386.876, -616.634
5.44905, -666.693, 182.36
4.65223, 746.606, 736.752
7.09618, 543.938, 30.5943
5.09668, 284.482, 160.621
7.38058, -569.148, -62.326
5.15714, -371.441, -11.4561
2.98716, 293.871, 122.552
5.83983, 307.744, 119.408
5.44444, 304.466, -6.28798
5.01137, -499.057, -46.0688
2.75808, -651.093, 76.6195
2.6753, -152.673, -84.0044
4.41484, -567.489, -603.576
5.55555, 278.234, 53.615
5.06574, 577.025, 765.701
5.98498, 271.094, 13.5176
4.89891, 67.0634, -224.351
3.88323, 66.3333, 421.307
6.01685, -376.614, 89.6212
3.67701, 630.755, 17.9383
6.41501, -44.2769, -164.137
6.60589, 172.902, 571.483
3.21842, -370.291, 4.23122
5.75757, -422.823, 578.655
3.87677, 748.305, -597.078
7.26215, -417.966, 557.11
4.58238, -587.88, -139.194
3.03869, -156.03, 242.648
4.70633, -698.43, 539.192
6.28811, -480.759, -152.947
2.77803, -457.88, -249.606
3.51241, 3.46316, 33.2147
6.82305, 712.679, -644.611
6.52456, -180.584, -71.8101
2.78861, -624.437, -484.078
4.40304, -5.09211, -587.048
4.56124, 3.27116, 630.647
2.80071, -236.935, 255.983
7.09746, 651.414, 543.169
3.35398, 562.113, 635.255
6.51634, -651.116, 248.352
3.88599, 497.161, 69.5334
4.44586, 48.6245, 649.873
7.19936, -38.4574, 584.332
6.24573, 20.5432, -150.264
3.44774, -494.595, 670.653
6.89581, 270.379, 387.032
6.8953, 310.92, -643.738
3.30515, -493.403, -150.696
5.87346, -590.106, -177.991
6.89096, 459.163, 206.735
6.98262, 280.327, 384.252
3.06535, -22.0321, 595.554
5.93789, -246.76, -187.184
3.21651, -428.491, -492.984
3.6901, 267.527, 7.09195
5.64383, 641.072, -133.682
4.312, 591.494, 293.273
4.64437, 682.462, 525.487
4.91936, 11.0679, -551.161
6.20379, 80.4629, -202.266
3.23098, -378.233, 516.877
7.36238, -569.912, -518.093
7.3158, -422.889, -183.797
3.14741, -414.738, 556.283
5.3784, -90.9631, -364.978
4.66439, 135.111, -146.824
5.50066, -249.078, -189.664
5.85098, -508.055, -134.675
4.5137, 437.103, 737.949
6.46691, 664.479, 524.09
4.89889, -574.52, -125.154
5.72449, 333.708, 283.996
4.28836, -320.671, 603.06
5.96794, -210.183, -195.514
5.83428, -407.755, -503.685
3.22071, -480.056, 656.412
7.10415, -642.224, 211.724
4.22228, 40.6022, -217.573
6.66824, -289.216, -482.852
2.74349, 322.653, -525.086
3.27936, -431.687, 94.6914
2.55765, 167.441, 482.965
3.94327, 46.7948, 536.362
5.07295, -256.667, -222.157
3.65948, 619.147, 432.828
2.75022, -164.021, -76.3217
5.33091, -623.361, -462.404
6.69774, -2.15853, 620.812
4.28763, -580.978, -534.947
4.3452, 116.992, 657.458
7.22226, 260.385, 31.519
4.72425, -618.318, -222.921
6.82086, 269.756, 167.085
5.82654, -588.958, -500.852
5.79297, 101.669, 539.166
7.10736, -797.629, 767.277
5.11536, 776.182, -679.604
5.45229, 350.033, -426.825
5.79944, 557.363, 562.898
4.24765, 248.744, 304.975
4.11714, 267.938, -19.052
7.08984, -1.60108, 645.722
3.08619, 688.517, -446.925
7.31268, 489.788, -107.256
5.17978, 94.9578, -220.146
5.81447, 674.737, 446.843
5.48362, 706.776, -457.454
6.93363, -542.953, -606.033
6.67999, -676.719, -472.809
6.69339, 285.178, 175.261
6.85642, -166.602, 200.715
2.5002, -785.581, 132.616
4.77274, 275.798, 90.123
4.25696, -654.758, 237.772
5.80713, -207.539, 599.963
6.22234, -665.721, 241.962
3.3821, -178.188, -391.315
7.4621, 807.132, -570.516
5.95466, -648.538, 231.843
6.97862, 299.621, 9.29394
3.51579, 259.773, 20.1165
7.2356, -386.176, -159.778
4.88476, 692.328, -453.535
6.78578, 689.663, -627.612
6.41237, -603.44, -591.793
5.70687, 744.525, -702.325
3.14521, -751.239, 244.018
5.77944, -14.4152, 582.957
3.09199, 81.7482, -79.191
3.88793, 221.926, 606.355
6.65548, -198.318, -231.332
6.14153, -543.128, -407.145
6.74348, -706.756, 214.588
3.43989, -623.218, -558.644
6.09602, 414.603, -277.778
4.25586, 230.773, 284.379
3.34555, -470.325, -608.465
4.52383, 233.888, -464.464
4.20924, 121.923, 614.005
6.67141, 294.722, -0.256744
3.9111, 653.293, 514.087
5.16766, -649.763, -575.033
6.25085, 745.054, -701.003
4.62554, -666.332, -472.95
4.66964, -425.871, 584.014
3.03022, 736.398, -808.875
6.4639, -145.562, -402.166
3.91232, -658.166, -529.506
7.14264, -423.072, -209.844
5.37926, 274.679, 337.325
3.4895, 643.576, -282.525
5.99081, 423.183, -567.324
3.07265, 281.045, -550.936
4.22945, 214.131, 605.915
4.15646, -352.05, -171.858
6.42735, 769.861, -751.186
6.65775, 334.169, -118.694
4.21712, -666.314, 673.554
4.2603, -206.267, 635.348
6.38197, 18.5864, -597.093
6.58658, -46.2645, 595.373
4.26157, -193.408, 214.066
7.09559, -439.977, -199.099
3.2877, 537.218, 80.4958
5.56029, -430.842, 582.532
5.54222, -481.039, 657.143
3.16647, -153.203, -511.342
3.51409, -529.19, -377.979
4.79457, -635.168, 476.328
3.48759, -162.659, 640.416
6.77118, -672.934, 174.683
6.54562, -635.079, -476.946
2.80131, -705.037, 599.565
6.50584, -652.268, 545.039
5.49597, -94.4946, -464.32
7.43182, -603.209, 181.087
2.65919, 32.934, 639.879
6.8356, 730.599, -631.165
3.69109, 445.263, 134.991
3.6127, 201.672, 270.473
4.73907, -526.068, -526.833
2.61231, 658.914, -136.726
6.79755, -178.055, -55.3402
4.15902, 256.897, 334.008
5.72195, 303.271, 122.278
7.43521, -592.113, -517.108
5.30162, 254.965, -508.05
4.74553, -631.868, -187.659
5.213, 9.70233, -599.826
2.90797, 665.127, -84.0239
3.99606, -562.791, -197.585
6.63964, 598.522, 532.03
6.48936, 493.737, 708.56
5.71048, -6.2934, 638.303
4.84105, 487.206, 153.881
7.15326, -180.909, -421.814
5.08798, -200.538, -54.43
7.42924, 701.971, -455.489
5.94567, -44.0659, -559.499
6.19966, -187.74, -389.84
3.46323, -474.079, -574.319
6.08881, -420.096, 581.618
6.11146, 589.505, 87.8382
6.49298, 290.446, 58.4179
4.23216, 229.757, -711.396
5.1481, 89.8681, -151.492
3.19001, 632.194, -247.834
6.73218, -265.649, -181.27
6.32766, -3.58667, -561.125
7.5, 712.879, -502.516
4.24891, 420.286, 765.476
5.50367, -452.354, 608.354
3.50808, -391.973, -22.7374
6.2385, 48.9209, 49.2542
6.49225, 690.655, 225.947
3.03505, -649.686, 152.087
5.35813, -403.194, -66.7873
2.84683, 284.858, -353.488
4.16036, 668.036, 486.369
5.80945, 261.773, -586.055
5.27726, -3.75877, -191.943
7.12415, 242.965, -7.49135
2.69832, -386.266, -2.09222
2.62083, -236.645, 30.5245
4.61923, 264.064, -488.621
4.36987, 252.697, 151.29
2.93303, -201.59, -219.855
3.05403, -68.4221, 76.8458
5.31992, 277.495, -380.414
7.37269, -33.5389, 628.24
3.05066, -15.1991, -562.148
5.99352, 135.994, 596.189
2.79674, -0.00781155, -576.357
4.69755, 541.409, 56.1301
5.24651, 749.432, 625.125
3.45129, 543.718, -620.172
7.36597, 300.021, 91.0669
3.19593, -580.017, -44.0558
5.48978, 721.035, -449.751
7.12812, -732.891, 631.459
3.91116, -28.0855, 633.887
6.8307, -132.596, -123.516
6.29598, -175.839, -401.152
6.10793, 314.256, 413.193
3.34241, -233.193, 265.246
3.32882, 703.842, 521.429
3.39076, -668.572, -614.998
5.87226, 247.853, -456.874
4.83484, -165.456, -73.6505
6.85219, -610.629, -379.929
5.76023, -581.947, -141.557
5.80464, 669.592, 669.541
2.58037, -644.241, -498.097
4.30596, -642.489, -474.965
3.72747, 660.336, 130.12
6.93086, -746.309, -732.842
5.23701, 784.738, 718.177
6.57209, 11.85, -628.975
5.24453, 71.345, 688.486
4.16156, 462.289, -109.866
4.40213, -51.3978, -650.354
2.52389, 629.607, 486.517
6.95226, -99.6866, -398.186
6.16955, -427.142, 578.857
6.04239, -50.994, 578.982
5.1278, -30.426, 25.0645
6.41065, 24.2137, -553.549
3.42484, -366.766, -379.171
5.72673, 269.71, 367.377
3.42178, -411.17, -190.478
3.31214, 156.623, -374.003
2.65594, -264.199, 757.332
7.42716, 67.1472, -663.055
4.04559, -251.06, -433.869
4.11075, -416.716, -196.126
5.51155, 220.774, -56.2223
2.89107, -325.736, -702.559
3.93936, 35.5757, 27.6411
5.79307, -158.975, -400.495
7.36348, -642.767, -374.887
7.27758, -371.271, -566.624
7.42745, -512.401, -236.91
7.30478, -598.149, -490.723
3.0073, -453.88, 627.077
3.71505, -186.244, -394.704
6.91151, 65.6333, -191.744
5.28805, 284.758, 415.102
6.7669, 603.229, 530.519
7.49145, -444.321, 581.14
3.99751, 19.8801, -664.647
6.33157, 711.981, 358.05
4.81901, 201.752, -57.6866
6.8168, -651.254, -516.388
6.99018, 621.602, 12.2375
7.377, 181.815, -383.544
2.77405, 440.084, 237.285
6.32605, 774.961, -708.921
5.09219, -718.626, 565.145
3.46574, 658.52, -140.074
6.98252, 254.799, -493.266
6.38492, -635.123, 241.045
2.75968, 193.122, 471.172
7.47331, -732.354, 592.095
5.93659, -122.427, -422.95
5.94854, 718.014, 415.78
6.57666, -461.655, 643.14
7.05426, -128.692, -385.134
3.34218, -82.4725, 93.4979
5.24183, -399.801, 595.705
6.53351, -425.197, -194.818
4.17803, 297.318, -470.603
5.53435, -97.0836, -51.2575
6.59602, -676.734, 186.324
7.3485, 51.3395, -165.113
6.29349, 446.777, 363.031
3.72113, -86.024, -110.111
5.80589, -574.097, 291.539
4.21574, -679.037, -561.358
7.27146, 268.589, -295.881
2.60828, 589.861, 635.917
4.54979, -801.721, 785.438
2.55789, 578.08, -667.514
3.04964, 661.635, 176.993
5.28259, -662.113, 221.314
4.45466, 110.938, -153.284
7.20539, -57.6183, -158.487
2.55572, 183.016, 350.335
6.22897, -156.179, -431.66
3.84293, 322.5, 138.657
4.27153, -373.961, -589.791
3.45835, -469.992, 627.332
5.14832, 267.921, 34.9295
4.39478, -10.0969, -544.829
3.16407, -13.5838, -503.72
4.26563, -131.193, -407.483
4.2497, 787.827, 724.346
7.41084, 469.979, -96.6474
5.25961, 60.0065, -291.765
4.99918, -40.4516, -580.696
3.58531, -699.8, 141.303
4.37311, 12.0918, -390.541
6.78251, -639.2, -521.609
6.45578, 782.534, -392.735
3.9204, -531.167, 575.686
5.07645, 298.123, 186.901
6.79238, -212.467, -52.1458
7.07844, -546.45, -289.706
7.48941, 122.516, 664.938
6.53177, 2.50266, -196.694
5.22718, -626.889, -185.867
7.3461, 77.8347, -654.081
5.31931, -544.625, 324.789
4.03031, -416.969, 584.038
5.41853, 726.437, 744.646
2.91197, 139.383, -222.469
5.47382, 313.562, 407.722
3.31968, -693.381, -507.941
6.46527, -604.746, -537.694
2.95373, 667.201, 498.05
6.3072, -571.052, -591.514
6.83996, -171.117, -59.5045
6.40105, 75.6161, -175.182
6.61399, 683.674, 749.285
6.70974, 301.056, 401.988
4.48328, 177.985, 57.9815
6.508, -69.1819, 125.45
6.56811, 259.526, 7.72725
5.43493, -401.575, 12.2461
4.64621, 618.897, -24.1431
2.5002, -57.1093, -325.778
5.31153, -647.248, 193.05
6.22632, 304.67, 138.765
3.89846, 646.506, 160.301
2.93406, -676.447, 469.355
3.5733, 718.209, -624.024
3.93296, -440.975, 674.852
4.86595, -291.883, 412.703
6.95893, 733.595, 756.626
5.91955, 442, -394.238
3.54376, 175.898, -281.027
6.67533, 685.062, -64.9186
7.09218, 692.656, 715.246
4.48244, -527.348, -642.651
6.37858, 452.111, 391.81
5.68161, -94.6044, -106.533
6.64746, 263.319, 100.174
3.40204, 436.329, -351.504
7.45927, 410.478, -579.393
6.70558, 15.6789, -558.572
4.65177, 668.143, 258.828
4.38589, 434.882, 760.124
2.70802, 509.58, -417.489
6.80715, -645.699, -556.34
6.62116, 774.689, -660.697
6.25052, -49.7787, 637.815
3.55801, -224.174, 717.447
4.31029, -593.942, -175.561
4.43545, -640.458, -485.228
7.32918, 680.508, 513.243
6.5872, -95.8826, 558.516
4.5755, 10.0305, 378.393
5.83759, 294.809, 159.103
2.52101, 474.396, 720.202
6.98048, -700.84, 236.565
3.68416, -233.094, 262.555
3.79415, 283.583, -2.39089
5.4939, 350.975, -514.367
6.89823, -647.888, 190.914
6.16299, -641.904, -437.145
6.0773, 596.687, 548.042
3.57724, -401.127, 565.045
6.30413, 675.491, -759.773
3.85351, -21.2194, -279.967
2.75246, 445.384, 141.865
4.78866, 295.762, 257.438
2.58759, 386.025, -555.246
3.01129, -31.9974, 27.2583
2.639, -202.489, 208.22
5.65921, -335.996, -481.608
6.34425, 96.3038, -220.382
2.74132, 397.629, -567.305
6.6924, -6.28225, -621.965
6.76899, -270.201, -186.774
6.57649, -386.158, 589.337
6.85188, 734.408, 353.847
5.27222, -559.829, -59.7402
6.12646, -244.963, -232.665
3.20424, -163.738, 602.981
6.6115, 402.458, -408.336
5.51185, 425.742, -65.1662
4.93856, 419.365, -655.451
6.14942, -212.894, 653.792
4.05164, 760.557, -644.937
3.93925, -709.982, 182.146
5.45857, -704.928, 621.726
5.34055, 508.297, 697.257
5.41059, -594.518, -581.441
2.84132, -646.534, 169.104
4.34304, 69.3912, -200.262
6.28475, -551.228, -521.871
6.35297, -475.507, -586.485
4.27217, -445.511, -246.939
5.98913, 121.508, 670.25
5.08005, -511.465, -230.604
5.94494, 267.569, 184.468
6.18066, 1.94285, 709.777
2.56231, -239.406, -423.425
7.16549, 450.725, -101.929
5.37826, 313.739, 108.675
3.05587, 641.346, 902.202
4.87388, -111.424, -44.4929
3.24247, 316.135, 95.9056
4.22594, 138.386, 399.498
7.04476, -666.155, 237.421
4.54571, 63.3356, 486.838
5.96642, -541.745, -50.1782
3.35865, 383.888, -616.46
6.21715, 718.533, -453.771
4.16319, -508.767, 505.512
4.62157, 476.878, 257.096
2.79523, -214.526, -79.3184
5.09005, 221.994, -67.5237
5.94425, 303.17, -462.685
5.01149, -154.968, -74.7261
6.56617, -70.1687, -589.915
3.07974, 63.3631, -622.419
5.24841, 287.387, 367.478
5.06046, 300.277, 166.338
6.02649, 693.736, 455.606
5.65083, -229.562, 653.171
4.0207, -5.20649, -564.033
6.74719, 244.309, 110.427
3.39619, 589.32, 18.4198
2.61737, -391.728, 35.0864
4.19467, 470.402, -0.530439
3.43818, 271.383, -75.3507
6.60467, -183.377, 73.3227
6.72507, -646.824, -201.327
6.78031, 731.18, -637.8
7.37454, -709.817, 628.058
2.99587, 363.301, -417.796
2.56182, 599.022, 514.953
2.58614, 294.546, 324.436
2.64527, 282.286, 188.123
4.1031, 70.1623, -209.954
6.17815, 486.569, 240.382
3.14876, 256.626, 335.247
2.5161, -372.441, 359.134
6.91905, -19.5134, -564.168
3.70482, 271.779, -508.909
4.38481, -701.981, 599.338
4.44879, 554.052, 45.6063
2.81534, 519.422, 234.134
7.30792, 196.648, 577.048
3.75349, 633.03, -272.329
6.85376, -545.171, -56.7841
2.85991, -705.847, 395.07
2.70653, -421.386, 550.625
3.46378, 274.541, -416.26
3.86708, -266.913, 312.298
7.4007, -697.089, -331.829
3.60607, 221.512, -563.654
6.43119, -734.128, 650.387
4.42306, 195.741, -297.522
3.78593, 399.183, -639.66
3.91087, -691.1, 215.193
7.33834, 662.6, -118.132
4.22841, 373.594, 79.7947
3.45922, -590.873, 664.665
5.05037, -530.668, -221.842
5.21857, -480.967, 539.106
5.72333, -661.293, -499.635
3.89738, -122.569, 606.184
3.41887, -246.295, -430.9
2.71579, -652.773, 233.876
3.98408, -456.989, -205.768
4.25548, -186.987, 99.4421
7.09372, -468.345, 543.079
5.81225, 451.492, -247.732
5.08041, 601.876, 540.398
4.03763, 452.489, 415.362
3.0007, -174.317, 97.1458
3.47502, 287.161, -720.339
4.11407, 132.061, -200.057
5.56182, 647.506, 83.9254
5.13511, 776.123, -687.283
3.45653, 344.531, 205.156
4.7178, -587.999, -567.573
4.48693, -489.048, 650.436
6.28051, -539.23, 632.867
6.6213, 658.292, 584.145
5.51573, 50.6044, -213.451
3.04573, 416.443, -591.137
4.11797, 390.682, -156.082
5.03403, 128.351, 244.07
4.76521, -448.357, 614.718
4.77315, -170.87, -384.488
4.91125, 737.443, 721.39
5.07896, 270.755, -582.761
4.50207, 108.056, 650.053
4.22945, 708.379, 378.819
6.64533, 637.244, -132.222
3.02204, -611.432, -574.941
6.40057, 408.021, 473.631
3.19919, -258.902, -214.172
2.62171, -586.118, -516.513
6.0664, 342.909, -543.862
7.15538, -18.4445, -569.092
7.47667, 317.678, 137.686
3.86264, -668.049, 241.421
3.6923, -428.919, -184.545
3.87328, 543.385, 589.632
5.70836, -595.243, -491.277
5.17637, 315.866, 133.021
6.8967, 610.126, -312.641
6.75968, -649.357, -514.363
2.98004, 631.552, 24.1379
4.66818, -723.731, 248.712
3.17045, -76.8116, -584.977
5.86802, -144.129, 202.354
5.34964, -129.062, -400.138
3.66474, -358.066, 756.685
5.50306, 278.342, -477.991
2.6551, -564.384, -104.441
7.08512, 410.64, -273.439
3.82958, 722.365, -65.3915
6.50016, -182.985, -421.127
5.46389, 14.6833, -593.729
5.0822, 198.365, 287.701
5.2567, 289.553, 387.82
3.47225, 320.111, -68.9621
5.36152, -30.7902, -647.482
3.81992, 210.123, 264.508
4.41648, -727.601, 484.133
2.73626, -639.989, -687.736
4.22823, 498.43, -648.095
3.61594, 515.724, -400.855
3.81264, -93.108, -609.777
3.05141, -276.964, -485.492
7.40088, -562.957, -43.5796
5.93794, 662.259, 540.494
5.82158, -531.197, -227.541
5.99501, -641.871, -480.957
2.68746, -572.594, -521.775
3.6706, -659.127, -519.405
3.95397, 674.201, 449.724
3.50543, 17.1914, -218.376
2.7177, 302.882, 250.646
2.56571, -415.208, 602.514
6.07297, -412.135, 606.719
6.88348, -559.122, -525.948
5.35088, -682.349, 190.355
6.92743, 773.72, 781.553
5.20042, -466.79, -238.93
3.31357, 689.854, -636.882
3.30492, 705.016, 452.117
7.19182, 341.135, 195.872
3.45628, 427.062, -577.346
3.15761, 192.589, -263.029
4.41122, -200.252, -45.4562
6.12674, 264.504, 38.103
2.50651, 573.976, 766.032
4.60222, -176.426, 544.74
5.18984, 214.711, -59.9695
4.86596, -152.798, 225.442
6.33003, 577.797, 637.083
2.9396, 445.495, -397.752
7.04284, 243.961, 245.863
3.20818, -576.861, -500.555
2.54782, 265.49, -1.92256
2.82267, 295.005, 388.375
4.96742, 305.464, 145.271
5.40914, 473.836, 694.669
4.03373, -660.677, 486.898
4.57091, 631.744, -23.1712
4.33401, -608.336, -468.022
3.42687, 124.583, 546.232
2.76788, 285.753, 166.329
4.47222, 381.378, -55.0095
3.98388, -139.609, -173.536
5.05388, -390.448, 641.786
3.75392, -692.181, 240.665
5.01589, 734.657, 724.286
2.51168, -97.1335, 558.72
7.01807, 701.007, -451.994
2.79181, -734.4, -778.292
5.17506, -544.982, 570.882
3.95754, -378.568, 591.784
7.3023, -610.151, -221.912
4.73406, 270.451, -100.408
5.08479, 670.971, 171.72
5.93861, -172.18, -54.2798
2.72187, -156.725, -82.4254
7.2946, -677.141, 515.534
5.70852, 307.054, 197.045
2.80215, 324.565, -648.012
3.33964, 234.998, 238.614
5.76491, 394.252, -152.964
6.19864, -782.559, 131.352
3.57011, 732.822, 245.752
4.31441, 166.439, -418.873
6.56981, -567.575, 724.695
5.32057, 675.62, -369.21
7.45886, -13.8638, -553.702
6.5669, -657.868, 205.147
3.49157, -712.068, 11.4892
2.50003, -92.7195, -556.384
4.62608, 770.338, -662.576
4.07406, 741.911, 210.312
5.56218, 544.027, -712.595
3.83351, -168.58, -401.512
4.39881, -582.723, -138.259
5.43397, 658.922, 185.548
5.95636, -83.6982, -398.787
7.26736, -245.619, -460.534
4.89785, -294.249, -662.459
3.60319, 338.705, -518.082
5.33741, -650.055, -443.972
6.09873, 263.406, 109.06
4.4953, -431.594, 585.333
3.48326, -567.553, 720.818
6.66971, -511.964, -559.457
5.59561, -473.72, -625.601
7.26866, -187.149, 99.6465
3.23222, 25.5876, -78.9425
5.38953, -194.08, -435.302
7.26796, -439.017, 594.761
3.62331, 686.18, -774.108
7.25137, -490.829, 677.521
3.07874, 701.879, -313.387
2.58372, 128.714, -104.194
3.90465, -277.251, -204.58
7.15042, 447.344, 16.905
3.04796, 732.312, 719.896
6.77266, 87.4003, 448.676
5.68532, -500.22, -582.603
5.63853, 353.198, -515.678
3.80589, 648.165, 526.734
5.13936, -657.473, 235.878
7.16608, -224.383, 644.257
3.98055, 618.261, 62.6698
4.78006, 254.724, 316.513
6.35659, -613.898, -548.801
4.17193, 319.05, 107.296
6.31775, -14.9772, -594.06
6.65892, -71.9582, 626.607
2.64618, -676.023, 533.904
4.31315, 593.315, -206.252
4.16221, 280.683, 375.021
3.17675, -329.465, -73.8765
3.00839, -199.482, 613.622
5.11327, -476.796, 661.712
3.52046, -11.227, -402.672
5.00728, -554.638, -528.562
5.1371, -78.97, 614.854
4.13422, 7.50102, -193.666
4.75888, 246.302, -278.221
6.85263, -7.02889, 640.367
4.72884, 575.864, 639.456
6.03726, -480.201, -619.577
6.83171, 775.8, -666.113
6.5822, 651.649, 163.944
2.67504, 836.284, 641.508
3.8644, -519.879, -218.321
5.21858, -293.393, -376.887
3.19942, -571.784, -506.99
5.57408, -637.19, -679.565
3.29182, -421.176, -712.013
4.41129, 211.965, 187.4
5.94997, -58.983, 113.805
3.21128, -410.89, 646.104
5.65284, -723.815, 619.764
3.15973, 118.293, 680.186
7.13583, -706.196, 236.737
5.53465, -713.718, 621.456
5.50388, -648.224, 181.695
3.33635, 412.514, -410.26
3.301, -578.471, -504.579
5.91628, 476.858, 0.000315726
5.1456, -548.37, -103.271
3.65264, -98.1548, 532.1
6.55373, -441.852, -163.538
5.76477, -330.319, -418.786
4.08597, -639.434, -527.164
2.53953, -237.272, -585.269
3.49176, 559.274, 533.465
3.78831, 119.545, 327.158
3.03825, 631.86, -144.476
3.49545, 88.318, -154.039
6.75079, 836.147, -550.871
6.63912, -655.092, 224.542
6.76813, -616.112, -494.934
5.71027, 148.132, 613.268
3.6787, 722.688, -736.883
6.80638, -568.887, -567.252
5.4745, -209.796, -91.0554
2.52745, 452.394, -14.0434
6.84925, -661.245, -530.143
7.37729, 460.834, 203.706
5.59653, 282.168, 29.0845
3.85574, -659.662, 221.994
7.46973, -186.583, -399.378
4.60751, -645.464, -445.702
4.20537, -574.598, -490.106
4.80717, 295.424, 13.1824
4.44822, 187.76, -306.538
4.613, 144.833, 562.508
2.84879, 279.329, 260.262
5.5153, 64.187, -222.211
7.36114, -93.4543, 116.228
5.07406, -613.395, -556.653
7.45461, 640.299, -163.66
5.84906, 453.937, -84.3679
4.01716, -583.572, -90.0348
3.47371, 591.18, 551.168
4.0109, -625.712, -664.263
4.93946, -370.503, 357.386
4.72438, 463.639, 690.209
5.7844, 376.927, -604.124
3.74227, -645.969, -475.52
4.72007, 72.6242, 429.731
5.75894, -578.189, -61.2989
6.67472, -705.408, 218.18
6.03698, 104.482, 644.997
4.93928, -524.205, -485.94
6.72039, 335.217, -66.6575
7.00296, -422.632, -211.203
6.33082, -625.363, -543.716
5.29453, 526.49, 735.879
2.70603, 53.7377, 77.0097
5.46749, 543.203, 62.4807
2.68674, -452.733, 659.895
4.53488, 275.82, 331.306
2.84243, -759.21, -737.941
7.38558, -622.436, -681.962
2.5956, -570.909, -243.144
6.60363, -249.037, -182.535
5.2195, -380.452, 592.085
5.72828, 681.305, -260.205
3.62934, -141.889, -86.7334
2.733, 789.177, -543.186
3.63154, 271.849, -490.268
4.58371, -643.644, 113.871
6.40126, 247.445, -508.97
3.72852, -669.864, 185.055
4.81411, 496.397, 66.0003
6.14756, 641.97, 193.706
5.35237, -356.657, 686.938
5.45997, 744.58, 739.966
4.98425, -693.533, 189.023
3.951, 264.767, 175.831
4.71107, 71.4966, -210.231
2.53669, 704.593, -471.429
7.41683, 424.708, -281.456
2.52822, -668.16, -281.054
4.8676, 44.7974, 611.58
5.86497, -262.608, -205.741
