6.27803, -537.068, -370.318
3.5948, 33.8064, -185.772
5.89648, 378.621, -487.019
5.09708, -201.74, 527.075
2.76731, -660.131, 683.815
2.53849, 180.94, 32.3899
4.58743, -571.511, -339.264
7.15218, 276.386, 297.809
2.95982, 97.0657, 448.701
6.00595, -160.055, 168.65
3.81226, 582.902, 524.862
4.14117, 321.556, -484.633
7.45519, 285.196, 139.904
7.41275, -398.585, -204.513
5.75759, 229.666, 282.999
6.92354, 228.987, -481.381
6.33247, -178.99, -318.31
3.87453, -491.491, -255.115
4.93259, -397.015, -138.609
2.80282, 814.555, 635.803
5.08146, 22.3525, 519.934
4.96988, 596.79, -537.158
7.23882, -589.922, -451.658
4.42071, 47.1286, -438.43
5.14874, 579.45, -429.82
2.75042, 695.26, -274.618
6.63909, 413.188, 396.494
5.94228, -429.475, -507.301
6.18112, 189.108, 524.379
6.94286, 602.758, 426.474
4.25508, -274.349, -440.568
6.72991, 328.061, 31.8571
3.84659, 401.851, -46.1984
4.83959, -73.9524, -175.585
3.2686, -565.64, -525.119
2.66527, 411.807, 52.2161
7.2768, 111.468, 35.6545
6.95369, 341.165, 268.41
3.29884, 382.635, 77.7274
3.15214, 284.761, -485.4
2.515, -469.016, -483.68
6.0491, -494.321, -177.455
3.40448, -377.733, 580.178
5.76029, 580.312, -300.024
4.42907, 311.118, -476.23
3.23766, 35.9685, -203.73
5.45054, 461.47, 60.4481
3.24076, 65.3698, 522.201
3.2091, -99.2778, 532.267
4.94257, -352.361, -102.741
3.13015, 506.244, -35.5595
5.64635, -145.142, -370.985
5.60817, 306.777, -387.566
4.88216, -432.263, 627.316
2.64188, -432.097, -153.767
3.21011, -95.8891, 581.207
3.15594, -165.253, 655.02
3.31099, -726.427, 602.45
3.76529, -51.0946, -427.353
4.77654, 436.51, -651.62
6.54472, 59.6072, -176.293
3.57624, 155.632, 510.885
3.75063, 503.9, 256.278
5.02978, -30.5645, 596.633
6.27922, 429.329, 30.8005
5.66369, 552.525, -61.0852
5.9449, 350.141, -85.7778
7.27207, 580.32, 481.58
5.18713, -404.282, 526.971
4.57014, -493.397, -211.441
4.70019, 488.781, 79.9997
6.07821, 509.977, 389.071
6.20858, 246.588, 210.903
5.12494, 677.61, -658.136
6.06711, -443.105, -195.518
5.91025, 263.068, 96.446
6.82941, 564.031, -385.191
3.19597, -48.5811, 574.141
3.57766, 534.579, -132.858
5.0733, -250.899, -186.154
4.83766, -32.5616, 599.757
3.55759, -206.603, 625.768
5.65244, -505.169, 585.269
2.5044, -692.409, 217.443
4.09589, 287.469, 289.442
5.90281, 224.67, 9.62517
6.0446, 425.409, -370.396
2.90869, -628.119, 545.865
3.56926, 278.068, 298.118
4.44412, -356.606, -598.319
4.44927, 686.396, 682.713
3.92018, 230.152, -454.822
4.6123, 406.562, 393.893
2.55658, -586.388, -396.582
3.72027, 718.526, -621.333
4.49072, -653.651, 505.119
6.64177, -537.407, 147.882
3.78584, 675.036, -566.845
3.59705, -595.712, -531.665
6.47385, 263.444, 163.684
5.8476, 208.366, 313.435
5.49108, -673.806, 229.822
5.99917, -159.113, -317.571
5.13062, 366.639, -557.976
4.14833, 235.057, 113.895
3.30844, -845.57, 269.851
6.56633, 435.479, 40.5052
4.08004, 366.872, 90.2254
4.05369, -43.5607, -548.583
4.65424, 55.9698, 6.65312
4.46509, -217.13, -580.384
4.43916, 260.073, -272.036
4.34871, -667.633, -522.542
5.88118, 242.815, -440.701
6.10384, 63.861, -169.757
7.20082, 21.8118, 492.966
5.08573, -221.715, -393.533
5.5282, -150.272, 150.046
5.85049, -503.639, 599.07
5.11404, 45.9334, -157.854
3.87105, -586.06, 559.263
7.08924, 281.955, 302.511
3.73367, 598.85, -361.751
4.77876, 190.729, 250.177
3.30374, -644.305, 574.569
4.68319, 236.835, 32.7218
7.45767, 222.136, 131.548
6.26931, -310.65, 385.957
4.97846, -558.716, -502.143
7.01651, -563.878, -390.026
4.68213, 411.479, 383.582
5.09239, 54.8549, -446.635
4.44866, 295.21, -426.421
5.63431, -200.994, -386.884
5.19331, 264.365, 8.09558
4.35955, 363.287, -348.793
2.54674, -170.651, 216.858
6.3794, 28.3991, -571.972
2.85317, -520.774, -522.325
3.98511, 267.344, -517.313
4.78581, 12.5587, -581.113
3.25156, -139.517, -123.007
5.97819, 422.119, -390.211
4.15587, 228.122, 77.5586
5.21197, 688.43, -601.065
2.64678, 657.484, -665.431
5.38086, -67.9128, -164.589
5.18133, 239.057, 201.879
7.36678, -566.625, -512.308
5.57063, -277.969, -421.661
5.26431, -730.552, 215.609
6.69051, -210.703, 518.036
3.75764, -457.183, 479.353
6.98957, 392.921, -56.0814
5.97428, 440.968, -377.39
5.82752, -379.026, -242.799
3.06838, -570.466, -477.683
3.37987, -436.448, 358.093
2.91253, -168.117, -33.2653
6.68103, -144.169, 149.616
2.64818, 633.873, -790.632
6.34719, -47.3915, -483.224
4.29829, -408.016, 460.49
6.24626, 99.454, 478.079
6.28385, 232.121, 94.1725
3.60834, -499.303, -496.459
5.58305, 287.128, 55.4427
3.66846, -415.062, -168.884
6.22052, -693.053, 302.541
5.80997, -589.799, -397.315
4.9209, 627.313, -554.222
2.58972, 506.053, -39.6986
4.98291, 278.223, 103.028
5.09587, -85.4369, -399.358
4.71395, -599.99, 181.45
4.14528, 135.441, 500.339
3.52671, 210.706, 86.0132
7.19863, 39.3929, -254.65
2.85168, -552.035, 364.963
3.30042, -27.7549, -511.798
6.70788, -494.125, -202.388
4.13614, -241.248, -162.504
6.85942, 272.578, 271.283
5.99896, 505.793, 452.677
5.52801, 526.356, -81.7563
4.77536, 39.3446, -194.779
2.91543, -534.289, -125.299
3.94883, 283.236, 102.238
6.51009, -528.858, -489.936
6.81821, 246.729, 113.563
3.81831, 221.996, -513.804
4.79881, -531.759, -181.699
4.95672, 392.313, -396.462
5.82344, -528.896, -454.65
7.31738, -388.051, -190.586
7.23022, 338.175, -516.208
2.81902, 278.118, -416.35
5.04829, -538.422, -211.268
6.13222, 621.821, 398.394
5.65882, 379.241, -52.7834
3.26658, -698.776, -633.708
5.09652, -604.878, 172.88
3.52281, -434.383, 504.494
6.03231, 313.037, -466.892
6.05786, -412.952, -197.203
3.66304, -174.716, -214.629
6.80594, 91.8205, -119.106
2.67122, 151.562, 515.847
6.26587, -569.112, 221.473
4.14789, 460.802, 26.2546
4.65309, -237.682, -317.89
7.33455, 613.543, -8.311
4.05803, 511.006, 474.686
5.69762, 694.001, -656.418
5.95386, 509.185, -17.2807
5.36403, -27.1917, 633.931
6.60667, 719.467, -685.937
4.21807, -435.899, -322.782
5.09387, -501.788, -436.651
6.78438, 33.49, -467.807
6.18587, 349.138, 126.2
3.45992, -630.796, 146.612
2.83145, -259.469, 195.179
3.60828, 696.172, -607.628
3.33656, 59.5, -159.227
6.31172, 361.413, -441.477
5.44905, -620.322, 155.863
4.65223, 624.606, 650.67
7.09618, 452.504, 51.4443
5.09668, 322.304, 119.177
7.38058, -490.881, -105.826
5.15714, -356.461, -67.4059
2.98716, 206.068, 0.49386
5.83983, 266.941, 187.057
5.44444, 280.439, 40.0671
5.01137, -442.593, -106.504
2.75808, -650.669, -42.2614
2.6753, -58.2198, -149.885
4.41484, -393.259, -497.863
5.55555, 274.077, 10.7505
5.06574, 561.351, 709.268
5.98498, 207.961, 38.7623
4.89891, 66.7144, -192.154
3.88323, 142.004, 397.925
6.01685, -346.403, 21.8089
3.67701, 534.377, -0.936025
6.41501, -73.1539, -157.097
6.60589, 106.572, 516.258
3.21842, -383.089, -87.4377
5.75757, -438.161, 575.585
3.87677, 613.214, -515.302
7.26215, -420.179, 651.538
4.58238, -482.791, -228.353
3.03869, -158.363, 153.76
4.70633, -639.069, 510.874
6.28811, -494.02, -137.163
2.77803, -473.099, -236.635
3.51241, 38.9928, 7.50933
6.82305, 638.354, -601.667
6.52456, -135.686, -121.028
2.78861, -642.224, -533.017
4.40304, -24.7771, -475.662
4.56124, -9.62745, 578.591
2.80071, -174.465, 213.583
7.09746, 622.464, 467.896
3.35398, 571.466, 514.14
6.51634, -575.269, 163.783
3.88599, 405.291, 129.127
4.44586, -75.228, 532.09
7.19936, -78.6997, 582.777
6.24573, -26.3099, -136.864
3.44774, -506.83, 695.086
6.89581, 300.016, 248.777
6.8953, 302.122, -558.716
3.30515, -376.291, -174.338
5.87346, -456.817, -204.516
6.89096, 376.333, 189.69
6.98262, 273.351, 251.656
3.06535, -22.0041, 514.336
5.93789, -246.433, -158.779
3.21651, -343.433, -379.306
3.6901, 264.065, 53.0769
5.64383, 536.513, -128.37
4.312, 504.508, 254.654
4.64437, 615.502, 417.76
4.91936, 47.627, -441.073
6.20379, 32.3073, -187.158
3.23098, -409.641, 461.075
7.36238, -448.533, -507.842
7.3158, -396.683, -207.016
3.14741, -434.326, 656.601
5.3784, -59.0568, -266.147
4.66439, 192.986, -106.309
5.50066, -270.087, -147.921
5.85098, -362.705, -186.711
4.5137, 476.492, 617.304
6.46691, 597.173, 506.47
4.89889, -369.483, -127.513
5.72449, 261.867, 297.87
4.28836, -371.402, 586.378
5.96794, -256.189, -162.803
5.83428, -415.322, -430.303
3.22071, -419.894, 587.456
7.10415, -604.587, 261.613
4.22228, 68.5548, -194.32
6.66824, -196.052, -443.386
2.74349, 353.743, -462.904
3.27936, -456.079, 131.968
2.55765, 138.447, 458.888
3.94327, 21.0114, 523.16
5.07295, -245.354, -246.75
3.65948, 599.742, 464.349
2.75022, -151.282, -131.477
5.33091, -601.561, -488.705
6.69774, -49.599, 602.837
4.28763, -607.444, -502.621
4.3452, 64.3772, 532.021
7.22226, 262.957, 59.5113
4.72425, -474.475, -202.718
6.82086, 252.135, 85.8011
5.82654, -418.656, -522.713
5.79297, 77.4057, 485.538
7.10736, -748.358, 686.212
5.11536, 689.616, -616.564
5.45229, 286.043, -435.884
5.79944, 573.594, 466.491
4.24765, 269.289, 206.01
4.11714, 249.457, 103.568
7.08984, -2.31248, 574.901
3.08619, 674.44, -469.936
7.31268, 399.56, -42.208
5.17978, 15.2502, -181.613
5.81447, 641.389, 422.69
5.48362, 633.949, -449.649
6.93363, -580.153, -467.823
6.67999, -499.018, -466.866
6.69339, 270.293, 186.681
6.85642, -135.456, 162.413
2.5002, -698.357, 48.1059
4.77274, 270.127, -19.5843
4.25696, -583.282, 206.068
5.80713, -188.209, 591.055
6.22234, -622.088, 249.986
3.3821, -91.8167, -263.179
7.4621, 735.61, -524.544
5.95466, -590.933, 212.08
6.97862, 291.994, 36.9129
3.51579, 256.368, 46.0144
7.2356, -420.756, -220.009
4.88476, 638.025, -461.883
6.78578, 655.6, -626.169
6.41237, -448.322, -445.085
5.70687, 699.674, -567.078
3.14521, -588.836, 170.75
5.77944, -31.9049, 578.869
3.09199, 97.056, -152.571
3.88793, 146.432, 536.143
6.65548, -187.356, -234.443
6.14153, -546.834, -419.169
6.74348, -728.175, 226.117
3.43989, -593.249, -330.071
6.09602, 369.299, -265.879
4.25586, 287, 333.876
3.34555, -508.449, -517.412
4.52383, 279.338, -452.065
4.20924, 88.302, 559.863
6.67141, 247.458, 56.0376
3.9111, 615.801, 400.226
5.16766, -689.132, -562.739
6.25085, 702.291, -577.591
4.62554, -591.769, -429.923
4.66964, -373.704, 547.82
3.03022, 682.448, -706.74
6.4639, -184.519, -376.716
3.91232, -605.007, -474.421
7.14264, -400.079, -127.722
5.37926, 279.677, 297.063
3.4895, 548.217, -258.403
5.99081, 311.726, -514.575
3.07265, 221.319, -354.979
4.22945, 150.026, 526.485
4.15646, -360.135, -155.05
6.42735, 670.5, -638.147
6.65775, 276.39, -46.4058
4.21712, -640.548, 618.076
4.2603, -192.704, 566.004
6.38197, -49.5721, -456.09
6.58658, -33.7241, 508.848
4.26157, -135.507, 142.827
7.09559, -380.099, -202.667
3.2877, 464.823, -43.3041
5.56029, -363.199, 522.716
5.54222, -416.918, 585.277
3.16647, -103.742, -395.372
3.51409, -513.513, -336.596
4.79457, -576.838, 438.157
3.48759, -88.0668, 534.053
6.77118, -679.741, 115.276
6.54562, -556.134, -409.88
2.80131, -620.366, 609.604
6.50584, -638.135, 481.609
5.49597, -53.2702, -393.343
7.43182, -528.479, 217.35
2.65919, 103.285, 603.771
6.8356, 651.74, -624.075
3.69109, 385.097, 61.9077
3.6127, 249.522, 244.89
4.73907, -465.353, -517.531
2.61231, 559.727, -135.506
6.79755, -122.426, -110.89
4.15902, 261.408, 279.916
5.72195, 203.913, 20.5096
7.43521, -423.786, -496.119
5.30162, 270.164, -414.508
4.74553, -508.935, -158.877
5.213, -64.7468, -443.895
2.90797, 527.191, -83.2622
3.99606, -524.18, -152.89
6.63964, 548.412, 487.265
6.48936, 470.945, 622.875
5.71048, -7.88071, 571.937
4.84105, 376.374, 63.233
7.15326, -135.338, -385.928
5.08798, -128.188, -113.013
7.42924, 637.332, -438.883
5.94567, 15.4694, -495.39
6.19966, -177.318, -319.647
3.46323, -555.695, -464.485
6.08881, -415.005, 571.023
6.11146, 531.123, 151.091
6.49298, 303.275, -11.0291
4.23216, 223.225, -579.835
5.1481, 45.9705, -206.761
3.19001, 541.946, -211.556
6.73218, -237.864, -166.586
6.32766, -9.29684, -503.373
7.5, 667.974, -485.035
4.24891, 423.583, 699.177
5.50367, -349.215, 555.454
3.50808, -348.535, -27.6733
6.2385, 35.5849, 2.69411
6.49225, 576.352, 198.713
3.03505, -712.223, 243.483
5.35813, -358.809, -121.264
2.84683, 233.553, -347.653
4.16036, 636.607, 424.338
5.80945, 201.431, -516.947
5.27726, 1.15986, -224.957
7.12415, 320.477, 59.2965
2.69832, -329.042, -138.709
2.62083, -213.248, -46.2284
4.61923, 302.108, -414.228
4.36987, 229.394, 89.2088
2.93303, -226.312, -197.956
3.05403, -55.8935, 12.3208
5.31992, 241.317, -399.091
7.37269, 44.6638, 567.17
3.05066, 8.52208, -494.678
5.99352, 120.263, 464.866
2.79674, -4.6776, -497.926
4.69755, 419.249, 56.9793
5.24651, 637.512, 596.092
3.45129, 475.902, -566.122
7.36597, 253.101, 53.4028
3.19593, -459.945, -153.037
5.48978, 602.845, -455.915
7.12812, -629.381, 599.856
3.91116, -26.4597, 502.214
6.8307, -146.493, -87.0563
6.29598, -129.351, -364.747
6.10793, 260.931, 256.39
3.34241, -171.453, 216.173
3.32882, 652.707, 566.85
3.39076, -595.907, -402.46
5.87226, 250.028, -472.511
4.83484, -191.324, -100.481
6.85219, -527.421, -423.944
5.76023, -488.358, -233.633
5.80464, 645.157, 597.727
2.58037, -538.909, -471.371
4.30596, -497.827, -474.717
3.72747, 523.977, 155.649
6.93086, -663.987, -651.126
5.23701, 748.574, 600.347
6.57209, -12.5354, -480.269
5.24453, 43.8161, 599.72
4.16156, 417.387, -86.9009
4.40213, 20.8166, -584.916
2.52389, 509.565, 480.231
6.95226, -147.908, -373.761
6.16955, -375.182, 544.283
6.04239, -38.3881, 522.423
5.1278, -54.3902, 113.38
6.41065, 42.0546, -438.96
3.42484, -327.21, -362.709
5.72673, 262.952, 252.511
3.42178, -416.274, -167.627
3.31214, 225.462, -438.947
2.65594, -264.573, 684.292
7.42716, -8.08096, -579.092
4.04559, -158.833, -375.746
4.11075, -415.16, -161.034
5.51155, 215.124, 50.2732
2.89107, -337.774, -598.431
3.93936, 60.0756, 5.48381
5.79307, -143.467, -370.947
7.36348, -510.044, -438.484
7.27758, -389.794, -472.488
7.42745, -470.191, -189.153
7.30478, -542.598, -475.81
3.0073, -476.913, 525.291
3.71505, -177.874, -322.691
6.91151, -32.4258, -207.29
5.28805, 240.154, 195.602
6.7669, 529.413, 500.315
7.49145, -397.707, 588.503
3.99751, 135.938, -599.479
6.33157, 612.492, 343.1
4.81901, 239.145, 33.0965
6.8168, -541.717, -357.248
6.99018, 506.606, 58.0693
7.377, 155.371, -359.495
2.77405, 361.374, 227.755
6.32605, 669.655, -684.205
5.09219, -643.025, 491.196
3.46574, 507.624, -95.0267
6.98252, 255.839, -457.977
6.38492, -582.205, 192.078
2.75968, 108.788, 406.299
7.47331, -638.388, 482.32
5.93659, -179.926, -369.746
5.94854, 586.629, 371.2
6.57666, -388.51, 504.977
7.05426, -218.042, -396.738
3.34218, -31.8355, -2.24324
5.24183, -389.102, 495.526
6.53351, -427.346, -167.378
4.17803, 238.937, -440.683
5.53435, -164.346, -133.528
6.59602, -630.864, 148.076
7.3485, 70.8807, -206.287
6.29349, 405.597, 276.273
3.72113, -87.2224, -117.441
5.80589, -600.788, 242.924
4.21574, -740.04, -534.339
7.27146, 202.797, -273.589
2.60828, 444.196, 647.152
4.54979, -720.942, 710.747
2.55789, 585.131, -615.356
3.04964, 542.463, 153.812
5.28259, -515.954, 196.47
4.45466, 23.3476, -220.787
7.20539, -68.3966, -170.82
2.55572, 259.841, 271.781
6.22897, -176.121, -322.865
3.84293, 289.867, 162.216
4.27153, -311.705, -474.592
3.45835, -466.704, 652.11
5.14832, 267.521, 6.84074
4.39478, 28.8212, -507.082
3.16407, 12.2, -428.325
4.26563, -216.546, -396.783
4.2497, 729.562, 654.169
7.41084, 353.46, -85.7915
5.25961, 34.4015, -197.588
4.99918, 29.3512, -507.217
3.58531, -588.642, 176.264
4.37311, 87.1325, -347.684
6.78251, -721.917, -505.664
6.45578, 722.164, -374.648
3.9204, -472.982, 487.812
5.07645, 227.234, 119.724
6.79238, -102.052, -102.3
7.07844, -406.942, -297.892
7.48941, 94.2985, 538.404
6.53177, 14.2837, -227.747
5.22718, -508.784, -158.198
7.3461, -18.9716, -587.953
5.31931, -548.86, 264.467
4.03031, -404.783, 575.179
5.41853, 652.708, 626.293
2.91197, 198.424, -218.016
5.47382, 261.659, 251.896
3.31968, -698.514, -563.38
6.46527, -547.23, -522.254
2.95373, 687.752, 364.202
6.3072, -609.391, -430.697
6.83996, -126.467, -107.587
6.40105, 114.987, -108.848
6.61399, 665.237, 655.572
6.70974, 242.294, 235.684
4.48328, 147.006, -36.1015
6.508, -84.7967, 90.0497
6.56811, 260.141, 113.939
5.43493, -360.791, -42.9311
4.64621, 490.431, -7.95378
2.5002, -52.3097, -299.098
5.31153, -571.558, 212.237
6.22632, 285.92, 125.944
3.89846, 562.535, 152.206
2.93406, -546.154, 415.799
3.5733, 597.623, -571.242
3.93296, -447.693, 553.659
4.86595, -279.341, 389.059
6.95893, 627.64, 711.328
5.91955, 369.656, -368.209
3.54376, 244.098, -303.09
6.67533, 592.035, -89.5227
7.09218, 643.981, 608.497
4.48244, -569.906, -551.694
6.37858, 376.021, 356.441
5.68161, -101.881, -117.213
6.64746, 159.795, 97.0349
3.40204, 372.838, -320.124
7.45927, 336.491, -507.225
6.70558, -14.2214, -472.171
4.65177, 539.653, 259.88
4.38589, 393.65, 685.19
2.70802, 450.917, -347.337
6.80715, -570.992, -516.149
6.62116, 668.636, -559.936
6.25052, 3.668, 596.181
3.55801, -206.351, 620.98
4.31029, -458.593, -205.63
4.43545, -592.165, -392.457
7.32918, 604.291, 481.653
6.5872, -70.3212, 501.48
4.5755, 59.0503, 355.573
5.83759, 294.658, 175.16
2.52101, 468.676, 623.725
6.98048, -614.733, 224.246
3.68416, -171.682, 216.604
3.79415, 277.811, 77.9482
5.4939, 314.291, -458.558
6.89823, -472.29, 110.273
6.16299, -543.641, -529.488
6.0773, 538.614, 476.58
3.57724, -390.66, 612.044
6.30413, 670.721, -657.312
3.85351, 9.69038, -189.055
2.75246, 380.007, 64.2309
4.78866, 245.69, 179.01
2.58759, 337.844, -538.737
3.01129, -51.1338, 115.539
2.639, -137.28, 144.561
5.65921, -272.777, -412.54
6.34425, 32.7937, -199.178
2.74132, 290.505, -461.383
6.6924, -6.7789, -484.274
6.76899, -231.708, -169.684
6.57649, -414.669, 570.392
6.85188, 654.932, 381.056
5.27222, -495.089, -103.648
6.12646, -207.419, -234.372
3.20424, -66.2186, 469.401
6.6115, 373.565, -372.685
5.51185, 313.947, -29.4488
4.93856, 335.836, -487.483
6.14942, -190.763, 538.362
4.05164, 654.324, -619.325
3.93925, -527.075, 167.129
5.45857, -648.448, 571.656
5.34055, 451.198, 641.103
5.41059, -506.169, -506.216
2.84132, -642.768, 261.774
4.34304, 110.709, -85.2456
6.28475, -510.876, -471.958
6.35297, -550.932, -433.344
4.27217, -415.082, -197.162
5.98913, 51.9358, 562.534
5.08005, -485.643, -181.02
5.94494, 181.331, 160.652
6.18066, 38.494, 649.507
2.56231, -159.861, -323.934
7.16549, 402.616, -51.328
5.37826, 260.932, 215.83
3.05587, 667.245, 837.216
4.87388, -136.709, -122.877
3.24247, 277.06, 137.243
4.22594, 184.166, 366.952
7.04476, -639.544, 246.258
4.54571, 95.9581, 483.886
5.96642, -499.598, -68.0398
3.35865, 363.905, -439.972
6.21715, 628.359, -437.011
4.16319, -507.89, 469.02
4.62157, 390.555, 166.918
2.79523, -142.846, -102.466
5.09005, 234.912, 63.249
5.94425, 199.237, -470.553
5.01149, -150.393, -104.204
6.56617, 35.4563, -473.541
3.07974, 6.68088, -464.145
5.24841, 280.223, 257.139
5.06046, 367.147, 145.783
6.02649, 572.642, 485.282
5.65083, -167.239, 520.641
4.0207, 24.1279, -513.07
6.74719, 268.892, 35.2311
3.39619, 533.185, 35.1006
2.61737, -375.665, 50.42
4.19467, 405.02, 34.8031
3.43818, 219.46, -40.8944
6.60467, -147.969, 47.4212
6.72507, -430.877, -190.733
6.78031, 698.014, -610.954
7.37454, -646.541, 572.562
2.99587, 337.57, -397.589
2.56182, 634.443, 525.367
2.58614, 209.573, 282.959
2.64527, 325.599, 107.309
4.1031, 83.931, -103.83
6.17815, 378.327, 188.802
3.14876, 271.58, 276.94
2.5161, -352.23, 319.419
6.91905, 8.33953, -481.782
3.70482, 242.124, -493.208
4.38481, -629.815, 570.497
4.44879, 462.42, -8.99247
2.81534, 430.605, 190.711
7.30792, 194.788, 467.886
3.75349, 571.836, -255.64
6.85376, -494.113, -61.0154
2.85991, -672.877, 398.485
2.70653, -428.327, 641.822
3.46378, 228.519, -424.032
3.86708, -234.447, 297.021
7.4007, -553.548, -332.938
3.60607, 227.85, -521.478
6.43119, -597.232, 515.224
4.42306, 178.505, -247.442
3.78593, 399.842, -578.023
3.91087, -595.923, 261.668
7.33834, 516.636, -122.205
4.22841, 201.694, 69.66
3.45922, -480.126, 627.212
5.05037, -465.45, -121.131
5.21857, -385.33, 604.349
5.72333, -496.856, -547.732
3.89738, -143.475, 625.469
3.41887, -174.467, -310.245
2.71579, -542.977, 151.875
3.98408, -417.854, -154.047
4.25548, -142.852, 61.9042
7.09372, -421.774, 518.814
5.81225, 394.097, -209.357
5.08041, 551.861, 489.419
4.03763, 411.72, 321.575
3.0007, -130.471, 61.423
3.47502, 259.287, -595.561
4.11407, 98.0822, -146.7
5.56182, 516.602, 84.4182
5.13511, 674.347, -524.605
3.45653, 254.537, 48.6716
4.7178, -513.188, -589.599
4.48693, -407.792, 631.694
6.28051, -457.67, 521.192
6.6213, 608.477, 474.132
5.51573, 64.2101, -102.482
3.04573, 328.259, -480.662
4.11797, 334.286, -90.3023
5.03403, 211.682, 210.776
4.76521, -354.443, 496.537
4.77315, -202.885, -352.881
4.91125, 641.412, 664.009
5.07896, 236.554, -478.732
4.50207, 115.512, 534.876
4.22945, 608.925, 391.245
6.64533, 538, -138.031
3.02204, -641, -356.47
6.40057, 360.136, 404.392
3.19919, -245.55, -273.468
2.62171, -549.184, -556.447
6.0664, 290.021, -496.639
7.15538, 4.88663, -491.112
7.47667, 286.854, 171.827
3.86264, -623.833, 251.771
3.6923, -431.623, -160.518
3.87328, 431.176, 608.281
5.70836, -540.534, -476.151
5.17637, 260.733, 104.782
6.8967, 555.572, -298.999
6.75968, -565.061, -387.744
2.98004, 499.48, 29.9406
4.66818, -625.847, 258.632
3.17045, 45.311, -480.785
5.86802, -157.476, 162.965
5.34964, -181.136, -381.648
3.66474, -308.775, 754.728
5.50306, 241.097, -426.899
2.6551, -515.519, -191.791
7.08512, 370.91, -253.617
3.82958, 601.361, -7.72819
6.50016, -133.232, -369.473
5.46389, -53.2597, -457.481
5.0822, 189.869, 154.151
5.2567, 253.433, 221.167
3.47225, 261.497, 12.6728
5.36152, -80.172, -526.964
3.81992, 264.424, 247.608
4.41648, -639.37, 504.81
2.73626, -564.292, -534.031
4.22823, 437.988, -575.898
3.61594, 472.736, -369.3
3.81264, -148.701, -488.179
3.05141, -231.237, -419.259
7.40088, -473.32, -77.3044
5.93794, 586.688, 452.986
5.82158, -465.563, -126.427
5.99501, -548.954, -414.255
2.68746, -449.684, -500.967
3.6706, -498.409, -350.024
3.95397, 643.645, 418.154
3.50543, 36.8059, -233.031
2.7177, 253.656, 186.963
2.56571, -405.018, 506.32
6.07297, -437.345, 504.092
6.88348, -509.576, -466.777
5.35088, -595.001, 126.186
6.92743, 750.484, 751.508
5.20042, -404.639, -211.374
3.31357, 631.473, -557.373
3.30492, 574.149, 447.106
7.19182, 222.408, 108.122
3.45628, 321.296, -514.905
3.15761, 252.666, -297.977
4.41122, -112.012, -115.636
6.12674, 233.221, 54.8345
2.50651, 558.168, 709.558
4.60222, -214.068, 474.535
5.18984, 216.927, 50.5235
4.86596, -143.834, 237.377
6.33003, 550.63, 538.802
2.9396, 368.757, -351.696
7.04284, 309.707, 199.171
3.20818, -511.935, -625.234
2.54782, 250.417, 110.151
2.82267, 329.395, 339.358
4.96742, 290.508, 128.098
5.40914, 483.535, 581.819
4.03373, -567.047, 438.502
4.57091, 483.497, -44.6834
4.33401, -608.699, -439.948
3.42687, 91.8135, 524.911
2.76788, 181.128, 88.6543
4.47222, 336.815, -33.1658
3.98388, -90.2191, -92.3713
5.05388, -471.691, 520.671
3.75392, -631.898, 212.814
5.01589, 644.807, 680.862
2.51168, -74.0085, 505.191
7.01807, 661.07, -442.424
2.79181, -631.397, -721.932
5.17506, -483.269, 486.877
3.95754, -462.245, 488.186
7.3023, -470.195, -178.217
4.73406, 230.849, -17.3299
5.08479, 558.174, 159.976
5.93861, -104.161, -116.007
2.72187, -180.123, -65.1285
7.2946, -614.643, 537.877
5.70852, 259.897, 82.0202
2.80215, 297.977, -570.364
3.33964, 321.764, 204.969
5.76491, 329.379, -88.2266
6.19864, -694.089, 51.6965
3.57011, 631.505, 257.459
4.31441, 187.971, -303.581
6.56981, -505.178, 596.865
5.32057, 567.685, -324.947
7.45886, -27.288, -506.948
6.5669, -562.647, 213.394
3.49157, -591.673, 33.6038
2.50003, -6.0808, -463.218
4.62608, 680.545, -598.345
4.07406, 621.561, 168.307
5.56218, 515.26, -610.698
3.83351, -138.386, -388.788
4.39881, -532.657, -201.814
5.43397, 543.526, 127.928
5.95636, -200.953, -393.359
7.26736, -194.073, -377.308
4.89785, -288.962, -533.861
3.60319, 190.673, -438.147
5.33741, -596.57, -506.616
6.09873, 262.393, 39.4766
4.4953, -360.945, 526.227
3.48326, -504.147, 600.849
6.66971, -506.35, -470.722
5.59561, -492.184, -445.691
7.26866, -133.65, 63.3971
3.23222, 11.0048, -59.1691
5.38953, -163.637, -376.767
7.26796, -380.476, 531.838
3.62331, 708.831, -695.102
7.25137, -415.264, 586.577
3.07874, 592.693, -232.016
2.58372, 199.072, -108.052
3.90465, -185.007, -235.536
7.15042, 410.867, -2.2234
3.04796, 646.314, 680.066
6.77266, 75.458, 369.337
5.68532, -516.801, -468.359
5.63853, 316.285, -459.245
3.80589, 634.279, 450.622
5.13936, -535.369, 195.551
7.16608, -206.923, 528.177
3.98055, 445.994, 25.0485
4.78006, 249.713, 287.352
6.35659, -481.629, -630.539
4.17193, 294.378, 156.8
6.31775, -9.74077, -513.6
6.65892, -3.17549, 487.062
2.64618, -629.73, 531.677
4.31315, 545.054, -169.04
4.16221, 270.916, 250.537
3.17675, -291.207, -62.3449
3.00839, -218.334, 633.632
5.11327, -427.443, 513.142
3.52046, -58.0421, -339.981
5.00728, -528.68, -472.228
5.1371, -4.49153, 500.329
4.13422, 109.323, -230.894
4.75888, 217.367, -267.01
6.85263, 39.5169, 480.284
4.72884, 571.865, 550.894
6.03726, -466.358, -480.578
6.83171, 687.911, -601.656
6.5822, 559.254, 161.982
2.67504, 813.472, 581.308
3.8644, -470.7, -178.29
5.21858, -227.222, -370.461
3.19942, -452.376, -385.299
5.57408, -564.207, -525.482
3.29182, -419.356, -674.33
4.41129, 321.507, 148.194
5.94997, -43.7625, 65.6835
3.21128, -421.754, 649.281
5.65284, -625.915, 548.108
3.15973, 76.8329, 543.301
7.13583, -608.402, 223.627
5.53465, -623.597, 526.07
5.50388, -647.862, 191.887
3.33635, 373.003, -365.487
3.301, -512.177, -628.127
5.91628, 384.495, 0.131674
5.1456, -514.545, -90.9017
3.65264, -63.1369, 518.291
6.55373, -409.959, -248.864
5.76477, -285.542, -370.174
4.08597, -570.069, -397.731
2.53953, -215.841, -463.315
3.49176, 436.623, 502.03
3.78831, 195.716, 296.887
3.03825, 560.468, -145.051
3.49545, 99.9585, -123.651
6.75079, 810.047, -478.771
6.63912, -521.837, 205.73
6.76813, -573.556, -392.419
5.71027, 53.3561, 558.641
3.6787, 723.996, -609.5
6.80638, -597.942, -443.175
5.4745, -214.061, -33.0133
2.52745, 425.542, 24.0165
6.84925, -586.354, -428.394
7.37729, 365.394, 198.095
5.59653, 253.352, 49.5803
3.85574, -608.099, 144.073
7.46973, -164.07, -374.39
4.60751, -569.357, -545.56
4.20537, -588.387, -409.003
4.80717, 251.235, 58.6428
4.44822, 173.507, -231.177
4.613, 182.645, 567.945
2.84879, 355.243, 232.692
5.5153, 74.3416, -195.679
7.36114, -62.2669, 84.6452
5.07406, -590.587, -528.418
7.45461, 524.217, -81.6881
5.84906, 410.532, -49.7031
4.01716, -520.258, -201.128
3.47371, 533.179, 479.224
4.0109, -586.346, -534.632
4.93946, -347.608, 316.019
4.72438, 482.176, 589.817
5.7844, 372.033, -496.448
3.74227, -497.053, -475.541
4.72007, 115.192, 408.524
5.75894, -487.44, -107.03
6.67472, -586.181, 251.027
6.03698, 110.437, 548.203
4.93928, -336.537, -445.167
6.72039, 270.06, 60.908
7.00296, -410.388, -158.358
6.33082, -597.672, -528.678
5.29453, 461.203, 616.73
2.70603, 122.611, 56.7232
5.46749, 478.612, -13.4114
2.68674, -406.034, 488.856
4.53488, 287.008, 276.291
2.84243, -638.51, -608.592
7.38558, -573.966, -502.597
2.5956, -542.395, -248.224
6.60363, -277.79, -151.719
5.2195, -468.772, 539.608
5.72828, 628.657, -238.402
3.62934, -145.474, -109.44
2.733, 704.854, -529.145
3.63154, 304.734, -432.81
4.58371, -629.006, 171.642
6.40126, 267.229, -417.335
3.72852, -619.865, 154.841
4.81411, 451.107, 50.5965
6.14756, 548.511, 114.813
5.35237, -367.539, 577.992
5.45997, 620.571, 666.12
4.98425, -565.344, 139.083
3.951, 186.763, 73.2384
4.71107, 79.5535, -185.508
2.53669, 639.348, -432.442
7.41683, 359.127, -233.059
2.52822, -606.374, -312.477
4.8676, 120.242, 547.95
5.86497, -244.453, -205.625
