6.27803, -960.736, 483.632
3.5948, 292.773, 803.855
5.89648, 634.393, -359.929
5.09708, 37.0662, 236.412
2.76731, 1505.62, -1681.75
2.53849, 427.719, -179.234
4.58743, 2143.63, 1216.54
7.15218, 158.747, -31.2633
2.95982, -150.222, 505.989
6.00595, 635.384, 556.067
3.81226, 389.193, 165.119
4.14117, 23.6491, -47.6034
7.45519, -463.949, -591.995
7.41275, -14.1863, 39.9871
5.75759, 242.435, 518.933
6.92354, 145.126, -245.135
6.33247, 68.794, 67.7118
3.87453, -816.929, 118.684
4.93259, 70.7598, 95.7018
2.80282, -1795.85, 203.485
5.08146, 107.593, 277.349
4.96988, -1387.51, 440.307
7.23882, -267.792, -230.96
4.42071, -57.3654, 49.8049
5.14874, -1091.38, 445.301
2.75042, -291.808, 1372.09
6.63909, 346.551, 514.885
5.94228, -519.427, -130.322
6.18112, 48.854, 223.602
6.94286, -1148.11, -1232.44
4.25508, -46.3616, 118.467
6.72991, 120.982, 292.305
3.84659, -31.0849, 189.78
4.83959, 702.634, 41.0271
3.2686, 14.6605, -331.29
2.66527, -178.823, 110.86
7.2768, -719.242, -727.221
6.95369, 361.323, 324.056
3.29884, -884.089, -10.5066
3.15214, -707.53, -318.304
2.515, 799.534, -98.8649
6.0491, -158.459, -229.121
3.40448, 834.153, -136.448
5.76029, 4.23265, -197.07
4.42907, 34.9887, -260.153
3.23766, 488.03, 766.493
5.45054, 217.549, 475.083
3.24076, 993.729, -453.454
3.2091, -892.557, -758.275
4.94257, -311.544, -376.295
3.13015, -759.848, -85.7131
5.64635, -615.769, 6.56689
5.60817, 118.489, -91.2331
4.88216, 1041.74, -1440.74
2.64188, 522.695, 817.207
3.21011, 1285.66, -337.035
3.15594, 207.424, 264.567
3.31099, 678.236, -1003.62
3.76529, 444.777, -174.379
4.77654, -1594.57, 862.822
6.54472, -59.8057, 46.3487
3.57624, 166.909, 195.135
3.75063, 166.214, 684.41
5.02978, 350.227, 535.641
6.27922, 103.853, -156.661
5.66369, -476.377, -1137.27
5.9449, -1023.71, -671.79
7.27207, -762.793, -312.799
5.18713, 1357.45, -716.11
4.57014, 143.884, 732.794
4.70019, 295.623, 468.572
6.07821, -825.844, -960.613
6.20858, -730.185, -929.078
5.12494, -1118.55, 1016.23
6.06711, 9.08555, -6.98214
5.91025, 92.297, -44.4655
6.82941, 829.582, -652.668
3.19597, 742.357, 418.9
3.57766, 20.5207, -0.188344
5.0733, -64.8065, -352.404
4.83766, 361.143, 473.59
3.55759, 775.983, -1059.02
5.65244, 655.62, -399.15
2.5044, 814.273, -1126.37
4.09589, -78.976, -1498.23
5.90281, 59.6247, 199.958
6.0446, -70.1097, -180.317
2.90869, 54.4984, 389.508
3.56926, 237.613, 125.336
4.44412, -47.2244, -188.246
4.44927, -1409.78, -560.177
3.92018, 241.365, -81.8516
4.6123, 185.135, 206.12
2.55658, 649.949, 2.53187
3.72027, -1391.63, 750.207
4.49072, -345.356, -1269.25
6.64177, -124.945, 208.171
3.78584, -553.621, 478.862
3.59705, -604.313, -396.895
6.47385, 389.008, 350.553
5.8476, -547.884, -282.519
5.49108, -197.576, -447.309
5.99917, 1072.75, 502.221
5.13062, 26.0553, 126.19
4.14833, 139.469, -80.4084
3.30844, 1221.18, 179.967
6.56633, -193.63, -108.141
4.08004, 685.436, 326.922
4.05369, 99.2245, -227.559
4.65424, -92.4484, 181.728
4.46509, 534.054, 52.8387
4.43916, 326.075, -403.863
4.34871, 135.341, 25.8068
5.88118, -483.482, -520.824
6.10384, 696.667, -35.1989
7.20082, -929.34, 60.167
5.08573, 43.8378, -15.3925
5.5282, 645.195, 554.26
5.85049, 686.029, -994.506
5.11404, -409.975, 59.8395
3.87105, 175.715, 216.209
7.08924, 343.922, 420.195
3.73367, 143.886, 52.5113
4.77876, -399.573, 445.515
3.30374, -50.9625, -267.845
4.68319, -126.325, -358.306
7.45767, 307.161, -308.253
6.26931, 907.318, -1141.28
4.97846, 49.8075, -66.6253
7.01651, 16.6079, -30.6394
4.68213, 382.873, 259.99
5.09239, 885.489, -666.636
4.44866, -800.955, -934.586
5.63431, 69.6317, 97.4583
5.19331, 194.53, 6.78068
4.35955, 343.295, -243.56
2.54674, 17.8373, -115.444
6.3794, -124.616, -191.667
2.85317, -124.113, -60.9221
3.98511, 150.437, -199.815
4.78581, 47.1318, -72.9145
3.25156, 202.237, 104.032
5.97819, 356.186, 392.52
4.15587, 383.931, -197.918
5.21197, -912.575, 1538.05
2.64678, -1195.15, -292.826
5.38086, -249.875, -581.896
5.18133, 255.704, -146.58
7.36678, -571.038, 565.32
5.57063, 33.882, 88.0859
5.26431, 831.14, -1103.99
6.69051, -33.5686, 392.113
3.75764, 98.5382, 547.627
6.98957, 14.3422, -73.2508
5.97428, 489.986, -194.014
5.82752, 254.008, 996.341
3.06838, 279.879, 347.771
3.37987, 396.549, -138.153
2.91253, 58.1832, 209.08
6.68103, -250.911, 635.276
2.64818, -418.386, 308.658
6.34719, -71.406, -111.058
4.29829, 217.105, -1191.4
6.24626, 833.792, -279.118
6.28385, 76.8128, 161.019
3.60834, 1009.98, -14.2417
5.58305, 39.3057, -2.97861
3.66846, -31.7277, 21.378
6.22052, 130.152, -1124.37
5.80997, 305.436, 542.131
4.9209, -831.004, 1596.77
2.58972, -619.249, 178.536
4.98291, 57.2055, 488.434
5.09587, -127.342, -63.4547
4.71395, 656.883, 1049.98
4.14528, -941.151, 90.5593
3.52671, 205.336, -375.956
7.19863, -261.008, 773.354
2.85168, 868.892, 798.616
3.30042, -122.206, -417.285
6.70788, 13.2255, 102.67
4.13614, 329.034, 291.671
6.85942, 279.442, 550.353
5.99896, -362.483, -264.801
5.52801, -125.96, 218.156
4.77536, 434.483, 599.646
2.91543, 1056.1, 9.3925
3.94883, -971.915, -773.373
6.51009, -373.182, -99.7098
6.81821, 520.957, 568.381
3.81831, -1462.48, 157.188
4.79881, 123.106, -212.745
4.95672, -76.2799, -226.079
5.82344, 596.386, -884.874
7.31738, -19.8795, 44.2679
7.23022, 165.206, 27.45
2.81902, 196.315, -592.572
5.04829, 138.929, -31.0814
6.13222, -186.709, 8.61967
5.65882, 249.381, 4.17339
3.26658, -9.82462, -368.035
5.09652, 658.281, 1052.82
3.52281, 1673.68, -605.304
6.03231, 60.5609, -257.989
6.05786, -188.681, 1755.19
3.66304, 263.422, 220.582
6.80594, -279.965, -16.6192
2.67122, -476.953, -586.224
6.26587, 27.9548, 443.122
4.14789, 193.367, 131.353
4.65309, 1461.6, -170.864
7.33455, 216.649, 372.252
4.05803, -741.719, -740.66
5.69762, -1717.74, 159.353
5.95386, -76.9446, 56.7424
5.36403, 64.8729, 102.921
6.60667, -918.977, 1553.63
4.21807, -1089.08, 640.188
5.09387, -54.2811, 199.738
6.78438, 749.858, -9.88084
6.18587, 697.92, 497.572
3.45992, -65.0673, 103.65
2.83145, -61.6058, -26.0334
3.60828, -1328.73, 848.595
3.33656, 27.0485, -77.0504
6.31172, 43.6953, -51.9419
5.44905, 378.83, -982.192
4.65223, -1818.99, -295.662
7.09618, 866.764, -331.147
5.09668, -162.253, 355.977
7.38058, -484.548, 235.584
5.15714, 332.039, 290.792
2.98716, -314.616, 1044.5
5.83983, 315.424, 471.023
5.44444, -393.55, 994.548
5.01137, -31.3995, 15.7091
2.75808, 847.459, -0.465087
2.6753, 734.786, -334.29
4.41484, -69.8864, -9.22849
5.55555, -775.197, -1130.88
5.06574, -1815.44, -272.533
5.98498, 32.4855, -9.80351
4.89891, 17.4809, -322.769
3.88323, -1700.26, -27.5453
6.01685, -29.0368, 1200.24
3.67701, 4.12492, 139.829
6.41501, 98.9275, -109.223
6.60589, 815.481, -407.182
3.21842, 862.611, 1051.78
5.75757, 632.209, -555.073
3.87677, -102.779, 349.335
7.26215, 423.42, -555.889
4.58238, 65.73, 2.87663
3.03869, 81.8384, 231.031
4.70633, 77.6298, -25.7601
6.28811, 130.982, 88.7191
2.77803, 638.682, 579.562
3.51241, 105.872, 13.1387
6.82305, -127.004, 221.458
6.52456, -22.1101, 45.533
2.78861, 304.196, 951.525
4.40304, -138.617, 76.2499
4.56124, 288.449, 130.485
2.80071, -540.36, -103.627
7.09746, -676.378, -642.671
3.35398, -1.92793, -64.1661
6.51634, -156.835, 168.593
3.88599, 409.526, 331.889
4.44586, 171.13, -135.304
7.19936, -931.535, -129.215
6.24573, 11.4794, 1159.86
3.44774, 787.456, -1091.82
6.89581, 142.484, -48.3287
6.8953, 194.631, -37.3829
3.30515, -31.2776, -268.655
5.87346, -119.203, 213.929
6.89096, 61.5959, -175.608
6.98262, -484.819, 1195.24
3.06535, 65.4709, 63.3724
5.93789, 339.728, 575.56
3.21651, -184.23, -370.981
3.6901, 500.929, -198.529
5.64383, 798.834, -654.233
4.312, 438.606, 324.496
4.64437, -807.399, -694.605
4.91936, 598.419, -573.437
6.20379, -232.073, -460.888
3.23098, 685.306, -403.149
7.36238, -293.604, -131.385
7.3158, 79.7628, -89.3163
3.14741, 670.992, -549.906
5.3784, -413.288, -336.021
4.66439, -357.887, -5.21995
5.50066, -47.2217, 8.35519
5.85098, -189.928, -61.477
4.5137, -1153.72, -405.509
6.46691, -866.146, -680.988
4.89889, -1008.15, 821.595
5.72449, -667.193, 374.613
4.28836, 1534.77, -334.199
5.96794, -99.1937, 597.204
5.83428, 239.034, 362.812
3.22071, 689.19, -405.341
7.10415, -85.936, 16.0408
4.22228, 582.444, 1330.1
6.66824, -168.331, -212.816
2.74349, 516.834, -165.036
3.27936, 419.146, -309.787
2.55765, 581.983, -289.335
3.94327, -74.0686, -26.2227
5.07295, 210.423, -248.379
3.65948, 168.189, -1312.45
2.75022, 248.133, -232.836
5.33091, -26.458, 26.4488
6.69774, 57.9053, 224.007
4.28763, 468.922, 628.448
4.3452, 395.939, 369.921
7.22226, 423.274, 209.541
4.72425, -771.696, 412.264
6.82086, 21.3587, 162.413
5.82654, 311.857, -510.763
5.79297, -576.217, -317.597
7.10736, 1024.84, -740.977
5.11536, -1124.48, 1018.25
5.45229, -621.974, -355.721
5.79944, -234.472, -1132.05
4.24765, -857.555, 410.612
4.11714, 510.176, -96.8293
7.08984, 400.374, 377.694
3.08619, -1302.35, 510.726
7.31268, 152.448, -180.825
5.17978, 257.81, -104.942
5.81447, -519.032, -158.325
5.48362, -1424.63, 614.39
6.93363, -295.998, 154.733
6.67999, -124.809, -231.733
6.69339, 311.646, 469.92
6.85642, 84.1713, -270.323
2.5002, 304.06, 876.828
4.77274, 88.9184, 448.379
4.25696, 1037.93, -120.365
5.80713, 1264.85, -1189.72
6.22234, 151.673, -139.664
3.3821, -433.657, -1350.21
7.4621, -600.728, 841.239
5.95466, 392.714, -295.303
6.97862, 198.315, 64.2991
3.51579, -337.549, -251.063
7.2356, 73.2793, 689.69
4.88476, -1394.68, 618.719
6.78578, -1326.36, 844.713
6.41237, -252.963, -517.701
5.70687, -1118, 1020.74
3.14521, -274.43, 591.209
5.77944, 161.056, -602.683
3.09199, -39.2951, 73.8419
3.88793, 1095.94, 76.4272
6.65548, 297.68, 1126.07
6.14153, 1218.33, 1521.05
6.74348, 1268.09, -945.649
3.43989, -128.069, -670.08
6.09602, -50.2094, -397.101
4.25586, -342.524, 575.877
3.34555, 542.135, 772.422
4.52383, -1250.41, 217.005
4.20924, 203.942, 179.108
6.67141, 40.7644, 136.211
3.9111, -957.208, -1550.67
5.16766, 738.488, 566.705
6.25085, -301.741, 298.352
4.62554, -20.5091, 89.0191
4.66964, 1038.93, -94.3745
3.03022, -1283.16, -474.453
6.4639, -273.755, -380.91
3.91232, -130.441, -110.157
7.14264, 1191.26, 1412.07
5.37926, 347.694, 415.95
3.4895, 166.346, -606.963
5.99081, 167.145, 283.024
3.07265, -379.462, -513.256
4.22945, 552.706, 660.887
4.15646, -73.8638, -429.728
6.42735, -1368.29, 670.079
6.65775, 397.959, 344.194
4.21712, 857.789, -476.887
4.2603, 256.749, 251.072
6.38197, -158.395, 43.0996
6.58658, -456.5, -319.258
4.26157, -60.5717, -54.8691
7.09559, -152.055, -32.5339
3.2877, 663.062, 523.508
5.56029, 637.556, -543.104
5.54222, -5.33714, 0.307657
3.16647, 888.326, 1149.38
3.51409, 1047.37, 1536.22
4.79457, -244.853, 69.0996
3.48759, -592.969, 445.565
6.77118, 41.354, -102.23
6.54562, -495.245, -331.606
2.80131, 674.747, -860.192
6.50584, 544.964, -1482.61
5.49597, -1.53661, 175.085
7.43182, -137.6, 74.2146
2.65919, -791.096, 67.7171
6.8356, -977.129, 1188.32
3.69109, 15.9465, 551.516
3.6127, 102.601, -652.528
4.73907, 1784.16, 828.236
2.61231, 464.849, -209.835
6.79755, -138.387, -10.0762
4.15902, 392.052, -1736.14
5.72195, -447.251, -269.857
7.43521, 562.101, -93.094
5.30162, 268.514, -401.401
4.74553, 32.9806, -29.9685
5.213, 46.6627, 77.5553
2.90797, 184.239, 10.2051
3.99606, 1036.3, 899.53
6.63964, -1312.31, -313.332
6.48936, -1036.75, 275.002
5.71048, -27.1514, -53.562
4.84105, -173.721, -161.901
7.15326, 376.849, 1037.48
5.08798, -421.793, -223.891
7.42924, -1309.89, 871.548
5.94567, -64.249, 247.112
6.19966, 65.0742, 72.5277
3.46323, 828.579, 501.65
6.08881, 1089.59, -778.103
6.11146, 261.628, 572.696
6.49298, -225.437, -68.4055
4.23216, -1393.27, 210.052
5.1481, 219.274, 525.795
3.19001, 305.003, -691.245
6.73218, 8.96062, -87.2896
6.32766, 253.623, -106.685
7.5, -1423.88, 614.451
4.24891, -1896.32, -756.617
5.50367, 953.761, -28.8392
3.50808, -29.857, 1333.07
6.2385, -1100.23, 186.833
6.49225, 268.081, 436.68
3.03505, -341.528, 459.4
5.35813, -64.7443, 50.4963
2.84683, -1668.24, 611.549
4.16036, -98.5615, -151.268
5.80945, -23.7015, 225.779
5.27726, 288.585, 1254.34
7.12415, 168.898, -64.4946
2.69832, 234.01, 745.014
2.62083, 773.737, 754.776
4.61923, 190.429, 250.051
4.36987, 96.4461, 360.706
2.93303, 933.318, 741.482
3.05403, 102.571, -115.589
5.31992, -1242.44, 152.181
7.37269, -97.8648, 168.943
3.05066, 39.6701, -1333.17
5.99352, -1032.42, -1205.69
2.79674, 330.429, 962.112
4.69755, -24.7217, -48.6107
5.24651, -627.952, -519.542
3.45129, 21.636, -83.4984
7.36597, 144.946, -215.387
3.19593, 25.7468, -482.775
5.48978, -1062.15, 299.766
7.12812, 217.729, -822.03
3.91116, 155.836, 417.086
6.8307, 17.903, -113.229
6.29598, 615.704, -681.696
6.10793, 148.717, -292.702
3.34241, 389.092, 574.235
3.32882, -303.567, -802.56
3.39076, -25.5036, -185.892
5.87226, 93.7969, -122.228
4.83484, -222.263, -18.9474
6.85219, -66.222, 52.8008
5.76023, -175.742, -340.508
5.80464, -521.435, -162.786
2.58037, 77.314, 226.903
4.30596, 1604.53, 1015.11
3.72747, -4.44905, -289.084
6.93086, 700.007, 755.624
5.23701, -1972.42, 17.6661
6.57209, 14.2878, -250.148
5.24453, -488.894, -627.051
4.16156, 168.493, 266.783
4.40213, -646.474, -1062.36
2.52389, -579.757, -20.6858
6.95226, 269.427, 60.7403
6.16955, 513.69, -56.5192
6.04239, 351.729, 357.482
5.1278, 852.808, -796.669
6.41065, -140.427, -21.6985
3.42484, -143.574, 34.4495
5.72673, -74.9162, 116.119
3.42178, -183.86, -34.9565
3.31214, -899.639, 270.208
2.65594, 799.159, 119.908
7.42716, -73.597, 137.835
4.04559, -11.6316, -42.2447
4.11075, -40.4096, 176.62
5.51155, 16.8334, -26.4159
2.89107, 1385.47, 6.6683
3.93936, -146.921, 241.041
5.79307, 688.049, -524.862
7.36348, -72.7703, -57.4153
7.27758, 1085.79, 359.735
7.42745, -365.157, -142.744
7.30478, -197.762, 89.2324
3.0073, -64.6092, -178.498
3.71505, -154.219, 157.156
6.91151, 3.82111, 24.8087
5.28805, 335.543, 399.209
6.7669, 144.462, 123.566
7.49145, 765.338, -346.621
3.99751, -1157.65, 883.689
6.33157, -2122.42, -791.726
4.81901, -751.479, 53.4275
6.8168, 88.569, -82.8441
6.99018, 252.659, 33.4767
7.377, -31.997, 63.4236
2.77405, 168.759, -18.0915
6.32605, -152.887, 222.469
5.09219, 789.935, -971.643
3.46574, -22.4214, 486.659
6.98252, 69.9322, -83.9204
6.38492, -308.893, 263.294
2.75968, 265.203, -142.459
7.47331, 633.436, -987.7
5.93659, 182.3, 64.2024
5.94854, -523.246, -151.119
6.57666, 1025, -549.165
7.05426, -163.278, 24.8792
3.34218, 554.842, 1554.32
5.24183, 1051.57, -717.21
6.53351, -117.293, -28.2264
4.17803, 198.996, 214.195
5.53435, 203.19, -524.891
6.59602, 454.04, -953.862
7.3485, 87.3405, -59.9545
6.29349, 4.66956, -282.836
3.72113, 205.087, -359.583
5.80589, 59.7418, -65.5408
4.21574, 516.709, 182.286
7.27146, 50.3043, -10.1409
2.60828, 558.788, -1162.84
4.54979, 690.171, -333.786
2.55789, -390.202, 1100.45
3.04964, 125.008, -163.022
5.28259, 586.158, -841.022
4.45466, -10.8979, -15.6544
7.20539, -29.4025, -158.818
2.55572, -579.642, 54.638
6.22897, 91.2907, 552.498
3.84293, 275.709, 21.4979
4.27153, -261.911, 32.2927
3.45835, 1535.93, -1644.09
5.14832, -166.04, 13.1144
4.39478, -303.369, -1394.16
3.16407, -42.2107, -195.22
4.26563, 236.432, 7.50086
4.2497, -1552.58, 682.743
7.41084, -1039.85, -673.061
5.25961, 205.368, 360.054
4.99918, -996.639, -276.112
3.58531, 624.977, -891.144
4.37311, 236.999, -200.612
6.78251, 648.244, 492.443
6.45578, -792.08, 1381.81
3.9204, 1023.68, -1066.25
5.07645, 469.457, -590.886
6.79238, -87.3513, 60.8671
7.07844, 370.954, -415.827
7.48941, -777.665, -719.744
6.53177, -533.687, -478.887
5.22718, -109.68, -351.399
7.3461, 337.891, -390.383
5.31931, -284.294, 232.82
4.03031, 676.629, -575.349
5.41853, 467.277, -122.199
2.91197, -1.65301, -395.448
5.47382, 249.039, -168.929
3.31968, 764.817, 1134.56
6.46527, 179.703, 489.18
2.95373, -617.716, 398.498
6.3072, -18.8972, -51.1481
6.83996, 27.9653, 153.857
6.40105, 112.937, 122.316
6.61399, -938.263, -435.563
6.70974, -16.0827, -55.7327
4.48328, 691.024, 346.85
6.508, 10.2597, -19.7015
6.56811, 281.007, -18.7014
5.43493, 557.523, 914.265
4.64621, 29.4786, -169.963
2.5002, 468.069, -611.236
5.31153, 7.48281, -267.171
6.22632, 372.15, 333.026
3.89846, 1133.82, 560.35
2.93406, -136.05, -1543.5
3.5733, -547.044, -47.5463
3.93296, -114.534, 52.9925
4.86595, 520.276, -256.006
6.95893, -848.742, -672.969
5.91955, 233.569, -168.895
3.54376, -16.008, -43.9727
6.67533, 119.341, -14.8142
7.09218, -548.499, -316.232
4.48244, 647.604, 171.711
6.37858, 239.697, 445.108
5.68161, -140.051, -138.781
6.64746, -14.5837, 156.736
3.40204, -119.551, -452.865
7.45927, 82.2982, -20.6915
6.70558, 377.829, -529.464
4.65177, -463.881, 272.384
4.38589, -575.182, 184.422
2.70802, 53.1309, -160.821
6.80715, -261.658, -275.516
6.62116, -1199.46, 884.107
6.25052, 223.892, 656.938
3.55801, 240.599, 114.928
4.31029, -162.046, -48.0119
4.43545, 214.186, 387.932
7.32918, -1174.01, -804.582
6.5872, 41.1066, 143.278
4.5755, -654.148, 7.37103
5.83759, 237.384, 44.8553
2.52101, -1327.77, 960.125
6.98048, -178.04, 108.794
3.68416, 669.722, 532.112
3.79415, 112.435, -43.1536
5.4939, 363.842, -107.286
6.89823, -851.942, 121.984
6.16299, 688.105, 172.039
6.0773, -723.765, -283.535
3.57724, 1767.75, -107.734
6.30413, -1393.2, 948.31
3.85351, -64.7453, -74.5757
2.75246, -171.714, -157.726
4.78866, 246.492, -122.409
2.58759, 434.367, -77.2236
3.01129, 1398.89, -1035.44
2.639, -514.353, 195.955
5.65921, -145.145, -171.915
6.34425, -111.593, 0.958111
2.74132, -731.82, -393.432
6.6924, -211.204, -169.463
6.76899, 43.726, -20.5539
6.57649, 648.329, -550.897
6.85188, -138.358, -1201.57
5.27222, -45.4783, 24.7508
6.12646, 46.018, 887.415
3.20424, -1493.74, 831.084
6.6115, 85.3252, -122.789
5.51185, -772.902, -1128.26
4.93856, 138.94, -122.676
6.14942, 83.4167, 266.741
4.05164, -986.066, 511.698
3.93925, 193.547, -516.379
5.45857, 857.658, -1106.99
5.34055, -1156.57, 395.807
5.41059, 1278.99, 624.243
2.84132, 408.294, -768.33
4.34304, -722.119, 399.272
6.28475, -43.1599, -107.439
6.35297, 772.381, 1028.13
4.27217, 91.7657, -79.8942
5.98913, -42.9037, -3.09614
5.08005, 951.004, 522.165
5.94494, -169.708, -79.0223
6.18066, -968.23, -856.984
2.56231, -957.087, -784.874
7.16549, -72.0432, 76.4216
5.37826, -583.734, -289.35
3.05587, -312.671, -340.841
4.87388, 9.91473, 7.1381
3.24247, -83.3392, -125.784
4.22594, -2395.13, -598.867
7.04476, -347.628, -233.294
4.54571, 1037.41, -555.522
5.96642, -174.852, 44.4476
3.35865, -18.1777, -147.437
6.21715, -1144.18, 549.273
4.16319, 14.683, -3.36375
4.62157, -68.0648, -27.8257
2.79523, 462.524, -385.973
5.09005, 287.479, 424.3
5.94425, -97.7961, -508.124
5.01149, 24.4186, -162.118
6.56617, -120.449, -299.183
3.07974, -124.225, -104.088
5.24841, 308.342, 525.785
5.06046, -5.96531, 21.5568
6.02649, -859.474, -678.662
5.65083, -69.8495, 41.3368
4.0207, 2.85681, -17.1815
6.74719, -24.4368, -91.7763
3.39619, 496.716, -899.165
2.61737, -209.193, -16.8919
4.19467, 323.867, -303.896
3.43818, -729.336, -748.523
6.60467, 135.796, -174.473
6.72507, 4.69769, 1121.28
6.78031, -1008.9, 679.874
7.37454, 381.122, -185.088
2.99587, 245.312, -298.834
2.56182, -866.621, -856.797
2.58614, 169.466, -942.661
2.64527, 206.17, -71.859
4.1031, -905.51, -886.501
6.17815, -941.193, 479.291
3.14876, 149.716, 278.056
2.5161, 274.186, -358.685
6.91905, 228.719, -224.739
3.70482, 155.826, -545.031
4.38481, 112.555, 15.9278
4.44879, -110.342, -106.832
2.81534, 860.477, 375.01
7.30792, 466.884, 255.684
3.75349, 458.505, -144.8
6.85376, -43.7552, -241.688
2.85991, 668.44, -900.179
2.70653, 392.29, -675.201
3.46378, -58.4169, 110.555
3.86708, -368.023, -1015.07
7.4007, 5.71061, 6.74902
3.60607, 276.95, -1431.47
6.43119, 697.142, -1001.01
4.42306, 213.083, -52.4259
3.78593, -1057, 914.499
3.91087, -143.461, 346.56
7.33834, -31.8159, -337.05
4.22841, -34.6296, -174.237
3.45922, -63.0473, 186.527
5.05037, -54.034, -48.2978
5.21857, 401.045, -1283.5
5.72333, -28.3091, 108.453
3.89738, 539.896, -539.117
3.41887, -266.152, -556.43
2.71579, 869.183, -1054.96
3.98408, -44.4124, 72.3429
4.25548, 881.549, 134.381
7.09372, 607.983, -212.534
5.81225, 1.91147, 49.4091
5.08041, -794.567, -689.957
4.03763, -490.947, -111.814
3.0007, 758.751, 729.095
3.47502, 29.7767, -360.332
4.11407, 921.435, 1169.81
5.56182, -84.9268, 209.069
5.13511, -351.884, 206.478
3.45653, -390.712, 908.637
4.7178, 1681.41, 936.241
4.48693, 1801.82, -356.005
6.28051, 166.423, -54.1732
6.6213, 118.049, 105.911
5.51573, -240.445, -571.621
3.04573, -32.4534, 182.758
4.11797, 878.337, -96.9552
5.03403, 12.4512, -26.7885
4.76521, 445.255, 633.924
4.77315, -107.604, 35.3844
4.91125, -186.36, -52.6426
5.07896, -1502.78, 284.528
4.50207, -634.187, -967.608
4.22945, -507.392, -160.256
6.64533, 160.625, -267.451
3.02204, 1057.9, -4.40788
6.40057, 212.837, 313.677
3.19919, -76.1505, 18.3361
2.62171, 1042.78, 1318.54
6.0664, 49.5608, -357.966
7.15538, 101.011, -44.5818
7.47667, -32.1341, 90.5247
3.86264, -46.8781, 93.7653
3.6923, -575.339, 533.784
3.87328, -96.3514, -843.66
5.70836, 306.5, 372.43
5.17637, 78.3007, -5.15398
6.8967, -942.632, 1431.01
6.75968, 142.194, 338.891
2.98004, -200.255, 453.826
4.66818, -183.845, -214.185
3.17045, -143.734, -127.825
5.86802, 159.523, -47.6777
5.34964, -387.206, -90.0724
3.66474, 158.634, -802.238
5.50306, 83.0973, 124.155
2.6551, -184.339, -372.619
7.08512, -112.153, 122.651
3.82958, 607.11, 190.4
6.50016, 1.687, 47.4975
5.46389, 40.1758, 11.3791
5.0822, -6.75705, -4.32413
5.2567, 226.835, -13.6718
3.47225, -4.8449, -246.047
5.36152, -750.525, -453.056
3.81992, -263.293, 1403.91
4.41648, 612.581, -1478.66
2.73626, -213.086, -83.0225
4.22823, 47.8344, -263.902
3.61594, -1054.2, 2043.46
3.81264, 99.3507, 108.091
3.05141, -141.468, -88.1297
7.40088, 149.78, -203.019
5.93794, -716.729, -281.19
5.82158, 53.9171, -108.472
5.99501, -79.3548, 66.1111
2.68746, -69.9459, -187.455
3.6706, -117.167, -189.304
3.95397, -1350.89, -2051.86
3.50543, -81.6516, 8.4454
2.7177, -847.616, 952.699
2.56571, 625.033, -589.162
6.07297, 1671.79, -601.465
6.88348, -122.723, -63.9079
5.35088, 533.998, -1029.69
6.92743, -639.193, -634.699
5.20042, -23.571, -147.05
3.31357, -751.066, 491.186
3.30492, -719.723, -883.818
7.19182, 46.1414, -0.0363314
3.45628, 185.982, -433.94
3.15761, -946.552, 297.716
4.41122, 317.047, -486.487
6.12674, -374.936, 998.269
2.50651, -1813.83, -271.123
4.60222, 1222.7, -799.747
5.18984, 555.533, 123.407
4.86596, -142.952, 398.324
6.33003, 282.116, 74.8112
2.9396, 693.134, 95.8616
7.04284, 316.507, 375.926
3.20818, 410.111, -70.2988
2.54782, -54.3286, -39.5261
2.82267, -122.488, 11.4945
4.96742, 383.21, 344.961
5.40914, 54.1458, 141.998
4.03373, 986.517, -1847.57
4.57091, -36.8341, 360.73
4.33401, -312.316, -261.856
3.42687, 34.3054, -1219.08
2.76788, -604.604, -884.806
4.47222, -90.0446, 61.9285
3.98388, 588.184, 564.786
5.05388, 261.263, 303.757
3.75392, 648.913, -1212.53
5.01589, 190.321, -371.997
2.51168, 770.118, -30.6642
7.01807, -1411.68, 622.507
2.79181, 1146.9, 1029.43
5.17506, 22.6434, 939.331
3.95754, 1064.13, -473.831
7.3023, -111.646, -128.534
4.73406, -1151.28, -652.036
5.08479, 4.55502, -1.41823
5.93861, -264.067, -505.11
2.72187, 51.1002, -102.436
7.2946, 1153.24, -941.975
5.70852, 50.0698, 365.61
2.80215, 221.402, -235.908
3.33964, 77.9193, 239.483
5.76491, 122.198, 271.437
6.19864, 302.741, 882.833
3.57011, 323.468, -508.704
4.31441, -16.4446, -692.838
6.56981, 656.064, -399.6
5.32057, 177.037, -53.0088
7.45886, -139.668, 61.5529
6.5669, -27.4067, 17.3466
3.49157, 849.755, -1268.94
2.50003, 39.0721, 6.99768
4.62608, -969.64, 1194.06
4.07406, 806.785, 340.709
5.56218, -1190.43, 173.955
3.83351, 113.054, 43.1612
4.39881, -248.603, -434.051
5.43397, -276.172, -667.731
5.95636, -202.822, 353.038
7.26736, 121.626, 9.47107
4.89785, 168.419, -503.196
3.60319, -705.893, 395.529
5.33741, -126.446, -54.1366
6.09873, 21.9617, 70.8566
4.4953, 1024.79, -282.389
3.48326, 752.687, -411.394
6.66971, -168.246, 97.1287
5.59561, 690.637, -128.862
7.26866, 103.661, 315.876
3.23222, 594.944, 601.95
5.38953, -111.732, 19.4712
7.26796, 14.7777, -269.613
3.62331, -1405.25, 754.356
7.25137, -134.177, -21.6626
3.07874, 589.084, -163.827
2.58372, -60.7279, -319.895
3.90465, -33.6464, -434.666
7.15042, -159.935, 260.328
3.04796, -901.852, -304.005
6.77266, 233.983, 249.278
5.68532, -85.5907, -359.467
5.63853, 53.0348, -266.45
3.80589, -168.467, 581.018
5.13936, 591.512, -552.314
7.16608, 61.7029, 242.585
3.98055, 307.227, -183.068
4.78006, -355.45, -228.424
6.35659, -64.4322, 1189.52
4.17193, -512.186, -1541.79
6.31775, -27.009, 32.0675
6.65892, -853.986, 504.472
2.64618, 879.144, -736.734
4.31315, 97.8018, -392.123
4.16221, -82.597, 553.792
3.17675, -94.9352, -157.527
3.00839, 360.522, -1154.28
5.11327, 507.043, 153.393
3.52046, 21.9676, -108.743
5.00728, -210.952, -345.326
5.1371, -1287.02, 590.726
4.13422, -238.737, 57.5577
4.75888, 189.851, -271.636
6.85263, -216.709, -28.7901
4.72884, 119.955, -104.346
6.03726, 150.413, -304.328
6.83171, -859.481, 274.551
6.5822, -23.443, -83.2159
2.67504, -856.914, -405.498
3.8644, -14.0259, 972.887
5.21858, 279.849, -15.1191
3.19942, -375.772, 128.522
5.57408, 81.0806, -25.8162
3.29182, 249.924, -530.855
4.41129, 464.648, -177.553
5.94997, 213.972, 227.612
3.21128, 1325.33, -120.376
5.65284, 82.98, -69.1988
3.15973, -760.9, -911.224
7.13583, -186.069, -59.3332
5.53465, 1291.41, -2003.37
5.50388, 707.303, -449.09
3.33635, 28.4511, -112.04
3.301, 329.373, 47.9449
5.91628, -103.843, -20.5684
5.1456, 14.024, -341.01
3.65264, -860.139, 157.281
6.55373, -65.6918, 58.2282
5.76477, -41.4989, -216.888
4.08597, -126.491, 331.029
2.53953, -179.148, 110.66
3.49176, -116.607, -908.319
3.78831, -360.028, 550.725
3.03825, 273.387, -300.27
3.49545, -684.515, 37.9616
6.75079, -1424.37, 751.114
6.63912, -186.221, -45.2544
6.76813, 139.955, 346.312
5.71027, -52.6739, 113.003
3.6787, -944.153, 930.633
6.80638, 104.801, -45.4327
5.4745, -255.372, 658.108
2.52745, -868.532, -876.352
6.84925, 301.25, 543.678
7.37729, 384.549, 340.343
5.59653, -860.452, -676.505
3.85574, 375.598, -195.858
7.46973, -130.283, -59.7409
4.60751, -493.863, 423.791
4.20537, 378.29, 603.783
4.80717, 236.019, -207.134
4.44822, -382.342, -1097.5
4.613, -1446.45, -355.428
2.84879, -26.7917, 51.4461
5.5153, 123.084, -69.9132
7.36114, 219.091, -174.345
5.07406, -78.7755, 11.4534
7.45461, 39.2811, 65.8165
5.84906, -582.219, -1606.52
4.01716, -424.182, 44.7792
3.47371, -713.408, -282.272
4.0109, -255.76, -267.23
4.93946, 30.4524, 21.5705
4.72438, -446.733, -344.996
5.7844, -19.5542, 71.5121
3.74227, 1603.57, 1014.2
4.72007, -768.47, -748.843
5.75894, -78.9831, -175.838
6.67472, 407.653, -313.412
6.03698, 357.708, 214.377
4.93928, 180.682, -49.2668
6.72039, 443.243, 379.791
7.00296, -138.257, 82.9221
6.33082, -118.802, 358.705
5.29453, -828.696, -319.408
2.70603, 760.218, 103.896
5.46749, 448.9, -541.919
2.68674, 255.261, -1193.57
4.53488, 4.13579, 49.683
2.84243, 190.576, -397.17
7.38558, 154.862, -119.001
2.5956, 1011.62, 1060.65
6.60363, 23.7626, 105.186
5.2195, 1210.41, -747.171
5.72828, -84.8964, 310.47
3.62934, -194.911, 45.693
2.733, -165.679, 645.544
3.63154, -97.8945, 54.9432
4.58371, 419.761, -701.471
6.40126, -204.548, -234.657
3.72852, 456.46, -956.045
4.81411, 85.5878, -20.4921
6.14756, 140.403, -548.453
5.35237, 1363.5, -266.189
5.45997, -415.152, -678.411
4.98425, 13.2589, -245.835
3.951, -6.94709, 42.5912
4.71107, -114.051, 71.0521
2.53669, -722.01, 1437.57
7.41683, -8.52806, 48.6141
2.52822, -286.069, -203.885
4.8676, 250.022, 456.82
5.86497, 1040.68, 1607.32
