6.27803, -2372.84, 1310.82
3.5948, 129.062, 1381.25
5.89648, 672.806, -192.057
5.09708, 247.284, -240.292
2.76731, 4259.09, -4445.13
2.53849, -1253.39, 1371.01
4.58743, 5995.28, 3532.27
7.15218, 112.224, -171.366
2.95982, -412.319, 693.599
6.00595, 464.76, 261.242
3.81226, 147.069, -134.924
4.14117, 140.567, 235.13
7.45519, 477.922, 18.9167
7.41275, 103.31, 59.8603
5.75759, 730.443, 85.9202
6.92354, 137.874, -9.65126
6.33247, 320.697, 30.9123
3.87453, -1858.29, -563.056
4.93259, -1112.7, -821.812
2.80282, -5397.86, 1253.06
5.08146, 237.061, -51.6565
4.96988, -3811.46, 1352.78
7.23882, 299.928, -268.562
4.42071, 149.671, -80.4199
5.14874, -2981.35, 822.355
2.75042, -311.602, 3864.1
6.63909, -510.276, 113.23
5.94228, -324.441, -202.229
6.18112, -145.134, 14.2675
6.94286, -2926.24, -2649.34
4.25508, -317.149, 577.667
6.72991, 240.272, 109.422
3.84659, -303.651, -138.549
4.83959, -111.42, 450.513
3.2686, 184.834, -328.4
2.66527, 188.685, 424.682
7.2768, -1343.22, -943.482
6.95369, 309.504, -676.111
3.29884, -969.889, 252.181
3.15214, 516, -62.4606
2.515, 2418.67, -389.217
6.0491, -103.286, -107.799
3.40448, 1199.34, 243.422
5.76029, -193.291, 303.512
4.42907, 538.733, 206.165
3.23766, 1148.51, 1393.26
5.45054, 34.8872, -57.8132
3.24076, 2314.24, -1130.55
3.2091, -1930.05, -1176.91
4.94257, 359.962, 1.43269
3.13015, -605.391, -552.536
5.64635, -83.8598, 63.9821
5.60817, 323.491, 101.303
4.88216, 2668.33, -3688.93
2.64188, 618.796, 447.492
3.21011, 3263.26, -537.784
3.15594, -249.413, -320.056
3.31099, 1254.72, -1965.58
3.76529, -780.82, 184.355
4.77654, -3635.84, 1916.84
6.54472, 281.913, 220.219
3.57624, 121.124, 137.202
3.75063, -138.751, -134.224
5.02978, -515.68, -1104.39
6.27922, 162.962, -52.8969
5.66369, -1256.56, -2697.56
5.9449, -1954.05, -1364.94
7.27207, 328.186, -79.8175
5.18713, 3794.71, -1929.05
4.57014, 77.4332, -1083.25
4.70019, -362.29, -592.585
6.07821, -1514.55, -1668.29
6.20858, -2046.78, -1645.95
5.12494, -2577.56, 2142.77
6.06711, 281.258, -173.46
5.91025, 101.619, -103.679
6.82941, 1739.13, -1333.52
3.19597, 716.162, 1464.22
3.57766, 273.01, 27.2983
5.0733, 784.316, 1480.49
4.83766, 158.553, 20.452
3.55759, 2813.05, -2870.64
5.65244, 117.456, -34.5346
2.5044, 2234.23, -3205.61
4.09589, -537.517, -2406.16
5.90281, 258.302, 5.18609
6.0446, -180.504, 69.5965
2.90869, 478.05, 109.527
3.56926, -783.829, -278.719
4.44412, 291.352, -35.0538
4.44927, -3073.59, -1076.09
3.92018, 73.5999, 93.8151
4.6123, 217.594, -40.3466
2.55658, -1142.44, 6.61399
3.72027, -3957.18, 2128.26
4.49072, -1446.51, -2811.89
6.64177, -437.159, -333.23
3.78584, -218.154, 590.768
3.59705, -1253.01, 130.833
6.47385, 104.998, -33.7171
5.8476, -191.208, 121.907
5.49108, 57.0582, -236.554
5.99917, 2133.48, 1302.4
5.13062, 45.2761, -33.2369
4.14833, 292.088, 583.543
3.30844, 4205.66, 721.576
6.56633, 145.655, -196.639
4.08004, 287.26, 272.382
4.05369, -346.421, 78.6985
4.65424, 154.735, -96.2215
4.46509, -65.0477, 159.984
4.43916, 473.541, -75.1579
4.34871, -48.0705, 741.911
5.88118, 336.613, 294.76
6.10384, 416.348, -5.67461
7.20082, -1953.81, 621.731
5.08573, 23.2479, -53.2922
5.5282, 454.682, 265.444
5.85049, 1257.77, -1970.46
5.11404, 104.287, 109.876
3.87105, 592.459, -571.623
7.08924, 108.317, -29.0692
3.73367, 60.1666, -104.673
4.77876, 342.751, 815.427
3.30374, 17.1926, -247.116
4.68319, 324.683, 27.2381
7.45767, -23.7087, -166.742
6.26931, 2749.49, -2843.38
4.97846, 50.5193, -114.913
7.01651, 147.679, 70.124
4.68213, -775.483, 121.908
5.09239, 1698.37, -1434.99
4.44866, -1478.48, -2271.55
5.63431, -38.7313, -142.129
5.19331, 15.403, -163.9
4.35955, -139.635, 812.019
2.54674, -466.758, 56.1007
6.3794, 421.492, -38.1626
2.85317, -505.809, -537.141
3.98511, 168.35, 408.422
4.78581, 466.806, 336.855
3.25156, -134.783, -45.7632
5.97819, 208.914, -58.9801
4.15587, -481.887, -507.775
5.21197, -2402.07, 4288.13
2.64678, -2604.91, -1438.8
5.38086, -64.4431, 330.461
5.18133, 605.605, -191.718
7.36678, -299.684, -112.373
5.57063, 150.112, -0.69383
5.26431, 1943.7, -3257
6.69051, 1210.3, 174.749
3.75764, 41.4152, -673.343
6.98957, 243.64, -35.6488
5.97428, 173.931, -130.228
5.82752, -183.096, 1939.26
3.06838, 14.8381, -58.1187
3.37987, -996.878, -792.534
2.91253, -1102.45, 1900.56
6.68103, 228.147, -5.27626
2.64818, 34.6209, 2565.76
6.34719, 554.186, -206.807
4.29829, 253.712, -2706
6.24626, 514.471, 40.9298
6.28385, 215.063, -67.652
3.60834, 2214.36, -964.986
5.58305, 113.055, -167.307
3.66846, -311.724, 105.703
6.22052, 23.9153, -2661.99
5.80997, -422.253, -832.823
4.9209, -2480.7, 4316.78
2.58972, 823.072, 19.4547
4.98291, 170.637, 76.3225
5.09587, 232.147, -16.8707
4.71395, 718.269, 2518.59
4.14528, -1935.84, 976.108
3.52671, 187.671, -79.4243
7.19863, -91.959, 1328.74
2.85168, 1100.51, 2210
3.30042, 532.075, -543.766
6.70788, 454.918, -760.576
4.13614, 217.507, -374.986
6.85942, 987.444, 167.851
5.99896, 150.057, -97.1661
5.52801, -161.06, 157.789
4.77536, 47.4897, -214.656
2.91543, 700.266, 919.293
3.94883, -2546.37, -876.057
6.51009, 318.708, -155.72
6.81821, 70.1205, 307.626
3.81831, -3433.25, 270.327
4.79881, -403, -405.023
4.95672, 107.776, -138.968
5.82344, 1311.86, -1955.02
7.31738, 148.682, -327.469
7.23022, 317.59, 95.4371
2.81902, 1406.03, -351.925
5.04829, -902.293, -432.829
6.13222, 425.437, -127.888
5.65882, 140.766, -112.922
3.26658, 381.711, -101.429
5.09652, 718.279, 2515.05
3.52281, 4235.69, -1367.26
6.03231, 431.463, -14.9435
6.05786, -825.438, 4495.44
3.66304, 236.574, -579.006
6.80594, -244.872, 4.3464
2.67122, -842.81, 154.173
6.26587, -303.065, 92.5595
4.14789, -218.645, -306.676
4.65309, 3787.66, -894.559
7.33455, 457.01, 375.714
4.05803, -1493.76, -1403.6
5.69762, -4413.54, -4.58357
5.95386, 178.333, -115.021
5.36403, 288.379, 73.4637
6.60667, -2406.14, 4291.11
4.21807, -2734.39, 1151.77
5.09387, 385.334, -70.8116
6.78438, 180.156, -265.202
6.18587, 579.066, 1056.99
3.45992, -155.203, 123.848
2.83145, 200.268, -91.0411
3.60828, -3207.72, 1997.51
3.33656, -30.3265, -135.054
6.31172, 231.417, -146.615
5.44905, 1242.45, -1740.6
4.65223, -4608.77, -398.949
7.09618, 1632.4, -202.199
5.09668, -557.25, -1117.81
7.38058, -177.575, 73.7991
5.15714, 213.526, -373.74
2.98716, -967.185, 1020.84
5.83983, -531.867, -594.043
5.44444, -555.595, 2208.96
5.01137, 335.807, 128.327
2.75808, 788.595, 1052.61
2.6753, -56.1626, 134.507
4.41484, 139.715, -144.331
5.55555, -1969.8, -2355.05
5.06574, -4607.29, -400.859
5.98498, 50.9871, 210.602
4.89891, 305.575, -123.499
3.88323, -4624.11, 67.444
6.01685, -191.741, 2385
3.67701, -23.2449, -69.0085
6.41501, 15.0465, 3.50015
6.60589, 1237.04, 201.113
3.21842, 2841.22, 2585.11
5.75757, 35.2753, 26.3139
3.87677, -553.031, -1305.06
7.26215, 2108.58, -1092.17
4.58238, 125.23, -278.397
3.03869, -353.774, -16.5913
4.70633, 107.195, -9.54139
6.28811, 11.2005, -363.293
2.77803, 254.054, -179.239
3.51241, 233.123, -121.051
6.82305, -12.0003, -127.232
6.52456, 17.9301, 29.8816
2.78861, 474.39, 1731.22
4.40304, 174.585, 29.5369
4.56124, -177.828, -317.775
2.80071, 551.442, 12.7388
7.09746, -1111.28, -1065.12
3.35398, 260.08, -45.291
6.51634, 39.9924, 28.6267
3.88599, 1320.77, -462.274
4.44586, 249.112, -123.49
7.19936, -1692.54, 652.524
6.24573, 137.916, 2412.83
3.44774, 2999.36, -3200.78
6.89581, 90.695, -43.4827
6.8953, 91.7224, -46.8252
3.30515, -26.1515, -805.372
5.87346, 956.349, 393.696
6.89096, 37.9094, 15.6431
6.98262, -677.39, 2983.43
3.06535, -14.4624, -286.877
5.93789, -823.507, -786.064
3.21651, 724.557, -244.24
3.6901, 222.533, -95.3151
5.64383, 2374.5, -1607.01
4.312, 162.256, -7.01168
4.64437, -1470.11, -1319.49
4.91936, 1373.72, -1519.71
6.20379, 42.7628, 968.033
3.23098, -69.0305, 20.4181
7.36238, 235.117, -38.6903
7.3158, 121.393, -125.152
3.14741, 2211.51, -1419.09
5.3784, -20.8733, -19.2678
4.66439, 459.116, 338.988
5.50066, 196.693, 64.9944
5.85098, 83.6971, 153.947
4.5137, -2518.36, -822.714
6.46691, -1539.63, -1413.01
4.89889, -2778.23, 1528.36
5.72449, -647.282, 691.82
4.28836, 4342.3, -713.263
5.96794, 168.604, 161.079
5.83428, -206.265, -219.236
3.22071, 261.841, -57.9581
7.10415, -104.121, -2.46377
4.22228, 985.797, 3123.02
6.66824, 190.601, 6.9896
2.74349, 122.383, -177.292
3.27936, 1100.72, -1645.17
2.55765, 120.745, -179.584
3.94327, 163.005, -95.8593
5.07295, 545.285, -503.899
3.65948, 781.972, -2877.05
2.75022, 594.041, 487.376
5.33091, -24.4516, -39.3954
6.69774, -141.817, 354.252
4.28763, -344.555, -422.412
4.3452, 66.1415, -732.75
7.22226, 116.659, -29.0089
4.72425, -1465.23, 202.136
6.82086, 312.049, -36.3173
5.82654, -10.3991, 739.182
5.79297, 328.916, -298.285
7.10736, 2223.12, -1658.35
5.11536, -2584.88, 2140.69
5.45229, 272.035, 432.722
5.79944, -283.652, -2262.48
4.24765, -1502.56, 982.01
4.11714, -49.4104, -108.368
7.08984, 35.8977, -383.224
3.08619, -3780.83, 1345.89
7.31268, 469.724, -151.886
5.17978, 55.515, 172.254
5.81447, 1144.26, 470.058
5.48362, -3829.23, 1790.36
6.93363, -324.36, -1091.77
6.67999, 276.239, 78.0837
6.69339, 225.661, -110.628
6.85642, 351.022, -353.061
2.5002, -151.737, 1921.86
4.77274, -563.275, -1841
4.25696, 1683.45, 59.0903
5.80713, 3769.17, -2980.89
6.22234, 781.867, -192.079
3.3821, -825.697, -3388.06
7.4621, -1127.58, 1383.78
5.95466, -571.181, 76.9809
6.97862, 297.531, 288.6
3.51579, -1184.36, -301.576
7.2356, 19.603, -201.125
4.88476, -3614.86, 1889.12
6.78578, -3204.18, 1998.22
6.41237, 597.334, 275.778
5.70687, -2506.68, 2429.47
3.14521, 345.265, 754.039
5.77944, 151.559, -165.396
3.09199, 55.2926, -157.448
3.88793, 2291.76, 528.595
6.65548, 243.89, 2168.39
6.14153, 2984.91, 3820.45
6.74348, 3325.12, -2481.71
3.43989, -817.03, -396.558
6.09602, 116.899, -176.256
4.25586, 183.522, -136.055
3.34555, 87.3053, -71.8486
4.52383, -3530.5, 445.712
4.20924, 66.5317, -15.0186
6.67141, 231.343, -297.164
3.9111, -2681.63, -4346.79
5.16766, 2722.74, 1642.53
6.25085, 763.523, -1357.45
4.62554, -217.141, 110.99
4.66964, 1341.5, -19.421
3.03022, -2792.94, -1806.65
6.4639, 230.722, 29.3726
3.91232, -265.144, 285.293
7.14264, 2970.9, 4381.41
5.37926, 107.166, 116.168
3.4895, 259.214, 238.867
5.99081, -207.888, -210.659
3.07265, -544.656, 4.74043
4.22945, 84.3897, 613.353
4.15646, 213.625, -288.969
6.42735, -3885.33, 1788.06
6.65775, 376.372, 29.727
4.21712, 787.204, -365.588
4.2603, -557.237, -96.0621
6.38197, 46.5507, 258.467
6.58658, 814.628, -329.399
4.26157, 240.621, 435.662
7.09559, 184.871, -100.309
3.2877, 379.663, 171.024
5.56029, 911.946, -69.1655
5.54222, 194.113, -140.411
3.16647, 2222.22, 2415.86
3.51409, 2747.32, 3812.38
4.79457, -268.32, 109.509
3.48759, -683.421, 1254.11
6.77118, -48.1565, -246.232
6.54562, -50.1158, -195.418
2.80131, 1908.76, -1440.01
6.50584, 1230.61, -3568.21
5.49597, 264.796, -344.617
7.43182, 72.1853, 40.7605
2.65919, -915.914, 283.819
6.8356, -2393.63, 2899.37
3.69109, -454.986, -403.437
3.6127, 1001.79, 565.568
4.73907, 4797.68, 2232.36
2.61231, -156.972, -269.317
6.79755, 193.428, -131.894
4.15902, 451.041, -3221.31
5.72195, 843.376, -190.135
7.43521, -353.134, -53.6937
5.30162, 319.433, 70.9905
4.74553, 150.893, -219.61
5.213, 171.689, -196.482
2.90797, -893.931, 357.363
3.99606, 1414.85, 2197.07
6.63964, -2841.14, -545.217
6.48936, -3014.61, 1217.57
5.71048, -172.799, 98.7253
4.84105, 46.4743, -276.466
7.15326, 588.381, 1783.28
5.08798, -72.4493, 174.177
7.42924, -3127.43, 1989.72
5.94567, 186.169, 225.144
6.19966, 273.634, 404.027
3.46323, 1226.44, 1178.85
6.08881, 2189.59, -1411.28
6.11146, 1114.27, 249.707
6.49298, 107.504, 35.3951
4.23216, -3655.59, 283.433
5.1481, -1014.56, -467.623
3.19001, 1117.69, -714.013
6.73218, 18.4872, -139.285
6.32766, -738.849, -498.855
7.5, -3871.07, 1779.85
4.24891, -5365.99, -1805.4
5.50367, 983.009, 15.183
3.50808, -311.715, 2670.24
6.2385, -2661.81, 450.515
6.49225, -305.297, -259.623
3.03505, -360.877, -651.846
5.35813, 96.2246, 12.7949
2.84683, -3727.29, 1286.1
4.16036, 331.592, -382.321
5.80945, -21.5567, -236.609
5.27726, 382.05, 2909.4
7.12415, 73.639, -435.861
2.69832, 213.042, 2112.64
2.62083, 968.155, 1121.96
4.61923, 337.637, 142.647
4.36987, -839.47, -24.482
2.93303, 2525.94, 2480.8
3.05403, 407.926, 208.718
5.31992, -3454.83, 113.669
7.37269, 169.684, -51.4879
3.05066, 27.3166, -2867.77
5.99352, -2290.99, -2531.19
2.79674, 225.062, 1141.11
4.69755, -285.324, 162.191
5.24651, 628.805, 284.092
3.45129, -87.0662, -81.8441
7.36597, 441.492, -6.96616
3.19593, 199.42, -104.537
5.48978, -2331.18, 298.582
7.12812, 66.4074, 51.0108
3.91116, -548.996, 94.3947
6.8307, 20.9681, -184.883
6.29598, 917.946, -1250.37
6.10793, 417.693, 20.2586
3.34241, -79.3086, -621.742
3.32882, 684.766, -1922.75
3.39076, 315.695, -158.024
5.87226, 111.444, -262.042
4.83484, 475.081, -164.476
6.85219, 368.277, 296.913
5.76023, 265.61, -179.163
5.80464, 1136.71, 466.025
2.58037, -224.989, 592.497
4.30596, 4118.21, 2383.26
3.72747, 233.169, -619.858
6.93086, 564.706, 893.455
5.23701, -5185.34, 86.6299
6.57209, -293.805, -460.899
5.24453, -841.173, -149.509
4.16156, -31.4065, 89.6077
4.40213, -1411.12, -2460.19
2.52389, 929.16, 166.673
6.95226, 4.18083, -130.643
6.16955, 563.564, 170.365
6.04239, -599.399, 256.448
5.1278, 1593.04, -2058.12
6.41065, 177.506, -195.432
3.42484, 157.659, 80.7091
5.72673, 220.351, -36.6059
3.42178, 264.357, -77.048
3.31214, -1200.95, 625.102
2.65594, 1235.02, 1115.59
7.42716, 182.941, -89.9651
4.04559, 129.173, 36.9073
4.11075, -515.939, 46.8047
5.51155, 176.776, -92.8927
2.89107, 3873.71, -623.027
3.93936, 346.87, 266.62
5.79307, 388.695, -804.428
7.36348, 483.618, -16.7651
7.27758, 2907.37, 1120.54
7.42745, 92.9842, -155.91
7.30478, 142.711, -109.589
3.0073, 304.823, 606.288
3.71505, 941.013, -262.373
6.91151, -351.056, 71.9916
5.28805, -70.1143, -150.372
6.7669, 208.785, -48.3931
7.49145, 277.861, -38.0533
3.99751, -3297.25, 1498.1
6.33157, -5919.33, -1970.69
4.81901, 334.155, 196.372
6.8168, 712.515, 107.327
6.99018, 68.1713, -53.5912
7.377, -329.196, -164.542
2.77405, 282.322, 116.242
6.32605, 448.475, 95.5138
5.09219, 1272.36, -1908.69
3.46574, 62.7565, -397.913
6.98252, 52.2589, -549.947
6.38492, 439.08, 30.0465
2.75968, 511.156, -324.105
7.47331, 1329.6, -1973.38
5.93659, 123.835, -271.473
5.94854, 1157.38, 510.321
6.57666, 2200.65, -981.856
7.05426, 433.054, -197.76
3.34218, 1770.44, 3661.62
5.24183, 2165.98, -1531.23
6.53351, 90.8457, 37.522
4.17803, 372.028, 67.1616
5.53435, -485.098, -127.987
6.59602, 1092.51, -1842.82
7.3485, 360.455, 113.911
6.29349, 256.285, 175.91
3.72113, 178.96, 9.84708
5.80589, 232.374, -29.3132
4.21574, 954.687, 361.981
7.27146, 26.101, -160.319
2.60828, 2039.86, -2485.55
4.54979, 675.063, -193.687
2.55789, -2646.23, 2758.76
3.04964, 285.972, 712.895
5.28259, 704.842, -948.628
4.45466, 231.871, -55.3334
7.20539, 137.965, 95.349
2.55572, 423.783, 234.051
6.22897, 463.244, -1196.05
3.84293, 345.283, 46.1377
4.27153, 202.097, -391.812
3.45835, 4323, -4428.23
5.14832, 534.688, 391.771
4.39478, -686.223, -3775.74
3.16407, 104.456, 16.6039
4.26563, 271.89, 48.2914
4.2497, -3687.3, 1860.37
7.41084, -1944.06, -1332.84
5.25961, -478.96, -226.672
4.99918, -1800.55, -481.544
3.58531, 1319.34, -1997.32
4.37311, -259.276, -222.875
6.78251, 2258.21, 1995.45
6.45578, -2112.64, 4247.81
3.9204, 2175.9, -2640.3
5.07645, 850.208, -85.1635
6.79238, 214.4, -73.2555
7.07844, -145.651, -69.3776
7.48941, -1549.23, -1413.19
6.53177, -318.309, 162.649
5.22718, 632.482, 379.753
7.3461, 99.4492, 567.88
5.31931, 1109.97, -24.8823
4.03031, 337.418, -1004.87
5.41853, -84.3126, -44.665
2.91197, -124.529, 358.356
5.47382, 345.683, -98.8553
3.31968, 2003.7, 3748.81
6.46527, -193.763, -666.764
2.95373, -671.87, 1252.35
6.3072, 78.1582, 254.099
6.83996, 107.697, -22.5981
6.40105, 289.561, -45.2015
6.61399, -1708.93, -338.837
6.70974, 216.076, -242.499
4.48328, 252.453, 61.1073
6.508, 191.354, -100.51
6.56811, 147.306, -52.0436
5.43493, 622.08, 1309.73
4.64621, 231.121, -251.582
2.5002, -435.725, 266.389
5.31153, 284.563, -57.7995
6.22632, 241.576, -402.724
3.89846, 2545.57, 1452.95
2.93406, -545.38, -3515.01
3.5733, 173.631, 13.5458
3.93296, -393.516, 32.6033
4.86595, -492.904, -44.7007
6.95893, -1539.18, -1337.41
5.91955, 258.932, -104.688
3.54376, 78.4321, -27.3251
6.67533, -71.5461, 35.3072
7.09218, 558.787, 452.47
4.48244, -184.142, 80.1622
6.37858, 1490.81, 384.599
5.68161, -239.771, 90.3419
6.64746, 285.472, 126.993
3.40204, 229.581, 153.141
7.45927, 206.169, -76.5822
6.70558, 7.85048, 91.3929
4.65177, 633.478, 39.7427
4.38589, 344.587, 15.0522
2.70802, 89.4814, -27.1228
6.80715, -427.52, -678.355
6.62116, -3133.75, 2072.77
6.25052, 1277.26, 1239.12
3.55801, 443.7, -424.863
4.31029, 70.7711, 212.893
4.43545, 310.244, -44.4843
7.32918, -2467.77, -1577.58
6.5872, -69.8511, -178.575
4.5755, -6.97223, 34.8217
5.83759, 80.4563, 566.313
2.52101, -3093.02, 3082.94
6.98048, 206.919, 87.8753
3.68416, 11.617, -190.453
3.79415, -476.335, 9.07794
5.4939, -321.03, -219.456
6.89823, -734.659, 13.3366
6.16299, 153.858, -215.767
6.0773, -362.092, -80.7069
3.57724, 4448.16, -202.355
6.30413, -3111.87, 2431.54
3.85351, 573.218, 201.228
2.75246, 61.7834, -117.845
4.78866, -1201.89, 511.031
2.58759, 125.383, -443.038
3.01129, 4355.66, -2828.65
2.639, 1355.89, -746.336
5.65921, -39.6552, 296.685
6.34425, 222.951, -112.857
2.74132, 14.0936, -29.1034
6.6924, 535.68, 873.452
6.76899, 51.7861, 55.2009
6.57649, -79.3173, 229.638
6.85188, 208.756, -3213.14
5.27222, 44.7173, -91.8984
6.12646, -0.797456, 1144.49
3.20424, -3384.13, 2713.72
6.6115, 296.009, 108.557
5.51185, -1976.33, -2354.31
4.93856, -1.09696, -99.9144
6.14942, -452.564, -273.371
4.05164, -1609.37, 899.346
3.93925, -183.123, 471.388
5.45857, 1752.63, -2140.89
5.34055, -2315.78, 1259.84
5.41059, 2185.88, 1600.88
2.84132, 39.6081, 168.016
4.34304, -1565.67, -93.7126
6.28475, 433.144, 9.2418
6.35297, 750.849, 2302.59
4.27217, 62.9306, 595.409
5.98913, 238.54, -159.013
5.08005, 1655.19, 981.041
5.94494, -70.0863, -111.652
6.18066, -1555.74, -1090.94
2.56231, -2034.26, -1584.73
7.16549, -42.9298, -4.70862
5.37826, 601.052, 260.571
3.05587, 102.807, 705.196
4.87388, 112.899, -198.661
3.24247, 1441.46, -140.608
4.22594, -6268.72, -1422.11
7.04476, 186.556, -149.704
4.54571, 2223.02, -941.707
5.96642, 98.7206, -4.62175
3.35865, 306.405, 137.419
6.21715, -3391.52, 1226.98
4.16319, 84.0084, 38.4756
4.62157, 206.3, -241.654
2.79523, 96.5568, 726.718
5.09005, 128.197, -47.1305
5.94425, -64.9821, 314.258
5.01149, 307.106, 315.226
6.56617, 168.607, 106.331
3.07974, 308.334, 80.2972
5.24841, 1134.8, 131.797
5.06046, 22.0127, -162.785
6.02649, -1559.54, -1406.17
5.65083, 184.899, 10.9326
4.0207, 700.429, 498.475
6.74719, 204.554, 33.7051
3.39619, 1118.34, -1810.86
2.61737, 149.187, 139.684
4.19467, 556.632, -56.4642
3.43818, -1618.9, -1185.27
6.60467, 297.324, -138.969
6.72507, 81.9698, 2455.82
6.78031, -2378.4, 1408.68
7.37454, 388.536, -414.601
2.99587, 456.299, 371.743
2.56182, -2795.2, -2177.23
2.58614, 156.464, 56.7825
2.64527, 20.86, 514.404
4.1031, -1523.21, -1541.98
6.17815, -2386.36, 1348.45
3.14876, -317.454, -390.975
2.5161, -1762.28, -296.747
6.91905, 560.475, 114.336
3.70482, 27.512, 152.424
4.38481, 461.142, 507.968
4.44879, 169.04, 212.144
2.81534, 2642.42, 1013.52
7.30792, 240.778, -37.8398
3.75349, 128.165, 149.135
6.85376, 200.054, 96.4611
2.85991, 2118.58, -2917.76
2.70653, 2611.99, -1837.23
3.46378, 125.712, -256.519
3.86708, -1423.87, -1744.46
7.4007, 194.754, -89.8323
3.60607, 846.987, -3679.4
6.43119, 1254.09, -1973.05
4.42306, 80.5777, 711.772
3.78593, -2183.15, 2426.51
3.91087, 564.097, -138.207
7.33834, -72.6385, -141.225
4.22841, -46.9782, -315.527
3.45922, -240.499, -148.91
5.05037, 375.023, 28.2286
5.21857, 856.269, -3299.99
5.72333, 497.282, 305.591
3.89738, 206.236, -19.4915
3.41887, 354.445, 88.6649
2.71579, 1752.42, -2102.58
3.98408, 323.167, 350.935
4.25548, 1251.7, -577.891
7.09372, 196.163, -29.7924
5.81225, -193.303, -138.589
5.08041, -1487.77, -1327.56
4.03763, 111.451, 118.667
3.0007, 1516.94, 1602.28
3.47502, 138.595, -70.9834
4.11407, 2271.54, 2431.04
5.56182, 702.389, 161.243
5.13511, 1705.52, -850.503
3.45653, -371.353, 1011.43
4.7178, 3973.09, 2294.07
4.48693, 4566.18, -889.94
6.28051, 229.444, 271.197
6.6213, -249.246, 199.629
5.51573, 64.1583, -805.131
3.04573, 271.958, -247.782
4.11797, 1967.29, -469.297
5.03403, 178.649, 5.51746
4.76521, 158.367, 776.735
4.77315, -178.79, 149.018
4.91125, 126.487, -5.32598
5.07896, -3275.46, 587.219
4.50207, -1670.07, -1027.62
4.22945, -179.282, -377.563
6.64533, 90.1093, 659.27
3.02204, 1927.8, -958.924
6.40057, 270.166, -70.2057
3.19919, 515.301, -0.529301
2.62171, 2741.67, 3160.45
6.0664, -215.199, 1068.89
7.15538, 66.4142, 190.24
7.47667, 36.2242, -266.789
3.86264, 201.225, 187.049
3.6923, -1545.22, 487.953
3.87328, -275.319, -2333.18
5.70836, 350.371, 247.732
5.17637, -109.273, -29.3766
6.8967, -2062.71, 3538.15
6.75968, 258.155, 261.326
2.98004, 178.972, 354.382
4.66818, 164.59, -149.324
3.17045, -438.467, -4.42046
5.86802, 137.578, -17.8377
5.34964, -201.013, -496.677
3.66474, 112.172, -1216.74
5.50306, -44.7886, -127.642
2.6551, 472.149, 183.42
7.08512, 86.0063, -245.987
3.82958, 239.58, 306.449
6.50016, 139.33, -188.448
5.46389, 136.535, 156.025
5.0822, -273.828, -40.5839
5.2567, 1009.6, -558.145
3.47225, 4.97481, 47.5754
5.36152, -2173.5, -219.569
3.81992, -472.561, 4594
4.41648, 1901.92, -4027.64
2.73626, -289.544, -463.74
4.22823, 59.8592, 80.9266
3.61594, -2206.45, 5115.66
3.81264, 298.208, 155.465
3.05141, 314.102, -110.019
7.40088, 74.5941, -419.488
5.93794, -364.508, -81.5025
5.82158, -213.684, 79.7819
5.99501, 79.3925, -138.219
2.68746, 167.888, -56.6129
3.6706, 149.148, -36.8217
3.95397, -3848.17, -5798.48
3.50543, 306.778, 73.5599
2.7177, -1914.71, 2771.35
2.56571, 638.69, -236.53
6.07297, 4237.08, -1370.56
6.88348, -320.535, -357.718
5.35088, 1305.22, -2504.98
6.92743, -2136.28, -2378.04
5.20042, -856.647, 97.8176
3.31357, -1466.17, 381.677
3.30492, -2037.58, -1652.63
7.19182, 89.8259, 125.568
3.45628, 244.481, -422.065
3.15761, -2268.33, -84.8297
4.41122, -255.329, 400.354
6.12674, -563.237, 2190.09
2.50651, -4600.96, -404.793
4.60222, 3282.32, -1889.02
5.18984, 540.594, 11.6542
4.86596, -488.649, -492.454
6.33003, 609.38, -642.774
2.9396, -600.113, -202.518
7.04284, 1.51808, -226.05
3.20818, -431.857, 460.849
2.54782, 155.929, 203.785
2.82267, 84.801, -471.21
4.96742, 108.805, 48.5809
5.40914, 231.542, -157
4.03373, 2667.2, -4719.37
4.57091, 121.495, 68.8044
4.33401, 924.14, 1158.88
3.42687, 270.804, -2040.73
2.76788, -1894.74, -1938.25
4.47222, 93.4001, 70.0119
3.98388, -390.075, -605.769
5.05388, -383.174, -149.8
3.75392, 1646.8, -2770.1
5.01589, -609.101, 1188.91
2.51168, 1045.69, -564.296
7.01807, -3879.44, 1780.45
2.79181, 2515.05, 2443.18
5.17506, 65.6559, 2367.79
3.95754, 2076.64, -965.919
7.3023, 354.523, -229.913
4.73406, -2474.12, -1054.95
5.08479, 10.5925, -6.20178
5.93861, -386.118, 43.4178
2.72187, 11.7489, 591.115
7.2946, 2707.13, -2013.51
5.70852, 134.276, 138.507
2.80215, -6.63798, -177.32
3.33964, 24.4975, 49.3039
5.76491, 41.9506, 122.751
6.19864, -154.331, 1937.54
3.57011, -458.026, -18.7645
4.31441, 433.354, -1658.23
6.56981, 113.537, -34.5484
5.32057, 179.32, -3.18951
7.45886, 146.716, -75.1707
6.5669, 55.5085, 4.09558
3.49157, 2369.86, -3090.39
2.50003, -85.2934, -10.7288
4.62608, -2382.21, 2884.31
4.07406, 1560.76, 945.218
5.56218, -2637.12, 379.754
3.83351, 116.411, 68.0094
4.39881, 974.137, 610.694
5.43397, 290, 94.1988
5.95636, -1005.2, -388.416
7.26736, 19.0667, 3.79328
4.89785, -211.53, 865.66
3.60319, 324.405, -454.599
5.33741, 760.215, 458.253
6.09873, 144, 72.8616
4.4953, 1720.41, -101.858
3.48326, 258.945, -59.5538
6.66971, 335.393, -158.842
5.59561, 215.622, -841.36
7.26866, 110.48, -173.39
3.23222, 325.822, -202.02
5.38953, 214.388, 20.6171
7.26796, 14.9286, -108.186
3.62331, -3724.71, 1838.18
7.25137, 93.3614, -167.606
3.07874, 1193.44, -565.309
2.58372, 373.173, 260.843
3.90465, -214.379, 548.862
7.15042, 250.67, -10.1084
3.04796, -1031.43, -485.665
6.77266, -316.99, -424.585
5.68532, 532.395, 360.214
5.63853, 332.076, 70.6989
3.80589, -559.022, 1321.61
5.13936, -109.178, 56.8426
7.16608, 1020.78, 539.973
3.98055, -1012.34, 230.088
4.78006, 76.9417, -82.1156
6.35659, -670.685, 3264.22
4.17193, -1367.97, -2566.66
6.31775, 73.7792, 61.3556
6.65892, -1685.02, 1751.6
2.64618, 1887.93, -1141.41
4.31315, -296, -15.6289
4.16221, 47.2164, -282.347
3.17675, 1360.09, 1151.12
3.00839, 931.788, -2858.86
5.11327, 339.999, -169.677
3.52046, -55.2504, -71.8438
5.00728, 268.376, 596.555
5.1371, -3432.17, 2202.85
4.13422, 195.605, 16.1327
4.75888, -197.187, 731.917
6.85263, 774.076, -199.174
4.72884, 147.181, -25.115
6.03726, 390.66, 60.1045
6.83171, -1557.76, 310.024
6.5822, 621.914, -385.709
2.67504, -2683.99, -1049.41
3.8644, -586.196, 1769.28
5.21858, -949.243, 622.501
3.19942, 2380.91, -447.344
5.57408, 228.151, -157.368
3.29182, -317.02, -76.671
4.41129, 99.2318, -417.832
5.94997, 376.149, 104.872
3.21128, 2890.33, -37.29
5.65284, -139.57, 175.453
3.15973, -2335.17, -1365.11
7.13583, 366.139, 294.371
5.53465, 3647.31, -5582.28
5.50388, 159.73, -378.927
3.33635, -164.075, 164.147
3.301, -842.116, 1519.37
5.91628, 54.7434, -208.034
5.1456, 114.74, -428.077
3.65264, -1587.01, 878.5
6.55373, 134.899, 116
5.76477, 197.458, -78.0535
4.08597, 366.047, 309.277
2.53953, 250.073, 467.569
3.49176, -81.1237, -558.711
3.78831, 401.193, -19.1686
3.03825, 264.326, 371.305
3.49545, 317.861, 156.353
6.75079, -3979.73, 2140.81
6.63912, 29.5902, -29.1034
6.76813, 235.645, -39.9845
5.71027, 9.59585, -164.592
3.6787, -2078.66, 2159.19
6.80638, 250.21, -178.351
5.4745, 273.259, -162.185
2.52745, -1586.7, -1164.84
6.84925, -423.856, -834.969
7.37729, 115.305, 118.455
5.59653, -1534.22, -1334.78
3.85574, 654.888, 80.5019
7.46973, 320.73, -83.8479
4.60751, -1183.79, -231.855
4.20537, -527.663, 67.1532
4.80717, 114.752, -150.789
4.44822, -815.256, -2257.48
4.613, -3414.92, -678.078
2.84879, 306.911, -312.504
5.5153, -111.295, 108.137
7.36114, 351.744, -58.7124
5.07406, 64.3338, 196.891
7.45461, 89.5469, 78.3597
5.84906, -1762.07, -4212.57
4.01716, 397.139, 318.203
3.47371, -359.838, -75.5409
4.0109, 492.451, 132.85
4.93946, 397.044, -246.878
4.72438, -142.117, -19.005
5.7844, -314.158, 20.7661
3.74227, 4119.09, 2382.97
4.72007, -1122.56, -985.132
5.75894, -65.2436, -40.6377
6.67472, 212.473, 163.316
6.03698, -47.1148, -307.989
4.93928, 3.25691, 302.662
6.72039, -102.813, -334.208
7.00296, 478.101, -472.374
6.33082, -26.389, 248.377
5.29453, -34.1873, -306.788
2.70603, -407.936, -108.906
5.46749, 885.321, -116.897
2.68674, 111.458, -2888.28
4.53488, 263.844, -79.4201
2.84243, 660.357, 299.756
7.38558, 288.802, 47.9601
2.5956, 1581.41, 2310.08
6.60363, 180.752, -121.502
5.2195, 2816.1, -2261.52
5.72828, 681.675, -100.215
3.62934, -368.533, -203.98
2.733, 352.863, 2263.01
3.63154, 13.663, 627.286
4.58371, 117.312, -1975.39
6.40126, 127.327, -89.6815
3.72852, 1098, -1846.15
4.81411, 399.569, -83.7887
6.14756, -92.9156, 163.92
5.35237, 3834.61, -522.788
5.45997, -266.11, -649.894
4.98425, -418.169, -309.523
3.951, 7.57494, -122.734
4.71107, 151.709, 405.523
2.53669, -2106.63, 4632.75
7.41683, 67.9198, -11.6319
2.52822, 129.801, 52.1433
4.8676, 1590.15, 666.636
5.86497, 2597.36, 4398.12
