6.27803, 26.0758, -76.2555
3.5948, -143.265, -156.372
5.89648, -27.5344, -93.6947
5.09708, -48.0616, 79.646
2.76731, -228.174, 384.101
2.53849, 200.395, 128.919
4.58743, -328.686, -325.377
7.15218, 133.584, -2.93385
2.95982, -74.2879, 173.294
6.00595, -5.71995, -227.487
3.81226, 164.136, 48.8162
4.14117, 11.4101, -16.8378
7.45519, 193.714, 97.8573
7.41275, -120.657, -232.584
5.75759, 45.6216, -326.187
6.92354, 105.071, -40.1674
6.33247, -17.4081, -48.0932
3.87453, 63.6791, -216.742
4.93259, -122.16, -242.964
2.80282, 560.619, 218.651
5.08146, 43.1795, -22.5779
4.96988, 393.452, -333.791
7.23882, -60.8951, -21.7745
4.42071, -117.844, -35.9282
5.14874, 454.837, -342.611
2.75042, 239.461, -369.923
6.63909, 70.7932, -59.6063
5.94228, -51.3383, -57.4353
6.18112, -5.50976, 117.137
6.94286, 319.027, 256.172
4.25508, -10.2638, -40.4655
6.72991, -28.599, -6.21272
3.84659, 54.1258, -9.68979
4.83959, -133.311, -228.781
3.2686, -123.175, -103.636
2.66527, 118.202, 79.4828
7.2768, 220.608, 223.594
6.95369, 32.8074, -86.2696
3.29884, 247.161, 50.7068
3.15214, 113.799, -2.00423
2.515, -590.628, -115.77
6.0491, 3.45075, -130.235
3.40448, -462.292, 280.961
5.76029, 68.2457, -106.788
4.42907, 106.065, -94.2596
3.23766, -156.391, -152.52
5.45054, 89.1669, 18.2218
3.24076, -195.495, 233.045
3.2091, 121.651, 93.4078
4.94257, -138.533, -174.045
3.13015, 5.59272, 65.2671
5.64635, -24.3508, -26.4037
5.60817, 122.968, -66.8388
4.88216, -333.784, 261.147
2.64188, -163.748, -210.911
3.21011, -299.233, 268.444
3.15594, 0.343866, 152.986
3.31099, -305.589, 378.402
3.76529, -109.249, -6.16367
4.77654, 253.788, -331.861
6.54472, -141.04, -150.109
3.57624, -47.4054, 54.0639
3.75063, -5.8522, -147.887
5.02978, 99.3411, -15.7594
6.27922, 41.3433, 112.362
5.66369, 52.7073, 169.742
5.9449, 241.78, 114.135
7.27207, 291.935, 183.912
5.18713, -459.562, 301.059
4.57014, -126.724, -190.154
4.70019, -36.2091, 135.275
6.07821, 304.991, 268.419
6.20858, 218.843, 141.301
5.12494, 282.114, -260.767
6.06711, -91.0215, -140.926
5.91025, 71.0941, -148.339
6.82941, 4.13379, -50.0861
3.19597, -140.91, 272.681
3.57766, -65.511, 60.2103
5.0733, -155.653, -206.689
4.83766, 95.9138, -15.7489
3.55759, -191.536, 448.499
5.65244, -198.136, 245.987
2.5044, -356.744, 172.941
4.09589, 206.472, -453.251
5.90281, 87.7377, 70.9734
6.0446, 71.097, -25.8951
2.90869, -182.053, 305.552
3.56926, 94.3935, -187.508
4.44412, 163.157, -204.923
4.44927, 300.811, 221.472
3.92018, 112.712, -74.3575
4.6123, 114.128, 8.91986
2.55658, -236.932, -173.781
3.72027, 381.956, -272.492
4.49072, -223.544, 320.682
6.64177, -271.861, 115.539
3.78584, 318.839, -260.218
3.59705, -173.989, 60.9966
6.47385, 122.903, -107.148
5.8476, 201.071, -150.706
5.49108, -183.315, 134.252
5.99917, -261.28, -146.999
5.13062, 68.245, -4.61659
4.14833, 195.347, 74.7492
3.30844, -675.276, 144.741
6.56633, -31.7777, 19.5243
4.08004, -21.4581, -89.0812
4.05369, -126.399, -44.7069
4.65424, 192.033, -85.4825
4.46509, -235.922, -187.918
4.43916, 157.707, -144.234
4.34871, -235.218, -233.801
5.88118, 243.199, -106.671
6.10384, -324.126, -198.156
7.20082, 240.308, 177.388
5.08573, -91.4844, -66.2264
5.5282, -18.6771, -217.33
5.85049, -197.663, 248.357
5.11404, 100.584, -206.256
3.87105, -299.897, 273.923
7.08924, 94.194, -202.825
3.73367, 197.361, -238.708
4.77876, 205.503, -246.609
3.30374, -217.265, 263.756
4.68319, 261.86, 290.472
7.45767, 71.0051, -21.4579
6.26931, -298.462, 316.068
4.97846, -148.068, -157
7.01651, -107.231, -179.128
4.68213, 115.383, 5.63524
5.09239, -275.981, -70.6497
4.44866, 330.706, -109.785
5.63431, -34.352, -38.9717
5.19331, 191.932, 44.3238
4.35955, -105.526, -51.3637
2.54674, 76.6261, -125.342
6.3794, 0.91865, -213.383
2.85317, 6.57528, -60.4335
3.98511, 185.891, -88.674
4.78581, 0.951494, -226.049
3.25156, -105.82, -91.5937
5.97819, -119.652, -137.62
4.15587, 62.626, 147.822
5.21197, 369.781, -369.737
2.64678, 342.056, -5.77798
5.38086, 122.37, -157.304
5.18133, 134.857, -8.54788
7.36678, -141.837, -147.169
5.57063, 52.5556, 5.08431
5.26431, -470.771, 207.287
6.69051, -90.0437, 102.277
3.75764, -150.36, 105.376
6.98957, 69.5637, -131.729
5.97428, 13.9935, -94.9837
5.82752, -160.564, -196.215
3.06838, -146.151, -99.4924
3.37987, -0.927259, 565.189
2.91253, 10.2495, -507.122
6.68103, 127.887, -128.901
2.64818, 332.003, -803.197
6.34719, -113.725, -42.705
4.29829, -227.606, 338.208
6.24626, -51.7759, 258.835
6.28385, 95.8821, 4.12399
3.60834, -491.852, -30.1895
5.58305, 238.312, 88.6342
3.66846, -50.6666, -221.951
6.22052, -209.378, 336.9
5.80997, -120.984, -175.766
4.9209, 328.462, -386.816
2.58972, -116.763, 182.142
4.98291, 107.957, 25.4606
5.09587, -263.437, -80.0603
4.71395, -217.976, -175.024
4.14528, 389.16, 94.1487
3.52671, 34.4113, -28.5302
7.19863, 45.2985, 24.5386
2.85168, -221.838, -132.789
3.30042, -38.937, 216.886
6.70788, 5.01949, -127.163
4.13614, -154.912, -214.227
6.85942, 197.084, -325.876
5.99896, 195.75, 242.939
5.52801, -39.393, 100.599
4.77536, -157.296, -165.997
2.91543, 146.298, -426.353
3.94883, 302.404, 328.235
6.51009, -129.126, -82.3929
6.81821, 65.4322, -66.9828
3.81831, 247.624, -161.241
4.79881, 70.3397, -193.591
4.95672, -48.3905, -88.3342
5.82344, -370.589, -2.31678
7.31738, -116.145, -231.636
7.23022, 147.764, -85.9207
2.81902, 133.454, -75.7551
5.04829, -78.7416, -215.087
6.13222, 212.345, 246.838
5.65882, -60.6532, 79.2034
3.26658, -274.496, -154.328
5.09652, -217.493, -173.726
3.52281, -294.377, 275.863
6.03231, 107.115, -179.286
6.05786, -104.797, -252.555
3.66304, 46.9533, -82.109
6.80594, 173.403, 20.0264
2.67122, 208.328, -255.231
6.26587, -230.002, 112.467
4.14789, 106.037, 4.08613
4.65309, -363.193, -166.275
7.33455, -130.395, 5.00155
4.05803, 289.863, 327.086
5.69762, 327.957, -371.513
5.95386, -8.25389, 110.503
5.36403, -25.1406, 356.336
6.60667, 330.71, -445.548
4.21807, 54.0672, -135.686
5.09387, -242.116, -267.716
6.78438, -266.324, -165.039
6.18587, -30.3201, -118.982
3.45992, -98.4143, 131.263
2.83145, -69.3534, -140.26
3.60828, 321.202, -283.193
3.33656, 159.762, -138.107
6.31172, 27.9262, -18.8063
5.44905, -166.613, 201.579
4.65223, 328.713, 308.17
7.09618, -5.56406, 200.589
5.09668, 123.265, -141.871
7.38058, -36.9288, -165.52
5.15714, -189.067, -285.138
2.98716, 154.136, 362.166
5.83983, 119.524, -147.873
5.44444, 266.603, -69.7441
5.01137, -159.853, -195.647
2.75808, -320.839, -440.734
2.6753, -214.108, -138.839
4.41484, 12.2714, -119.375
5.55555, 286.598, 178.642
5.06574, 342.439, 177.011
5.98498, 193.006, 160.882
4.89891, -21.1304, -118.004
3.88323, 306.735, 160.719
6.01685, -172.581, -341.531
3.67701, 53.1162, 81.9401
6.41501, -73.3062, -152.789
6.60589, -54.2985, 155.27
3.21842, -318.191, -404.092
5.75757, -291.937, 197.504
3.87677, 192.02, -217.067
7.26215, -396.763, 609.74
4.58238, -142.269, -183.064
3.03869, -36.6257, -217.496
4.70633, -188.512, 272.451
6.28811, 4.1024, -181.664
2.77803, -38.8363, -251.825
3.51241, 154.467, -134.609
6.82305, 299.508, -316.157
6.52456, 43.1414, -188.691
2.78861, -330.448, -399.568
4.40304, -83.6605, -11.3878
4.56124, 89.6032, 85.9132
2.80071, 154.8, 53.9694
7.09746, 295.062, 280.752
3.35398, 167.962, 182.225
6.51634, -293.61, 97.0721
3.88599, -113.688, 0.051527
4.44586, -467.65, 318.702
7.19936, 43.215, 201.81
6.24573, -114.847, -355.54
3.44774, -421.263, 537.3
6.89581, 182.928, -114.967
6.8953, 88.7099, -73.105
3.30515, -135.618, -182.929
5.87346, -145.204, -221.97
6.89096, 185.998, -101.308
6.98262, 221.068, -218.162
3.06535, 72.569, 87.9009
5.93789, -209.498, -280.852
3.21651, -13.5707, 0.961465
3.6901, 99.924, -157.497
5.64383, -87.8387, 149.238
4.312, -4.21298, -146.916
4.64437, 250.535, 278.158
4.91936, -308.5, -3.09544
6.20379, -15.2702, -117.341
3.23098, -249.854, 295.002
7.36238, -184.84, -96.569
7.3158, -117.251, -232.927
3.14741, -442.547, 571.705
5.3784, 102.882, 81.605
4.66439, 160.835, 390.33
5.50066, -175.997, -209.765
5.85098, -135.803, -219.263
4.5137, 435.489, 134.568
6.46691, 240.985, 250.351
4.89889, 105.854, -261.671
5.72449, 245.33, -10.6897
4.28836, -469.788, 250.762
5.96794, -216.696, -279.147
5.83428, -136.234, -159.03
3.22071, -197.516, 156.245
7.10415, -293.272, 30.4471
4.22228, -181.974, -209.628
6.66824, -10.9324, -100.258
2.74349, 83.3316, -33.455
3.27936, -543.161, 319.635
2.55765, -116.061, 225.15
3.94327, -59.1789, 156.876
5.07295, -99.6627, -202.079
3.65948, 135.878, 319.141
2.75022, -148.895, -210.292
5.33091, -255.857, -244.173
6.69774, 84.6484, 102.784
4.28763, -143.747, -262.34
4.3452, 38.8774, -12.8347
7.22226, 183.007, -137.422
4.72425, -67.9894, -244.44
6.82086, 26.2407, 121.61
5.82654, -238.802, -80.0874
5.79297, 83.7289, 31.5709
7.10736, -402.669, 329.129
5.11536, 237.425, -278.902
5.45229, 174.316, -75.4648
5.79944, 217.25, 317.126
4.24765, 214.875, -228.13
4.11714, 165.925, 14.9148
7.08984, 80.2259, 94.9976
3.08619, 425.281, -351.37
7.31268, 109.518, 12.4614
5.17978, -77.3302, -90.8026
5.81447, 327.611, 265.001
5.48362, 421.49, -328.099
6.93363, -25.4926, -105.082
6.67999, -221.377, -114.98
6.69339, 115.741, -147.82
6.85642, 25.9418, -183.709
2.5002, -113.594, -210.134
4.77274, -9.3678, 100.612
4.25696, -299, 60.6375
5.80713, -257.493, 365.615
6.22234, -279.429, 83.0394
3.3821, 207.164, 1.05058
7.4621, 256.883, -301.759
5.95466, -279.512, 62.0295
6.97862, 250.533, 62.0193
3.51579, 401.503, 358.529
7.2356, -65.8368, -202.837
4.88476, 429.02, -351.893
6.78578, 335.42, -315.37
6.41237, -51.9565, -48.6786
5.70687, 232.429, -335.558
3.14521, 37.4332, 26.2333
5.77944, -49.9365, 366.586
3.09199, -44.1308, -213.367
3.88793, -269.019, 156.167
6.65548, -159.93, -194.583
6.14153, -263.354, -282.015
6.74348, -475.282, 210.379
3.43989, -217.199, 186.925
6.09602, 88.5059, -73.0355
4.25586, 251.315, 54.471
3.34555, -135.355, -72.2767
4.52383, 421.221, -183.311
4.20924, 163.558, 62.824
6.67141, 218.168, 155.295
3.9111, 277.673, 372.772
5.16766, -632.762, -363.236
6.25085, 240.058, -353.587
4.62554, -145.101, -164.793
4.66964, -342.958, 224.849
3.03022, 349.581, -98.0689
6.4639, -124.471, -72.3787
3.91232, -169.985, 31.027
7.14264, -279.16, -337.262
5.37926, 93.1108, -203.755
3.4895, 63.1729, -111.974
5.99081, 41.6331, 28.4051
3.07265, 255.2, 239.889
4.22945, -188.138, 77.0725
4.15646, -144.855, -201.857
6.42735, 409.271, -341.799
6.65775, 113.086, -168.035
4.21712, -187.322, 266.841
4.2603, 13.9615, 56.8015
6.38197, -119.044, -48.7789
6.58658, 83.8269, 157.777
4.26157, 150.225, -126.088
7.09559, -109.312, -251.496
3.2877, 63.3753, 32.7201
5.56029, -314.29, 257.72
5.54222, -210.908, 126.972
3.16647, -140.707, -160.775
3.51409, -197.442, -268.788
4.79457, -222.108, 275.018
3.48759, 231.161, 164.416
6.77118, -378.133, 38.4187
6.54562, -8.69912, -29.2274
2.80131, -187.858, 266.921
6.50584, -218.51, 410.363
5.49597, -12.8366, -30.262
7.43182, -319.402, 38.3532
2.65919, 190.46, 104.709
6.8356, 277.216, -285.362
3.69109, 35.4675, 105.962
3.6127, 554.432, -185.075
4.73907, -353.628, -244.293
2.61231, -29.6184, 1.34772
6.79755, 44.6656, -189.121
4.15902, 288.128, -452.701
5.72195, 231.048, 118.601
7.43521, -174.857, -62.0578
5.30162, 13.5175, 29.59
4.74553, 90.7844, -252.262
5.213, -35.1828, -19.024
2.90797, 184.652, 73.4182
3.99606, 236.822, -176.352
6.63964, 245.685, 223.695
6.48936, 461.256, 84.3133
5.71048, 89.817, 94.1785
4.84105, 154.022, 161.179
7.15326, -191.92, -117.409
5.08798, 37.4705, -130.073
7.42924, 337.861, -314.611
5.94567, -69.1779, 29.8857
6.19966, -18.1493, -32.9652
3.46323, -468.719, -296.358
6.08881, -339.531, 266.802
6.11146, 60.5993, 109.679
6.49298, 157.757, 133.449
4.23216, 361.349, -82.9674
5.1481, -177.672, -166.397
3.19001, 5.50549, 125.948
6.73218, -172.981, -212.857
6.32766, -125.443, -20.0282
7.5, 430.08, -352.473
4.24891, 368.282, 289.021
5.50367, -298.307, 209.963
3.50808, -85.7796, -284.729
6.2385, 236.339, -142.149
6.49225, -154.472, -29.5241
3.03505, -792.881, 420.674
5.35813, -210.683, -221.9
2.84683, 156.927, -131.34
4.16036, 212.594, 259.494
5.80945, 134.425, -15.6694
5.27726, -90.8911, -118.413
7.12415, 113.967, 93.5621
2.69832, -43.9284, -491.91
2.62083, -125.604, -245.044
4.61923, -122.583, -23.4101
4.36987, 168.901, 72.5691
2.93303, -281.058, -277.291
3.05403, -8.00878, -219.931
5.31992, 352.229, -288.21
7.37269, 36.8439, -52.6054
3.05066, -64.6046, -16.4276
5.99352, 59.7525, 164.178
2.79674, -269.884, -146.319
4.69755, -64.3676, 156.527
5.24651, 239.283, 356.721
3.45129, 107.336, -150.84
7.36597, 247.585, 125.52
3.19593, 109.136, -178.713
5.48978, 375.512, -350.055
7.12812, -150.701, 270.98
3.91116, 55.5348, 156.829
6.8307, -2.19016, -166.412
6.29598, -258.173, -77.9234
6.10793, 106.205, -106.899
3.34241, 2.75382, -177.437
3.32882, 128.132, 525.096
3.39076, 50.604, -91.7253
5.87226, 118.666, -72.5306
4.83484, -68.8071, -247.3
6.85219, -274.463, -225.848
5.76023, 72.2402, -129.233
5.80464, 311.731, 267.272
2.58037, 27.4699, -15.7835
4.30596, -274.474, -276.453
3.72747, -156.941, -98.3254
6.93086, -155.782, -135.816
5.23701, 410.097, 187.165
6.57209, -131.736, -28.1263
5.24453, 49.5637, 102.108
4.16156, 22.9794, -73.7894
4.40213, 192.859, -14.709
2.52389, 277.211, 262.933
6.95226, 55.6881, -3.54936
6.16955, -278.619, 226.628
6.04239, 88.4715, 72.8372
5.1278, -213.103, 183.615
6.41065, -105.065, -46.0109
3.42484, -88.8289, -44.6803
5.72673, 60.1342, 45.8131
3.42178, -166.578, -212.206
3.31214, 369.805, -233.795
2.65594, -331.565, 242.698
7.42716, -102.462, 62.7658
4.04559, -8.52462, -126.142
4.11075, -95.4993, -167.221
5.51155, 98.2871, -16.0638
2.89107, -409.603, -119.965
3.93936, 223.827, -95.8203
5.79307, -262.879, -65.202
7.36348, -268.246, -236.463
7.27758, -481.881, -304.945
7.42745, -58.2368, -212.474
7.30478, 25.2038, -25.1654
3.0073, -199.674, 237.336
3.71505, -247.186, -157.025
6.91151, -130.58, -75.1586
5.28805, 63.269, 42.7257
6.7669, 255.794, 173.567
7.49145, -310.446, 221.588
3.99751, 226.421, 58.64
6.33157, 316.786, 334.755
4.81901, 204.224, 12.852
6.8168, -147.709, -186.531
6.99018, 70.9439, 23.4948
7.377, 85.585, -90.5517
2.77405, 131.659, -29.3038
6.32605, 342.906, -228.432
5.09219, -240.488, 341.99
3.46574, -89.8051, -24.0883
6.98252, 249.836, -142.025
6.38492, -306.008, 6.21851
2.75968, -74.8371, 218.118
7.47331, -236.965, 320.878
5.93659, -267.154, -92.5663
5.94854, 327, 262.283
6.57666, -283.524, 236.854
7.05426, -274.203, -132.955
3.34218, -20.5381, -272.878
5.24183, -469.053, 255.114
6.53351, -165.789, -206.386
4.17803, 124.736, -3.28216
5.53435, -141.838, -233.926
6.59602, -197.148, 210.126
7.3485, -161.26, -172.032
6.29349, 143.397, -185.176
3.72113, -122.608, -212.65
5.80589, -287.451, 79.8733
4.21574, -688.774, -339.448
7.27146, -34.0146, -178.649
2.60828, 88.7049, 451.947
4.54979, -343.415, 277.898
2.55789, 671.266, -260.019
3.04964, 15.1428, -127.444
5.28259, -327.254, 109.439
4.45466, -146.628, -71.8037
7.20539, -86.2271, -228.122
2.55572, 310.676, -208.507
6.22897, -181.895, -274.109
3.84293, 157.974, -144.11
4.27153, 57.4017, -14.6556
3.45835, -283.811, 344.218
5.14832, 245.175, 34.1739
4.39478, 179.058, 48.302
3.16407, -133.811, -0.430489
4.26563, -172.314, -55.168
4.2497, 287.517, 248.913
7.41084, 242.363, 114.233
5.25961, -30.6398, 82.3496
4.99918, 55.0449, -70.7383
3.58531, -293.841, 38.5167
4.37311, 210.034, -127.718
6.78251, -693, -392.703
6.45578, 326.089, -389.913
3.9204, -252.071, 232.879
5.07645, 42.6637, 183.752
6.79238, -141.464, -254.334
7.07844, 77.5196, -57.3172
7.48941, 63.0248, 190.255
6.53177, 204.477, 89.5428
5.22718, 85.8764, -169.281
7.3461, -206.758, 56.4488
5.31931, -300.772, 20.0035
4.03031, -267.705, 258.731
5.41853, 166.026, 35.5048
2.91197, 110.8, -154.737
5.47382, 102.044, -105.329
3.31968, -384.852, -497.92
6.46527, -117.132, -46.6819
2.95373, 429.273, -61.3111
6.3072, 38.7492, -155.589
6.83996, 41.3222, -195.973
6.40105, 137.593, 15.1398
6.61399, 216.679, 147.798
6.70974, 100.411, 19.4621
4.48328, -38.2586, -223.497
6.508, 21.427, -149.206
6.56811, 134.204, -117.833
5.43493, -264.634, -272.89
4.64621, -79.9645, 48.9724
2.5002, -294.99, -56.1844
5.31153, -217.18, 85.8742
6.22632, 115.215, -121.702
3.89846, -114.321, 20.0438
2.93406, -120.312, 243.73
3.5733, 358.136, -326.849
3.93296, -39.0695, 115.447
4.86595, -357.649, 376.492
6.95893, 294.979, 315.119
5.91955, -118.055, -121.685
3.54376, 178.069, -288.688
6.67533, -44.5172, 2.19936
7.09218, 248.742, 222.237
4.48244, -199.43, 209.611
6.37858, 92.2887, -89.7326
5.68161, -84.359, -170.766
6.64746, 247.812, -43.2852
3.40204, -137.386, -78.4115
7.45927, 147.325, -87.6837
6.70558, -41.9111, 110.66
4.65177, -8.5597, -177.725
4.38589, 280.227, 179.939
2.70802, -35.6349, -145.671
6.80715, -86.4095, -66.961
6.62116, 341.225, -288.828
6.25052, 138.08, -50.4411
3.55801, 4.79307, 106.572
4.31029, -146.922, -219.459
4.43545, -131.205, -146.586
7.32918, 299.965, 269.082
6.5872, 77.125, 129.54
4.5755, 218.65, 297.783
5.83759, 115.332, -160.561
2.52101, 416.131, 98.3162
6.98048, -289.803, 83.7606
3.68416, -40.0429, -172.788
3.79415, -39.4893, -14.631
5.4939, 166.469, -70.1813
6.89823, 67.1666, -221.585
6.16299, -161.802, -179.35
6.0773, 318.945, 238.896
3.57724, -354.572, 196.754
6.30413, 295.231, -285.657
3.85351, 182.972, 69.7823
2.75246, 155.755, 161.569
4.78866, 10.1759, 147.276
2.58759, -36.9555, 205.021
3.01129, -210.998, 182.584
2.639, 122.239, -132.942
5.65921, 59.7833, -64.9674
6.34425, -103.448, -120.697
2.74132, 185.881, -80.8787
6.6924, 10.1853, 2.53566
6.76899, -164.089, -203.485
6.57649, -332.919, 227.188
6.85188, 177.645, 432.044
5.27222, -47.681, -205.858
6.12646, -163.864, -201.764
3.20424, 209.785, 92.5803
6.6115, 73.7727, -26.6657
5.51185, 286.68, 177.706
4.93856, 175.786, -78.1734
6.14942, -25.5519, 112.989
4.05164, 264.651, -226.56
3.93925, -208.406, 194.204
5.45857, -230.237, 345.847
5.34055, 347.949, 133.471
5.41059, 42.5226, -139.047
2.84132, -180.079, 322.263
4.34304, 337.055, 117.071
6.28475, -111.804, -187.248
6.35297, -39.0001, -139.294
4.27217, -106.908, -271.212
5.98913, -55.2702, 88.8134
5.08005, -196.443, -269.504
5.94494, 92.7296, -167.399
6.18066, 62.9429, 58.8708
2.56231, 44.9829, -6.32067
7.16549, 71.2562, 2.41263
5.37826, 301.728, 210.233
3.05587, 678.615, 511.04
4.87388, -103.831, -92.5137
3.24247, 106.832, -103.197
4.22594, 213.961, 30.4166
7.04476, -285.349, 49.2812
4.54571, -45.294, 264.2
5.96642, -55.2586, -200.098
3.35865, 30.0456, -19.1181
6.21715, 411.805, -406.889
4.16319, -256.599, 219.76
4.62157, 149.627, -34.1384
2.79523, -89.333, -200.129
5.09005, 106.819, -8.88309
5.94425, 171.201, -57.2285
5.01149, 32.5151, -193.652
6.56617, -117.379, -44.3732
3.07974, -101.921, -57.3158
5.24841, 111.186, -328.267
5.06046, -30.4274, -116.043
6.02649, 297.624, 205.932
5.65083, -35.9282, 84.1391
4.0207, -167.02, -96.0613
6.74719, 37.8295, 4.84258
3.39619, -78.9787, 142.077
2.61737, -214.02, 4.67278
4.19467, 82.8328, 89.3473
3.43818, 247.046, 204.486
6.60467, 99.8416, -101.453
6.72507, -16.6457, -319.908
6.78031, 327.403, -316.594
7.37454, -232.134, 258.544
2.99587, -41.3505, -109.563
2.56182, 473.454, 450.466
2.58614, 318.081, -302.03
2.64527, 86.1992, 156.912
4.1031, 246.25, 26.1293
6.17815, 330.386, -30.4337
3.14876, 165.017, -90.944
2.5161, -205.592, 181.567
6.91905, -130.327, -8.79045
3.70482, 142.361, 31.9329
4.38481, -210.98, 288.093
4.44879, 39.7061, 14.0194
2.81534, -133.725, -199.152
7.30792, 27.3678, -43.2999
3.75349, 28.3226, -136.238
6.85376, -48.406, -201.284
2.85991, -371.652, 427.159
2.70653, -401, 579.245
3.46378, 132.638, -59.5984
3.86708, -34.6165, 175.693
7.4007, -246.357, -142.449
3.60607, -17.523, 12.4224
6.43119, -220.128, 343.994
4.42306, 124.874, 36.6081
3.78593, 201.12, -170.74
3.91087, -303.483, 71.5813
7.33834, -79.5979, 156.805
4.22841, 347.398, 162.08
3.45922, -215.375, 104.914
5.05037, -116.938, -242.799
5.21857, -67.9994, 474.821
5.72333, -84.074, -150.631
3.89738, -234.849, 392.845
3.41887, -110.675, 11.3539
2.71579, -248.91, 203.613
3.98408, -64.6751, -253.643
4.25548, -51.0198, -214.209
7.09372, -307.051, 202.926
5.81225, 72.2445, -51.4487
5.08041, 272.262, 225.938
4.03763, -104.041, -180.137
3.0007, -14.4467, -186.443
3.47502, 355.206, 10.5397
4.11407, -94.518, -252.939
5.56182, 178.332, 47.8767
5.13511, 170.4, -170.373
3.45653, -170.777, -156.92
4.7178, -191.444, -193.674
4.48693, -322.709, 163.788
6.28051, -127.46, 180.649
6.6213, 163.802, 196.674
5.51573, 315.537, 199.288
3.04573, 9.90941, -15.2841
4.11797, 9.52042, -35.5561
5.03403, 101.685, -173.522
4.76521, -184.959, 148.468
4.77315, 67.7225, 17.7692
4.91125, 322.838, 276.487
5.07896, 147.193, -154.099
4.50207, -13.5822, 135.623
4.22945, 335.343, 232.568
6.64533, -95.1948, 139.488
3.02204, -298.024, 276.383
6.40057, 113.816, -185.304
3.19919, 31.4888, -20.4683
2.62171, -318.719, -273.105
6.0664, 135.854, 0.585335
7.15538, -122.629, -56.7433
7.47667, 146.276, -64.8635
3.86264, -277.719, 84.0636
3.6923, 29.32, -232.684
3.87328, 214.087, 574.515
5.70836, 14.5684, -31.8648
5.17637, 151.958, -3.13965
6.8967, 186.832, -229.813
6.75968, -148.433, -198.178
2.98004, 179.066, 66.3867
4.66818, -297.953, 72.1794
3.17045, -120.611, -49.6827
5.86802, 1.30981, -183.14
5.34964, -70.6916, -62.1641
3.66474, -144.678, 569.308
5.50306, 20.8979, -11.3907
2.6551, 87.0787, -75.4414
7.08512, 56.1957, -81.3231
3.82958, -171.278, 34.0049
6.50016, -107.931, -74.2996
5.46389, -94.6802, -56.9101
5.0822, 102.208, -19.8588
5.2567, 115.519, 15.4013
3.47225, 313.938, 483.832
5.36152, 13.5645, 119.845
3.81992, 122.409, -238.165
4.41648, -392.636, 424.116
2.73626, 7.72203, -48.212
4.22823, 27.8792, -20.9065
3.61594, -101.429, -82.4926
3.81264, -253.731, -142.348
3.05141, 43.9765, -59.9979
7.40088, -132.247, -166.723
5.93794, 222.326, 216.34
5.82158, -117.168, -241.159
5.99501, -116.095, -157.572
2.68746, -236.242, -70.3787
3.6706, 64.0662, -30.1677
3.95397, 372.161, 282.988
3.50543, -75.826, -99.4092
2.7177, 164.656, -117.025
2.56571, -275.662, 183.18
6.07297, -292.04, 278.534
6.88348, 30.4771, -22.5355
5.35088, -163.206, 283.484
6.92743, 580.598, 556.023
5.20042, -33.352, -195.811
3.31357, 324.959, -388.201
3.30492, 288.281, 279.545
7.19182, 68.6288, 0.000564337
3.45628, -141.794, -38.7961
3.15761, 314.951, -317.503
4.41122, -67.6281, -108.786
6.12674, 181.208, -117.076
2.50651, 345.018, 176.411
4.60222, -359.107, 232.05
5.18984, 98.8308, -4.41322
4.86596, -31.173, 62.2555
6.33003, 211.568, 29.3567
2.9396, -14.148, -207.008
7.04284, 13.0778, -112.366
3.20818, -273.106, -756.025
2.54782, 100.881, -45.568
2.82267, 34.8742, -94.8177
4.96742, 126.307, -120.207
5.40914, 279.103, 171.472
4.03373, -173.499, 254.986
4.57091, -20.5357, -1.43897
4.33401, -121.829, -72.0571
3.42687, 31.4837, 149.006
2.76788, 229.786, 160.045
4.47222, 36.805, 17.5019
3.98388, -45.6591, -128.201
5.05388, -367.031, 78.4351
3.75392, -165.345, 255.209
5.01589, 311.259, 303.893
2.51168, 72.723, 123.411
7.01807, 420.492, -355.801
2.79181, -205.659, -303.423
5.17506, -148.083, 100.559
3.95754, -459.935, 316.474
7.3023, -192.857, -263.519
4.73406, 275.187, 124.531
5.08479, -22.3777, -116.506
5.93861, 28.6467, -174.576
2.72187, 41.8957, -207.255
7.2946, -359.362, 370.953
5.70852, 66.7279, 94.8056
2.80215, 60.2033, -72.1623
3.33964, -29.881, -66.2985
5.76491, 34.4362, -14.6883
6.19864, -117.454, -207.896
3.57011, 123.783, 233.601
4.31441, 180.891, 187.046
6.56981, -193.236, 243.369
5.32057, 85.1262, -115.599
7.45886, -144.736, -14.7115
6.5669, -232.839, 105.009
3.49157, -175.955, 201.667
2.50003, 178.624, -13.9358
4.62608, 297.22, -316.978
4.07406, -87.0266, -28.6172
5.56218, 413.708, -209.145
3.83351, -6.73143, -77.5379
4.39881, 69.5473, -133.427
5.43397, -140.255, -141.149
5.95636, -160.313, -11.9967
7.26736, -25.4907, -10.0724
4.89785, -253.092, -11.8467
3.60319, -445.084, -15.1561
5.33741, -149.076, -324.479
6.09873, 31.4535, 8.38217
4.4953, -305.976, 260.347
3.48326, -180.87, 247.99
6.66971, -241.016, 32.9511
5.59561, -493.875, -31.289
7.26866, -3.36144, -157.829
3.23222, -113.408, -156.548
5.38953, -14.017, -101.304
7.26796, -283.783, 221.723
3.62331, 566.319, -294.397
7.25137, -205.836, 132.723
3.07874, -108.314, 85.0567
2.58372, 150.814, 232.075
3.90465, -120.193, -139.061
7.15042, -0.556539, 113.86
3.04796, 312.033, 305.508
6.77266, 65.6824, 115.885
5.68532, -225.21, 72.7186
5.63853, 192.012, -85.2872
3.80589, 168.255, 140.809
5.13936, -283.371, 58.3347
7.16608, -55.9197, 76.3651
3.98055, 121.044, -16.6353
4.78006, -16.9595, -358.145
6.35659, -102.414, -547.585
4.17193, 114.149, -479.336
6.31775, -117.167, 31.0337
6.65892, 186.344, 139.222
2.64618, -276.161, 305.013
4.31315, -111.865, 149.878
4.16221, 225.192, -218.136
3.17675, -204.109, -185.012
3.00839, -194.59, 444.224
5.11327, -263.437, 147.657
3.52046, -151.927, -98.6634
5.00728, -152.145, -67.2844
5.1371, 220.93, 113.877
4.13422, 319.937, -288.81
4.75888, -30.0853, -191.697
6.85263, -67.3656, 162.035
4.72884, 218.861, 126.189
6.03726, -471.567, 13.8462
6.83171, 334.737, -329.841
6.5822, -150.652, 37.4997
2.67504, 622.724, 393.104
3.8644, 40.1332, -281.935
5.21858, -5.47758, -48.3626
3.19942, 15.2718, 8.23291
5.57408, -96.7073, -85.6059
3.29182, -283.278, -175.839
4.41129, 2.97754, -29.8262
5.94997, -19.2006, -207.196
3.21128, -331.459, 177.283
5.65284, -216.905, 266.269
3.15973, 52.3506, 88.7221
7.13583, -277.201, 85.839
5.53465, -223.661, 338.225
5.50388, -277.341, 60.2616
3.33635, -137.923, -77.0111
3.301, -277.114, -755.901
5.91628, 37.8946, -40.5647
5.1456, -31.1303, -229.574
3.65264, 93.258, 41.7901
6.55373, -173.633, -264.057
5.76477, -14.2696, -33.6047
4.08597, -157.352, -187.162
2.53953, -84.3217, -3.01702
3.49176, 70.692, 192.132
3.78831, 138.527, -171.13
3.03825, -68.6167, 139.06
3.49545, 147.596, 128.16
6.75079, 535.513, -247.564
6.63912, -310.379, 101.842
6.76813, -170.334, -176.682
5.71027, -34.5369, 141.781
3.6787, 329.141, -245.879
6.80638, -49.1517, -164.259
5.4745, 52.5514, -64.3257
2.52745, -190.523, -39.8028
6.84925, -140.001, -202.146
7.37729, 125.507, -117.403
5.59653, 218.302, 111.752
3.85574, -186.275, 220.182
7.46973, -16.9443, -107.174
4.60751, -33.9928, -439.612
4.20537, -57.2375, -140.602
4.80717, 12.6685, -104.676
4.44822, 103.92, 105.989
4.613, 174.214, 306.355
2.84879, -11.0697, 2.8696
5.5153, -128.436, -83.5179
7.36114, 12.7173, -147.827
5.07406, 22.0667, -17.8019
7.45461, -24.3731, 27.0838
5.84906, 101.782, 268.91
4.01716, 86.1651, -54.3969
3.47371, 331.568, 263.513
4.0109, -227.819, 63.2731
4.93946, -202.13, 178.805
4.72438, 312.168, 111.189
5.7844, 32.1535, 8.085
3.74227, -273.272, -276.976
4.72007, 307.396, 145.546
5.75894, -64.4551, -219.752
6.67472, -199.356, 52.9184
6.03698, 24.5844, 142.932
4.93928, 78.585, 135.804
6.72039, 158.892, -109.748
7.00296, -68.516, -228.971
6.33082, -38.2316, -31.8693
5.29453, 254.116, 95.3914
2.70603, 14.9858, -1.82749
5.46749, -23.5668, 98.6894
2.68674, -211.496, 382.399
4.53488, 95.8139, -126.655
2.84243, -103.653, 8.94694
7.38558, -110.022, -92.0073
2.5956, 110.374, -80.1273
6.60363, -226.401, -254.829
5.2195, -412.831, 272.846
5.72828, 139.002, -173.255
3.62934, -14.2042, -184.12
2.733, 493.03, -569.357
3.63154, -12.124, 26.8713
4.58371, -232.013, 406.452
6.40126, 133.984, 10.1884
3.72852, -192.364, 212.899
4.81411, -8.01925, 128.586
6.14756, -82.4442, 147.632
5.35237, -459.892, 190.688
5.45997, 295.989, 315.905
4.98425, -263.532, 98.3403
3.951, 216.193, 134.752
4.71107, -103.975, -126.767
2.53669, 431.361, -445.436
7.41683, 47.0118, -88.9371
2.52822, -99.6953, -102.483
4.8676, 154.663, -157.69
5.86497, -215.556, -253.128
