6.27803, 77.2079, -84.5283
3.5948, -163.411, -153.604
5.89648, -69.4907, -64.6134
5.09708, -29.5071, 38.2588
2.76731, -198.787, 342.688
2.53849, 173.018, 97.4914
4.58743, -298.315, -290.754
7.15218, 106.875, 1.4983
2.95982, -74.2909, 116.88
6.00595, 6.07581, -237.045
3.81226, 120.159, 0.954792
4.14117, -11.2385, 12.3885
7.45519, 173.34, 102.263
7.41275, -54.4307, -222.05
5.75759, 12.87, -342.073
6.92354, 49.0369, 19.3574
6.33247, -3.42629, -12.3379
3.87453, 119.896, -196.945
4.93259, -62.1905, -235.334
2.80282, 530.152, 183.231
5.08146, 23.4862, -85.0115
4.96988, 377.797, -289.593
7.23882, -11.935, 32.214
4.42071, -109.44, -57.603
5.14874, 445.118, -301.9
2.75042, 199.463, -366.614
6.63909, 40.0837, -105.398
5.94228, -4.95192, -1.40031
6.18112, 3.62384, 62.0664
6.94286, 281.459, 251.905
4.25508, 26.333, -21.0478
6.72991, -58.9533, -22.597
3.84659, 14.6022, -37.524
4.83959, -165.628, -184.308
3.2686, -65.9752, -70.8394
2.66527, 91.9984, 68.5815
7.2768, 207.217, 237.667
6.95369, -33.2363, -125.888
3.29884, 244.807, 40.0453
3.15214, 60.7193, 32.0256
2.515, -580.502, -92.0325
6.0491, 38.0682, -75.0787
3.40448, -458.34, 239.422
5.76029, 14.0651, -63.6568
4.42907, 90.8751, -42.618
3.23766, -175.018, -182.394
5.45054, 77.3103, -11.6343
3.24076, -206.178, 229.073
3.2091, 110.386, 26.3019
4.94257, -91.1435, -156.942
3.13015, 3.93097, 47.1746
5.64635, 3.64274, -25.2485
5.60817, 62.0553, -8.76896
4.88216, -322.716, 238.814
2.64188, -144.183, -193.07
3.21011, -307.284, 214.686
3.15594, 20.3276, 82.1998
3.31099, -262.618, 348.31
3.76529, -143.156, 10.6512
4.77654, 226.562, -279.246
6.54472, -153.796, -162.624
3.57624, -43.565, 17.7852
3.75063, -30.7703, -191.369
5.02978, 97.6409, -82.0888
6.27922, 12.7293, 96.2478
5.66369, 45.0263, 191.515
5.9449, 235.976, 98.0245
7.27207, 241.997, 143.889
5.18713, -441.521, 284.918
4.57014, -136.151, -180.396
4.70019, -52.0085, 131.01
6.07821, 257.966, 238.774
6.20858, 207.583, 159.46
5.12494, 220.629, -234.446
6.06711, -71.1104, -125.652
5.91025, 23.4049, -165.485
6.82941, -37.8926, 7.82024
3.19597, -151.742, 226.891
3.57766, -122.486, 73.7082
5.0733, -95.4509, -171.171
4.83766, 98.0014, -83.565
3.55759, -195.997, 414.086
5.65244, -178.294, 216.945
2.5044, -308.298, 166.103
4.09589, 200.421, -502.769
5.90281, 58.3498, 37.0111
6.0446, 40.1303, 32.6026
2.90869, -154.19, 280.55
3.56926, 79.0868, -208.855
4.44412, 187.494, -142.769
4.44927, 260.134, 157.059
3.92018, 89.4763, -42.3127
4.6123, 71.7366, -48.0284
2.55658, -194.403, -130.272
3.72027, 349.057, -250.375
4.49072, -167.499, 293.19
6.64177, -249.87, 94.4836
3.78584, 267.069, -225.858
3.59705, -127.994, 93.6005
6.47385, 84.8673, -153.394
5.8476, 184.921, -209.01
5.49108, -126.187, 137.934
5.99917, -270.146, -147.074
5.13062, 43.4506, 16.1203
4.14833, 161.378, 82.7353
3.30844, -653.236, 134.06
6.56633, -39.4791, -1.96158
4.08004, -64.25, -99.6326
4.05369, -109.004, -32.7208
4.65424, 154.246, -82.8605
4.46509, -209.897, -118.288
4.43916, 106.13, -105.654
4.34871, -167.689, -206.568
5.88118, 218.779, -58.5602
6.10384, -312.2, -186.088
7.20082, 251.905, 131.037
5.08573, -69.5769, -36.3327
5.5282, -18.7803, -241.009
5.85049, -180.659, 217.027
5.11404, 85.1401, -164.357
3.87105, -250.306, 229.259
7.08924, 77.0412, -212.916
3.73367, 148.755, -206.243
4.77876, 171.935, -278.825
3.30374, -191.843, 238.042
4.68319, 239.586, 309.964
7.45767, -1.18158, -35.786
6.26931, -298.564, 305.562
4.97846, -81.1884, -150.458
7.01651, -52.8883, -150.329
4.68213, 68.4584, -46.1285
5.09239, -272.814, -52.8625
4.44866, 304.929, -80.2414
5.63431, 9.58391, -18.9762
5.19331, 144.428, 35.4422
4.35955, -147.359, 3.52617
2.54674, 101.989, -133.342
6.3794, -14.8036, -147.576
2.85317, 81.1462, -23.1939
3.98511, 137.57, -33.6143
4.78581, -14.8963, -148.457
3.25156, -86.9172, -37.8138
5.97819, -164.822, -85.4497
4.15587, 2.81857, 133.403
5.21197, 331.299, -355.788
2.64678, 290.707, 44.0311
5.38086, 142.727, -116.736
5.18133, 104.689, 7.94818
7.36678, -84.1824, -156.696
5.57063, 81.15, 19.8588
5.26431, -433.152, 198.402
6.69051, -70.1196, 62.1394
3.75764, -123.533, 55.5971
6.98957, 50.9651, -158.654
5.97428, -42.946, -48.8207
5.82752, -99.5306, -215.335
3.06838, -73.9324, -59.2164
3.37987, 28.1776, 569.887
2.91253, 24.1831, -524.21
6.68103, 155.643, -149.342
2.64818, 307.685, -797.721
6.34719, -119.593, -36.5392
4.29829, -181.861, 318.926
6.24626, -65.3497, 212.737
6.28385, 62.7811, -15.4775
3.60834, -476.677, 3.61668
5.58305, 210.899, 87.8052
3.66846, -28.863, -190.341
6.22052, -163.838, 336.172
5.80997, -56.9099, -110.836
4.9209, 297.106, -365.975
2.58972, -158.304, 217.934
4.98291, 73.6341, -5.54346
5.09587, -226.709, -67.6203
4.71395, -159.56, -200.702
4.14528, 386.392, 64.5533
3.52671, -44.8878, -32.8596
7.19863, 62.7222, -2.60671
2.85168, -171.507, -169.275
3.30042, -35.8945, 252.269
6.70788, 36.212, -105.315
4.13614, -142.542, -178.644
6.85942, 180.333, -352.648
5.99896, 158.531, 217.954
5.52801, -52.3683, 89.0565
4.77536, -177.852, -164.667
2.91543, 196.387, -437.348
3.94883, 304.325, 302.567
6.51009, -70.5465, -24.899
6.81821, 6.04131, -81.1139
3.81831, 226.688, -99.3588
4.79881, 93.5564, -180.175
4.95672, -67.2245, -26.1138
5.82344, -328.477, 33.3428
7.31738, -60.4701, -228.964
7.23022, 99.2679, -45.2886
2.81902, 101.509, -12.7127
5.04829, -22.4361, -201.731
6.13222, 170.713, 221.261
5.65882, -101.799, 74.4134
3.26658, -213.638, -114.36
5.09652, -160.652, -204.152
3.52281, -266.913, 222.825
6.03231, 77.7618, -120.803
6.05786, -54.2747, -254.602
3.66304, 40.2048, -67.7426
6.80594, 168.36, 28.4964
2.67122, 201.226, -305.545
6.26587, -181.541, 99.621
4.14789, 92.9959, 6.82465
4.65309, -344.865, -141.407
7.33455, -167.1, -27.422
4.05803, 269.217, 318.129
5.69762, 299.891, -327.718
5.95386, -20.8715, 112.711
5.36403, -23.7262, 319.071
6.60667, 295.636, -408.788
4.21807, 90.5519, -145.871
5.09387, -201.294, -223.052
6.78438, -267.166, -151.766
6.18587, -78.2534, -129.943
3.45992, -52.0741, 126.129
2.83145, -58.3495, -183.001
3.60828, 282.847, -257.464
3.33656, 138.394, -141.607
6.31172, 5.0351, 7.78631
5.44905, -143.926, 213.892
4.65223, 291.155, 249.043
7.09618, -31.2914, 200.869
5.09668, 75.1985, -182.075
7.38058, 13.8791, -151.114
5.15714, -152.82, -249.616
2.98716, 142.448, 404.52
5.83983, 62.7352, -151.569
5.44444, 232.455, -94.0381
5.01137, -128.141, -182.538
2.75808, -274.596, -460.727
2.6753, -227.271, -97.5836
4.41484, 8.52439, -112.474
5.55555, 264.91, 181.977
5.06574, 296.372, 125.498
5.98498, 164.603, 147.561
4.89891, -3.32672, -66.5803
3.88323, 296.092, 119.586
6.01685, -146.896, -336.627
3.67701, 29.7472, 60.3027
6.41501, -80.8187, -146.952
6.60589, -73.0738, 100.172
3.21842, -295.6, -405.797
5.75757, -264.856, 168.323
3.87677, 160.601, -190.115
7.26215, -392.172, 594.279
4.58238, -111.654, -189.239
3.03869, -49.1067, -247.496
4.70633, -152.417, 237.124
6.28811, 32.544, -151.054
2.77803, -7.891, -231.405
3.51241, 144.337, -139.734
6.82305, 245.214, -282.356
6.52456, 32.454, -169.574
2.78861, -290.353, -374.187
4.40304, -82.5782, 7.44846
4.56124, 93.9816, 19.009
2.80071, 179.977, 18.7969
7.09746, 257.582, 241.535
3.35398, 124.156, 158.527
6.51634, -230.696, 68.2296
3.88599, -130.575, -26.1514
4.44586, -485.531, 314.852
7.19936, 57.3967, 140.245
6.24573, -102.454, -347.232
3.44774, -406.914, 517.615
6.89581, 136.922, -147.747
6.8953, 69.4516, -48.2206
3.30515, -95.4468, -196.07
5.87346, -120.469, -220.419
6.89096, 158.855, -116.605
6.98262, 183.633, -229.823
3.06535, 80.4866, 28.632
5.93789, -173, -278.459
3.21651, 27.7014, 35.9487
3.6901, 69.9263, -175.69
5.64383, -131.037, 158.104
4.312, -33.2202, -196.708
4.64437, 221.062, 248.945
4.91936, -324.913, 27.9636
6.20379, -11.68, -67.8042
3.23098, -238.195, 248.796
7.36238, -152.003, -65.9703
7.3158, -58.6164, -223.41
3.14741, -438.039, 555.934
5.3784, 106.596, 94.2506
4.66439, 135.378, 416.666
5.50066, -153.044, -194.304
5.85098, -131.227, -213.784
4.5137, 408.586, 86.9258
6.46691, 216.777, 226.745
4.89889, 125.154, -239.844
5.72449, 214.503, -51.8566
4.28836, -456.659, 212.249
5.96794, -182.065, -261.951
5.83428, -78.2789, -113.838
3.22071, -161.85, 134.362
7.10415, -260.093, 8.59505
4.22228, -184.091, -166.22
6.66824, -20.6893, -86.6055
2.74349, 33.1106, 33.3614
3.27936, -535.986, 330.421
2.55765, -132.207, 181.09
3.94327, -54.9496, 84.173
5.07295, -113.1, -175.335
3.65948, 105.563, 288.325
2.75022, -178.843, -172.806
5.33091, -217.761, -197.485
6.69774, 93.4829, 56.4015
4.28763, -104.736, -194.688
4.3452, 29.486, -90.7521
7.22226, 120.392, -153.243
4.72425, -45.9414, -244.293
6.82086, -18.4732, 124.917
5.82654, -218.843, -40.6091
5.79297, 99.2025, -43.0046
7.10736, -361.726, 290.888
5.11536, 200.138, -245.317
5.45229, 140.566, -37.2666
5.79944, 178.47, 302.716
4.24765, 168.164, -233.675
4.11714, 138.784, -22.8161
7.08984, 74.4617, 23.8168
3.08619, 414.419, -316.632
7.31268, 90.3843, -24.2619
5.17978, -96.2824, -80.2403
5.81447, 290.934, 224.91
5.48362, 395.944, -306.208
6.93363, 56.801, -91.2078
6.67999, -168.378, -74.7321
6.69339, 65.1373, -155.958
6.85642, 50.673, -186.988
2.5002, -38.7578, -231.226
4.77274, -50.5867, 90.5033
4.25696, -239.596, 52.4479
5.80713, -262.508, 327.808
6.22234, -239.238, 79.0167
3.3821, 194.351, 22.5663
7.4621, 222.11, -277.749
5.95466, -249.765, 52.7468
6.97862, 228.417, 38.5129
3.51579, 415.723, 354.075
7.2356, 2.91591, -220.724
4.88476, 386.881, -331.242
6.78578, 287.624, -289.353
6.41237, -4.42859, -28.883
5.70687, 186.075, -312.157
3.14521, 96.4931, -9.00488
5.77944, -52.5135, 328.48
3.09199, -63.392, -173.149
3.88793, -284.618, 112.786
6.65548, -171.638, -184.231
6.14153, -202.356, -239.588
6.74348, -440.188, 210.814
3.43989, -165.15, 218.766
6.09602, 55.7386, -40.6529
4.25586, 225.767, 12.1026
3.34555, -46.0454, -64.0981
4.52383, 414.339, -159.751
4.20924, 173.295, 12.0264
6.67141, 206.473, 123.585
3.9111, 252.664, 351.432
5.16766, -621.264, -343.169
6.25085, 207.338, -330.944
4.62554, -82.6846, -140.967
4.66964, -317.187, 169.662
3.03022, 304.485, -55.3358
6.4639, -94.5496, -59.7348
3.91232, -129.481, 72.7467
7.14264, -242.393, -338.9
5.37926, 78.5909, -212.862
3.4895, 6.93512, -58.1029
5.99081, 47.8166, 43.6327
3.07265, 266.001, 248.834
4.22945, -200.902, 30.3895
4.15646, -116.447, -176.755
6.42735, 393.917, -319.726
6.65775, 86.9146, -204.306
4.21712, -162.718, 222.031
4.2603, 44.9751, 1.70158
6.38197, -113.997, -31.0486
6.58658, 83.713, 95.1251
4.26157, 186.681, -160.387
7.09559, -61.9455, -219.559
3.2877, 11.6731, 36.0193
5.56029, -306.527, 224.163
5.54222, -185.976, 95.4939
3.16647, -147.962, -140.419
3.51409, -137.416, -228.748
4.79457, -180.947, 220.342
3.48759, 241.344, 119.311
6.77118, -331.355, 34.1346
6.54562, 64.5819, -15.9385
2.80131, -167.705, 210.154
6.50584, -177.688, 379.653
5.49597, -9.22786, -8.14686
7.43182, -265.182, 20.5719
2.65919, 195.6, 48.4147
6.8356, 225.355, -268.244
3.69109, 18.4624, 104.927
3.6127, 557.223, -216.744
4.73907, -321.021, -206.101
2.61231, -79.9423, 44.6726
6.79755, 24.0284, -164.974
4.15902, 297.304, -504.844
5.72195, 213.163, 133.944
7.43521, -114.376, -6.45118
5.30162, -3.08643, 84.4737
4.74553, 131.711, -215.428
5.213, -20.7911, 28.9312
2.90797, 165.425, 34.9094
3.99606, 295.238, -142.152
6.63964, 215.394, 178.696
6.48936, 445.613, 46.5705
5.71048, 74.3599, 25.2269
4.84105, 140.404, 159.768
7.15326, -156.504, -111.3
5.08798, 26.3309, -89.4244
7.42924, 292.058, -270.88
5.94567, -77.2935, 52.8213
6.19966, 11.6292, -15.9293
3.46323, -442.01, -274.893
6.08881, -312.958, 233.029
6.11146, 4.78023, 77.299
6.49298, 144.159, 120.809
4.23216, 355.499, -54.7056
5.1481, -154.642, -161.112
3.19001, -42.0805, 148.884
6.73218, -117.487, -172.942
6.32766, -116.88, 8.90333
7.5, 395.039, -320.769
4.24891, 347.783, 245.631
5.50367, -278.372, 157.006
3.50808, -46.0754, -258.655
6.2385, 246.393, -126.673
6.49225, -185.784, -59.5891
3.03505, -791.339, 430.349
5.35813, -149.653, -199.264
2.84683, 123.83, -70.6076
4.16036, 176.992, 222.076
5.80945, 104.389, 24.1813
5.27726, -112.594, -130.847
7.12415, 86.0832, 53.0258
2.69832, -19.9374, -494.685
2.62083, -96.8042, -180.686
4.61923, -176.701, 18.5235
4.36987, 153.783, 47.1613
2.93303, -293.156, -276.509
3.05403, -23.7176, -179.466
5.31992, 358.119, -258.595
7.37269, 20.8128, -101.005
3.05066, -65.244, 30.1267
5.99352, 67.2877, 108.233
2.79674, -248.806, -143.772
4.69755, -92.1574, 146.497
5.24651, 203.464, 310.438
3.45129, 57.1564, -102.015
7.36597, 223.491, 103.251
3.19593, 133.303, -161.678
5.48978, 351.52, -337.419
7.12812, -108.148, 227.475
3.91116, 35.5002, 91.7494
6.8307, 39.4496, -159.13
6.29598, -241.37, -57.644
6.10793, 59.4034, -82.7469
3.34241, 11.7802, -205.641
3.32882, 84.9169, 506.016
3.39076, 93.5142, -92.5239
5.87226, 83.9133, -42.5957
4.83484, -70.2531, -202.939
6.85219, -220.238, -184.907
5.76023, 102.226, -91.124
5.80464, 284.865, 244.512
2.58037, 98.8956, 9.63488
4.30596, -234.352, -234.293
3.72747, -195.285, -140.02
6.93086, -67.0773, -100.96
5.23701, 364.431, 151.561
6.57209, -144.847, -13.1295
5.24453, 76.6871, 43.3008
4.16156, 5.45502, -118.236
4.40213, 189.995, 25.979
2.52389, 273.582, 231.895
6.95226, 79.8728, 15.8181
6.16955, -254.979, 171.645
6.04239, 100.922, 16.5715
5.1278, -228.305, 173.891
6.41065, -85.6276, -49.1068
3.42484, -58.8754, -66.8678
5.72673, 16.3746, 22.3096
3.42178, -135.712, -188.494
3.31214, 361.197, -210.281
2.65594, -341.204, 204.879
7.42716, -81.1295, 87.0669
4.04559, 20.7994, -106.896
4.11075, -50.7621, -149.463
5.51155, 68.9014, -47.8479
2.89107, -395.466, -84.0958
3.93936, 218.406, -114.214
5.79307, -258.616, -57.7564
7.36348, -215.806, -192.382
7.27758, -469.651, -293.973
7.42745, -10.1109, -176.64
7.30478, 101.987, 26.8657
3.0073, -189.637, 217.507
3.71505, -229.694, -156.418
6.91151, -107.278, -33.9334
5.28805, 13.417, 25.025
6.7669, 205.335, 146.641
7.49145, -271.9, 200.355
3.99751, 188.517, 122.071
6.33157, 289.216, 296.143
4.81901, 162.001, 1.34543
6.8168, -87.2194, -164.625
6.99018, 62.6754, -3.78206
7.377, 78.0288, -31.1915
2.77405, 61.4559, -26.8531
6.32605, 301.589, -196.542
5.09219, -212.325, 313.274
3.46574, -133.419, -69.0311
6.98252, 220.749, -124.205
6.38492, -274.671, -10.4263
2.75968, -71.3217, 188.902
7.47331, -207.166, 292.962
5.93659, -231.685, -67.8203
5.94854, 289.676, 227.832
6.57666, -275.067, 216.033
7.05426, -244.193, -122.678
3.34218, -44.247, -258.871
5.24183, -450.135, 220.162
6.53351, -129.612, -189.069
4.17803, 95.0774, 56.9655
5.53435, -142.393, -171.616
6.59602, -169.122, 212.227
7.3485, -171.374, -157.808
6.29349, 123.85, -188.274
3.72113, -131.1, -160.658
5.80589, -217.287, 75.1979
4.21574, -676.702, -325.258
7.27146, -52.6554, -137.436
2.60828, 62.883, 422.614
4.54979, -300.751, 221.521
2.55789, 666.237, -222.548
3.04964, -1.19008, -158.583
5.28259, -290.476, 107.562
4.45466, -106.765, -42.7327
7.20539, -78.9133, -230.265
2.55572, 277.169, -250.334
6.22897, -145.365, -291.642
3.84293, 100.986, -148.203
4.27153, 57.1183, 17.5187
3.45835, -257.959, 294.905
5.14832, 210.982, 20.6343
4.39478, 162.907, 90.5198
3.16407, -126.668, -2.671
4.26563, -133.061, -32.6903
4.2497, 251.382, 188.833
7.41084, 235.723, 95.792
5.25961, -29.9444, 91.035
4.99918, 66.6571, 2.27009
3.58531, -256.507, 32.5146
4.37311, 189.079, -80.1479
6.78251, -680.901, -378.398
6.45578, 291.494, -385.148
3.9204, -242.665, 208.569
5.07645, 2.676, 184.652
6.79238, -134.72, -209.802
7.07844, 97.6449, -6.3328
7.48941, 66.2932, 140.374
6.53177, 215.29, 107.035
5.22718, 111.566, -117.685
7.3461, -200.956, 106.164
5.31931, -248.481, 18.9171
4.03031, -253.259, 222.599
5.41853, 105.529, -12.1195
2.91197, 90.3593, -116.477
5.47382, 65.5016, -86.24
3.31968, -352.842, -481.872
6.46527, -33.3046, -24.5579
2.95373, 392.738, -92.1167
6.3072, 87.9741, -146.648
6.83996, 27.599, -158.068
6.40105, 110.286, 6.63481
6.61399, 164.272, 89.4475
6.70974, 57.0412, 22.5477
4.48328, -77.7382, -207.441
6.508, 15.194, -171.524
6.56811, 73.6784, -139.769
5.43493, -235.26, -257.719
4.64621, -93.0667, 27.2954
2.5002, -292.073, -27.9243
5.31153, -188.522, 60.4327
6.22632, 85.9977, -137.391
3.89846, -150.85, -3.1793
2.93406, -90.758, 224.416
3.5733, 305.109, -302.45
3.93296, 9.68639, 67.3088
4.86595, -358.863, 366.955
6.95893, 257.409, 273.319
5.91955, -149.523, -74.7835
3.54376, 155.853, -263.91
6.67533, -73.259, 3.55064
7.09218, 193.71, 184.657
4.48244, -146.926, 258.954
6.37858, 48.5616, -156.48
5.68161, -90.5303, -130.864
6.64746, 216.471, -61.7302
3.40204, -155.054, -20.5528
7.45927, 104.166, -42.0524
6.70558, -46.8571, 149.435
4.65177, -61.6279, -222.412
4.38589, 267.088, 120.951
2.70802, -77.143, -110.581
6.80715, -34.046, -40.6942
6.62116, 316.592, -266.366
6.25052, 148.586, -104.597
3.55801, 31.5778, 58.2413
4.31029, -117.015, -224.074
4.43545, -72.4839, -107.458
7.32918, 277.385, 245.088
6.5872, 66.8705, 62.0053
4.5755, 232.716, 273.999
5.83759, 63.0282, -172.746
2.52101, 394.053, 65.49
6.98048, -247.894, 62.6231
3.68416, -44.0089, -181.858
3.79415, -68.4416, -35.8997
5.4939, 122.265, -37.0922
6.89823, 98.7296, -213.342
6.16299, -113.835, -109.702
6.0773, 285.17, 204.806
3.57724, -318.871, 158.915
6.30413, 257.973, -265.959
3.85351, 159.845, 86.912
2.75246, 140.27, 159.204
4.78866, -18.064, 149.639
2.58759, -66.537, 236.305
3.01129, -215.828, 182.299
2.639, 155.484, -164.345
5.65921, 99.4257, -58.6762
6.34425, -116.695, -99.9324
2.74132, 152.501, -40.3142
6.6924, 48.7098, 33.5586
6.76899, -119.146, -168.66
6.57649, -299.075, 191.544
6.85188, 148.156, 417.728
5.27222, -18.7356, -177.951
6.12646, -156.461, -199.215
3.20424, 213.53, 32.832
6.6115, 35.5779, 32.0661
5.51185, 265.518, 184.218
4.93856, 144.02, -40.856
6.14942, -9.91015, 69.2113
4.05164, 225.187, -189.371
3.93925, -184.877, 190.917
5.45857, -200.148, 315.19
5.34055, 323.688, 84.7749
5.41059, 127.787, -125.584
2.84132, -131.153, 302.192
4.34304, 348.997, 127.118
6.28475, -46.1997, -141.396
6.35297, 46.979, -114.571
4.27217, -55.7699, -270.108
5.98913, -36.3089, 27.3218
5.08005, -191.067, -266.319
5.94494, 61.6352, -193.73
6.18066, 53.0686, -30.6028
2.56231, 86.984, 15.1388
7.16549, 34.1152, -14.2556
5.37826, 297.9, 187.977
3.05587, 673.129, 481.533
4.87388, -93.8602, -35.9541
3.24247, 53.2583, -101.444
4.22594, 176.376, 0.445869
7.04476, -265.025, 27.7851
4.54571, -66.0639, 217.242
5.96642, -18.0802, -155.788
3.35865, 4.47633, 9.74171
6.21715, 392.918, -379.909
4.16319, -212.529, 173.483
4.62157, 127.969, -52.2787
2.79523, -116.203, -177.032
5.09005, 54.5924, -55.2639
5.94425, 157.85, 2.87615
5.01149, 33.1997, -161.191
6.56617, -109.824, -52.1957
3.07974, -104.502, -52.4142
5.24841, 85.4565, -351.732
5.06046, -72.3313, -137.406
6.02649, 260.808, 184.519
5.65083, -9.77788, 25.9247
4.0207, -156.339, -64.5972
6.74719, 14.9883, -5.23607
3.39619, -82.1431, 158.213
2.61737, -185.831, -5.6262
4.19467, 58.534, 85.907
3.43818, 231.246, 194.297
6.60467, 104.439, -106.785
6.72507, -3.98627, -308.225
6.78031, 294.153, -290.146
7.37454, -200.574, 224.288
2.99587, -83.6413, -70.1146
2.56182, 449.232, 437.076
2.58614, 320.682, -342.622
2.64527, 53.7035, 142.698
4.1031, 258.212, 22.2474
6.17815, 329.445, -39.2573
3.14876, 123.826, -123.545
2.5161, -188.717, 173.321
6.91905, -132.918, 12.2926
3.70482, 128.359, 82.9366
4.38481, -171.339, 255.094
4.44879, -1.43898, -12.3604
2.81534, -175.945, -224.96
7.30792, 34.2436, -106.529
3.75349, -35.6405, -87.905
6.85376, -24.6206, -158.311
2.85991, -338.281, 428.262
2.70653, -395.375, 561.665
3.46378, 109.41, -23.4696
3.86708, -5.29042, 143.46
7.4007, -194.091, -96.0524
3.60607, -48.9206, 57.8036
6.43119, -213.101, 313.596
4.42306, 113.959, 53.5077
3.78593, 154.076, -116.83
3.91087, -235.455, 49.5701
7.33834, -136.634, 172.256
4.22841, 355.926, 194.325
3.45922, -189.875, 50.7839
5.05037, -56.7235, -204.949
5.21857, -45.2368, 448.03
5.72333, -74.6688, -93.5929
3.89738, -241.038, 353.302
3.41887, -132.5, 49.4533
2.71579, -220.637, 205.854
3.98408, -29.7457, -223.27
4.25548, -64.9319, -235.84
7.09372, -290.078, 154.729
5.81225, 51.3113, -36.443
5.08041, 249.965, 189.692
4.03763, -169.404, -194.513
3.0007, -13.7093, -227.799
3.47502, 347.184, 51.1105
4.11407, -87.1958, -255.678
5.56182, 162.176, 54.9722
5.13511, 105.368, -129.309
3.45653, -160.575, -175.495
4.7178, -128.377, -131.188
4.48693, -301.51, 130.996
6.28051, -99.044, 142.661
6.6213, 125.702, 162.812
5.51573, 319.417, 226.405
3.04573, -6.13773, 9.28534
4.11797, -43.1967, -35.2837
5.03403, 49.8005, -176.56
4.76521, -178.955, 101.4
4.77315, 70.8685, 29.6946
4.91125, 290.212, 217.618
5.07896, 120.08, -96.8382
4.50207, -15.1502, 94.2153
4.22945, 308.205, 202.53
6.64533, -145.193, 137.986
3.02204, -250.452, 304.983
6.40057, 84.4979, -220.888
3.19919, 39.0819, 40.4658
2.62171, -275.686, -246.899
6.0664, 99.5825, 49.0815
7.15538, -118.458, -51.2003
7.47667, 102.486, -76.9171
3.86264, -242.259, 77.0248
3.6923, 65.4866, -214.683
3.87328, 197.509, 560.157
5.70836, 86.4386, -7.64391
5.17637, 108.047, -13.7776
6.8967, 144.03, -203.695
6.75968, -84.3151, -139.951
2.98004, 163.772, 73.7008
4.66818, -245.388, 50.003
3.17045, -112.75, -30.8489
5.86802, 2.42382, -191.595
5.34964, -39.5921, -42.8916
3.66474, -131.742, 543.955
5.50306, -33.0279, 2.59172
2.6551, 130.764, -14.0049
7.08512, 17.0142, -47.5138
3.82958, -214.212, -1.65162
6.50016, -87.8513, -53.4058
5.46389, -104.203, -32.2915
5.0822, 30.2325, -9.02156
5.2567, 52.3274, -21.4256
3.47225, 316.896, 494.878
5.36152, 34.205, 151.081
3.81992, 101.82, -273.185
4.41648, -367.857, 396.058
2.73626, 77.9365, -9.46242
4.22823, -3.01976, 35.0642
3.61594, -176.635, -22.9246
3.81264, -242.085, -164.87
3.05141, 44.9542, -15.9615
7.40088, -113.805, -152.944
5.93794, 192.07, 187.226
5.82158, -58.994, -206.875
5.99501, -64.511, -136.488
2.68746, -223.702, -34.369
3.6706, 117.067, -24.4555
3.95397, 340.05, 257.844
3.50543, -77.6293, -92.5028
2.7177, 163.845, -130.496
2.56571, -250.33, 164.941
6.07297, -269.253, 219.409
6.88348, 94.5288, 24.3155
5.35088, -134.21, 292.204
6.92743, 563.609, 536.715
5.20042, 14.8077, -163.588
3.31357, 302.5, -355.622
3.30492, 259.804, 270.442
7.19182, 34.4977, -15.1457
3.45628, -161.806, -36.0273
3.15761, 316.663, -287.813
4.41122, -88.7936, -75.3121
6.12674, 145.297, -137.817
2.50651, 293.595, 125.525
4.60222, -354.258, 213.409
5.18984, 52.361, -56.1833
4.86596, -5.03251, 39.2144
6.33003, 146.36, -6.34248
2.9396, -65.0244, -158.486
7.04284, -13.7265, -136.9
3.20818, -257.865, -756.855
2.54782, 29.8393, -45.8131
2.82267, -19.2257, -99.4846
4.96742, 81.7946, -137.033
5.40914, 249.778, 147.922
4.03373, -142.705, 209.586
4.57091, -73.34, -36.748
4.33401, -89.7647, -42.4576
3.42687, 20.7448, 93.6093
2.76788, 220.864, 185.594
4.47222, 1.83956, -17.4789
3.98388, -41.4188, -151.894
5.05388, -332.444, 39.2922
3.75392, -131.415, 257.674
5.01589, 283.549, 238.222
2.51168, 70.1615, 51.94
7.01807, 402.409, -321.801
2.79181, -164.58, -240.048
5.17506, -121.59, 60.2109
3.95754, -442.915, 287.155
7.3023, -154.43, -242.409
4.73406, 259.953, 101.39
5.08479, -42.6812, -156.076
5.93861, 21.6708, -154.579
2.72187, 77.5432, -196.898
7.2946, -323.321, 342.314
5.70852, 12.8516, 76.5901
2.80215, 15.0158, -56.306
3.33964, -42.3781, -91.9762
5.76491, 4.82361, -67.4278
6.19864, -37.5843, -231.663
3.57011, 81.5338, 208.9
4.31441, 173.006, 227.743
6.56981, -180.644, 216.445
5.32057, 28.9995, -65.8822
7.45886, -145.194, 8.45293
6.5669, -193.468, 96.1563
3.49157, -149.615, 205.426
2.50003, 151.996, 23.6127
4.62608, 261.422, -286.534
4.07406, -127.466, -63.6888
5.56218, 392.341, -180.667
3.83351, -0.330269, -39.904
4.39881, 107.098, -73.6491
5.43397, -176.525, -200.315
5.95636, -99.0515, 12.0141
7.26736, 1.76821, 6.79749
4.89785, -233.685, 10.5865
3.60319, -482.214, 7.53224
5.33741, -114.884, -274.698
6.09873, 4.84858, -9.49293
4.4953, -290.528, 228.394
3.48326, -174.157, 222.77
6.66971, -185.172, 71.1697
5.59561, -465.147, 1.71194
7.26866, -13.6552, -179.799
3.23222, -141.521, -160.934
5.38953, -11.9508, -91.9995
7.26796, -249.242, 190.28
3.62331, 542.169, -262.692
7.25137, -186.766, 91.7079
3.07874, -160.855, 113.942
2.58372, 140.051, 244.937
3.90465, -106.199, -131.78
7.15042, -11.8551, 107.335
3.04796, 281.605, 238.548
6.77266, 65.0774, 69.7804
5.68532, -175.26, 103.664
5.63853, 146.33, -37.3857
3.80589, 118.784, 101.041
5.13936, -245.517, 59.4732
7.16608, -25.8248, 41.3895
3.98055, 65.0339, -31.5078
4.78006, -57.3, -386.575
6.35659, -73.3117, -526.748
4.17193, 95.6134, -528.801
6.31775, -118.139, 40.4318
6.65892, 187.085, 89.8133
2.64618, -235.428, 250.716
4.31315, -161.508, 163.549
4.16221, 185.223, -231.459
3.17675, -172.049, -153.173
3.00839, -191.009, 420.29
5.11327, -256.913, 114.801
3.52046, -135.608, -74.206
5.00728, -89.467, -59.0837
5.1371, 232.575, 71.0456
4.13422, 339.605, -276.321
4.75888, -58.4259, -157.322
6.85263, -72.1263, 104.59
4.72884, 162.673, 100.262
6.03726, -449.544, 45.4875
6.83171, 280.923, -292.582
6.5822, -193.913, 23.0314
2.67504, 601.76, 376.468
3.8644, 87.1428, -271.226
5.21858, 12.564, -40.9196
3.19942, 85.2409, 5.8863
5.57408, -46.805, -86.893
3.29182, -237.058, -116.848
4.41129, -66.2298, -44.5482
5.94997, -23.8442, -226.474
3.21128, -305.199, 142.942
5.65284, -191.589, 236.378
3.15973, 65.6433, 34.4178
7.13583, -249.024, 83.1727
5.53465, -205.92, 320.717
5.50388, -267.491, 53.2529
3.33635, -152.85, -19.4898
3.301, -252.07, -756.153
5.91628, 30.4161, -72.3217
5.1456, -5.30145, -176.38
3.65264, 95.9866, -31.0435
6.55373, -124.149, -230.127
5.76477, -1.67309, 3.81834
4.08597, -77.9629, -133.329
2.53953, -32.0894, 1.32021
3.49176, 32.3467, 139.342
3.78831, 65.2952, -202.002
3.03825, -111.935, 148.702
3.49545, 145.662, 140.12
6.75079, 502.652, -229.271
6.63912, -274.164, 90.2028
6.76813, -102.73, -116.666
5.71027, -25.5095, 77.0979
3.6787, 282.418, -238.37
6.80638, -5.28486, -138.077
5.4745, 87.9174, -85.1196
2.52745, -252.079, -79.6764
6.84925, -92.9388, -138.719
7.37729, 78.8149, -140.035
5.59653, 201.93, 109.923
3.85574, -170.357, 214.197
7.46973, -8.65681, -84.3489
4.60751, 6.83733, -410.4
4.20537, 14.0536, -120.832
4.80717, -20.0579, -121.401
4.44822, 84.137, 130.085
4.613, 171.414, 261.733
2.84879, -55.3632, -5.7679
5.5153, -163.633, -63.7003
7.36114, 2.86715, -149.619
5.07406, 105.875, 18.6652
7.45461, -38.8959, -2.30358
5.84906, 91.8555, 266.315
4.01716, 151.264, -17.4137
3.47371, 285.575, 229.072
4.0109, -172.151, 100.069
4.93946, -156.363, 157.667
4.72438, 265.682, 76.528
5.7844, 29.8813, 30.1459
3.74227, -236.028, -234.754
4.72007, 297.923, 120.257
5.75894, -20.6275, -171.256
6.67472, -157.403, 31.5931
6.03698, 20.8669, 85.1789
4.93928, 88.3511, 192.688
6.72039, 93.8959, -131.44
7.00296, -29.5037, -201.563
6.33082, 40.7282, -26.9224
5.29453, 212.47, 54.0179
2.70603, -24.9379, -19.4399
5.46749, -67.3333, 119.737
2.68674, -183.34, 369.442
4.53488, 69.5257, -126.804
2.84243, -43.436, 29.4724
7.38558, -42.9824, -81.2796
2.5956, 184.123, -35.4235
6.60363, -186.21, -250.42
5.2195, -384.452, 247.422
5.72828, 54.7343, -157.862
3.62934, -20.7053, -158.7
2.733, 475.598, -562.572
3.63154, -35.4638, 61.2298
4.58371, -184.814, 409.782
6.40126, 110.487, 76.0872
3.72852, -172.904, 211.149
4.81411, -30.9998, 124.853
6.14756, -109.193, 167.633
5.35237, -451.395, 167.483
5.45997, 252.95, 282.949
4.98425, -250.195, 68.5208
3.951, 178.714, 140.62
4.71107, -122.155, -110.076
2.53669, 403.362, -430.583
7.41683, 23.5064, -41.1719
2.52822, -56.1231, -52.3692
4.8676, 126.717, -208.678
5.86497, -212.721, -242.162
