6.27803, -3845.45, 2269.92
3.5948, -74.9585, 762.731
5.89648, 303.172, 166.553
5.09708, 377.464, -127.362
2.76731, 7619.92, -7808.24
2.53849, -2699.74, 3503.11
4.58743, 10696.8, 6359.58
7.15218, 162.69, 28.3947
2.95982, 1180.65, -678.168
6.00595, 222.18, -61.3383
3.81226, -393.553, 111.428
4.14117, -76.6081, 125.318
7.45519, 594.2, -829.764
7.41275, 269.446, 2.01833
5.75759, -456.469, -66.5141
6.92354, 70.3987, 59.9699
6.33247, 263.792, -184.444
3.87453, -2809.83, -1111.56
4.93259, -1337.92, -1207.83
2.80282, -9723.95, 2527.01
5.08146, 510.486, -216.298
4.96988, -6748.5, 2581.25
7.23882, 319.084, -50.7683
4.42071, 266.38, 51.4094
5.14874, -5029.37, 1290.49
2.75042, -324.222, 6741.48
6.63909, 585.811, 240.966
5.94228, 575.872, -256.344
6.18112, 282.139, 14.2472
6.94286, -4955.31, -4248.38
4.25508, 142.47, -109.957
6.72991, 49.0231, -327.275
3.84659, 874.684, -380.602
4.83959, 135.24, 267.465
3.2686, 68.7675, -529.913
2.66527, 1082.86, -701.021
7.2768, -1419.58, -972.241
6.95369, 311.409, -97.9689
3.29884, 425.466, 149.164
3.15214, 2355.38, -1485.15
2.515, 3873.71, -729.554
6.0491, 388.253, -50.8725
3.40448, -610.515, 370.116
5.76029, -1197.03, 67.8495
4.42907, 300.963, 90.5344
3.23766, 1422.6, 1426.56
5.45054, 577.839, -149.928
3.24076, 3393.68, -1679.79
3.2091, -2759.91, -1598.31
4.94257, 269.193, 13.1334
3.13015, 377.974, 245.31
5.64635, 1086.61, 361.671
5.60817, -19.934, 249.03
4.88216, 4580.5, -6309.75
2.64188, -1169.06, 99.8123
3.21011, 5442.64, -770.088
3.15594, 608.759, -235.25
3.31099, 1759.4, -2678.2
3.76529, 817.717, -401.237
4.77654, -6491.27, 3074.14
6.54472, -288.867, -1322.6
3.57624, 273.495, 56.4103
3.75063, 139.488, -38.6552
5.02978, -1625.4, -2729.65
6.27922, 301.679, 78.5003
5.66369, -2194.59, -4321.51
5.9449, -2558.44, -1980.33
7.27207, 229.142, 280.1
5.18713, 6619.28, -3351.94
4.57014, 158.519, -3137.46
4.70019, -192.832, -123.332
6.07821, -2161.59, -1810.08
6.20858, -3257.38, -2351.81
5.12494, -4261.14, 3364.28
6.06711, 343.016, -147.453
5.91025, 197.807, 278.156
6.82941, 2459.15, -1964.3
3.19597, 306.433, 1860.58
3.57766, 115.383, -1.68306
5.0733, 1612.78, 2784.45
4.83766, 187.651, 342.414
3.55759, 4928.41, -4965.39
5.65244, 164.504, -87.5424
2.5044, 3889.89, -5597.69
4.09589, -1013.99, -3131.22
5.90281, 341.214, 92.7473
6.0446, 164.283, -33.7387
2.90869, 281.748, 117.508
3.56926, 283.175, -416.85
4.44412, 217.471, 298.11
4.44927, -4841.55, -1618.06
3.92018, 117.88, 241.273
4.6123, 430.304, 258.126
2.55658, -3031.48, -254.551
3.72027, -6835.86, 3617.64
4.49072, -2703.78, -4346.03
6.64177, 1134.18, 319.434
3.78584, 728.17, -518.343
3.59705, -1034.42, 792.623
6.47385, 370.32, -77.6453
5.8476, 1987.99, -372.942
5.49108, 697.881, 1007.73
5.99917, 3089.15, 2102.58
5.13062, 486.832, 801.46
4.14833, 318.306, 292.408
3.30844, 7709.03, 1351.95
6.56633, 7.32946, 141.736
4.08004, 105.407, -512.139
4.05369, 725.736, 418.489
4.65424, 347.224, 128.057
4.46509, 202.699, -252.823
4.43916, 551.314, 361.697
4.34871, 213.472, 48.4102
5.88118, 191.348, -164.229
6.10384, 556.277, 84.8501
7.20082, -2683.26, 1199.12
5.08573, 1322.18, -661.244
5.5282, -468.878, -115.761
5.85049, 1808.33, -2734.75
5.11404, 317.501, 144.104
3.87105, -15.5815, -396.61
7.08924, 260.805, 61.3575
3.73367, -278.089, 99.2934
4.77876, -38.1347, -812.266
3.30374, -47.352, -182.977
4.68319, 123.932, -56.0247
7.45767, 863.216, -406.084
6.26931, 4992.34, -4768.56
4.97846, -19.768, -585.83
7.01651, 181.977, 66.668
4.68213, 670.407, -258.638
5.09239, 2463.37, -1905.97
4.44866, -2168.82, -3641.8
5.63431, 199.643, -147.07
5.19331, 202.333, -45.3543
4.35955, 279.514, 1000.16
2.54674, 388.561, -890.864
6.3794, 165.363, -109.856
2.85317, -141.711, -168.93
3.98511, 1194.6, 180.706
4.78581, -64.1743, 2150.71
3.25156, -180.252, -190.37
5.97819, 45.0909, -368.42
4.15587, -152.359, -170.645
5.21197, -4235.87, 7510.56
2.64678, -3968.22, -2718.89
5.38086, 798.183, -782.334
5.18133, 485.852, -503.418
7.36678, 162.239, 178.548
5.57063, -46.2157, -192.502
5.26431, 3252.55, -5665.32
6.69051, 819.451, -362.177
3.75764, 618.038, -1137.51
6.98957, 395.888, 205.209
5.97428, 235.988, 50.4284
5.82752, -614.421, 2664.99
3.06838, 829.863, -453.347
3.37987, -1980.84, -686.646
2.91253, -2197.29, 3472.51
6.68103, 101.266, 55.9479
2.64818, 1030.75, 4584.43
6.34719, 430.418, 40.4568
4.29829, 196.23, -4286.39
6.24626, -1249.95, -466.617
6.28385, 408.237, 37.6432
3.60834, 2668.22, -1630.77
5.58305, -44.2134, 96.7934
3.66846, 95.4096, -173.72
6.22052, -51.0751, -4252.25
5.80997, 115.548, -368.199
4.9209, -4221.07, 7610.58
2.58972, 180.369, -85.3023
4.98291, -142.421, 451.926
5.09587, 302.596, 7.46921
4.71395, 667.4, 3873.64
4.14528, -2737.57, 1834.05
3.52671, 257.53, 50.8442
7.19863, 16.077, 806.197
2.85168, 1166.99, 3590.32
3.30042, 227.689, -1264.35
6.70788, 150.205, -63.8944
4.13614, 730.108, 4.49731
6.85942, 71.5772, 227.322
5.99896, 68.1893, 8.76188
5.52801, 643.663, 573.861
4.77536, 344.396, 295.066
2.91543, -620.423, 439.279
3.94883, -4025.68, -910.469
6.51009, 493.563, 33.5967
6.81821, 367.474, -1830.75
3.81831, -5671.95, 444.561
4.79881, 861.68, 841.003
4.95672, 159.137, 33.5627
5.82344, 1784.94, -2732.25
7.31738, 201.873, 72.2217
7.23022, 557.645, -47.4478
2.81902, 1653.15, 297.495
5.04829, -297.287, -468.227
6.13222, 323.174, -223.716
5.65882, 196.56, -200.938
3.26658, -426.348, -851.846
5.09652, 667.218, 3876.88
3.52281, 7236.56, -2256.44
6.03231, 306.095, -56.9553
6.05786, -1581.58, 7729.46
3.66304, 543.596, 190.914
6.80594, 130.495, 125.772
2.67122, 613.138, -492.508
6.26587, 1130.25, -181.308
4.14789, 413.841, 1357.69
4.65309, 6547.77, -1746.74
7.33455, 72.2985, -826.53
4.05803, -2064.27, -1748.43
5.69762, -7539.56, -118.167
5.95386, -262.408, 162.464
5.36403, -283.26, -185.08
6.60667, -4222.14, 7531.63
4.21807, -4515.18, 1691.18
5.09387, 413.057, 251.241
6.78438, 406.064, 1220.79
6.18587, -99.2807, 137.6
3.45992, 2514.84, -1048.71
2.83145, 288.879, 59.1352
3.60828, -5406.47, 3357.4
3.33656, 396.473, 72.8128
6.31172, 226.814, 4.81526
5.44905, 2029.66, -2583.37
4.65223, -7906.11, -499.914
7.09618, 1502.28, 172.669
5.09668, -1237.82, -1692.39
7.38058, -51.1315, 144.778
5.15714, 803.829, -6.64982
2.98716, -1151.76, 327.091
5.83983, -434.626, -319.78
5.44444, -595.304, 3257.34
5.01137, 54.5415, -82.6973
2.75808, 273.381, 1492.43
2.6753, 486.525, 79.7384
4.41484, -32.948, 280.361
5.55555, -3328.79, -3590.97
5.06574, -7902.11, -500.537
5.98498, 568.307, -37.5484
4.89891, -49.3075, 162.45
3.88323, -8161.74, 20.2731
6.01685, -364.811, 3526.53
3.67701, 216.77, 715.024
6.41501, 414.895, -75.8754
6.60589, 34.0682, -468.097
3.21842, 5094.47, 4303.67
5.75757, -50.0044, -633.551
3.87677, -1849.3, -2074.67
7.26215, 3578.73, -1274.98
4.58238, -47.9631, -7.16412
3.03869, -367.142, -933.951
4.70633, 354.881, -620.613
6.28811, 463.836, 349.404
2.77803, 834.871, 134.043
3.51241, 345.448, 57.039
6.82305, 705.622, -240.562
6.52456, 326.146, 122.556
2.78861, 848.261, 2044.82
4.40304, -184.509, 275.589
4.56124, 617.099, -236.809
2.80071, -2228.72, -1114.04
7.09746, -1194.38, -887.221
3.35398, 46.6877, 118.219
6.51634, 244.007, 386.066
3.88599, 3591.73, -898.791
4.44586, 296.265, 84.1069
7.19936, -2212.67, 1398.25
6.24573, 217.295, 3614.37
3.44774, 5577.55, -5570.79
6.89581, 268.469, 129.826
6.8953, 317.629, -75.2589
3.30515, 299.359, -2119.98
5.87346, -110.449, -758.041
6.89096, 191.204, -15.0937
6.98262, -823.901, 4931.21
3.06535, 333.901, -41.6786
5.93789, -2440.31, -1781.66
3.21651, -218.097, 208.327
3.6901, -943.642, 395.369
5.64383, 3758.66, -2589.81
4.312, 611.839, 389.133
4.64437, -2377.64, -2156.43
4.91936, 1915.02, -2374.01
6.20379, 192.788, 2144.64
3.23098, -348.837, -379.054
7.36238, 348.57, 106.286
7.3158, 157.617, 13.8146
3.14741, 3306.72, -2009.86
5.3784, 461.142, -286.845
4.66439, 385.602, -1190.6
5.50066, 139.17, 116.251
5.85098, 508.169, 145.515
4.5137, -3922.59, -1380.72
6.46691, -2111.11, -1750.31
4.89889, -4780.36, 2248.66
5.72449, 542.966, -378.267
4.28836, 7636.86, -1179.04
5.96794, 304.294, -892.47
5.83428, 1228.79, 750.442
3.22071, 176.615, -19.7939
7.10415, 375.424, 147.364
4.22228, 1397.13, 5068.25
6.66824, 494.172, 328.959
2.74349, 321.725, -987.084
3.27936, 1632.98, -2821.61
2.55765, 1014.21, -126.309
3.94327, 421.637, -253.507
5.07295, 209.163, 1032.57
3.65948, 1545.72, -4532.08
2.75022, -101.534, -325.812
5.33091, 96.9857, 51.0222
6.69774, 246.937, -642.296
4.28763, 811.28, -481.669
4.3452, 87.8566, -626.199
7.22226, 267.08, 64.1391
4.72425, -1187.87, -35.3391
6.82086, -5.61682, 130.999
5.82654, -176.018, -1063.04
5.79297, 896.924, 36.2079
7.10736, 3255.42, -2427.34
5.11536, -4262.63, 3367.65
5.45229, -48.821, 657.664
5.79944, -196.203, -3337.36
4.24765, -1848.49, 1217.04
4.11714, 428.52, -136.231
7.08984, 223.285, 954.832
3.08619, -6318.33, 2531.43
7.31268, -385.904, 504.898
5.17978, -135.713, 604.304
5.81447, 2060.81, 1255.92
5.48362, -6597.14, 3241.05
6.93363, 236.553, -829.468
6.67999, 816.283, -31.6514
6.69339, 309.267, 34.0439
6.85642, -533.391, -607.833
2.5002, -687.906, 2789.62
4.77274, -1450.01, -4256.82
4.25696, 1572.66, 128.197
5.80713, 6733.76, -5086.67
6.22234, -366.377, -258.979
3.3821, -1231.38, -5677.3
7.4621, -1392.46, 1569.98
5.95466, 306.56, -446.8
6.97862, -520.801, 270.002
3.51579, -1345.97, -668.093
7.2356, 581.188, 603.357
4.88476, -6004.52, 3301.17
6.78578, -5409.45, 3357.41
6.41237, 208.34, -6.24782
5.70687, -4095.99, 3979.42
3.14521, -492.472, 213.38
5.77944, 370.727, -514.305
3.09199, 140.122, 33.5403
3.88793, 3280.05, 976.595
6.65548, 6.05152, 3052.39
6.14153, 5094, 6582.47
6.74348, 5684.19, -4257.19
3.43989, 390.754, 242.317
6.09602, 164.285, -41.2308
4.25586, 319.032, -14.481
3.34555, -170.054, -262.72
4.52383, -6111.33, 667.006
4.20924, 107.007, -620.375
6.67141, -59.1634, 111.549
3.9111, -4744.32, -7692.59
5.16766, 4872.84, 2758.78
6.25085, 1473.13, -2591.47
4.62554, 178.025, -108.757
4.66964, 85.878, -129.925
3.03022, -4367.62, -3304.41
6.4639, 248.012, 166.468
3.91232, -143.493, -194.813
7.14264, 5037.19, 7928.02
5.37926, -109.335, 191.096
3.4895, -465.068, -906.658
5.99081, 340.906, 57.0256
3.07265, 1633.97, -379.41
4.22945, 403.124, -1446.88
4.15646, 306.058, 294.434
6.42735, -6595.18, 3176.93
6.65775, 878.351, 415.747
4.21712, 168.982, 10.7657
4.2603, -356.513, 86.7328
6.38197, 603.959, -4.82472
6.58658, 495.046, 559.314
4.26157, -793.515, -469.193
7.09559, 258.29, -224.461
3.2877, 604.953, -296.414
5.56029, 55.0659, -552.361
5.54222, 365.803, -144.18
3.16647, 3743.88, 3720.03
3.51409, 4832.97, 6527.95
4.79457, 290.373, 285.611
3.48759, -131.434, 1657.02
6.77118, -9.48518, -316.731
6.54562, 1528.66, 1320.4
2.80131, 3174.88, -1994.32
6.50584, 2006.88, -5919.23
5.49597, 253.047, 79.156
7.43182, 395.935, 172.965
2.65919, 301.674, -309.1
6.8356, -4036.09, 4788.21
3.69109, -2790.65, -896.47
3.6127, 2699.79, 1107.16
4.73907, 8404.19, 3924.22
2.61231, -404.587, -394.203
6.79755, 150.679, 124.298
4.15902, 497.495, -4784.23
5.72195, 388.012, -267.592
7.43521, -723.353, -255.692
5.30162, 445.183, -41.4429
4.74553, 398.608, -111.257
5.213, 295.377, -545.391
2.90797, -3285.76, 1154.21
3.99606, 1679.7, 3503.37
6.63964, -4410.08, -804.239
6.48936, -5247.65, 2312.07
5.71048, 89.9293, 243.073
4.84105, 53.0487, 747.813
7.15326, 530.949, 2065.19
5.08798, 142.053, -657.568
7.42924, -5430.22, 3350.38
5.94567, 150.336, 193.303
6.19966, 427.87, -645.998
3.46323, 1106.2, 1732.78
6.08881, 3473.14, -1923.41
6.11146, 329.803, -618.73
6.49298, 299.6, -93.3323
4.23216, -6110.23, 375.473
5.1481, -2796.41, -1619.77
3.19001, 851.865, 50.4785
6.73218, 100.69, 15.2868
6.32766, 342.57, 20.9325
7.5, -6603.05, 3181.77
4.24891, -9570.56, -3064.4
5.50367, -1318.3, -495.347
3.50808, -586.07, 3908
6.2385, -4175.55, 706.469
6.49225, 1305.27, -651.388
3.03505, -916.344, 38.9838
5.35813, 295.402, 31.7908
2.84683, -6051.37, 2006.09
4.16036, 705.449, 1452.36
5.80945, 189.633, -235.205
5.27726, 449.595, 4582.5
7.12415, 389.219, 649.851
2.69832, 392.965, 3158.54
2.62083, 505.68, 672.9
4.61923, 517.348, 271.543
4.36987, -666.669, 549.267
2.93303, 4362.82, 4312
3.05403, -95.0768, 115.102
5.31992, -5979.98, 196.464
7.37269, 299.684, 48.7391
3.05066, 201.835, -4397.02
5.99352, -3546.87, -3958.14
2.79674, 257.43, -574.804
4.69755, 1216.51, -671.162
5.24651, 1278.71, 469.809
3.45129, 437.283, -455.351
7.36597, -174.04, -122.714
3.19593, 67.1912, 77.5546
5.48978, -3529.12, 249.109
7.12812, 257.159, -228.187
3.91116, -1982.08, 451.386
6.8307, 49.8926, 234.905
6.29598, 751.497, -1148.95
6.10793, -187.729, 766.021
3.34241, 345.917, 46.2717
3.32882, 1843.58, -2896.56
3.39076, 67.4923, 148.169
5.87226, 50.1706, 103.89
4.83484, -652.879, 966.225
6.85219, 150.936, -17.4788
5.76023, -342.086, 553.868
5.80464, 2059.36, 1258.5
2.58037, 343.657, -887.131
4.30596, 7057.6, 3947.67
3.72747, 67.2029, 1779.69
6.93086, 468.81, -564.369
5.23701, -9010.8, 169.36
6.57209, -178.71, -68.4874
5.24453, 1648.23, -59.388
4.16156, 477.419, -252.143
4.40213, -2077.91, -3719.81
2.52389, 2616.42, 529.821
6.95226, 126.579, 118.774
6.16955, 330.497, 3.2599
6.04239, 620.146, -269.321
5.1278, 2186.57, -3275.35
6.41065, 162.524, -266.174
3.42484, 23.4379, -141.683
5.72673, 217.039, -73.9933
3.42178, 522.246, -99.7505
3.31214, -834.559, 638.526
2.65594, 1278.32, 1450.95
7.42716, 749.923, -58.9752
4.04559, 566.907, -15.7811
4.11075, 1311.17, 183.434
5.51155, 149.248, 128.316
2.89107, 6906.15, -1302
3.93936, -890.693, 123.635
5.79307, -253.27, 1048.69
7.36348, 738.775, -111.549
7.27758, 4837.32, 1966.3
7.42745, 219.829, 300.469
7.30478, 307.893, -102.012
3.0073, 617.14, -286.105
3.71505, -554.551, 31.4886
6.91151, 55.154, 77.7632
5.28805, 8.68122, -139.653
6.7669, 233.148, -116.905
7.49145, 682.386, 108.622
3.99751, -5823.54, 2214.96
6.33157, -10528.5, -3390.79
4.81901, 948.412, -1926.55
6.8168, -439.731, -432.944
6.99018, 119.478, -156.029
7.377, 265.827, -34.3357
2.77405, 419.11, 371.978
6.32605, -546.928, 13.8971
5.09219, 1898.53, -2626.29
3.46574, -396.254, 580.738
6.98252, 129.845, 103.199
6.38492, 451.383, -51.9245
2.75968, 929.942, -2239.8
7.47331, 1712.33, -2687.47
5.93659, 427.975, 90.3565
5.94854, 2085.25, 1269.88
6.57666, 3401.05, -1687.44
7.05426, 498.158, 66.6003
3.34218, 3222.93, 6099.29
5.24183, 3404.24, -2484.35
6.53351, 204.067, -4.32173
4.17803, 364.94, 72.6359
5.53435, 692.717, 236.605
6.59602, 1932.61, -2636.98
7.3485, 307.761, -21.5892
6.29349, 771.921, 711.454
3.72113, 147.19, -1378.29
5.80589, 106.936, 151.108
4.21574, -253.971, 131.474
7.27146, 287.709, -144.259
2.60828, 3721.53, -3869.95
4.54979, 268.393, -80.4881
2.55789, -5315.64, 4649.76
3.04964, 335.544, 1978.58
5.28259, -79.7947, 273.463
4.45466, 183.85, 9.47555
7.20539, 270.116, -125.397
2.55572, 492.011, 12.1759
6.22897, 1488.04, -3408.63
3.84293, 287.728, 151.075
4.27153, 494.911, 451.275
3.45835, 7684.1, -7791.73
5.14832, -373.588, -296.823
4.39478, -1109.77, -6483.07
3.16407, 89.5809, -432.828
4.26563, 623.049, -1398.27
4.2497, -6094.6, 3128.93
7.41084, -2539.03, -1988.17
5.25961, 284.849, -528.261
4.99918, -2011.02, -601.113
3.58531, 1694.7, -2416.75
4.37311, -117.826, -794.119
6.78251, 3984.67, 3619.7
6.45578, -3776.33, 7676.1
3.9204, 3416.9, -4402.71
5.07645, -432.927, -670.082
6.79238, 71.9335, -10.6466
7.07844, 212.28, 176.264
7.48941, -2162.28, -1805.86
6.53177, 369.747, -59.9786
5.22718, 354.299, -526.458
7.3461, 827.396, -160.368
5.31931, 864.826, 572.578
4.03031, 15.6037, 274.936
5.41853, 288.881, 90.1233
2.91197, 450.658, 65.4597
5.47382, -138.787, -325.41
3.31968, 3447.39, 6814.66
6.46527, 1101.33, -69.5436
2.95373, -134.822, 1814
6.3072, 132.529, -601.695
6.83996, 124.536, -51.8806
6.40105, 302.48, 61.7221
6.61399, -1958.01, -253.886
6.70974, 328.874, -70.9282
4.48328, 188.655, 770.893
6.508, 235.551, -130.214
6.56811, 0.76071, 252.723
5.43493, 253.133, 539.451
4.64621, 321.094, 791.266
2.5002, -1496.14, 440.502
5.31153, 28.1957, 97.4977
6.22632, -1161.2, 823.988
3.89846, 3973.72, 2435.39
2.93406, -1047.42, -5720.42
3.5733, 1091.96, 1323.44
3.93296, 659.158, 316.463
4.86595, 998.423, 264.024
6.95893, -2109.41, -1768.89
5.91955, -798.688, 217.689
3.54376, 445.478, -51.001
6.67533, 339.765, 40.0503
7.09218, 571.694, -1370.96
4.48244, 455.864, -498.112
6.37858, 1647.27, -112.903
5.68161, 741.108, 665.728
6.64746, -392.015, 248.603
3.40204, 2371.65, 664.012
7.45927, 394.484, -125.332
6.70558, 281.257, -41.1969
4.65177, -171.066, -583.811
4.38589, 263.333, -7.39653
2.70802, 216.503, -576.771
6.80715, -697.513, -1105.41
6.62116, -5312, 3160.16
6.25052, 2122.75, 1104.56
3.55801, 146.765, -71.6173
4.31029, -188.319, -49.9989
4.43545, 399.028, -35.1843
7.32918, -3739.24, -2325.14
6.5872, -155.873, -139.945
4.5755, 3039.69, -416.55
5.83759, -133.361, -22.2574
2.52101, -5155.15, 5521.74
6.98048, 130.222, -82.6596
3.68416, -116.757, 1561.26
3.79415, 219.753, 182.105
5.4939, 1710.12, 265.216
6.89823, 123.141, 143.137
6.16299, 442.449, 243.949
6.0773, 715.327, -234.433
3.57724, 7589.57, -339.824
6.30413, -5105.6, 4022.68
3.85351, 397.473, 167.195
2.75246, 33.5176, -391.217
4.78866, -2207.79, 420.231
2.58759, 526.843, -232.685
3.01129, 7879.3, -4971.82
2.639, 4163.05, -2543.96
5.65921, 332.965, -425.811
6.34425, 182.615, 0.528641
2.74132, -434.871, -243.153
6.6924, 156.178, -346.51
6.76899, 304.811, 78.5846
6.57649, -94.6198, 529.898
6.85188, 620.198, -5399.2
5.27222, 1329.64, -641.73
6.12646, 408.861, -316.902
3.20424, -5546.22, 4839.2
6.6115, 242.206, -16.4255
5.51185, -3325.24, -3590.26
4.93856, 232.325, -951.569
6.14942, 594.228, 244.143
4.05164, -1825.11, 1292.88
3.93925, -39.5446, -323.166
5.45857, 2495.92, -3125.12
5.34055, -3767.84, 1995.7
5.41059, 3022.53, 2567.9
2.84132, -462.009, -2.42973
4.34304, -1629.12, -822.978
6.28475, -234.207, -218.908
6.35297, 515.57, 3582.13
4.27217, 161.926, -190.77
5.98913, 186.407, 89.0597
5.08005, 1882.33, 1250.77
5.94494, 493.941, 415.462
6.18066, -1719.05, -1461.94
2.56231, -3387.46, -1889.75
7.16549, 180.717, -0.836548
5.37826, -24.5878, -113.11
3.05587, 943.206, -282.802
4.87388, 316.968, 332.075
3.24247, 1985.73, -1360.62
4.22594, -10972.3, -2426.27
7.04476, 235.643, -132.459
4.54571, 3412.77, -1632.62
5.96642, 162.845, -36.9327
3.35865, 282.05, -43.1985
6.21715, -5970.53, 2059.51
4.16319, 305.103, -598.87
4.62157, 101.892, -159.073
2.79523, 178.892, -206.679
5.09005, 484.428, 3.93413
5.94425, 549.186, -935.476
5.01149, 844.921, 209.007
6.56617, 36.0384, -289.171
3.07974, 407.069, 179.144
5.24841, 312.683, -613.459
5.06046, 660.97, -333.797
6.02649, -2108.1, -1749.65
5.65083, 141.252, -8.25493
4.0207, -351.969, 299.714
6.74719, 428.181, -28.1703
3.39619, 2119.5, -2569.34
2.61737, 537.437, 1999.87
4.19467, 967.73, 302.132
3.43818, -2100.28, -1986.76
6.60467, 348.744, 34.6299
6.72507, 94.4654, 3574.74
6.78031, -3788.2, 2126.21
7.37454, 229.984, -5.56475
2.99587, 304.154, -114.741
2.56182, -4931.42, -3629.02
2.58614, 659.06, 534.497
2.64527, 295.446, -1003.45
4.1031, -1919.37, -1985.3
6.17815, -3864.44, 2306.33
3.14876, 852.4, -118.354
2.5161, -3870.18, -827.751
6.91905, -1512.83, -1074.84
3.70482, -124.302, -15.662
4.38481, 51.3588, 1479.06
4.44879, 372.091, 78.3842
2.81534, 4517.89, 1711.91
7.30792, 127.173, -86.1432
3.75349, 840.296, -445.52
6.85376, 135.515, -49.872
2.85991, 3831.76, -5134.05
2.70653, 5083.22, -3008.66
3.46378, -475.587, 348.949
3.86708, -2559.56, -1973.58
7.4007, 250.967, -79.5463
3.60607, 1519.75, -6205.23
6.43119, 1813.24, -2732.66
4.42306, -504.97, 1927.95
3.78593, -3505.41, 4095.05
3.91087, 362.378, -599.777
7.33834, 1464.77, 813.933
4.22841, -125.508, -65.0489
3.45922, -595.291, -787.254
5.05037, 637.556, -233.599
5.21857, 1362.49, -5531.33
5.72333, 761.256, -577.563
3.89738, -1238.34, 108.226
3.41887, 65.7108, 304.923
2.71579, 2554.18, -2981.28
3.98408, -437.88, 480.59
4.25548, 279.023, -147.762
7.09372, 244.566, -47.1045
5.81225, -31.8063, 273.114
5.08041, -2179, -1790.36
4.03763, 96.7559, 25.3297
3.0007, 2097.95, 2241.12
3.47502, 290.843, 48.8453
4.11407, 3805.35, 3793.34
5.56182, 199.155, -799.009
5.13511, 3683.92, -1879.23
3.45653, 121.439, -293.711
4.7178, 6773.96, 3996.47
4.48693, 7794.46, -1520.35
6.28051, 380.796, 355.404
6.6213, 632.746, -264.906
5.51573, -689.84, 766.142
3.04573, 106.74, -532.833
4.11797, 2619.88, -866.74
5.03403, 307.784, 56.1802
4.76521, 934.188, -655.201
4.77315, 152.366, 216.305
4.91125, 125.896, -54.5397
5.07896, -5234.25, 902.203
4.50207, -2464.66, -928.056
4.22945, -28.8583, -11.7428
6.64533, -453.067, -449.869
3.02204, 2441.03, -1823.04
6.40057, 164.894, -427.395
3.19919, 759.207, -578.723
2.62171, 4728.73, 5304.72
6.0664, 115.072, 967.488
7.15538, -381.347, 936.585
7.47667, -30.2866, -48.3005
3.86264, 382.669, -169.806
3.6923, -2011.4, -12.5816
3.87328, -546.281, -3596.05
5.70836, -957.645, -1065.06
5.17637, 435.804, 186.428
6.8967, -3378.17, 6000.1
6.75968, 476.745, -53.8332
2.98004, 342.866, 108.449
4.66818, 167.873, 327.674
3.17045, 472.62, -793.84
5.86802, 334.091, 19.5314
5.34964, 696.612, -241.101
3.66474, 52.4921, -44.8872
5.50306, 1447.51, 367.313
2.6551, 494.269, -462.897
7.08512, 417.028, -101.268
3.82958, 398.562, -459.976
6.50016, 167.641, 25.3892
5.46389, 375.535, 144.716
5.0822, 48.6891, 21.0311
5.2567, 2979.9, -1557.62
3.47225, -112.802, 43.7541
5.36152, -3478.86, 129.408
3.81992, -743.857, 8382.01
4.41648, 3429.84, -7001.35
2.73626, -177.688, -71.2967
4.22823, 393.284, -350.595
3.61594, -3594.35, 8796.85
3.81264, -15.3466, 127.804
3.05141, 472.333, -326.556
7.40088, 25.1217, 256.355
5.93794, 630.329, -252.225
5.82158, -18.3367, 88.3002
5.99501, 390.008, -132.753
2.68746, 381.301, 35.2341
3.6706, -23.1494, 237.313
3.95397, -6897.9, -10373
3.50543, -14.2339, 541.244
2.7177, -3169.76, 4816.94
2.56571, -2091.77, -6.80233
6.07297, 7241.1, -2262.37
6.88348, 805.836, 67.3334
5.35088, 2155.27, -3915.54
6.92743, -3689.08, -4210
5.20042, -1988.43, -895.819
3.31357, -1795, -2.95051
3.30492, -3236.22, -2343.34
7.19182, 530.791, -107.248
3.45628, 524.207, 707.466
3.15761, -3369.26, -528.098
4.41122, 744.427, -806.626
6.12674, -579.057, 3249.46
2.50651, -7899.16, -503.35
4.60222, 5597.52, -3150.67
5.18984, -759.994, -214.963
4.86596, -1632.79, -655.544
6.33003, -190.087, 455.673
2.9396, -931.505, -1239.39
7.04284, 356.879, -130.373
3.20818, 857.418, -433.979
2.54782, 490.619, -75.6487
2.82267, -166.176, 788.229
4.96742, 350.707, -415.959
5.40914, 207.218, -84.9947
4.03373, 4693.36, -8161.24
4.57091, -270.424, -214.982
4.33401, 2094.28, 2317.97
3.42687, 539.714, -2531.12
2.76788, -3320.55, -2832.09
4.47222, 307.876, -8.52293
3.98388, -1876.28, -1884.8
5.05388, 211.485, 53.0842
3.75392, 2769.85, -4393.44
5.01589, -1816.97, 3050.21
2.51168, -60.9266, 131.911
7.01807, -6601.12, 3184.88
2.79181, 3911.54, 4180.4
5.17506, 263.382, 3600.34
3.95754, 3196.46, -1134.54
7.3023, 246.879, -118.406
4.73406, -3777.77, -1351.59
5.08479, 304.151, 50.1956
5.93861, 1276.8, -1037.51
2.72187, 444.309, -152.359
7.2946, 4432.19, -3173.61
5.70852, 516.95, 421.578
2.80215, 7.41518, 241.236
3.33964, 148.015, 363.811
5.76491, 390.794, 263.181
6.19864, -671.171, 2655.99
3.57011, 620.775, -122.242
4.31441, 983.735, -1934.07
6.56981, 184.615, -85.5664
5.32057, 312.726, -31.6825
7.45886, 97.5756, -30.9686
6.5669, 59.0123, 642.421
3.49157, 4079.76, -5126.55
2.50003, 37.666, 1110.14
4.62608, -4046.71, 4786.92
4.07406, 1879.04, 1114.76
5.56218, -4159.97, 671.94
3.83351, 33.9316, 223.764
4.39881, 1751.44, 203.421
5.43397, 150.709, -101.537
5.95636, -2716.88, 312.659
7.26736, 264.878, 18.7507
4.89785, 308.437, 329.039
3.60319, 704.117, 1473.37
5.33741, 630.493, 531.75
6.09873, 490.287, -185.805
4.4953, 1659.52, 206.649
3.48326, 58.5384, -125.777
6.66971, 188.033, -31.6222
5.59561, 670.773, 117.875
7.26866, 196.043, -7.57115
3.23222, -352.775, 783.549
5.38953, -527.247, -440.506
7.26796, 299.781, 89.896
3.62331, -6604.75, 3387.16
7.25137, 205.671, -138.92
3.07874, 363.771, -223.753
2.58372, -765.299, 49.5168
3.90465, 617.341, 1.40496
7.15042, 619.374, -144.238
3.04796, 505.513, 130.549
6.77266, 305.367, -4.21887
5.68532, -631.254, 507.423
5.63853, 317.703, -144.355
3.80589, -658.5, 1252.86
5.13936, -1112.81, 138.834
7.16608, 2695.77, 1114.39
3.98055, -1080.19, -54.794
4.78006, 111.932, 123.075
6.35659, -1361.23, 5532.5
4.17193, -2383.21, -3710.32
6.31775, 181.233, -94.7268
6.65892, -2562.36, 2943.12
2.64618, 2760.85, -1882.66
4.31315, 253.952, -1100.76
4.16221, 187.941, -185.421
3.17675, 2250.15, 2549.89
3.00839, 1491.87, -4630.25
5.11327, 292.392, 98.0191
3.52046, 1018.5, -969.645
5.00728, 92.5501, -928.703
5.1371, -5872.28, 4022.08
4.13422, -19.4569, -1.28734
4.75888, -19.8497, -804.806
6.85263, -1093.84, 731.62
4.72884, 304.268, 418.746
6.03726, 174.031, 22.0248
6.83171, -1847.3, 357.564
6.5822, 229.578, -412.613
2.67504, -4519.66, -1755.56
3.8644, -1039.98, 2196.35
5.21858, -1698.23, 1133.16
3.19942, 5638.47, -829.685
5.57408, 419.926, -428.458
3.29182, 750.012, -664.644
4.41129, 390.987, 563.296
5.94997, -854.73, -248.937
3.21128, 4485.79, 42.0007
5.65284, 327.029, 281.504
3.15973, -3866.45, -1704.8
7.13583, 146.815, -41.5586
5.53465, 6518.53, -9937.31
5.50388, 880.942, 858.473
3.33635, 1547.88, -233.965
3.301, -2015.79, 2481.59
5.91628, 369.927, 37.2254
5.1456, -451.547, 979.325
3.65264, -2173.48, 1187.1
6.55373, -290.124, 170.531
5.76477, 153.305, -169.514
4.08597, -135.188, 453.843
2.53953, 816.9, -648.274
3.49176, -43.202, 50.8366
3.78831, 268.941, -175.414
3.03825, 581.124, -1862.18
3.49545, -267.238, -517.36
6.75079, -6884.05, 3578.31
6.63912, -6.91584, 537.31
6.76813, 128.118, -129.247
5.71027, 163.798, 28.4369
3.6787, -3382.31, 3496.71
6.80638, 500.9, -70.1184
5.4745, 607.598, -245.1
2.52745, -1912.07, -1385.67
6.84925, 116.007, -364.997
7.37729, 400.175, -135.643
5.59653, -2111.35, -1771.72
3.85574, -553.481, -799.619
7.46973, 251.813, -92.4916
4.60751, -493.968, -823.719
4.20537, 1102.58, 165.946
4.80717, 270.386, 47.1053
4.44822, -1191.09, -3319.51
4.613, -5598.39, -1023.67
2.84879, 253.832, 1130.14
5.5153, -248.421, -356.684
7.36114, 152.819, -2.01466
5.07406, 118.621, 9.44545
7.45461, 244.311, -80.022
5.84906, -3163.18, -7286.41
4.01716, 1015.33, 919.625
3.47371, 715.99, -235.513
4.0109, -1930.58, 76.4007
4.93946, 332.94, -17.2651
4.72438, 1033.95, 76.0972
5.7844, 295.754, 16.8315
3.74227, 7056.82, 3946.51
4.72007, -1281.3, -983.947
5.75894, 302.46, 77.4139
6.67472, 298.823, 73.1981
6.03698, 130.737, 1157.32
4.93928, -213.772, -1423.55
6.72039, 768.58, 107.947
7.00296, 598.043, -501.644
6.33082, -36.7229, 166.051
5.29453, 829.224, 1733.5
2.70603, -556.544, 727.065
5.46749, 27.3975, 115.078
2.68674, -107.926, -4475.14
4.53488, -1865.13, 1772.1
2.84243, -469.544, -664.139
7.38558, 151.29, -5.34034
2.5956, 2072.83, 3556.65
6.60363, 183.857, 26.9495
5.2195, 4544.92, -3962.03
5.72828, -228.575, 1089.71
3.62934, 435.663, -284.744
2.733, 825.397, 3850.49
3.63154, -342.37, -338.654
4.58371, -248.675, -2952.57
6.40126, -286.899, -121.36
3.72852, 1931.56, -2627.01
4.81411, 102.063, -471.435
6.14756, -1595.23, -982.388
5.35237, 6528.84, -899.313
5.45997, 920.928, 15.24
4.98425, -1165.83, 54.8552
3.951, 326.121, 70.2433
4.71107, 736.101, -650.5
2.53669, -3817.48, 8409.67
7.41683, 81.5, 85.7176
2.52822, -247.96, -444.07
4.8676, 2262.56, 559.371
5.86497, 4492.37, 7720.49
