6.27803, -1469.43, 777.572
3.5948, 246.646, 1115.46
5.89648, 885.242, -397.645
5.09708, -6.68943, -248.045
2.76731, 2502.97, -2623.96
2.53849, -163.243, 130.763
4.58743, 3499.66, 2031.61
7.15218, -23.9282, -72.8071
2.95982, -370.091, 712.666
6.00595, 738.713, 533.026
3.81226, 489.855, 271.45
4.14117, -133.385, -108.819
7.45519, -467.765, -431.365
7.41275, 13.9252, 108.059
5.75759, 676.59, 313.832
6.92354, -27.9042, 72.0579
6.33247, 145.92, 99.1769
3.87453, -1263.97, -128.408
4.93259, -511.927, -484.344
2.80282, -3078.41, 574.095
5.08146, -191.249, -128.645
4.96988, -2271.48, 748.893
7.23882, 117.697, 4.41383
4.42071, 47.7887, -65.2206
5.14874, -1813.46, 568.671
2.75042, -303.207, 2278.41
6.63909, 387.637, 190.269
5.94228, -691.211, -286.187
6.18112, -2.85475, -179.252
6.94286, -1797.81, -1753.58
4.25508, 99.6676, -227.629
6.72991, -131.898, -327.619
3.84659, 134.207, 24.3525
4.83959, 659.236, -210.272
3.2686, 13.0837, 265.545
2.66527, 177.483, -52.321
7.2768, -1106.3, -803.476
6.95369, 266.694, 248.034
3.29884, -1050.4, 82.5432
3.15214, -676.329, -198.471
2.515, 1468.65, -223.02
6.0491, 184.906, 136.526
3.40448, 1149.88, 10.3949
5.76029, 25.581, -108.615
4.42907, 235.483, 358.433
3.23766, 789.987, 1080.64
5.45054, 190.523, 519.5
3.24076, 1481.43, -757.083
3.2091, -1305.27, -977.68
4.94257, -90.4554, -80.5308
3.13015, -916.462, -218.105
5.64635, -691.988, 199.742
5.60817, 272.353, 141.802
4.88216, 1627.56, -2254.08
2.64188, 588.504, 865.505
3.21011, 2019.38, -414.021
3.15594, 494.263, 322.894
3.31099, 946.139, -1353.57
3.76529, -253.268, -5.68637
4.77654, -2398.8, 1244.43
6.54472, 191.231, -209.361
3.57624, -98.7527, -224.725
3.75063, 364.296, 538.955
5.02978, 347.734, 264.808
6.27922, 81.8926, 17.9433
5.66369, -759.506, -1725.71
5.9449, -1449.74, -926.692
7.27207, -701.848, -198.267
5.18713, 2244.32, -1152.52
4.57014, 136.634, 524.221
4.70019, 398.756, 323.932
6.07821, -1091.73, -1291.33
6.20858, -1217.91, -1200.62
5.12494, -1646.58, 1447.96
6.06711, 21.8309, -20.6626
5.91025, 145.763, -102.648
6.82941, 1222.48, -915.156
3.19597, 841.766, 873.119
3.57766, -142.983, -24.6983
5.0733, 174.127, 516.431
4.83766, 386.035, 347.059
3.55759, 1516.48, -1705.58
5.65244, 752.207, -427.39
2.5044, 1330.54, -1863.95
4.09589, -251.813, -1869.48
5.90281, 7.43097, -172.039
6.0446, 328.216, 190.855
2.90869, 424.979, 593.559
3.56926, -428.926, -27.8588
4.44412, -151.668, 127.434
4.44927, -2036.79, -755.773
3.92018, -237.932, 53.5035
4.6123, -108.095, -50.7501
2.55658, 444.446, 9.10653
3.72027, -2350.01, 1208.78
4.49072, -734.599, -1865.75
6.64177, 96.9291, -114.798
3.78584, -551.413, 657.217
3.59705, -950.434, -303.019
6.47385, 282.449, 262.821
5.8476, -664.39, -24.8723
5.49108, -203.488, 28.3465
5.99917, 1499.6, 807.98
5.13062, -58.5173, -201.368
4.14833, 8.97555, -182.331
3.30844, 2301.26, 376.834
6.56633, 63.4981, -23.7091
4.08004, 724.798, 481.043
4.05369, 140.537, 39.673
4.65424, 136.188, -88.4235
4.46509, 164.602, -98.3216
4.43916, 277.229, -100.243
4.34871, -181.09, 285.436
5.88118, -263.028, -552.702
6.10384, 790.291, -149.729
7.20082, -1369.34, 263.33
5.08573, -111.185, -77.1433
5.5282, 738.72, 538.818
5.85049, 944.081, -1353.53
5.11404, 213.003, -24.5508
3.87105, -31.4784, -243.897
7.08924, 283.084, 269.704
3.73367, 80.7381, 49.6187
4.77876, -217.227, 774.001
3.30374, 220.009, 342.821
4.68319, 207.663, 201.523
7.45767, 187.254, -285.353
6.26931, 1587.13, -1780.4
4.97846, -69.8997, -87.7961
7.01651, 169.006, -95.7752
4.68213, -239.074, -116.487
5.09239, 1193.02, -984.336
4.44866, -1053.57, -1469.08
5.63431, 20.441, -163.946
5.19331, -124.291, -32.9125
4.35955, 70.1439, -309.649
2.54674, 280.042, 384.405
6.3794, 148.727, 97.8937
2.85317, 189.991, 153.496
3.98511, 50.7111, 444.184
4.78581, -181.607, -156.276
3.25156, -94.7191, -55.7764
5.97819, 101.429, 529.737
4.15587, 273.184, 176.938
5.21197, -1474.23, 2515.84
2.64678, -1725.3, -709.691
5.38086, -9.32458, -608.688
5.18133, -171.675, 175.02
7.36678, -727.363, 441.77
5.57063, 90.0717, -29.4613
5.26431, 1228.83, -1907.95
6.69051, 526.963, 533.62
3.75764, 79.3486, 583.337
6.98957, 168.68, 110.898
5.97428, 130.071, 30.2103
5.82752, 128.559, 1381.04
3.06838, -91.62, 158.2
3.37987, -150.524, -629.65
2.91253, -435.312, 914.008
6.68103, -97.1622, 681.162
2.64818, -326.274, 1198.89
6.34719, -174.246, 200.692
4.29829, 241.825, -1763.47
6.24626, 960.479, -164.491
6.28385, 67.0406, -113.465
3.60834, 1540.61, -357.917
5.58305, 17.3229, -29.392
3.66846, -449.898, -99.6066
6.22052, 90.2058, -1716.49
5.80997, -37.0439, -58.1957
4.9209, -1417.02, 2614.15
2.58972, -313.394, -78.7073
4.98291, 78.6693, 396.142
5.09587, 309.134, -75.8327
4.71395, 695.84, 1626.36
4.14528, -1361.57, 432.932
3.52671, 43.1464, -28.1939
7.19863, -233.749, 1085.49
2.85168, 988.665, 1346.6
3.30042, -306.82, -89.0593
6.70788, 109.236, -322.311
4.13614, 46.3656, 189.038
6.85942, 728.204, 418.278
5.99896, 115.712, 25.9948
5.52801, -63.8805, -222.403
4.77536, 269.239, 693.367
2.91543, 1070.99, 366.109
3.94883, -1583.73, -830.73
6.51009, 49.3152, 12.3379
6.81821, 489.226, 757.483
3.81831, -2193.43, 175.785
4.79881, -325.231, 182.874
4.95672, 230.779, 229.619
5.82344, 824.239, -1371.62
7.31738, -85.6842, -70.6864
7.23022, -57.4282, -136.962
2.81902, 772.514, -588.463
5.04829, -432.131, -64.7178
6.13222, 255.829, 45.5883
5.65882, 90.3942, 33.0469
3.26658, 267.046, -130.585
5.09652, 697.181, 1629.73
3.52281, 2595.42, -879.617
6.03231, -189.451, 212.797
6.05786, -415.506, 2740.81
3.66304, 75.4915, -133.058
6.80594, 430.346, -2.79119
2.67122, -778.886, -397.27
6.26587, 110.599, 320.031
4.14789, 268.684, 96.4916
4.65309, 2271.64, -419.437
7.33455, -63.4432, -195.654
4.05803, -1109.67, -964.477
5.69762, -2723.2, 82.6302
5.95386, 56.0623, -102.887
5.36403, 228.655, -282.388
6.60667, -1438.17, 2512.03
4.21807, -1708.37, 844.337
5.09387, -127.282, -440.792
6.78438, 835.052, -88.822
6.18587, 777.597, 809.123
3.45992, -39.4745, -202.188
2.83145, 196.22, 47.1311
3.60828, -2017.94, 1285.62
3.33656, 247.526, -139.05
6.31172, 53.5974, -70.251
5.44905, 711.622, -1328.79
4.65223, -2818.64, -325.802
7.09618, 1271.94, -287.675
5.09668, 76.5042, -420.309
7.38058, -218.504, 130.968
5.15714, 44.8269, 187.915
2.98716, -594.461, 1116.06
5.83983, 415.822, 291.486
5.44444, -468.448, 1490.97
5.01137, 73.168, 92.3886
2.75808, 958.422, 426.452
2.6753, 711.811, -603.916
4.41484, 54.2239, -141.641
5.55555, -1222.92, -1608.78
5.06574, -2815.16, -334.986
5.98498, -26.4099, -86.5035
4.89891, 259.155, -152.01
3.88323, -2696.95, 35.6071
6.01685, -103.1, 1671.61
3.67701, -23.1322, -104.352
6.41501, -176.433, 18.4452
6.60589, 1124.15, -221.244
3.21842, 1588.32, 1622.51
5.75757, 635.913, -579.994
3.87677, 215.907, -390.394
7.26215, 1072.06, -808.04
4.58238, 56.4858, -168.823
3.03869, -331.519, -356.178
4.70633, -214.367, -84.1948
6.28811, -180.326, -219.189
2.77803, 723.331, 576.47
3.51241, 226.597, -95.2467
6.82305, 195.592, -360.966
6.52456, 302.438, 3.75056
2.78861, 380.214, 1307.72
4.40304, 23.0792, 40.896
4.56124, -143.759, -260.618
2.80071, -34.947, -23.1791
7.09746, -889.759, -825.047
3.35398, 146.637, 51.2608
6.51634, 38.7946, -47.4419
3.88599, -95.4005, 167.458
4.44586, 349.995, -167.428
7.19936, -1203.11, 153.321
6.24573, 39.8388, 1623.43
3.44774, 1589.56, -1892.79
6.89581, -249.573, -137.033
6.8953, -144.041, -142.333
3.30515, 374.638, -55.826
5.87346, 529.798, 11.0536
6.89096, 35.2606, 184.378
6.98262, -569.759, 1864.6
3.06535, -84.3772, -81.3885
5.93789, 271.325, 368.427
3.21651, 175.039, 238.612
3.6901, 764.535, -228.811
5.64383, 1431.76, -1006.83
4.312, 277.473, 221.223
4.64437, -1128.17, -1068.7
4.91936, 937.968, -980.253
6.20379, 2.84694, -425.245
3.23098, 561.106, -496.267
7.36238, 249.425, -9.17836
7.3158, -147.614, -119.111
3.14741, 1267.25, -983.342
5.3784, -83.9616, -62.4734
4.66439, 124.056, -363.487
5.50066, -70.3434, 206.994
5.85098, 182.251, 123.182
4.5137, -1705.44, -553.123
6.46691, -1099.64, -959.203
4.89889, -1654.12, 1098.01
5.72449, -731.313, 579.878
4.28836, 2549.05, -470.138
5.96794, -66.8506, 290.964
5.83428, -139.721, -363.441
3.22071, 750.929, -437.164
7.10415, 10.6335, 93.9546
4.22228, 737.402, 2000.43
6.66824, 110.302, 188.437
2.74349, 625.525, 128.146
3.27936, 662.002, -920.458
2.55765, 533.646, -77.838
3.94327, 93.932, -109.913
5.07295, -114.573, 131.47
3.65948, 388.53, -1912.36
2.75022, -153.203, 291.428
5.33091, 60.4576, -17.7612
6.69774, 170.263, -221.343
4.28763, 412.404, 316.898
4.3452, 294.341, 308.937
7.22226, 449.292, 65.5622
4.72425, -1132.31, 395.465
6.82086, 67.8356, -105.967
5.82654, 156.438, -195.462
5.79297, -489.576, 137.855
7.10736, 1514.74, -1123.54
5.11536, -1652.74, 1453.8
5.45229, -317.519, -523.759
5.79944, -271.599, -1588.4
4.24765, -1185.51, 649.951
4.11714, 599.415, -347.821
7.08984, 302.595, 183.417
3.08619, -2188.44, 783.622
7.31268, -270.658, 12.9434
5.17978, -116.062, -171.559
5.81447, -190.243, -94.5014
5.48362, -2307.37, 1015.38
6.93363, -491.376, -443.985
6.67999, 102.111, 242.335
6.69339, 304.082, 148.023
6.85642, 66.9851, 221.405
2.5002, 126.358, 1333.2
4.77274, -22.2531, -288.243
4.25696, 1382.85, -45.0499
5.80713, 2163.17, -1836.44
6.22234, -151.68, 43.5273
3.3821, -582.134, -2103.01
7.4621, -832.68, 1095.16
5.95466, -30.614, 109.49
6.97862, -149.392, -216.261
3.51579, -869.037, -238.83
7.2356, -189.341, 684.166
4.88476, -2205.47, 1121.29
6.78578, -2019.12, 1283.14
6.41237, 11.3001, -318.181
5.70687, -1627.71, 1530.84
3.14521, -163.721, 848.951
5.77944, 231.128, -87.7004
3.09199, 37.6511, -233.513
3.88793, 1588.32, 248.99
6.65548, 297.029, 1569.68
6.14153, 1830.1, 2334.27
6.74348, 2020.42, -1505.54
3.43989, -480.692, -744.484
6.09602, 216.297, 217.883
4.25586, -118.191, 697.363
3.34555, 459.416, 767.893
4.52383, -2083.92, 301.1
4.20924, -170.956, -37.4859
6.67141, 234.966, 17.1417
3.9111, -1572.11, -2547.96
5.16766, 1482.53, 986.061
6.25085, 232.957, -326.346
4.62554, 64.8441, 70.0815
4.66964, 1265.25, -55.9186
3.03022, -1862.72, -961.678
6.4639, -434.761, -406.193
3.91232, 49.7311, -100.958
7.14264, 1851.5, 2473.75
5.37926, 278.279, 262.831
3.4895, 462.354, -525.037
5.99081, -137.833, -216.411
3.07265, -603.233, -592.867
4.22945, 435.333, 793.643
4.15646, 239.002, -412.416
6.42735, -2314.74, 1018.55
6.65775, 230.372, 314.864
4.21712, 1030.8, -501.433
4.2603, 462.811, 226.657
6.38197, -149.781, -69.7013
6.58658, -145.532, 35.0732
4.26157, 282.595, 52.4036
7.09559, -3.36299, 51.4412
3.2877, 714.335, 684.41
5.56029, 779.357, -511.883
5.54222, 40.6473, -58.7903
3.16647, 1375.78, 1607.25
3.51409, 1645.34, 2348.22
4.79457, 160.521, -107.912
3.48759, -704.412, 817.1
6.77118, 100.474, -153.81
6.54562, -588.995, -530.373
2.80131, 1127.49, -1076.95
6.50584, 794.767, -2249.5
5.49597, 10.0885, -244.229
7.43182, 122.842, 55.4229
2.65919, -983.642, 190.795
6.8356, -1484.37, 1824.4
3.69109, 313.847, 527.289
3.6127, -206.703, -284.701
4.73907, 2858.26, 1325.79
2.61231, 392.744, -47.2398
6.79755, 18.9576, 41.5531
4.15902, 409.52, -2299.82
5.72195, -381.446, 31.2434
7.43521, 72.2342, -91.4413
5.30162, 300.608, 66.8935
4.74553, 95.5857, 50.4078
5.213, 62.6587, -128.915
2.90797, 515.16, -11.6176
3.99606, 1203.47, 1393.11
6.63964, -1895.99, -399.245
6.48936, -1757.76, 620.866
5.71048, 296.698, 84.3673
4.84105, 153.003, 277.167
7.15326, 484.035, 1380.02
5.08798, -625.01, -104.273
7.42924, -1950.48, 1263.75
5.94567, 128.049, 15.1634
6.19966, 0.49098, 62.5732
3.46323, 1057.98, 803.393
6.08881, 1472.33, -1058.95
6.11146, 677.625, 647.983
6.49298, 360.689, -28.7145
4.23216, -2239.87, 243.121
5.1481, 352.929, 315.095
3.19001, 662.302, -815.154
6.73218, 114.217, -65.2816
6.32766, -459.317, -45.1051
7.5, -2316.12, 1015.82
4.24891, -3123.6, -1130.06
5.50367, 1107.82, 25.3115
3.50808, -132.041, 1863.77
6.2385, -1718.44, 266.782
6.49225, 212.41, 362.711
3.03505, 244.606, -41.9633
5.35813, 12.5226, 173.773
2.84683, -2451.6, 849.904
4.16036, 117.065, -127.102
5.80945, 84.1153, -259.271
5.27726, 331.057, 1890.44
7.12415, 53.3753, -220.255
2.69832, 246.365, 1296.99
2.62083, 919.379, 965.239
4.61923, -139.678, -219.467
4.36987, 65.3741, -288.393
2.93303, 1522.18, 1376.63
3.05403, 31.3942, -177.41
5.31992, -2052.32, 121.701
7.37269, 247.544, 2.64479
3.05066, -15.5945, -1961.64
5.99352, -1502.17, -1705.62
2.79674, 333.084, 1134.24
4.69755, 366.466, 53.2002
5.24651, -527.432, -445.792
3.45129, 4.0481, -157.991
7.36597, -137.954, 314.024
3.19593, 156.017, -68.1945
5.48978, -1563.74, 307.32
7.12812, 249.765, -829.49
3.91116, 478.464, 241.089
6.8307, 196.244, 431.919
6.29598, 790.595, -973.318
6.10793, -93.1304, 172.375
3.34241, 277.841, 395.348
3.32882, 47.0333, -1215.76
3.39076, 174.27, 78.963
5.87226, 54.4557, -177.648
4.83484, 156.855, -154.556
6.85219, 52.5152, -12.8097
5.76023, -68.4307, 54.4481
5.80464, -189.656, -93.3889
2.58037, 150.768, -158.443
4.30596, 2503.27, 1517.78
3.72747, 18.2038, 11.9124
6.93086, 711.487, 924
5.23701, -3120.12, 41.9675
6.57209, 208.868, 291.027
5.24453, -728.39, -390.713
4.16156, -222.426, -79.9947
4.40213, -930.783, -1603.36
2.52389, -494.203, -77.211
6.95226, -48.5146, -227.992
6.16955, -149.21, -150.775
6.04239, 295.582, -20.8241
5.1278, 1167.45, -1281.21
6.41065, 212.843, -318.626
3.42484, 160.64, 26.2302
5.72673, -6.58269, -28.8086
3.42178, 207.19, -92.6615
3.31214, -1077.61, 411.486
2.65594, 1072.17, 531.167
7.42716, 8.4986, -142.919
4.04559, -44.6273, 126.177
4.11075, 76.4842, -97.7693
5.51155, 81.488, -114.294
2.89107, 2272.57, -203.306
3.93936, -104.575, -262.508
5.79307, 641.109, -839.915
7.36348, -99.2744, 183.177
7.27758, 1779.08, 639.846
7.42745, -129.748, 62.9829
7.30478, 202.902, 3.45998
3.0073, 199.823, -169.023
3.71505, 342.414, -394.377
6.91151, -136.863, -63.9563
5.28805, 330.643, 352.678
6.7669, 107.171, -202.276
7.49145, 862.459, -279.668
3.99751, -1916.99, 1099.43
6.33157, -3463.68, -1210.1
4.81901, -626.463, 215.942
6.8168, -155.881, -101.137
6.99018, -221.202, -76.1472
7.377, 76.9262, -125.548
2.77405, -392.689, -11.7836
6.32605, 53.9729, -268.483
5.09219, 1025.36, -1418.62
3.46574, 201.967, 580.017
6.98252, 319.435, 174.199
6.38492, -305.17, 323.34
2.75968, -147.034, 50.7136
7.47331, 938.103, -1390.02
5.93659, 80.9104, -79.3463
5.94854, -194.939, -93.7164
6.57666, 1514.88, -685.686
7.05426, -24.3701, 53.962
3.34218, 988.811, 2321.63
5.24183, 1534.68, -979.148
6.53351, 57.2586, 154.509
4.17803, 358.391, 589.053
5.53435, -75.1561, -717.578
6.59602, 673.56, -1302.82
7.3485, 188.877, -32.6629
6.29349, 11.5673, 404.205
3.72113, -80.7989, -350.514
5.80589, 44.8911, 0.810084
4.21574, 894.131, 322.885
7.27146, 14.9617, 13.3627
2.60828, 1092.99, -1676.1
4.54979, 886.37, -375.709
2.55789, -1192.04, 1713.22
3.04964, -33.3931, -50.7094
5.28259, 694.881, -982.277
4.45466, -1.63213, 181.331
7.20539, 226.903, 152.842
2.55572, -399.257, 431.666
6.22897, 74.8306, 445.002
3.84293, -226.213, -232.535
4.27153, 180.353, -190.857
3.45835, 2502.1, -2656.62
5.14832, -9.46944, -174.042
4.39478, -446.036, -2267.29
3.16407, -165.957, 162.388
4.26563, -372.933, -260.737
4.2497, -2320.89, 1176.67
7.41084, -1412.01, -927.587
5.25961, 375.533, 291.48
4.99918, -1397.28, -378.832
3.58531, 839.025, -1362.67
4.37311, 536.415, -138.584
6.78251, 1267.71, 1068.02
6.45578, -1252.28, 2403.28
3.9204, 1459.72, -1636.4
5.07645, 833.71, -576.026
6.79238, 84.2044, 3.4538
7.07844, 364.861, -88.1186
7.48941, -1116.09, -966.221
6.53177, -678.902, -438.357
5.22718, 215.643, 349.775
7.3461, -12.9525, -474.935
5.31931, 141.125, -163.869
4.03031, 672.786, -791.107
5.41853, 604.208, -210.247
2.91197, -143.037, 397.148
5.47382, -17.7012, 65.0925
3.31968, 1213.8, 2079.34
6.46527, 33.5837, -279.306
2.95373, -683.003, 791.766
6.3072, 74.0687, 94.2671
6.83996, 74.5436, -137.624
6.40105, -125.757, -407.706
6.61399, -1289.17, -384.351
6.70974, 239.046, -52.4291
4.48328, 769.744, 563.263
6.508, 84.4315, 53.1942
6.56811, -1.26838, -58.2529
5.43493, 617.098, 1158.03
4.64621, 101.233, 124.474
2.5002, 439.779, -571.079
5.31153, 138.561, 178.638
6.22632, 215.686, 333.148
3.89846, 1685.14, 888.768
2.93406, -279.41, -2272.65
3.5733, -488.322, -321.591
3.93296, 26.2518, -74.3537
4.86595, 572.031, -17.0084
6.95893, -1104.68, -950.976
5.91955, -368.839, 83.0934
3.54376, 98.1301, -200.672
6.67533, -36.9796, -48.9066
7.09218, -317.712, -129.366
4.48244, 577.178, -174.072
6.37858, 893.916, 508.943
5.68161, 191.744, 349.406
6.64746, 252.501, -389.095
3.40204, -493.16, -452.501
7.45927, 56.7849, -51.7031
6.70558, 496.713, -561.705
4.65177, -198.916, 603.396
4.38589, -323.394, 222.923
2.70802, -40.6093, 200.05
6.80715, 144.643, 121.778
6.62116, -1871.67, 1350.62
6.25052, 642.845, 997.983
3.55801, -47.6114, -54.4111
4.31029, 144.372, 59.8674
4.43545, -48.0888, -269.406
7.32918, -1680.4, -1107.83
6.5872, 0.964379, -179.579
4.5755, -702.733, 110.073
5.83759, -128.478, -227.043
2.52101, -1965.83, 1739.04
6.98048, 71.828, 92.2957
3.68416, 731.407, 328.875
3.79415, 159.232, -192.216
5.4939, 1.86814, 18.4792
6.89823, -946.68, 97.8949
6.16299, 425.725, -47.8213
6.0773, -844.927, -335.987
3.57724, 2733.82, -137.81
6.30413, -2020.36, 1510.4
3.85351, -11.269, -88.2614
2.75246, 474.753, 201.773
4.78866, -318.165, 302.751
2.58759, 161.407, 151.851
3.01129, 2456.98, -1676.14
2.639, -299.457, 134.96
5.65921, -97.7074, -184.646
6.34425, -15.5307, 84.9143
2.74132, -637.505, -545.272
6.6924, 440.895, 352.019
6.76899, 81.8002, 35.6787
6.57649, 623.79, -542.977
6.85188, -2.15638, -1940.92
5.27222, -51.4263, -30.953
6.12646, 21.0685, 1097.7
3.20424, -2190.2, 1526.72
6.6115, -112.577, -170.192
5.51185, -1218.36, -1613.13
4.93856, 101.178, -52.6116
6.14942, 10.1975, -148.155
4.05164, -1220, 691.293
3.93925, 199.76, -129.142
5.45857, 1232.64, -1494.97
5.34055, -1625.34, 754.14
5.41059, 1649.12, 1001.56
2.84132, 401.268, -760.083
4.34304, -1175.1, 286.17
6.28475, -122.417, -121.262
6.35297, 803.547, 1520.72
4.27217, -8.32823, -194.661
5.98913, -5.46047, 39.4667
5.08005, 1278.7, 727.218
5.94494, 23.6359, 170.49
6.18066, -1277.64, -935.11
2.56231, -1398.94, -1169.17
7.16549, 51.1464, 33.608
5.37826, -338.668, -124.775
3.05587, -686.101, 54.2758
4.87388, -85.0529, -45.6921
3.24247, 506.473, 367.236
4.22594, -3762.69, -889.079
7.04476, -3.22736, -247.177
4.54571, 1505.56, -673.826
5.96642, -18.3639, 7.29695
3.35865, 218.319, 85.5807
6.21715, -1965.34, 794.214
4.16319, 116.645, -73.5399
4.62157, 78.5428, -113.234
2.79523, 198.009, -335.612
5.09005, 46.252, 58.6245
5.94425, 95.7122, -601.672
5.01149, -52.859, -161.101
6.56617, 126.686, 167.861
3.07974, 169.224, 195.845
5.24841, 770.304, 482.534
5.06046, 91.1725, -93.3457
6.02649, -1085.32, -1000.55
5.65083, -64.0195, 72.7097
4.0207, 123.454, 78.2022
6.74719, 168.825, 131.226
3.39619, 669.515, -1328.87
2.61737, -7.80445, -30.0758
4.19467, -110.68, 74.6378
3.43818, -1016.27, -965.761
6.60467, 46.6358, 10.3867
6.72507, 41.9417, 1701.66
6.78031, -1515.83, 980.394
7.37454, -87.1351, 47.0664
2.99587, -237.977, 72.2924
2.56182, -1589.94, -1356.68
2.58614, 106.535, -888.237
2.64527, -76.8118, -83.1625
4.1031, -1185.13, -1219.26
6.17815, -1487.21, 804.429
3.14876, 21.5352, -135.049
2.5161, -343.204, -16.6941
6.91905, -258.09, -1.09084
3.70482, 506.472, -397.879
4.38481, -366.67, -229.067
4.44879, 153.418, 137.245
2.81534, 1546.62, 614.211
7.30792, 455.785, 99.5751
3.75349, 468.865, -452.683
6.85376, -20.0372, 266.349
2.85991, 1176.44, -1676.86
2.70653, 1208.09, -1154.23
3.46378, 141.394, -187.686
3.86708, -752.923, -1333.64
7.4007, 5.22511, -20.6716
3.60607, 484.724, -2257.33
6.43119, 946.613, -1359.83
4.42306, -291.778, -154.897
3.78593, -1459.4, 1473.96
3.91087, -338.008, 182.531
7.33834, 196.45, 197.812
4.22841, 188.205, 192.1
3.45922, 362.181, -266.474
5.05037, -76.4065, 199.102
5.21857, 570.356, -2032.99
5.72333, 50.5255, -271.417
3.89738, 738.473, -472.103
3.41887, -510.592, -375.344
2.71579, 1193.15, -1497.93
3.98408, 209.129, -483.788
4.25548, 1108.82, -127.401
7.09372, 289.064, -112.661
5.81225, 154.765, -137.678
5.08041, -1067.62, -918.174
4.03763, -53.7455, 74.6997
3.0007, 1082.72, 1095.75
3.47502, 36.7127, 199.777
4.11407, 1419.2, 1667.92
5.56182, -331.682, 109.776
5.13511, 386.775, -308.75
3.45653, -450.168, 1041.65
4.7178, 2499.75, 1401.59
4.48693, 2798.38, -545.998
6.28051, -258.323, -144.055
6.6213, -100.667, -96.4831
5.51573, -208.797, -856.144
3.04573, 179.225, 85.534
4.11797, 1368.4, -221.596
5.03403, 88.6715, 32.235
4.76521, 376.975, 885.061
4.77315, 334.379, 49.0969
4.91125, 421.109, -61.8036
5.07896, -2164.45, 404.945
4.50207, -1050.44, -1107.39
4.22945, -78.2494, -89.7829
6.64533, 15.9227, 298.777
3.02204, 1451.87, -339.769
6.40057, -131.315, -117.173
3.19919, 123.404, 118.373
2.62171, 1655.67, 1984.65
6.0664, -129.29, 447.698
7.15538, -91.8139, -183.258
7.47667, 49.303, -144.134
3.86264, 104.802, 84.7115
3.6923, -979.865, 604.879
3.87328, -163.34, -1434.6
5.70836, -72.2408, -279.85
5.17637, -203.231, -136.573
6.8967, -1347.71, 2187.92
6.75968, -50.3398, -326.917
2.98004, -110.488, 725.185
4.66818, 5.57505, 208.903
3.17045, 64.3687, 37.4494
5.86802, 114.935, -116.885
5.34964, 84.3658, -118.853
3.66474, 155.828, -1077.8
5.50306, 84.7872, -117.698
2.6551, 415.83, -376.634
7.08512, 235.88, -0.786637
3.82958, 750.423, 406.279
6.50016, 114.9, -34.9611
5.46389, 9.3372, 185.114
5.0822, 204.857, -0.710491
5.2567, -274.111, 126.694
3.47225, 254.568, -245.33
5.36152, -1326.43, -408.716
3.81992, -336.304, 2547.42
4.41648, 1075.95, -2402.17
2.73626, 50.9884, -44.2698
4.22823, -179.894, 71.2334
3.61594, -1463.47, 3134.74
3.81264, 102.108, 80.4
3.05141, 22.5713, -181.743
7.40088, -8.08998, -43.9563
5.93794, -839.558, -341.121
5.82158, 66.018, -165.282
5.99501, 136.924, -69.5026
2.68746, 254.095, 207.183
3.6706, 149.919, 117.006
3.95397, -2229.79, -3370.7
3.50543, 61.4519, 84.6039
2.7177, -1231.52, 1620.43
2.56571, 718.295, -507.141
6.07297, 2597.95, -880.378
6.88348, 170.651, 156.069
5.35088, 814.409, -1617
6.92743, -1242.19, -1313.35
5.20042, 338.954, 30.3815
3.31357, -1074.73, 511.065
3.30492, -1198.46, -1187.54
7.19182, 177.471, -28.2856
3.45628, -94.6117, -139.351
3.15761, -1485.59, 160.449
4.41122, 109.077, -138.859
6.12674, -477.099, 1471.99
2.50651, -2817.33, -327.229
4.60222, 1987.68, -1194.69
5.18984, 827.143, 175.542
4.86596, 204.48, 459.955
6.33003, 764.417, -110.436
2.9396, 640.657, -48.6322
7.04284, 14.6143, 160.121
3.20818, 248.16, 537.967
2.54782, 126.647, -75.7256
2.82267, 305.714, 95.0189
4.96742, 287.435, 268.111
5.40914, 112.634, -68.8087
4.03373, 1582.27, -2869.63
4.57091, 47.7656, -307.646
4.33401, 138.559, -8.22391
3.42687, 109.023, -1563.14
2.76788, -1054.9, -1337.49
4.47222, 193.384, 5.43915
3.98388, 554.202, 464.987
5.05388, -135.327, -360.98
3.75392, 1011.65, -1811.77
5.01589, 243.514, -256.218
2.51168, 1040.16, -250.854
7.01807, -2311.32, 1022.29
2.79181, 1667.3, 1544.11
5.17506, 54.406, 1509.8
3.95754, 1531.65, -722.082
7.3023, 141.444, -1.67172
4.73406, -1678.4, -819.972
5.08479, 0.624182, -31.696
5.93861, -509.199, -514.919
2.72187, -149.506, -159.052
7.2946, 1723.4, -1346.58
5.70852, 34.225, -63.0968
2.80215, -229.119, 144.431
3.33964, 121.323, -86.0584
5.76491, -6.4822, -342.962
6.19864, 126.318, 1338.53
3.57011, 227.096, 11.8628
4.31441, 127.044, -1197.29
6.56981, 753.397, -427.776
5.32057, 52.1917, -48.3255
7.45886, 52.7292, -81.6133
6.5669, -23.3707, -80.3108
3.49157, 1407.66, -1951.79
2.50003, -31.537, -81.1701
4.62608, -1486.92, 1813.63
4.07406, 1171.74, 595.514
5.56218, -1738.77, 256.979
3.83351, 150.555, -43.3705
4.39881, 11.2254, 53.7287
5.43397, -143.683, -338.556
5.95636, 159.441, 159.542
7.26736, 73.9899, 67.2867
4.89785, 20.6118, 44.4577
3.60319, -433.093, 376.311
5.33741, -349.932, -88.68
6.09873, 82.8957, -32.523
4.4953, 1331.91, -284.925
3.48326, 801.714, -429.934
6.66971, 233.96, -69.978
5.59561, 585.881, -540.336
7.26866, -62.098, -215.233
3.23222, 779.525, 593.157
5.38953, -43.0029, 24.0813
7.26796, 193.161, 273.875
3.62331, -2166.78, 1143.74
7.25137, -4.54338, -132.317
3.07874, 965.382, -423.862
2.58372, 91.3627, 153.252
3.90465, 229.763, -276.084
7.15042, 217.142, -307.222
3.04796, -1067.17, -405.712
6.77266, -96.4009, -357.074
5.68532, 138.389, 266.112
5.63853, 36.7168, 374.878
3.80589, -361.368, 971.554
5.13936, 630.465, -504.754
7.16608, -43.2933, -284.299
3.98055, -189.864, -1.96635
4.78006, 186.801, -68.246
6.35659, -288.896, 1966.37
4.17193, -843.794, -1944.93
6.31775, 2.2693, 44.1391
6.65892, -1181.18, 988.259
2.64618, 1335.85, -869.105
4.31315, 540.495, -129.099
4.16221, 189.175, 361.42
3.17675, 503.481, 228.291
3.00839, 572.096, -1799.49
5.11327, 200.127, 448.958
3.52046, 54.3014, 449.812
5.00728, 183.809, 50.5444
5.1371, -2064.99, 1162.07
4.13422, 220.237, 43.6592
4.75888, -156.904, 273.2
6.85263, 467.108, -17.7767
4.72884, -24.581, -72.7028
6.03726, -135.219, 136.57
6.83171, -1196.17, 240.932
6.5822, 106.636, -91.7348
2.67504, -1560.41, -641.962
3.8644, -249.055, 1336.67
5.21858, -36.3867, 25.9618
3.19942, 453.997, -215.964
5.57408, 41.1147, -55.7586
3.29182, -56.8161, -623.584
4.41129, 360.499, -33.9934
5.94997, -96.0143, -267.836
3.21128, 1924.7, -88.1365
5.65284, -88.0026, 29.3962
3.15973, -1386.22, -1127.87
7.13583, 60.902, -13.1923
5.53465, 2121.65, -3265.91
5.50388, 606.476, -646.454
3.33635, 345.355, 114.024
3.301, -69.871, 791.922
5.91628, -78.7567, -23.8939
5.1456, -2.94351, 140.04
3.65264, -1193.84, 480.661
6.55373, 81.199, 25.4412
5.76477, -107.844, -16.3813
4.08597, -312.969, -220.1
2.53953, 62.0236, 88.5968
3.49176, -109.599, -965.587
3.78831, -125.681, 660.94
3.03825, 726.064, 15.9525
3.49545, -627.583, 206.411
6.75079, -2350.92, 1304.46
6.63912, -7.11111, -19.6994
6.76813, 59.4252, -125.973
5.71027, -100.469, -132.924
3.6787, -1352.2, 1388.22
6.80638, 46.5694, 70.0601
5.4745, -106.55, 687.579
2.52745, -1065.17, -959.502
6.84925, -34.4335, -60.5841
7.37729, 284.138, 271.992
5.59653, -1102.64, -951.96
3.85574, -69.9689, 112.1
7.46973, 105.825, -177.779
4.60751, -872.852, 242.269
4.20537, 353.372, 135.979
4.80717, 53.0528, 210.869
4.44822, -548.726, -1558.71
4.613, -2176.37, -476.669
2.84879, 219.905, -89.4123
5.5153, 218.763, -110.053
7.36114, -393.551, 101.145
5.07406, -2.10566, 79.8189
7.45461, 185.12, -33.6464
5.84906, -1004.31, -2543.97
4.01716, -336.074, -290.721
3.47371, -842.407, -331.681
4.0109, 107.746, 119.819
4.93946, -245.648, -20.0517
4.72438, 116.615, 104.633
5.7844, 85.4254, -78.7551
3.74227, 2504.13, 1517.43
4.72007, -872.035, -899.264
5.75894, -104.385, 39.406
6.67472, -69.1676, 24.5528
6.03698, 361.473, 151.685
4.93928, -358.733, -191.09
6.72039, 601.62, 363.213
7.00296, 77.3164, -1.5619
6.33082, -242.098, -127.173
5.29453, -824.157, -299.954
2.70603, 717.876, 49.5525
5.46749, 835.24, -530.287
2.68674, 213.053, -1856.14
4.53488, 1.15754, -561.186
2.84243, -69.7052, 116.259
7.38558, -206.66, -44.4209
2.5956, 1239.36, 1534.04
6.60363, 52.3439, -148.44
5.2195, 1820.62, -1297.37
5.72828, -48.8109, -218.775
3.62934, 125.11, 373.745
2.733, -9.9254, 1314.57
3.63154, 22.817, -153.895
4.58371, 323.652, -1246.77
6.40126, 357.817, -255.557
3.72852, 670.764, -1303.91
4.81411, 204.347, -79.5863
6.14756, 488.416, -390.319
5.35237, 2309.31, -368.462
5.45997, -440.093, -845.274
4.98425, 209.161, 296.895
3.951, 180.207, -92.9461
4.71107, 240.999, -52.6875
2.53669, -1202.15, 2585.87
7.41683, 117.516, -74.3237
2.52822, 144.648, -48.9066
4.8676, 892.248, 571.826
5.86497, 1590.86, 2606.61
