6.27803, -2768.36, 1622.1
3.5948, 61.6586, 1385.34
5.89648, 93.3216, 13.7445
5.09708, 179.508, -305.076
2.76731, 5161.06, -5330.26
2.53849, -1700.97, 1904.12
4.58743, 7215.24, 4265.9
7.15218, 236.938, 75.6776
2.95982, -267.063, 464.459
6.00595, -93.5975, -120.161
3.81226, 620.603, 80.0425
4.14117, 293.08, -164.057
7.45519, 804.276, -361.121
7.41275, 171.657, -17.9817
5.75759, 171.834, -55.5527
6.92354, 102.203, 50.4795
6.33247, 646.42, 34.6292
3.87453, -2144.84, -712.582
4.93259, -1287.35, -925.7
2.80282, -6523.76, 1584.12
5.08146, 256.539, 82.383
4.96988, -4592.54, 1667.51
7.23882, 655.885, -210.782
4.42071, 177.518, 53.9693
5.14874, -3525.49, 945.997
2.75042, -314.945, 4619.8
6.63909, -453.586, -15.5648
5.94228, 379.945, 41.156
6.18112, 573.651, 25.8185
6.94286, -3461.21, -3071.91
4.25508, -425.547, 556.634
6.72991, 156.829, -105.526
3.84659, 294.497, 50.433
4.83959, -255.564, 681.708
3.2686, 603.789, -59.7637
2.66527, 233.927, -146.581
7.2768, -1393.7, -993.623
6.95369, 381.368, -662.471
3.29884, -778.929, 387.769
3.15214, 1122.48, -489.037
2.515, 2823.76, -477.074
6.0491, 351.776, 30.1196
3.40448, 1039.12, 260.589
5.76029, -642.493, 369.642
4.42907, 79.739, -198.304
3.23766, 1272.3, 1455.58
5.45054, 524.84, 375.384
3.24076, 2649.73, -1273.55
3.2091, -2186.42, -1286.01
4.94257, -324.735, -163.818
3.13015, -265.255, -731.633
5.64635, 680.725, -8.81305
5.60817, 134.48, -19.0653
4.88216, 3168.58, -4375.82
2.64188, 312.884, -98.144
3.21011, 3844.56, -595.91
3.15594, -287.91, -110.987
3.31099, 1451.83, -2181.17
3.76529, -727.854, 197.387
4.77654, -4345.77, 2178.48
6.54472, 96.6929, -512.592
3.57624, 248.111, -240.086
3.75063, 220.814, -24.1831
5.02978, -814.642, -1578.84
6.27922, 144.526, 19.8953
5.66369, -1503.23, -3139.07
5.9449, -2141.5, -1540.27
7.27207, 444.414, -482.815
5.18713, 4535.46, -2301.74
4.57014, 94.352, -1676.13
4.70019, -436.441, -656.674
6.07821, -1696.05, -1777.83
6.20858, -2378.78, -1857.47
5.12494, -3023.55, 2463.59
6.06711, 289.395, 229.779
5.91025, -17.3432, 24.2383
6.82941, 1947.67, -1527.96
3.19597, 629.766, 1628.81
3.57766, 374.669, -246.869
5.0733, 1019, 1858.97
4.83766, 234.522, -33.7716
3.55759, 3375.88, -3441.54
5.65244, -208.268, 377.054
2.5044, 2668.97, -3837.85
4.09589, -664.446, -2621.39
5.90281, 175.962, -40.8971
6.0446, 15.856, 269.263
2.90869, 17.2611, -136.621
3.56926, -676.616, -374.41
4.44412, -215.974, -159.276
4.44927, -3549.47, -1222.22
3.92018, -66.5273, 503.071
4.6123, 194.876, -50.6918
2.55658, -1689.97, -57.7707
3.72027, -4758.43, 2534.45
4.49072, -1782.6, -3228.23
6.64177, -103.591, -287.204
3.78584, 40.0285, 158.298
3.59705, -1286.16, 337.546
6.47385, 147.469, 55.8065
5.8476, 633.685, -273.705
5.49108, 70.4354, 423.209
5.99917, 2404.32, 1523.29
5.13062, 5.35381, -465.231
4.14833, 275.421, 559.147
3.30844, 5121.25, 886.64
6.56633, 83.5418, 138.559
4.08004, 233.697, -406.601
4.05369, 359.195, -0.675778
4.65424, 167.666, 39.2179
4.46509, 462.228, -213.031
4.43916, 630.784, -244.334
4.34871, 125.547, 608.675
5.88118, 60.8146, -81.7728
6.10384, -142.95, -182.247
7.20082, -2177.74, 782.899
5.08573, 245.896, -37.3584
5.5282, -44.8056, -257.218
5.85049, 1457.24, -2174.71
5.11404, 191.732, 382.05
3.87105, 710.584, -334.288
7.08924, 148.31, 39.5359
3.73367, 568.836, -316.524
4.77876, 547.054, 504.706
3.30374, 181.544, 80.4089
4.68319, 101.898, -80.9968
7.45767, 341.244, 47.7146
6.26931, 3334.24, -3338.75
4.97846, -4.46631, -642.125
7.01651, 90.4064, -226.798
4.68213, -723.79, 230.379
5.09239, 1920.05, -1570.45
4.44866, -1668.3, -2634.45
5.63431, 11.9119, 26.8953
5.19331, 225.836, 82.1514
4.35955, -48.5668, 1028.8
2.54674, -469.974, -387.708
6.3794, 167.899, 297.746
2.85317, -580.189, -643.717
3.98511, 147.626, -174.566
4.78581, 326.339, 955.934
3.25156, 491.198, -70.192
5.97819, 199.546, 26.5664
4.15587, -561.584, -639.185
5.21197, -2885.99, 5170.67
2.64678, -2985.76, -1782.05
5.38086, -144.668, 322.803
5.18133, 629.963, 14.29
7.36678, 308.114, -276.234
5.57063, 124.762, 50.9294
5.26431, 2286.77, -3892.51
6.69051, 1309.24, 22.538
3.75764, 227.856, -989.919
6.98957, 71.2013, -74.6354
5.97428, 530.443, 123.574
5.82752, -309.248, 2146.38
3.06838, 208.008, -577.13
3.37987, -1315.99, -781.774
2.91253, -1398.31, 2330.19
6.68103, -105.825, -230.283
2.64818, 296.023, 3114.47
6.34719, 138.241, -84.7209
4.29829, 247.699, -3132.57
6.24626, -362.918, -158.69
6.28385, 185.515, 27.9868
3.60834, 2344.11, -1171.35
5.58305, -76.0222, 182.688
3.66846, 318.621, -51.7965
6.22052, -1.81904, -3090.88
5.80997, -401.807, -907.473
4.9209, -2919.79, 5105.23
2.58972, 938.795, 304.308
4.98291, 212.246, -265.496
5.09587, 154.268, 36.6092
4.71395, 714.159, 2900.55
4.14528, -2168.25, 1215.62
3.52671, 175.003, -42.5468
7.19863, -6.47401, 1312.89
2.85168, 1130.36, 2591.57
3.30042, 532.135, -918.448
6.70788, 465.26, -549.619
4.13614, 320.196, 170.222
6.85942, 839.964, 46.5565
5.99896, 125.114, -152.724
5.52801, -57.193, -326.684
4.77536, 484.778, -496.9
2.91543, 369.614, 1049.01
3.94883, -2963.7, -880.003
6.51009, 501.079, -333.153
6.81821, 18.5208, -533.713
3.81831, -4020.5, 316.47
4.79881, 163.6, -404.955
4.95672, 144.496, 7.544
5.82344, 1424.32, -2205.55
7.31738, 225.17, -86.8934
7.23022, -106.798, -269.368
2.81902, 1550.34, -184.581
5.04829, -896.718, -543.189
6.13222, -58.8516, 6.09295
5.65882, 416.419, -258.001
3.26658, 172.918, 124.387
5.09652, 715.489, 2901.54
3.52281, 5025.17, -1599.17
6.03231, 75.5752, -105.003
6.05786, -1022.59, 5340.37
3.66304, 155.239, -153.7
6.80594, -373.057, -56.678
2.67122, -572.796, 316.598
6.26587, 133.636, 65.1896
4.14789, 172.916, -81.002
4.65309, 4511.76, -1118.53
7.33455, 505.724, 403.668
4.05803, -1642.26, -1638.21
5.69762, -5228.9, -32.9681
5.95386, 149.98, -8.42058
5.36403, -194.181, 427.959
6.60667, -2892.43, 5155.02
4.21807, -3210.03, 1294.22
5.09387, -197.266, 46.2041
6.78438, -68.4579, 380.239
6.18587, 409.191, 1014.32
3.45992, 651.518, -373.044
2.83145, 224.29, 74.8335
3.60828, -3765.26, 2381.7
3.33656, 253.999, 164.767
6.31172, 307.008, 114.627
5.44905, 1455.25, -1941.01
4.65223, -5471, -426.48
7.09618, 1690.41, -132.177
5.09668, -765.88, -1324.62
7.38058, -570.295, 120.727
5.15714, 312.502, 159.621
2.98716, -1080.22, 898.915
5.83983, -665.186, -676.668
5.44444, -575.371, 2497.23
5.01137, 231.791, -238.447
2.75808, 605.48, 1243.46
2.6753, -175.325, 478.814
4.41484, 340.893, 122.695
5.55555, -2330.35, -2686.16
5.06574, -5466.62, -430.224
5.98498, 145.111, -314.749
4.89891, 219.264, 121.213
3.88323, -5550.31, 57.644
6.01685, -244.172, 2710.17
3.67701, 362.16, -79.1951
6.41501, 166.115, -5.17686
6.60589, 1063.91, 385.176
3.21842, 3434.32, 3037.8
5.75757, -334.267, -130.861
3.87677, -917.912, -1553.83
7.26215, 2576.65, -1155.42
4.58238, 359.949, 166.302
3.03869, -35.0137, 237.973
4.70633, 52.6075, 152.283
6.28811, 27.3529, -693.368
2.77803, -271.927, -13.3102
3.51241, 90.3493, -96.8325
6.82305, 223.871, 96.8151
6.52456, 615.061, -81.3628
2.78861, 525.522, 1874.32
4.40304, 112.632, -195.247
4.56124, 317.01, 51.9847
2.80071, -348.729, -59.1039
7.09746, -1149.26, -1085.58
3.35398, 140.73, 73.9259
6.51634, -130.841, -432.118
3.88599, 1955.13, -596.505
4.44586, 9.06486, -83.3288
7.19936, -1873.96, 862.161
6.24573, 133.663, 2797.45
3.44774, 3674.25, -3822.53
6.89581, -75.8634, -239.189
6.8953, 89.856, 53.6471
3.30515, 106.086, -1268.17
5.87346, 840.483, 445.928
6.89096, 141.323, -53.6664
6.98262, -718.893, 3503.71
3.06535, -157.228, -442.395
5.93789, -1271.97, -1085.4
3.21651, 587.02, -577.18
3.6901, -503.215, 124.129
5.64383, 2761.82, -1877.5
4.312, 477.984, -32.8691
4.64437, -1707.15, -1553.87
4.91936, 1543.25, -1747.47
6.20379, -6.16177, 1371.03
3.23098, 358.615, 254.425
7.36238, 87.6254, 74.112
7.3158, -231.184, -123.586
3.14741, 2485.17, -1568.39
5.3784, 56.3448, -167.064
4.66439, 152.338, 109.069
5.50066, 133.799, -95.7221
5.85098, 168.73, -177.684
4.5137, -2898.43, -972.402
6.46691, -1745.27, -1508.21
4.89889, -3307.46, 1722.16
5.72449, -468.024, 616.575
4.28836, 5203.9, -832.67
5.96794, 84.3619, -546.435
5.83428, 549.365, 202.594
3.22071, 161.816, -193.858
7.10415, 6.37338, -225.849
4.22228, 1097.52, 3642.97
6.66824, 347.698, 15.713
2.74349, 75.8701, -733.484
3.27936, 1302.87, -1960.49
2.55765, 82.1527, 161.227
3.94327, 252.463, -51.32
5.07295, 492.393, -516.703
3.65948, 974.77, -3315.99
2.75022, 782.518, 79.9133
5.33091, 64.4695, -45.9814
6.69774, 410.379, 368.694
4.28763, -251.269, -89.6752
4.3452, 120.785, -937.846
7.22226, 138.249, 7.26087
4.72425, -1478.44, 125.429
6.82086, 102.861, -131.658
5.82654, 92.1701, 696.048
5.79297, 72.7131, -410.937
7.10736, 2536.03, -1862.92
5.11536, -3024.74, 2470.12
5.45229, 106.074, 767.164
5.79944, -261.47, -2565.58
4.24765, -1603.45, 1071.15
4.11714, 144.6, 446.44
7.08984, 219.186, 299.499
3.08619, -4440.86, 1650.49
7.31268, -167.41, 76.3151
5.17978, 321.056, -294.309
5.81447, 1457.5, 768.809
5.48362, -4568.38, 2156.9
6.93363, -170.216, -1188.03
6.67999, 261.08, -12.8983
6.69339, 192.255, -47.4947
6.85642, 420.115, -31.4775
2.5002, -290.149, 2209.71
4.77274, -798.532, -2493.57
4.25696, 1719.1, 91.7037
5.80713, 4543.48, -3531.23
6.22234, 608.373, 199.287
3.3821, -936.496, -3993.22
7.4621, -1227.5, 1468.44
5.95466, -311.848, 109.471
6.97862, 185.463, -138.531
3.51579, -1280.5, -377.358
7.2356, 681.523, -2.2639
4.88476, -4264.43, 2248.61
6.78578, -3769.39, 2383.48
6.41237, 406.993, -141.965
5.70687, -2925.21, 2842.52
3.14521, 573.908, 471.36
5.77944, 96.9919, 93.6701
3.09199, 284.029, 11.4139
3.88793, 2580.49, 653.174
6.65548, 186.208, 2405.89
6.14153, 3538.5, 4540.97
6.74348, 3945.48, -2947.54
3.43989, -778.109, -100.249
6.09602, 113.16, 51.51
4.25586, 52.6588, -600.192
3.34555, 138.149, -198.554
4.52383, -4212.76, 509.129
4.20924, 260.726, 20.3634
6.67141, 259.317, 109.992
3.9111, -3219.12, -5218.45
5.16766, 3294.19, 1940.34
6.25085, 960.795, -1714.64
4.62554, 291.881, -66.818
4.66964, 1234.76, 39.1418
3.03022, -3215.47, -2203.49
6.4639, 347.277, -392.643
3.91232, -197.633, 94.8539
7.14264, 3510.59, 5305.47
5.37926, 124.345, -158.102
3.4895, -169.635, 317.584
5.99081, 303.731, -1.97568
3.07265, -115.118, 332.79
4.22945, -110.573, 124.011
4.15646, 517.823, -70.1313
6.42735, -4615.33, 2166.96
6.65775, -62.7688, -94.9965
4.21712, 363.321, 11.3308
4.2603, -741.418, -109.245
6.38197, 158.201, -238.028
6.58658, 697.502, -487.879
4.26157, 420.823, -65.0366
7.09559, 206.631, 30.7806
3.2877, -114.684, -291.287
5.56029, 558.369, 205.986
5.54222, 230.871, -18.0342
3.16647, 2604.77, 2755.76
3.51409, 3286.69, 4520.5
4.79457, -376.859, 5.90668
3.48759, -561.071, 1451.12
6.77118, 526.325, 114.421
6.54562, 575.677, 482.921
2.80131, 2253.44, -1603.92
6.50584, 1436.15, -4189.71
5.49597, 119.667, -420.716
7.43182, 264.052, -40.5511
2.65919, -724.947, 217.107
6.8356, -2824.73, 3393.47
3.69109, -1146.21, -547.598
3.6127, 1506.62, 690.602
4.73907, 5737.39, 2672.81
2.61231, 278.195, -309.37
6.79755, 234.893, 28.4672
4.15902, 467.276, -3641.12
5.72195, 961.986, -320.172
7.43521, 397.156, 58.768
5.30162, 41.9353, 3.81805
4.74553, 147.577, 199.938
5.213, 418.145, 223.819
2.90797, -1577.8, 556.56
3.99606, 1495.49, 2556.99
6.63964, -3268.27, -613.586
6.48936, -3604.34, 1503.53
5.71048, 5.28165, 239.636
4.84105, 377.323, 82.2306
7.15326, 609.49, 1906.82
5.08798, 408.819, -370.991
7.42924, -3719.83, 2365.73
5.94567, 93.6356, -279.813
6.19966, 288.22, 552.918
3.46323, 1258.29, 1299.97
6.08881, 2570.77, -1566.12
6.11146, 1125.83, -59.0621
6.49298, 97.5612, -92.5182
4.23216, -4310.34, 305.522
5.1481, -1527.59, -778.782
3.19001, 1238.39, -551.823
6.73218, 253.029, -26.7522
6.32766, -657.62, -558.634
7.5, -4580.07, 2172.46
4.24891, -6458.62, -2133.13
5.50367, 591.684, -19.9906
3.50808, -389.764, 3018.07
6.2385, -3072.47, 504.004
6.49225, 39.8219, 60.826
3.03505, -670.391, -568.287
5.35813, 268.442, 27.9075
2.84683, -4345.17, 1466.46
4.16036, 133.871, -256.136
5.80945, 289.645, 62.829
5.27726, 401.171, 3367.24
7.12415, 140.662, -84.1921
2.69832, 261.42, 2452.19
2.62083, 913.499, 1120.8
4.61923, 217.988, -154.749
4.36987, -953.796, 168.964
2.93303, 3016.89, 2968.95
3.05403, -108.601, -99.6844
5.31992, -4120.8, 126.909
7.37269, 179.503, 27.916
3.05066, 74.0916, -3279.7
5.99352, -2649.14, -2905.23
2.79674, 148.254, 988.317
4.69755, -88.6178, 7.71773
5.24651, 954.072, 473.293
3.45129, -296.906, 228.003
7.36597, 36.3407, -50.2829
3.19593, 100.62, -86.7276
5.48978, -2666.27, 290.162
7.12812, 270.264, 535.16
3.91116, -1034.17, 218.143
6.8307, 273.948, -566.563
6.29598, 918.773, -1304.33
6.10793, 149.322, -25.9004
3.34241, 35.0229, -496.734
3.32882, 977.08, -2222.9
3.39076, 247.078, 45.2825
5.87226, 134.172, -39.5372
4.83484, 243.067, -99.3594
6.85219, 427.306, 170.39
5.76023, -308.617, -58.0298
5.80464, 1466.09, 767.28
2.58037, -186.174, 559.543
4.30596, 4891.04, 2792.27
3.72747, 198.503, -147.724
6.93086, 374.412, 727.88
5.23701, -6183.54, 108.242
6.57209, -467.7, -480.19
5.24453, -619.54, -27.0615
4.16156, 580.946, -234.039
4.40213, -1611.38, -2856.81
2.52389, 1460.87, 288.06
6.95226, 258.215, -2.92256
6.16955, 874.142, 255.344
6.04239, -569.461, 302.177
5.1278, 1762.9, -2403.52
6.41065, 228.468, 404.162
3.42484, -18.578, -229.407
5.72673, 187.924, -40.6625
3.42178, -24.526, 88.3979
3.31214, -1178.35, 671.606
2.65594, 1234.75, 1341
7.42716, 225.625, -25.5097
4.04559, 90.9822, -231.418
4.11075, -556.48, 7.43353
5.51155, 154.725, -0.42032
2.89107, 4671.66, -801.784
3.93936, 219.769, -143.884
5.79307, 226.626, -456.845
7.36348, -24.9385, -22.5492
7.27758, 3424.73, 1345.53
7.42745, 111.578, 41.1727
7.30478, 77.8208, -44.9931
3.0073, 719.228, 497.226
3.71505, 878.035, -148.328
6.91151, 333.364, -133.249
5.28805, 334.039, 86.3404
6.7669, 163.109, -58.8204
7.49145, -333.942, -117.09
3.99751, -3959.05, 1689.02
6.33157, -7116.75, -2340.26
4.81901, 765.383, -436.525
6.8168, 708.72, -16.8704
6.99018, 256.573, -190.194
7.377, 431.341, 50.7533
2.77405, 160.955, -292.411
6.32605, 361.048, -376.169
5.09219, 1450.09, -2211.18
3.46574, -406.267, -295.701
6.98252, 199.733, -372.738
6.38492, -58.979, -117.594
2.75968, 656.588, -955.177
7.47331, 1396.67, -2275.17
5.93659, 112.367, 85.4078
5.94854, 1475.11, 722.518
6.57666, 2531.15, -1183.81
7.05426, 409.3, -192.717
3.34218, 2149.6, 4300.94
5.24183, 2466.33, -1822.66
6.53351, 238.767, 48.5917
4.17803, -22.6604, 72.6211
5.53435, -442.254, 290.097
6.59602, 1357.32, -2049.45
7.3485, 106.22, -156.813
6.29349, 76.3034, -119.791
3.72113, 143.41, -734.339
5.80589, 131.365, 114.92
4.21574, 868.709, 193.599
7.27146, 160.284, 114.153
2.60828, 2486.3, -2855.41
4.54979, 100.733, 46.8467
2.55789, -3344.22, 3258.98
3.04964, 312.638, 1169.19
5.28259, 608.538, -787.104
4.45466, 255.041, 82.2416
7.20539, 213.802, -214.901
2.55572, 169.192, -266.451
6.22897, 735.27, -1815.22
3.84293, 378.498, 240.703
4.27153, 59.8366, -538.538
3.45835, 5173.5, -5293.36
5.14832, 667.24, 486.832
4.39478, -798.207, -4489.37
3.16407, 272.36, -106.638
4.26563, 321.254, 404.453
4.2497, -4282.25, 2254.89
7.41084, -2143.34, -1518.86
5.25961, -369.989, 41.01
4.99918, -1906.37, -522.851
3.58531, 1372.31, -2030.82
4.37311, -410.57, -563.186
6.78251, 2718.38, 2424.37
6.45578, -2539.76, 5141.88
3.9204, 2506.44, -3109.88
5.07645, 636.88, 148.104
6.79238, 118.549, -153.205
7.07844, 460.755, 40.7081
7.48941, -1742.14, -1514.47
6.53177, 192.163, 256.116
5.22718, 260.291, 103.554
7.3461, 450.434, 608.779
5.31931, 1230.12, 170.93
4.03031, 65.4521, -930.426
5.41853, 427.268, -136.181
2.91197, 261.286, -109.779
5.47382, -39.9672, -38.241
3.31968, 2381.34, 4551.16
6.46527, -225.354, -418.731
2.95373, -578.46, 1404.07
6.3072, 166.465, -375.337
6.83996, 155.919, 38.3038
6.40105, -19.2218, -201.174
6.61399, -1829.01, -319.432
6.70974, 158.453, 79.5934
4.48328, 165.042, -174.884
6.508, 230.152, -20.8015
6.56811, 66.2464, -9.12071
5.43493, 604.018, 1263.47
4.64621, 159.874, 24.9511
2.5002, -845.423, 402.618
5.31153, 14.4139, 31.5583
6.22632, 19.6061, 270.709
3.89846, 2932.17, 1717.13
2.93406, -675.293, -4099.74
3.5733, 538.324, 649.378
3.93296, 146.109, -124.627
4.86595, -483.781, -170.416
6.95893, -1699.42, -1501.52
5.91955, 100.846, 52.1728
3.54376, 192.501, -101.507
6.67533, 240.821, 4.42908
7.09218, 312.967, 361.738
4.48244, -9.44686, 482.39
6.37858, 1643.1, 277.533
5.68161, -64.7347, 73.5918
6.64746, 270.436, -288.988
3.40204, 977.782, 302.789
7.45927, 162.77, 37.4797
6.70558, 41.3649, -160.055
4.65177, 679.404, -423.572
4.38589, 0.660362, -72.6385
2.70802, 286.847, -87.9511
6.80715, -589.809, -894.755
6.62116, -3736.05, 2299.53
6.25052, 1522.22, 1266.08
3.55801, 483.761, -534.025
4.31029, 79.1062, -107.608
4.43545, -223.761, -65.2879
7.32918, -2816.15, -1783.04
6.5872, 518.039, 133.278
4.5755, 1026.63, -194.8
5.83759, -90.9535, 738.091
2.52101, -3633.1, 3723.4
6.98048, -71.6834, -216.44
3.68416, -292.76, 429.543
3.79415, -332.958, -184.496
5.4939, 408.92, 56.0973
6.89823, -313.752, -3.94268
6.16299, 247.137, 19.5815
6.0773, 349.954, -26.1459
3.57724, 5270.77, -236.586
6.30413, -3634.08, 2855.81
3.85351, 194.51, 93.2017
2.75246, 239.272, 0.022089
4.78866, -1507.35, 531.554
2.58759, 457.548, -43.8776
3.01129, 5274.18, -3386.98
2.639, 2109.18, -1220.96
5.65921, 126.459, -222.951
6.34425, 257.791, -32.1366
2.74132, 583.18, 153.015
6.6924, 507.902, 879.555
6.76899, 59.1224, -136.683
6.57649, -219.909, 607.247
6.85188, 313.581, -3798.65
5.27222, 51.7688, 30.1018
6.12646, 17.9036, 1012.67
3.20424, -3951.95, 3274.08
6.6115, 6.11523, -138.148
5.51185, -2333.94, -2686.72
4.93856, 146.174, 214.808
6.14942, -220.351, -308.744
4.05164, -1699.76, 1016.25
3.93925, 127.71, 227.423
5.45857, 1966.7, -2430.7
5.34055, -2691.82, 1463.55
5.41059, 2420.77, 1868.83
2.84132, -287.381, 431.325
4.34304, -1646.13, -279.277
6.28475, -41.0457, 339.68
6.35297, 701.727, 2650.92
4.27217, 153.454, 693.504
5.98913, -22.1028, -25.5751
5.08005, 1749.77, 1055.31
5.94494, 382.778, -262.257
6.18066, -1648.7, -1173.68
2.56231, -2413.38, -1667.64
7.16549, 287.519, -81.9843
5.37826, 400.277, 268.561
3.05587, 596.652, 645.248
4.87388, 311.306, 180.588
3.24247, 1648.48, -502.329
4.22594, -7490.75, -1682.62
7.04476, 240.828, -23.6484
4.54571, 2518.57, -1111.86
5.96642, 256.651, -123.19
3.35865, 153.576, -226.72
6.21715, -4068.9, 1439.66
4.16319, 209.709, -270.545
4.62157, 226.04, 210.226
2.79523, 170.905, 741.159
5.09005, 153.479, -97.8291
5.94425, -147.367, 330.016
5.01149, 153.678, -65.1165
6.56617, 130.796, 45.0885
3.07974, 101.512, -206.55
5.24841, 1137.31, -137.245
5.06046, 145.394, 293.613
6.02649, -1675.38, -1482.42
5.65083, 135.321, 63.1109
4.0207, 655.807, 305.271
6.74719, 104.486, -133.727
3.39619, 1272.27, -2048.35
2.61737, 174.638, -76.8752
4.19467, 101.523, 24.9224
3.43818, -1785.11, -1329.49
6.60467, 242.364, 177.02
6.72507, 120.015, 2718.01
6.78031, -2763.61, 1527.87
7.37454, 348.066, -498.444
2.99587, 284.13, 686.361
2.56182, -3360.66, -2561.06
2.58614, 470.365, 571.368
2.64527, -312.401, 317.337
4.1031, -1706.16, -1598
6.17815, -2787.34, 1631.18
3.14876, 25.0137, -30.3588
2.5161, -2339.99, -437.82
6.91905, 168.478, -68.6978
3.70482, 372.411, -286.419
4.38481, 404.535, 953.664
4.44879, 352.665, 325.694
2.81534, 3144.27, 1198.95
7.30792, 120.216, 75.5823
3.75349, 163.762, -111.416
6.85376, 330.014, 151.775
2.85991, 2567.11, -3501.54
2.70653, 3269.06, -2143.43
3.46378, -367.934, 51.9494
3.86708, -1747.08, -1871.62
7.4007, 119.288, -78.4121
3.60607, 1022.07, -4347.83
6.43119, 1455.54, -2178.02
4.42306, -94.0649, 1161.46
3.78593, -2530.3, 2870.59
3.91087, 530.935, 316.379
7.33834, 696.02, 46.8932
4.22841, -76.9628, -244.861
3.45922, -461.858, -569.213
5.05037, 268.477, -163.67
5.21857, 990.04, -3892.39
5.72333, 895.703, 88.3521
3.89738, -448.341, 210.372
3.41887, 625.151, -329.228
2.71579, 1989.41, -2327.98
3.98408, 625.017, 99.6013
4.25548, 1172.39, -654.94
7.09372, 87.1621, -27.6364
5.81225, 343.603, 130.25
5.08041, -1700.16, -1533.36
4.03763, 182.541, 21.1089
3.0007, 1687.9, 1802.28
3.47502, 156.611, 37.9619
4.11407, 2689.37, 2805.47
5.56182, 678.536, 305.082
5.13511, 2267.67, -1041.83
3.45653, -249.873, 861.895
4.7178, 4696.09, 2737.01
4.48693, 5412.86, -1055.6
6.28051, -5.1657, -314.736
6.6213, 351.121, 5.65504
5.51573, 269.215, -462.479
3.04573, 128.447, 145.003
4.11797, 2181.1, -568.932
5.03403, 136.357, 68.9168
4.76521, 10.9006, 413.943
4.77315, 222.385, -246.506
4.91125, 521.767, -100.28
5.07896, -3796.37, 669.503
4.50207, -1919.29, -1008.02
4.22945, -478.449, -498.971
6.64533, 276.546, 397.688
3.02204, 2116.81, -1251.87
6.40057, 248.654, 12.0947
3.19919, 848.809, -287.454
2.62171, 3262.34, 3722.97
6.0664, -182.79, 1176.35
7.15538, 317.99, -328.492
7.47667, 304.681, 165.191
3.86264, 97.396, -140.015
3.6923, -1749.01, 377.895
3.87328, -353.845, -2695.6
5.70836, -7.65867, -215.73
5.17637, 327.524, -4.09885
6.8967, -2406.81, 4184.42
6.75968, -4.365, -237.948
2.98004, 115.31, -415.945
4.66818, 179.248, 100.592
3.17045, -474.347, 263.077
5.86802, 147.358, 31.4621
5.34964, -139.318, -681.167
3.66474, 97.2554, -1130.06
5.50306, 140.138, -1.32144
2.6551, 28.2168, -55.9729
7.08512, 256.014, 89.5848
3.82958, 260.104, -456.749
6.50016, 115.631, 20.5365
5.46389, 251.928, -149.843
5.0822, 164.297, -89.1561
5.2567, 1575.98, -819.613
3.47225, 580.345, -324.601
5.36152, -2533.66, -126.565
3.81992, -542.34, 5582.53
4.41648, 2300.7, -4806.47
2.73626, -465.962, -478.573
4.22823, 119.959, 30.3289
3.61594, -2567.4, 6075.7
3.81264, -137.114, -230.084
3.05141, -122.433, 62.8294
7.40088, 242.663, 155.583
5.93794, 379.245, -70.012
5.82158, -98.6654, -242.287
5.99501, 366.542, 367.325
2.68746, 167.616, 12.4866
3.6706, 136.55, -93.7781
3.95397, -4639.45, -6985.42
3.50543, 75.1835, 266.005
2.7177, -2243.49, 3312.97
2.56571, 69.3381, 125.69
6.07297, 5021.97, -1605.6
6.88348, -233.015, -272.213
5.35088, 1533.52, -2893.8
6.92743, -2536.53, -2878.02
5.20042, -1229.7, -172.801
3.31357, -1595.96, 283.746
3.30492, -2375.9, -1838.54
7.19182, 227.66, -256.376
3.45628, -81.1629, -207.879
3.15761, -2592.42, -207.116
4.41122, 11.9344, 134.946
6.12674, -583.867, 2505.56
2.50651, -5467.73, -436.729
4.60222, 3893.49, -2220.59
5.18984, -245.291, -59.7543
4.86596, -908.849, -594.704
6.33003, 308.509, -662.506
2.9396, -800.131, -553.271
7.04284, 289.034, -31.4808
3.20818, -512.839, 63.1266
2.54782, 89.0459, 630.311
2.82267, 421.215, 3.59756
4.96742, 216.64, -68.8109
5.40914, 111.871, 14.3138
4.03373, 3194.51, -5616.09
4.57091, 459.564, 384.423
4.33401, 1247.33, 1511.58
3.42687, 344.037, -2209.28
2.76788, -2279.81, -2189.34
4.47222, 282.389, -263.357
3.98388, -814.568, -1029.02
5.05388, -305.039, 34.8568
3.75392, 1945.53, -3207.01
5.01589, -939.013, 1715.92
2.51168, 791.52, -632.152
7.01807, -4577.88, 2167.95
2.79181, 2884.45, 2903.78
5.17506, 99.7954, 2739.89
3.95754, 2337.29, -1070.61
7.3023, 24.405, 57.5709
4.73406, -2827.53, -1144.13
5.08479, -124.204, -223.452
5.93861, 317.68, 64.7582
2.72187, -55.5908, 554.992
7.2946, 3166.64, -2324.24
5.70852, 457.747, -202.707
2.80215, 105.792, 11.0819
3.33964, 130.173, -176.78
5.76491, 366.845, -406.061
6.19864, -294.943, 2160.84
3.57011, -340.698, -418.377
4.31441, 586.141, -1785.97
6.56981, -209.861, 374.155
5.32057, 326.934, 21.8411
7.45886, 247.978, -34.5408
6.5669, 166.693, -373.159
3.49157, 2821.89, -3627.45
2.50003, 356.804, -92.31
4.62608, -2818.59, 3397.31
4.07406, 1692.2, 1075.07
5.56218, -3052.91, 475.038
3.83351, 107.344, -7.56647
4.39881, 1270.09, 564.979
5.43397, 173.35, 97.0937
5.95636, -1517.21, -215.021
7.26736, 172.039, -10.1412
4.89785, -117.868, 954.853
3.60319, 150.126, -254.19
5.33741, 899.23, 632.819
6.09873, 101.986, -141.305
4.4953, 1815.97, -21.1862
3.48326, 157.554, -190.697
6.66971, -37.4783, -177.156
5.59561, -0.609915, -739.994
7.26866, 253.814, -109.44
3.23222, -392.549, -8.58177
5.38953, 415.943, -95.3631
7.26796, 301.563, 24.9915
3.62331, -4552.88, 2126.97
7.25137, 124.564, 70.8472
3.07874, 1172.39, -543.22
2.58372, 675.549, 317.069
3.90465, -253.984, 513.032
7.15042, -193.986, -153.977
3.04796, -883.131, -421.253
6.77266, -81.3077, -228.625
5.68532, 160.349, 201.295
5.63853, 217.416, 56.814
3.80589, -640.016, 1368.7
5.13936, -600.951, 208.81
7.16608, 1518.34, 664.39
3.98055, -1149.9, 162.156
4.78006, 235.345, 26.9589
6.35659, -853.211, 3867.04
4.17193, -1619.2, -2833.23
6.31775, 227.791, -55.6375
6.65892, -1905.21, 2092.78
2.64618, 2097.67, -1297.39
4.31315, -289.102, -564.532
4.16221, 299.457, 114.776
3.17675, 1631.21, 1543.97
3.00839, 1092.61, -3345.3
5.11327, 415.961, 228.781
3.52046, 122.231, 245.952
5.00728, 214.836, 398.466
5.1371, -4073.71, 2687.2
4.13422, 86.8124, -196.606
4.75888, -76.1288, 671.136
6.85263, 558.1, -227.804
4.72884, 1.09389, 95.3105
6.03726, -58.6206, -176.127
6.83171, -1687.03, 331.336
6.5822, 682.006, -646.076
2.67504, -3179.8, -1240.15
3.8644, -722.838, 1918.54
5.21858, -1199.21, 797.713
3.19942, 3243.77, -551.289
5.57408, 116.262, -6.25195
3.29182, 220.938, 193.7
4.41129, 603.481, -163.507
5.94997, -250.767, -269.322
3.21128, 3324.8, -14.901
5.65284, -243.698, -57.0474
3.15973, -2753.93, -1461.65
7.13583, 428.856, 173.63
5.53465, 4392.59, -6713.05
5.50388, 174.388, 334.992
3.33635, 128.297, 28.3579
3.301, -1170.2, 1799.7
5.91628, 257.077, 168.498
5.1456, 311.986, -145.3
3.65264, -1781.08, 1001.15
6.55373, 97.3644, -97.2151
5.76477, 140.884, -210.523
4.08597, 102.814, 623.001
2.53953, 109.604, 542.548
3.49176, 120.072, 113.144
3.78831, -17.132, -251.746
3.03825, -86.2679, -345.345
3.49545, 348.742, -442.386
6.75079, -4725.26, 2525
6.63912, 233.24, -26.2222
6.76813, 179.245, 26.352
5.71027, 215.829, 65.6837
3.6787, -2423.68, 2517
6.80638, 74.1949, -6.30146
5.4745, -134.949, -353.302
2.52745, -1662.37, -1249.46
6.84925, -403.869, -907.637
7.37729, 386.567, -146.259
5.59653, -1696.84, -1498.3
3.85574, 574.459, 171.584
7.46973, 214.096, 16.165
4.60751, -1126.24, -446.652
4.20537, -426.195, 22.9058
4.80717, 191.175, 19.0512
4.44822, -930.008, -2556.34
4.613, -3994.58, -770.8
2.84879, 335.458, -355.007
5.5153, 386.484, -287.525
7.36114, 577.288, 61.9695
5.07406, 268.577, -333.775
7.45461, 196.499, -35.7052
5.84906, -2127.91, -5015.9
4.01716, 203.218, 175.839
3.47371, 347.202, -25.0476
4.0109, -280.188, -207.357
4.93946, -36.8541, 112.518
4.72438, 47.6881, -7.46807
5.7844, -527.656, 111.599
3.74227, 4891.22, 2793.6
4.72007, -1220.48, -1006.72
5.75894, 315.547, 107.865
6.67472, 107.171, -201.128
6.03698, 205.029, 368.31
4.93928, 275.53, -377.03
6.72039, -97.042, -97.1724
7.00296, 735.835, -690.742
6.33082, -247.045, 64.5083
5.29453, 470.38, 439.379
2.70603, -672.9, 136.38
5.46749, 527.925, 173.617
2.68674, 47.6071, -3342.28
4.53488, -433.534, 553.002
2.84243, 595.724, -26.0649
7.38558, 258.541, 195.818
2.5956, 1723.45, 2653.49
6.60363, 78.0348, -175.507
5.2195, 3274.75, -2711.77
5.72828, 558.418, -265.201
3.62934, -539.965, -86.5649
2.733, 480.259, 2696.35
3.63154, 354.656, 539.149
4.58371, 19.1286, -2264.56
6.40126, 425.337, 58.9394
3.72852, 1358.28, -2047.92
4.81411, 273.57, 158.553
6.14756, -675.548, -127.433
5.35237, 4541.71, -617.828
5.45997, -53.8221, -210.116
4.98425, -794.629, -227.614
3.951, 151.577, 74.2047
4.71107, 100.02, 487.942
2.53669, -2550.78, 5618.63
7.41683, 221.684, -95.0872
2.52822, -3.69574, -143.987
4.8676, 1830.49, 661.469
5.86497, 3088.96, 5264.22
