6.27803, -2720.59, 1584.03
3.5948, 73.5594, 1390.83
5.89648, 253.318, 32.4523
5.09708, 222.751, -349.154
2.76731, 5015.49, -5192.08
2.53849, -1631.01, 1820.69
4.58743, 7021.35, 4149.3
7.15218, 185.885, 120.571
2.95982, -300.97, 513.382
6.00595, -36.1762, -96.8505
3.81226, 594.392, 49.5585
4.14117, 284.279, -129.455
7.45519, 785.446, -305.926
7.41275, 148.282, -95.3532
5.75759, 326.956, 2.34535
6.92354, 77.967, -16.6211
6.33247, 633.03, 52.0617
3.87453, -2101.61, -689.446
4.93259, -1263, -910.087
2.80282, -6345.04, 1531.53
5.08146, 217.932, 137.041
4.96988, -4470.03, 1617.38
7.23882, 626.128, -252.886
4.42071, 137.778, 37.6289
5.14874, -3439.78, 926.45
2.75042, -314.422, 4500.26
6.63909, -477.623, 21.9894
5.94228, 269.385, 60.0553
6.18112, 493.902, 10.9462
6.94286, -3376.7, -3005.22
4.25508, -418.859, 569.435
6.72991, 152.671, -187.772
3.84659, 129.491, 77.9709
4.83959, -238.663, 662.017
3.2686, 581.66, -107.438
2.66527, 145.771, -31.3027
7.2768, -1388.99, -987.128
6.95369, 377.003, -687.558
3.29884, -818.259, 369.478
3.15214, 1037.99, -431.59
2.515, 2760.88, -462.994
6.0491, 318.986, 96.6268
3.40448, 1071.6, 260.046
5.76029, -583.272, 371.393
4.42907, 213.382, -162.933
3.23766, 1255.57, 1448.76
5.45054, 447.248, 352.906
3.24076, 2599.46, -1252.28
3.2091, -2147.75, -1268.5
4.94257, -265.538, -141.186
3.13015, -325.618, -716.04
5.64635, 604.552, -23.6413
5.60817, 160.668, 81.9194
4.88216, 3089.33, -4267.07
2.64188, 420.251, -9.82941
3.21011, 3753.01, -586.728
3.15594, -312.684, -151.538
3.31099, 1420.75, -2148.64
3.76529, -746.157, 186.521
4.77654, -4228.23, 2131.07
6.54472, 107.612, -409.659
3.57624, 175.403, -230.165
3.75063, 131.463, -33.4748
5.02978, -767.62, -1507.43
6.27922, 122.355, 39.811
5.66369, -1464.12, -3070.13
5.9449, -2104.49, -1517.03
7.27207, 467.368, -446.014
5.18713, 4418.22, -2242.72
4.57014, 91.0858, -1586.84
4.70019, -430.582, -656.047
6.07821, -1668.21, -1762.92
6.20858, -2331.82, -1825.6
5.12494, -2949.53, 2417.34
6.06711, 339.108, 199.83
5.91025, 45.5659, 59.2085
6.82941, 1916.81, -1496.29
3.19597, 644.557, 1605.91
3.57766, 428.359, -227.37
5.0733, 983.037, 1801.46
4.83766, 201.255, 100.662
3.55759, 3287.96, -3352.69
5.65244, -176.983, 349.953
2.5044, 2600.17, -3738.1
4.09589, -644.667, -2588.86
5.90281, 295.007, -31.2188
6.0446, -40.6832, 269.73
2.90869, 32.0637, -174.215
3.56926, -703.443, -362.279
4.44412, -190.493, -123.391
4.44927, -3474.83, -1199.33
3.92018, -57.9361, 455.659
4.6123, 200.022, -120.096
2.55658, -1606.74, -47.4532
3.72027, -4630.05, 2467.04
4.49072, -1729.78, -3163.22
6.64177, -181.005, -310.614
3.78584, -3.39452, 256.248
3.59705, -1285.18, 305.772
6.47385, 137.885, 36.2208
5.8476, 515.739, -234.627
5.49108, 47.6112, 346.835
5.99917, 2362.58, 1488.91
5.13062, -2.2098, -448.688
4.14833, 280.228, 596.849
3.30844, 4976.15, 860.501
6.56633, 113.942, 137.638
4.08004, 242.173, -323.501
4.05369, 211.243, -36.9336
4.65424, 120.725, -22.1901
4.46509, 394.306, -205.721
4.43916, 631.302, -212.565
4.34871, 109.404, 646.121
5.88118, 151.025, 7.23712
6.10384, -121.365, -104.304
7.20082, -2144.15, 757.798
5.08573, 345.704, 3.37386
5.5282, 36.4954, -213.524
5.85049, 1424.67, -2144.29
5.11404, 167.19, 380.424
3.87105, 703.111, -382.719
7.08924, 109.22, -19.4414
3.73367, 528.41, -326.282
4.77876, 522.45, 570.084
3.30374, 221.978, 34.0409
4.68319, 99.7539, 0.711891
7.45767, 185.904, 68.3786
6.26931, 3241.1, -3259.65
4.97846, -8.81061, -582.764
7.01651, 104.089, -245.463
4.68213, -744.543, 219.499
5.09239, 1884.71, -1552.81
4.44866, -1638.79, -2577.48
5.63431, -55.0872, 35.2326
5.19331, 234.132, 13.113
4.35955, -65.3782, 1002.13
2.54674, -493.258, -326.34
6.3794, 225.281, 305.433
2.85317, -560.892, -636.675
3.98511, 154.772, -75.6539
4.78581, 350.402, 869.942
3.25156, 410.865, -100.99
5.97819, 163.093, 147.174
4.15587, -566.936, -627.85
5.21197, -2816.69, 5017.97
2.64678, -2926.97, -1727.87
5.38086, -159.614, 333.14
5.18133, 656.955, -17.6342
7.36678, 194.57, -301.73
5.57063, 146.772, 23.9846
5.26431, 2232.45, -3792.17
6.69051, 1304.32, 48.4889
3.75764, 199.017, -955.23
6.98957, 15.8629, -93.834
5.97428, 533.991, 76.38
5.82752, -284.63, 2112.84
3.06838, 170.522, -534.389
3.37987, -1268.18, -784.043
2.91253, -1352.07, 2263.27
6.68103, -71.5276, -285.896
2.64818, 254.518, 3029.2
6.34719, 270.933, -117.417
4.29829, 249.081, -3065.86
6.24626, -254.1, -113.915
6.28385, 173.446, 83.989
3.60834, 2322.77, -1142.6
5.58305, -0.939555, 149.575
3.66846, 185.29, -64.5676
6.22052, 1.9853, -3023.7
5.80997, -408.866, -902.438
4.9209, -2855.79, 4977.12
2.58972, 941.256, 268.784
4.98291, 213.32, -242.822
5.09587, 106.65, -13.016
4.71395, 716.658, 2842.66
4.14528, -2132.76, 1178.49
3.52671, 186.093, -23.5867
7.19863, -10.2571, 1326.09
2.85168, 1126.36, 2532.27
3.30042, 539.364, -870.52
6.70788, 473.738, -603.401
4.13614, 263.63, 148.499
6.85942, 879.836, 66.2029
5.99896, 161.845, -88.6129
5.52801, -134.791, -277.522
4.77536, 424.729, -488.43
2.91543, 433.539, 1045.43
3.94883, -2900.77, -878.888
6.51009, 498.397, -342.332
6.81821, -7.11584, -415.206
3.81831, -3927.55, 309.226
4.79881, 53.6833, -420.456
4.95672, 198.44, 55.6542
5.82344, 1410.5, -2159.84
7.31738, 193.784, -195.719
7.23022, -80.7152, -246.818
2.81902, 1531.67, -212.413
5.04829, -904.34, -530.778
6.13222, 1.37529, -45.9546
5.65882, 403.956, -288.891
3.26658, 273.99, 151.474
5.09652, 715.252, 2840.73
3.52281, 4897.44, -1562.37
6.03231, 80.2983, -27.2015
6.05786, -991.328, 5206.44
3.66304, 204.701, -283.047
6.80594, -378.473, -55.3527
2.67122, -630.566, 299.178
6.26587, 11.9124, 118.589
4.14789, 76.3119, -156.107
4.65309, 4397.17, -1083.13
7.33455, 510.919, 423.826
4.05803, -1628.41, -1615.38
5.69762, -5099.58, -28.4166
5.95386, 157.926, 54.3067
5.36403, -134.794, 403.608
6.60667, -2805.56, 5030.3
4.21807, -3135.24, 1271.71
5.09387, -139.345, 64.691
6.78438, -93.7958, 281.022
6.18587, 434.73, 1025.58
3.45992, 517.906, -309.704
2.83145, 170.483, 82.8539
3.60828, -3668.48, 2327.21
3.33656, 252.927, 113.658
6.31172, 262.481, 38.1091
5.44905, 1423.66, -1908.53
4.65223, -5332.42, -427.1
7.09618, 1685.47, -144.076
5.09668, -735.088, -1294.75
7.38058, -532.879, 124.51
5.15714, 258.861, 155.331
2.98716, -1065.01, 921.237
5.83983, -653.384, -672.388
5.44444, -586.281, 2454.26
5.01137, 206.651, -225.694
2.75808, 637.961, 1216.81
2.6753, -162.545, 459.472
4.41484, 286.341, -6.44269
5.55555, -2273.79, -2634.95
5.06574, -5336.12, -424.952
5.98498, 190.69, -256.635
4.89891, 308.962, 79.6832
3.88323, -5403.64, 59.3458
6.01685, -236.368, 2660.11
3.67701, 304.686, 0.966918
6.41501, 63.8161, -44.7166
6.60589, 1101.23, 360.662
3.21842, 3340.59, 2966.28
5.75757, -311.917, -92.3153
3.87677, -862.302, -1518.06
7.26215, 2509.45, -1152.14
4.58238, 276.14, 86.4954
3.03869, -123.653, 219.841
4.70633, 100.171, 87.1253
6.28811, 17.2966, -666.335
2.77803, -241.966, -56.2374
3.51241, 38.0904, -56.545
6.82305, 248.801, -5.65154
6.52456, 571.93, -81.4801
2.78861, 516.416, 1853.75
4.40304, 77.1846, -111.301
4.56124, 232.548, 53.8555
2.80071, -203.815, 3.28997
7.09746, -1144.14, -1087.18
3.35398, 76.2569, 94.6181
6.51634, -150.705, -387.374
3.88599, 1857.78, -576.447
4.44586, 24.5704, -76.4747
7.19936, -1847.31, 829.532
6.24573, 139.073, 2741.84
3.44774, 3567.36, -3724.16
6.89581, -74.4042, -263.045
6.8953, 148.051, -15.9455
3.30515, 95.2791, -1204.94
5.87346, 872.868, 443.689
6.89096, 238.015, -85.3872
6.98262, -712.537, 3421.87
3.06535, -149.348, -453.197
5.93789, -1201.68, -1041.21
3.21651, 626.524, -535.702
3.6901, -432.825, 90.2262
5.64383, 2702.1, -1835.37
4.312, 465.335, 13.0175
4.64437, -1658.76, -1485.51
4.91936, 1517.87, -1712.11
6.20379, -10.1618, 1307.95
3.23098, 282.488, 269.596
7.36238, 72.8389, 52.4182
7.3158, -216.174, -134.512
3.14741, 2439.28, -1540.37
5.3784, 1.29456, -158.435
4.66439, 224.114, 221.244
5.50066, 162.976, -155.734
5.85098, 169.639, -220.206
4.5137, -2837.41, -949.115
6.46691, -1723.73, -1501.36
4.89889, -3223.97, 1691.81
5.72449, -503.872, 635.885
4.28836, 5067.38, -813.632
5.96794, 95.3375, -482.469
5.83428, 443.488, 150.591
3.22071, 103.715, -172.548
7.10415, -60.7439, -221.794
4.22228, 1080.07, 3561.23
6.66824, 337.373, 1.99446
2.74349, 69.3301, -673.028
3.27936, 1270.23, -1909.35
2.55765, 147.762, 190.095
3.94327, 203.459, -33.7311
5.07295, 515.661, -530.758
3.65948, 943.91, -3247.21
2.75022, 768.479, 158.31
5.33091, -6.76759, -95.6137
6.69774, 324.182, 405.038
4.28763, -286.039, -161.979
4.3452, 119.654, -910.717
7.22226, 125.364, 49.9243
4.72425, -1479.85, 137.752
6.82086, 105.662, -154.403
5.82654, 70.947, 722.109
5.79297, 115.136, -452.926
7.10736, 2488.06, -1832.57
5.11536, -2958.76, 2413.89
5.45229, 132.519, 732.63
5.79944, -264.935, -2518.39
4.24765, -1588.47, 1059.11
4.11714, 96.8429, 405.276
7.08984, 204.943, 168.042
3.08619, -4335.45, 1601.92
7.31268, -93.3978, 23.267
5.17978, 295.017, -256.134
5.81447, 1416.16, 733.396
5.48362, -4437.85, 2095.34
6.93363, -196.406, -1179.2
6.67999, 328.581, -15.654
6.69339, 222.622, -30.5408
6.85642, 459.561, -83.2545
2.5002, -276.77, 2165.66
4.77274, -761.609, -2391.27
4.25696, 1717.72, 87.2739
5.80713, 4420.73, -3444.02
6.22234, 673.093, 140.371
3.3821, -919.168, -3897.73
7.4621, -1213.31, 1456.83
5.95466, -365.901, 102.651
6.97862, 305.361, -85.6951
3.51579, -1263.76, -359.37
7.2356, 620.417, -81.233
4.88476, -4158.19, 2195.67
6.78578, -3665.87, 2324.11
6.41237, 486.366, -73.1544
5.70687, -2859.05, 2777.55
3.14521, 549.832, 528.434
5.77944, 144.612, 155.157
3.09199, 263.179, -53.1873
3.88793, 2536.42, 633.821
6.65548, 196.903, 2366.19
6.14153, 3450.87, 4426.68
6.74348, 3847.39, -2873.82
3.43989, -795.909, -149.1
6.09602, 187.356, 31.3045
4.25586, 79.7236, -562.676
3.34555, 144.25, -269.611
4.52383, -4105.1, 499.396
4.20924, 177.051, -43.172
6.67141, 340.128, 1.15593
3.9111, -3133.84, -5080.13
5.16766, 3204.24, 1893.54
6.25085, 930.688, -1660.59
4.62554, 176.724, -111.391
4.66964, 1258.7, 26.6152
3.03022, -3149.2, -2140.92
6.4639, 370.643, -366.12
3.91232, -233.511, 147.179
7.14264, 3425.03, 5158.84
5.37926, 179.192, -151.735
3.4895, -103.774, 347.618
5.99081, 215.721, 33.1202
3.07265, -210.71, 305.432
4.22945, -89.3979, 234.78
4.15646, 525.726, -131.909
6.42735, -4500.99, 2115.41
6.65775, 8.55421, -106.824
4.21712, 459.032, -88.6546
4.2603, -725.654, -110.838
6.38197, 94.8081, -201.716
6.58658, 731.226, -473.204
4.26157, 456.308, 49.6073
7.09559, 127.565, 35.699
3.2877, -108.772, -285.515
5.56029, 634.807, 170.492
5.54222, 243.953, -36.6576
3.16647, 2542.98, 2701.8
3.51409, 3200.91, 4408.19
4.79457, -380.068, 26.363
3.48759, -585.408, 1427.1
6.77118, 467.951, 65.9154
6.54562, 504.994, 402.525
2.80131, 2199.84, -1579.02
6.50584, 1403.72, -4091.63
5.49597, 154.459, -450.601
7.43182, 258.39, -139.959
2.65919, -761.699, 242.823
6.8356, -2750.11, 3321.77
3.69109, -1044.36, -524.911
3.6127, 1430.26, 656.737
4.73907, 5588.28, 2602.89
2.61231, 197.784, -367.751
6.79755, 145.589, -63.0337
4.15902, 465.067, -3575.25
5.72195, 956.599, -305.008
7.43521, 310.169, 25.9781
5.30162, 47.4811, 94.1257
4.74553, 165.166, 151.668
5.213, 449.344, 173.688
2.90797, -1474.73, 521.202
3.99606, 1483.38, 2500.95
6.63964, -3201.52, -602.797
6.48936, -3511.27, 1458.21
5.71048, -53.1378, 234.513
4.84105, 310.258, 78.7489
7.15326, 607.365, 1890.08
5.08798, 385.759, -280.301
7.42924, -3634.89, 2304.66
5.94567, 182.159, -209.677
6.19966, 293.868, 548.148
3.46323, 1255.73, 1277.92
6.08881, 2513.69, -1544.51
6.11146, 1131.66, -8.90102
6.49298, 146.757, -63.2809
4.23216, -4207.36, 301.878
5.1481, -1450.09, -730.341
3.19001, 1223.54, -580.443
6.73218, 136.821, -24.419
6.32766, -677.969, -554.723
7.5, -4479.02, 2104.37
4.24891, -6285.07, -2081.11
5.50367, 688.717, -9.57368
3.50808, -377.728, 2964.31
6.2385, -3010.22, 499.378
6.49225, -64.1983, 3.5537
3.03505, -625.392, -582.002
5.35813, 308.918, -32.5114
2.84683, -4247.39, 1437.22
4.16036, 165.044, -328.125
5.80945, 267.033, 55.9137
5.27726, 398.298, 3295.81
7.12415, 108.995, -209.203
2.69832, 250.86, 2407.94
2.62083, 924.982, 1124.85
4.61923, 204.533, -142.242
4.36987, -944.082, 137.953
2.93303, 2940.08, 2892.47
3.05403, -30.8908, -81.9014
5.31992, -4015.64, 124.294
7.37269, 135.909, 35.1662
3.05066, 65.9672, -3214.09
5.99352, -2593.67, -2846.96
2.79674, 161.212, 1020.72
4.69755, -153.845, 74.1848
5.24651, 910.21, 453.171
3.45129, -297.553, 205.792
7.36597, 73.736, 27.5325
3.19593, 143.529, -45.0651
5.48978, -2614.35, 291.652
7.12812, 245.428, 495.219
3.91116, -967.338, 199.732
6.8307, 221.673, -551.695
6.29598, 920.827, -1299.05
6.10793, 129.736, 100.125
3.34241, 0.65777, -545.617
3.32882, 930.623, -2177.32
3.39076, 199.478, 85.8064
5.87226, 116.214, 49.5268
4.83484, 322.674, -170.89
6.85219, 429.216, 225.558
5.76023, -248.671, -113.129
5.80464, 1419.71, 732.866
2.58037, -212.596, 575.473
4.30596, 4769.37, 2727.97
3.72747, 204.767, -278.554
6.93086, 405.25, 764.069
5.23701, -6025.23, 104.815
6.57209, -445.956, -480.91
5.24453, -668.968, -45.6578
4.16156, 518.258, -206.932
4.40213, -1588.84, -2796.48
2.52389, 1383.87, 270.904
6.95226, 314.136, -50.9553
6.16955, 844.961, 252.22
6.04239, -585.038, 301.471
5.1278, 1736.89, -2350.17
6.41065, 212.728, 362.107
3.42484, -74.7348, -175.882
5.72673, 189.921, -17.2584
3.42178, -44.499, 92.04
3.31214, -1185.73, 665.976
2.65594, 1235.95, 1313.78
7.42716, 236.653, -33.1414
4.04559, 144.849, -254.007
4.11075, -572.861, 16.6029
5.51155, 167.516, 65.4157
2.89107, 4545.6, -773.677
3.93936, 328.553, -79.1948
5.79307, 258.102, -538.206
7.36348, 91.2462, -11.0348
7.27758, 3343.52, 1310.09
7.42745, 183.302, 101.381
7.30478, 112.474, -13.1559
3.0073, 665.084, 530.243
3.71505, 905.257, -165.272
6.91151, 200.185, -120.553
5.28805, 351.831, 91.8621
6.7669, 146.622, -65.5142
7.49145, -305.046, -116.141
3.99751, -3854.29, 1658.9
6.33157, -6926.53, -2281.59
4.81901, 728.386, -330.54
6.8168, 741.321, -6.92012
6.99018, 229.588, -248.907
7.377, 290.467, 15.271
2.77405, 96.5507, -190.699
6.32605, 428.223, -328.414
5.09219, 1443.28, -2176.83
3.46574, -350.935, -335.938
6.98252, 179.923, -424.103
6.38492, -34.9683, -66.804
2.75968, 635.533, -867.568
7.47331, 1374.77, -2228.56
5.93659, 169.589, 150.362
5.94854, 1434.08, 686.383
6.57666, 2475.61, -1147.81
7.05426, 432.857, -211.914
3.34218, 2089.44, 4199.74
5.24183, 2418.33, -1776.54
6.53351, 263.276, -6.09393
4.17803, -13.9904, 46.5765
5.53435, -467.781, 229.297
6.59602, 1314.83, -2018.26
7.3485, 44.9034, -101.613
6.29349, 62.4503, -171.092
3.72113, 153.665, -658.447
5.80589, 87.2225, 21.1972
4.21574, 895.598, 224.83
7.27146, 237.583, 97.1688
2.60828, 2415.91, -2797.25
4.54979, 247.412, 58.4647
2.55789, -3233.69, 3180.05
3.04964, 309.228, 1106
5.28259, 631.743, -821.065
4.45466, 222.018, 138.862
7.20539, 192.456, -237.309
2.55572, 262.036, -230.113
6.22897, 692.9, -1719.97
3.84293, 385.8, 244.925
4.27153, 70.4237, -551.807
3.45835, 5040.24, -5154.01
5.14832, 659.504, 484.947
4.39478, -780.543, -4376.64
3.16407, 187.909, -67.0318
4.26563, 349.343, 386.337
4.2497, -4194.79, 2195.82
7.41084, -2120.88, -1487.15
5.25961, -404.843, 5.07694
4.99918, -1892, -516.967
3.58531, 1367.63, -2022.91
4.37311, -421.684, -514.693
6.78251, 2645.94, 2356.78
6.45578, -2471.62, 5000.03
3.9204, 2454.46, -3035.99
5.07645, 680.611, 106.549
6.79238, 174.282, -96.1992
7.07844, 414.416, 13.3691
7.48941, -1731.58, -1497.97
6.53177, 102.283, 289.913
5.22718, 367.837, 170.745
7.3461, 400.86, 616.151
5.31931, 1221.02, 140.692
4.03031, 108.157, -954.726
5.41853, 363.454, -148.61
2.91197, 178.511, -3.60362
5.47382, -11.3144, -3.73634
3.31968, 2321.54, 4424.07
6.46527, -227.163, -475.863
2.95373, -591.01, 1373.97
6.3072, 186.776, -277.559
6.83996, 117.203, -17.9734
6.40105, -58.4382, -164.39
6.61399, -1812.67, -322.643
6.70974, 202.71, 99.962
4.48328, 93.0838, -223.198
6.508, 243.373, -34.8446
6.56811, 85.6711, 4.40819
5.43493, 608.289, 1276.57
4.64621, 200.5, -127.375
2.5002, -789.488, 390.637
5.31153, -26.207, 40.6381
6.22632, 107.943, 181.893
3.89846, 2871.68, 1675.66
2.93406, -654.672, -4007.53
3.5733, 489.785, 582.692
3.93296, 15.951, -66.4154
4.86595, -497.974, -152.333
6.95893, -1656.59, -1481.05
5.91955, 250.516, -21.3157
3.54376, 258.188, -18.1117
6.67533, 257.165, -97.9604
7.09218, 370.066, 400.073
4.48244, -61.0536, 461.883
6.37858, 1623.74, 295.65
5.68161, -128.383, 110.766
6.64746, 338.226, -224.701
3.40204, 879.58, 286.693
7.45927, 204.871, 106.31
6.70558, -27.241, -133.604
4.65177, 683.299, -368.922
4.38589, -21.8769, -16.9513
2.70802, 180.31, 26.7367
6.80715, -571.132, -865.055
6.62116, -3649.49, 2260.73
6.25052, 1485.73, 1264.05
3.55801, 485.187, -536.006
4.31029, 217.603, -22.8944
4.43545, -187.138, -39.376
7.32918, -2761.81, -1751.17
6.5872, 472.82, 113.104
4.5755, 894.478, -175.637
5.83759, -68.4817, 727.748
2.52101, -3547.58, 3622.08
6.98048, -41.8619, -184.131
3.68416, -261.996, 332.191
3.79415, -383.156, -161.569
5.4939, 233.186, 57.5756
6.89823, -408.273, -7.1501
6.16299, 211.482, 133.386
6.0773, 197.298, 42.7271
3.57724, 5140.49, -231.059
6.30413, -3551.39, 2789.11
3.85351, 272.97, 170.417
2.75246, 259.237, -102.995
4.78866, -1460.78, 533.224
2.58759, 436.388, -147.609
3.01129, 5128.47, -3298.38
2.639, 1990.85, -1146.33
5.65921, 56.5204, -150.95
6.34425, 203.927, -57.2486
2.74132, 539.087, 163.936
6.6924, 517.113, 889.729
6.76899, 120.31, -136.359
6.57649, -207.892, 569.046
6.85188, 296.713, -3706.69
5.27222, -25.1151, -35.7015
6.12646, 13.9101, 1041.08
3.20424, -3862.12, 3185.58
6.6115, 33.972, -183.525
5.51185, -2277.01, -2633.8
4.93856, 87.9492, 221.359
6.14942, -277.728, -307.929
4.05164, -1685.37, 994.775
3.93925, 46.926, 305.04
5.45857, 1933.89, -2387.04
5.34055, -2631.3, 1429.57
5.41059, 2384.45, 1827.17
2.84132, -252.74, 418.768
4.34304, -1636.51, -249.853
6.28475, 38.2693, 344.56
6.35297, 710.206, 2596.66
4.27217, 119.641, 689.465
5.98913, -57.0383, -80.2796
5.08005, 1739.23, 1045.13
5.94494, 304.301, -297.092
6.18066, -1635.42, -1159.7
2.56231, -2354.86, -1654.27
7.16549, 198.483, -17.4616
5.37826, 455.793, 293.226
3.05587, 526.828, 673.742
4.87388, 320.487, 127.943
3.24247, 1620.15, -446.173
4.22594, -7296.62, -1641.22
7.04476, 228.323, -49.7231
4.54571, 2474.51, -1078.65
5.96642, 241.065, -6.5006
3.35865, 236.012, -225.625
6.21715, -3961.82, 1405.71
4.16319, 244.33, -289.498
4.62157, 205.402, 212.191
2.79523, 162.03, 758.215
5.09005, 154.445, -103.162
5.94425, -162.121, 327.208
5.01149, 195.089, 32.1973
6.56617, 175.329, -48.7619
3.07974, 123.739, -91.1852
5.24841, 1144.52, -97.2963
5.06046, 71.7798, 259.694
6.02649, -1668.5, -1472.84
5.65083, 166.517, 68.5847
4.0207, 676.446, 353.144
6.74719, 151.566, -145.146
3.39619, 1239.96, -2018.1
2.61737, 145.525, -159.42
4.19467, 248.296, 25.5283
3.43818, -1762.28, -1306.08
6.60467, 233.104, 196.653
6.72507, 117.104, 2677.56
6.78031, -2705.21, 1502.84
7.37454, 365.383, -512.147
2.99587, 319.696, 662.083
2.56182, -3271.47, -2500.52
2.58614, 426.54, 523.448
2.64527, -280.58, 365.039
4.1031, -1663.99, -1590.03
6.17815, -2708.84, 1584.83
3.14876, -68.9499, -99.5466
2.5161, -2250.45, -415.457
6.91905, 313.35, 29.4594
3.70482, 322.894, -277.243
4.38481, 427.373, 894.555
4.44879, 333.715, 346.647
2.81534, 3065.46, 1169.75
7.30792, 48.6546, 55.0161
3.75349, 232.118, -69.1494
6.85376, 338.43, 196.81
2.85991, 2496.12, -3409.33
2.70653, 3165.57, -2094.75
3.46378, -310.066, 1.92146
3.86708, -1696.49, -1855.53
7.4007, 180.763, -49.3906
3.60607, 994.276, -4242.39
6.43119, 1424.61, -2151.37
4.42306, -68.1583, 1099.39
3.78593, -2475.36, 2800.68
3.91087, 568.83, 256.146
7.33834, 593.193, -12.9749
4.22841, -103.739, -279.639
3.45922, -433.758, -525.128
5.05037, 228.87, -172.667
5.21857, 968.933, -3799.06
5.72333, 850.925, 124.856
3.89738, -372.28, 194.575
3.41887, 630.88, -282.88
2.71579, 1953.5, -2291.21
3.98408, 603.139, 161.343
4.25548, 1190.77, -655.602
7.09372, 177.064, -38.8009
5.81225, 288.47, -1.65473
5.08041, -1676.18, -1504.14
4.03763, 195.479, -11.2938
3.0007, 1662.12, 1772.19
3.47502, 125.17, -87.5741
4.11407, 2624.39, 2747.17
5.56182, 700.746, 292.705
5.13511, 2179.59, -1011.54
3.45653, -274.024, 892.926
4.7178, 4580.97, 2666.58
4.48693, 5278.84, -1029.38
6.28051, 8.9075, -212.193
6.6213, 216.211, 87.4809
5.51573, 241.245, -537.01
3.04573, 54.7216, 121.797
4.11797, 2149.63, -553.425
5.03403, 158.628, 18.6479
4.76521, 30.2654, 490.911
4.77315, 108.324, -230.182
4.91125, 523.44, -91.6851
5.07896, -3714.31, 656.492
4.50207, -1882.11, -1011.28
4.22945, -436.281, -511.241
6.64533, 236.842, 464.473
3.02204, 2088.4, -1205.81
6.40057, 185.173, 59.841
3.19919, 817.418, -239.664
2.62171, 3179.9, 3633.94
6.0664, -190.935, 1165.71
7.15538, 265.526, -290.15
7.47667, 279.097, 95.795
3.86264, 147.294, -0.393092
3.6923, -1720.47, 397.738
3.87328, -341.912, -2640.51
5.70836, 86.8813, -93.7054
5.17637, 251.892, 1.5761
6.8967, -2352.29, 4082.15
6.75968, 47.4226, -196.97
2.98004, 178.001, -344.852
4.66818, 185.834, -51.3112
3.17045, -494.749, 237.515
5.86802, 208.268, -14.6362
5.34964, -164.289, -669.38
3.66474, 90.1701, -1149.23
5.50306, 29.42, 5.29892
2.6551, 29.6411, 53.259
7.08512, 213.181, 106.732
3.82958, 238.319, -381.042
6.50016, 189.577, 93.2851
5.46389, 168.962, -171.539
5.0822, 10.1759, -74.291
5.2567, 1491.04, -775.087
3.47225, 520.917, -303.674
5.36152, -2477.12, -141.276
3.81992, -531.198, 5425.78
4.41648, 2237.46, -4683.13
2.73626, -447.857, -481.552
4.22823, 169.915, -84.1142
3.61594, -2510.09, 5923.4
3.81264, -90.6322, -172.865
3.05141, -75.1621, 19.6317
7.40088, 225.12, 65.9696
5.93794, 246.145, -11.755
5.82158, -166.717, -186.158
5.99501, 302.985, 344.639
2.68746, 117.8, 22.4211
3.6706, 172.743, -29.7171
3.95397, -4513.69, -6796.78
3.50543, 108.993, 278.552
2.7177, -2191.41, 3227.54
2.56571, 258.837, 59.998
6.07297, 4899.24, -1568.47
6.88348, -280.325, -307.632
5.35088, 1497.67, -2833.37
6.92743, -2473.39, -2799.26
5.20042, -1176.97, -129.73
3.31357, -1576.85, 300.027
3.30492, -2314.88, -1810.01
7.19182, 181.572, -210.026
3.45628, -33.0408, -293.69
3.15761, -2544.23, -187.933
4.41122, -34.1211, 212.174
6.12674, -569.529, 2455.97
2.50651, -5322.48, -424.514
4.60222, 3796.99, -2168.14
5.18984, -143.338, -48.3763
4.86596, -852.006, -581.055
6.33003, 358.367, -667.997
2.9396, -777.088, -500.918
7.04284, 258.935, -131.176
3.20818, -524.02, 139.944
2.54782, 88.005, 589.218
2.82267, 405.242, -111.399
4.96742, 262.229, -136.058
5.40914, 203.661, 29.6441
4.03373, 3110.79, -5473.8
4.57091, 458.647, 362.748
4.33401, 1196.64, 1458.87
3.42687, 332.629, -2184.7
2.76788, -2219.47, -2150.6
4.47222, 228.646, -231.95
3.98388, -750.059, -972.619
5.05388, -343.231, 6.09153
3.75392, 1898.47, -3138.52
5.01589, -887.293, 1636.66
2.51168, 840.895, -628.005
7.01807, -4473.23, 2108.97
2.79181, 2825.88, 2830.71
5.17506, 84.5496, 2678.43
3.95754, 2296.46, -1053.2
7.3023, 59.0026, 53.2301
4.73406, -2772.45, -1130.61
5.08479, -152.513, -227.364
5.93861, 175.858, 146.565
2.72187, -52.6764, 576.988
7.2946, 3094.34, -2275.49
5.70852, 469.828, -148.169
2.80215, 208.489, 58.5229
3.33964, 24.661, -164.609
5.76491, 356.921, -354.735
6.19864, -274.307, 2129.82
3.57011, -382.408, -365.434
4.31441, 561.91, -1768.89
6.56981, -179.147, 347.264
5.32057, 345.958, -3.72548
7.45886, 191.371, 4.51549
6.5669, 143.623, -376.855
3.49157, 2750.53, -3542.62
2.50003, 351.514, -25.2879
4.62608, -2758.91, 3307.24
4.07406, 1671.92, 1056.32
5.56218, -2985.86, 455.805
3.83351, 139.157, -99.7053
4.39881, 1226.85, 576.269
5.43397, 142.763, -3.3365
5.95636, -1442.01, -245.032
7.26736, 69.4336, -49.8966
4.89785, -137.721, 948.427
3.60319, 182.697, -337.533
5.33741, 885.22, 613.498
6.09873, 196.988, -62.1773
4.4953, 1805.55, -33.9643
3.48326, 105.421, -174.876
6.66971, -6.03887, -229.212
5.59561, 27.0467, -773.685
7.26866, 270.275, -138.453
3.23222, -327.071, -64.8687
5.38953, 437.693, -102.653
7.26796, 331.331, -11.95
3.62331, -4410.55, 2076.8
7.25137, 67.8339, -25.5427
3.07874, 1180.82, -547.267
2.58372, 640.122, 327.864
3.90465, -260.086, 531.183
7.15042, -186.291, -85.36
3.04796, -914.16, -432.167
6.77266, -114.649, -298.412
5.68532, 216.111, 259.262
5.63853, 174.173, 40.4158
3.80589, -630.502, 1365.33
5.13936, -543.598, 201.105
7.16608, 1437.03, 644.269
3.98055, -1134.15, 174.247
4.78006, 149.288, 93.1167
6.35659, -824.396, 3772.15
4.17193, -1570.4, -2790.18
6.31775, 93.1889, -76.5692
6.65892, -1871.06, 2039.58
2.64618, 2065.48, -1274.47
4.31315, -302.781, -487.601
4.16221, 273.638, 138.509
3.17675, 1590.76, 1483.86
3.00839, 1067.83, -3269.05
5.11327, 451.66, 203.123
3.52046, 43.1801, 230.718
5.00728, 217.318, 450.186
5.1371, -3972.3, 2611.01
4.13422, 159.323, -176.829
4.75888, -102.677, 692.816
6.85263, 611.032, -235.294
4.72884, 59.0075, 79.8345
6.03726, -43.3669, -204.154
6.83171, -1670.19, 327.894
6.5822, 685.345, -614.423
2.67504, -3102.28, -1210.3
3.8644, -702.108, 1897
5.21858, -1162.69, 772.775
3.19942, 3108.12, -534.956
5.57408, 201.4, 32.2961
3.29182, 86.1461, 194.181
4.41129, 534.553, -229.252
5.94997, -157.865, -252.013
3.21128, 3256.96, -18.3586
5.65284, -258.917, -9.9036
3.15973, -2688.62, -1446.71
7.13583, 430.675, 228.944
5.53465, 4274.15, -6533.38
5.50388, 133.212, 251.977
3.33635, 20.0049, 90.6507
3.301, -1119.37, 1757.27
5.91628, 207.132, 56.1009
5.1456, 320.986, -229.1
3.65264, -1754.81, 987.572
6.55373, 132.428, -148.125
5.76477, 165.576, -133.08
4.08597, 145.771, 594.285
2.53953, 131.453, 555.981
3.49176, 15.9289, -10.1144
3.78831, 59.8857, -296.099
3.03825, -100.434, -192.726
3.49545, 367.81, -349.773
6.75079, -4608.58, 2466.76
6.63912, 83.0754, -81.1493
6.76813, 203.092, -0.328093
5.71027, 205.015, -37.4953
3.6787, -2369.22, 2460.76
6.80638, 117.518, -87.3325
5.4745, -95.2676, -376.307
2.52745, -1651.97, -1237.33
6.84925, -409.919, -905.807
7.37729, 353.852, -111.214
5.59653, -1653.53, -1478.76
3.85574, 623.05, 187.094
7.46973, 148.174, 12.6448
4.60751, -1143.1, -416.256
4.20537, -463.049, 7.46987
4.80717, 195.534, -42.0311
4.44822, -912.505, -2510.37
4.613, -3903.24, -756.245
2.84879, 373.297, -388.737
5.5153, 333.816, -256.815
7.36114, 584.909, 47.1045
5.07406, 218.47, -313.339
7.45461, 210.93, -65.0832
5.84906, -2069.9, -4888.58
4.01716, 250.52, 244.783
3.47371, 200.642, 40.164
4.0109, -146.195, -212.063
4.93946, 51.393, 84.5914
4.72438, -67.2301, 0.715283
5.7844, -516.993, 96.6531
3.74227, 4768.45, 2728.17
4.72007, -1209.75, -1002.78
5.75894, 263.126, 155.195
6.67472, 66.1484, -157.811
6.03698, 219.824, 254.907
4.93928, 298.186, -249.534
6.72039, -139.988, -160.268
7.00296, 707.471, -670.548
6.33082, -246.2, 95.4312
5.29453, 424.217, 326.382
2.70603, -651.874, 94.4059
5.46749, 598.792, 131.509
2.68674, 58.2493, -3273.46
4.53488, -331.646, 476.194
2.84243, 636.119, 37.6665
7.38558, 279.438, 232.841
2.5956, 1701.73, 2600.06
6.60363, 57.7565, -96.3402
5.2195, 3202.5, -2640.79
5.72828, 614.729, -243.163
3.62934, -534.321, -114.319
2.733, 460.536, 2629.03
3.63154, 305.743, 576.164
4.58371, 34.5773, -2220.69
6.40126, 454.398, 47.0004
3.72852, 1316.52, -2009.48
4.81411, 362.737, 139.706
6.14756, -602.182, -70.4817
5.35237, 4429.77, -602.464
5.45997, -123.311, -302.288
4.98425, -747.161, -244.925
3.951, 220.34, -8.83595
4.71107, 104.956, 498.358
2.53669, -2480.18, 5462.34
7.41683, 234.426, -15.2009
2.52822, -44.501, -147.055
4.8676, 1795.91, 663.623
5.86497, 3010.83, 5126.83
