6.27803, -540.982, 201.621
3.5948, 297.579, 459.99
5.89648, 382.883, -268.78
5.09708, -48.7198, 4.97297
2.76731, 824.221, -1005.57
2.53849, 326.674, -199.767
4.58743, 1233.29, 670.322
7.15218, 97.8849, -220.183
2.95982, 44.1256, 145.517
6.00595, 476.348, 513.977
3.81226, -2.92336, -47.2258
4.14117, 48.9397, -0.591015
7.45519, -341.245, -515.628
7.41275, -68.4812, 269.89
5.75759, -64.5063, 336.906
6.92354, -128.784, -285.883
6.33247, -15.9757, -79.8692
3.87453, -393.306, 270.336
4.93259, -24.8829, 303.245
2.80282, -897.619, -39.0993
5.08146, -50.7122, 254.303
4.96988, -732.075, 248.778
7.23882, -247.023, -37.4841
4.42071, 93.8368, 419.913
5.14874, -553.759, 359.43
2.75042, -249.852, 719.542
6.63909, 161.887, 434.2
5.94228, -94.1727, -48.4511
6.18112, -142.488, 36.9627
6.94286, -677.08, -830.099
4.25508, 24.7602, -177.159
6.72991, 56.8109, 394.023
3.84659, 61.1123, -144.963
4.83959, 524.968, 211.065
3.2686, -120.439, -275.305
2.66527, 109.246, 127.006
7.2768, -386.851, -465.301
6.95369, 142.915, 48.9631
3.29884, -640.026, -25.7781
3.15214, -691.1, -288.779
2.515, 245.515, 105.885
6.0491, 30.5639, -301.233
3.40448, 449.19, -213.483
5.76029, 16.1954, -299.988
4.42907, 20.0227, -182.461
3.23766, 206.962, 510.054
5.45054, 89.6953, 147.191
3.24076, 601.806, -260.49
3.2091, -564.7, -484.597
4.94257, -127.235, -249.886
3.13015, -498.421, -4.65918
5.64635, -457.468, -163.498
5.60817, -330.303, 85.538
4.88216, 628.82, -862.511
2.64188, 429.887, 635.28
3.21011, 732.563, -266.202
3.15594, -171.338, 72.8277
3.31099, 428.778, -661.113
3.76529, 421.511, -121.941
4.77654, -997.938, 576.177
6.54472, 205.837, 106.637
3.57624, -99.6964, 267.857
3.75063, 22.7275, 509.365
5.02978, 74.1791, 335.895
6.27922, 80.5468, 104.671
5.66369, -254.209, -678.339
5.9449, -670.456, -492.981
7.27207, -644.018, -293.203
5.18713, 695.861, -398.34
4.57014, 134.088, 636.259
4.70019, 34.2234, 337.686
6.07821, -569.448, -619.314
6.20858, -366.301, -599.773
5.12494, -742.545, 649.997
6.06711, -85.9834, -56.5777
5.91025, 262.165, -14.0885
6.82941, 460.761, -351.042
3.19597, 495.291, 68.4054
3.57766, -305.045, 3.2434
5.0733, -147.867, -208.198
4.83766, 57.8645, 297.102
3.55759, 297.295, -593.822
5.65244, 472.05, -387.288
2.5044, 497.076, -707.881
4.09589, 33.84, -1195.78
5.90281, -90.2864, 49.6252
6.0446, -119.634, -383.841
2.90869, 4.16894, -145.801
3.56926, 134.988, 37.1444
4.44412, -203.215, 72.803
4.44927, -937.966, -408.768
3.92018, 155.003, -250.721
4.6123, 84.1764, 313.854
2.55658, 616.976, 36.0685
3.72027, -804.723, 458.407
4.49072, -81.4298, -808.034
6.64177, 40.2244, 7.8629
3.78584, -493.495, 272.243
3.59705, -231.416, -373.267
6.47385, 245.879, 337.399
5.8476, -372.991, -487.162
5.49108, -36.722, -464.886
5.99917, 708.697, 278.124
5.13062, -125.128, -190.688
4.14833, -175.063, -30.931
3.30844, 416.594, 32.3431
6.56633, -119.144, 53.0618
4.08004, 458.885, 140.814
4.05369, -79.8731, -106.027
4.65424, -14.5928, -25.0895
4.46509, 504.112, 177.673
4.43916, 76.7287, -297.013
4.34871, -41.4729, 283.526
5.88118, -529.087, -295.177
6.10384, 560.212, 16.0216
7.20082, -571.248, -86.7729
5.08573, -126.444, -58.1892
5.5282, 471.157, 512.311
5.85049, 441.482, -656.305
5.11404, -454.373, 205.791
3.87105, 397.091, -35.4266
7.08924, 164.547, 303.839
3.73367, -134.48, 158.577
4.77876, -382.804, 97.0145
3.30374, 256.373, -223.963
4.68319, -29.8452, -233.69
7.45767, 201.573, -101.378
6.26931, 373.676, -636.157
4.97846, -73.4521, 140.228
7.01651, -20.7302, -35.125
4.68213, 26.3608, 326.908
5.09239, 562.471, -461.547
4.44866, -625.142, -475.22
5.63431, -104.62, -202.365
5.19331, -124.233, -139.701
4.35955, 160.859, 37.9907
2.54674, -224.228, 6.96183
6.3794, 10.7446, -1.03339
2.85317, 180.326, 220.648
3.98511, -163.8, -284.198
4.78581, -218.334, 185.197
3.25156, -139.236, -4.13132
5.97819, 245.44, 307.87
4.15587, 29.7481, -348.037
5.21197, -532.867, 883.164
2.64678, -814.305, -24.2433
5.38086, -269.817, -336.281
5.18133, 99.9867, -223.061
7.36678, -267.026, 529.392
5.57063, -33.8105, -113.443
5.26431, 514.506, -509.09
6.69051, -117.179, -88.342
3.75764, 102.423, 291.995
6.98957, 223.9, -0.729752
5.97428, 240.248, -175.43
5.82752, 339.794, 623.649
3.06838, 503.024, 342.531
3.37987, 462.824, 297.978
2.91253, 190.288, -373.092
6.68103, -277.327, 423.602
2.64818, -261.308, -374.277
6.34719, -110.87, -51.2622
4.29829, 205.939, -742.18
6.24626, 570.77, -375.315
6.28385, 169.862, -93.5939
3.60834, 528.417, 207.619
5.58305, -117.588, -149.956
3.66846, 6.38965, 241.517
6.22052, 165.819, -654.56
5.80997, 374.915, 505.166
4.9209, -455.307, 868.662
2.58972, -623.498, 275.841
4.98291, 63.8965, 340.376
5.09587, 102.797, -198.535
4.71395, 606.021, 592.801
4.14528, -472.224, -81.5964
3.52671, 149.633, -47.7488
7.19863, -234.111, 420.38
2.85168, 713.662, 372.945
3.30042, 128.068, -42.2915
6.70788, -63.079, -223.776
4.13614, 381.611, 312.416
6.85942, -57.0257, 239.716
5.99896, -416.651, -208.386
5.52801, 211.215, 81.1596
4.77536, 401.667, 355.978
2.91543, 890.993, -264.872
3.94883, -440.626, -594.04
6.51009, -98.5042, -3.17311
6.81821, 398.115, 292.65
3.81831, -914.861, 164.491
4.79881, -175.322, -228.573
4.95672, -29.4215, -216.55
5.82344, 460.695, -494.035
7.31738, -64.6193, 207.363
7.23022, 270.359, -62.0923
2.81902, -201.183, -321.018
5.04829, -99.3688, 114.369
6.13222, -326.496, -178.879
5.65882, 268.143, -140.676
3.26658, -161.862, -111.782
5.09652, 605.095, 593.318
3.52281, 1023.45, -402.973
6.03231, -198.021, -216.443
6.05786, -36.4846, 1065.82
3.66304, 261.11, 1.97973
6.80594, -250.284, -283.607
2.67122, -203.826, -649.939
6.26587, -34.7578, 166.724
4.14789, -140.37, -135.19
4.65309, 869.928, -28.3078
7.33455, 319.333, 291.52
4.05803, -368.812, -532.707
5.69762, -1009.23, 203.28
5.95386, 166.514, -72.9177
5.36403, -88.0902, -274.461
6.60667, -542.682, 856.747
4.21807, -616.08, 424.655
5.09387, 312.7, 338.403
6.78438, 528.693, 0.921633
6.18587, 443.555, 281.31
3.45992, 93.2896, -291.037
2.83145, 90.6045, 213.548
3.60828, -861.983, 502.447
3.33656, 83.9046, 122.136
6.31172, -9.26121, -40.8745
5.44905, 195.92, -636.66
4.65223, -1105.1, -251.185
7.09618, 445.873, -346.148
5.09668, -335.595, 233.948
7.38058, -400.779, 173.287
5.15714, 381.801, 310.576
2.98716, -144.04, 914.962
5.83983, 192.946, 287.51
5.44444, -324.178, 609.134
5.01137, 48.5484, 325.095
2.75808, 615.916, -307.484
2.6753, 545.443, -102.119
4.41484, 185.038, 7.18551
5.55555, -443.815, -733.317
5.06574, -1128.84, -233.885
5.98498, -265.739, -146.36
4.89891, -173.321, -130.192
3.88323, -1001.93, -60.6304
6.01685, 23.201, 748.121
3.67701, -53.8655, -185.568
6.41501, -111.505, 152.206
6.60589, 454.261, -450.743
3.21842, 359.286, 503.955
5.75757, 556.348, -452.764
3.87677, -322.96, 292.72
7.26215, -38.808, -145.075
4.58238, -27.6637, 94.0473
3.03869, 99.0135, 377.192
4.70633, 392.964, -96.7878
6.28811, 111.991, -51.8916
2.77803, 469.019, 494.924
3.51241, 37.9568, 213.945
6.82305, -269.478, 351.511
6.52456, -135.871, -54.0136
2.78861, 252.186, 614.642
4.40304, 60.9, 30.111
4.56124, 110.036, 82.2808
2.80071, -479.338, -151.594
7.09746, -481.185, -495.067
3.35398, -304.44, -311.838
6.51634, 8.96428, 136.223
3.88599, 388.92, 482.897
4.44586, -390.105, 80.4286
7.19936, -643.895, -291.581
6.24573, 14.8275, 705.274
3.44774, 235.68, -388.182
6.89581, 108.82, 113.996
6.8953, -121.96, -217.912
3.30515, -208.858, 50.067
5.87346, 120.207, 390.112
6.89096, 128.254, 65.5446
6.98262, -404.328, 689.109
3.06535, -249.686, -22.3036
5.93789, 244.49, 492.513
3.21651, -195.867, -398.742
3.6901, 109.248, 58.2019
5.64383, 307.959, -394.714
4.312, 78.9444, 383.758
4.64437, -591.493, -513.333
4.91936, 371.152, -154.244
6.20379, -206.147, -197.321
3.23098, 573.939, -292.166
7.36238, -107.283, -176.195
7.3158, -58.979, 140.05
3.14741, 115.793, -142.671
5.3784, -399.453, -274.02
4.66439, -280.382, 381.1
5.50066, 43.3651, 338.015
5.85098, 202.236, -24.5417
4.5137, -683.822, -282.688
6.46691, -577.608, -496.306
4.89889, -559.007, 600.344
5.72449, -583.991, 207.946
4.28836, 808.358, -233.888
5.96794, -38.618, 548.272
5.83428, 284.102, 436.844
3.22071, 457.37, -266.551
7.10415, 166.145, 170.976
4.22228, 459.892, 828.161
6.66824, -312.373, -238.327
2.74349, 156.611, -264.872
3.27936, -50.8481, 159.824
2.55765, 393.783, -339.781
3.94327, -4.43612, -2.48297
5.07295, 361.203, -187.755
3.65948, 33.9736, -863.583
2.75022, 388.749, -168.76
5.33091, 54.9971, 358.499
6.69774, -273.586, 45.7738
4.28763, 326.212, 590.857
4.3452, 185.93, 426.806
7.22226, 50.3272, 232.235
4.72425, -438.984, 329.206
6.82086, 117.673, -153.632
5.82654, 330.003, -346.862
5.79297, -279.096, -503.742
7.10736, 690.589, -498.931
5.11536, -733.232, 651.771
5.45229, -636.689, -163.29
5.79944, -189.422, -750.587
4.24765, -608.003, 266.371
4.11714, 262.376, 64.5935
7.08984, 170.299, 330.574
3.08619, -724.683, 343.82
7.31268, 317.972, -21.2241
5.17978, 287.329, -307.251
5.81447, -491.497, -181.701
5.48362, -768.883, 346.295
6.93363, 200.589, 250.802
6.67999, -167.685, -154.778
6.69339, 231.159, 339.229
6.85642, -196.272, -236.193
2.5002, 398.953, 449.179
4.77274, 97.3709, 345.117
4.25696, 727.227, -95.8201
5.80713, 633.871, -722.416
6.22234, 243.366, -153.773
3.3821, -313.913, -788.537
7.4621, -398.569, 601.298
5.95466, 404.393, -278.233
6.97862, -184.76, -65.4964
3.51579, 180.815, -22.1596
7.2356, 267.41, 486.73
4.88476, -756.399, 420.603
6.78578, -863.389, 506.022
6.41237, -339.065, -299.053
5.70687, -747.797, 660.043
3.14521, -217.108, 284.948
5.77944, 79.227, -567.054
3.09199, 34.0917, 27.4779
3.88793, 654.99, -60.6455
6.65548, 281.949, 721.462
6.14153, 814.77, 941.738
6.74348, 705.433, -540.948
3.43989, 134.014, -380.296
6.09602, -23.4679, -408.537
4.25586, -387.775, 348.805
3.34555, 536.801, 556.321
4.52383, -585.56, 129.353
4.20924, -75.4472, 257.533
6.67141, -38.0949, -4.93082
3.9111, -532.134, -855.826
5.16766, 82.0848, 215.481
6.25085, -341.411, 347.329
4.62554, -5.94014, 223.053
4.66964, 766.088, -156.237
3.03022, -848.357, -132.113
6.4639, -9.52933, -141.853
3.91232, -170.425, -208.856
7.14264, 703.236, 698.733
5.37926, 157.789, 303.285
3.4895, -127.685, -422.123
5.99081, -39.1781, 212.232
3.07265, -101.653, -220.942
4.22945, 508.083, 438.338
4.15646, -182.531, -123.208
6.42735, -809.279, 386.303
6.65775, 175.466, 416.952
4.21712, 602.723, -396.845
4.2603, -153.259, 173.108
6.38197, -141.181, 100.826
6.58658, -346.739, -443.951
4.26157, 131.429, -400.848
7.09559, -62.5054, 163.659
3.2877, 470.12, 251.507
5.56029, 561.741, -442.934
5.54222, 128.252, -51.5583
3.16647, 560.152, 761.448
3.51409, 705.856, 949.874
4.79457, 231.559, -121.181
3.48759, -465.172, 129.975
6.77118, 208.646, -268.699
6.54562, -229.74, -78.5525
2.80131, 398.31, -664.401
6.50584, 377.035, -909.467
5.49597, -62.0999, -147.463
7.43182, 26.9115, 42.5834
2.65919, -582.332, -61.8374
6.8356, -620.076, 733.274
3.69109, -59.7761, 231.137
3.6127, 320.372, -673.684
4.73907, 1043.41, 493.321
2.61231, 242.322, -166.294
6.79755, 30.9632, -75.0215
4.15902, 374.974, -1320.12
5.72195, -317.327, -348.759
7.43521, 570.908, -48.2049
5.30162, 20.4233, -426.376
4.74553, -47.2255, 175.113
5.213, 113.297, -53.9429
2.90797, -329.203, -22.1853
3.99606, 871.002, 535.738
6.63964, -857.345, -250.484
6.48936, -547.631, -0.942021
5.71048, 107.267, 116.678
4.84105, -303.209, -309.997
7.15326, 250.017, 721.9
5.08798, -1.63528, -230.507
7.42924, -835.928, 570.799
5.94567, 44.3581, -151.503
6.19966, -37.9717, -154.236
3.46323, 547.333, 250.868
6.08881, 734.325, -522.595
6.11146, 130.951, 208.518
6.49298, -222.124, -370.704
4.23216, -768.143, 183.809
5.1481, 178.135, 537.57
3.19001, 29.0519, -447.672
6.73218, -108.644, 109.576
6.32766, 372.682, -294.067
7.5, -755.993, 340.681
4.24891, -1062.47, -497.936
5.50367, 733.393, -87.7327
3.50808, 36.7191, 897.772
6.2385, -626.999, 157.845
6.49225, 309.093, 313.609
3.03505, -604.63, 523.635
5.35813, 50.9378, 354.715
2.84683, -1089.27, 447.872
4.16036, -142.432, -310.144
5.80945, 49.4091, -46.4601
5.27726, 250.913, 740.989
7.12415, 66.8643, 128.269
2.69832, 226.624, 173.937
2.62083, 582.113, 532.452
4.61923, -136.873, 315.363
4.36987, -27.8225, 174.22
2.93303, 453.974, 281.564
3.05403, 96.7122, -7.71408
5.31992, -623.52, 140.042
7.37269, 57.3226, 207.964
3.05066, 53.7343, -810.591
5.99352, -693.045, -851.568
2.79674, 279.553, 731.016
4.69755, 220.451, 52.8819
5.24651, -579.165, -489.716
3.45129, 4.04282, -24.1494
7.36597, -99.0282, -287.541
3.19593, -166.289, -324.389
5.48978, -595.216, 285.282
7.12812, 177.109, -681.139
3.91116, -1.75466, 205.163
6.8307, -231.182, 49.3896
6.29598, 500.283, -344.221
6.10793, 68.8986, -292.843
3.34241, 358.704, 441.012
3.32882, -463.723, -370.526
3.39076, -242.574, -219.636
5.87226, -70.7035, -310.284
4.83484, 152.606, -102.957
6.85219, 50.8461, 352.862
5.76023, -11.2192, -139.03
5.80464, -447.854, -149.455
2.58037, 344.842, 316.289
4.30596, 988.673, 657.552
3.72747, -78.4443, -496.81
6.93086, 616.07, 533.838
5.23701, -1179.23, 1.63328
6.57209, 225.426, -268.559
5.24453, -229.368, -616.732
4.16156, -66.4924, 385.085
4.40213, -418.573, -605.083
2.52389, -464.917, -37.501
6.95226, -36.31, -74.7351
6.16955, 558.572, -105.786
6.04239, 74.995, 423.756
5.1278, 527.898, -388.925
6.41065, 88.5055, 23.0609
3.42484, -75.9648, 335.918
5.72673, 14.1938, 121.535
3.42178, 64.5345, 233.24
3.31214, -633.758, 152.194
2.65594, 452.258, -150.668
7.42716, -61.8155, -121.611
4.04559, -8.06187, -168.461
4.11075, 116.98, 299.729
5.51155, 216.279, 23.6795
2.89107, 731.431, 132.401
3.93936, -315.233, 140.745
5.79307, 532.111, -219.844
7.36348, -112.351, 232.353
7.27758, 518.297, 164.379
7.42745, -204.484, -321.674
7.30478, 174.036, 237.595
3.0073, 82.017, -390.026
3.71505, 149.659, 376.683
6.91151, -140.749, -237.549
5.28805, 301.772, 228.052
6.7669, -4.30031, -33.6897
7.49145, 525.518, -395.227
3.99751, -674.256, 728.81
6.33157, -1215.54, -506.039
4.81901, -686.392, 26.383
6.8168, -50.2576, 137.489
6.99018, 74.2352, 87.1803
7.377, -227.842, -269.169
2.77405, 70.6453, 105.937
6.32605, -363.895, 154.132
5.09219, 537.082, -651.865
3.46574, 62.2384, 173.965
6.98252, -356.129, -72.5136
6.38492, 46.4898, 29.4557
2.75968, -4.43468, -3.96803
7.47331, 443.401, -656
5.93659, 219.296, -289.364
5.94854, -494.164, -179.383
6.57666, 620.624, -430.238
7.05426, 90.714, 328.04
3.34218, 257.229, 1001.51
5.24183, 621.457, -452.688
6.53351, 94.2571, 250.659
4.17803, -165.679, -177.122
5.53435, 330.187, -189.871
6.59602, 293.598, -631.631
7.3485, 354.037, 57.9275
6.29349, -18.1987, -37.1357
3.72113, 417.955, -113.187
5.80589, 260.991, -220.805
4.21574, 18.4612, -13.5877
7.27146, -178.195, -131.063
2.60828, 193.25, -744.723
4.54979, 572.159, -254.955
2.55789, 175.512, 625.204
3.04964, 219.016, 8.32397
5.28259, 439.056, -670.868
4.45466, -204.47, 181.179
7.20539, -21.9508, -63.7543
2.55572, -392.677, -283.033
6.22897, 186.209, 308.522
3.84293, -115.409, -1.40098
4.27153, -268.729, -120.047
3.45835, 886.435, -987.662
5.14832, 5.46975, -134.496
4.39478, -194.033, -743.792
3.16407, -89.5581, 2.41373
4.26563, 461.481, 33.7936
4.2497, -961.83, 332.492
7.41084, -686.199, -486.639
5.25961, -52.0137, 228.357
4.99918, -593.072, -223.841
3.58531, 438.086, -558.196
4.37311, -219.461, -33.2023
6.78251, 17.3283, 121.352
6.45578, -476.076, 673.703
3.9204, 679.175, -646.131
5.07645, 125.835, -514.765
6.79238, 203.798, -123.596
7.07844, 150.679, -445.03
7.48941, -601.543, -508.852
6.53177, -314.798, -398.805
5.22718, -40.3903, -229.614
7.3461, 373.683, -72.8364
5.31931, -106.061, 133.592
4.03031, 525.893, -344.093
5.41853, 99.4118, -34.156
2.91197, -21.0466, -475.543
5.47382, -40.5592, 10.7198
3.31968, 384.879, 532.679
6.46527, 317.298, 450.862
2.95373, -498.114, 75.2135
6.3072, -258.481, 89.3366
6.83996, 103.639, -101.392
6.40105, 323.895, -17.0145
6.61399, -592.81, -455.134
6.70974, 221.887, 137.427
4.48328, 481.685, 162.115
6.508, 217.025, 45.8772
6.56811, 296.233, 88.8032
5.43493, 471.262, 646.337
4.64621, -20.6015, -58.2764
2.5002, 392.171, -395.619
5.31153, 251.741, -253.71
6.22632, 150.668, 325.434
3.89846, 684.985, 293.607
2.93406, -30.4507, -1004.83
3.5733, -442.97, 114.002
3.93296, -268.071, -188.91
4.86595, 188.005, -258.546
6.95893, -582.887, -514.387
5.91955, 283.719, -80.5815
3.54376, -25.5391, 122.929
6.67533, 17.6004, 63.3487
7.09218, -433.488, -341.445
4.48244, 513.057, 402.793
6.37858, -220.381, 194.678
5.68161, -187.97, -178.941
6.64746, -352.931, 190.119
3.40204, 113.873, -51.7266
7.45927, 273.415, -57.2614
6.70558, 165.868, -457.334
4.65177, -523.963, -42.0561
4.38589, -546.846, 74.7737
2.70802, 208.721, 158.06
6.80715, -242.175, -216.045
6.62116, -722.364, 514.434
6.25052, -9.47317, 178.149
3.55801, -158.892, 156.67
4.31029, -51.2117, 330.064
4.43545, 369.322, 463.517
7.32918, -763.411, -558.276
6.5872, -286.546, -130.622
4.5755, -397.571, -146.457
5.83759, 197.722, -18.4046
2.52101, -757.298, 414.665
6.98048, 66.3867, 35.1458
3.68416, 452.378, 438.956
3.79415, -72.7087, -152.292
5.4939, 149.93, -209.664
6.89823, -611.312, 124.04
6.16299, 652.08, 219.044
6.0773, -490.406, -306.82
3.57724, 1088.55, -90.7432
6.30413, -910.148, 513.85
3.85351, -98.0958, -272.812
2.75246, -304.734, -309.199
4.78866, 161.419, -258.467
2.58759, 106.496, -203.021
3.01129, 641.299, -591.888
2.639, -375.991, 133.466
5.65921, -139.995, -353.432
6.34425, 39.793, 45.9453
2.74132, -636.204, -218.871
6.6924, -297.195, -269.146
6.76899, -100.621, 227.883
6.57649, 470.842, -457.425
6.85188, -219.04, -632.256
5.27222, 46.2168, 343.272
6.12646, 62.7401, 644.649
3.20424, -960.488, 323.062
6.6115, -77.2993, -312.476
5.51185, -440.313, -732.622
4.93856, -139.025, -183.042
6.14942, -129.304, 40.3839
4.05164, -690.954, 418.13
3.93925, 57.9991, -496.782
5.45857, 557.012, -761.198
5.34055, -761.571, 124.22
5.41059, 972.431, 346.66
2.84132, 346.799, -627.188
4.34304, -329.756, 371.968
6.28475, -126.836, -50.7975
6.35297, 690.158, 664.343
4.27217, -37.1478, 135.618
5.98913, -108.627, 70.9306
5.08005, 641.841, 340.775
5.94494, -47.1637, 225.385
6.18066, -627.049, -725.901
2.56231, -656.603, -526.206
7.16549, 5.95186, 246.832
5.37826, -491.72, -258.084
3.05587, 229.75, -195.503
4.87388, -12.2438, -173.601
3.24247, 105.064, -262.916
4.22594, -1474.29, -403.264
7.04476, -191.13, -1.87114
4.54571, 617.09, -426.821
5.96642, 35.2981, 234.482
3.35865, -177.673, -118.276
6.21715, -544.873, 351.992
4.16319, -49.2972, 54.5611
4.62157, 105.73, 133.273
2.79523, 447.403, -216.999
5.09005, 145.746, 402.342
5.94425, -211.094, -73.6297
5.01149, -75.1145, -219.288
6.56617, -164.302, -140.84
3.07974, 38.5882, 116.366
5.24841, -151.682, 299.332
5.06046, 273.615, 132.535
6.02649, -580.297, -492.431
5.65083, -201.002, -53.5345
4.0207, -84.8912, 80.4247
6.74719, -19.8475, 51.1554
3.39619, 349.728, -581.647
2.61737, -109.369, 41.0421
4.19467, 153.521, -342.324
3.43818, -588.895, -541.494
6.60467, -119.114, 152.3
6.72507, -27.158, 764.186
6.78031, -651.433, 447.611
7.37454, 349.102, -302.033
2.99587, 219.227, -320.623
2.56182, -355.824, -427.901
2.58614, 236.748, -853.969
2.64527, 113.93, -195.22
4.1031, -623.651, -607.557
6.17815, -520.793, 193.144
3.14876, -144.501, 329.279
2.5161, 238.765, -427.09
6.91905, 244.478, -274.02
3.70482, -89.8716, -382.057
4.38481, 270.778, -259.772
4.44879, -0.0534396, 163.402
2.81534, 306.094, 81.9468
7.30792, 158.497, 342.812
3.75349, 188.432, 159.503
6.85376, -122.257, -336.186
2.85991, 342.958, -304.652
2.70653, -162.69, -161.307
3.46378, 12.4125, -168.294
3.86708, -120.584, -760.06
7.4007, -6.46203, -184.579
3.60607, 134.764, -820.697
6.43119, 431.189, -656.036
4.42306, 106.31, -256.781
3.78593, -784.303, 547.701
3.91087, 114.687, 35.2789
7.33834, -369.88, -161.091
4.22841, 24.9013, 239.376
3.45922, 228.807, 344.978
5.05037, -131.556, 242.293
5.21857, 272.36, -707.959
5.72333, -50.0228, -234.382
3.89738, 224.556, -392.376
3.41887, -11.4961, -387.533
2.71579, 541.987, -716.215
3.98408, -24.9786, 257.088
4.25548, 605.33, 259.358
7.09372, 565.467, -196.086
5.81225, -33.8299, -165.46
5.08041, -529.013, -443.153
4.03763, -609.051, -178.157
3.0007, 449.86, 405.932
3.47502, -34.6105, -99.7526
4.11407, 535.195, 803.374
5.56182, 35.6328, -140.532
5.13511, -435.438, 275.647
3.45653, -179.375, 688.36
4.7178, 1105.44, 623.2
4.48693, 1103.33, -226.496
6.28051, -47.5015, 17.5788
6.6213, -246.415, -143.82
5.51573, -165.347, -91.7763
3.04573, 97.806, 90.4791
4.11797, 401.21, -10.3793
5.03403, 207.122, -27.4783
4.76521, 426.564, 256.944
4.77315, 62.5184, -53.227
4.91125, -338.353, -166.3
5.07896, -1008.14, 195.855
4.50207, -356.974, -787.194
4.22945, -497.729, -182.138
6.64533, -167.064, -22.7916
3.02204, 691.505, 188.025
6.40057, -21.9182, 454.052
3.19919, -126.855, -68.8317
2.62171, 613.768, 843.517
6.0664, -88.1237, -466.56
7.15538, -132.58, -143.978
7.47667, 248.898, 80.4701
3.86264, 146.003, 66.0182
3.6923, -338.583, 371.996
3.87328, -16.2847, -331.032
5.70836, 497.93, 369.964
5.17637, 199.88, 18.1411
6.8967, -640.516, 906.951
6.75968, 324.857, 461.403
2.98004, -133.764, 32.3725
4.66818, 139.621, -257.2
3.17045, -114.882, -38.5083
5.86802, 307.002, -51.4095
5.34964, -315.426, 33.4312
3.66474, 160.879, -465.454
5.50306, 224.817, 91.9538
2.6551, -204.252, 101.463
7.08512, 140.566, -3.72378
3.82958, 302.097, -53.7003
6.50016, -49.6734, 21.1648
5.46389, -121.37, -75.1949
5.0822, 129.183, -53.8856
5.2567, 383.785, -23.7328
3.47225, 179.938, 273.134
5.36152, -280.247, -412.982
3.81992, -215.794, 584.911
4.41648, 274.461, -830.106
2.73626, 184.32, 184.421
4.22823, -23.9093, -283.509
3.61594, -774.67, 1303.05
3.81264, 40.295, 396.907
3.05141, -254.4, -257.557
7.40088, -76.3322, 203.851
5.93794, -492.714, -302.243
5.82158, -39.8073, 158.783
5.99501, -24.238, 282.436
2.68746, 196.128, -318.321
3.6706, -277.263, -243.865
3.95397, -761.646, -1166.9
3.50543, -35.5477, 278.945
2.7177, -577.816, 461.851
2.56571, 523.309, -439.055
6.07297, 1019.14, -408.782
6.88348, 187.142, 237.414
5.35088, 341.926, -537.712
6.92743, -132.034, -113.221
5.20042, -193.038, 236.675
3.31357, -467.836, 379.273
3.30492, -397.785, -675.716
7.19182, 154.513, -133.38
3.45628, 346.025, -250.572
3.15761, -465.672, 318.665
4.41122, 335.132, -422.277
6.12674, -324.304, 612.549
2.50651, -1128.35, -233.508
4.60222, 629.497, -490.943
5.18984, 122.687, 93.302
4.86596, -200.379, 18.5078
6.33003, -297.114, 17.956
2.9396, 480.173, 199.629
7.04284, 299.84, 243.329
3.20818, 200.627, -492.544
2.54782, 125.39, -56.3058
2.82267, 238.924, 166.873
4.96742, 230.612, 320.421
5.40914, -160.53, -226.464
4.03373, 582.34, -1146.52
4.57091, 39.257, 262.479
4.33401, -304.566, 18.2316
3.42687, 9.09048, -924.91
2.76788, -325.48, -487.61
4.47222, 146.974, -14.9197
3.98388, 458.971, 456.152
5.05388, 416.281, 282.481
3.75392, 390.314, -728.306
5.01589, -130.785, -186.815
2.51168, 366.559, 93.8435
7.01807, -750.439, 345.681
2.79181, 754.475, 658.712
5.17506, 42.4517, 449.82
3.95754, 605.524, -308.163
7.3023, -122.257, 228.617
4.73406, -700.995, -517.687
5.08479, 224.316, 54.896
5.93861, 3.31087, -325.681
2.72187, -32.9161, 52.5812
7.2946, 735.561, -615.434
5.70852, 30.7159, 261.425
2.80215, 245.213, -266.397
3.33964, 91.6222, 391.882
5.76491, 83.5285, 400.857
6.19864, 404.619, 453.309
3.57011, 120.562, -501.649
4.31441, -44.1271, -137.934
6.56981, 466.584, -388.416
5.32057, 225.928, -75.3528
7.45886, 64.402, -148.236
6.5669, 260.404, -175.203
3.49157, 451.12, -734.985
2.50003, 12.3542, -158.825
4.62608, -607.084, 725.079
4.07406, 437.774, 183.55
5.56218, -749.025, 178
3.83351, 10.1165, -158.739
4.39881, -105.872, -412.773
5.43397, -349.451, -649.536
5.95636, -212.895, 149.415
7.26736, 43.8845, 68.6626
4.89785, 200.547, -495.668
3.60319, -777.461, 354.148
5.33741, 230.707, 132.517
6.09873, 12.5583, -82.5662
4.4953, 703.601, -261.972
3.48326, 604.597, -349.489
6.66971, -18.1281, -236.357
5.59561, 490.867, 140.562
7.26866, 128.39, 372.552
3.23222, 417.546, 414.86
5.38953, 77.1534, -37.1613
7.26796, 227.43, -245.315
3.62331, -703.482, 304.226
7.25137, 35.5607, 41.4075
3.07874, 55.6864, 31.1426
2.58372, -125.317, -340.775
3.90465, -156.933, -192.438
7.15042, 5.55108, 85.8966
3.04796, -691.591, -222.975
6.77266, -39.2773, 300.046
5.68532, 79.2456, -393.906
5.63853, 19.3483, -176.689
3.80589, 72.8022, 158.134
5.13936, 464.57, -448.012
7.16608, -45.3391, -0.228705
3.98055, 129.687, -22.7977
4.78006, -512.795, -377.885
6.35659, 97.4102, 588.523
4.17193, -286.209, -1226.22
6.31775, -102.585, 129.481
6.65892, -590.712, 144.241
2.64618, 545.176, -606.914
4.31315, -300.785, -180.029
4.16221, -250.617, 409.817
3.17675, 30.7646, 147.1
3.00839, 205.641, -656.826
5.11327, 467.694, 20.1867
3.52046, 199.86, -347.447
5.00728, -142.269, -98.4988
5.1371, -742.449, 205.778
4.13422, -126.013, 156.466
4.75888, 180.817, -0.931475
6.85263, 185.718, -73.6791
4.72884, -103.575, -193.346
6.03726, 265.573, 60.7035
6.83171, -603.231, 279.678
6.5822, 267.397, -14.3757
2.67504, -303.599, -138.342
3.8644, 171.286, 613.196
5.21858, -98.1022, -47.9135
3.19942, -296.278, 149.855
5.57408, 89.9933, 37.1625
3.29182, 359.212, -294.007
4.41129, 229.55, -106.268
5.94997, 121.304, 321.732
3.21128, 861.174, -144.856
5.65284, 370.443, -112.428
3.15973, -395.267, -745.193
7.13583, 48.666, 23.1861
5.53465, 732.913, -1151.98
5.50388, 637.115, -252.854
3.33635, 185.354, 134.335
3.301, 184.057, -477.546
5.91628, 36.9285, -8.66665
5.1456, -16.8135, -143.419
3.65264, -599.273, -158.15
6.55373, 31.3439, 326.937
5.76477, -215.055, -140.883
4.08597, 213.176, 384.111
2.53953, 38.5693, 5.76774
3.49176, -143.385, -740.239
3.78831, -427.013, 322.923
3.03825, -252.828, -216.227
3.49545, -544.225, -119.785
6.75079, -761.047, 386.854
6.63912, 50.6012, 27.7915
6.76813, 331.13, 457.772
5.71027, 289.215, -94.2521
3.6787, -656.971, 576.906
6.80638, 154.32, -85.6766
5.4745, -313.086, 416.355
2.52745, -756.923, -660.729
6.84925, 371.637, 504.982
7.37729, 231.442, 324.395
5.59653, -576.427, -481.722
3.85574, 447.181, -148.999
7.46973, -103.754, -65.0519
4.60751, -127.565, 441.637
4.20537, 347.97, 599.922
4.80717, 250.383, -8.80781
4.44822, -263.545, -711.501
4.613, -899.917, -262.432
2.84879, 221.88, -45.2462
5.5153, 258.089, -64.3261
7.36114, 246.39, -35.9709
5.07406, 187.361, 226.806
7.45461, -174.924, 219.607
5.84906, -284.3, -944.135
4.01716, -162.337, 206.04
3.47371, -491.578, -306.394
4.0109, -15.1041, -304.409
4.93946, -140.959, -48.8638
4.72438, -489.274, -355.499
5.7844, -55.3308, -238.421
3.74227, 987.657, 657.372
4.72007, -653.712, -547.806
5.75894, -75.2956, -16.5923
6.67472, 366.713, -433.664
6.03698, 110.925, 157.091
4.93928, 118.208, 425.974
6.72039, 0.449981, 234.244
7.00296, 33.0723, 228.242
6.33082, 249.884, 297.48
5.29453, -655.568, -284.104
2.70603, 599.462, 98.2262
5.46749, 76.3219, -395.473
2.68674, 241.097, -654.691
4.53488, 235.315, 19.6379
2.84243, 350.237, -267.967
7.38558, -132.832, -153.107
2.5956, 813.371, 718.754
6.60363, 146.091, 423.498
5.2195, 749.541, -391.637
5.72828, -243.829, 410.894
3.62934, 30.2896, -183.355
2.733, -142.93, 20.7153
3.63154, 59.3622, -144.872
4.58371, 453.615, -203.013
6.40126, -342.522, 67.7154
3.72852, 298.05, -634.414
4.81411, -14.1067, -107.489
6.14756, -115.882, -410.901
5.35237, 665.03, -175.009
5.45997, -400.713, -458.68
4.98425, 224.526, -264.614
3.951, -178.431, -296.991
4.71107, 289.415, -71.3622
2.53669, -408.566, 631.424
7.41683, -20.2784, -230.458
2.52822, -294.635, -84.5372
4.8676, -238.919, 162.785
5.86497, 626.386, 923.655
