6.27803, -723.878, -806.666
3.5948, 7.88678, -164.81
5.89648, 347.241, -797.178
5.09708, -228.254, 838.465
2.76731, -916.413, 700.467
2.53849, 374.236, 6.42494
4.58743, -735.664, -216.579
7.15218, 181.841, 369.488
2.95982, 27.9016, 622.919
6.00595, -157.07, 261.245
3.81226, 586.527, 792.259
4.14117, 466.659, -811.326
7.45519, 357.45, 214.491
7.41275, -505.451, -230.513
5.75759, 434.681, 388.15
6.92354, 243.641, -756.434
6.33247, -180.13, -494.046
3.87453, -510.125, -102.577
4.93259, -574.763, -266.358
2.80282, 787.79, 800.922
5.08146, -5.79771, 676.585
4.96988, 846.079, -401.221
7.23882, -690.057, -493.126
4.42071, -56.0369, -757.287
5.14874, 805.972, -467.139
2.75042, 878.176, -185.072
6.63909, 512.739, 479.831
5.94228, -795.067, -621.455
6.18112, 284.148, 721.809
6.94286, 876.432, 450.463
4.25508, -371.313, -529.951
6.72991, 181.654, -6.52468
3.84659, 539.279, -103.656
4.83959, 39.4017, -177.762
3.2686, -654.517, -466.536
2.66527, 587.575, 107.886
7.2768, 6.51249, 71.093
6.95369, 131.42, 424.604
3.29884, 576.004, 168.723
3.15214, 425.256, -550.234
2.515, -446.582, -761.233
6.0491, -761.049, -212.689
3.40448, -483.351, 742.948
5.76029, 750.393, -291.364
4.42907, 412.502, -633.179
3.23766, 113.742, -194.731
5.45054, 595.828, 108.25
3.24076, 185.842, 821.565
3.2091, -146.933, 865.631
4.94257, -437.18, 98.1832
3.13015, 742.088, -10.1831
5.64635, -314.438, -528.925
5.60817, 260.06, -641.165
4.88216, -474.616, 557.011
2.64188, -499.498, -211.008
3.21011, -59.767, 646.053
3.15594, -209.156, 797.386
3.31099, -774.638, 715.68
3.76529, -219.589, -726.378
4.77654, 509.465, -664.14
6.54472, -72.617, -272.006
3.57624, 263.379, 704.984
3.75063, 716.878, 347.202
5.02978, -78.0025, 655.822
6.27922, 606.571, 90.1114
5.66369, 776.19, -16.0123
5.9449, 574.094, -140.894
7.27207, 873.678, 449.285
5.18713, -344.731, 605.117
4.57014, -669.341, -17.2237
4.70019, 693.212, 156.135
6.07821, 676.673, 437.448
6.20858, 315.918, 562.745
5.12494, 706.789, -883.664
6.06711, -765.819, -100.206
5.91025, 339.174, 10.1595
6.82941, 797.631, -548.103
3.19597, 22.7284, 693.698
3.57766, 828.789, -164.808
5.0733, -306.068, -134.362
4.83766, -80.2805, 643.287
3.55759, -214.506, 602.289
5.65244, -630.422, 862.305
2.5044, -828.03, 201.151
4.09589, 387.76, 477.941
5.90281, 281.403, -118.341
6.0446, 613.727, -526.473
2.90869, -743.271, 567.807
3.56926, 274.39, 455.945
4.44412, -765.906, -522.021
4.44927, 814.423, 810.328
3.92018, 343.633, -457.38
4.6123, 507.055, 490.099
2.55658, -652.886, -481.425
3.72027, 840.556, -683.057
4.49072, -681.832, 614.327
6.64177, -723.039, 212.52
3.78584, 795.533, -698.963
3.59705, -624.314, -460.777
6.47385, 300.641, 287.327
5.8476, 425.157, 379.214
5.49108, -837.799, 247.857
5.99917, -318.737, -519.417
5.13062, 520.21, -674.935
4.14833, 252.182, 127.812
3.30844, -769.235, 310.868
6.56633, 654.085, 0.597418
4.08004, 355.838, 160.885
4.05369, 30.4879, -710.442
4.65424, 41.767, 116.694
4.46509, -152.977, -567.05
4.43916, 85.5887, -176.405
4.34871, -684.703, -513.623
5.88118, 331.284, -519.335
6.10384, 328.331, -31.6312
7.20082, -44.7551, 845.069
5.08573, -78.3644, -434.469
5.5282, -160.987, 269.433
5.85049, -638.228, 871.627
5.11404, 63.0661, -224.403
3.87105, -798.683, 548.921
7.08924, 155.601, 314.748
3.73367, 810.068, -459.873
4.77876, 321.255, 552.177
3.30374, -861.944, 627.544
4.68319, 299.833, 259.005
7.45767, 413.71, 118.697
6.26931, -391.144, 380.316
4.97846, -811.519, -583.371
7.01651, -622.557, -681.419
4.68213, 491.85, 473.915
5.09239, 128.548, -846.184
4.44866, 128.288, -711.017
5.63431, -182.588, -461.647
5.19331, 291.391, 229.455
4.35955, 588.473, -448.686
2.54674, -325.453, 324.68
6.3794, 5.1018, -667.508
2.85317, -812.561, -514.501
3.98511, 369.896, -708.051
4.78581, -53.4445, -712.632
3.25156, -92.4354, 5.33284
5.97819, 599.975, -411.431
4.15587, 355.134, 130.732
5.21197, 872.704, -783.99
2.64678, 727.144, -893.263
5.38086, 63.74, -194.217
5.18133, 380.227, 441.896
7.36678, -704.725, -842.593
5.57063, -296.545, -513.724
5.26431, -689.946, 233.613
6.69051, -245.882, 823.974
3.75764, -578.149, 762.573
6.98957, 566.679, -124.667
5.97428, 492.01, -455.695
5.82752, -447.367, -90.7377
3.06838, -643.069, -710.872
3.37987, -844.434, 108.716
2.91253, -184.111, 153.265
6.68103, -168.075, 296.784
2.64818, 857.017, -627.215
6.34719, -65.505, -750.015
4.29829, -474.384, 747.391
6.24626, 43.8805, 507.491
6.28385, 340.999, 274.455
3.60834, -503.353, -798.529
5.58305, 274.555, 120.906
3.66846, -480.563, -231.949
6.22052, -715.846, 234.657
5.80997, -778.744, -640.001
4.9209, 898.131, -731.585
2.58972, 812.005, 120.5
4.98291, 351.996, 165.753
5.09587, -28.9599, -753.137
4.71395, -788.551, 435.593
4.14528, -84.534, 833.629
3.52671, 445.87, -72.0907
7.19863, -176.629, -473.18
2.85168, -577.821, 746.149
3.30042, 16.034, -734.595
6.70788, -667.099, -12.1716
4.13614, -190.066, -237.364
6.85942, 191.335, 359.905
5.99896, 616.197, 499.213
5.52801, 820.28, -191.384
4.77536, 37.2511, -180.299
2.91543, -549.276, -251.091
3.94883, 81.7041, -199.15
6.51009, -665.592, -668.544
6.81821, 353.06, 13.223
3.81831, 364.742, -467.656
4.79881, -740.582, -249.898
4.95672, 572.701, -462.972
5.82344, -453.472, -859.328
7.31738, -579.784, -205.389
7.23022, 529.288, -696.387
2.81902, 253.902, -604.182
5.04829, -404.352, -263.08
6.13222, 714.403, 617.644
5.65882, 490.736, -248.38
3.26658, -846.208, -861.337
5.09652, -791.626, 441.505
3.52281, -497.418, 772.221
6.03231, 340.471, -785.408
6.05786, -454.603, -85.1866
3.66304, -438.353, -260.681
6.80594, 51.9233, -190.563
2.67122, -9.24511, 827.766
6.26587, -816.418, 124.47
4.14789, 588.83, 99.8621
4.65309, 0.169204, -448.716
7.33455, 823.251, -158.331
4.05803, 683.826, 590.152
5.69762, 784.826, -670.926
5.95386, 749.117, -11.7564
5.36403, 51.9549, 592.774
6.60667, 793.183, -690.788
4.21807, -806.964, -642.942
5.09387, -790.948, -613.884
6.78438, 107.858, -817.166
6.18587, 303.569, 83.9992
3.45992, -772.007, 290.878
2.83145, -276.41, 312.071
3.60828, 854.642, -681.64
3.33656, 57.7499, -157.629
6.31172, 377.816, -774.732
5.44905, -789.866, 317.888
4.65223, 841.371, 800.673
7.09618, 609.435, 20.0614
5.09668, 385.556, 144.994
7.38058, -644.644, -65.1291
5.15714, -427.274, 66.1675
2.98716, 316.743, 285.067
5.83983, 193.087, 144.41
5.44444, 177.956, -7.10835
5.01137, -640.663, -33.903
2.75808, -775.991, 316.665
2.6753, -243.109, -41.9341
4.41484, -773.117, -569.583
5.55555, 235.104, 134.41
5.06574, 575.053, 806.404
5.98498, 343.154, -10.7216
4.89891, 52.634, -180.863
3.88323, 34.0233, 426.105
6.01685, -423.928, 166.367
3.67701, 738.179, -37.6852
6.41501, 98.766, -180.749
6.60589, 256.318, 728.117
3.21842, -446.194, 44.4344
5.75757, -486.084, 759.414
3.87677, 831.686, -851.393
7.26215, -451.762, 613.459
4.58238, -647.744, -13.8817
3.03869, -122.065, 344.276
4.70633, -749.964, 530.04
6.28811, -427.945, -226.677
2.77803, -372.157, -223.704
3.51241, 12.8942, 76.3408
6.82305, 843.211, -667.853
6.52456, -227.229, -41.826
2.78861, -627.605, -578.928
4.40304, -24.3345, -613.005
4.56124, -84.7439, 669.893
2.80071, -322.913, 321.615
7.09746, 724.284, 589.815
3.35398, 582.123, 790.886
6.51634, -812.399, 195.978
3.88599, 671.111, 37.6972
4.44586, 165.592, 738.22
7.19936, 39.2639, 608.921
6.24573, 161.917, -210.284
3.44774, -370.704, 715.897
6.89581, 371.005, 445.321
6.8953, 383.48, -734.405
3.30515, -707.353, -182.832
5.87346, -762.6, -230.123
6.89096, 568.799, 196.76
6.98262, 264.666, 421.099
3.06535, 0.955427, 717.729
5.93789, -208.081, -251.977
3.21651, -603.275, -734.163
3.6901, 328.147, 18.0918
5.64383, 804.098, -190.652
4.312, 717.203, 348.223
4.64437, 615.027, 641.804
4.91936, -56.9062, -761.136
6.20379, 7.47619, -173.309
3.23098, -370.846, 693.573
7.36238, -763.681, -650.558
7.3158, -474.512, -226.386
3.14741, -507.459, 591.47
5.3784, -235.357, -541.211
4.66439, 12.3034, -184.3
5.50066, -252.43, -251.713
5.85098, -673.094, -52.8083
4.5137, 408.217, 896.988
6.46691, 702.798, 609.469
4.89889, -834.109, -220.386
5.72449, 329.723, 245.354
4.28836, -290.651, 610.276
5.96794, -285.565, -211.785
5.83428, -413.976, -608.839
3.22071, -421.743, 677.307
7.10415, -814.367, 168.874
4.22228, 53.5962, -183.152
6.66824, -375.765, -463.182
2.74349, 304.709, -647.611
3.27936, -304.751, 17.2098
2.55765, 223.902, 487.918
3.94327, 88.6157, 560.971
5.07295, -317.682, -160.401
3.65948, 644.583, 423.459
2.75022, -252.108, -4.57947
5.33091, -646.001, -698.926
6.69774, -86.1607, 674.531
4.28763, -654.832, -469.347
4.3452, 153.513, 775.943
7.22226, 291.419, -59.6104
4.72425, -809.476, -174.643
6.82086, 429.99, 181.638
5.82654, -772.354, -639.77
5.79297, 149.421, 614.63
7.10736, -891.537, 893.181
5.11536, 828.348, -677.269
5.45229, 420.987, -435.098
5.79944, 595.759, 651.529
4.24765, 273.741, 444.427
4.11714, 349.772, 11.5136
7.08984, -92.1122, 655.894
3.08619, 861.136, -456.745
7.31268, 538.834, -102.431
5.17978, 0.267917, -165.902
5.81447, 714.929, 591.495
5.48362, 815.175, -448.305
6.93363, -512.589, -661.195
6.67999, -643.487, -529.695
6.69339, 242.344, 113.414
6.85642, -156.881, 294.046
2.5002, -817.853, 307.931
4.77274, 333.514, 256.237
4.25696, -813.066, 189.447
5.80713, -241.813, 663.657
6.22234, -861.187, 170.979
3.3821, -185.406, -486.603
7.4621, 834.726, -681.943
5.95466, -845.367, 218.267
6.97862, 189.484, 1.63523
3.51579, 294.239, -67.3608
7.2356, -478.138, -97.4145
4.88476, 800.345, -451.088
6.78578, 884.622, -713.708
6.41237, -807.404, -528.195
5.70687, 864.495, -803.305
3.14521, -728.883, 255.986
5.77944, 3.53503, 708.501
3.09199, 63.6165, -20.6793
3.88793, 259.466, 710.539
6.65548, -251.965, -242.309
6.14153, -609.847, -449.839
6.74348, -616.223, 278.456
3.43989, -681.84, -818.518
6.09602, 524.424, -305.371
4.25586, 165.13, 295.617
3.34555, -432.74, -672.318
4.52383, 288.599, -527.335
4.20924, 147.582, 684.546
6.67141, 311.023, -63.4301
3.9111, 721.511, 638.232
5.16766, -673.638, -490.087
6.25085, 843.867, -834.915
4.62554, -660.231, -705.359
4.66964, -513.283, 559.443
3.03022, 803.649, -905.997
6.4639, -89.4105, -389.229
3.91232, -654.271, -481.759
7.14264, -483.455, -235.062
5.37926, 274.217, 452.154
3.4895, 732.569, -321.461
5.99081, 520.096, -699.097
3.07265, 404.826, -788.468
4.22945, 266.116, 711.177
4.15646, -419.937, -229.883
6.42735, 823.858, -839.391
6.65775, 437.259, -177.743
4.21712, -705.291, 723.633
4.2603, -256.502, 764.998
6.38197, 105.624, -734.612
6.58658, 1.51506, 719.138
4.26157, -209.694, 289.611
7.09559, -389.885, -258.467
3.2877, 543.681, 186.226
5.56029, -445.812, 622.591
5.54222, -422.994, 678.449
3.16647, -219.634, -651.066
3.51409, -622.357, -452.805
4.79457, -776.814, 548.971
3.48759, -338.446, 813.901
6.77118, -783.737, 313.141
6.54562, -726.267, -647.484
2.80131, -843.263, 747.269
6.50584, -691.698, 601.074
5.49597, -209.166, -488.555
7.43182, -838.677, 248.061
2.65919, -105.732, 702.474
6.8356, 862.842, -679.452
3.69109, 542.1, 240.376
3.6127, 189.066, 384.617
4.73907, -810.672, -563.561
2.61231, 850.769, -162.026
6.79755, -254.004, -4.62628
4.15902, 250.995, 464.471
5.72195, 365.577, 296.507
7.43521, -802.885, -576.071
5.30162, 293.64, -514.877
4.74553, -751.846, -211.599
5.213, 103.793, -739.173
2.90797, 790.835, -67.7788
3.99606, -692.827, -247.765
6.63964, 733.83, 560.023
6.48936, 551.345, 791.804
5.71048, -73.2243, 696.169
4.84105, 594.785, 301.095
7.15326, -164.759, -484.455
5.08798, -233.854, -28.4984
7.42924, 827.188, -447.584
5.94567, -15.6931, -645.115
6.19966, -175.634, -500.392
3.46323, -420.747, -810.329
6.08881, -504.476, 578.245
6.11146, 606.412, -51.2183
6.49298, 283.423, 132.882
4.23216, 244.181, -882.351
5.1481, 43.1527, -193.307
3.19001, 723.126, -323.056
6.73218, -219.05, -227.804
6.32766, -8.66851, -754.832
7.5, 806.826, -451.474
4.24891, 483.396, 880.021
5.50367, -468.022, 562.525
3.50808, -487.063, 27.5155
6.2385, 42.0644, 116.064
6.49225, 832.31, 235.058
3.03505, -675.865, 100.948
5.35813, -470.329, 11.4398
2.84683, 330.515, -351.796
4.16036, 724.404, 591.106
5.80945, 402.193, -662.197
5.27726, 92.3019, -186.459
7.12415, 221.62, -3.4699
2.69832, -416.145, 140.723
2.62083, -247.853, 155.547
4.61923, 253.652, -600.141
4.36987, 407.754, 170.708
2.93303, -245.102, -243.041
3.05403, -108.927, 149.65
5.31992, 340.114, -378.695
7.37269, -3.06713, 679.93
3.05066, -4.86126, -755.297
5.99352, 109.37, 839.727
2.79674, -61.8557, -610.591
4.69755, 758.15, 22.0936
5.24651, 895.799, 675.476
3.45129, 634.254, -697.002
7.36597, 335.775, 280.542
3.19593, -631.091, -81.3914
5.48978, 776.549, -441.531
7.12812, -797.463, 702.9
3.91116, -47.9863, 836.46
6.8307, -130.042, -85.7442
6.29598, -153.438, -470.274
6.10793, 326.227, 542.725
3.34241, -318.576, 310.097
3.32882, 747.589, 423.48
3.39076, -651.284, -869.875
5.87226, 289.457, -523.353
4.83484, -199.966, -24.5287
6.85219, -733.563, -355.366
5.76023, -611.323, -68.8138
5.80464, 708.734, 785.15
2.58037, -633.749, -536.745
4.30596, -729.131, -647.896
3.72747, 808.081, 121.165
6.93086, -861.592, -866.585
5.23701, 787.794, 783.435
6.57209, -28.6625, -644.731
5.24453, 170.284, 811.986
4.16156, 490.955, -74.2025
4.40213, -70.2575, -621.596
2.52389, 836.777, 568.674
6.95226, -86.0927, -425.129
6.16955, -439.089, 671.212
6.04239, -67.3619, 688.426
5.1278, 14.2287, -177.887
6.41065, -111.483, -738.366
3.42484, -407.027, -402.263
5.72673, 287.604, 470.403
3.42178, -578.378, -270.565
3.31214, 9.66645, -152.213
2.65594, -228.628, 810.514
7.42716, 152.851, -692.074
4.04559, -298.784, -599.268
4.11075, -578.664, -274.878
5.51155, 236.319, -179.408
2.89107, -296.16, -834.249
3.93936, 11.8083, 92.4771
5.79307, -162.846, -503.634
7.36348, -832.64, -366.489
7.27758, -361.47, -702.608
7.42745, -610.018, -278.282
7.30478, -764.078, -628.867
3.0073, -479.734, 617.418
3.71505, -175.163, -499.044
6.91151, 148.025, -315.354
5.28805, 316.84, 542.695
6.7669, 759.514, 559.997
7.49145, -474.298, 567.075
3.99751, -124.459, -549.632
6.33157, 858.406, 394.356
4.81901, 277.448, -141.234
6.8168, -616.918, -684.583
6.99018, 773.507, -62.4996
7.377, 224.453, -412.182
2.77405, 601.277, 210.202
6.32605, 838.169, -680.274
5.09219, -851.48, 728.342
3.46574, 874.206, -146.612
6.98252, 247.21, -542.028
6.38492, -787.435, 116.556
2.75968, 336.659, 512.311
7.47331, -790.999, 691.776
5.93659, -75.8513, -397.633
5.94854, 828.826, 488.651
6.57666, -584.838, 737.404
7.05426, -86.8016, -408.463
3.34218, -148.693, 256.266
5.24183, -595.061, 748.595
6.53351, -506.888, -225.593
4.17803, 281.728, -525.137
5.53435, -101.569, 11.433
6.59602, -784.229, 360.608
7.3485, 58.0552, -170.884
6.29349, 511.43, 525.604
3.72113, -126.986, -109.279
5.80589, -575.679, 340.159
4.21574, -558.929, -345.823
7.27146, 330.444, -336.827
2.60828, 746.833, 516.61
4.54979, -862.723, 864.985
2.55789, 547.817, -725.55
3.04964, 765.418, 180.687
5.28259, -803.48, 130.852
4.45466, 88.1857, -188.698
7.20539, 100.831, -180.223
2.55572, 177.567, 423.467
6.22897, -199.968, -513.589
3.84293, 205.469, 132.125
4.27153, -532.049, -731.432
3.45835, -406.097, 650.512
5.14832, 315.948, -108.792
4.39478, 5.05939, -768.544
3.16407, -54.6722, -780.882
4.26563, -138.79, -450.133
4.2497, 764.97, 886.602
7.41084, 577.134, -142.221
5.25961, 114.55, -323.009
4.99918, 34.4323, -694.262
3.58531, -808.234, 271.523
4.37311, -166.301, -459.663
6.78251, -660.027, -477.985
6.45578, 783.334, -467.97
3.9204, -573.442, 766.962
5.07645, 409.954, 172.918
6.79238, -248.31, 45.5908
7.07844, -765.905, -193.7
7.48941, 159.388, 815.534
6.53177, 80.6861, -191.018
5.22718, -768.376, -217.104
7.3461, 149.461, -683.477
5.31931, -556.579, 371.769
4.03031, -465.238, 592.831
5.41853, 880.569, 841.678
2.91197, 28.1324, -168.337
5.47382, 325.858, 546.865
3.31968, -561.732, -529.161
6.46527, -663.37, -516.396
2.95373, 592.453, 651.476
6.3072, -487.658, -668.176
6.83996, -250.895, -10.9155
6.40105, 110.557, -343.947
6.61399, 815.774, 810.837
6.70974, 377.576, 533.203
4.48328, 372.917, 201.828
6.508, -100.917, 167.288
6.56811, 320.432, -5.92223
5.43493, -389.793, 71.1081
4.64621, 769.112, -33.8412
2.5002, -94.7411, -412.8
5.31153, -810.696, 326.647
6.22632, 335.722, 267.72
3.89846, 797.972, 227.808
2.93406, -848.667, 517.657
3.5733, 876.48, -820.822
3.93296, -450.41, 621.939
4.86595, -326.298, 441.446
6.95893, 858.738, 808.573
5.91955, 512.032, -479.708
3.54376, 6.24333, -162.547
6.67533, 733.262, -30.4949
7.09218, 822.784, 881.67
4.48244, -519.972, -664.091
6.37858, 542.502, 487.656
5.68161, -124.541, -102.191
6.64746, 460.479, 201.847
3.40204, 519.674, -450.594
7.45927, 525.161, -691.37
6.70558, -126.02, -725.649
4.65177, 832.731, 209.922
4.38589, 516.502, 795.927
2.70802, 608.07, -488.564
6.80715, -628.863, -462.933
6.62116, 843.909, -831.069
6.25052, 28.9578, 679.428
3.55801, -190.579, 829.356
4.31029, -764.387, -224.527
4.43545, -663.296, -682.52
7.32918, 686.148, 613.131
6.5872, -78.4423, 664.469
4.5755, -48.2418, 418.076
5.83759, 250.153, 122.162
2.52101, 458.036, 822.704
6.98048, -685.785, 189.307
3.68416, -316.24, 324.723
3.79415, 314.333, -58.578
5.4939, 399.247, -663.634
6.89823, -796.863, 330.733
6.16299, -644.748, -564.621
6.0773, 765.735, 572.776
3.57724, -545.37, 495.289
6.30413, 718.417, -896.291
3.85351, -93.4483, -422.911
2.75246, 540.35, 243.132
4.78866, 361.224, 321.329
2.58759, 407.935, -639.765
3.01129, 14.3957, -174.81
2.639, -211.863, 292.533
5.65921, -366.345, -517.811
6.34425, 41.3335, -181.046
2.74132, 553.308, -746.572
6.6924, -31.5395, -637.439
6.76899, -219.4, -222.643
6.57649, -521.948, 567.549
6.85188, 787.876, 360.512
5.27222, -595.764, -120.154
6.12646, -248.761, -111.266
3.20424, -324.509, 813.498
6.6115, 482.638, -455.016
5.51185, 625.787, -160.364
4.93856, 468.041, -828.502
6.14942, -253.923, 764.035
4.05164, 754.553, -634.508
3.93925, -719.086, 287.314
5.45857, -861.985, 701.744
5.34055, 557.049, 792.354
5.41059, -804.441, -525.692
2.84132, -685.438, 226.091
4.34304, 96.6588, -346.789
6.28475, -813.108, -548.339
6.35297, -447.627, -800.6
4.27217, -420.526, -222.368
5.98913, 153.053, 789.72
5.08005, -619.747, -270.8
5.94494, 365.414, 145.169
6.18066, -99.7006, 676.665
2.56231, -287.956, -611.068
7.16549, 574.314, -149.018
5.37826, 210.995, 99.4987
3.05587, 579.179, 979.222
4.87388, -98.1659, 2.31609
3.24247, 217.124, 101.343
4.22594, 79.2643, 428.184
7.04476, -825.23, 202.014
4.54571, 35.9544, 513.726
5.96642, -641.607, -62.4658
3.35865, 375.609, -782.269
6.21715, 807.87, -442.968
4.16319, -438.449, 667.24
4.62157, 578.579, 332.277
2.79523, -198.064, -93.9786
5.09005, 248.576, -188.377
5.94425, 403.874, -527.669
5.01149, -237.027, -19.5917
6.56617, -156.593, -693.322
3.07974, 117.858, -838.27
5.24841, 242.078, 444.833
5.06046, 251.596, 61.9979
6.02649, 871.401, 459.085
5.65083, -259.533, 811.223
4.0207, -55.7375, -611.753
6.74719, 302.001, 260.572
3.39619, 641.324, -35.1802
2.61737, -446.394, -34.3653
4.19467, 600.673, 13.3673
3.43818, 307.062, -64.2301
6.60467, -247.519, 165.172
6.72507, -853.302, -171.274
6.78031, 869.9, -659.126
7.37454, -862.43, 623.012
2.99587, 390.001, -426.317
2.56182, 572.25, 591.984
2.58614, 248.135, 453.547
2.64527, 191.291, 117.404
4.1031, 120.105, -293.743
6.17815, 589.922, 276.669
3.14876, 242.953, 453.956
2.5161, -373.166, 426.475
6.91905, 86.755, -676.624
3.70482, 220.078, -492.66
4.38481, -795.459, 683.195
4.44879, 564.897, 100.437
2.81534, 597.908, 287.166
7.30792, 146.547, 782.351
3.75349, 727.148, -317.487
6.85376, -645.06, -61.2039
2.85991, -767.975, 308.045
2.70653, -536.682, 556.696
3.46378, 329.178, -472.355
3.86708, -298.238, 293.498
7.4007, -877.75, -339.231
3.60607, 298.619, -508.734
6.43119, -828.465, 793.069
4.42306, 218.785, -360.925
3.78593, 413.769, -611.454
3.91087, -820.288, 147.064
7.33834, 836.526, -75.7671
4.22841, 621.956, 127.299
3.45922, -798.402, 688.735
5.05037, -540.268, -334.832
5.21857, -512.24, 524.984
5.72333, -643.752, -546.505
3.89738, -14.3285, 637.826
3.41887, -292.508, -618.091
2.71579, -758.768, 329.646
3.98408, -473.54, -208.316
4.25548, -230.947, 114.477
7.09372, -437.755, 662.283
5.81225, 479.19, -325.543
5.08041, 776.593, 541.056
4.03763, 537.492, 470.365
3.0007, -275.159, 124.082
3.47502, 333.286, -867.737
4.11407, 37.1741, -207.682
5.56182, 808.241, 74.7812
5.13511, 884.369, -886.701
3.45653, 317.629, 258.606
4.7178, -666.452, -479.509
4.48693, -584.047, 730.005
6.28051, -572.114, 776.955
6.6213, 698.372, 626.52
5.51573, 103.007, -343.109
3.04573, 539.246, -681.628
4.11797, 448.237, -186.898
5.03403, 50.3336, 285.921
4.76521, -597.888, 779.308
4.77315, -182.277, -539.593
4.91125, 857.297, 866.479
5.07896, 325.961, -653.587
4.50207, 145.574, 803.053
4.22945, 850.077, 388.943
6.64533, 801.974, -188.862
3.02204, -589.018, -712.009
6.40057, 498.545, 524.869
3.19919, -286.23, -212.823
2.62171, -771.2, -560.792
6.0664, 355.707, -609.742
7.15538, 77.8978, -676.937
7.47667, 239.795, 98.1687
3.86264, -858.83, 165.828
3.6923, -495.711, -210.801
3.87328, 812.442, 584.84
5.70836, -768.916, -630.931
5.17637, 291.469, 161.703
6.8967, 733.459, -299.993
6.75968, -642.352, -681.237
2.98004, 797.22, -62.6682
4.66818, -655.97, 202.992
3.17045, -173.477, -688.063
5.86802, -207.694, 294.139
5.34964, -81.7654, -403.917
3.66474, -441.81, 645.786
5.50306, 226.157, -590.03
2.6551, -649.009, 12.5393
7.08512, 503.354, -291.522
3.82958, 851.402, -163.392
6.50016, -169.629, -508.818
5.46389, 102.832, -730.3
5.0822, 337.963, 545.538
5.2567, 348.979, 468.331
3.47225, 416.873, -189.757
5.36152, 100.436, -680.492
3.81992, 213.566, 345.868
4.41648, -780.793, 497.017
2.73626, -719.554, -858.727
4.22823, 549.847, -715.935
3.61594, 619.471, -397.225
3.81264, 38.5857, -684.494
3.05141, -393.223, -496.847
7.40088, -675.616, -41.4523
5.93794, 730.882, 597.927
5.82158, -540.144, -340.679
5.99501, -584.28, -616.742
2.68746, -761.442, -650.196
3.6706, -621.935, -682.249
3.95397, 687.274, 612.765
3.50543, 38.0465, -169.614
2.7177, 367.924, 317.217
2.56571, -499.443, 623.701
6.07297, -472.104, 749.231
6.88348, -819.589, -565.204
5.35088, -790.298, 361.869
6.92743, 796.194, 813.913
5.20042, -418.41, -232.886
3.31357, 870.961, -686.621
3.30492, 872.582, 456.008
7.19182, 350.611, 282.521
3.45628, 471.653, -727.032
3.15761, 8.19771, -159.128
4.41122, -238.937, -36.0688
6.12674, 275.081, -118.383
2.50651, 573.407, 806.017
4.60222, -47.929, 676.5
5.18984, 253.456, -179.727
4.86596, -210.149, 221.052
6.33003, 576.351, 788.311
2.9396, 513.475, -472.878
7.04284, 157.023, 275.661
3.20818, -748.755, -418.42
2.54782, 322.854, -39.1569
2.82267, 276.404, 454.77
4.96742, 359.249, 222.836
5.40914, 478.904, 865.291
4.03373, -847.096, 542.75
4.57091, 753.662, -3.18975
4.33401, -605.28, -588.278
3.42687, 155.258, 615.084
2.76788, 474.312, 161.44
4.47222, 440.767, -59.9512
3.98388, -280.573, -223.567
5.05388, -351.98, 744.598
3.75392, -677.58, 200.387
5.01589, 864.617, 870.237
2.51168, -72.4224, 683.004
7.01807, 805.141, -460.669
2.79181, -864.542, -832.768
5.17506, -566.525, 735.173
3.95754, -369.121, 772.514
7.3023, -725.498, -190.679
4.73406, 341.703, -143.063
5.08479, 773.814, 194.415
5.93861, -250.358, -13.1927
2.72187, -151.525, 20.0401
7.2946, -744.393, 571.931
5.70852, 331.677, 148.095
2.80215, 420.452, -656.978
3.33964, 127.55, 254.602
5.76491, 441.188, -186.111
6.19864, -819.572, 308.546
3.57011, 825.893, 205.721
4.31441, 156.971, -639.824
6.56981, -640.885, 886.542
5.32057, 789.459, -496.21
7.45886, -13.9035, -755.43
6.5669, -798.84, 338.237
3.49157, -878.584, -8.54625
2.50003, -135.46, -709.959
4.62608, 838.76, -667.063
4.07406, 844.438, 279.544
5.56218, 582.672, -845.756
3.83351, -181.574, -492.349
4.39881, -599.386, -100.009
5.43397, 834.552, 254.294
5.95636, -54.4191, -418.208
7.26736, -345.134, -498.225
4.89785, -311.936, -836.043
3.60319, 401.164, -666.39
5.33741, -636.625, -450.792
6.09873, 307.701, 258.678
4.4953, -447.871, 618.964
3.48326, -637.113, 866.202
6.66971, -598.551, -726.186
5.59561, -446.669, -782.513
7.26866, -258.96, 129.263
3.23222, 50.6692, -175.757
5.38953, -48.1847, -413.643
7.26796, -446.444, 606.702
3.62331, 692.027, -884.64
7.25137, -493.524, 720.039
3.07874, 826.522, -475.291
2.58372, 15.2271, -209.11
3.90465, -318.605, -159.475
7.15042, 557.354, 70.6777
3.04796, 804.957, 803.097
6.77266, 21.7642, 624.634
5.68532, -625.1, -701.354
5.63853, 401.074, -662.374
3.80589, 711.728, 605.178
5.13936, -809.766, 194.632
7.16608, -221.409, 829.02
3.98055, 832.672, 99.136
4.78006, 195.084, 370.874
6.35659, -656.675, -506.986
4.17193, 186.398, 111.509
6.31775, -5.56672, -758.935
6.65892, -22.472, 815.359
2.64618, -723.228, 547.984
4.31315, 664.555, -242.339
4.16221, 236.524, 453.912
3.17675, -405.876, -136.595
3.00839, -252.828, 607.159
5.11327, -560.256, 723.992
3.52046, 37.6881, -479.549
5.00728, -831.781, -567.434
5.1371, -27.671, 822.722
4.13422, -169.922, -217.893
4.75888, 264.143, -346.834
6.85263, -54.5015, 827.654
4.72884, 569.211, 784.215
6.03726, -477.045, -758.523
6.83171, 836.916, -666.721
6.5822, 756.156, 182.11
2.67504, 814.535, 748.819
3.8644, -606.541, -279.061
5.21858, -366.943, -404.158
3.19942, -820.925, -563.597
5.57408, -718.144, -846.32
3.29182, -500.882, -714.805
4.41129, 129.221, 205.641
5.94997, -108.228, 149.238
3.21128, -432.267, 514.295
5.65284, -786.479, 722.193
3.15973, 156.804, 767.143
7.13583, -691.48, 187.244
5.53465, -848.645, 720.277
5.50388, -764.268, 320.83
3.33635, 494.432, -455.715
3.301, -751.052, -412.229
5.91628, 542.369, -12.5282
5.1456, -644.769, -104.179
3.65264, -85.7775, 660.251
6.55373, -439.804, -75.1634
5.76477, -396.677, -523.536
4.08597, -615.729, -600.117
2.53953, -255.974, -740.253
3.49176, 717.024, 591.04
3.78831, 39.1374, 358.854
3.03825, 777.075, -11.7489
3.49545, 109.882, -326.041
6.75079, 798.538, -722.932
6.63912, -811.599, 176.038
6.76813, -765.825, -551.495
5.71027, 287.592, 721.991
3.6787, 679.791, -884.707
6.80638, -510.879, -704.115
5.4745, -103.519, -130.045
2.52745, 490.349, -34.3
6.84925, -656.479, -485.458
7.37729, 580.577, 196.575
5.59653, 348.098, -49.9206
3.85574, -762.698, 317.341
7.46973, -210.991, -510.384
4.60751, -633.293, -455.23
4.20537, -768.71, -566.048
4.80717, 310.711, -55.5649
4.44822, 236.325, -375.288
4.613, 47.2042, 519.006
2.84879, 159.942, 283.537
5.5153, 16.2538, -185.697
7.36114, -55.3603, 175.336
5.07406, -716.578, -482.272
7.45461, 800.012, -133.367
5.84906, 565.405, -131.124
4.01716, -589.574, 34.2535
3.47371, 765.036, 574.516
4.0109, -719.479, -812.02
4.93946, -377.51, 430.977
4.72438, 481.297, 882.795
5.7844, 384.779, -821.893
3.74227, -727.837, -644.671
4.72007, 22.1858, 493.926
5.75894, -643.611, -66.9997
6.67472, -681.886, 256.156
6.03698, 152.199, 788.806
4.93928, -796.396, -656.708
6.72039, 372.018, -175.646
7.00296, -480.788, -231.108
6.33082, -655.396, -488.54
5.29453, 604.147, 860.355
2.70603, -3.53975, 80.5206
5.46749, 541.035, 96.62
2.68674, -590.239, 736.072
4.53488, 145.972, 400.534
2.84243, -867.072, -839.71
7.38558, -693.851, -797.99
2.5956, -540.395, -201.518
6.60363, -193.514, -235.42
5.2195, -360.215, 769.604
5.72828, 697.469, -327.274
3.62934, -252.62, -44.9865
2.733, 890.106, -631.544
3.63154, 209.786, -547.995
4.58371, -639.944, 121.869
6.40126, 231.744, -603.389
3.72852, -769.824, 314.385
4.81411, 590.26, 108.767
6.14756, 855.781, 264.372
5.35237, -372.795, 775.701
5.45997, 880.47, 821.941
4.98425, -787.23, 255.772
3.951, 421.404, 186.539
4.71107, 101.722, -173.572
2.53669, 813.88, -459.831
7.41683, 468.328, -322.991
2.52822, -734.846, -222.979
4.8676, -110.815, 649.614
5.86497, -316.747, -152.788
