6.27803, -3352.76, 1978.84
3.5948, -74.2303, 1193.61
5.89648, 333.665, 3.43719
5.09708, 529.462, 120.453
2.76731, 6466.63, -6616.88
2.53849, -2294.04, 2740.91
4.58743, 9068.24, 5380.22
7.15218, 318.493, -53.6272
2.95982, 477.512, -355.735
6.00595, 265.648, -87.4902
3.81226, 127.404, -98.1936
4.14117, 336.455, -99.8122
7.45519, 770.142, -758.982
7.41275, 266.609, -145.336
5.75759, -504.905, -310.155
6.92354, 206.748, 128.421
6.33247, 34.4865, 44.3046
3.87453, -2522.83, -928.045
4.93259, -1392.31, -1113.36
2.80282, -8228.78, 2086.24
5.08146, 79.804, 78.8393
4.96988, -5748.33, 2150.73
7.23882, 370.474, 149.559
4.42071, 263.057, -37.4999
5.14874, -4333.08, 1130.84
2.75042, -319.883, 5754.03
6.63909, 409.07, 28.1049
5.94228, 794.214, -194.902
6.18112, 733.811, 78.0016
6.94286, -4261.21, -3702.39
4.25508, -311.789, 327.794
6.72991, 281.346, 262.525
3.84659, 866.537, -311.873
4.83959, -221.322, 643.996
3.2686, 24.5665, -5.02101
2.66527, 863.119, -524.033
7.2768, -1427.56, -996.614
6.95369, 101.014, 115.074
3.29884, -208.584, 413.162
3.15214, 1821.83, -1003.37
2.515, 3399.26, -611.376
6.0491, -90.6727, 2.76034
3.40448, 480.282, -23.7751
5.76029, -1039.54, 256.012
4.42907, -28.408, 169.28
3.23766, 1385.88, 1476.38
5.45054, 874.621, 318.534
3.24076, 3043.51, -1464.45
3.2091, -2522.15, -1451.89
4.94257, -253.597, -188.29
3.13015, 400.626, -550.1
5.64635, 1094.66, 219.01
5.60817, 389.333, -151.405
4.88216, 3922.32, -5408.89
2.64188, -646.132, -138.444
3.21011, 4706.17, -682.898
3.15594, 588.501, -8.10677
3.31099, 1622.76, -2471.63
3.76529, -247.493, 161.555
4.77654, -5471.45, 2644.82
6.54472, -138.357, -1079.45
3.57624, 202.169, 57.8477
3.75063, 278.366, 21.5534
5.02978, -1253.93, -2214.96
6.27922, 271.575, -50.1893
5.66369, -1873.89, -3779.64
5.9449, -2371.89, -1763.52
7.27207, 199.682, -438.216
5.18713, 5648.84, -2862.64
4.57014, 127.98, -2478.98
4.70019, -385.194, -483.63
6.07821, -1954.24, -1852.19
6.20858, -2860.38, -2125.79
5.12494, -3684, 2951.38
6.06711, 278.84, -38.7317
5.91025, 426.429, 191.037
6.82941, 2215.46, -1764.67
3.19597, 471.956, 1792.88
3.57766, 253.027, 141.741
5.0733, 1345.19, 2372.49
4.83766, 284.544, -20.3711
3.55759, 4205.59, -4265.84
5.65244, -238.221, 403.333
2.5044, 3321.74, -4780.68
4.09589, -852.608, -2907.69
5.90281, 258.324, 45.8923
6.0446, 120.622, -139.857
2.90869, 182.421, -3.62496
3.56926, -245.473, -530.933
4.44412, 263.817, -128.433
4.44927, -4247.26, -1435.98
3.92018, 91.5326, 639.066
4.6123, 207.498, -115.011
2.55658, -2431.84, -162.074
3.72027, -5861.6, 3091.6
4.49072, -2278.4, -3833.03
6.64177, 805.995, 264.041
3.78584, 643.58, -471.835
3.59705, -1219.69, 610.409
6.47385, 204.152, 49.8495
5.8476, 1456.34, -390.835
5.49108, 470.531, 874.251
5.99917, 2782.53, 1839.84
5.13062, 250.312, 248.018
4.14833, 108.401, -207.547
3.30844, 6502.06, 1135.1
6.56633, 288.462, -129.552
4.08004, 72.8258, -691.326
4.05369, 789.628, 405.139
4.65424, 236.658, 39.6973
4.46509, 478.6, 227.817
4.43916, 246.782, -305.309
4.34871, 184.472, -233.594
5.88118, 305.328, 172.085
6.10384, 407.339, -373.087
7.20082, -2466.86, 1013.18
5.08573, 177.193, -49.7947
5.5282, -511.611, -193.179
5.85049, 1646.8, -2487
5.11404, 143.752, -181.059
3.87105, 317.587, 213.646
7.08924, 202.045, -23.139
3.73367, 383.581, 124.403
4.77876, 460.87, -406.834
3.30374, 311.824, 94.883
4.68319, 203.789, -19.3369
7.45767, 871.262, -357.592
6.26931, 4220.67, -4098.52
4.97846, 52.2751, -836.346
7.01651, 107.682, -32.0229
4.68213, -257.679, 166.217
5.09239, 2246.88, -1779.4
4.44866, -1940.46, -3172.29
5.63431, 50.2556, 51.942
5.19331, 179.141, -42.832
4.35955, 140.132, 1132.16
2.54674, -99.0055, -831.915
6.3794, 325.047, 4.68277
2.85317, -487.761, -546.826
3.98511, 639.99, 108.797
4.78581, 114.032, 1649.31
3.25156, 580.584, 197.981
5.97819, 91.4225, -594.529
4.15587, -478.282, -557.479
5.21197, -3638.07, 6417.17
2.64678, -3521.84, -2288.64
5.38086, 334.133, -261.685
5.18133, 1.74924, -163.261
7.36678, 644.601, 299.571
5.57063, 216.97, 23.4266
5.26431, 2802.76, -4841.83
6.69051, 1194.42, -218.468
3.75764, 470.63, -1159.95
6.98957, 96.8574, -77.8861
5.97428, 96.272, 43.8772
5.82752, -491.906, 2457.74
3.06838, 586.337, -691.488
3.37987, -1719.58, -746.188
2.91253, -1829.6, 2950.16
6.68103, 522.13, 125.188
2.64818, 690.638, 3909.18
6.34719, 266.434, -74.3203
4.29829, 226.547, -3754.32
6.24626, -966.9, -346.041
6.28385, 251.194, -96.2272
3.60834, 2532.32, -1423.84
5.58305, -344.478, 228.21
3.66846, 561.576, 306.121
6.22052, -32.4579, -3718.19
5.80997, -248.098, -778.406
4.9209, -3552.57, 6442.15
2.58972, 728.307, 371.916
4.98291, -27.2408, 427.472
5.09587, 215.365, 45.006
4.71395, 694.009, 3440.98
4.14528, -2485.35, 1555.15
3.52671, 82.4715, -7.06818
7.19863, -1.42075, 1126.06
2.85168, 1157.12, 3136.93
3.30042, 404.547, -1215.43
6.70788, -6.2796, 154.335
4.13614, -19.8628, 18.245
6.85942, -67.7455, -11.0073
5.99896, 467.263, -8.32138
5.52801, 654.648, 50.9735
4.77536, 698.019, -174.106
2.91543, -223.859, 866.723
3.94883, -3541.75, -896.13
6.51009, -71.6168, -4.24271
6.81821, 234.456, -1341.08
3.81831, -4903.22, 384.897
4.79881, 757.151, 385.29
4.95672, 207.953, -115.653
5.82344, 1646.44, -2485.48
7.31738, 188.8, -217.329
7.23022, 383.838, 87.8077
2.81902, 1672.09, 87.3461
5.04829, -698.51, -610.311
6.13222, 370.341, -324.585
5.65882, 233.786, 100.264
3.26658, -373.274, -562.587
5.09652, 695.334, 3441.93
3.52281, 6207.74, -1956.85
6.03231, 58.3077, 178.693
6.05786, -1320.56, 6615.12
3.66304, 303.412, 465.806
6.80594, 256.853, -103.805
2.67122, 300.805, 101.46
6.26587, 967.651, -118.852
4.14789, 361.619, 901.385
4.65309, 5599.7, -1454.35
7.33455, 72.4815, -408.356
4.05803, -1830.96, -1758.47
5.69762, -6460.97, -77.482
5.95386, 314.247, -136.791
5.36403, -486.574, 306.612
6.60667, -3625.11, 6421.69
4.21807, -3912.5, 1507.08
5.09387, -84.979, -176.031
6.78438, 227.077, 987.554
6.18587, 81.0679, 759.955
3.45992, 1702.27, -769.81
2.83145, 315.283, -53.391
3.60828, -4647.46, 2932.47
3.33656, 269.342, -202.913
6.31172, 160.414, -219.125
5.44905, 1711.11, -2306.45
4.65223, -6764.38, -465.126
7.09618, 1647.02, 2.94764
5.09668, -1033.67, -1554.76
7.38058, -538.572, 59.6434
5.15714, -27.1177, -60.7079
2.98716, -1169.09, 628.409
5.83983, -625.54, -589.606
5.44444, -600.925, 2918.34
5.01137, 328.98, 129.823
2.75808, 440.054, 1447.61
2.6753, -182.383, 268.275
4.41484, 138.101, 560.307
5.55555, -2864.63, -3174.12
5.06574, -6768.43, -472.34
5.98498, 311.581, 93.1342
4.89891, 333.988, -168.779
3.88323, -6944.66, 39.1882
6.01685, -312.087, 3162.5
3.67701, 188.153, -70.2105
6.41501, 251.562, -5.9902
6.60589, 498.859, 416.528
3.21842, 4322.46, 3715.18
5.75757, -382.361, -372.485
3.87677, -1421.56, -1857.11
7.26215, 3135.54, -1211.47
4.58238, 466.685, 260.31
3.03869, 125.918, -490.517
4.70633, 363.993, -417.669
6.28811, 135.945, -499.571
2.77803, 267.434, -47.6584
3.51241, 216.849, -103.13
6.82305, 410.108, -287.213
6.52456, 286.239, 170.292
2.78861, 701.516, 2015.04
4.40304, 40.8167, 184.265
4.56124, 53.0168, 69.3262
2.80071, -1423.62, -625.895
7.09746, -1185.47, -1014.47
3.35398, 253.984, -84.2528
6.51634, 264.962, -468.272
3.88599, 2848.66, -762.866
4.44586, 78.8531, -103.424
7.19936, -2085.73, 1163.07
6.24573, 122.998, 3203.88
3.44774, 4690.39, -4756.58
6.89581, 263.63, -57.6453
6.8953, 96.3908, -8.88458
3.30515, 208.692, -1773.81
5.87346, 282.027, 157.109
6.89096, 114.069, -32.8263
6.98262, -776.545, 4272.29
3.06535, 376.453, 13.4398
5.93789, -1916.3, -1455.06
3.21651, 84.6801, -555.169
3.6901, -899.449, 311.632
5.64383, 3307.15, -2266.21
4.312, 150.524, 139.041
4.64437, -2089.36, -1923.23
4.91936, 1758.87, -2078.92
6.20379, 96.8029, 1835.39
3.23098, 216.033, -401.706
7.36238, 97.4766, -61.8568
7.3158, 450.006, -70.7221
3.14741, 2926.99, -1817.83
5.3784, 154.651, 86.9332
4.66439, 180.688, -865.56
5.50066, 466.678, -69.9548
5.85098, 298.251, 443.671
4.5137, -3462.38, -1190.3
6.46691, -1938.35, -1664.53
4.89889, -4096.58, 2005.81
5.72449, 76.3769, 347.291
4.28836, 6502.52, -1015.94
5.96794, 121.367, -940.2
5.83428, 1056.88, 571.368
3.22071, 71.3119, -42.284
7.10415, 205.41, -130.926
4.22228, 1259.82, 4410.32
6.66824, 186.685, -164.419
2.74349, 192.782, -1037.45
3.27936, 1466.72, -2448.03
2.55765, 668.314, -362.244
3.94327, 338.33, -176.825
5.07295, 128.279, 385.288
3.65948, 1276.5, -3963.29
2.75022, 548.534, -357.292
5.33091, 559.115, 132.803
6.69774, 600.135, -291.21
4.28763, 647.931, -36.0608
4.3452, 203.619, -952.547
7.22226, 190.514, -29.3973
4.72425, -1398.98, 3.24518
6.82086, 207.477, -162.357
5.82654, 200.11, -126.825
5.79297, 476.69, 263.862
7.10736, 2931.59, -2149.72
5.11536, -3689.93, 2948.07
5.45229, -60.3107, 861.373
5.79944, -227.934, -2993.57
4.24765, -1738.33, 1154.46
4.11714, 481.934, 362.195
7.08984, 233.796, 860.354
3.08619, -5444.08, 2117.39
7.31268, -439.603, 365.845
5.17978, 131.348, -15.4352
5.81447, 1851.71, 1042.55
5.48362, -5651.06, 2699.65
6.93363, 103.471, -1132.71
6.67999, 373.463, -73.1974
6.69339, 139.579, -37.4968
6.85642, -400.933, -390.625
2.5002, -458.635, 2484.06
4.77274, -1148.69, -3446.37
4.25696, 1669.04, 138.411
5.80713, 5712, -4361.21
6.22234, -241.273, 221.221
3.3821, -1097.24, -4895.7
7.4621, -1334.72, 1547.63
5.95466, 478.623, -254.595
6.97862, -509.918, 84.92
3.51579, -1365.68, -532.242
7.2356, 757.448, 538.311
4.88476, -5193.15, 2828.85
6.78578, -4647.6, 2934.34
6.41237, -195.659, 53.0929
5.70687, -3551.92, 3453.58
3.14521, 319.906, -181.416
5.77944, 170.64, -601.646
3.09199, 225.784, 36.8053
3.88793, 2972.52, 830.596
6.65548, 89.2022, 2765.72
6.14153, 4370.24, 5629.82
6.74348, 4875.44, -3647.38
3.43989, -372.742, 365.022
6.09602, 89.9311, -65.507
4.25586, 16.2534, -620.891
3.34555, 352.452, 137.229
4.52383, -5230.35, 596.72
4.20924, 239.273, 98.591
6.67141, -238.129, 204.063
3.9111, -4032.11, -6537.16
5.16766, 4141.7, 2380.33
6.25085, 1234.95, -2199.14
4.62554, 548.797, 275.209
4.66964, 812.148, 168.69
3.03022, -3836.29, -2794.08
6.4639, 292.457, 273.742
3.91232, 434.039, 14.5724
7.14264, 4325.03, 6703.39
5.37926, 410.547, 123.662
3.4895, -427.304, -327.665
5.99081, 290.083, 32.0395
3.07265, 933.213, -89.322
4.22945, 59.3717, -921.565
4.15646, 153.081, -201.32
6.42735, -5694.27, 2749.2
6.65775, 290.082, -183.085
4.21712, 245.382, -56.2616
4.2603, -686.237, -70.9787
6.38197, -24.768, -36.7552
6.58658, 174.983, -238.525
4.26157, -310.844, -572.002
7.09559, 224.185, 177.347
3.2877, 622.215, -46.2601
5.56029, -98.8938, -217.773
5.54222, 213.358, -166.505
3.16647, 3204.23, 3269.02
3.51409, 4108.08, 5590.7
4.79457, 329.353, -110.165
3.48759, -340.699, 1591.9
6.77118, 416.995, 309.119
6.54562, 1139, 999.337
2.80131, 2750.69, -1823.12
6.50584, 1742.28, -5116.64
5.49597, 441.561, -46.8076
7.43182, 106.27, -104.193
2.65919, -411.203, -97.9613
6.8356, -3466.67, 4150.79
3.69109, -2053.34, -740.151
3.6127, 2174.49, 938.908
4.73907, 7158.87, 3339.67
2.61231, -298.878, -80.8818
6.79755, 132.133, -89.7632
4.15902, 484.673, -4258.59
5.72195, 781.7, -455.23
7.43521, -63.137, -43.4067
5.30162, 207.081, 50.7828
4.74553, 173.065, -88.8866
5.213, 107.843, -440.105
2.90797, -2508.6, 876.177
3.99606, 1600.42, 3073.53
6.63964, -3888.04, -715.672
6.48936, -4484.58, 1935.01
5.71048, 442.207, -238.568
4.84105, 47.0791, 256.201
7.15326, 579.475, 2022.2
5.08798, 279.712, -790.394
7.42924, -4634.99, 2873.04
5.94567, -301.852, -156.483
6.19966, 181.354, -54.158
3.46323, 1213.91, 1537.87
6.08881, 3074.86, -1763.48
6.11146, 886.294, -530.279
6.49298, 177.536, -130.385
4.23216, -5278.46, 342.17
5.1481, -2223.51, -1232.79
3.19001, 1225.3, -235.885
6.73218, 215.472, -156.785
6.32766, -326.28, -499.673
7.5, -5653.13, 2690.64
4.24891, -8115.77, -2629.34
5.50367, -661.757, -177.546
3.50808, -498.606, 3507.75
6.2385, -3671.06, 586.254
6.49225, 1004.66, -306.052
3.03505, -894.87, -281.823
5.35813, 220.707, 19.5282
2.84683, -5266.93, 1750.29
4.16036, 398.729, 846.777
5.80945, 188.415, 210.523
5.27726, 427.06, 4027.73
7.12415, 424.708, 609.841
2.69832, 338.952, 2843.89
2.62083, 747.173, 987.276
4.61923, 171.927, -211.394
4.36987, -905.226, 422.811
2.93303, 3739.25, 3689.55
3.05403, 293.912, 57.6687
5.31992, -5115.9, 159.148
7.37269, 144.159, -66.8548
3.05066, 144.191, -3892.42
5.99352, -3139.56, -3460.96
2.79674, 27.8057, 463.048
4.69755, 747.974, -592.501
5.24651, 1212.62, 546.761
3.45129, 57.2857, 107.234
7.36597, 273.829, 80.6871
3.19593, 267.939, -145.479
5.48978, -3140.74, 272.492
7.12812, 275.752, 537.973
3.91116, -1578.78, 362.979
6.8307, 504.91, -372.354
6.29598, 858.406, -1285.17
6.10793, 152.705, 28.0261
3.34241, 272.534, 0.468215
3.32882, 1427, -2621.81
3.39076, 361.996, -96.987
5.87226, 168.335, -3.59928
4.83484, -384.578, 670.715
6.85219, 151.7, 31.7577
5.76023, -588.745, 328.611
5.80464, 1853.91, 1043.72
2.58037, 200.271, 79.9721
4.30596, 6050.15, 3408.88
3.72747, 124.53, 1064
6.93086, 132.119, -97.3171
5.23701, -7691.4, 140.856
6.57209, -503.158, -307.077
5.24453, 459.485, -68.9209
4.16156, 852.431, -335.872
4.40213, -1854.17, -3332.9
2.52389, 2120.71, 424.41
6.95226, 225.691, 27.409
6.16955, 850.465, 251.401
6.04239, -193.831, 147.613
5.1278, 1997.13, -2886.26
6.41065, 153.185, 142.757
3.42484, 306.46, 159.055
5.72673, 228.589, 79.7493
3.42178, -28.3891, -139.253
3.31214, -1046.71, 692.796
2.65594, 1252.51, 1474.18
7.42716, 95.9461, -83.8611
4.04559, 601.032, 130.366
4.11075, -81.9559, -9.84587
5.51155, 254.548, -33.2085
2.89107, 5866.45, -1068.58
3.93936, -631.245, -18.6521
5.79307, -120.779, 606.555
7.36348, -18.7009, -65.6909
7.27758, 4185.83, 1679.16
7.42745, 438.336, -107.711
7.30478, 156.174, -69.2991
3.0073, 942.874, 89.7545
3.71505, -30.5471, -74.3242
6.91151, 724.683, 91.719
5.28805, 365.462, 11.0751
6.7669, 28.9441, 54.194
7.49145, 271.841, -53.7274
3.99751, -4954.12, 1972.57
6.33157, -8933.37, -2899.98
4.81901, 920.888, -1293.31
6.8168, -221.836, -123.173
6.99018, 207.347, -102.762
7.377, 787.852, -44.2766
2.77405, 677.489, -186.886
6.32605, -238.285, -389.248
5.09219, 1583.97, -2501.2
3.46574, -605.676, 233.702
6.98252, 191.579, -67.4404
6.38492, 185.498, 81.1293
2.75968, 809.011, -1683.86
7.47331, 1636.34, -2571
5.93659, 161.984, -86.9785
5.94854, 1819.15, 1013.87
6.57666, 3062.07, -1455.41
7.05426, -136.852, -52.3773
3.34218, 2722.38, 5261.92
5.24183, 2972.96, -2222.53
6.53351, 135.033, 53.2943
4.17803, 319.157, -101.441
5.53435, 106.847, 559.163
6.59602, 1736.04, -2313.3
7.3485, 151.098, 84.7362
6.29349, 685.837, 511.52
3.72113, 67.781, -1191.26
5.80589, 527.208, -143.007
4.21574, 39.0791, -85.7603
7.27146, 195.643, 173.213
2.60828, 3149.66, -3401.69
4.54979, 117.18, -48.5525
2.55789, -4395.89, 4004.53
3.04964, 328.919, 1658.09
5.28259, 257.245, -137.211
4.45466, 301.042, 8.83805
7.20539, 209.755, -159.546
2.55572, -239.182, -14.0731
6.22897, 1134.99, -2685.88
3.84293, 70.3306, -288.176
4.27153, 191.24, 141.748
3.45835, 6513.45, -6650.13
5.14832, 449.763, 190.264
4.39478, -965.144, -5556.59
3.16407, 318.298, 118.726
4.26563, 145.022, -335.838
4.2497, -5239.33, 2705.88
7.41084, -2397.26, -1792.77
5.25961, 471.247, -66.2918
4.99918, -1997.63, -568.299
3.58531, 1516.09, -2227.63
4.37311, -261.627, -853.748
6.78251, 3399.93, 3063.5
6.45578, -3195.06, 6493.48
3.9204, 2995.66, -3804.85
5.07645, -217.239, -61.2222
6.79238, 489.304, 5.61437
7.07844, 142.389, -123.577
7.48941, -1976.75, -1652.71
6.53177, 155.547, -145.048
5.22718, 244.612, -610.271
7.3461, 883.161, 278.349
5.31931, 1158.39, 424.615
4.03031, -194.591, -450.088
5.41853, 80.6364, 15.307
2.91197, 134.292, -411.023
5.47382, 303.133, 270.727
3.31968, 2950.13, 5759.5
6.46527, 524.184, 81.0322
2.95373, -391.274, 1653.01
6.3072, 74.2784, -757.82
6.83996, 187.616, 24.6881
6.40105, 208.968, -8.62584
6.61399, -1933.12, -285.441
6.70974, 225.455, 118.733
4.48328, 363.102, 602.559
6.508, 197.118, -160.862
6.56811, 340.816, 58.5803
5.43493, 430.908, 1007.09
4.64621, 197.786, 713.087
2.5002, -1255.65, 447.328
5.31153, 122.004, -160.641
6.22632, -692.607, 673.743
3.89846, 3495.74, 2104.99
2.93406, -872.463, -4969.74
3.5733, 888.512, 1086.69
3.93296, 811.21, 52.8204
4.86595, 81.7906, -40.6586
6.95893, -1954.39, -1685.39
5.91955, -566.232, 264.831
3.54376, -216.277, -123.504
6.67533, 280.442, 43.7818
7.09218, 281.991, -719.286
4.48244, 529.325, 222.734
6.37858, 1735.54, 73.7574
5.68161, 746.423, 284.524
6.64746, -295.342, -123.497
3.40204, 1791.77, 491.384
7.45927, 209.577, -77.5097
6.70558, 128.184, -154.45
4.65177, 331.8, -721.273
4.38589, 233.344, -80.6114
2.70802, 498.27, -612.127
6.80715, -691.572, -1074.42
6.62116, -4568.96, 2737.66
6.25052, 1835.89, 1236.84
3.55801, 125.534, 215.609
4.31029, -437.44, -289.11
4.43545, -215.293, -313.767
7.32918, -3319.13, -2077.65
6.5872, 397.883, 53.5665
4.5755, 2145.1, -323.305
5.83759, -256.807, 539.305
2.52101, -4445.85, 4684.74
6.98048, 356.196, 60.5116
3.68416, -264.267, 1130.54
3.79415, 202.655, -1.78389
5.4939, 1271.93, 174.745
6.89823, 582.23, -137.092
6.16299, 110.516, -171.289
6.0773, 763.541, -301.734
3.57724, 6509.07, -290.71
6.30413, -4419.88, 3482.97
3.85351, -123.047, -399.216
2.75246, 328.915, 87.1049
4.78866, -1915.09, 489.824
2.58759, 9.46796, 186.854
3.01129, 6662.97, -4231.67
2.639, 3215.07, -1938.16
5.65921, 100.639, 172.859
6.34425, 209.712, -145.989
2.74132, 357.783, -17.3849
6.6924, 326.187, 569.854
6.76899, 210.992, -35.7606
6.57649, -231.462, 728.623
6.85188, 476.481, -4660.44
5.27222, 1000.12, -331.14
6.12646, 62.2288, 518.044
3.20424, -4804.36, 4111.99
6.6115, 148.02, -34.0457
5.51185, -2869.29, -3173.83
4.93856, 213.297, -685.547
6.14942, 505.96, 305.954
4.05164, -1802.77, 1195.89
3.93925, 176.104, -496.654
5.45857, 2260.78, -2818.6
5.34055, -3299.53, 1759.82
5.41059, 2751.71, 2251.49
2.84132, -483.98, 282.31
4.34304, -1682.74, -549.864
6.28475, -443.267, 115.504
6.35297, 608.855, 3155.01
4.27217, 341.851, 430.141
5.98913, 334.393, -69.3495
5.08005, 1796.59, 1184.25
5.94494, 710.417, 285.642
6.18066, -1719.73, -1334.72
2.56231, -2946.9, -1790.12
7.16549, 125.401, 26.3268
5.37826, -179.965, -286.626
3.05587, 1012.78, 182.816
4.87388, 1.1984, -226.193
3.24247, 1857.52, -1015.64
4.22594, -9344.59, -2078.37
7.04476, 221.292, -164.773
4.54571, 2962.53, -1452.32
5.96642, 305.284, 23.0985
3.35865, 246.107, -70.7051
6.21715, -5084.37, 1767.33
4.16319, 290.539, 37.03
4.62157, 54.121, -38.9757
2.79523, 246.803, -61.6856
5.09005, 89.1545, -92.376
5.94425, 383.086, -254.952
5.01149, 413.53, 184.949
6.56617, 145.088, 154.078
3.07974, 133.205, -477.714
5.24841, 857.544, -448.276
5.06046, 729.606, -62.6961
6.02649, -1958.3, -1665.15
5.65083, 189.608, -207.677
4.0207, -0.394315, -107.459
6.74719, 192.529, -25.3523
3.39619, 1741.47, -2369.64
2.61737, 361.774, 1128.69
4.19467, 6.06987, -124.475
3.43818, -1950.19, -1606.95
6.60467, 165.022, -76.507
6.72507, 117.838, 3229.09
6.78031, -3288.19, 1823.53
7.37454, 92.6729, 136.741
2.99587, 3.28354, 536.751
2.56182, -4202.88, -3133.12
2.58614, 669.782, 717.417
2.64527, -235.503, -365.66
4.1031, -1798.34, -1747.31
6.17815, -3372.07, 2012.15
3.14876, 847.395, 103.72
2.5161, -3169, -647.368
6.91905, -881.814, -665.575
3.70482, 49.663, 152
4.38481, 200.431, 1331.29
4.44879, -3.82679, -156.384
2.81534, 3883.71, 1474.17
7.30792, 171.765, -89.9105
3.75349, 428.17, -55.5024
6.85376, 390.111, 98.5692
2.85991, 3241.75, -4374.96
2.70653, 4242.77, -2606.48
3.46378, -600.873, 297.399
3.86708, -2198.56, -1969.65
7.4007, 168.202, -100.119
3.60607, 1287.24, -5343.72
6.43119, 1649.93, -2488.85
4.42306, -319.356, 1644.58
3.78593, -3051.71, 3528.62
3.91087, 120.793, 174.862
7.33834, 1247.44, 506.143
4.22841, 185.611, -107.793
3.45922, -597.745, -791.392
5.05037, -12.3209, 111.45
5.21857, 1189.59, -4772.22
5.72333, 1025.79, -273.864
3.89738, -981.93, 154.069
3.41887, 219.965, -366.824
2.71579, 2306.82, -2678.71
3.98408, -49.7234, 20.8884
4.25548, 864.048, -545.946
7.09372, 126.087, 41.3929
5.81225, 134.097, 563.409
5.08041, -1957.34, -1668.89
4.03763, 250.997, -43.22
3.0007, 1915.31, 2055.39
3.47502, 107.253, 75.786
4.11407, 3293.81, 3344.83
5.56182, 47.1427, -265.849
5.13511, 3032.06, -1459.2
3.45653, 141.329, 471.334
4.7178, 5799.74, 3408.91
4.48693, 6685.49, -1304.33
6.28051, 49.1528, -438.746
6.6213, 773.145, -344.129
5.51573, -236.816, 468.722
3.04573, 95.0479, -578.433
4.11797, 2439.64, -727.962
5.03403, 236.246, 38.3402
4.76521, 466.705, -519.35
4.77315, 654.46, 284.708
4.91125, 144.569, 37.6151
5.07896, -4569.11, 793.358
4.50207, -2235.25, -970.33
4.22945, -509.948, -297.599
6.64533, -42.9471, -446.736
3.02204, 2303.73, -1571.82
6.40057, 293.638, -19.279
3.19919, 932.455, -602.499
2.62171, 4045.65, 4568.26
6.0664, -33.0891, 1181.11
7.15538, 128.357, 142.283
7.47667, 135.282, -149.158
3.86264, 74.0061, 154.129
3.6923, -1933.05, 173.671
3.87328, -460.518, -3192.3
5.70836, -648.944, -739.831
5.17637, 82.5606, -212.004
6.8967, -2925.38, 5155.03
6.75968, -224.68, 27.5275
2.98004, -105.798, -414.478
4.66818, 213.622, -267.212
3.17045, -2.36504, 224.546
5.86802, 223.528, 24.7242
5.34964, 259.636, -572.995
3.66474, 76.9912, -762.858
5.50306, 1051.06, 272.569
2.6551, 146.829, 108.115
7.08512, 206.988, -98.0255
3.82958, 430.132, -710.876
6.50016, 182.922, -107.364
5.46389, 190.393, -222.295
5.0822, 740.37, 72.9967
5.2567, 2344.06, -1220.05
3.47225, 620.51, -192.765
5.36152, -3051.77, 8.6105
3.81992, -649.354, 7075.49
4.41648, 2902.94, -5978.6
2.73626, -502.054, -309.798
4.22823, 557.104, -112.351
3.61594, -3114.3, 7526.86
3.81264, 232.536, -106.763
3.05141, 211.685, -58.4435
7.40088, 133.946, -216.818
5.93794, 718.325, -330.737
5.82158, 428.726, 105.338
5.99501, 685.861, 207.634
2.68746, 293.093, 31.8636
3.6706, 385.277, -145.457
3.95397, -5841.43, -8788.36
3.50543, 297.325, -184.168
2.7177, -2738.3, 4119.56
2.56571, -1208.19, 96.1847
6.07297, 6206.38, -1953.07
6.88348, 670.549, 134.723
5.35088, 1869.2, -3450.69
6.92743, -3152.07, -3606.41
5.20042, -1662.04, -581.923
3.31357, -1739.34, 131.714
3.30492, -2842.16, -2127.15
7.19182, 63.8442, 175.626
3.45628, 84.2666, 592.727
3.15761, -3022.36, -379.865
4.41122, 631.054, -557.049
6.12674, -582.646, 2919.93
2.50651, -6773.79, -472.981
4.60222, 4806.29, -2718.03
5.18984, -716.871, -82.7818
4.86596, -1348.68, -652.56
6.33003, -188.691, -188.567
2.9396, -920.913, -971.467
7.04284, 45.2925, 269.09
3.20818, 31.9331, -484.552
2.54782, 255.359, 523.677
2.82267, 13.188, 684.68
4.96742, 92.2638, 176.199
5.40914, 158.839, 3.02065
4.03373, 3993.12, -6972.7
4.57091, 299.457, -58.9764
4.33401, 1709.54, 1962.99
3.42687, 450.493, -2406.81
2.76788, -2842.73, -2542.2
4.47222, 90.1413, 34.8505
3.98388, -1392.63, -1511.26
5.05388, 316.079, -164.157
3.75392, 2388.56, -3847.35
5.01589, -1415.72, 2442.77
2.51168, 130.263, -465.859
7.01807, -5641.91, 2702.2
2.79181, 3436.18, 3591.25
5.17506, 236.247, 3221.37
3.95754, 2798.22, -1112.14
7.3023, 117.564, -1.03913
4.73406, -3338.96, -1261.66
5.08479, 223.754, -52.1029
5.93861, 891.418, -738.826
2.72187, 108.477, -125.432
7.2946, 3847.15, -2781.35
5.70852, 197.311, 137.249
2.80215, 292.808, -190.5
3.33964, 589.616, 37.1724
5.76491, 266.408, 152.126
6.19864, -508.163, 2452.85
3.57011, 278.823, -615.732
4.31441, 812.973, -1902.25
6.56981, -235.396, 400.477
5.32057, 285.36, 43.7248
7.45886, 316.228, -229.659
6.5669, 188.324, 422.597
3.49157, 3496.37, -4430.2
2.50003, 5.2368, 506.508
4.62608, -3483.28, 4128.85
4.07406, 1838.16, 1136.47
5.56218, -3652.72, 611.63
3.83351, 294.687, -129.749
4.39881, 1594.01, 406.811
5.43397, 230.584, 35.3056
5.95636, -2186.26, 68.5121
7.26736, 231.008, 32.3919
4.89785, 137.12, 827.919
3.60319, 414.735, 867.716
5.33741, 899.436, 684.509
6.09873, -167.699, -88.2624
4.4953, 1822.38, 102.952
3.48326, 101.448, 220.874
6.66971, 555.216, -136.898
5.59561, 87.2598, -16.8013
7.26866, -255.723, 177.993
3.23222, -553.372, 510.041
5.38953, -340.335, -242.581
7.26796, 171.823, 20.553
3.62331, -5712.86, 2840.07
7.25137, 150.182, 75.9685
3.07874, 965.586, -409.568
2.58372, 124.829, -98.511
3.90465, 15.2459, -7.82262
7.15042, 263.341, -434.821
3.04796, -408.097, -270.192
6.77266, 190.508, 26.0833
5.68532, 101.174, 43.6953
5.63853, 195.722, 8.73804
3.80589, -681.327, 1351.95
5.13936, -937.997, 213.814
7.16608, 2187.66, 908.849
3.98055, -1198.9, 40.3288
4.78006, 320.527, -96.2572
6.35659, -1125.48, 4761.03
4.17193, -2042.08, -3311.14
6.31775, 567.432, 344.126
6.65892, -2242.45, 2564.19
2.64618, 2469.31, -1604.08
4.31315, -33.0461, -1051.79
4.16221, 344.538, 192.552
3.17675, 1986.67, 2095.15
3.00839, 1313.06, -4051.46
5.11327, 122.292, -312.284
3.52046, 902.36, -349.503
5.00728, 43.8911, -551.659
5.1371, -5035.32, 3404.21
4.13422, 405.087, 138.062
4.75888, 333.933, 5.01093
6.85263, -474.348, 284.949
4.72884, 499.02, -58.9736
6.03726, 401.209, 98.1295
6.83171, -1807.23, 352.224
6.5822, 524.73, -731.508
2.67504, -3903.16, -1518.8
3.8644, -904.533, 2089.53
5.21858, -1494.64, 996.918
3.19942, 4523.85, -706.186
5.57408, 145.183, 106.143
3.29182, 802.697, -429.598
4.41129, 681.969, 436.235
5.94997, -731.324, -307.632
3.21128, 3954.64, 16.4362
5.65284, 378.029, -106.351
3.15973, -3358.64, -1596.91
7.13583, 146.166, 32.3817
5.53465, 5524.21, -8429.48
5.50388, 639.646, 780.271
3.33635, 1142.87, -215.658
3.301, -1633.31, 2177.49
5.91628, 200.699, -267.233
5.1456, -240.568, 655.767
3.65264, -1999.55, 1105.49
6.55373, 373.136, -69.8465
5.76477, 455.435, 166.371
4.08597, -123.865, 748.136
2.53953, 189.073, -302.823
3.49176, 672.711, -31.2846
3.78831, 87.5792, 267.01
3.03825, 311.696, -1275.7
3.49545, -12.3143, -730.829
6.75079, -5888.99, 3109.7
6.63912, 224.666, 623.314
6.76813, 488.556, -3.30351
5.71027, 169.461, -170.307
3.6787, -2938.03, 3044.71
6.80638, 149.662, -2.37183
5.4745, 129.391, 182.089
2.52745, -1780.65, -1302.37
6.84925, -247.717, -783.006
7.37729, 80.9257, 53.7855
5.59653, -1951.2, -1682.24
3.85574, -192.566, -483.883
7.46973, 255.491, -22.1429
4.60751, -869.572, -709.615
4.20537, 528.638, -7.84386
4.80717, 236.524, 64.017
4.44822, -1077.5, -2976.71
4.613, -4855.6, -907.138
2.84879, 41.8432, 583.668
5.5153, -18.7688, 52.5443
7.36114, 142.366, -141.128
5.07406, 101.66, 108.489
7.45461, 256.727, 70.5503
5.84906, -2680.18, -6227.48
4.01716, 387.473, 302.553
3.47371, 762.033, -305.668
4.0109, -1237.16, -49.9568
4.93946, -234.643, -145.659
4.72438, 880.413, 116.825
5.7844, -421.039, 207.145
3.74227, 6049.18, 3408.88
4.72007, -1287.5, -1024.95
5.75894, 134.957, -71.7928
6.67472, 87.8992, 57.4109
6.03698, 75.9676, 932.069
4.93928, -72.135, -1039.14
6.72039, 769.704, 74.1737
7.00296, 844.808, -695.169
6.33082, 363.777, -12.3578
5.29453, 709.943, 1220.22
2.70603, -714.485, 533.479
5.46749, 254.6, -163.974
2.68674, -41.1662, -3963.22
4.53488, -1230.21, 1234.93
2.84243, -65.1133, -569.996
7.38558, 221.551, -236.885
2.5956, 1917.81, 3146.01
6.60363, 88.8056, 63.0875
5.2195, 3956.2, -3382.03
5.72828, -102.739, 434.373
3.62934, -178.448, 200.9
2.733, 671.054, 3315.1
3.63154, 343.53, -272.525
4.58371, -126.293, -2651.41
6.40126, -308.161, -197.436
3.72852, 1729.32, -2307.95
4.81411, -110.066, -332.361
6.14756, -1222.02, -609.997
5.35237, 5604.1, -766.769
5.45997, 702.227, 221.013
4.98425, -1071.36, -58.391
3.951, 235.911, 207.006
4.71107, 260.414, -204.989
2.53669, -3225.34, 7107.03
7.41683, 117.803, -132.323
2.52822, 153.441, -205.288
4.8676, 2095.54, 627.951
5.86497, 3835.81, 6573.61
