6.27803, -725.414, -905.541
3.5948, -14.0022, -112.637
5.89648, 350.155, -869.947
5.09708, -261.786, 866.6
2.76731, -949.488, 684.092
2.53849, 384.125, 21.8394
4.58743, -750.94, -253.737
7.15218, 176.309, 395.247
2.95982, 8.74109, 720.06
6.00595, -165.119, 304.267
3.81226, 538.031, 806.226
4.14117, 476.808, -873.585
7.45519, 428.2, 234.191
7.41275, -506.703, -228.66
5.75759, 469.854, 417.345
6.92354, 252.267, -801.482
6.33247, -179.422, -482.777
3.87453, -469.709, -71.4697
4.93259, -634.72, -293.974
2.80282, 813.506, 771.339
5.08146, 14.3961, 716.395
4.96988, 905.044, -379.316
7.23882, -763.682, -472.936
4.42071, -40.3846, -829.18
5.14874, 780.917, -484.331
2.75042, 876.172, -138.611
6.63909, 544.601, 511.711
5.94228, -846.961, -696.928
6.18112, 260.039, 721.096
6.94286, 924.277, 468.185
4.25508, -366.373, -508.863
6.72991, 185.57, 16.9391
3.84659, 586.164, -98.2691
4.83959, 58.2595, -212.547
3.2686, -666.115, -490.018
2.66527, 603.93, 141.359
7.2768, -9.92479, 86.9848
6.95369, 120.904, 459.432
3.29884, 622.457, 215.214
3.15214, 426.889, -551.376
2.515, -467.557, -795.06
6.0491, -841.603, -195.539
3.40448, -506.315, 822.179
5.76029, 763.641, -319.028
4.42907, 404.394, -686.984
3.23766, 21.8249, -217.504
5.45054, 598.185, 113.569
3.24076, 141.568, 857.805
3.2091, -157.75, 920.042
4.94257, -453.526, 102.46
3.13015, 808.405, -34.3123
5.64635, -317.218, -557.808
5.60817, 271.772, -690.935
4.88216, -516.066, 575.417
2.64188, -490.888, -233.125
3.21011, -102.701, 741.121
3.15594, -201.267, 831.222
3.31099, -821.148, 748.211
3.76529, -248.725, -780.266
4.77654, 513.86, -696.22
6.54472, -83.1454, -285.523
3.57624, 293.416, 789.232
3.75063, 764.419, 371.204
5.02978, -79.0103, 702.907
6.27922, 635.935, 99.4481
5.66369, 811.304, -4.22013
5.9449, 589.87, -130.183
7.27207, 927.446, 464.566
5.18713, -355.057, 646.508
4.57014, -710.037, 14.7915
4.70019, 728.41, 163.37
6.07821, 705.213, 447.208
6.20858, 339.41, 564.489
5.12494, 745.888, -926.894
6.06711, -813.733, -87.0093
5.91025, 324.337, -24.04
6.82941, 813.604, -572.558
3.19597, 20.4277, 707.17
3.57766, 893.411, -140.914
5.0733, -333.536, -164.753
4.83766, -118.84, 723.418
3.55759, -227.701, 601.387
5.65244, -664.102, 928.692
2.5044, -857.346, 183.324
4.09589, 423.032, 510.43
5.90281, 328.257, -97.3912
6.0446, 640.64, -555.885
2.90869, -775.927, 617.674
3.56926, 285.632, 456.277
4.44412, -788.021, -544.445
4.44927, 862.327, 869.046
3.92018, 361.394, -456.414
4.6123, 545.36, 488.017
2.55658, -638.884, -462.262
3.72027, 874.811, -639.644
4.49072, -706.966, 618.147
6.64177, -675.746, 196.386
3.78584, 859.148, -698.579
3.59705, -689.977, -495.224
6.47385, 356.165, 263.91
5.8476, 460.09, 382.173
5.49108, -877.022, 270.66
5.99917, -342.445, -520.815
5.13062, 564.678, -697.534
4.14833, 229.273, 96.072
3.30844, -731.912, 355.917
6.56633, 685.956, -12.9204
4.08004, 442.422, 155.05
4.05369, 35.24, -749.053
4.65424, 43.5798, 143.869
4.46509, -147.219, -498.622
4.43916, -15.7719, -162.915
4.34871, -755.397, -498.119
5.88118, 322.451, -523.132
6.10384, 386.902, 29.9653
7.20082, -59.5565, 859.92
5.08573, -82.8949, -380.715
5.5282, -156.235, 278.161
5.85049, -663.802, 928.18
5.11404, 62.1855, -283.109
3.87105, -857.583, 581.338
7.08924, 133.784, 283.232
3.73367, 894.168, -425.09
4.77876, 333.083, 629.483
3.30374, -906.236, 639.829
4.68319, 354.289, 309.356
7.45767, 427.991, 158.236
6.26931, -413.665, 384.984
4.97846, -900.487, -622.473
7.01651, -637.663, -735.73
4.68213, 486.232, 509.224
5.09239, 149.503, -912.101
4.44866, 95.3033, -788.332
5.63431, -175.745, -565.512
5.19331, 339.131, 327.442
4.35955, 626.049, -443.38
2.54674, -347.307, 347.134
6.3794, 17.5973, -723.632
2.85317, -853.117, -583.628
3.98511, 387.656, -699.892
4.78581, -28.6857, -812.303
3.25156, -95.485, 7.26125
5.97819, 621.691, -414.712
4.15587, 355.409, 138.139
5.21197, 929.39, -816.378
2.64678, 717.956, -920.436
5.38086, 7.97987, -185.41
5.18133, 378.35, 447.173
7.36678, -722.984, -880.367
5.57063, -317.824, -566.628
5.26431, -729.219, 226.931
6.69051, -257.803, 867.983
3.75764, -553.413, 846.57
6.98957, 572.662, -141.378
5.97428, 485.211, -468.319
5.82752, -457.927, -61.5452
3.06838, -598.47, -764.768
3.37987, -882.51, 102.52
2.91253, -173.324, 162.302
6.68103, -204.234, 324.93
2.64818, 908.912, -670.339
6.34719, -48.3465, -815.003
4.29829, -499.039, 810.167
6.24626, 23.5319, 519.994
6.28385, 317.848, 283.513
3.60834, -520.35, -857.838
5.58305, 287.647, 145.315
3.66846, -502.577, -233.356
6.22052, -695.279, 259.516
5.80997, -844.717, -668.147
4.9209, 922.932, -747.641
2.58972, 840.898, 160.043
4.98291, 449.256, 160.074
5.09587, -4.60349, -800.703
4.71395, -822.504, 478.635
4.14528, -51.236, 898.115
3.52671, 462.612, -91.7351
7.19863, -216.71, -566.772
2.85168, -553.206, 847.223
3.30042, 15.5169, -707.434
6.70788, -711.506, 11.796
4.13614, -172.426, -255.557
6.85942, 180.213, 390.908
5.99896, 642.072, 507.178
5.52801, 843.464, -184.22
4.77536, 54.8964, -225.461
2.91543, -502.942, -272.881
3.94883, 7.91385, -140.085
6.51009, -613.633, -757.738
6.81821, 373.552, 15.5899
3.81831, 392.712, -487.905
4.79881, -774.98, -240.312
4.95672, 607.109, -488.941
5.82344, -459.727, -920.793
7.31738, -607.829, -190.989
7.23022, 534.442, -724.819
2.81902, 228.882, -633.821
5.04829, -397.107, -258.918
6.13222, 677.466, 644.965
5.65882, 534.761, -292.476
3.26658, -889.984, -911.897
5.09652, -826.903, 475.436
3.52281, -510.618, 802.27
6.03231, 388.374, -820.649
6.05786, -489.117, -74.0453
3.66304, -526.812, -216.205
6.80594, 8.20806, -142.906
2.67122, -79.3476, 879.735
6.26587, -883.72, 86.6725
4.14789, 604.954, 128.181
4.65309, 30.0911, -492.109
7.33455, 848.625, -203.723
4.05803, 707.207, 652.624
5.69762, 883.486, -704.414
5.95386, 803.281, -36.7463
5.36403, 46.6076, 614.231
6.60667, 855.748, -729.869
4.21807, -842.364, -655.068
5.09387, -804.662, -664.68
6.78438, 107.532, -878.333
6.18587, 314.601, 77.6659
3.45992, -796.781, 347.058
2.83145, -292.814, 308.069
3.60828, 896.798, -691.072
3.33656, 118.506, -144.725
6.31172, 362.987, -831.029
5.44905, -835.996, 361.86
4.65223, 863.056, 835.599
7.09618, 627.909, 13.1566
5.09668, 431.242, 149.461
7.38058, -685.683, -43.2087
5.15714, -449.209, 113.458
2.98716, 338.946, 291.091
5.83983, 179.984, 139.715
5.44444, 165.302, -5.39847
5.01137, -668.801, -69.7348
2.75808, -860.804, 405.177
2.6753, -281.685, 2.85687
4.41484, -789.696, -550.186
5.55555, 220.448, 103.167
5.06574, 551.847, 826.208
5.98498, 350.427, -3.97414
4.89891, 19.551, -227.305
3.88323, 34.3848, 431.539
6.01685, -431.168, 181.426
3.67701, 815.276, 0.909119
6.41501, 123.115, -188.269
6.60589, 315.396, 775.214
3.21842, -465.32, 45.9951
5.75757, -486.602, 765.115
3.87677, 824.644, -902.076
7.26215, -432.748, 675.7
4.58238, -732.301, 18.655
3.03869, -122.79, 373.673
4.70633, -761.061, 532.122
6.28811, -414.257, -266.43
2.77803, -348.955, -266.212
3.51241, -1.35772, 115.638
6.82305, 850.194, -692.782
6.52456, -268.413, -36.3938
2.78861, -653.148, -626.512
4.40304, -42.1328, -680.848
4.56124, -115.964, 684.113
2.80071, -349.523, 304.775
7.09746, 770.266, 601.118
3.35398, 555.76, 831.368
6.51634, -893.422, 203.383
3.88599, 707.567, 47.7369
4.44586, 165.688, 743.421
7.19936, 59.7971, 608.87
6.24573, 182.065, -210.314
3.44774, -346.888, 734.179
6.89581, 404.556, 466.972
6.8953, 394.97, -777.159
3.30515, -779.674, -219.159
5.87346, -771.792, -197.018
6.89096, 605.864, 169.155
6.98262, 260.584, 490.22
3.06535, 25.3741, 705.356
5.93789, -212.619, -220.605
3.21651, -694.32, -776.613
3.6901, 338.733, -32.9151
5.64383, 885.377, -195.326
4.312, 764.342, 369.488
4.64437, 587.078, 689.551
4.91936, -38.2698, -828.698
6.20379, -5.62073, -136.547
3.23098, -384.37, 777.258
7.36238, -798.934, -712.536
7.3158, -512.911, -242.778
3.14741, -557.134, 630.281
5.3784, -268.305, -581.625
4.66439, 95.9831, -176.47
5.50066, -238.266, -256.254
5.85098, -665.56, -64.8029
4.5137, 402.641, 939.394
6.46691, 675.998, 637.155
4.89889, -903.03, -236.021
5.72449, 295.397, 245.359
4.28836, -274.617, 610.396
5.96794, -310.575, -216.931
5.83428, -414.793, -643.992
3.22071, -434.289, 670.647
7.10415, -853.213, 179.953
4.22228, 22.2612, -210.691
6.66824, -384.576, -464.828
2.74349, 303.891, -693.374
3.27936, -250.364, -43.3762
2.55765, 283.676, 451.582
3.94327, 105.001, 573.096
5.07295, -321.147, -140.994
3.65948, 660.955, 428.961
2.75022, -248.469, -40.7087
5.33091, -621.06, -736.619
6.69774, -129.587, 651.031
4.28763, -656.963, -448.495
4.3452, 169.311, 816.169
7.22226, 268.765, -64.5423
4.72425, -866.106, -188.283
6.82086, 427.434, 147.363
5.82654, -769.367, -702.202
5.79297, 152.495, 637.226
7.10736, -923.862, 925.704
5.11536, 918.549, -644.511
5.45229, 437.822, -439.796
5.79944, 628.432, 663.912
4.24765, 265.118, 474.928
4.11714, 361.864, 19.9795
7.08984, -86.025, 696.074
3.08619, 912.187, -463.281
7.31268, 590.43, -102.097
5.17978, 62.3505, -237.713
5.81447, 746.09, 632.94
5.48362, 832.978, -469.08
6.93363, -508.52, -704.02
6.67999, -653.259, -559.816
6.69339, 250.509, 168.621
6.85642, -160.163, 293.013
2.5002, -784.415, 333.139
4.77274, 286.682, 315.827
4.25696, -892.145, 206.146
5.80713, -249.387, 684.636
6.22234, -892.171, 155.827
3.3821, -176.148, -474.058
7.4621, 810.476, -740.027
5.95466, -914.809, 217.76
6.97862, 153.797, -21.8555
3.51579, 324.88, -100.827
7.2356, -484.678, -62.1775
4.88476, 853.613, -475.535
6.78578, 925.352, -751.644
6.41237, -889.821, -525.597
5.70687, 888.127, -856.539
3.14521, -700.765, 194.687
5.77944, 11.644, 690.262
3.09199, 58.4672, -6.2949
3.88793, 290.942, 747.194
6.65548, -241.943, -254.803
6.14153, -718.025, -490.411
6.74348, -606.413, 287.744
3.43989, -745.251, -878.331
6.09602, 552.838, -312.896
4.25586, 145.905, 296.528
3.34555, -424.548, -696.414
4.52383, 322.8, -526.661
4.20924, 157.818, 713.971
6.67141, 327.842, -99.358
3.9111, 705.035, 596.155
5.16766, -641.016, -460.936
6.25085, 909.558, -841.544
4.62554, -630.097, -739.715
4.66964, -499.389, 560.834
3.03022, 828.531, -916.651
6.4639, -53.4546, -441.204
3.91232, -628.075, -453.545
7.14264, -496.622, -230.393
5.37926, 265.068, 464.663
3.4895, 794.253, -296.101
5.99081, 561.009, -732.973
3.07265, 461.564, -857.104
4.22945, 273.669, 734.208
4.15646, -502.426, -232.705
6.42735, 835.531, -908.381
6.65775, 464.571, -216.861
4.21712, -720.998, 740.198
4.2603, -280.042, 838.728
6.38197, 119.203, -745.345
6.58658, 13.0206, 679.078
4.26157, -175.476, 314.443
7.09559, -411.45, -269.528
3.2877, 542.014, 220.093
5.56029, -451.72, 601.201
5.54222, -434.811, 670.12
3.16647, -235.16, -694.434
3.51409, -703.502, -489.655
4.79457, -820.336, 538.811
3.48759, -408.278, 868.681
6.77118, -818.156, 361.94
6.54562, -745.018, -645.543
2.80131, -855.619, 816.841
6.50584, -698.443, 632.487
5.49597, -166.715, -493.329
7.43182, -870.192, 259.611
2.65919, -108.182, 677.607
6.8356, 866.379, -689.13
3.69109, 588.7, 274.363
3.6127, 188.825, 384.825
4.73907, -871.386, -563.426
2.61231, 859.582, -197.25
6.79755, -252.716, -6.15485
4.15902, 230.784, 526.886
5.72195, 340.874, 293.856
7.43521, -887.364, -524.546
5.30162, 289.258, -566.083
4.74553, -771.424, -245.431
5.213, 119.385, -739.787
2.90797, 801.03, -30.1829
3.99606, -754.94, -252.892
6.63964, 780.783, 623.931
6.48936, 603.22, 851.739
5.71048, -120.213, 683.424
4.84105, 611.71, 348.279
7.15326, -184.558, -547.808
5.08798, -253.282, -7.85843
7.42924, 809.129, -475.991
5.94567, -44.5159, -676.273
6.19966, -163.642, -501.398
3.46323, -404.356, -869.227
6.08881, -501.966, 563.688
6.11146, 595.074, -114.666
6.49298, 294.37, 148.547
4.23216, 249.221, -935.036
5.1481, 10.627, -135.564
3.19001, 712.638, -339.745
6.73218, -227.214, -249.842
6.32766, -36.5353, -803.715
7.5, 859.337, -437.898
4.24891, 473.541, 914
5.50367, -554.163, 562.523
3.50808, -490.319, 38.3329
6.2385, 35.3569, 134.271
6.49225, 902.886, 224.026
3.03505, -690.299, 103.838
5.35813, -501.586, 40.5625
2.84683, 345.198, -332.402
4.16036, 685.629, 664.777
5.80945, 451.681, -682.969
5.27726, 129.37, -177.587
7.12415, 226.304, -8.68501
2.69832, -448.019, 193.263
2.62083, -276.535, 204.728
4.61923, 234.938, -633.101
4.36987, 428.265, 160.477
2.93303, -229.42, -258.96
3.05403, -123.759, 164.408
5.31992, 351.899, -366.786
7.37269, 1.3954, 704.845
3.05066, -33.9795, -808.517
5.99352, 102.09, 906.547
2.79674, -72.5889, -666.093
4.69755, 819.575, -43.2524
5.24651, 940.503, 693.701
3.45129, 661.142, -721.818
7.36597, 337.033, 316.796
3.19593, -658.177, -96.6288
5.48978, 866.506, -463.344
7.12812, -838.304, 702.751
3.91116, -63.0356, 856.422
6.8307, -151.031, -82.3213
6.29598, -174.669, -531.327
6.10793, 350.566, 581.874
3.34241, -339.524, 343.41
3.32882, 771.228, 382.791
3.39076, -648.506, -926.69
5.87226, 305.234, -556.304
4.83484, -290.277, 9.54332
6.85219, -770.126, -355.097
5.76023, -658.32, -82.4391
5.80464, 724.895, 824.629
2.58037, -659.329, -565.531
4.30596, -740.256, -674.254
3.72747, 880.325, 104.234
6.93086, -889.209, -890.536
5.23701, 803.758, 780.938
6.57209, -22.6839, -629.215
5.24453, 158.962, 837.289
4.16156, 505.2, -62.6237
4.40213, -22.2912, -640.928
2.52389, 877.824, 610.784
6.95226, -79.5978, -403.49
6.16955, -439.379, 654.63
6.04239, -129.093, 644.833
5.1278, 70.9309, -206.044
6.41065, -153.848, -771.783
3.42484, -408.5, -411.564
5.72673, 255.152, 470.985
3.42178, -629.768, -272.951
3.31214, -14.3978, -109.383
2.65594, -189.979, 832.206
7.42716, 146.602, -683.14
4.04559, -297.389, -663.356
4.11075, -650.236, -297.825
5.51155, 264.061, -213.153
2.89107, -318.53, -877.483
3.93936, -1.14631, 67.1016
5.79307, -181.271, -484.205
7.36348, -893.97, -363.738
7.27758, -361.593, -745.711
7.42745, -633.987, -276.617
7.30478, -856.61, -681.005
3.0073, -497.369, 542.692
3.71505, -184.857, -483.404
6.91151, 116.338, -368.237
5.28805, 334.56, 616.247
6.7669, 777.68, 536.778
7.49145, -523.759, 579.798
3.99751, -202.971, -479.642
6.33157, 901.84, 422.954
4.81901, 292.498, -160.446
6.8168, -644.775, -735.069
6.99018, 825.473, -58.3913
7.377, 246.409, -402.322
2.77405, 616.29, 184.295
6.32605, 886.014, -632.07
5.09219, -890.481, 739.708
3.46574, 926.225, -181.696
6.98252, 234.678, -550.952
6.38492, -820.274, 107.528
2.75968, 385.462, 521.601
7.47331, -806.117, 710.318
5.93659, -66.7761, -444.787
5.94854, 856.656, 493.21
6.57666, -641.087, 790.835
7.05426, -66.1902, -417.849
3.34218, -202.566, 335.697
5.24183, -609.12, 759.625
6.53351, -507.698, -220.547
4.17803, 333.111, -522.258
5.53435, -99.3413, 20.4126
6.59602, -857.419, 349.829
7.3485, 39.166, -209.219
6.29349, 522.293, 529.658
3.72113, -126.943, -110.921
5.80589, -575.157, 361.561
4.21574, -507.938, -235.778
7.27146, 352.115, -366.558
2.60828, 773.933, 520.898
4.54979, -875.85, 901.531
2.55789, 548.909, -686.077
3.04964, 823.832, 205.503
5.28259, -801.458, 105.79
4.45466, 20.2808, -203.232
7.20539, 138.781, -169.245
2.55572, 190.527, 411.816
6.22897, -160.457, -504.688
3.84293, 160.519, 117.257
4.27153, -618.954, -763.781
3.45835, -453.127, 666.424
5.14832, 304.803, -135.517
4.39478, -48.5717, -790.152
3.16407, -66.7827, -819.942
4.26563, -183.002, -467.52
4.2497, 772.495, 933.051
7.41084, 620.358, -160.317
5.25961, 149.063, -339.17
4.99918, 43.2343, -700.489
3.58531, -825.985, 372.655
4.37311, -223.86, -573.965
6.78251, -630.91, -460.212
6.45578, 789.338, -518.687
3.9204, -545.37, 837.569
5.07645, 447.775, 167.843
6.79238, -247.326, 48.7615
7.07844, -824.456, -172.923
7.48941, 157.904, 858.14
6.53177, 123.136, -176.866
5.22718, -847.707, -197.477
7.3461, 163.752, -701.154
5.31931, -567.713, 376.58
4.03031, -444.665, 619.071
5.41853, 902.88, 866.236
2.91197, 58.6287, -232.665
5.47382, 350.507, 585.694
3.31968, -560.286, -558.724
6.46527, -646.293, -483.877
2.95373, 598.432, 678.351
6.3072, -481.056, -677.155
6.83996, -254.801, -16.623
6.40105, 134.738, -350.753
6.61399, 888.096, 843.037
6.70974, 371.351, 545.897
4.48328, 422.461, 250.536
6.508, -127.383, 161.855
6.56811, 361.329, -29.2917
5.43493, -396.933, 84.9226
4.64621, 767.233, -8.49069
2.5002, -62.0066, -444.161
5.31153, -781.999, 342.616
6.22632, 371.362, 334.529
3.89846, 858.879, 263.753
2.93406, -907.789, 548.291
3.5733, 857.766, -860.593
3.93296, -464.676, 590.755
4.86595, -350.985, 446.447
6.95893, 851.043, 823.532
5.91955, 524.41, -476.424
3.54376, -3.42983, -130.903
6.67533, 754.782, -20.8829
7.09218, 888.99, 906.852
4.48244, -511.801, -666.165
6.37858, 540.678, 534.201
5.68161, -129.248, -102.749
6.64746, 484.307, 233.95
3.40204, 517.537, -493.627
7.45927, 565.053, -721.9
6.70558, -142.851, -782.83
4.65177, 856.416, 228.128
4.38589, 588.139, 817.552
2.70802, 617.726, -506.978
6.80715, -684.124, -493.374
6.62116, 877.42, -864.597
6.25052, 4.80486, 713.095
3.55801, -180.25, 898.331
4.31029, -756.824, -191.017
4.43545, -607.123, -725.644
7.32918, 766.648, 628.081
6.5872, -106.25, 685.745
4.5755, -64.4228, 432.276
5.83759, 218.012, 139.895
2.52101, 461.278, 878.954
6.98048, -705.88, 209.406
3.68416, -336.964, 339.43
3.79415, 331.27, -107.094
5.4939, 404.349, -691.053
6.89823, -802.243, 343.096
6.16299, -604.808, -583.246
6.0773, 825.612, 571.875
3.57724, -574.789, 486.61
6.30413, 709.461, -930.641
3.85351, -158.816, -492.467
2.75246, 589.672, 276.452
4.78866, 340.763, 298.633
2.58759, 407.824, -718.098
3.01129, 68.8103, -208.356
2.639, -173.668, 312.129
5.65921, -360.718, -542.724
6.34425, 48.1754, -220.366
2.74132, 550.071, -797.607
6.6924, -35.5153, -631.393
6.76899, -231.366, -232.868
6.57649, -495.942, 570.03
6.85188, 797.154, 370.547
5.27222, -606.917, -133.184
6.12646, -235.138, -58.3644
3.20424, -397.129, 873.75
6.6115, 542.653, -491.598
5.51185, 677.768, -178.91
4.93856, 473.169, -862.12
6.14942, -246.495, 822.053
4.05164, 753.728, -649.707
3.93925, -706.538, 319.9
5.45857, -895.208, 717.866
5.34055, 585.874, 829.099
5.41059, -886.704, -528.276
2.84132, -675.828, 281.115
4.34304, 136.646, -359.787
6.28475, -864.916, -572.346
6.35297, -448.606, -831.398
4.27217, -422.474, -264.423
5.98913, 180.005, 869.781
5.08005, -628.683, -289.878
5.94494, 355.556, 146.443
6.18066, -81.4836, 634.057
2.56231, -316.698, -639.45
7.16549, 624.278, -157.07
5.37826, 160.839, 113.039
3.05587, 544.362, 994.924
4.87388, -102.761, 28.0555
3.24247, 205.515, 100.779
4.22594, 62.6621, 432.777
7.04476, -854.313, 157.268
4.54571, 31.0351, 512.015
5.96642, -643.56, -79.6726
3.35865, 374.962, -828.68
6.21715, 854.518, -474.099
4.16319, -417.467, 689.122
4.62157, 621.438, 333.579
2.79523, -185.699, -84.1408
5.09005, 271.035, -200.828
5.94425, 437.487, -556.782
5.01149, -254.328, -10.7407
6.56617, -179.118, -718.69
3.07974, 116.013, -886.85
5.24841, 261.203, 474.377
5.06046, 309.012, 40.4068
6.02649, 918.964, 433.836
5.65083, -236.044, 866.636
4.0207, -64.7423, -622.993
6.74719, 357.012, 323.505
3.39619, 641.446, -37.8119
2.61737, -478.861, -84.5541
4.19467, 659.451, 31.9234
3.43818, 316.906, -109.076
6.60467, -269.469, 165.15
6.72507, -898.218, -166.533
6.78031, 883.239, -689.166
7.37454, -905.616, 634.657
2.99587, 409.893, -431.403
2.56182, 568.632, 621.347
2.58614, 229.311, 530.979
2.64527, 189.695, 112.51
4.1031, 130.344, -311.793
6.17815, 613.045, 289.731
3.14876, 263.371, 475.706
2.5161, -380.321, 468.384
6.91905, 122.275, -756.707
3.70482, 207.021, -514.85
4.38481, -781.376, 740.773
4.44879, 616.897, 92.1137
2.81534, 606.47, 297.591
7.30792, 185.025, 867.765
3.75349, 723.852, -338.499
6.85376, -651.173, -91.2562
2.85991, -876.579, 335.537
2.70653, -584.267, 569.352
3.46378, 322.762, -482.498
3.86708, -300.927, 309.417
7.4007, -925.828, -345.97
3.60607, 316.621, -504.694
6.43119, -857.686, 822.668
4.42306, 236.844, -384.667
3.78593, 445.318, -620.194
3.91087, -887.738, 96.1711
7.33834, 876.252, -67.7243
4.22841, 684.702, 141.558
3.45922, -893.083, 722.906
5.05037, -543.567, -362.522
5.21857, -518.363, 585.474
5.72333, -658.848, -568.345
3.89738, 22.8026, 722.5
3.41887, -311.857, -657.659
2.71579, -808.224, 344.39
3.98408, -519.47, -224.109
4.25548, -229.073, 125.316
7.09372, -419.188, 710.61
5.81225, 477.699, -339.781
5.08041, 836.798, 553.748
4.03763, 549.868, 525.331
3.0007, -315.312, 136.69
3.47502, 354.54, -901.246
4.11407, 51.7678, -128.579
5.56182, 869.024, 80.8417
5.13511, 920.784, -933.053
3.45653, 318.346, 243.053
4.7178, -658.374, -449.452
4.48693, -631.952, 781.805
6.28051, -581.69, 755.04
6.6213, 718.207, 604.746
5.51573, 128.329, -361.299
3.04573, 567.254, -759.319
4.11797, 457.734, -167.386
5.03403, 29.9877, 300.275
4.76521, -639.848, 777.972
4.77315, -146.531, -493.716
4.91125, 877.841, 889.402
5.07896, 359.808, -651.683
4.50207, 175.414, 796.45
4.22945, 899.002, 397.368
6.64533, 877.335, -196.246
3.02204, -668.831, -730.667
6.40057, 553.769, 518.616
3.19919, -286.348, -227.658
2.62171, -794.573, -543.934
6.0664, 355.416, -655.799
7.15538, 125.99, -761.811
7.47667, 224.486, 147.391
3.86264, -885.05, 151.69
3.6923, -492.185, -231.691
3.87328, 887.935, 600.625
5.70836, -865.056, -692.471
5.17637, 287.042, 128.872
6.8967, 777.655, -296.001
6.75968, -652.918, -723.883
2.98004, 820.733, -85.8997
4.66818, -712.94, 202.936
3.17045, -161.31, -719.062
5.86802, -209.979, 297.99
5.34964, -50.4728, -438.431
3.66474, -501.672, 558.867
5.50306, 244.045, -639.929
2.6551, -732.139, -1.93983
7.08512, 529.684, -280.911
3.82958, 856.279, -191.288
6.50016, -174.721, -527.675
5.46389, 109.403, -737.308
5.0822, 319.882, 606.025
5.2567, 369.556, 527.98
3.47225, 456.912, -208.721
5.36152, 132.287, -674.956
3.81992, 178.645, 398.861
4.41648, -784.411, 512.732
2.73626, -732.539, -878.055
4.22823, 553.901, -693.048
3.61594, 644.333, -420.221
3.81264, 34.7875, -705.542
3.05141, -411.053, -463.843
7.40088, -673.614, -8.05633
5.93794, 772.114, 608.169
5.82158, -543.958, -356.525
5.99501, -582.512, -650.79
2.68746, -795.875, -710.575
3.6706, -637.119, -741.077
3.95397, 712.446, 655.422
3.50543, 75.9954, -233.454
2.7177, 332.503, 288.368
2.56571, -516.123, 566.214
6.07297, -481.863, 778.807
6.88348, -839.753, -570.758
5.35088, -869.725, 354.059
6.92743, 822.474, 820.025
5.20042, -379.78, -264.502
3.31357, 857.749, -649.955
3.30492, 924.272, 435.407
7.19182, 296.909, 273.996
3.45628, 501.89, -783.917
3.15761, -13.9262, -123.089
4.41122, -251.468, 15.6373
6.12674, 272.768, -170.982
2.50651, 553.442, 826.462
4.60222, 31.8504, 715.44
5.18984, 245.724, -220.374
4.86596, -224.336, 231.908
6.33003, 551.736, 821.555
2.9396, 526.239, -470.147
7.04284, 150.643, 315.359
3.20818, -802.567, -411.484
2.54782, 335.319, -21.7732
2.82267, 263.771, 463.46
4.96742, 368.481, 220.389
5.40914, 500.216, 925.925
4.03373, -897.945, 536.856
4.57091, 798.927, -30.3418
4.33401, -602.421, -629.061
3.42687, 176.916, 640.017
2.76788, 532.323, 179.227
4.47222, 478.347, -53.086
3.98388, -320.097, -162.175
5.05388, -372.255, 810.482
3.75392, -703.038, 198.31
5.01589, 879.653, 908.596
2.51168, -27.5557, 752.399
7.01807, 893.341, -438.742
2.79181, -885.938, -891.387
5.17506, -582.674, 759.345
3.95754, -364.274, 808.124
7.3023, -780.348, -224.416
4.73406, 359.394, -135.096
5.08479, 820.04, 191.314
5.93861, -263.378, -1.882
2.72187, -156.216, 46.3499
7.2946, -768.112, 585.533
5.70852, 367.387, 139.404
2.80215, 517.653, -708.616
3.33964, 89.3354, 259.776
5.76491, 451.172, -198.024
6.19864, -785.486, 336.528
3.57011, 834.06, 185.971
4.31441, 147.319, -740.75
6.56981, -641.97, 896.396
5.32057, 796.544, -478.314
7.45886, -34.3313, -807.305
6.5669, -769.463, 340.709
3.49157, -931.241, -15.1424
2.50003, -124.818, -783.518
4.62608, 856.576, -685.499
4.07406, 859.977, 263.191
5.56218, 594.123, -886.279
3.83351, -164.785, -489.92
4.39881, -590.556, -82.0827
5.43397, 895.065, 282.4
5.95636, -103.47, -418.327
7.26736, -397.168, -532.665
4.89785, -299.078, -888.846
3.60319, 402.55, -669.904
5.33741, -655.065, -491.152
6.09873, 366.637, 315.495
4.4953, -454.701, 596.469
3.48326, -661.756, 925.44
6.66971, -633.542, -764.141
5.59561, -449.217, -848.413
7.26866, -272.417, 158.055
3.23222, 21.4705, -199.589
5.38953, -0.664909, -433.567
7.26796, -422.597, 672.206
3.62331, 693.821, -922.95
7.25137, -498.02, 751.291
3.07874, 795.173, -470.676
2.58372, 34.6808, -210.454
3.90465, -313.432, -147.354
7.15042, 613.393, 118.929
3.04796, 785.293, 849.995
6.77266, 5.51696, 725.11
5.68532, -687.482, -708.729
5.63853, 404.1, -688.596
3.80589, 740.122, 650.419
5.13936, -892.357, 204.723
7.16608, -249.811, 853.07
3.98055, 872.733, 113.727
4.78006, 189.156, 366.26
6.35659, -652.711, -578.014
4.17193, 144.865, 114.012
6.31775, -32.605, -817.922
6.65892, -10.9024, 884.644
2.64618, -721.352, 555.716
4.31315, 687.835, -253.872
4.16221, 276.141, 484.539
3.17675, -447.345, -178.349
3.00839, -282.11, 611.83
5.11327, -580.614, 772.455
3.52046, 42.6476, -499.254
5.00728, -834.069, -572.069
5.1371, -20.7583, 881.366
4.13422, -250.563, -266.323
4.75888, 259.409, -382.194
6.85263, -43.7036, 902.249
4.72884, 593.324, 829.779
6.03726, -457.317, -808.266
6.83171, 868.738, -689.677
6.5822, 784.657, 188.148
2.67504, 805.154, 807.402
3.8644, -613.932, -267.626
5.21858, -399.389, -420.04
3.19942, -867.043, -557.632
5.57408, -738.53, -869.311
3.29182, -552.176, -676.934
4.41129, 113.593, 212.257
5.94997, -101.981, 176.878
3.21128, -422.301, 497.205
5.65284, -791.813, 752.324
3.15973, 152.375, 879.346
7.13583, -700.386, 204.898
5.53465, -899.692, 769.878
5.50388, -858.115, 342.326
3.33635, 543.155, -487.012
3.301, -808.608, -403.404
5.91628, 570.138, -16.2402
5.1456, -687.102, -30.331
3.65264, -86.6989, 701.344
6.55373, -456.356, -74.926
5.76477, -418.454, -542.646
4.08597, -594.407, -586.638
2.53953, -250.551, -783.641
3.49176, 706.165, 657.021
3.78831, 16.6448, 369.038
3.03825, 835.595, 29.3197
3.49545, 109.779, -398.071
6.75079, 793.811, -762.993
6.63912, -867.611, 188.945
6.76813, -886.397, -566.371
5.71027, 295.06, 765.181
3.6787, 685.275, -928.618
6.80638, -504.586, -754.068
5.4745, -44.0827, -126.233
2.52745, 501.062, -50.0947
6.84925, -633.356, -457.007
7.37729, 614.549, 173.979
5.59653, 346.257, -10.5921
3.85574, -841.777, 309.605
7.46973, -214.647, -552.361
4.60751, -678.537, -480.22
4.20537, -775.138, -593.712
4.80717, 350.955, -79.5634
4.44822, 243.703, -410.913
4.613, -7.70495, 507.352
2.84879, 139.204, 307.798
5.5153, 16.8191, -139.82
7.36114, -51.5641, 201.314
5.07406, -719.337, -500.076
7.45461, 876.896, -123.936
5.84906, 574.422, -135.658
4.01716, -596.236, 52.5475
3.47371, 822.117, 580.118
4.0109, -755.183, -855.618
4.93946, -357.729, 446.094
4.72438, 503.775, 933.11
5.7844, 359.818, -869.77
3.74227, -742.378, -676.533
4.72007, 43.154, 533.804
5.75894, -679.164, -41.5457
6.67472, -703.459, 258.077
6.03698, 172.901, 789.099
4.93928, -827.048, -637.579
6.72039, 384.426, -205.488
7.00296, -522.404, -248.859
6.33082, -665.171, -461.18
5.29453, 632.383, 878.309
2.70603, 4.6103, 61.9595
5.46749, 547.248, 81.0995
2.68674, -639.49, 797.07
4.53488, 101.012, 414.676
2.84243, -920.643, -856.389
7.38558, -721.172, -852.336
2.5956, -482.699, -240.261
6.60363, -166.969, -253.157
5.2195, -381.321, 805.098
5.72828, 733.914, -337.455
3.62934, -273.275, -4.50143
2.733, 889.132, -691.975
3.63154, 200.818, -545.927
4.58371, -635.731, 127.276
6.40126, 250.177, -606.681
3.72852, -857.859, 358.366
4.81411, 606.433, 141.648
6.14756, 901.019, 275.898
5.35237, -343.841, 784.707
5.45997, 915.863, 889.813
4.98425, -837.482, 266.678
3.951, 438.381, 161.893
4.71107, 22.5851, -219.987
2.53669, 823.58, -412.466
7.41683, 490.018, -343.919
2.52822, -759.701, -187.653
4.8676, -99.3713, 713.07
5.86497, -335.997, -142.08
