6.27803, -105.543, 37.4853
3.5948, 185.22, 151.071
5.89648, 101.505, -106.195
5.09708, -47.5502, -245.139
2.76731, 326.175, -494.792
2.53849, -12.7232, -134.66
4.58743, 557.86, 274.802
7.15218, -98.1578, -118.604
2.95982, 46.275, -195.433
6.00595, 217.398, 306.107
3.81226, -272.069, -93.4354
4.14117, -59.6723, 35.3353
7.45519, -175.445, -357.485
7.41275, 88.9934, 278.676
5.75759, -170.664, -82.0908
6.92354, -280.475, -36.2236
6.33247, -93.5408, -123.699
3.87453, 5.37624, 278.806
4.93259, 76.1759, 216.704
2.80282, -166.124, -169.7
5.08146, -30.582, -108.387
4.96988, -156.437, 112.191
7.23882, 96.0764, 14.2
4.42071, 153.482, 272.486
5.14874, -30.4343, 184.998
2.75042, -189.45, 154.748
6.63909, -3.31304, 124.658
5.94228, 187.906, 56.306
6.18112, 15.4714, -265.93
6.94286, -339.547, -460.385
4.25508, -18.9717, -163.264
6.72991, 112.385, 128.646
3.84659, 124.949, -82.3439
4.83959, 248.73, 225.53
3.2686, -22.8778, 37.6696
2.66527, -138.04, -77.099
7.2768, -15.2797, -149.606
6.95369, -224.816, -107.609
3.29884, -325.764, -18.9818
3.15214, -551.17, -146.43
2.515, -280.567, 145.662
6.0491, 66.1561, -36.7194
3.40448, -27.8655, -216.799
5.76029, -111.316, -63.0215
4.42907, -166.661, -70.0974
3.23766, -12.3778, 79.3183
5.45054, -117.89, -68.8693
3.24076, 173.734, -165.989
3.2091, -419.786, -375.26
4.94257, 48.2149, 65.5972
3.13015, -161.083, -16.1737
5.64635, -170.973, -179.319
5.60817, -375.886, 185.048
4.88216, 285.654, -389.565
2.64188, 326.864, 381.6
3.21011, 206.19, -218.623
3.15594, -127.863, -186.156
3.31099, 195.659, -372.063
3.76529, 158.208, 14.819
4.77654, -516.693, 338.048
6.54472, 180.132, 66.1672
3.57624, -55.983, 3.83533
3.75063, -46.2596, 125.308
5.02978, -138.877, 17.593
6.27922, -66.5896, 1.06529
5.66369, -45.1213, -250.447
5.9449, -299.766, -320.496
7.27207, -422.087, -174.711
5.18713, 93.0339, -120.417
4.57014, 73.7742, 370.736
4.70019, -17.608, -67.4626
6.07821, -361.204, -283.934
6.20858, -68.2047, -234.718
5.12494, -419.376, 323.928
6.06711, -54.1236, -56.3971
5.91025, 53.8649, 21.5459
6.82941, 52.0726, -64.3671
3.19597, 140.492, -194.132
3.57766, -382.244, 92.4531
5.0733, -15.551, 111.904
4.83766, -130.097, 31.8379
3.55759, -26.4225, -223.096
5.65244, 293.023, -290.458
2.5044, 249.856, -298.625
4.09589, 110.683, -937.583
5.90281, -136.698, -188.834
6.0446, -204.521, -200.661
2.90869, 68.7537, -226.03
3.56926, -72.3944, -44.0398
4.44412, -85.8468, 251.832
4.44927, -543.437, -279.722
3.92018, 9.65805, -131.326
4.6123, -95.1317, 93.3358
2.55658, 439.987, 77.5378
3.72027, -345.232, 166.885
4.49072, 98.7439, -383.053
6.64177, 223.957, -1.33803
3.78584, -347.476, 126.267
3.59705, 54.536, -231.981
6.47385, -42.5575, 176.919
5.8476, -166.063, -520.048
5.49108, 132.657, -331.59
5.99917, 315.012, 100.637
5.13062, -43.861, -167.24
4.14833, -43.7052, -143.224
3.30844, -221.465, -17.8361
6.56633, 28.8424, -17.3517
4.08004, 103.467, -36.7338
4.05369, 20.6547, 5.36368
4.65424, -201.767, -127.505
4.46509, 289.971, 288.938
4.43916, -189.208, -0.272251
4.34871, 127.563, 315.045
5.88118, -358.34, -34.1617
6.10384, 309.121, -5.46516
7.20082, -192.563, -219.469
5.08573, -80.097, -56.457
5.5282, 228.377, 310.428
5.85049, 164.858, -332.114
5.11404, -369.388, 184.392
3.87105, 262.995, -233.568
7.08924, -37.1415, 196.608
3.73367, -210.021, 256.928
4.77876, -235.853, -209.905
3.30374, 247.888, -170.914
4.68319, -6.51809, 161.985
7.45767, -79.2813, 46.5437
6.26931, -3.1627, -136.631
4.97846, 34.3126, 275.964
7.01651, -45.683, 56.9974
4.68213, -144.211, 51.1763
5.09239, 323.964, -174.507
4.44866, -360.283, -138.851
5.63431, -35.5364, -162.161
5.19331, -288.018, -181.609
4.35955, -113.431, 210.204
2.54674, -136.641, 13.8643
6.3794, 61.7346, 243.288
2.85317, 333.503, 252.94
3.98511, -281.06, -72.163
4.78581, -193.144, 284.83
3.25156, -56.3183, -142.039
5.97819, -48.1197, 353.316
4.15587, -228.914, -265.784
5.21197, -260.471, 315.957
2.64678, -452.896, 162.984
5.38086, -138.759, -21.5697
5.18133, -99.3926, -124.806
7.36678, 1.21225, 372.888
5.57063, -133.202, -209.826
5.26431, 159.647, -41.3898
6.69051, 3.55949, -309.436
3.75764, 158.99, 15.506
6.98957, 43.609, 80.0348
5.97428, -53.8659, 26.8918
5.82752, 355.377, 239.864
3.06838, 431.64, 270.316
3.37987, 330.715, 497.202
2.91253, 159.116, -552.389
6.68103, -155.121, 118.816
2.64818, -0.274714, -668.311
6.34719, 29.9434, -7.81873
4.29829, 177.164, -339.037
6.24626, 233.038, -336.792
6.28385, -35.2317, -143.443
3.60834, 67.1555, 309.216
5.58305, -141.751, -178.246
3.66846, 23.2541, 231.419
6.22052, 204.908, -172.571
5.80997, 303.737, 361.956
4.9209, -194.381, 285.055
2.58972, -521.841, 311.179
4.98291, -35.219, 76.6823
5.09587, 219.113, -138.052
4.71395, 454.856, 208.744
4.14528, -17.5386, -187.551
3.52671, -135.202, 133.015
7.19863, -206.639, 63.7823
2.85168, 496.929, 33.3386
3.30042, -3.20451, 261.271
6.70788, -46.573, -176.256
4.13614, 306.541, 220.413
6.85942, -36.2138, -283.135
5.99896, -295.64, -170.701
5.52801, 93.5338, -109.462
4.77536, 191.163, 156.041
2.91543, 659.446, -404.758
3.94883, 0.69944, -281.049
6.51009, 214.483, 42.7804
6.81821, 100.402, 26.2715
3.81831, -468.816, 183.941
4.79881, -211.503, -5.43869
4.95672, -84.2923, 102.489
5.82344, 351.343, -123.226
7.31738, 22.2042, 254.063
7.23022, -32.116, -43.387
2.81902, -314.421, 18.8295
5.04829, 2.72329, 251.761
6.13222, -164.137, -261.039
5.65882, 30.8707, -145.792
3.26658, 12.9303, 19.8445
5.09652, 455.575, 207.275
3.52281, 517.027, -261.855
6.03231, -268.268, 15.1697
6.05786, 74.0459, 525.799
3.66304, 56.615, -110.238
6.80594, -116.437, -287.834
2.67122, -21.873, -589.684
6.26587, -9.11532, -90.2803
4.14789, -19.6447, -144.897
4.65309, 359.617, 59.0025
7.33455, 127.691, 12.0402
4.05803, -78.5756, -209.491
5.69762, -431.528, 162.021
5.95386, 120.796, -31.2109
5.36403, -151.747, -278.688
6.60667, -236.315, 333.295
4.21807, -255.219, 139.27
5.09387, 344.965, 224.301
6.78438, 248.117, 3.24916
6.18587, 95.3833, 71.9591
3.45992, 143.041, -288.541
2.83145, 41.8787, 166.781
3.60828, -484.881, 219.122
3.33656, -32.301, 192.931
6.31172, -85.4662, -30.9125
5.44905, 87.855, -295.399
4.65223, -559.294, -230.519
7.09618, 108.04, -286.486
5.09668, -380.931, 1.99166
7.38058, -211.12, 101.791
5.15714, 303.34, 219.423
2.98716, -17.9992, 754.915
5.83983, -55.8457, 162.56
5.44444, -274.42, 246.53
5.01137, 157.029, 303.81
2.75808, 285.456, -500.005
2.6753, 265.842, 99.205
4.41484, 146.803, 98.4419
5.55555, -168.188, -333.409
5.06574, -590.038, -185.557
5.98498, -206.856, -189.778
4.89891, 47.7924, 67.6835
3.88323, -439.976, -78.0666
6.01685, 77.2249, 267.79
3.67701, 47.6034, -347.563
6.41501, 45.4104, 115.044
6.60589, 222.254, -414.469
3.21842, 58.4858, -123.717
5.75757, 293.078, -260.478
3.87677, -338.143, 160.81
7.26215, -288.486, 288.996
4.58238, 35.8695, 165.472
3.03869, 57.0214, 156.531
4.70633, 286.515, -161.267
6.28811, 4.93687, -24.6985
2.77803, 258.94, 424.469
3.51241, -96.5533, 185.184
6.82305, -235.584, 243.448
6.52456, 91.7094, -40.3194
2.78861, 173.869, 276.091
4.40304, 197.993, -46.9955
4.56124, -184.888, -61.7256
2.80071, -290.369, -270.76
7.09746, -303.81, -307.171
3.35398, -219.734, -299.626
6.51634, 145.257, -54.0308
3.88599, 185.688, 289.796
4.44586, -556.65, 199.437
7.19936, -321.491, -341.586
6.24573, 41.6031, 296.032
3.44774, -157.793, 169.771
6.89581, -98.6146, 112.385
6.8953, -211.286, -29.5871
3.30515, -156.861, 158.481
5.87346, 204.862, 261.729
6.89096, -115.63, 112.597
6.98262, -307.398, 236.692
3.06535, -274.2, -220.229
5.93789, 177.156, 342.349
3.21651, -127.379, -174.789
3.6901, -158.283, 127.49
5.64383, -113.814, -109.119
4.312, -51.3441, 83.5711
4.64437, -343.506, -267.235
4.91936, -36.7809, 157.37
6.20379, 61.6302, 62.1247
3.23098, 323.104, -180.15
7.36238, 132.187, -136.582
7.3158, 23.091, 246.489
3.14741, -266.123, 289.46
5.3784, -204.056, -139.729
4.66439, -114.003, 510.547
5.50066, 154.976, 252.042
5.85098, 243.261, 110.98
4.5137, -205.615, -285.478
6.46691, -348.702, -267.829
4.89889, -201.61, 373.716
5.72449, -429.46, -34.2207
4.28836, 177.403, -168.959
5.96794, 64.8153, 338.268
5.83428, 319.801, 341.248
3.22071, 183.587, -213.243
7.10415, 284.165, 59.1175
4.22228, 347.553, 411.343
6.66824, -148.539, -132.676
2.74349, -187.762, -47.696
3.27936, -339.82, 361.182
2.55765, 146.555, -302.772
3.94327, 77.0689, -251.517
5.07295, 291.396, -70.5238
3.65948, -21.7807, -478.41
2.75022, 303.447, -51.6171
5.33091, 154.502, 246.004
6.69774, -281.625, -207.549
4.28763, 171.115, 455.716
4.3452, -13.2652, 182.241
7.22226, -243.875, 94.2594
4.72425, -159.74, 239.367
6.82086, 72.3562, -236.656
5.82654, 281.182, -97.5744
5.79297, -37.7708, -472.635
7.10736, 344.767, -284.639
5.11536, -424.009, 326.613
5.45229, -495.671, -34.9886
5.79944, -177.685, -331.994
4.24765, -365.526, 212.567
4.11714, -20.9602, -47.9674
7.08984, -129.804, 61.294
3.08619, -244.726, 146.31
7.31268, 128.452, -15.2513
5.17978, 186.036, -226.976
5.81447, -303.419, -149.819
5.48362, -259.501, 146.009
6.93363, 370.84, 103.474
6.67999, 12.8691, 12.2929
6.69339, -31.6893, 202.44
6.85642, -217.238, 2.01905
2.5002, 436.839, 102.075
4.77274, 105.528, 74.2712
4.25696, 480.869, -96.4825
5.80713, 123.523, -310.374
6.22234, 268.83, -80.629
3.3821, -233.506, -321.973
7.4621, -225.615, 345.01
5.95466, 223.624, -200.84
6.97862, -204.507, -2.95745
3.51579, 427.805, 206.207
7.2356, 331.8, 137.871
4.88476, -188.123, 166.3
6.78578, -481.264, 221.19
6.41237, -70.8314, -34.0114
5.70687, -427.884, 345.399
3.14521, -100.385, 68.3932
5.77944, 20.4234, -368.525
3.09199, 6.36567, 168.784
3.88793, 191.519, -163.708
6.65548, 193.281, 335.648
6.14153, 497.71, 498.675
6.74348, 217.448, -149.73
3.43989, 257.643, 4.7147
6.09602, -6.34306, -243.469
4.25586, -306.499, 84.5156
3.34555, 468.474, 307.449
4.52383, -24.7176, 65.357
4.20924, -175.108, 21.3534
6.67141, -221.175, -120.742
3.9111, -183.979, -296.329
5.16766, -388.748, -81.328
6.25085, -202.622, 248.849
4.62554, 83.9318, 202.708
4.66964, 449.328, -185.588
3.03022, -461.786, 99.7759
6.4639, 203.409, 66.8934
3.91232, 105.683, -129.888
7.14264, 311.742, 125.247
5.37926, -33.5298, 191.753
3.4895, -252.199, -115.528
5.99081, -178.94, 44.5421
3.07265, 219.489, 63.7715
4.22945, 290.171, 173.754
4.15646, 55.4072, 78.7294
6.42735, -237.705, 140.64
6.65775, -115.967, 211.793
4.21712, 224.767, -328.171
4.2603, -203.866, -52.1598
6.38197, 69.3693, 61.204
6.58658, -237.136, -428.437
4.26157, 222.663, -405.689
7.09559, 73.7542, 268.113
3.2877, 129.826, -2.96899
5.56029, 331.64, -256.713
5.54222, 178.198, -48.6758
3.16647, 273.693, 413.67
3.51409, 465.858, 463.493
4.79457, 290.707, -214.916
3.48759, -212.864, -126.77
6.77118, 263.551, -165.104
6.54562, 143.816, 103.807
2.80131, 235.666, -421.485
6.50584, 236.649, -417.695
5.49597, -83.3653, -162.176
7.43182, 217.481, -4.11252
2.65919, -257.741, -257.872
6.8356, -324.281, 342.525
3.69109, 7.59171, -122.707
3.6127, 474.94, -527.953
4.73907, 474.531, 248.151
2.61231, -114.15, 74.8815
6.79755, 122.639, -83.3831
4.15902, 354.83, -994.884
5.72195, -127.485, -256.444
7.43521, 457.259, 16.8483
5.30162, -138.233, -139.39
4.74553, 0.666234, 271.063
5.213, 113.512, -128.679
2.90797, -351.443, -147.721
3.99606, 699.972, 253.265
6.63964, -467.611, -194.877
6.48936, -85.8232, -201.005
5.71048, -32.8849, 0.88922
4.84105, -170.267, -308.303
7.15326, 213.235, 412.241
5.08798, 113.684, -21.2429
7.42924, -465.636, 258.523
5.94567, 59.0574, -184.893
6.19966, -86.4038, -153.748
3.46323, 157.154, 36.9087
6.08881, 350.26, -296.741
6.11146, 14.4341, -158.844
6.49298, -105.064, -307.485
4.23216, -182.323, 171.247
5.1481, 137.015, 361.221
3.19001, -243.506, -96.0983
6.73218, 25.3119, 258.113
6.32766, 233.995, -212.551
7.5, -245.609, 139.452
4.24891, -428.182, -288.885
5.50367, 405.647, -128.099
3.50808, 82.7936, 512.304
6.2385, -221.776, 118.836
6.49225, 112.313, 61.9494
3.03505, -725.44, 509.201
5.35813, 151.698, 246.158
2.84683, -626.276, 314.154
4.16036, -134.668, -258.442
5.80945, -41.0424, -208.31
5.27726, 160.156, 235.357
7.12415, -24.8065, -36.0383
2.69832, 205.241, -289.527
2.62083, 378.96, 355.037
4.61923, -336.15, 304.788
4.36987, -118.507, -118.01
2.93303, -53.1563, -16.3899
3.05403, -4.54891, 187.998
5.31992, -27.3073, 71.4942
7.37269, -90.0264, 69.7061
3.05066, 34.3082, -319.153
5.99352, -363.323, -582.569
2.79674, 199.367, 322.739
4.69755, 137.613, -74.2817
5.24651, -334.272, -374.962
3.45129, -221.091, 93.0667
7.36597, -156.876, -134.728
3.19593, -207.456, -9.34648
5.48978, -176.267, 85.3582
7.12812, 137.576, -458.079
3.91116, -9.37777, -133.422
6.8307, -137.132, 145.276
6.29598, 348.469, -109.901
6.10793, -124.371, -73.7738
3.34241, 185.914, 251.298
3.32882, -353.061, 72.7585
3.39076, -175.911, -54.8858
5.87226, -220.236, -112.675
4.83484, 222.64, 55.6843
6.85219, 161.164, 251.222
5.76023, -66.7209, 156.652
5.80464, -329.873, -172.111
2.58037, 402.785, 254.988
4.30596, 515.895, 377.814
3.72747, -188.607, -473.717
6.93086, 498.338, 310.099
5.23701, -571.274, -10.5796
6.57209, 160.469, -116.71
5.24453, -41.6349, -508.799
4.16156, -75.5886, 112.528
4.40213, -192.923, -196.574
2.52389, -195.984, -114.291
6.95226, -225.93, -14.145
6.16955, 369.938, -173.621
6.04239, -85.3038, 64.189
5.1278, 79.7465, -88.959
6.41065, -73.5253, -26.0926
3.42484, 137.772, 104.106
5.72673, 46.1396, 15.8784
3.42178, 140.295, 257.926
3.31214, -222.742, 60.5385
2.65594, 4.90593, -184.024
7.42716, 65.3323, -218.96
4.04559, -20.328, -160.583
4.11075, 128.992, 304.287
5.51155, 53.2306, 48.258
2.89107, 162.631, 203.483
3.93936, -283.317, -35.9421
5.79307, 326.732, -22.6748
7.36348, 160.927, 234.343
7.27758, -82.4217, -31.0979
7.42745, 2.22185, -108.35
7.30478, 311.384, 245.854
3.0073, 90.8801, -364.468
3.71505, 206.362, 149.626
6.91151, -1.94889, -255.238
5.28805, 95.3406, 117.605
6.7669, -163.816, -148.784
7.49145, 296.232, -292.937
3.99751, -315.557, 563.042
6.33157, -538.542, -287.369
4.81901, -522.118, 18.491
6.8168, 3.15099, 258.891
6.99018, -151.379, 40.2357
7.377, -183.439, -233.609
2.77405, -254.738, 103.057
6.32605, -319.335, 113.158
5.09219, 218.47, -349.333
3.46574, 57.3744, -145.851
6.98252, -353.153, -23.5319
6.38492, 211.466, -4.85936
2.75968, -92.7489, -56.114
7.47331, 235.466, -360.476
5.93659, 260.124, -146.942
5.94854, -292.493, -153.845
6.57666, 222.63, -290.972
7.05426, 152.947, 270.106
3.34218, 36.9468, 549.233
5.24183, 119.6, -224.451
6.53351, 129.22, 276.623
4.17803, -317.111, -74.0013
5.53435, 298.487, 58.0226
6.59602, 154.305, -282.88
7.3485, 235.245, 76.0664
6.29349, -69.3939, 125.232
3.72113, 342.138, 79.2676
5.80589, 252.152, -218.018
4.21574, -427.023, -153.278
7.27146, 39.1233, -70.1286
2.60828, -26.854, -267.42
4.54979, 362.057, -187.451
2.55789, 492.042, 205.283
3.04964, 136.177, 68.909
5.28259, 251, -332.796
4.45466, -18.5271, 220.482
7.20539, -3.30346, 109.247
2.55572, -125.76, -434.292
6.22897, 194.995, 20.0147
3.84293, -331.014, -4.733
4.27153, -32.3953, -136.935
3.45835, 394.558, -498.994
5.14832, -156.578, -189.145
4.39478, -100.854, -222.943
3.16407, 8.04407, 56.799
4.26563, 415.655, 12.8308
4.2497, -520.083, 53.1819
7.41084, -294.643, -332.618
5.25961, 12.3541, -92.8332
4.99918, -183.298, -186.611
3.58531, 272.516, -270.699
4.37311, -239.546, 130.527
6.78251, -443.252, -140.187
6.45578, -194.004, 107.19
3.9204, 374.266, -299.108
5.07645, -105.774, -242.709
6.79238, 273.912, 47.9087
7.07844, 17.4332, -281.93
7.48941, -301.67, -439.252
6.53177, -32.1478, -159.07
5.22718, 38.0485, 95.761
7.3461, 185.777, 198.759
5.31931, 116.257, -111.712
4.03031, 295.18, -192.335
5.41853, -249.122, 6.13537
2.91197, -4.67212, -206.414
5.47382, -176.241, 182.141
3.31968, 90.6905, -37.1131
6.46527, 380.234, 293.132
2.95373, -254.931, -157.039
6.3072, -75.8212, 87.9745
6.83996, 80.7362, -73.0124
6.40105, 13.3264, -118.909
6.61399, -374.145, -426.839
6.70974, 141.019, -24.493
4.48328, 234.151, 62.9732
6.508, 128.15, 95.48
6.56811, 62.8346, 41.8251
5.43493, 316.99, 347.202
4.64621, 22.8129, 92.6486
2.5002, 226.451, -71.3595
5.31153, 199.841, -142.716
6.22632, -44.5839, 171.867
3.89846, 284.322, 50.9492
2.93406, 13.8401, -559.789
3.5733, -235.131, 137.265
3.93296, -99.1861, -340.615
4.86595, -178.084, 62.8644
6.95893, -336.881, -264.48
5.91955, 49.3218, 148.249
3.54376, -94.26, 274.415
6.67533, 0.753937, 5.88219
7.09218, -275.229, -278.108
4.48244, 282.948, 482.419
6.37858, -254.519, -158.719
5.68161, 69.3557, -98.3687
6.64746, -336.914, 30.4608
3.40204, -11.2766, 257.118
7.45927, -30.9877, -35.2141
6.70558, -41.4184, -231.335
4.65177, -447.656, -234.547
4.38589, -369.123, 5.46989
2.70802, 94.1829, 193.592
6.80715, -77.0148, -14.3302
6.62116, -330.672, 158.924
6.25052, -83.5578, -197.808
3.55801, -229.385, -56.6557
4.31029, 202.593, 267.666
4.43545, 303.677, 339.24
7.32918, -366.966, -315.525
6.5872, -220.814, -319.777
4.5755, -1.30419, -192.38
5.83759, 25.5683, 27.467
2.52101, -312.505, 53.5469
6.98048, 231.972, -20.1989
3.68416, 228.323, 265.095
3.79415, -70.4963, -2.54858
5.4939, -146.199, -111.245
6.89823, -267.467, 180.925
6.16299, 483.355, 215.801
6.0773, -268.287, -277.696
3.57724, 555.814, -80.9281
6.30413, -456.002, 186.157
3.85351, -84.8744, -277.718
2.75246, -171.5, -306.696
4.78866, 4.72293, -255.795
2.58759, -237.124, -8.57467
3.01129, 40.4559, -224.736
2.639, -85.1297, -54.2778
5.65921, -69.8039, -102.715
6.34425, 223.015, -18.7657
2.74132, -465.437, -66.8734
6.6924, -188.928, -142.739
6.76899, 35.7681, 204.552
6.57649, 351.335, -250.796
6.85188, -202.907, -93.8711
5.27222, 116.376, 291.963
6.12646, 102.187, 355.878
3.20424, -435.016, -18.7698
6.6115, -236.786, -130.739
5.51185, -166.747, -330.108
4.93856, -317.801, -70.8822
6.14942, 20.0102, -264.868
4.05164, -415.67, 280.022
3.93925, -5.3626, -224.647
5.45857, 280.894, -404.11
5.34055, -412.969, -54.1029
5.41059, 700.315, 138.608
2.84132, 211.169, -375.128
4.34304, 93.9584, 183.408
6.28475, -21.1794, 18.3868
6.35297, 553.715, 353.137
4.27217, 3.15095, 250.188
5.98913, 76.4689, 2.77864
5.08005, 300.317, 151.126
5.94494, 6.80429, 208.676
6.18066, -342.806, -554.528
2.56231, -346.376, -234.547
7.16549, 20.7393, 87.9352
5.37826, -215.851, -163.806
3.05587, 534.171, 111.256
4.87388, -68.5968, -162.086
3.24247, 22.7932, -27.2409
4.22594, -801.246, -259.224
7.04476, 102.331, 79.3626
4.54571, 239.174, -336.922
5.96642, 161.695, 189.298
3.35865, 16.5962, -28.4511
6.21715, -100.571, 140.751
4.16319, 83.3669, -137.61
4.62157, -58.3503, -17.6275
2.79523, 344.142, -36.7957
5.09005, -94.95, 91.4585
5.94425, -156.058, 221.191
5.01149, -41.0631, 32.7081
6.56617, 66.9488, 59.2732
3.07974, 92.7092, -20.2719
5.24841, -190.999, -152.587
5.06046, 146.054, 65.7349
6.02649, -357.761, -265.378
5.65083, -68.9655, -120.122
4.0207, 44.3267, 36.5996
6.74719, -46.1481, -12.8876
3.39619, 131.034, -291.647
2.61737, 188.498, -11.2645
4.19467, -45.5057, -137.591
3.43818, -327.693, -349.17
6.60467, -144.65, 123.53
6.72507, -28.7332, 407.258
6.78031, -350.414, 225.994
7.37454, 235.239, -273.906
2.99587, 137.424, -75.626
2.56182, 60.9004, 86.8346
2.58614, 300.024, -693.395
2.64527, -95.2737, -155.878
4.1031, -316.536, -239.197
6.17815, -94.9788, 13.2982
3.14876, -286.11, 64.0749
2.5161, 126.023, -262.525
6.91905, 187.906, -107.38
3.70482, -147.543, 19.9423
4.38481, 141.39, -300.498
4.44879, 18.3787, 59.7241
2.81534, -136.662, -117.2
7.30792, -70.5709, 194.182
3.75349, -118.891, 283.461
6.85376, -75.6698, -137.733
2.85991, 103.787, 207.671
2.70653, -303.483, 307.408
3.46378, -176.063, -59.9605
3.86708, 6.56307, -518.486
7.4007, 149.167, -136.389
3.60607, 41.1009, -282.593
6.43119, 238.558, -355.255
4.42306, -29.4402, -276.351
3.78593, -508.263, 333.045
3.91087, 182.364, -105.008
7.33834, -427.377, 35.8724
4.22841, 221.593, 401.895
3.45922, 214.982, 101.459
5.05037, 59.4178, 211.201
5.21857, 160.528, -189.714
5.72333, 78.6197, -141.811
3.89738, -37.3528, -248.588
3.41887, -26.7261, 49.6477
2.71579, 238.306, -378.544
3.98408, 131.685, 199.668
4.25548, 283.813, 240.834
7.09372, 380.99, -202.619
5.81225, -38.3948, -232.601
5.08041, -325.78, -192.268
4.03763, -553.421, -199.332
3.0007, 139.028, 150.746
3.47502, -24.0006, 245.726
4.11407, 243.843, 466.749
5.56182, -150.615, -207.975
5.13511, -366.069, 207.485
3.45653, 43.7779, 393.511
4.7178, 662.851, 381.853
4.48693, 558.201, -128.301
6.28051, -2.25233, -55.9589
6.6213, -230.117, -312.96
5.51573, 114.775, 228.04
3.04573, 39.3819, -30.8075
4.11797, -80.2023, 3.57748
5.03403, 92.8483, -34.3484
4.76521, 288.672, 9.7154
4.77315, -115.624, -78.324
4.91125, -224.198, -210.22
5.07896, -604.779, 185.276
4.50207, -145.739, -554.715
4.22945, -295.903, -150.723
6.64533, -368.078, 59.8589
3.02204, 341.076, 336.453
6.40057, -136.838, 272.031
3.19919, -109.236, -96.6079
2.62171, 297.086, 448.209
6.0664, -190.864, -195.739
7.15538, -147.559, -20.4827
7.47667, 125.183, -34.7406
3.86264, 270.413, -48.4781
3.6923, -88.8023, 285.416
3.87328, -3.82181, 206.201
5.70836, 474.586, 272.086
5.17637, 56.1705, -75.2152
6.8967, -388.076, 487.412
6.75968, 324.136, 384.61
2.98004, -28.6191, -196.041
4.66818, 276.218, -126.727
3.17045, 23.7206, -12.2508
5.86802, 116.421, 105.561
5.34964, -11.3546, 119.236
3.66474, 55.1622, 20.0049
5.50306, 101.313, -106.415
2.6551, 175.677, 269.877
7.08512, 110.685, -93.5603
3.82958, -127.486, -191.932
6.50016, -31.884, 5.28927
5.46389, 11.7349, -19.157
5.0822, 144.387, -35.0679
5.2567, 148.136, -39.7388
3.47225, 286.47, 502.813
5.36152, 34.6831, -166.83
3.81992, -173, -84.4671
4.41648, 33.747, -264.014
2.73626, 343.106, 261.063
4.22823, -113.142, -72.8275
3.61594, -565.9, 761.06
3.81264, 132.926, 163.041
3.05141, -107.194, -313.762
7.40088, -56.8546, 208.305
5.93794, -273.08, -295.18
5.82158, 35.7114, 208.252
5.99501, 72.03, 182.985
2.68746, 261.263, -104.586
3.6706, -209.025, -74.3413
3.95397, -328.122, -510.859
3.50543, 77.7958, 206.612
2.7177, -368.222, 79.978
2.56571, 309.328, -255.577
6.07297, 513.356, -263.258
6.88348, 308.851, 239.576
5.35088, 206.983, -96.472
6.92743, 291.334, 244.563
5.20042, -71.1342, 279.869
3.31357, -174.053, 117.511
3.30492, -141.173, -384.897
7.19182, 43.5626, -109.458
3.45628, 305.435, -58.8217
3.15761, -21.4815, 163.303
4.41122, 222.4, -152.001
6.12674, -260.889, 261.821
2.50651, -589.118, -184.757
4.60222, 125.388, -178.065
5.18984, -190.607, -52.5295
4.86596, 42.2507, -285.933
6.33003, -397.79, -48.6204
2.9396, 120.584, 239.043
7.04284, 115.424, 114.606
3.20818, -8.41219, -680.906
2.54782, -13.5444, 25.0998
2.82267, 147.475, 44.1008
4.96742, -44.5017, 164.544
5.40914, -217.575, -235.874
4.03373, 284.003, -615.432
4.57091, 22.4023, -44.4909
4.33401, -44.1346, 123.852
3.42687, 27.8626, -636.59
2.76788, -89.9482, -86.501
4.47222, 96.4298, -88.3199
3.98388, 173.006, 269.606
5.05388, 332.226, 97.9772
3.75392, 226.349, -244.083
5.01589, -282.423, -183.833
2.51168, -85.4217, 27.399
7.01807, -247.346, 138.461
2.79181, 422.877, 412.001
5.17506, 111.148, -26.9377
3.95754, 131.49, -99.6521
7.3023, 159.552, 224.836
4.73406, -275.841, -306.374
5.08479, 141.126, 114.845
5.93861, 113.917, 10.4363
2.72187, -20.6731, 114.566
7.2946, 339.725, -269.786
5.70852, 8.69208, -110.233
2.80215, 77.9358, -67.6328
3.33964, 17.7172, 165.553
5.76491, 11.5827, 145.737
6.19864, 435.431, 107.749
3.57011, -50.9375, -370.779
4.31441, 28.0404, 297.3
6.56981, 297.564, -290.616
5.32057, 18.2921, -48.5821
7.45886, 112.317, -88.4713
6.5669, 277.603, -216.827
3.49157, 100.343, -272.984
2.50003, -94.283, -156.767
4.62608, -336.488, 352.519
4.07406, 119.488, 20.1324
5.56218, -243.39, 180.662
3.83351, -51.9412, -149.562
4.39881, 0.489554, -98.7179
5.43397, -327.168, -564.236
5.95636, 47.0557, -76.9014
7.26736, -37.7874, 0.0700483
4.89785, 182.867, -273.606
3.60319, -719.821, 218.384
5.33741, 240.963, 239.963
6.09873, -27.8122, 10.5562
4.4953, 336.752, -184.846
3.48326, 336.696, -301.987
6.66971, 162.084, -90.7791
5.59561, 80.5813, 277.59
7.26866, 29.7692, 268.099
3.23222, 208.815, 180.058
5.38953, 135.55, -148.787
7.26796, 228.352, -194.254
3.62331, -30.6271, 111.233
7.25137, 208.097, -51.536
3.07874, -264.573, 193.859
2.58372, -51.1068, -86.0726
3.90465, -132.956, 27.7522
7.15042, 122.571, -106.154
3.04796, -431.766, -190.37
6.77266, -188.561, -56.5256
5.68532, 202.392, -224.098
5.63853, -165.671, -70.7587
3.80589, 85.8465, -227.268
5.13936, 308.705, -232.715
7.16608, -52.5082, -253.601
3.98055, -187.791, 119.84
4.78006, -425.977, -467.245
6.35659, 167.304, 0.306745
4.17193, -121.143, -963.321
6.31775, 68.4284, -24.4561
6.65892, -354.991, -71.4525
2.64618, 291.664, -443.158
4.31315, -426.063, 59.4743
4.16221, -277.016, 167.479
3.17675, 34.5242, 222.615
3.00839, 14.8002, -229.909
5.11327, 276.549, -73.7219
3.52046, 165.752, -209.241
5.00728, 44.2096, 109.305
5.1371, -307.653, -40.4826
4.13422, 250.555, -38.1927
4.75888, 205.94, 64.7067
6.85263, 280.194, -208.058
4.72884, -248.841, -201.03
6.03726, -30.3979, 242.571
6.83171, -352.508, 211.733
6.5822, -59.256, -13.3719
2.67504, 249.483, 118.295
3.8644, 320.499, 244.855
5.21858, -97.8437, -84.1039
3.19942, 49.7783, -24.3299
5.57408, -55.2116, -8.10807
3.29182, 289.304, 10.1985
4.41129, -81.8889, 68.0081
5.94997, 29.7754, 257.133
3.21128, 434.359, -161.12
5.65284, 237.767, -188.724
3.15973, -165.149, -540.105
7.13583, 210.054, -59.0835
5.53465, 320.692, -519.905
5.50388, 412.359, -93.3818
3.33635, -15.8785, 234.477
3.301, -8.93494, -685.663
5.91628, 25.1312, 71.7912
5.1456, 39.1111, 49.9632
3.65264, -285.89, -358.238
6.55373, 199.174, 248.917
5.76477, -134.643, -22.8057
4.08597, 364.995, 194.738
2.53953, 294.213, -10.6694
3.49176, -159.013, -542.299
3.78831, -432.857, 63.1294
3.03825, -384.91, 53.1585
3.49545, -267.729, -183.451
6.75079, -168.486, 77.8227
6.63912, 203.672, -58.4744
6.76813, 327.205, 394.96
5.71027, 174.096, -265.717
3.6787, -409.964, 252.791
6.80638, 52.6172, -47.6501
5.4745, -252.775, 131.336
2.52745, -610.635, -451.26
6.84925, 307.376, 357.329
7.37729, -44.3389, 168.165
5.59653, -340.979, -284.683
3.85574, 274.329, -159.038
7.46973, -5.27433, -37.0979
4.60751, 186.205, 202.762
4.20537, 293.949, 414.407
4.80717, 164.388, 51.9209
4.44822, -160.682, -312.007
4.613, -404.855, -183.524
2.84879, 251.539, -87.474
5.5153, 144.646, -5.78692
7.36114, 129.783, 100.375
5.07406, 301.812, 243.502
7.45461, -96.7812, 59.2338
5.84906, -64.871, -397.544
4.01716, 207.534, 197.036
3.47371, -271.576, -290.921
4.0109, 161.844, -44.4515
4.93946, -36.8054, -172.13
4.72438, -392.97, -236.913
5.7844, -65.4262, -129.222
3.74227, 516.296, 376.829
4.72007, -397.413, -241.246
5.75894, 72.1453, 51.1379
6.67472, 230.754, -415.792
6.03698, -106.298, -131.768
4.93928, 127.162, 484.502
6.72039, -283.952, 77.9825
7.00296, 116.895, 187.098
6.33082, 368.523, 176.947
5.29453, -445.141, -278.537
2.70603, 334.581, 69.5888
5.46749, -207.374, -88.9068
2.68674, 179.561, -159.801
4.53488, 86.2867, -17.419
2.84243, 389.549, -190.99
7.38558, -141.367, -11.9629
2.5956, 624.044, 435.899
6.60363, 124.609, 346.622
5.2195, 292.171, -143.115
5.72828, -334.025, 272.686
3.62934, -12.8123, 61.8761
2.733, 206.776, -386.586
3.63154, -13.1389, -189.239
4.58371, 327.468, 173.531
6.40126, -232.645, 250.154
3.72852, 153.619, -287.885
4.81411, -16.7531, -218.351
6.14756, -265.95, -113.29
5.35237, 43.9569, -75.6497
5.45997, -274.909, -258.019
4.98425, 280.096, -162.841
3.951, -124.442, -296.845
4.71107, 294.577, -87.0955
2.53669, -71.253, 9.80593
7.41683, -17.0889, -294.545
2.52822, -48.4932, -35.1472
4.8676, -268.802, -167.272
5.86497, 276.933, 398.319
