6.27803, -2644.14, 1516.33
3.5948, 87.0295, 1393.98
5.89648, 391.765, 7.09432
5.09708, 254.56, -365.697
2.76731, 4839.81, -5022.35
2.53849, -1545.56, 1718.79
4.58743, 6785.82, 4007.66
7.15218, 173.424, 80.0769
2.95982, -334.542, 566.59
6.00595, 85.957, -34.1083
3.81226, 540.814, 13.5159
4.14117, 207.059, -47.7998
7.45519, 751.862, -234.84
7.41275, 195.271, -155.031
5.75759, 471.46, 34.7184
6.92354, 157.658, -115.673
6.33247, 599.451, 61.4859
3.87453, -2048.03, -661.101
4.93259, -1231.92, -891.02
2.80282, -6127.83, 1467.64
5.08146, 138.21, 137.558
4.96988, -4320.62, 1556.59
7.23882, 569.413, -283.99
4.42071, 142.823, 18.2872
5.14874, -3335.3, 902.651
2.75042, -313.784, 4354.78
6.63909, -489.229, 63.8845
5.94228, 84.8158, 1.32486
6.18112, 364.83, 6.88915
6.94286, -3273.79, -2923.98
4.25508, -405.71, 579.54
6.72991, 154.438, -216.362
3.84659, -40.2647, 60.513
4.83959, -213.954, 630.482
3.2686, 526.33, -160.743
2.66527, 86.5766, 128.618
7.2768, -1381.43, -978.419
6.95369, 366.631, -701.864
3.29884, -861.231, 346.778
3.15214, 930.563, -359.298
2.515, 2683.74, -445.882
6.0491, 208.59, 142.269
3.40448, 1105.93, 258.453
5.76029, -506.145, 367.821
4.42907, 352.769, -75.8843
3.23766, 1233.08, 1439.21
5.45054, 343.886, 322.171
3.24076, 2536.84, -1225.59
3.2091, -2099.75, -1247.28
4.94257, -154.43, -104.015
3.13015, -396.382, -691.36
5.64635, 485.985, -39.4118
5.60817, 210.39, 164.384
4.88216, 2992.93, -4134.78
2.64188, 506.38, 112.735
3.21011, 3641.4, -575.549
3.15594, -327.829, -199.312
3.31099, 1377.29, -2121.76
3.76529, -762.439, 178.741
4.77654, -4084.87, 2074.84
6.54472, 122.26, -264.115
3.57624, 85.0564, -183.282
3.75063, 24.997, -63.7314
5.02978, -710.363, -1419.12
6.27922, 150.9, -6.89268
5.66369, -1416.55, -2985.8
5.9449, -2062.66, -1480.56
7.27207, 486.09, -391.155
5.18713, 4275.57, -2170.92
4.57014, 87.1848, -1476.39
4.70019, -420.1, -649.895
6.07821, -1634.05, -1743.51
6.20858, -2267.32, -1780.92
5.12494, -2868.71, 2355.71
6.06711, 368.547, 133.421
5.91025, 193.934, 44.1267
6.82941, 1877.93, -1458.59
3.19597, 661.983, 1576.51
3.57766, 446.588, -190.976
5.0733, 938.756, 1730.4
4.83766, 192.331, 188.476
3.55759, 3180.62, -3243.88
5.65244, -133.003, 290.483
2.5044, 2516.45, -3616.59
4.09589, -620.492, -2548.49
5.90281, 379.175, 24.5231
6.0446, -97.1756, 248.613
2.90869, 123.44, -188.101
3.56926, -731.159, -345.65
4.44412, -147.731, -65.6476
4.44927, -3383.69, -1171.36
3.92018, -40.7968, 406.124
4.6123, 177.436, -146.854
2.55658, -1503.93, -35.0367
3.72027, -4460.86, 2400.21
4.49072, -1665.34, -3083.71
6.64177, -252.534, -324.548
3.78584, -47.2406, 356.06
3.59705, -1281.91, 266.53
6.47385, 156.846, -48.7451
5.8476, 357.349, -171.561
5.49108, 20.0644, 245.503
5.99917, 2311.24, 1446.79
5.13062, -12.2279, -396.748
4.14833, 287.488, 623.885
3.30844, 4799.69, 828.704
6.56633, 200.833, 75.6269
4.08004, 224.088, -171.74
4.05369, -4.01648, -45.9291
4.65424, 112.254, -46.2236
4.46509, 289.281, -167.244
4.43916, 617.883, -185.637
4.34871, 84.6223, 685.758
5.88118, 241.491, 140.547
6.10384, -57.531, -11.8341
7.20082, -2102.39, 727.053
5.08573, 350.3, 19.5066
5.5282, 125.114, -88.2286
5.85049, 1380.88, -2125.99
5.11404, 141.875, 358.493
3.87105, 683.215, -434.028
7.08924, 137.859, -61.4868
3.73367, 454.973, -319.339
4.77876, 486.664, 640.385
3.30374, 169.979, -74.4698
4.68319, 174.714, 60.2017
7.45767, 40.2089, 11.5162
6.26931, 3127.95, -3163.73
4.97846, -12.7901, -501.971
7.01651, 141.965, -207.522
4.68213, -761.098, 207.695
5.09239, 1842.19, -1528.94
4.44866, -1602.61, -2507.97
5.63431, -85.6427, 21.5284
5.19331, 189.602, -101.693
4.35955, -84.4584, 966.249
2.54674, -513.345, -248.644
6.3794, 297.587, 276.846
2.85317, -556.846, -631.781
3.98511, 146.381, 91.7027
4.78581, 380.084, 759.822
3.25156, 281.295, -140.335
5.97819, 159.853, 205.455
4.15587, -555.612, -604.444
5.21197, -2720.8, 4855.16
2.64678, -2854.69, -1661.83
5.38086, -164.268, 350.529
5.18133, 673.527, -58.5723
7.36678, 59.0755, -293.456
5.57063, 224.307, -43.6683
5.26431, 2166.37, -3669.97
6.69051, 1292.34, 79.0461
3.75764, 162.259, -907.584
6.98957, -4.06479, -81.7271
5.97428, 517.603, 11.1949
5.82752, -250.265, 2094.23
3.06838, 128.282, -463.977
3.37987, -1208.63, -786.626
2.91253, -1295.54, 2181.34
6.68103, -20.7921, -302.717
2.64818, 204.069, 2924.83
6.34719, 398.972, -147.367
4.29829, 250.546, -2984.31
6.24626, -86.2326, -67.9439
6.28385, 157.792, 64.3714
3.60834, 2296.51, -1106.77
5.58305, 123.186, 71.8538
3.66846, 5.5525, 5.0955
6.22052, 6.75561, -2941.62
5.80997, -416.794, -896.169
4.9209, -2775.31, 4824.01
2.58972, 929.053, 215.151
4.98291, 168.56, -152.932
5.09587, 168.768, -53.2843
4.71395, 717.171, 2770.8
4.14528, -2088.96, 1132.92
3.52671, 219.18, -22.2776
7.19863, -30.3508, 1332.96
2.85168, 1121.16, 2459.6
3.30042, 546.782, -806.715
6.70788, 479.387, -657.549
4.13614, 189.77, 74.1938
6.85942, 918.873, 90.8866
5.99896, 220.67, 22.3157
5.52801, -194.018, -200.324
4.77536, 345.362, -465.697
2.91543, 504.659, 1024.3
3.94883, -2823.26, -877.965
6.51009, 484.79, -333.215
6.81821, -24.8462, -257.914
3.81831, -3814.45, 300.389
4.79881, -69.3264, -433.001
4.95672, 264.508, 46.9705
5.82344, 1413.88, -2091.44
7.31738, 153.856, -297.117
7.23022, -45.7839, -211.897
2.81902, 1506.73, -245.619
5.04829, -909.953, -514.578
6.13222, 129.769, -116.041
5.65882, 360.444, -306.775
3.26658, 348.167, 137.4
5.09652, 716.783, 2766.72
3.52281, 4747.88, -1519.54
6.03231, 180.102, 67.8136
6.05786, -953.316, 5043.57
3.66304, 227.904, -386.657
6.80594, -369.912, -48.1108
2.67122, -689.984, 273.884
6.26587, -100.013, 139.205
4.14789, -25.6793, -225.963
4.65309, 4257.74, -1040.03
7.33455, 514.4, 429.995
4.05803, -1614.81, -1578.29
5.69762, -4942.35, -22.9112
5.95386, 171.834, 48.8165
5.36403, -56.5334, 359.513
6.60667, -2710.96, 4858.71
4.21807, -3043.99, 1244.3
5.09387, -40.2162, 84.6561
6.78438, -106.969, 148.421
6.18587, 467.007, 1040.44
3.45992, 343.158, -217.511
2.83145, 156.757, -13.4595
3.60828, -3534.41, 2245.3
3.33656, 198.823, -31.3763
6.31172, 150.168, -85.8341
5.44905, 1384.05, -1869.53
4.65223, -5167.98, -422.892
7.09618, 1677.32, -158.148
5.09668, -696.793, -1256.79
7.38058, -472.651, 124.915
5.15714, 187.512, 76.209
2.98716, -1045.18, 946.827
5.83983, -634.786, -662.993
5.44444, -574.194, 2393.77
5.01137, 156.348, -202.702
2.75808, 675.438, 1183.61
2.6753, -140.409, 423.987
4.41484, 169.493, -129.116
5.55555, -2209.29, -2572.19
5.06574, -5163.91, -419.301
5.98498, 215.022, -125.888
4.89891, 367.968, 2.45413
3.88323, -5225.23, 61.3452
6.01685, -226.652, 2598.51
3.67701, 169.761, 94.4127
6.41501, -7.35234, -83.56
6.60589, 1141.93, 328.644
3.21842, 3226.48, 2879.21
5.75757, -275.548, -58.3551
3.87677, -793.39, -1473.03
7.26215, 2420.46, -1145.35
4.58238, 139.554, -29.3856
3.03869, -212.216, 186.495
4.70633, 203.477, -37.5969
6.28811, 8.55952, -622.692
2.77803, -180.045, -111.409
3.51241, 50.5125, -50.0102
6.82305, 194.596, -140.615
6.52456, 503.562, -77.4268
2.78861, 505.992, 1827.74
4.40304, 42.5213, 15.0109
4.56124, 61.5831, 18.4934
2.80071, -4.30548, 61.4058
7.09746, -1138.05, -1086.49
3.35398, 32.3102, 54.436
6.51634, -156.186, -317.424
3.88599, 1738.05, -551.612
4.44586, 52.5274, -46.9803
7.19936, -1813.85, 789.586
6.24573, 144.284, 2670.92
3.44774, 3437.35, -3604.45
6.89581, -84.3903, -258.611
6.8953, 244.945, -61.0069
3.30515, 73.3239, -1120.91
5.87346, 906.501, 439.104
6.89096, 299.59, -75.3942
6.98262, -704.708, 3322.04
3.06535, -132.083, -450.922
5.93789, -1115.81, -984.755
3.21651, 668.532, -478.664
3.6901, -339.009, 44.0869
5.64383, 2628.72, -1783.76
4.312, 434.44, 67.9015
4.64437, -1601.85, -1421.14
4.91936, 1486.26, -1668.8
6.20379, 4.14223, 1235.94
3.23098, 182.244, 264.202
7.36238, 103.588, 6.69558
7.3158, -187.843, -145.507
3.14741, 2384.32, -1506.13
5.3784, -42.229, -139.942
4.66439, 304.15, 313.198
5.50066, 178.853, -172.798
5.85098, 213.695, -230.112
4.5137, -2763.07, -920.417
6.46691, -1705.25, -1486.82
4.89889, -3122.26, 1654.74
5.72449, -543.204, 655.077
4.28836, 4901.35, -790.537
5.96794, 114.869, -384.16
5.83428, 291.962, 76.1834
3.22071, 69.5024, -130.808
7.10415, -118.864, -196.779
4.22228, 1058.72, 3461.52
6.66824, 298.027, -50.4747
2.74349, 60.4718, -588.092
3.27936, 1231.11, -1848.14
2.55765, 230.589, 169.611
3.94327, 165.89, 24.3126
5.07295, 531.315, -539.935
3.65948, 906.56, -3163.2
2.75022, 741.159, 249.791
5.33091, -45.2328, -144.378
6.69774, 213.711, 418.865
4.28763, -329.217, -233.25
4.3452, 117.88, -873.721
7.22226, 132.962, 11.5589
4.72425, -1479.82, 152.62
6.82086, 124.85, -143.057
5.82654, 49.2363, 744.896
5.79297, 182.673, -475.432
7.10736, 2428.71, -1794.6
5.11536, -2869.12, 2350.62
5.45229, 163.776, 680.804
5.79944, -269.175, -2460.48
4.24765, -1569.8, 1043.43
4.11714, 42.5091, 336.462
7.08984, 189.014, -40.5848
3.08619, -4207.39, 1542.98
7.31268, 41.4924, -54.109
5.17978, 248.097, -189.803
5.81447, 1368.16, 682.414
5.48362, -4289.59, 2023.69
6.93363, -227.379, -1165.21
6.67999, 357.246, 24.9051
6.69339, 174.888, -19.6655
6.85642, 474.949, -160.798
2.5002, -259.466, 2100.55
4.77274, -716.573, -2266.44
4.25696, 1713.91, 81.5402
5.80713, 4271.48, -3337.95
6.22234, 731.339, 57.0586
3.3821, -897.981, -3781.4
7.4621, -1195.24, 1441.83
5.95466, -422.636, 86.0496
6.97862, 393.439, 27.9584
3.51579, -1240.94, -337.126
7.2356, 517.169, -165.466
4.88476, -4034.19, 2130.84
6.78578, -3538.52, 2246.46
6.41237, 552.934, 11.6811
5.70687, -2778.51, 2698.31
3.14521, 511.262, 590.859
5.77944, 236.415, 152.209
3.09199, 193.652, -97.9513
3.88793, 2482, 610.092
6.65548, 210.431, 2317.8
6.14153, 3344.25, 4287.73
6.74348, 3728, -2784.13
3.43989, -810.961, -207.665
6.09602, 280.888, 25.9777
4.25586, 102.871, -499.378
3.34555, 156.682, -306.098
4.52383, -3973.95, 487.407
4.20924, 84.5612, -92.2484
6.67141, 362.709, -119.71
3.9111, -3030.17, -4912.01
5.16766, 3094.56, 1836.44
6.25085, 893.521, -1593.76
4.62554, 32.5894, -98.6138
4.66964, 1285.54, 13.1432
3.03022, -3068.28, -2064.68
6.4639, 375.904, -320.061
3.91232, -264.627, 200.525
7.14264, 3321, 4980.61
5.37926, 202.559, -97.02
3.4895, -23.4637, 359.389
5.99081, 78.7838, 23.2138
3.07265, -308.263, 256.492
4.22945, -47.9957, 356.427
4.15646, 511.196, -191.971
6.42735, -4345.73, 2026.2
6.65775, 122.012, -78.1569
4.21712, 560.198, -177.604
4.2603, -700.083, -111.435
6.38197, 15.2538, -113.82
6.58658, 764.732, -449.158
4.26157, 462.527, 176.228
7.09559, 120.377, 23.1918
3.2877, -39.0399, -247.139
5.56029, 721.76, 126.176
5.54222, 177.554, -2.56974
3.16647, 2468.27, 2636.2
3.51409, 3096.74, 4271.64
4.79457, -378.364, 44.1713
3.48759, -614.787, 1394.04
6.77118, 373.748, -13.0554
6.54562, 404.053, 295.859
2.80131, 2134.19, -1548.24
6.50584, 1364.22, -3972.16
5.49597, 187.214, -456.773
7.43182, 218.876, -175.185
2.65919, -806.244, 257.317
6.8356, -2668.32, 3215.13
3.69109, -917.16, -496.102
3.6127, 1344.28, 611.332
4.73907, 5407.04, 2517.92
2.61231, 92.8956, -396.91
6.79755, 95.7151, -135.404
4.15902, 462.206, -3494.86
5.72195, 943.373, -284.064
7.43521, 120.515, -34.4797
5.30162, 101.6, 161.825
4.74553, 188.184, 17.1866
5.213, 454.405, 103.176
2.90797, -1344.18, 483.864
3.99606, 1468.33, 2432.31
6.63964, -3119.89, -589.656
6.48936, -3397.9, 1403.1
5.71048, -107.671, 218.379
4.84105, 171.278, 39.5169
7.15326, 604.121, 1868.29
5.08798, 344.11, -150.633
7.42924, -3542.16, 2233.39
5.94567, 275.974, -90.2961
6.19966, 297.088, 534.317
3.46323, 1250.54, 1252
6.08881, 2442.86, -1517.9
6.11146, 1134.4, 51.6539
6.49298, 244.263, 14.3995
4.23216, -4081.75, 297.516
5.1481, -1354.24, -671.18
3.19001, 1201.32, -613.678
6.73218, 25.5938, -57.1998
6.32766, -697.387, -549.54
7.5, -4357.26, 2037.38
4.24891, -6074.2, -2017.89
5.50367, 785.265, 7.52796
3.50808, -362.927, 2898.26
6.2385, -2932.6, 491.086
6.49225, -167.182, -66.9583
3.03505, -567.602, -594.269
5.35813, 313.463, -86.4797
2.84683, -4128.33, 1401.9
4.16036, 228.962, -389.128
5.80945, 163.103, 43.3378
5.27726, 394.728, 3208.39
7.12415, 75.9242, -318.998
2.69832, 236.298, 2352.19
2.62083, 937.484, 1127.69
4.61923, 151.961, -91.5358
4.36987, -928.464, 100.66
2.93303, 2846.3, 2799.18
3.05403, 103.931, -38.8862
5.31992, -3887.57, 121.353
7.37269, 147.07, 24.7313
3.05066, 56.0684, -3134.6
5.99352, -2525.44, -2775.59
2.79674, 176.691, 1055.75
4.69755, -217.866, 128.705
5.24651, 852.427, 422.763
3.45129, -287.773, 167.079
7.36597, 172.852, 74.4602
3.19593, 241.456, 7.9338
5.48978, -2550.63, 293.383
7.12812, 201.42, 434.005
3.91116, -882.048, 175.472
6.8307, 161.032, -515.368
6.29598, 922.256, -1290.92
6.10793, 200.374, 177.601
3.34241, -29.4264, -587.071
3.32882, 874.225, -2120.91
3.39076, 142.986, 104.034
5.87226, 193.739, 93.6306
4.83484, 388.764, -217.303
6.85219, 424.887, 279.044
5.76023, -170.618, -161.98
5.80464, 1359.61, 686.426
2.58037, -226.507, 594.229
4.30596, 4620.2, 2648.58
3.72747, 214.796, -411.156
6.93086, 440.416, 802.045
5.23701, -5832.77, 100.649
6.57209, -418.991, -490.029
5.24453, -721.032, -69.1082
4.16156, 429.344, -173.522
4.40213, -1552.09, -2717.82
2.52389, 1287.14, 249.2
6.95226, 328.267, -58.5515
6.16955, 803.287, 245.941
6.04239, -599.779, 297.672
5.1278, 1704.83, -2284.57
6.41065, 192.464, 290.639
3.42484, -105.655, -90.6686
5.72673, 206.916, -27.3333
3.42178, -35.3396, 72.7349
3.31214, -1192.84, 658.523
2.65594, 1237.83, 1277.18
7.42716, 164.11, 14.7034
4.04559, 217.866, -211.343
4.11075, -582.52, 27.3873
5.51155, 205.57, 89.2941
2.89107, 4392.14, -739.435
3.93936, 374.727, 27.1395
5.79307, 289.154, -619.341
7.36348, 277.111, 1.73409
7.27758, 3244.39, 1266.89
7.42745, 291.567, 84.6956
7.30478, 192.573, 24.497
3.0073, 592.535, 561.684
3.71505, 928.891, -189.194
6.91151, 14.1047, -73.4877
5.28805, 318.997, 63.6893
6.7669, 151.192, -19.8608
7.49145, -242.729, -105.723
3.99751, -3726.84, 1622.2
6.33157, -6695.42, -2210.29
4.81901, 671.334, -197.047
6.8168, 760.75, 13.2677
6.99018, 174.27, -278.758
7.377, 68.2923, -31.6472
2.77405, 105.828, -37.7663
6.32605, 490.548, -253.014
5.09219, 1418.56, -2118.88
3.46574, -272.601, -376.719
6.98252, 152.975, -473.205
6.38492, 35.1238, -7.7816
2.75968, 612.055, -753.692
7.47331, 1350.44, -2166.76
5.93659, 213.971, 140.151
5.94854, 1378.62, 638.388
6.57666, 2413.75, -1104.85
7.05426, 452.324, -229.132
3.34218, 2016.31, 4076.62
5.24183, 2360.42, -1720.59
6.53351, 202.796, -70.7593
4.17803, 31.3597, -25.0754
5.53435, -498.298, 152.267
6.59602, 1264.68, -1975.26
7.3485, 36.3101, -7.71489
6.29349, 89.7536, -199.187
3.72113, 165.767, -553.599
5.80589, 130.534, -122.865
4.21574, 920.309, 261.674
7.27146, 274.565, 16.4908
2.60828, 2330.13, -2726.3
4.54979, 399.58, 13.4672
2.55789, -3099.25, 3083.9
3.04964, 304.858, 1025.07
5.28259, 654.35, -858.552
4.45466, 139.095, 138.633
7.20539, 170.452, -201.206
2.55572, 350.921, -160.882
6.22897, 640.984, -1602.94
3.84293, 393.254, 228.615
4.27153, 98.9027, -554.482
3.45835, 4877.38, -4986.17
5.14832, 643.783, 477.389
4.39478, -759.024, -4239.38
3.16407, 94.5146, 69.7599
4.26563, 389.209, 352.915
4.2497, -4084.05, 2122.4
7.41084, -2089.41, -1454.45
5.25961, -436.732, -52.8855
4.99918, -1873.29, -509.483
3.58531, 1356.43, -2013.94
4.37311, -418.26, -459.069
6.78251, 2557.62, 2274.42
6.45578, -2388.98, 4827.59
3.9204, 2391.06, -2945.87
5.07645, 718.482, 60.9381
6.79238, 216.199, 40.3796
7.07844, 317.377, -20.1643
7.48941, -1694.83, -1480.26
6.53177, -1.79325, 300.279
5.22718, 460.64, 230.074
7.3461, 336.747, 616.987
5.31931, 1206.09, 102.565
4.03031, 161.751, -976.751
5.41853, 249.014, -140.281
2.91197, 67.5648, 116.53
5.47382, 51.257, 23.4043
3.31968, 2248.81, 4269.49
6.46527, -222.303, -535.164
2.95373, -609.009, 1337.82
6.3072, 210.666, -105.046
6.83996, 142.298, -69.6707
6.40105, -74.2669, -127.376
6.61399, -1791.36, -326.477
6.70974, 203.034, 86.3988
4.48328, 47.3578, -209.603
6.508, 185.651, 4.42464
6.56811, 157.168, 34.1914
5.43493, 612.903, 1288.97
4.64621, 240.877, -240.93
2.5002, -717.868, 370.631
5.31153, -34.2947, 25.5488
6.22632, 224.972, 29.0222
3.89846, 2797.74, 1625.03
2.93406, -629.612, -3895.16
3.5733, 427.569, 492.833
3.93296, -132.52, -16.3589
4.86595, -508.163, -126.13
6.95893, -1631.7, -1446.91
5.91955, 344.685, -67.1303
3.54376, 261.322, 74.5001
6.67533, 213.775, -192.168
7.09218, 425.21, 435.88
4.48244, -120.948, 405.915
6.37858, 1597.87, 317.14
5.68161, -186.75, 140.08
6.64746, 390.588, -137.296
3.40204, 757.111, 265.31
7.45927, 217.31, 65.094
6.70558, -74.7026, -89.712
4.65177, 682.674, -295.103
4.38589, 17.1361, 36.8647
2.70802, 104.707, 135.352
6.80715, -545.763, -825.664
6.62116, -3542.74, 2223.98
6.25052, 1440.22, 1260.5
3.55801, 485.61, -527.112
4.31029, 262.665, 110.522
4.43545, -119.91, -19.1188
7.32918, -2695.33, -1712.09
6.5872, 396.918, 73.9369
4.5755, 726.359, -147.908
5.83759, -39.7985, 706.865
2.52101, -3443.55, 3498.78
6.98048, -2.48238, -107.969
3.68416, -215.328, 216.962
3.79415, -428.902, -126.726
5.4939, 9.26876, 22.7033
6.89823, -509.01, -2.42168
6.16299, 180.031, 164.323
6.0773, 17.5759, 74.3144
3.57724, 4982.02, -224.387
6.30413, -3450.8, 2707.74
3.85351, 374.125, 200.8
2.75246, 222.434, -205.384
4.78866, -1405.12, 530.601
2.58759, 393.42, -257.857
3.01129, 4951.33, -3190.69
2.639, 1846.86, -1055.65
5.65921, -5.21692, -30.7651
6.34425, 157.182, -2.72042
2.74132, 466.117, 161.207
6.6924, 525.157, 897.514
6.76899, 225.994, -114.056
6.57649, -195.595, 512.135
6.85188, 276.32, -3594.44
5.27222, -71.6871, -124.435
6.12646, 8.31713, 1071.51
3.20424, -3752.81, 3077.8
6.6115, 103.143, -188.206
5.51185, -2203.23, -2569.44
4.93856, 28.2897, 197.813
6.14942, -345.691, -303.144
4.05164, -1667.75, 968.058
3.93925, -34.0473, 380.126
5.45857, 1893.44, -2332.99
5.34055, -2558.19, 1389.06
5.41059, 2339.85, 1776.11
2.84132, -204.901, 393.341
4.34304, -1623.24, -214.014
6.28475, 146.696, 320.733
6.35297, 720.178, 2530.22
4.27217, 83.9927, 673
5.98913, -31.0608, -150.338
5.08005, 1723.93, 1032.1
5.94494, 194.9, -305.776
6.18066, -1618.51, -1143.09
2.56231, -2282.94, -1637.95
7.16549, 82.7258, 65.4593
5.37826, 507.295, 309.777
3.05587, 437.515, 700.89
4.87388, 287.964, 15.3336
3.24247, 1583.72, -377.287
4.22594, -7060.76, -1590.92
7.04476, 182.4, -11.8873
4.54571, 2420.44, -1041.31
5.96642, 188.332, 99.2296
3.35865, 308.745, -194.968
6.21715, -3831.47, 1364.55
4.16319, 267.444, -274.457
4.62157, 210.275, 153.651
2.79523, 147.991, 768.174
5.09005, 179.33, -71.1208
5.94425, -166.025, 339.031
5.01149, 271.828, 146.245
6.56617, 240.956, -115.328
3.07974, 199.436, 77.7501
5.24841, 1148.42, -47.0142
5.06046, 1.58101, 183.748
6.02649, -1636.88, -1483.63
5.65083, 215.466, 1.60581
4.0207, 694.63, 398.26
6.74719, 214.705, -124.775
3.39619, 1203.85, -1980.48
2.61737, 126.507, -203.465
4.19467, 404.937, 3.76341
3.43818, -1732.93, -1278.12
6.60467, 188.97, 162.138
6.72507, 108.358, 2629.56
6.78031, -2633.8, 1474.37
7.37454, 382.192, -514.38
2.99587, 361.317, 619.593
2.56182, -3162.81, -2426.77
2.58614, 368.73, 455.359
2.64527, -226.176, 418.386
4.1031, -1610.5, -1581.49
6.17815, -2630.92, 1546.55
3.14876, -147.738, -188.788
2.5161, -2140.74, -388.206
6.91905, 417.559, 86.2918
3.70482, 231.337, -223.571
4.38481, 453.31, 817.192
4.44879, 299.2, 360.763
2.81534, 2969.27, 1134.16
7.30792, 21.585, 1.41215
3.75349, 259.019, 59.6574
6.85376, 332.874, 220.467
2.85991, 2409.76, -3297.06
2.70653, 3039.37, -2035.63
3.46378, -232.146, -74.8239
3.86708, -1634.34, -1833.94
7.4007, 223.604, 16.5494
3.60607, 960.497, -4113.92
6.43119, 1382.24, -2118.42
4.42306, -35.3472, 1019.78
3.78593, -2408.5, 2715.44
3.91087, 600.571, 171.365
7.33834, 459.6, -92.9983
4.22841, -113.344, -322.737
3.45922, -399.331, -440.81
5.05037, 164.102, -124.95
5.21857, 943.223, -3685.29
5.72333, 787.22, 166.572
3.89738, -269.909, 173.592
3.41887, 622.488, -204.888
2.71579, 1909.06, -2246.72
3.98408, 566.904, 230.587
4.25548, 1210.54, -653.538
7.09372, 304.472, -61.8725
5.81225, 151.966, -138.94
5.08041, -1615.64, -1446.62
4.03763, 196.697, -55.9258
3.0007, 1630.13, 1734.8
3.47502, 114.794, -203.232
4.11407, 2544.86, 2675.79
5.56182, 717.057, 272.901
5.13511, 2072.21, -974.857
3.45653, -300.773, 926.638
4.7178, 4441.24, 2581.03
4.48693, 5115.78, -997.468
6.28051, 57.2407, -50.3132
6.6213, 56.4669, 161.238
5.51573, 200.548, -618.206
3.04573, 17.4749, 42.6002
4.11797, 2110.17, -534.434
5.03403, 227.979, -21.3708
4.76521, 58.0906, 572.536
4.77315, -20.4691, -174.794
4.91125, 510.742, -75.7016
5.07896, -3614.27, 640.661
4.50207, -1835.81, -1015.09
4.22945, -379.108, -504.788
6.64533, 192.878, 525.917
3.02204, 2052.86, -1149.76
6.40057, 86.1375, 52.88
3.19919, 769.437, -179.811
2.62171, 3079.61, 3525.61
6.0664, -199.181, 1149.58
7.15538, 189.11, -219.355
7.47667, 196.657, -31.1092
3.86264, 249.483, 130.301
3.6923, -1683.52, 420.501
3.87328, -327.151, -2572.53
5.70836, 213.3, 88.377
5.17637, 83.0837, -35.3678
6.8967, -2285.98, 3957.71
6.75968, 138.822, -125.941
2.98004, 251.499, -213.61
4.66818, 175.448, -175.584
3.17045, -508.026, 195.781
5.86802, 218.389, -66.6867
5.34964, -191.024, -647.258
3.66474, 89.67, -1171.88
5.50306, -43.4386, -1.38714
2.6551, 96.8788, 170.019
7.08512, 122.013, 56.2875
3.82958, 211.826, -260.894
6.50016, 267.713, 89.5883
5.46389, 79.0174, -145.416
5.0822, -109.975, -69.3109
5.2567, 1386.06, -719.906
3.47225, 433.297, -276.745
5.36152, -2408.16, -159.445
3.81992, -517.685, 5235.2
4.41648, 2160.58, -4533.1
2.73626, -419.109, -495.091
4.22823, 212.772, -178.55
3.61594, -2440.45, 5738.25
3.81264, 3.6094, -111.22
3.05141, 6.66702, -43.3867
7.40088, 169.171, -95.0986
5.93794, 40.7499, 39.3905
5.82158, -223.809, -110.624
5.99501, 224.57, 296.936
2.68746, 149.425, 40.5526
3.6706, 240.741, -0.917128
3.95397, -4360.92, -6567.62
3.50543, 147.508, 283.001
2.7177, -2128.07, 3123.46
2.56571, 409.664, -50.8957
6.07297, 4746.58, -1522.16
6.88348, -314.288, -337.835
5.35088, 1453.9, -2759.31
6.92743, -2396.66, -2703.28
5.20042, -1110.25, -77.3831
3.31357, -1552.9, 319.729
3.30492, -2253, -1784.71
7.19182, 156.588, -124.195
3.45628, 20.0083, -367.929
3.15761, -2484.01, -164.073
4.41122, -84.7883, 292.661
6.12674, -573.933, 2401.61
2.50651, -5165.55, -416.922
4.60222, 3679.46, -2104.31
5.18984, 5.23174, -37.3376
4.86596, -779.988, -561.374
6.33003, 419.379, -671.776
2.9396, -745.262, -436.07
7.04284, 197.691, -239.394
3.20818, -520.925, 224.388
2.54782, 92.3548, 529.666
2.82267, 357.965, -234.883
4.96742, 272.53, -149.602
5.40914, 236.162, 76.7658
4.03373, 3009.06, -5300.84
4.57091, 438.714, 319.815
4.33401, 1135.28, 1393.02
3.42687, 318.681, -2153.75
2.76788, -2145.76, -2102.99
4.47222, 112.899, -205.752
3.98388, -669.738, -901.745
5.05388, -379.457, -27.501
3.75392, 1841.11, -3054.87
5.01589, -823.81, 1539.29
2.51168, 895.738, -619.037
7.01807, -4345.49, 2039.6
2.79181, 2754.56, 2741.72
5.17506, 74.4755, 2603.48
3.95754, 2246.2, -1032.42
7.3023, 179.861, 19.975
4.73406, -2705.03, -1113.86
5.08479, -162.731, -215.295
5.93861, 12.7056, 174.958
2.72187, -45.6898, 594.485
7.2946, 3006.19, -2215.98
5.70852, 458.717, -70.1685
2.80215, 267.119, 71.2308
3.33964, -54.0766, -119.812
5.76491, 361.14, -242.662
6.19864, -253.409, 2073.8
3.57011, -423.089, -295.338
4.31441, 532.613, -1746.56
6.56981, -132.829, 292.852
5.32057, 296.236, -37.508
7.45886, 129.319, 26.7679
6.5669, 126.23, -361.096
3.49157, 2663.63, -3439.32
2.50003, 280.17, 46.9986
4.62608, -2673.03, 3225.96
4.07406, 1647.28, 1032.41
5.56218, -2905.5, 435.312
3.83351, 203.156, -150.355
4.39881, 1172.01, 588.423
5.43397, 122.02, -126.437
5.95636, -1348.8, -281.309
7.26736, -3.60555, -90.1534
4.89785, -159.604, 936.965
3.60319, 219.3, -387.666
5.33741, 864.444, 585.997
6.09873, 262.837, 56.1637
4.4953, 1790.5, -49.4827
3.48326, 72.6372, -130.297
6.66971, 49.7212, -261.409
5.59561, 62.257, -806.01
7.26866, 201.022, -146.999
3.23222, -219.925, -137.544
5.38953, 451.637, -97.6143
7.26796, 309.637, -15.1083
3.62331, -4246.2, 2021.39
7.25137, 41.0717, -131.574
3.07874, 1188.78, -551.66
2.58372, 588.457, 339.83
3.90465, -261.58, 546.363
7.15042, -157.347, -7.07084
3.04796, -948.211, -445.317
6.77266, -172.669, -350.319
5.68532, 311.022, 285.51
5.63853, 138.247, -29.9038
3.80589, -614.513, 1360.11
5.13936, -464.301, 185.021
7.16608, 1332.55, 630.716
3.98055, -1112.04, 188.409
4.78006, 110.684, 114.02
6.35659, -789.297, 3656.45
4.17193, -1520.56, -2742.46
6.31775, -32.0238, -68.0415
6.65892, -1829.16, 1974.47
2.64618, 2025.91, -1245.34
4.31315, -312.875, -386.162
4.16221, 154.988, 107.809
3.17675, 1540.62, 1409.81
3.00839, 1037.31, -3175.89
5.11327, 463.187, 146.119
3.52046, -30.5898, 189.874
5.00728, 234.173, 503.395
5.1371, -3848.86, 2518.09
4.13422, 208.328, -103.496
4.75888, -130.65, 713.642
6.85263, 676.442, -243.999
4.72884, 162.107, 4.77242
6.03726, 17.8775, -212.424
6.83171, -1648.09, 323.792
6.5822, 684.961, -571.886
2.67504, -3007.52, -1173.81
3.8644, -676.447, 1869.76
5.21858, -1116.77, 741.047
3.19942, 2942.73, -515.075
5.57408, 240.255, 75.6767
3.29182, -58.5621, 158.548
4.41129, 436.078, -307.883
5.94997, -19.5714, -213.985
3.21128, 3173.97, -22.6102
5.65284, -264.969, 40.5093
3.15973, -2608.69, -1428.37
7.13583, 421.836, 279.464
5.53465, 4130.28, -6315.1
5.50388, 84.5387, 112.113
3.33635, -50.54, 134.011
3.301, -1056.97, 1704.74
5.91628, 126.192, -85.3578
5.1456, 300.713, -317.53
3.65264, -1720.84, 970.406
6.55373, 197.289, -181.702
5.76477, 155.119, 3.40678
4.08597, 197.612, 551.142
2.53953, 160.531, 563.12
3.49176, -49.7147, -175.074
3.78831, 161.612, -313.107
3.03825, -60.2496, 0.810822
3.49545, 397.654, -254.732
6.75079, -4473.55, 2387.12
6.63912, -34.939, -46.8186
6.76813, 197.124, -31.4539
5.71027, 136.189, -108.544
3.6787, -2302.88, 2392.14
6.80638, 232.718, -171.685
5.4745, -38.5362, -384.738
2.52745, -1638.47, -1221.67
6.84925, -414.706, -896.259
7.37729, 282.394, -45.0042
5.59653, -1636.41, -1450.37
3.85574, 654.991, 177.219
7.46973, 119.158, 35.268
4.60751, -1161.08, -378.732
4.20537, -496.512, -3.34062
4.80717, 193.201, -14.1666
4.44822, -890.819, -2453.76
4.613, -3791.91, -738.477
2.84879, 378.497, -403.762
5.5153, 238.067, -184.125
7.36114, 583.162, 21.795
5.07406, 150.409, -256.563
7.45461, 196.568, 14.7302
5.84906, -1999.38, -4733.75
4.01716, 280.832, 298.498
3.47371, 20.6914, 77.9847
4.0109, 37.1275, -211.405
4.93946, 209.007, -11.8756
4.72438, -141.776, 5.3748
5.7844, -503.524, 81.8246
3.74227, 4620.28, 2649.88
4.72007, -1193.93, -1000
5.75894, 151.498, 171.734
6.67472, 41.0413, -63.116
6.03698, 215.109, 84.0226
4.93928, 297.593, -67.805
6.72039, -172.502, -231.052
7.00296, 667.946, -638.708
6.33082, -229.595, 126.622
5.29453, 359.176, 173.158
2.70603, -617.766, 42.1825
5.46749, 676.721, 78.1572
2.68674, 71.3415, -3188.08
4.53488, -200.706, 376.691
2.84243, 664.264, 117.208
7.38558, 285.472, 248.113
2.5956, 1674.93, 2534.61
6.60363, 72.2161, 12.3907
5.2195, 3114.44, -2554.3
5.72828, 656.846, -212.286
3.62934, -514.786, -145.988
2.733, 436.406, 2546.53
3.63154, 240.62, 611.119
4.58371, 53.4075, -2166.39
6.40126, 452.404, 29.0886
3.72852, 1267.44, -1970.9
4.81411, 441.435, 95.111
6.14756, -503.434, 1.13263
5.35237, 4293.58, -583.896
5.45997, -163.51, -408.697
4.98425, -684.21, -264.339
3.951, 235.007, -120.009
4.71107, 113.522, 499.32
2.53669, -2394.42, 5272.3
7.41683, 222.076, 78.7128
2.52822, -67.8921, -140.726
4.8676, 1752.09, 665.63
5.86497, 2915.92, 4959.82
