6.27803, -810.485, 384.114
3.5948, 295.724, 700.152
5.89648, 557.422, -329.559
5.09708, 62.2707, 195.137
2.76731, 1257.86, -1439.45
2.53849, 441.577, -197.147
4.58743, 1814.42, 1018.81
7.15218, 189.299, -152.728
2.95982, -68.8674, 416.898
6.00595, 597.501, 541.087
3.81226, 258.99, 130.323
4.14117, -35.2372, -72.9415
7.45519, -435.477, -581.63
7.41275, -61.5159, 174.356
5.75759, 127.026, 525.072
6.92354, 62.9683, -278.045
6.33247, 64.8269, 83.5285
3.87453, -677.778, 178.686
4.93259, 5.29261, 238.687
2.80282, -1476.18, 113.384
5.08146, 24.4236, 348.641
4.96988, -1161.07, 369.406
7.23882, -317.603, -147.01
4.42071, -12.7174, 251.321
5.14874, -907.291, 416.722
2.75042, -281.816, 1144.86
6.63909, 304.065, 542.595
5.94228, -404.391, -113.086
6.18112, -57.2367, 217.587
6.94286, -982.25, -1098.29
4.25508, -30.9442, 30.8688
6.72991, 127.705, 356.023
3.84659, -74.9071, 3.62758
4.83959, 648.603, 110.289
3.2686, -24.8112, -366.902
2.66527, -54.1465, 159.107
7.2768, -598.813, -642.479
6.95369, 315.92, 241.564
3.29884, -818.973, -25.4049
3.15214, -701.548, -324.395
2.515, 618.878, -35.6629
6.0491, -110.127, -286.056
3.40448, 714.954, -173.45
5.76029, 41.2826, -273.646
4.42907, 35.0733, -280.721
3.23766, 390.464, 695.343
5.45054, 205.263, 359.424
3.24076, 866.575, -379.573
3.2091, -774.272, -682.078
4.94257, -268.532, -373.657
3.13015, -685.172, -53.8568
5.64635, -568.149, -57.4884
5.60817, -108.315, -49.0418
4.88216, 895.094, -1236.12
2.64188, 494.091, 764.969
3.21011, 1095.12, -314.619
3.15594, 35.7292, 193.087
3.31099, 624.659, -881.114
3.76529, 478.474, -179.747
4.77654, -1384.73, 762.496
6.54472, 94.8087, 66.8288
3.57624, 103.505, 238.506
3.75063, 111.451, 655.57
5.02978, 273.044, 500.548
6.27922, 140.315, -36.87
5.66369, -401.933, -979.284
5.9449, -909.265, -598.278
7.27207, -746.877, -303.55
5.18713, 1130.28, -607.483
4.57014, 145.305, 721.616
4.70019, 204.981, 481.294
6.07821, -738.409, -850.58
6.20858, -614.576, -827.86
5.12494, -987.971, 890.783
6.06711, -36.5696, -4.29506
5.91025, 200.076, -62.5444
6.82941, 718.465, -551.681
3.19597, 677.454, 298.611
3.57766, -155.661, -24.3483
5.0733, -125.297, -370.651
4.83766, 259.202, 440.48
3.55759, 606.332, -881.084
5.65244, 590.774, -403.486
2.5044, 704.721, -967.406
4.09589, -37.2208, -1395.24
5.90281, 75.2739, 176.956
6.0446, -73.742, -312.406
2.90869, 14.9679, 237.204
3.56926, 225.698, 136.025
4.44412, -152.076, -133.178
4.44927, -1245.34, -508.024
3.92018, 224.046, -180.194
4.6123, 167.994, 312.569
2.55658, 639.15, 1.87221
3.72027, -1171.45, 659.168
4.49072, -248.823, -1111.24
6.64177, -126.31, 164.188
3.78584, -540.132, 410.931
3.59705, -475.837, -380.413
6.47385, 359.419, 357.241
5.8476, -496.193, -356.146
5.49108, -150.452, -489.592
5.99917, 951.964, 421.412
5.13062, -41.2251, 6.06353
4.14833, 56.8129, -28.5427
3.30844, 944.773, 129.133
6.56633, -231.167, -49.0115
4.08004, 627.34, 290.913
4.05369, -12.2919, -204.164
4.65424, -82.9951, 173.436
4.46509, 529.267, 97.5695
4.43916, 259.925, -409.132
4.34871, 23.4774, 121.019
5.88118, -518.341, -472.725
6.10384, 651.649, -7.94548
7.20082, -810.535, 14.0817
5.08573, -81.2651, -68.3337
5.5282, 606.096, 533.609
5.85049, 603.89, -892.849
5.11404, -444.665, 122.847
3.87105, 304.534, 137.513
7.08924, 279.446, 388.603
3.73367, 128.42, 115.318
4.77876, -409.422, 332.842
3.30374, 62.3132, -283.271
4.68319, -99.4228, -356.665
7.45767, 305.318, -249.243
6.26931, 718.204, -976.927
4.97846, -59.9532, -46.6056
7.01651, -0.433872, -4.40408
4.68213, 325.914, 384.651
5.09239, 784.096, -601.712
4.44866, -740.391, -782.316
5.63431, -48.4496, 14.9724
5.19331, 109.337, -97.2949
4.35955, 344.743, -145.758
2.54674, -144.207, -92.8318
6.3794, -78.8123, -204.062
2.85317, -29.1496, 109.793
3.98511, 59.2333, -325.488
4.78581, -70.5941, 6.52646
3.25156, 97.4244, 94.2893
5.97819, 385.071, 293.14
4.15587, 288.166, -268.089
5.21197, -777.056, 1289.03
2.64678, -1066.45, -195.059
5.38086, -269.084, -524.968
5.18133, 225.444, -198.948
7.36678, -470.437, 568.158
5.57063, 72.0278, 58.4659
5.26431, 723.026, -899.835
6.69051, -122.567, 251.488
3.75764, 78.0555, 486.752
6.98957, 108.731, 22.194
5.97428, 448.091, -177.806
5.82752, 286.823, 874.137
3.06838, 401.626, 337.831
3.37987, 446.951, 30.9969
2.91253, 158.989, -27.6077
6.68103, -282.015, 568.609
2.64818, -402.055, 62.1642
6.34719, -116.169, -108.151
4.29829, 214.603, -1040.29
6.24626, 767.276, -311.782
6.28385, 152.761, 88.7256
3.60834, 848.197, 69.6326
5.58305, -85.8561, -46.4051
3.66846, -38.7129, 168.317
6.22052, 139.333, -965.299
5.80997, 349.773, 564.448
4.9209, -692.772, 1338.33
2.58972, -630.905, 220.327
4.98291, 54.0055, 463.519
5.09587, -48.5377, -147.874
4.71395, 643.404, 897.589
4.14528, -787.956, 4.02847
3.52671, 206.24, -291.167
7.19863, -256.279, 666.201
2.85168, 824.024, 650.654
3.30042, -12.0495, -366.662
6.70788, 23.34, -65.7726
4.13614, 375.741, 285.997
6.85942, 150.389, 497.477
5.99896, -407.874, -251.657
5.52801, 34.3287, 228.661
4.77536, 447.436, 533.298
2.91543, 1011.67, -89.7296
3.94883, -784.704, -725.306
6.51009, -316.862, -71.4904
6.81821, 503.848, 479.24
3.81831, -1271.13, 158.653
4.79881, 66.4356, -288.626
4.95672, -102.598, -301.077
5.82344, 554.442, -757.802
7.31738, -76.555, 114.565
7.23022, 262.291, -13.3726
2.81902, 33.3918, -537.321
5.04829, -6.83938, -29.2848
6.13222, -303.779, -30.853
5.65882, 311.34, -24.8702
3.26658, -120.65, -295.202
5.09652, 642.378, 893.491
3.52281, 1441.5, -529.321
6.03231, -29.6088, -316.665
6.05786, -133.563, 1509.56
3.66304, 305.127, 160.35
6.80594, -291.903, -104.542
2.67122, -392.469, -628.347
6.26587, 19.7731, 392.916
4.14789, 27.4796, 69.4027
4.65309, 1255.72, -117.95
7.33455, 275.533, 385.706
4.05803, -615.661, -680.068
5.69762, -1467.26, 176.456
5.95386, -4.47838, -20.0659
5.36403, 50.2951, -54.4472
6.60667, -783.232, 1319.36
4.21807, -927.79, 581.928
5.09387, 95.9948, 293.352
6.78438, 681.764, -0.250508
6.18587, 621.895, 417.001
3.45992, -44.4331, -56.3425
2.83145, 25.1437, 92.4164
3.60828, -1163.85, 728.589
3.33656, 82.8302, 29.9145
6.31172, 76.8107, -58.0847
5.44905, 312.14, -868.387
4.65223, -1579.18, -284.388
7.09618, 731.561, -332.892
5.09668, -242.618, 356.138
7.38058, -480.001, 217.452
5.15714, 372.05, 286.679
2.98716, -251.094, 1008.51
5.83983, 271.473, 422.049
5.44444, -359.771, 850.605
5.01137, 7.15362, 173.6
2.75808, 783.366, -110.605
2.6753, 689.222, -248.756
4.41484, 55.6145, -12.7857
5.55555, -657.962, -998.974
5.06574, -1560.52, -256.692
5.98498, -87.2335, -127.462
4.89891, -90.5652, -305.623
3.88323, -1451.93, -40.4023
6.01685, -8.75632, 1058.45
3.67701, -104.539, 123.392
6.41501, 24.2721, 17.9438
6.60589, 702.308, -436.402
3.21842, 675.871, 897.27
5.75757, 628.748, -521.413
3.87677, -231.329, 347.343
7.26215, 258.084, -445.823
4.58238, 20.3857, -41.7515
3.03869, 103.22, 316.787
4.70633, 232.302, -58.3931
6.28811, 202.603, 19.9276
2.77803, 578.113, 530.181
3.51241, 134.26, 150.934
6.82305, -223.057, 292.936
6.52456, -191.609, 18.3565
2.78861, 285.004, 837.586
4.40304, -126.819, 100.815
4.56124, 274.444, 139.053
2.80071, -535.675, -106.492
7.09746, -611.676, -593.993
3.35398, -188.279, -154.813
6.51634, -166.395, 199.664
3.88599, 429.889, 396.067
4.44586, -65.3278, -79.8958
7.19936, -844.807, -191.078
6.24573, -6.22311, 1012.43
3.44774, 584.485, -837.558
6.89581, 181.266, -11.6183
6.8953, 97.2168, -146.628
3.30515, -132.593, -170.496
5.87346, -59.2351, 314.163
6.89096, 164.789, -103.901
6.98262, -458.745, 1019.62
3.06535, -67.3, 67.6087
5.93789, 309.802, 533.231
3.21651, -203.366, -415.947
3.6901, 385.821, -134.811
5.64383, 634.053, -565.053
4.312, 354.768, 330.827
4.64437, -740.332, -597.407
4.91936, 535.569, -425.381
6.20379, -249.546, -387.849
3.23098, 680.702, -382.106
7.36238, -264.072, -150.659
7.3158, 16.7154, -24.456
3.14741, 480.927, -434.975
5.3784, -427.581, -330.351
4.66439, -369.231, 141.898
5.50066, -9.6357, 194.568
5.85098, -33.5677, -140.409
4.5137, -995.363, -363.659
6.46691, -767.52, -618.768
4.89889, -847.089, 746.046
5.72449, -642.372, 323.817
4.28836, 1278.9, -299.509
5.96794, -84.158, 603.696
5.83428, 271.199, 458.399
3.22071, 617.724, -351.898
7.10415, -8.80931, 121.702
4.22228, 540.734, 1155.43
6.66824, -233.032, -238.874
2.74349, 417.235, -235.207
3.27936, 295.202, -135.166
2.55765, 525.828, -321.077
3.94327, -41.154, 48.8512
5.07295, 282.534, -237.633
3.65948, 114.289, -1150.01
2.75022, 342.186, -226.104
5.33091, 2.3098, 173.924
6.69774, -102.545, 222.648
4.28763, 435.584, 635.943
4.3452, 327.482, 330.936
7.22226, 313.324, 213.812
4.72425, -660.751, 394.857
6.82086, 55.3613, 75.1863
5.82654, 329.027, -496.65
5.79297, -492.475, -413.631
7.10736, 913.456, -647.816
5.11536, -991.179, 896.692
5.45229, -654.773, -299.193
5.79944, -222.094, -1005.61
4.24765, -760.993, 344.512
4.11714, 453.815, -45.1056
7.08984, 321.767, 348.811
3.08619, -1081.97, 449.75
7.31268, 267.252, -122.627
5.17978, 294.712, -220.958
5.81447, -519.389, -160.314
5.48362, -1163.42, 507.312
6.93363, -140.335, 262.827
6.67999, -177.153, -214.727
6.69339, 256.194, 397.516
6.85642, -33.4359, -268.697
2.5002, 345.476, 743.387
4.77274, 75.0805, 471.948
4.25696, 930.406, -116.403
5.80713, 1040.82, -1026.12
6.22234, 212.798, -155.657
3.3821, -393.198, -1155.14
7.4621, -533.467, 763.137
5.95466, 420.375, -301.142
6.97862, 84.4287, 0.256601
3.51579, -155.771, -212.212
7.2356, 144.434, 641.217
4.88476, -1204.92, 542.478
6.78578, -1158.94, 726.29
6.41237, -304.425, -466.434
5.70687, -986.383, 896.659
3.14521, -265.784, 498.142
5.77944, 132.452, -617.591
3.09199, 40.8486, -10.5694
3.88793, 951.6, 28.7707
6.65548, 294.264, 996.457
6.14153, 1075.07, 1314.02
6.74348, 1073.9, -802.719
3.43989, -32.3299, -599.415
6.09602, -34.4837, -442.443
4.25586, -382.662, 499.178
3.34555, 550.416, 707.35
4.52383, -1031.69, 188.511
4.20924, 97.1476, 271.201
6.67141, 48.0887, 164.962
3.9111, -805.143, -1303.43
5.16766, 526.351, 448.852
6.25085, -338.943, 335.964
4.62554, -28.9111, 149.548
4.66964, 960.245, -117.028
3.03022, -1128.71, -352.108
6.4639, -192.761, -316.818
3.91232, -196.477, -180.117
7.14264, 1017.95, 1156.33
5.37926, 280.893, 374.099
3.4895, 73.0207, -562.484
5.99081, 113.892, 274.182
3.07265, -306.001, -436.93
4.22945, 545.354, 599.968
4.15646, -152.2, -343.785
6.42735, -1167.13, 576.302
6.65775, 334.448, 354.237
4.21712, 783.017, -454.644
4.2603, 107.218, 246.52
6.38197, -211.965, 101.406
6.58658, -418.775, -382.868
4.26157, -5.30825, -232.034
7.09559, -190.478, 8.86766
3.2877, 620.136, 442.065
5.56029, 625.125, -530.116
5.54222, 33.6286, -10.9342
3.16647, 774.81, 1032.1
3.51409, 901.511, 1338.81
4.79457, -98.4103, 11.5934
3.48759, -558.062, 338.707
6.77118, 126.646, -199.097
6.54562, -432.945, -243.167
2.80131, 562.976, -789.733
6.50584, 485.058, -1285.12
5.49597, -13.8566, 115.199
7.43182, -127.631, 87.442
2.65919, -717.054, 35.2441
6.8356, -842.648, 1026.86
3.69109, -40.5429, 476.983
3.6127, 184.815, -679.185
4.73907, 1518.77, 707.025
2.61231, 412.968, -208.334
6.79755, -127.845, 37.8565
4.15902, 386.75, -1589.54
5.72195, -413.858, -308.958
7.43521, 582.584, -93.3211
5.30162, 182.604, -443.108
4.74553, 1.30303, 79.1672
5.213, 126.007, 36.594
2.90797, -21.5628, 26.2319
3.99606, 983.423, 771.044
6.63964, -1156.89, -291.289
6.48936, -861.306, 183.603
5.71048, 34.2873, 54.6029
4.84105, -274.746, -219.197
7.15326, 340.517, 930.994
5.08798, -301.087, -241.029
7.42924, -1137.9, 775.965
5.94567, -87.5052, 106.165
6.19966, 62.7628, 72.0862
3.46323, 743.154, 417.114
6.08881, 974.514, -685.664
6.11146, 189.068, 465.5
6.49298, -251.54, -210.775
4.23216, -1176.72, 200.498
5.1481, 212.088, 543.016
3.19001, 211.675, -624.983
6.73218, -23.1735, -43.9387
6.32766, 336.878, -196.165
7.5, -1179.45, 522.171
4.24891, -1596.25, -664.289
5.50367, 886.357, -48.0224
3.50808, -5.80063, 1185.08
6.2385, -937.735, 169.178
6.49225, 323.153, 415.466
3.03505, -449.38, 496.566
5.35813, -32.2772, 211.366
2.84683, -1464.88, 553.592
4.16036, -126.391, -220.935
5.80945, -37.5525, 175.504
5.27726, 275.281, 1082.22
7.12415, 175.092, -12.078
2.69832, 229.869, 575.489
2.62083, 721.239, 673.383
4.61923, 136.257, 268.097
4.36987, -0.865787, 370.509
2.93303, 774.965, 578.87
3.05403, 130.982, -151.822
5.31992, -1020.66, 163.78
7.37269, -40.8875, 263.507
3.05066, 52.622, -1163.35
5.99352, -912.498, -1075.08
2.79674, 308.154, 897.258
4.69755, 150.189, 27.1283
5.24651, -620.783, -509.842
3.45129, 42.2315, -120.64
7.36597, 42.2195, -306.751
3.19593, -44.1474, -467.323
5.48978, -908.172, 299.65
7.12812, 203.309, -785.695
3.91116, 106.244, 393.706
6.8307, -147.294, -92.0618
6.29598, 558.767, -579.102
6.10793, 130.679, -349.241
3.34241, 398.863, 542.856
3.32882, -379.28, -672.117
3.39076, -111.887, -245.934
5.87226, 23.3441, -230.95
4.83484, -80.7029, -123.174
6.85219, -34.3642, 211.996
5.76023, -108.552, -327.348
5.80464, -546.371, -168.252
2.58037, 173.506, 307.015
4.30596, 1383.41, 888.1
3.72747, -40.4756, -390.019
6.93086, 679.636, 689.278
5.23701, -1688.51, 11.8653
6.57209, 110.781, -291.021
5.24453, -392.662, -641.627
4.16156, 82.1463, 371.481
4.40213, -573.772, -912.823
2.52389, -551.685, -17.3417
6.95226, 224.179, 28.7694
6.16955, 557.041, -60.2823
6.04239, 287.892, 430.642
5.1278, 754.708, -659.843
6.41065, 8.70036, -79.524
3.42484, -129.343, 224.235
5.72673, -38.2621, 154.026
3.42178, -149.984, 118.034
3.31214, -814.15, 230.52
2.65594, 693.038, 10.9638
7.42716, -108.908, 58.2009
4.04559, -40.73, -93.5028
4.11075, -43.0522, 241.772
5.51155, 124.618, -56.1197
2.89107, 1157.61, 54.3259
3.93936, -249.862, 235.479
5.79307, 641.266, -417.342
7.36348, -193.116, 3.84559
7.27758, 899.317, 288.239
7.42745, -331.718, -226.202
7.30478, -62.6161, 130.306
3.0073, 4.1008, -291.127
3.71505, -64.7944, 314.257
6.91151, -162.218, -56.611
5.28805, 362.652, 349.292
6.7669, 139.421, 62.706
7.49145, 696.626, -365.034
3.99751, -978.653, 830.05
6.33157, -1795.31, -689.069
4.81901, -743.389, 41.9808
6.8168, 20.5137, -58.3927
6.99018, 251.293, 77.7493
7.377, -129.235, -91.3007
2.77405, 245.384, 33.3397
6.32605, -273.654, 197.477
5.09219, 710.58, -853.844
3.46574, -19.9947, 384.053
6.98252, -150.697, -119.708
6.38492, -222.08, 195.027
2.75968, 192.566, -111.382
7.47331, 551.343, -884.643
5.93659, 187.257, -87.284
5.94854, -520.997, -157.693
6.57666, 899.345, -509.715
7.05426, -134.479, 187.16
3.34218, 447.785, 1359.47
5.24183, 896.048, -649.187
6.53351, -79.7402, 120.528
4.17803, 118.421, 30.1453
5.53435, 259.281, -404.877
6.59602, 397.877, -848.764
7.3485, 273.342, -12.5947
6.29349, -10.9309, -267.669
3.72113, 303.645, -298.687
5.80589, 168.049, -153.709
4.21574, 370.773, 134.306
7.27146, -126.616, -105.298
2.60828, 427.578, -1020.38
4.54979, 662.701, -299.787
2.55789, -188.858, 939.51
3.04964, 165.012, -159.394
5.28259, 551.064, -795.905
4.45466, -140.747, 75.4843
7.20539, -6.16199, -160.891
2.55572, -568.538, -68.037
6.22897, 123.635, 486.961
3.84293, 186.432, -27.5077
4.27153, -324.023, -33.0323
3.45835, 1303.46, -1406.47
5.14832, -99.8136, -52.4127
4.39478, -267.166, -1169.89
3.16407, -82.0395, -164.314
4.26563, 353.553, -1.7208
4.2497, -1345.88, 554.289
7.41084, -923.009, -616.826
5.25961, 110.618, 348.777
4.99918, -873.997, -249.928
3.58531, 553.609, -749.263
4.37311, 64.5381, -192.538
6.78251, 460.709, 343.075
6.45578, -680.012, 1129.61
3.9204, 904.681, -920.698
5.07645, 351.915, -589.109
6.79238, 27.5784, -64.3031
7.07844, 299.731, -447.43
7.48941, -707.774, -635.682
6.53177, -459.017, -471.016
5.22718, -103.072, -361.959
7.3461, 389.156, -292.684
5.31931, -258.058, 246.586
4.03031, 639.559, -488.99
5.41853, 371.034, -97.5201
2.91197, -32.714, -483.476
5.47382, 158.052, -159.372
3.31968, 648.817, 891.381
6.46527, 240.183, 536.917
2.95373, -585.931, 284.242
6.3072, -149.861, 17.9444
6.83996, 70.2487, 62.6936
6.40105, 257.574, 101.442
6.61399, -826.219, -444.716
6.70974, 144.487, 61.4286
4.48328, 628.17, 267.396
6.508, 115.296, -53.0241
6.56811, 328.551, 31.8579
5.43493, 531.331, 830.926
4.64621, 54.9152, -178.379
2.5002, 456.358, -556.026
5.31153, 111.801, -313.431
6.22632, 342.734, 366.807
3.89846, 982.794, 472.385
2.93406, -99.1292, -1354.21
3.5733, -525.26, 17.0143
3.93296, -245.816, -20.2627
4.86595, 436.054, -297.633
6.95893, -798.649, -643.015
5.91955, 269.565, -174.523
3.54376, 12.7186, -82.8722
6.67533, 66.1288, -62.1192
7.09218, -532.544, -332.326
4.48244, 618.321, 256.197
6.37858, 50.5338, 381.225
5.68161, -221.633, -153.688
6.64746, -188.74, 210.579
3.40204, -15.2905, -365.221
7.45927, 237.204, -59.2863
6.70558, 313.24, -498.757
4.65177, -500.736, 157.241
4.38589, -582.967, 147.773
2.70802, 162.973, -68.9436
6.80715, -300.642, -289.79
6.62116, -1030.65, 760.716
6.25052, 120.928, 517.724
3.55801, 122.761, 197.845
4.31029, -209.24, 130.254
4.43545, 267.629, 455.973
7.32918, -1035.05, -721.274
6.5872, -128.369, 58.9237
4.5755, -585.269, -34.1237
5.83759, 279.686, -22.476
2.52101, -1166.37, 753.08
6.98048, -124.366, 107.161
3.68416, 596.463, 555.982
3.79415, 34.9431, -171.467
5.4939, 312.715, -153.04
6.89823, -788.911, 117.027
6.16299, 692.739, 195.435
6.0773, -643.158, -280.934
3.57724, 1526.12, -101.227
6.30413, -1228.57, 798.111
3.85351, -133.99, -186.917
2.75246, -279.41, -219.259
4.78866, 216.768, -164.906
2.58759, 374.336, -141.766
3.01129, 1134.37, -875.274
2.639, -501.495, 198.265
5.65921, -165.716, -290.35
6.34425, -144.705, 44.4236
2.74132, -716.676, -330.952
6.6924, -265.931, -250.887
6.76899, -17.114, 130.03
6.57649, 581.52, -532.009
6.85188, -169.692, -1008.03
5.27222, -4.52785, 214.57
6.12646, 50.8709, 812.09
3.20424, -1311.1, 651.877
6.6115, 28.9626, -229.094
5.51185, -658.632, -993.385
4.93856, 75.5362, -176.496
6.14942, -30.9266, 253.406
4.05164, -884.135, 489.732
3.93925, 142.954, -540.757
5.45857, 754.54, -1003.22
5.34055, -1020.06, 299.027
5.41059, 1174.81, 525.699
2.84132, 389.031, -730.194
4.34304, -594.871, 405.545
6.28475, -96.7515, -121.504
6.35297, 752.089, 900.03
4.27217, 21.8311, -54.6319
5.98913, -130.872, -12.6497
5.08005, 850.273, 462.282
5.94494, -218.204, 37.5237
6.18066, -856.418, -823.685
2.56231, -864.723, -696.822
7.16549, 1.50101, 116.877
5.37826, -581.696, -297.6
3.05587, -140.154, -360.979
4.87388, -40.6481, -92.5329
3.24247, 6.0596, -244.093
4.22594, -2062.24, -528.224
7.04476, -336.999, -165.87
4.54571, 887.12, -513.404
5.96642, -171.954, 122.577
3.35865, -92.7485, -188.655
6.21715, -933.918, 484.566
4.16319, 6.4289, 82.2725
4.62157, 38.7501, 4.96702
2.79523, 473.406, -336.431
5.09005, 270.77, 453.651
5.94425, -134.799, -401.955
5.01149, -27.6939, -229.032
6.56617, -171.422, -272.002
3.07974, -114.982, 40.9457
5.24841, 116.774, 502.852
5.06046, 153.791, 63.2751
6.02649, -766.58, -620.575
5.65083, -136.7, 2.31458
4.0207, -57.2643, 45.7735
6.74719, 6.59639, -8.38205
3.39619, 451.452, -787.958
2.61737, -252.949, 33.8242
4.19467, 294.952, -359.503
3.43818, -686.606, -629.748
6.60467, 78.5117, -61.4871
6.72507, -5.58845, 987.712
6.78031, -879.929, 596.018
7.37454, 394.704, -234.844
2.99587, 259.362, -346.394
2.56182, -671.743, -729.877
2.58614, 188.777, -923.249
2.64527, 237.868, -187.489
4.1031, -812.26, -790.697
6.17815, -826.897, 388.648
3.14876, 39.3719, 326.204
2.5161, 271.6, -437.639
6.91905, 248.893, -280.679
3.70482, 43.465, -533.49
4.38481, 244.512, -95.4343
4.44879, -117.756, 33.7956
2.81534, 664.711, 307.194
7.30792, 395.952, 293.713
3.75349, 400.544, -23.941
6.85376, -86.2468, -284.768
2.85991, 553.052, -692.547
2.70653, 185.944, -529.659
3.46378, -35.8501, 9.06964
3.86708, -271.035, -922.338
7.4007, -27.5352, -65.3644
3.60607, 225.996, -1218.82
6.43119, 609.562, -893.067
4.42306, 197.535, -120.134
3.78593, -958.412, 772.475
3.91087, -19.9879, 287.072
7.33834, -200.4, -319.52
4.22841, -43.5212, -24.4979
3.45922, 49.2227, 291.045
5.05037, -172.626, 46.6539
5.21857, 357.226, -1087.39
5.72333, -56.2994, -29.6149
3.89738, 435.764, -489.633
3.41887, -173.347, -541.329
2.71579, 763.845, -937.443
3.98408, -106.823, 190.854
4.25548, 797.046, 188.69
7.09372, 609.943, -204.495
5.81225, 2.84418, -86.6921
5.08041, -693.359, -638.184
4.03763, -542.103, -167.703
3.0007, 652.8, 633.161
3.47502, 30.7007, -353.926
4.11407, 784.272, 1031.53
5.56182, 37.3008, 103.846
5.13511, -406.521, 246.283
3.45653, -357.161, 864.641
4.7178, 1476.47, 824.06
4.48693, 1552.98, -309.428
6.28051, 105.984, -34.1469
6.6213, -32.6696, 43.4522
5.51573, -243.604, -436.365
3.04573, 56.3389, 160.251
4.11797, 728.068, -68.4751
5.03403, 136.04, -45.8005
4.76521, 447.457, 509.547
4.77315, -7.29236, 23.1087
4.91125, -301.538, -113.418
5.07896, -1329.27, 253.351
4.50207, -532.351, -913.583
4.22945, -533.739, -168.779
6.64533, 88.5371, -214.543
3.02204, 936.795, 69.1233
6.40057, 139.57, 421.729
3.19919, -71.1181, -68.5011
2.62171, 889.697, 1150.96
6.0664, 18.0783, -448.451
7.15538, 8.52671, -153.011
7.47667, 120.845, 140.922
3.86264, -57.8895, 164.508
3.6923, -500.242, 478.351
3.87328, -67.0362, -679.694
5.70836, 412.528, 416.984
5.17637, 160.846, 14.8203
6.8967, -838.578, 1244
6.75968, 207.309, 419.1
2.98004, -194.285, 340.363
4.66818, -25.6534, -303.187
3.17045, -174.611, -151.332
5.86802, 248.077, -104.745
5.34964, -403.768, -38.3431
3.66474, 159.471, -702.752
5.50306, 179.473, 161.938
2.6551, -289.111, -225.416
7.08512, 42.9493, 112.065
3.82958, 518.796, 117.001
6.50016, 39.6904, 40.7829
5.46389, -67.517, -88.5079
5.0822, 29.7309, -12.3847
5.2567, 368.758, 8.04962
3.47225, 0.380537, -71.8631
5.36152, -587.687, -447.229
3.81992, -246.756, 1114.43
4.41648, 492.595, -1246.1
2.73626, -145.617, 76.3012
4.22823, 51.2264, -260.49
3.61594, -953.689, 1776.33
3.81264, 96.566, 230.89
3.05141, -225.703, -171.344
7.40088, 113.967, -19.9287
5.93794, -651.182, -281.018
5.82158, -2.17514, -96.1919
5.99501, -97.6677, 201.98
2.68746, 57.8199, -298.151
3.6706, -196.604, -246.777
3.95397, -1137.65, -1731.76
3.50543, -122.182, 153.619
2.7177, -751.708, 780.523
2.56571, 599.585, -570.585
6.07297, 1440.6, -535.535
6.88348, -34.3897, 108.937
5.35088, 464.663, -863.788
6.92743, -487.91, -449.911
5.20042, -153.621, 19.8716
3.31357, -657.291, 464.668
3.30492, -602.618, -804.375
7.19182, 127.126, -39.8834
3.45628, 245.332, -399.455
3.15761, -793.055, 324.15
4.41122, 348.826, -506.234
6.12674, -350.637, 866.419
2.50651, -1561.43, -257.169
4.60222, 1019.02, -694.441
5.18984, 433.943, 121.585
4.86596, -196.735, 286.672
6.33003, 56.5498, 68.0043
2.9396, 654.149, 131.292
7.04284, 371.347, 339.738
3.20818, 358.535, -244.227
2.54782, 1.64992, -33.3648
2.82267, 44.6898, 118.264
4.96742, 354.481, 353.868
5.40914, 35.8311, -28.7865
4.03373, 840.786, -1595.95
4.57091, -21.9837, 402.149
4.33401, -366.787, -173.837
3.42687, 21.8487, -1120.94
2.76788, -503.74, -756.173
4.47222, 29.5826, 122.95
3.98388, 580.783, 551.354
5.05388, 334.31, 359.612
3.75392, 557.016, -1048.98
5.01589, 124.079, -321.105
2.51168, 644.185, 31.8722
7.01807, -1183.5, 515.841
2.79181, 1010.77, 897.993
5.17506, 20.7072, 777.327
3.95754, 914.55, -416.214
7.3023, -204.973, 44.9081
4.73406, -1003.44, -607.118
5.08479, 118.31, -54.5566
5.93861, -174.357, -471.073
2.72187, 40.5184, -49.2369
7.2946, 1006.01, -833.845
5.70852, 12.2134, 357.483
2.80215, 253.747, -290.256
3.33964, 77.7395, 326.976
5.76491, 89.0474, 372.159
6.19864, 340.767, 748.323
3.57011, 252.496, -534.687
4.31441, -47.987, -531.588
6.56981, 594.015, -403.303
5.32057, 266.423, -12.6252
7.45886, -118.738, -43.0803
6.5669, 134.213, -71.7717
3.49157, 708.587, -1086.99
2.50003, -36.8705, -65.1126
4.62608, -851.809, 1032.53
4.07406, 686.856, 272.711
5.56218, -1047.46, 161.436
3.83351, 100.663, -42.8676
4.39881, -211.393, -460.006
5.43397, -305.31, -681.202
5.95636, -227.472, 314.71
7.26736, 145.568, 9.47871
4.89785, 186.026, -522.761
3.60319, -739.055, 388.828
5.33741, 66.1722, -17.4963
6.09873, 9.85185, 16.1715
4.4953, 921.97, -276.343
3.48326, 686.671, -382.061
6.66971, -198.4, -50.4478
5.59561, 677.461, -28.6109
7.26866, 142.159, 380.555
3.23222, 535.259, 549.512
5.38953, -68.1071, 54.4187
7.26796, 134.158, -287.694
3.62331, -1203.91, 586.525
7.25137, -118.639, -18.9874
3.07874, 442.953, -86.2874
2.58372, -135.686, -376.235
3.90465, -70.1298, -339.868
7.15042, -142.075, 251.73
3.04796, -831.323, -276.229
6.77266, 173.082, 288.384
5.68532, -21.7997, -416.412
5.63853, 34.2618, -279.183
3.80589, -88.3024, 462.669
5.13936, 557.797, -544.005
7.16608, 50.566, 193.494
3.98055, 284.443, -131.427
4.78006, -432.756, -292.008
6.35659, 7.39066, 983.941
4.17193, -430.039, -1433.53
6.31775, -6.12419, 145.024
6.65892, -764.871, 370.346
2.64618, 751.785, -699.284
4.31315, -65.7471, -378.165
4.16221, -151.341, 524.135
3.17675, -29.2625, -58.9128
3.00839, 306.74, -982.216
5.11327, 535.257, 104.321
3.52046, 131.649, -253.031
5.00728, -221.023, -298.026
5.1371, -1097.71, 450.554
4.13422, -266.012, 117.001
4.75888, 187.523, -217.586
6.85263, -118.13, -19.1732
4.72884, 88.074, -190.389
6.03726, 232.336, -195.534
6.83171, -766.788, 281.109
6.5822, 126.956, -114.414
2.67504, -666.153, -329.497
3.8644, 51.5123, 858.662
5.21858, 167.072, 32.356
3.19942, -385.41, 156.605
5.57408, 144.195, 73.6769
3.29182, 301.542, -443.138
4.41129, 407.219, -169.977
5.94997, 206.783, 267.656
3.21128, 1165.95, -129.03
5.65284, 242.983, -26.8872
3.15973, -601.288, -854.121
7.13583, -163.251, -7.78832
5.53465, 1089.59, -1695.98
5.50388, 711.486, -388.859
3.33635, 173.553, -5.88021
3.301, 318.495, -174.652
5.91628, -57.4936, 51.7543
5.1456, -33.9683, -304.85
3.65264, -780.66, 48.5879
6.55373, -21.2901, 222.544
5.76477, -123.93, -230.167
4.08597, -3.2356, 393.073
2.53953, -122.465, 105.625
3.49176, -125.747, -858.213
3.78831, -381.545, 503.467
3.03825, 84.631, -331.389
3.49545, -649.337, -19.4263
6.75079, -1179.69, 624.937
6.63912, -167.116, -9.80701
6.76813, 206.639, 412.646
5.71027, 132.589, 103.353
3.6787, -843.028, 810.209
6.80638, 186.082, 12.6741
5.4745, -274.292, 596.571
2.52745, -835.583, -809.584
6.84925, 346.207, 568.618
7.37729, 352.153, 364.114
5.59653, -770.82, -611.111
3.85574, 440.049, -158.689
7.46973, -169.441, -75.8548
4.60751, -374.047, 448.985
4.20537, 368.841, 628.109
4.80717, 303.704, -134.828
4.44822, -338.973, -969.167
4.613, -1257, -323.606
2.84879, 37.4056, 29.8259
5.5153, 229.055, -28.5731
7.36114, 302.971, -166.612
5.07406, -19.4349, 112.984
7.45461, -78.1662, 168.474
5.84906, -476.352, -1371.17
4.01716, -351.645, 118.105
3.47371, -640.829, -283.594
4.0109, -204.929, -303.242
4.93946, -50.5098, -60.5052
4.72438, -483.431, -385.717
5.7844, -17.5583, -99.0579
3.74227, 1382.61, 886.955
4.72007, -738.382, -697.739
5.75894, -127.157, -138.842
6.67472, 418.076, -372.938
6.03698, 291.002, 222.354
4.93928, 179.212, 147.563
6.72039, 293.324, 325.544
7.00296, -135.236, 210.249
6.33082, 8.96979, 371.035
5.29453, -777.296, -321.634
2.70603, 722.449, 105.582
5.46749, 334.675, -520.408
2.68674, 253.438, -1011.62
4.53488, 156.43, 115.198
2.84243, 252.648, -351.649
7.38558, 43.2403, -168.205
2.5956, 945.287, 941.555
6.60363, 107.574, 253.755
5.2195, 1051.75, -614.091
5.72828, -157.05, 379.02
3.62934, -143.736, -123.301
2.733, -192.801, 445.14
3.63154, 6.87288, -35.0641
4.58371, 441.993, -536.446
6.40126, -300.067, -122.536
3.72852, 395.416, -853.06
4.81411, 72.8007, -12.0606
6.14756, 57.6349, -527.192
5.35237, 1119.79, -234.349
5.45997, -400.496, -601.112
4.98425, 108.112, -285.19
3.951, -53.0087, -104.99
4.71107, 53.0799, 25.8469
2.53669, -608.632, 1150.79
7.41683, -62.1883, -39.2329
2.52822, -302.127, -178.038
4.8676, 55.5121, 371.739
5.86497, 906.022, 1356.42
