6.27803, -353.68, -108.063
3.5948, 31.0216, -175.675
5.89648, 251.553, -330.098
5.09708, -131.5, 329.261
2.76731, -459.473, 591.875
2.53849, 312.787, 163.335
4.58743, -446.097, -457.648
7.15218, 244.449, 7.07595
2.95982, 47.2188, 404.37
6.00595, -101.159, 36.8512
3.81226, 455.398, 274.229
4.14117, 166.221, -230.618
7.45519, 226.652, -1.69575
7.41275, -389.938, -151.402
5.75759, 242.683, -51.0372
6.92354, 311.079, -299.943
6.33247, -117.672, -275.658
3.87453, -309.557, -163.516
4.93259, -378.456, -178.394
2.80282, 727.042, 450.736
5.08146, 74.7073, 313.856
4.96988, 480.452, -525.013
7.23882, -355.535, -321.701
4.42071, -21.3329, -294.824
5.14874, 446.808, -456.776
2.75042, 502.386, -318.422
6.63909, 290.639, 263.505
5.94228, -254.245, -399.779
6.18112, 17.8114, 322.406
6.94286, 422.831, 372.24
4.25508, -164.456, -264.444
6.72991, 336.062, 4.70983
3.84659, 232.393, 64.13
4.83959, -87.8181, -170.441
3.2686, -386.058, -334.954
2.66527, 190.581, -4.38038
7.2768, 267.514, 15.2789
6.95369, 357.527, 149.946
3.29884, 188.92, 9.89668
3.15214, 212.143, -323.544
2.515, -604.018, -270.942
6.0491, -230.206, -234.038
3.40448, -439.231, 526.909
5.76029, 376.783, -244.32
4.42907, 164.429, -289.638
3.23766, 35.9311, -113.09
5.45054, 184.998, 58.3859
3.24076, -113.06, 318.498
3.2091, 42.5746, 357.111
4.94257, -340.215, -247.998
3.13015, 147.507, 93.9093
5.64635, -100.625, -243.56
5.60817, 321.356, -310.208
4.88216, -343.667, 494.893
2.64188, -285.684, -260.972
3.21011, -210.806, 516.144
3.15594, -110.248, 453.295
3.31099, -566.18, 509.204
3.76529, 43.7476, -303.13
4.77654, 356.359, -547.948
6.54472, -8.45828, -146.323
3.57624, 28.7836, 273.067
3.75063, 301.398, 151.718
5.02978, 43.7343, 377.095
6.27922, 228.392, 18.4758
5.66369, 286.978, -68.4572
5.9449, 201.807, 110.6
7.27207, 448.319, 419.166
5.18713, -490.034, 459.693
4.57014, -229.951, -203.019
4.70019, 211.268, 12.3213
6.07821, 433.274, 378.073
6.20858, 217.303, 5.59656
5.12494, 579.11, -447.964
6.06711, -260.274, -206.545
5.91025, 284.851, 109.013
6.82941, 340.128, -314.938
3.19597, -106.052, 481.667
3.57766, 347.808, -104.638
5.0733, -233.665, -194.137
4.83766, 47.293, 376.638
3.55759, -195.189, 571.89
5.65244, -317.528, 356.59
2.5044, -588.317, 211.735
4.09589, 195.222, -46.2972
5.90281, 281.413, 203.209
6.0446, 209.833, -338.921
2.90869, -462.664, 471.295
3.56926, 265.519, 108.249
4.44412, -92.8205, -476.192
4.44927, 535.549, 546.054
3.92018, 255.705, -279.744
4.6123, 284.99, 256.519
2.55658, -365.834, -390.503
3.72027, 515.496, -485.441
4.49072, -539.28, 455.16
6.64177, -376.434, 130.467
3.78584, 568.806, -491.095
3.59705, -395.13, -285.868
6.47385, 196.39, 107.155
5.8476, 163.101, 200.944
5.49108, -528.561, 162.735
5.99917, -79.9043, -248.578
5.13062, 220.365, -271.617
4.14833, 226.303, 20.7618
3.30844, -790.877, 213.068
6.56633, 206.849, 45.4802
4.08004, 309.587, -52.4544
4.05369, -68.0951, -296.362
4.65424, 93.2656, -83.1428
4.46509, -237.293, -477.226
4.43916, 310.959, -239.258
4.34871, -553.414, -406.717
5.88118, 273.661, -376.191
6.10384, -184.993, -214.026
7.20082, 133.06, 365.344
5.08573, -213.056, -272.412
5.5282, -81.8291, 25.3103
5.85049, -329.876, 364.92
5.11404, 87.081, -255.146
3.87105, -514.322, 483.297
7.08924, 247.593, 89.454
3.73367, 466.143, -319.634
4.77876, 270.141, 44.4228
3.30374, -437.467, 425.003
4.68319, 269.341, 62.0802
7.45767, 334.999, 97.4065
6.26931, -260.374, 375.806
4.97846, -441.961, -398.705
7.01651, -422.383, -354.175
4.68213, 290.267, 248.827
5.09239, -104.391, -274.017
4.44866, 393.453, -288.501
5.63431, -89.7616, -260.426
5.19331, 252.764, 140.933
4.35955, 179.791, -358.314
2.54674, -46.4202, 81.1908
6.3794, 24.6534, -479.095
2.85317, -397.985, -296.16
3.98511, 200.582, -264.777
4.78581, 16.2145, -487.027
3.25156, -141.85, -292.253
5.97819, 169.118, -325.921
4.15587, 246.751, 36.7832
5.21197, 531.569, -520.626
2.64678, 598.369, -349.944
5.38086, -70.2505, -193.65
5.18133, 242.701, 13.7251
7.36678, -359.454, -272.078
5.57063, -166.68, -243.64
5.26431, -646.192, 225.632
6.69051, -122.343, 325.044
3.75764, -317.433, 391.73
6.98957, 240.347, 101.585
5.97428, 320.771, -277.614
5.82752, -345.205, -173.458
3.06838, -437.722, -291.839
3.37987, -210.704, 479.447
2.91253, -96.2987, -289.803
6.68103, -75.4671, 72.3124
2.64818, 492.881, -817.536
6.34719, 24.3089, -241.748
4.29829, -398.572, 406.241
6.24626, 70.1481, 465.278
6.28385, 230.469, 28.8281
3.60834, -578.569, -243.532
5.58305, 231.482, 86.7617
3.66846, -329.164, -144.543
6.22052, -524.423, 331.208
5.80997, -403.451, -355.207
4.9209, 538.897, -458.567
2.58972, 301.78, -28.0438
4.98291, 256.352, 10.8667
5.09587, -270.792, -202.924
4.71395, -455.205, 8.02494
4.14528, 301.445, 326.46
3.52671, 346.323, 85.2805
7.19863, 27.2179, -54.9988
2.85168, -476.59, 109.071
3.30042, 34.5645, -144.975
6.70788, -247.096, -192.825
4.13614, -217.369, -196.595
6.85942, 225.535, -35.5404
5.99896, 470.631, 404.01
5.52801, 197.468, 71.6612
4.77536, 20.3172, -140.888
2.91543, -216.133, -229.607
3.94883, 329.563, 297.559
6.51009, -382.964, -395.614
6.81821, 294.415, 79.3903
3.81831, 253.473, -431.766
4.79881, -194.217, -141.922
4.95672, 177.191, -349.044
5.82344, -550.352, -244.397
7.31738, -377.681, -169.944
7.23022, 214.836, -299.222
2.81902, 243.077, -346.526
5.04829, -398.467, -161.789
6.13222, 482.969, 407.74
5.65882, 301.852, 48.2965
3.26658, -548.989, -429.385
5.09652, -456.235, 5.87513
3.52281, -397.47, 490.249
6.03231, 241.587, -335.511
6.05786, -392.209, -172.096
3.66304, -15.7277, -122.139
6.80594, 127.339, -65.4897
2.67122, 134.403, 169.138
6.26587, -475.445, 159.73
4.14789, 208.537, 49.1346
4.65309, -332.786, -315.896
7.33455, 298.671, 75.1852
4.05803, 511.006, 385.567
5.69762, 516.246, -586.509
5.95386, 186.002, 10.0101
5.36403, -38.3235, 561.975
6.60667, 549.657, -622.115
4.21807, -225.137, -168.363
5.09387, -449.165, -465.669
6.78438, -139.229, -243.313
6.18587, 282.426, 119.217
3.45992, -344.657, 151.872
2.83145, -190.994, 84.3526
3.60828, 563.861, -494.682
3.33656, 157.804, -134.64
6.31172, 199.626, -215.163
5.44905, -415.144, 188.914
4.65223, 472.503, 530.859
7.09618, 223.755, 22.796
5.09668, 186.982, 102.147
7.38058, -298.829, -234.397
5.15714, -367.661, -225.411
2.98716, 236.377, -21.6658
5.83983, 222.886, 82.4097
5.44444, 270.126, 117.499
5.01137, -346.09, -242.229
2.75808, -583.366, -238.931
2.6753, -53.4836, -274.766
4.41484, -186.537, -226.664
5.55555, 281.891, 157.899
5.06574, 525.951, 506.957
5.98498, 307.584, 157.827
4.89891, -12.3842, -138.297
3.88323, 223.808, 337.935
6.01685, -305.221, -157.305
3.67701, 203.747, 46.8439
6.41501, -87.1393, -122.876
6.60589, -9.68623, 411.717
3.21842, -428.364, -287.149
5.75757, -401.357, 479.933
3.87677, 414.056, -385.608
7.26215, -425.286, 669.028
4.58238, -320.05, -167.836
3.03869, -98.3469, 33.7354
4.70633, -462.087, 407.736
6.28811, -288.057, -178.641
2.77803, -342.5, -138.61
3.51241, 115.124, -70.3114
6.82305, 610.878, -495.333
6.52456, -31.1187, -191.061
2.78861, -536.321, -515.82
4.40304, 10.8574, -271.074
4.56124, -12.8076, 371.952
2.80071, -35.8002, 182.085
7.09746, 427.606, 390.539
3.35398, 461.095, 301.842
6.51634, -528.47, 120.751
3.88599, 95.4107, 133.912
4.44586, -268.29, 363.79
7.19936, -39.7178, 457.031
6.24573, -157.523, -216.811
3.44774, -490.649, 650.771
6.89581, 181.855, 22.3527
6.8953, 233.393, -295.133
3.30515, -353.605, -222.697
5.87346, -288.909, -117.16
6.89096, 164.672, 57.1646
6.98262, 313.645, -72.6008
3.06535, -16.6762, 340.747
5.93789, -257.09, -230.849
3.21651, -156.912, -197.665
3.6901, 242.8, 102.62
5.64383, 295.372, -53.1265
4.312, 301.07, 151.769
4.64437, 421.112, 326.749
4.91936, -74.2645, -309.678
6.20379, 18.7152, -164.634
3.23098, -387.033, 500.472
7.36238, -319.841, -384.596
7.3158, -384.877, -150.379
3.14741, -444.613, 640.786
5.3784, 0.88144, -77.3097
4.66439, 291.909, 90.1502
5.50066, -210.958, -166.63
5.85098, -221.599, -187.047
4.5137, 528.098, 455.512
6.46691, 457.202, 361.93
4.89889, -78.8893, -187.134
5.72449, 251.604, 246.06
4.28836, -495.714, 450.265
5.96794, -283.765, -153.435
5.83428, -411.339, -361.727
3.22071, -327.868, 375.354
7.10415, -466.971, 170.255
4.22228, -44.0517, -181.194
6.66824, -65.8097, -222.541
2.74349, 279.605, -362.408
3.27936, -528.068, 219.777
2.55765, -1.5576, 401.086
3.94327, -59.671, 432.742
5.07295, -161.499, -282.763
3.65948, 390.202, 476.915
2.75022, -112.715, -244.157
5.33091, -471.94, -451.541
6.69774, -2.14762, 364.078
4.28763, -410.199, -434.195
4.3452, 71.0036, 326.503
7.22226, 262.412, 108.585
4.72425, -268.031, -95.1281
6.82086, 240.006, 25.3379
5.82654, -285.931, -377.968
5.79297, 37.4132, 374.876
7.10736, -622.873, 538.407
5.11536, 522.987, -444.233
5.45229, 243.914, -383.613
5.79944, 498.056, 328.244
4.24765, 282.011, -64.0557
4.11714, 281.887, 182.987
7.08984, -6.26394, 377.793
3.08619, 510.676, -464.002
7.31268, 236.377, 65.4767
5.17978, 27.9191, -151.945
5.81447, 445.933, 360.733
5.48362, 524.489, -455.697
6.93363, -463.14, -247.614
6.67999, -358.103, -399.054
6.69339, 233.744, 74.3927
6.85642, -103.704, 2.47573
2.5002, -496.408, -57.2312
4.77274, 248.204, 72.2423
4.25696, -441.664, 161.525
5.80713, -210.818, 512.992
6.22234, -446.014, 138.201
3.3821, 88.6372, -134.272
7.4621, 497.454, -436.876
5.95466, -466.567, 190.577
6.97862, 204.177, 166.153
3.51579, 267.808, 298.624
7.2356, -429.851, -153.048
4.88476, 497.486, -466.485
6.78578, 558.026, -505.344
6.41237, -272.562, -209.174
5.70687, 539.518, -425.585
3.14521, -287.651, 118.408
5.77944, -34.1263, 530.713
3.09199, 61.5856, -269.838
3.88793, -80.7476, 397.985
6.65548, -153.303, -227.871
6.14153, -520.432, -396.224
6.74348, -654.993, 222.429
3.43989, -465.354, -61.1408
6.09602, 265.332, -191.613
4.25586, 271.106, 286.388
3.34555, -472.476, -229.337
4.52383, 394.328, -358.931
4.20924, 79.358, 335.998
6.67141, 268.426, 199.505
3.9111, 465.923, 392.889
5.16766, -687.83, -484.857
6.25085, 529.462, -423.178
4.62554, -389.029, -347.7
4.66964, -330, 453.057
3.03022, 565.451, -396.354
6.4639, -186.502, -276.088
3.91232, -342.264, -307.024
7.14264, -412.938, -221.774
5.37926, 252.123, 89.4601
3.4895, 406.827, -239.466
5.99081, 141.568, -250.201
3.07265, 168.238, -28.7276
4.22945, -43.3226, 330.498
4.15646, -410.363, -197.829
6.42735, 520.39, -429.717
6.65775, 229.077, 114.811
4.21712, -471.978, 434.412
4.2603, -142.983, 345.65
6.38197, -26.1926, -280.725
6.58658, 29.5537, 403.586
4.26157, -75.5887, 75.4331
7.09559, -399.964, -126.772
3.2877, 325.939, -97.9362
5.56029, -342.084, 467.638
5.54222, -316.297, 369.707
3.16647, -136.029, -248.971
3.51409, -490.343, -333.706
4.79457, -399.323, 424.974
3.48759, 93.3207, 320.444
6.77118, -589.796, 70.4882
6.54562, -368.972, -312.129
2.80131, -420.307, 449.371
6.50584, -485.178, 491.699
5.49597, -64.8694, -270.832
7.43182, -515.885, 187.932
2.65919, 177.813, 425.134
6.8356, 592.604, -466.878
3.69109, 235.547, 29.9125
3.6127, 471.591, 39.7329
4.73907, -428.658, -438.199
2.61231, 340.233, -153.381
6.79755, -28.3095, -181.472
4.15902, 240.737, -14.437
5.72195, 202.933, -20.591
7.43521, -315.807, -377.063
5.30162, 249.819, -291.762
4.74553, -243.768, -283.473
5.213, -43.0237, -261.993
2.90797, 218.647, 59.411
3.99606, -249.764, -193.001
6.63964, 470.938, 398.788
6.48936, 470.054, 351.162
5.71048, -18.6557, 381.312
4.84105, 201.28, 27.9488
7.15326, -216.316, -260.288
5.08798, -41.6255, -180.802
7.42924, 560.216, -468.888
5.94567, -0.464452, -297.261
6.19966, -114.103, -273.651
3.46323, -592.419, -405.397
6.08881, -345.531, 450.097
6.11146, 394.117, 181.624
6.49298, 236.362, 49.0726
4.23216, 293.778, -283.381
5.1481, -91.6736, -252.582
3.19001, 348.695, -108.725
6.73218, -233.503, -204.014
6.32766, 19.4074, -275.994
7.5, 505.788, -452.321
4.24891, 407.007, 537.846
5.50367, -357.11, 463.018
3.50808, -307.306, -129.012
6.2385, 91.4112, -89.8089
6.49225, 277.332, 84.148
3.03505, -779.443, 341.587
5.35813, -359.607, -268.329
2.84683, 172.777, -351.861
4.16036, 497.806, 320.854
5.80945, 157.741, -311.311
5.27726, 17.9048, -124.948
7.12415, 229.044, 186.823
2.69832, -219.905, -376.223
2.62083, -177.983, -240.93
4.61923, 134.511, -333.948
4.36987, 204.407, 155.085
2.93303, -225.296, -138.79
3.05403, 6.63211, -127.446
5.31992, 260.786, -446.054
7.37269, 91.0527, 302.346
3.05066, 26.6783, -310.611
5.99352, 61.0565, 327.509
2.79674, -114.727, -232.15
4.69755, 198.504, 6.48671
5.24651, 487.612, 570.944
3.45129, 332.847, -427.52
7.36597, 227.123, 139.937
3.19593, -182.33, -186.049
5.48978, 477.197, -417.056
7.12812, -480.089, 447.533
3.91116, 5.73078, 402.279
6.8307, -143.292, -83.9134
6.29598, -249.315, -269.893
6.10793, 229.291, -74.5571
3.34241, -62.8202, 41.0364
3.32882, 422.785, 607.577
3.39076, -287.239, -207.908
5.87226, 256.531, -283.607
4.83484, -132.176, -213.561
6.85219, -435.983, -461.603
5.76023, -242.589, -297.441
5.80464, 507.768, 454.101
2.58037, -402.861, -302.195
4.30596, -457.982, -429.784
3.72747, 286.442, 102.381
6.93086, -500.097, -443.609
5.23701, 633.322, 409.475
6.57209, -46.6475, -245.502
5.24453, -39.0694, 368.596
4.16156, 253.621, 89.9947
4.40213, 96.9349, -349.337
2.52389, 362.195, 422.858
6.95226, -169.258, -256.95
6.16955, -325.774, 449.335
6.04239, 15.423, 421.978
5.1278, -130.38, 188.011
6.41065, -33.0049, -275.226
3.42484, -224.73, -281.272
5.72673, 223.255, -23.3412
3.42178, -324.714, -191.598
3.31214, 353.997, -395.763
2.65594, -265.142, 510.728
7.42716, -98.5562, -297.759
4.04559, -113.156, -232.757
4.11075, -377.719, -185.149
5.51155, 248.609, 182.06
2.89107, -384.312, -363.029
3.93936, 88.5542, -49.9078
5.79307, -210.605, -271.952
7.36348, -448.407, -458.598
7.27758, -493.333, -358.861
7.42745, -311.284, -209.772
7.30478, -402.398, -298.319
3.0073, -297.545, 374.624
3.71505, -188.918, -155.065
6.91151, -128.008, -242.471
5.28805, 226.809, -29.4467
6.7669, 516.624, 342.71
7.49145, -396.373, 405.893
3.99751, 287.466, -371.702
6.33157, 427.675, 405.955
4.81901, 263.277, 165.505
6.8168, -390.991, -270.319
6.99018, 171.467, 50.2084
7.377, 121.068, -290.87
2.77405, 181.536, 18.0366
6.32605, 527.932, -487.072
5.09219, -436.021, 429.451
3.46574, 178.927, 68.5908
6.98252, 291.38, -262.096
6.38492, -467.191, 201.354
2.75968, -26.921, 306.183
7.47331, -435.924, 384.183
5.93659, -255.48, -295.008
5.94854, 427.663, 366.792
6.57666, -315.375, 364.6
7.05426, -260.45, -263.467
3.34218, 53.8189, -162.066
5.24183, -463.661, 451.456
6.53351, -324.525, -195.213
4.17803, 245.915, -351.48
5.53435, -140.873, -289.354
6.59602, -409.213, 196.961
7.3485, -25.4518, -182.595
6.29349, 231.025, 87.1729
3.72113, -143.389, -273.958
5.80589, -566.663, 164.234
4.21574, -739.394, -436.047
7.27146, 107.884, -261.255
2.60828, 266.62, 596.109
4.54979, -576.84, 538.493
2.55789, 658.259, -498.58
3.04964, 192.206, 106.432
5.28259, -419.615, 118.746
4.45466, -105.184, -251.317
7.20539, -117.827, -124.779
2.55572, 408.452, 75.3272
6.22897, -190.294, -179.479
3.84293, 222.923, 58.2442
4.27153, -134.098, -239.266
3.45835, -395.288, 570.293
5.14832, 245.934, 131.447
4.39478, 120.747, -254.218
3.16407, -42.0527, -286.925
4.26563, -231.262, -270.895
4.2497, 571.308, 506.161
7.41084, 200.241, 109.121
5.25961, -6.70418, -2.97628
4.99918, 41.199, -404.89
3.58531, -485.021, 184.119
4.37311, 194.613, -269.735
6.78251, -744.924, -471.015
6.45578, 569.682, -359.757
3.9204, -310.408, 371.378
5.07645, 301.629, 11.5214
6.79238, -90.6465, -253.212
7.07844, -195.424, -255.032
7.48941, 60.0886, 345.363
6.53177, 97.5219, -86.1463
5.22718, -190.582, -245.317
7.3461, -146.228, -350.131
5.31931, -524.252, 102.667
4.03031, -344.273, 450.987
5.41853, 449.194, 370.102
2.91197, 240.347, -218.712
5.47382, 227.803, -75.7014
3.31968, -576.354, -567.645
6.46527, -484.637, -322.86
2.95373, 606.893, 155.128
6.3072, -360.574, -226.306
6.83996, -23.994, -187.635
6.40105, 108.858, -68.9397
6.61399, 539.51, 432.325
6.70974, 255.549, -50.1416
4.48328, 104.461, -152.392
6.508, -73.443, 1.53887
6.56811, 243.858, 33.3359
5.43493, -308.176, -221.317
4.64621, 216.84, 38.5474
2.5002, -87.0528, -248.887
5.31153, -475.081, 218.263
6.22632, 235.034, 56.0601
3.89846, 309.879, 91.722
2.93406, -351.276, 306.193
3.5733, 530.29, -487.627
3.93296, -277.481, 292.884
4.86595, -289.174, 378.836
6.95893, 480.602, 540.729
5.91955, 182.28, -323.876
3.54376, 299.965, -334.819
6.67533, 321.494, -108.246
7.09218, 527.379, 447.327
4.48244, -483.977, -167.541
6.37858, 257.117, 261.861
5.68161, -113.231, -262.829
6.64746, 232.512, 68.7374
3.40204, 188.941, -356.492
7.45927, 206.422, -294.636
6.70558, 25.1069, -272.008
4.65177, 259.894, 192.42
4.38589, 349.896, 506.631
2.70802, 289.084, -280.311
6.80715, -371.104, -287.127
6.62116, 464.017, -463.667
6.25052, 61.09, 332.661
3.55801, -148.998, 399.204
4.31029, -286.468, -118.247
4.43545, -376.173, -388.063
7.32918, 471.131, 403.863
6.5872, 42.2594, 429.596
4.5755, 136.77, 355.03
5.83759, 218.987, 83.7133
2.52101, 479.1, 347.674
6.98048, -484.172, 126.569
3.68416, -64.2374, 42.636
3.79415, 262.791, 54.4495
5.4939, 220.084, -312.192
6.89823, -213.235, -13.1021
6.16299, -378.949, -491.025
6.0773, 450.475, 379.52
3.57724, -421.496, 463.156
6.30413, 568.513, -424.931
3.85351, 129.596, -63.7253
2.75246, 204.793, 30.4656
4.78866, 229.268, 12.534
2.58759, 208.567, -241.92
3.01129, -133.418, 188.846
2.639, -71.381, 81.1855
5.65921, -161.185, -247.63
6.34425, 8.77501, -171.502
2.74132, 182.277, -329.429
6.6924, -58.0846, -242.312
6.76899, -238.585, -206.667
6.57649, -443.185, 463.701
6.85188, 383.971, 449.431
5.27222, -299.486, -263.259
6.12646, -160.051, -224.54
3.20424, 141.937, 353.461
6.6115, 223.269, -328.556
5.51185, 279.994, 154.554
4.93856, 218.273, -333.79
6.14942, -142.544, 325.747
4.05164, 464.681, -480.126
3.93925, -347.697, 185.197
5.45857, -432.005, 422.303
5.34055, 391.345, 453.542
5.41059, -370.904, -294.755
2.84132, -486.046, 337.499
4.34304, 132.734, 12.97
6.28475, -416.43, -390.282
6.35297, -482.029, -290.939
4.27217, -395.114, -175.387
5.98913, -47.6053, 347.991
5.08005, -292.706, -161.423
5.94494, 276.904, 74.4329
6.18066, 78.0653, 440.093
2.56231, -142.212, -281.679
7.16549, 234.565, 66.7188
5.37826, 277.389, 296.729
3.05587, 691.941, 700.462
4.87388, -144.352, -289.863
3.24247, 293.759, 24.2114
4.22594, 272.411, 249.246
7.04476, -455.596, 153.24
4.54571, 67.5748, 463.646
5.96642, -296.874, -238.751
3.35865, 195.885, -215.372
6.21715, 504.725, -449.957
4.16319, -453.641, 437.936
4.62157, 132.525, 65.7085
2.79523, 10.3761, -197.889
5.09005, 270.079, 192.231
5.94425, 168.102, -396.466
5.01149, -23.9224, -188.381
6.56617, -7.23197, -279.406
3.07974, -85.576, -235.437
5.24841, 252.433, -24.1655
5.06046, 281.028, 111.014
6.02649, 468.74, 356.416
5.65083, -140.38, 362.895
4.0207, -87.2444, -237.105
6.74719, 242.544, 52.3577
3.39619, 227.771, 29.3359
2.61737, -320.447, 45.5423
4.19467, 218.484, 23.4159
3.43818, 276.601, 170.039
6.60467, -2.29077, 7.79993
6.72507, -156.592, -218.306
6.78031, 579.217, -517.219
7.37454, -436.029, 424.493
2.99587, 238.662, -300.671
2.56182, 606.066, 509.671
2.58614, 220.27, 60.6195
2.64527, 215.361, 10.8063
4.1031, 67.2456, 25.2077
6.17815, 181.537, 57.7365
3.14876, 228.935, 23.2953
2.5161, -314.284, 259.26
6.91905, 18.5928, -284.868
3.70482, 211.22, -324.738
4.38481, -508.498, 439.946
4.44879, 200.172, 47.753
2.81534, 127.139, 70.6462
7.30792, 127.524, 274.779
3.75349, 394.916, -237.375
6.85376, -302.022, -237.516
2.85991, -563.007, 395.139
2.70653, -406.124, 681.713
3.46378, 267.74, -320.507
3.86708, -170.071, 255.137
7.4007, -408.703, -386.38
3.60607, 243.303, -300.411
6.43119, -402.635, 382.758
4.42306, 147.048, -124.267
3.78593, 358.526, -425.151
3.91087, -448.664, 157.957
7.33834, 305.148, -40.8607
4.22841, 136.656, 30.6365
3.45922, -317.87, 441.207
5.05037, -394.791, -127.507
5.21857, -229.175, 596.83
5.72333, -261.202, -454.258
3.89738, -192.498, 576.136
3.41887, -28.4, -232.741
2.71579, -391.615, 142.481
3.98408, -334.294, -146.806
4.25548, -51.3097, -2.85448
7.09372, -325.302, 490.576
5.81225, 249.852, -156.743
5.08041, 431.234, 365.901
4.03763, 260.212, 93.8726
3.0007, -56.0102, -11.1955
3.47502, 272.591, -282.53
4.11407, -35.6722, -102.413
5.56182, 180.588, 3.88851
5.13511, 478.269, -340.094
3.45653, 24.8732, -62.7032
4.7178, -370.765, -475.947
4.48693, -404.713, 460.329
6.28051, -342.513, 382.851
6.6213, 453.123, 317.899
5.51573, 144.224, 21.0746
3.04573, 170.454, -229.696
4.11797, 245.207, 77.0328
5.03403, 330.006, 6.84399
4.76521, -263.447, 402.289
4.77315, -32.5495, -238.155
4.91125, 477.556, 548.403
5.07896, 257.185, -336.68
4.50207, 24.3537, 332.685
4.22945, 447.377, 436.924
6.64533, 295.646, -53.5259
3.02204, -542.864, -42.7506
6.40057, 264.954, 208.208
3.19919, -142.777, -314.984
2.62171, -505.38, -434.96
6.0664, 184.305, -289.78
7.15538, -29.1433, -276.308
7.47667, 206.735, 37.5777
3.86264, -443.148, 139.01
3.6923, -318.961, -159.081
3.87328, 319.456, 626.549
5.70836, -375.677, -309.563
5.17637, 248.274, 35.2481
6.8967, 434.43, -287.189
6.75968, -420.971, -360.767
2.98004, 183.741, 12.9265
4.66818, -455.746, 178.044
3.17045, 29.5758, -251.174
5.86802, -132.052, 26.2505
5.34964, -166.07, -264.455
3.66474, -230.449, 698.154
5.50306, 259.407, -333.656
2.6551, -238.38, -299.248
7.08512, 262.46, -190.257
3.82958, 304.747, 79.4894
6.50016, -199.762, -258.145
5.46389, -32.4078, -246.461
5.0822, 318.843, -23.1698
5.2567, 248.854, 5.23139
3.47225, 284.86, 330.371
5.36152, -86.33, -196.002
3.81992, 258.839, 147.174
4.41648, -516.208, 546.224
2.73626, -385.284, -211.439
4.22823, 315.934, -365.216
3.61594, 286.721, -298.534
3.81264, -206.304, -174.777
3.05141, -92.3037, -240.42
7.40088, -309.961, -229.974
5.93794, 465.128, 410.011
5.82158, -397.127, -120.657
5.99501, -435.161, -355.397
2.68746, -323.987, -377.477
3.6706, -251.003, -115.266
3.95397, 414.558, 382.942
3.50543, 33.6417, -135.833
2.7177, 224.649, 72.4773
2.56571, -379.324, 318.915
6.07297, -399.024, 489.599
6.88348, -407.782, -300.303
5.35088, -440.82, 200.331
6.92743, 681.608, 670.086
5.20042, -326.706, -169.984
3.31357, 540.184, -464.181
3.30492, 488.398, 451.839
7.19182, 296.953, 26.6592
3.45628, 111.892, -299.655
3.15761, 298.591, -383.501
4.41122, -5.21188, -189.341
6.12674, 185.317, 101.001
2.50651, 528.452, 506.906
4.60222, -256.008, 378.881
5.18984, 242.985, 184.713
4.86596, -131.524, 169.913
6.33003, 455.124, 272.351
2.9396, 211.566, -350.992
7.04284, 211.164, 43.606
3.20818, -407.429, -721.063
2.54782, 253.545, -22.1226
2.82267, 319.74, 99.4674
4.96742, 230.315, 54.7329
5.40914, 476.766, 373.321
4.03373, -428.67, 407.96
4.57091, 224.647, 68.2372
4.33401, -348.489, -316.229
3.42687, 43.2688, 370.014
2.76788, 240.38, -24.998
4.47222, 243.018, 64.8263
3.98388, -55.8988, -55.86
5.05388, -485.234, 315.137
3.75392, -441.487, 197.992
5.01589, 492.248, 533.435
2.51168, 45.6234, 431.833
7.01807, 522.88, -460.86
2.79181, -445.565, -575.148
5.17506, -313.739, 383.016
3.95754, -507.215, 387.327
7.3023, -324.039, -188.33
4.73406, 270.089, 201.012
5.08479, 303.534, 95.8653
5.93861, 7.0182, -204.201
2.72187, -121.684, -70.0299
7.2946, -543.118, 519.856
5.70852, 295.366, 69.8958
2.80215, 242.594, -275.813
3.33964, 291.771, 67.01
5.76491, 241.841, 84.3874
6.19864, -496.641, -61.405
3.57011, 408.903, 271.722
4.31441, 190.996, -125.597
6.56981, -327.536, 354.968
5.32057, 398.327, -228.378
7.45886, 28.088, -265.806
6.5669, -475.131, 175.57
3.49157, -372.6, 95.8884
2.50003, 144.632, -270.137
4.62608, 590.152, -509.852
4.07406, 304.335, 89.2318
5.56218, 471.707, -404.508
3.83351, -122.124, -221.325
4.39881, -236.471, -301.53
5.43397, 274.499, 123.098
5.95636, -317.579, -294.821
7.26736, -83.8505, -245.985
4.89785, -278.694, -245.651
3.60319, -119.276, -245.906
5.33741, -370.685, -508.407
6.09873, 236.643, 49.0174
4.4953, -344.757, 459.516
3.48326, -318.835, 357.541
6.66971, -495.167, -234.92
5.59561, -575.963, -253.845
7.26866, -57.7038, -4.79143
3.23222, 4.13588, -78.8414
5.38953, -76.0545, -239.114
7.26796, -400.732, 444.867
3.62331, 686.752, -503.147
7.25137, -326.229, 371.645
3.07874, 340.944, -90.422
2.58372, 232.417, -22.3674
3.90465, -145.706, -260.903
7.15042, 203.313, 31.8783
3.04796, 488.816, 535.596
6.77266, 80.8435, 257.954
5.68532, -474.705, -200.204
5.63853, 222.168, -311.447
3.80589, 461.744, 305.116
5.13936, -436.656, 115.652
7.16608, -137.471, 335.707
3.98055, 176.595, 68.3762
4.78006, 244.665, -24.7369
6.35659, -296.381, -633.423
4.17193, 244.859, -13.8833
6.31775, 25.5311, -267.91
6.65892, 146.547, 372.229
2.64618, -489.07, 518.815
4.31315, 361.203, -35.3751
4.16221, 315.38, -72.8987
3.17675, -232.832, -114.421
3.00839, -195.691, 576.105
5.11327, -306.798, 313.505
3.52046, -166.582, -285.775
5.00728, -408.799, -252.832
5.1371, 119.017, 374.825
4.13422, 178.438, -288.723
4.75888, 109.965, -262.803
6.85263, 45.7197, 370.73
4.72884, 477.37, 286.105
6.03726, -546.565, -220.809
6.83171, 571.716, -514.402
6.5822, 296.363, 104.943
2.67504, 738.921, 492.165
3.8644, -290.557, -139.575
5.21858, -70.1064, -236.111
3.19942, -307.379, -197.457
5.57408, -389.182, -205.951
3.29182, -405.767, -516.749
4.41129, 356.512, 77.3792
5.94997, -44.8205, -3.98233
3.21128, -395.833, 444.593
5.65284, -449.433, 463.958
3.15973, 46.105, 333.538
7.13583, -467.212, 123.707
5.53465, -425.006, 373.839
5.50388, -435.421, 200.54
3.33635, 182.792, -336.398
3.301, -404.494, -723.745
5.91628, 232.322, 66.3949
5.1456, -305.071, -244.678
3.65264, 4.26339, 400.545
6.55373, -399.096, -273.812
5.76477, -148.282, -284.519
4.08597, -371.405, -380.028
2.53953, -196.139, -157.952
3.49176, 266.199, 410.61
3.78831, 349.288, 123.893
3.03825, 300.562, -50.8367
3.49545, 115.173, -21.44
6.75079, 712.336, -367.531
6.63912, -417.416, 104.38
6.76813, -377.991, -376.111
5.71027, -27.891, 465.402
3.6787, 596.623, -391.66
6.80638, -371.58, -271.984
5.4745, -144.003, 7.21009
2.52745, 301.395, 70.1487
6.84925, -426.386, -369.341
7.37729, 213.044, 42.4359
5.59653, 248.096, 128.992
3.85574, -420.986, 199.792
7.46973, -76.2919, -237.411
4.60751, -310.509, -559.995
4.20537, -473.866, -291.085
4.80717, 172.636, 116.712
4.44822, 142.678, -122.253
4.613, 189.256, 496.174
2.84879, 290.257, 59.6655
5.5153, 8.18691, -139.62
7.36114, -11.7084, -25.8622
5.07406, -361.319, -281.102
7.45461, 186.472, 30.4545
5.84906, 176.377, 148.528
4.01716, -239.325, -295.181
3.47371, 447.284, 381.304
4.0109, -470.608, -208.928
4.93946, -303.603, 251.969
4.72438, 491.42, 376.216
5.7844, 248.617, -331.079
3.74227, -459.123, -429.712
4.72007, 233.905, 340.171
5.75894, -311.78, -217.893
6.67472, -491.937, 180.97
6.03698, 44.7295, 351.662
4.93928, -58.5327, -308.348
6.72039, 254.359, 92.2977
7.00296, -301.587, -159.28
6.33082, -398.794, -261.386
5.29453, 355.701, 397.21
2.70603, 297.949, 46.7839
5.46749, 300.499, -69.6021
2.68674, -363.227, 368.071
4.53488, 256.687, -0.579192
2.84243, -394.209, -312.097
7.38558, -391.548, -217.1
2.5956, -348.093, -205.766
6.60363, -260.655, -156.538
5.2195, -530.743, 460.049
5.72828, 472.365, -205.311
3.62934, -19.3271, -184.604
2.733, 586.585, -581.11
3.63154, 162.269, -347.589
4.58371, -479.273, 292.533
6.40126, 246.281, -367.571
3.72852, -413.555, 197.027
4.81411, 193.809, -3.60511
6.14756, 250.259, 2.47601
5.35237, -455.077, 364.007
5.45997, 493.539, 546.836
4.98425, -378.355, 122.015
3.951, 309.271, 27.6799
4.71107, 12.9478, -166.917
2.53669, 559.145, -454.303
7.41683, 243.34, -201.299
2.52822, -350.874, -356.716
4.8676, 160.006, 251.835
5.86497, -222.545, -150.76
