6.27803, -2139.55, 1145.23
3.5948, 167.356, 1337.43
5.89648, 828.097, -307.172
5.09708, 151.902, 169.599
2.76731, 3709.09, -3882.91
2.53849, -956.853, 1025.29
4.58743, 5231, 3072.67
7.15218, 25.6548, 61.8503
2.95982, -443.794, 757.79
6.00595, 625.075, 406.582
3.81226, -63.8085, -151.45
4.14117, 221.172, -71.7014
7.45519, -83.9543, 8.34995
7.41275, 45.6795, -47.5602
5.75759, 822.356, 136.82
6.92354, 158.366, -56.5348
6.33247, -8.22657, -159.829
3.87453, -1659.38, -452.071
4.93259, -973.12, -743.099
2.80282, -4690.5, 1045.41
5.08146, 345.08, 36.6022
4.96988, -3316.79, 1159.91
7.23882, -58.3573, 73.4344
4.42071, 135.255, 64.5055
5.14874, -2633.47, 744.172
2.75042, -309.393, 3385.52
6.63909, -406.717, 17.1694
5.94228, -547.264, -318.226
6.18112, -321.194, -144.649
6.94286, -2586.52, -2380.44
4.25508, -163.591, 509.503
6.72991, 198.362, 163.103
3.84659, -335.085, -260.655
4.83959, 26.4976, 76.3533
3.2686, -125.326, -92.5269
2.66527, 263.164, 485.028
7.2768, -1289.37, -903.164
6.95369, 205.976, -553.847
3.29884, -1046.46, 200.631
3.15214, -140.878, 54.1912
2.515, 2149.36, -338.47
6.0491, -70.1908, -328.181
3.40448, 1245.55, 189.533
5.76029, 212.805, 44.553
4.42907, 545.65, 347.011
3.23766, 1055.71, 1328.07
5.45054, 78.2935, -249.911
3.24076, 2081.32, -1031.07
3.2091, -1752.47, -1112.14
4.94257, 494.397, 149.258
3.13015, -756.488, -382.589
5.64635, -430.868, 171.666
5.60817, 74.6558, -152.612
4.88216, 2352.66, -3254.75
2.64188, 593.453, 657.369
3.21011, 2891.68, -500.818
3.15594, -58.2303, -263.87
3.31099, 1181.81, -1775.85
3.76529, -740.61, 135.144
4.77654, -3267.21, 1729.24
6.54472, 277.971, 320.143
3.57624, 96.5436, -152.309
3.75063, 137.364, -87.7295
5.02978, -327.173, -762.025
6.27922, -4.01056, 86.6751
5.66369, -1102.47, -2409.97
5.9449, -1820.71, -1225.06
7.27207, -224.35, 26.5002
5.18713, 3326.16, -1693.67
4.57014, 74.0301, -649.927
4.70019, -280.232, -448.798
6.07821, -1390.78, -1577.03
6.20858, -1816.63, -1506.18
5.12494, -2296.61, 1931.79
6.06711, -15.2918, -43.6654
5.91025, -38.1121, 106.558
6.82941, 1594.31, -1211
3.19597, 770.996, 1316.68
3.57766, -137.77, 65.2843
5.0733, 614.046, 1227.43
4.83766, 66.4445, -253.345
3.55759, 2436.12, -2501.11
5.65244, 471.229, -302.89
2.5044, 1959.56, -2802.69
4.09589, -453.982, -2257.43
5.90281, -39.288, -72.6599
6.0446, 11.2479, -116.901
2.90869, 537.897, 347.309
3.56926, -776.105, -200.349
4.44412, 441.04, -151.274
4.44927, -2766.77, -981.613
3.92018, 85.6311, -297.795
4.6123, 11.3459, 15.9782
2.55658, -752.09, 38.3697
3.72027, -3475.5, 1887.81
4.49072, -1230.69, -2539.93
6.64177, -489.017, -284.675
3.78584, -375.602, 672.515
3.59705, -1194.81, -4.46941
6.47385, 152.69, 22.9232
5.8476, -460.904, 199.18
5.49108, 297.246, -344.268
5.99917, 1952.62, 1157.86
5.13062, 264.996, 26.8233
4.14833, 208.62, 444.464
3.30844, 3628.18, 617.282
6.56633, 59.3017, 109.298
4.08004, 504.382, 479.768
4.05369, -449.933, 120.383
4.65424, 29.2751, -126.51
4.46509, -210.776, 319.273
4.43916, 1.36052, 18.3615
4.34871, -113.862, 717.103
5.88118, 231.793, 84.3853
6.10384, 673.275, -149.729
7.20082, -1796.06, 516.528
5.08573, 46.1663, 40.6072
5.5282, 611.907, 408.178
5.85049, 1173.76, -1772.91
5.11404, 188.391, -229.49
3.87105, 443.669, -625.732
7.08924, 150.358, 29.5061
3.73367, -144.428, 21.2026
4.77876, 183.689, 893.543
3.30374, 102.993, -123.053
4.68319, 209.464, -115.241
7.45767, 206.523, 17.8157
6.26931, 2390.86, -2533.47
4.97846, 150.196, 211.579
7.01651, 137.119, -124.397
4.68213, -732.173, 40.9908
5.09239, 1554.38, -1327.6
4.44866, -1354.09, -2037.04
5.63431, 304.463, -45.4246
5.19331, 64.3146, 40.496
4.35955, -172.729, 593.365
2.54674, -222.262, 295.447
6.3794, 190.043, -212.29
2.85317, -357.349, -367.481
3.98511, 146.191, 548.156
4.78581, 236.272, -159.525
3.25156, -28.0657, 95.4923
5.97819, 86.7162, -169.46
4.15587, -321.459, -345.814
5.21197, -2108.74, 3756.33
2.64678, -2352.88, -1221.02
5.38086, 173.825, 92.7751
5.18133, 296.372, -236.238
7.36678, -559.079, 116.752
5.57063, 164.571, -40.029
5.26431, 1726.97, -2852.7
6.69051, 1070.38, 283.79
3.75764, 10.1246, -326.634
6.98957, 69.2956, -246.509
5.97428, -184.928, 70.7507
5.82752, -92.9716, 1800.9
3.06838, 162.256, 156.471
3.37987, -770.988, -782.399
2.91253, -909.511, 1618.62
6.68103, 171.061, 356.009
2.64818, -125, 2199.59
6.34719, 494.24, -184.075
4.29829, 254.022, -2429.1
6.24626, 791.235, -18.2168
6.28385, 44.0878, 81.2419
3.60834, 2035.4, -762.689
5.58305, 98.2886, 108.077
3.66846, -525.635, 123.704
6.22052, 42.1315, -2384.32
5.80997, -401.29, -716.858
4.9209, -2167.53, 3817.2
2.58972, 612.914, -179.191
4.98291, 35.6082, -308.706
5.09587, -45.8932, 32.3973
4.71395, 715.423, 2260.29
4.14528, -1777.19, 818.243
3.52671, 103.57, -123.016
7.19863, -144.778, 1291.59
2.85168, 1075.06, 1959.3
3.30042, 444.923, -191.047
6.70788, 389.954, -782.828
4.13614, 166.731, -473.87
6.85942, 983.589, 235.823
5.99896, 196.73, 79.7327
5.52801, -24.8522, 328.105
4.77536, -41.9569, 257.678
2.91543, 857.117, 778.81
3.94883, -2258.62, -863.656
6.51009, -58.9975, 62.912
6.81821, 225.748, 591.796
3.81831, -3061.48, 240.483
4.79881, -554.7, -229.174
4.95672, -64.6927, -226.463
5.82344, 1146.32, -1854.76
7.31738, 196.563, 20.8782
7.23022, 460.399, 232.07
2.81902, 1276.47, -445.333
5.04829, -862.253, -353.821
6.13222, 257.847, 78.8655
5.65882, 81.7325, 99.6148
3.26658, -0.628282, -25.0225
5.09652, 716.837, 2262.77
3.52281, 3741.37, -1221.11
6.03231, 291.898, -25.9274
6.05786, -701.192, 3962.87
3.66304, 211.43, -615.017
6.80594, 111.606, 13.8427
2.67122, -903.771, -3.40246
6.26587, -245.14, -70.8334
4.14789, -280.204, -282.165
4.65309, 3329.46, -752.393
7.33455, 263.165, 110.356
4.05803, -1438.38, -1245.4
5.69762, -3900.63, 13.0988
5.95386, 11.2153, 72.7073
5.36403, 429.232, -326.23
6.60667, -2115.62, 3730.97
4.21807, -2429.51, 1061.26
5.09387, 333.578, -304.258
6.78438, 523.571, -304.603
6.18587, 673.457, 1027.2
3.45992, -367.996, 176.443
2.83145, 23.8461, 76.5024
3.60828, -2854.64, 1783.9
3.33656, 188.111, -76.5187
6.31172, 181.695, 57.7712
5.44905, 1094.16, -1617.56
4.65223, -4061.48, -383.549
7.09618, 1563.03, -237.954
5.09668, -383.73, -957.263
7.38058, 308.759, -72.3424
5.15714, 167.66, -470.676
2.98716, -874.541, 1075.11
5.83983, -355.957, -445.775
5.44444, -544.254, 1993.27
5.01137, 483.869, 110.118
2.75808, 876.28, 897.633
2.6753, 266.612, -358.762
4.41484, 365.208, 32.1348
5.55555, -1749.96, -2139.91
5.06574, -4065.55, -378.166
5.98498, 151.488, 33.5194
4.89891, -71.2382, -110.456
3.88323, -4038.56, 72.1691
6.01685, -153.165, 2167.79
3.67701, 222.97, -166.832
6.41501, 330.33, 65.9892
6.60589, 1249.93, 62.7957
3.21842, 2464.66, 2297.43
5.75757, 453.818, -202.73
3.87677, -309.345, -1111.59
7.26215, 1799.74, -1024.71
4.58238, 62.4635, -54.8304
3.03869, -396.381, -241.395
4.70633, 15.9324, 18.4285
6.28811, 163.861, 108.487
2.77803, 578.045, 144.035
3.51241, 44.2411, -33.1566
6.82305, 122.134, 147.012
6.52456, -211.668, 95.5079
2.78861, 446.481, 1622.62
4.40304, 204.532, -157.067
4.56124, -258.91, -455.771
2.80071, 655.627, -8.24952
7.09746, -1073.19, -1016.48
3.35398, -133.564, -87.7654
6.51634, 367.726, 20.0025
3.88599, 881.607, -363.039
4.44586, 67.7861, -104.068
7.19936, -1559.98, 514.274
6.24573, 100.213, 2152.82
3.44774, 2573.02, -2807.08
6.89581, 356.548, 65.5111
6.8953, 248.566, -52.0616
3.30515, -81.8942, -401.926
5.87346, 925.583, 315.582
6.89096, -75.8855, -97.4113
6.98262, -648.832, 2650.22
3.06535, 132.038, 87.3283
5.93789, -513.087, -565.674
3.21651, 645.662, -18.0061
3.6901, 632.806, -128.75
5.64383, 2114, -1430.77
4.312, -14.329, -340.452
4.64437, -1414.65, -1233.55
4.91936, 1254.76, -1368.2
6.20379, 73.7053, 647.491
3.23098, 32.6152, -299.786
7.36238, 23.4361, 23.7676
7.3158, 355.99, -19.2803
3.14741, 1951.44, -1356.5
5.3784, 399.675, -4.9621
4.66439, 589.476, 132.283
5.50066, 135.624, -133.12
5.85098, -71.9124, 246.539
4.5137, -2283.06, -737.37
6.46691, -1387.01, -1262.01
4.89889, -2440.98, 1402.66
5.72449, -712.537, 692.923
4.28836, 3798.67, -638.831
5.96794, 96.9296, 292.597
5.83428, -310.682, -426.636
3.22071, 554.795, -296.845
7.10415, 208.662, 81.2391
4.22228, 913.122, 2789.29
6.66824, 79.3496, 13.6968
2.74349, 234.232, 247.604
3.27936, 972.195, -1445.65
2.55765, -95.5664, 31.5138
3.94327, 336.825, -40.5155
5.07295, 478.878, -356.089
3.65948, 662.017, -2593.03
2.75022, 374.382, 600.26
5.33091, 229.442, -72.3395
6.69774, -357.063, 78.0096
4.28763, -216.522, -386.506
4.3452, -45.877, -507.898
7.22226, -144.402, 16.619
4.72425, -1431.62, 252.949
6.82086, 111.079, -142.26
5.82654, -61.5976, 626.988
5.79297, 255.316, 149.661
7.10736, 2017.21, -1513.35
5.11536, -2304.02, 1936.76
5.45229, 272.87, -66.7555
5.79944, -292.592, -2070.15
4.24765, -1429.68, 908.085
4.11714, 241.912, -414.63
7.08984, -74.4545, -363.324
3.08619, -3333.44, 1159.9
7.31268, 508.171, -73.9328
5.17978, 129.504, 307.463
5.81447, 864.074, 274.967
5.48362, -3399.04, 1536.21
6.93363, -410.732, -975.508
6.67999, -11.9697, -160.073
6.69339, -3.51794, -234.137
6.85642, 45.6673, -307.207
2.5002, -72.8885, 1755.85
4.77274, -410.639, -1415.27
4.25696, 1626.53, 32.6018
5.80713, 3281.22, -2633.78
6.22234, 635.194, -307.166
3.3821, -753.907, -3002.74
7.4621, -1052.13, 1314.09
5.95466, -571.538, 107.888
6.97862, 119.166, 228.77
3.51579, -1150.75, -286.031
7.2356, -256.99, 200.37
4.88476, -3173.78, 1669.77
6.78578, -2858.91, 1784.85
6.41237, 446.29, 349.26
5.70687, -2241.34, 2164.47
3.14521, 157.737, 851.732
5.77944, -107.641, -47.4453
3.09199, 97.981, 48.9525
3.88793, 2095.14, 446.852
6.65548, 262.104, 2012.53
6.14153, 2635, 3367.19
6.74348, 2931.87, -2186.92
3.43989, -768.018, -553.517
6.09602, 149.318, 38.6651
4.25586, 94.5106, 369.925
3.34555, 239.43, 377.365
4.52383, -3096.04, 403.003
4.20924, 243.977, -27.3241
6.67141, 57.0124, -13.451
3.9111, -2343.62, -3798.71
5.16766, 2356.51, 1450.74
6.25085, 629.195, -1105.21
4.62554, -174.809, 50.6285
4.66964, 1361.23, -38.4584
3.03022, -2519.98, -1553.48
6.4639, -230.402, -52.505
3.91232, -134.663, 294.737
7.14264, 2630.81, 3800.39
5.37926, 138.172, -181.005
3.4895, 549.16, -22.379
5.99081, -401.981, -287.78
3.07265, -659.94, -245.396
4.22945, 214.772, 757.775
4.15646, 10.1298, 129.211
6.42735, -3409.64, 1562.09
6.65775, 110.174, 8.80709
4.21712, 935.166, -446.638
4.2603, -283.317, -49.5327
6.38197, 216.969, 202.552
6.58658, 755.282, -161.865
4.26157, -28.9742, 308.272
7.09559, 63.5744, -75.7598
3.2877, 545.404, 475.648
5.56029, 951.175, -260.087
5.54222, 74.9836, -89.2541
3.16647, 1993.4, 2175.83
3.51409, 2409.75, 3366.68
4.79457, 102.738, 80.4829
3.48759, -695.061, 1161.99
6.77118, -62.1718, -210.062
6.54562, -332.634, -463.228
2.80131, 1680.95, -1326.31
6.50584, 1099.72, -3172.56
5.49597, 197.217, 85.6367
7.43182, 283.594, -44.2736
2.65919, -983.362, 280.247
6.8356, -2112.38, 2567.41
3.69109, 41.8484, -284.555
3.6127, 685.395, 428.892
4.73907, 4206.76, 1955.67
2.61231, -253.698, -4.77077
6.79755, 83.0422, 126.405
4.15902, 438.475, -2949.78
5.72195, 626.394, -91.0194
7.43521, -461.954, -54.8445
5.30162, 90.3365, -147.111
4.74553, 88.3823, 99.9527
5.213, -147.957, 38.5173
2.90797, -413.951, 200.775
3.99606, 1358.1, 1961.78
6.63964, -2563.68, -501.626
6.48936, -2638.87, 1037.1
5.71048, -67.6731, -106.912
4.84105, 219.214, -291.942
7.15326, 566.019, 1682.97
5.08798, -374.384, 117.067
7.42924, -2755.25, 1759.22
5.94567, 35.32, 18.2454
6.19966, 322.11, 107.906
3.46323, 1199.52, 1085.23
6.08881, 1965.7, -1292.44
6.11146, 1042.79, 424.059
6.49298, 170.508, -288.451
4.23216, -3235.59, 270.695
5.1481, -588.019, -283.241
3.19001, 1012.62, -779.911
6.73218, 235.048, -81.7919
6.32766, -728.151, -421.426
7.5, -3404.25, 1534.74
4.24891, -4680.56, -1599.47
5.50367, 1083.74, 20.8629
3.50808, -259.682, 2439.16
6.2385, -2386.57, 394.913
6.49225, -261.687, -332.453
3.03505, -134.589, -633.892
5.35813, 161.124, 5.73327
2.84683, -3362.96, 1168.95
4.16036, 255.902, -121.335
5.80945, 160.81, -171.49
5.27726, 368.587, 2611.14
7.12415, 44.3929, -258.483
2.69832, 227.603, 1875.01
2.62083, 976.536, 1096.95
4.61923, 388.046, 83.333
4.36987, -688.139, -140.085
2.93303, 2216.18, 2149.15
3.05403, 363.785, 288.212
5.31992, -3031.67, 110.292
7.37269, 11.3052, 91.056
3.05066, 6.36021, -2601.97
5.99352, -2057.52, -2287.72
2.79674, 266.005, 1181.03
4.69755, -143.172, 101.095
5.24651, 239.079, 44.8312
3.45129, 309.585, -106.727
7.36597, 173.625, -105.994
3.19593, 161.196, -138.445
5.48978, -2109.82, 302.722
7.12812, 207.17, -443.046
3.91116, -120.05, -28.7155
6.8307, -6.18721, 296.974
6.29598, 898.674, -1191.21
6.10793, 243.045, -278.58
3.34241, -70.4637, -535.527
3.32882, 500.276, -1716.22
3.39076, 161.065, -39.821
5.87226, -109.972, -111.464
4.83484, 220.27, 129.252
6.85219, 254.151, 128.13
5.76023, 489.787, -65.6147
5.80464, 866.806, 272.078
2.58037, -113.956, 551.026
4.30596, 3629.27, 2123.68
3.72747, 250.094, -640.381
6.93086, 623.002, 948.248
5.23701, -4556.92, 73.0206
6.57209, -80.2933, -290.753
5.24453, -891.452, -219.054
4.16156, -252.685, 170.531
4.40213, -1268.88, -2208.64
2.52389, 510.09, 28.2895
6.95226, 194.12, -13.6809
6.16955, 128.989, -17.331
6.04239, -517.011, 165.968
5.1278, 1477.16, -1830.31
6.41065, 240.461, -472.501
3.42484, 349.883, -99.4417
5.72673, 104.014, 59.243
3.42178, 207.474, -16.99
3.31214, -1185.86, 575.683
2.65594, 1212.57, 961.715
7.42716, 79.1525, -92.3073
4.04559, 72.7471, -3.52705
4.11075, -329.834, 54.6957
5.51155, 181.327, 63.9074
2.89107, 3366.62, -502.343
3.93936, 169.61, 215.768
5.79307, 472.563, -887.032
7.36348, 277.72, -51.596
7.27758, 2574.08, 976.753
7.42745, 186.724, -67.713
7.30478, 176.821, 71.5515
3.0073, 20.5725, 430.792
3.71505, 858.556, -298.997
6.91151, -449.274, 118.163
5.28805, -125.436, -302.704
6.7669, 82.3398, -71.5203
7.49145, 629.925, -125.964
3.99751, -2878.87, 1376.87
6.33157, -5168.37, -1738.56
4.81901, -117.934, 316.564
6.8168, 494.2, 147.049
6.99018, 253.04, 177.577
7.377, -418.299, -187.738
2.77405, 150.475, -65.9362
6.32605, 103.289, 260.234
5.09219, 1153.53, -1798.75
3.46574, 363.263, -158.365
6.98252, -44.5042, -432.848
6.38492, 413.004, -8.40776
2.75968, 230.705, 184.6
7.47331, 1269.21, -1792.45
5.93659, 169.714, -516.342
5.94854, 886.818, 296.893
6.57666, 2015.26, -870.829
7.05426, 168.591, -7.4581
3.34218, 1532.18, 3257.18
5.24183, 1987.86, -1343.77
6.53351, 93.3129, 0.851696
4.17803, 464.348, 349.916
5.53435, -336.504, -404.519
6.59602, 955.378, -1710.41
7.3485, 570.294, 58.002
6.29349, 222.747, 446.746
3.72113, 55.9507, 331.489
5.80589, 19.3997, 69.841
4.21574, 995.888, 413.663
7.27146, 39.3419, 106.328
2.60828, 1755.51, -2247.72
4.54979, 820.989, -302.587
2.55789, -2204.32, 2440.72
3.04964, 207.579, 278.974
5.28259, 728.266, -995.666
4.45466, 347.567, 7.60802
7.20539, 208.29, -44.6464
2.55572, 202.175, 487.961
6.22897, 286.417, -759.51
3.84293, 11.0131, -300.127
4.27153, 156.759, 59.5678
3.45835, 3776.86, -3891.1
5.14832, 331.516, 161.14
4.39478, -614.77, -3322.31
3.16407, 273.06, -237.886
4.26563, -99.9995, -271.33
4.2497, -3286.82, 1646.16
7.41084, -1802.63, -1227.35
5.25961, -315.533, -262.119
4.99918, -1712.77, -457.541
3.58531, 1171.74, -1853.46
4.37311, 59.4535, 94.3402
6.78251, 1963.57, 1720.77
6.45578, -1847.19, 3685.6
3.9204, 1963.46, -2339.86
5.07645, 930.566, -247.174
6.79238, 140.651, -244.681
7.07844, -296.215, -8.62596
7.48941, -1392.81, -1259.86
6.53177, -490.349, -109.338
5.22718, 664.747, 444.611
7.3461, -126.223, 355.507
5.31931, 942.826, -133.703
4.03031, 489.777, -980.766
5.41853, 213.671, -151.18
2.91197, -182.603, 462.779
5.47382, 207.044, -26.9938
3.31968, 1764.84, 3242.34
6.46527, -155.032, -688.752
2.95373, -711.789, 1118.27
6.3072, -0.131566, 204.234
6.83996, 114.714, 20.1697
6.40105, 318, -322.513
6.61399, -1614.58, -347.552
6.70974, 86.6218, -176.048
4.48328, 518.057, 325.886
6.508, 230.864, -123.459
6.56811, 18.7015, 99.3395
5.43493, 626.245, 1301.6
4.64621, 0.936586, 117.807
2.5002, -53.3747, 38.1867
5.31153, 259.189, 2.21301
6.22632, 113.196, -415.481
3.89846, 2294.9, 1283.39
2.93406, -463.756, -3142.45
3.5733, -113.496, -371.687
3.93296, -447.822, 28.3938
4.86595, -338.62, 14.4999
6.95893, -1388.15, -1287.36
5.91955, -168.233, 4.68713
3.54376, 260.782, -89.0315
6.67533, 40.6238, 24.6664
7.09218, 573.749, 323.314
4.48244, 31.0331, -305.534
6.37858, 1354.53, 440.141
5.68161, 17.5003, -78.172
6.64746, 44.3829, -149.122
3.40204, -246.619, -141.448
7.45927, 76.3289, -133.643
6.70558, 367.869, -180.564
4.65177, 439.847, 379.212
4.38589, 415.516, -110.062
2.70802, 259.022, -254.615
6.80715, -236.482, -475.407
6.62116, -2742.28, 1870.28
6.25052, 1103.25, 1195.56
3.55801, 240.616, -142.822
4.31029, 63.493, -62.0646
4.43545, 123.601, 24.9116
7.32918, -2239.65, -1441.79
6.5872, -248.836, -320.836
4.5755, -353.249, 95.127
5.83759, 159.003, 391.666
2.52101, -2751.78, 2677.41
6.98048, 200.689, -165.187
3.68416, 466.829, -148.819
3.79415, -332.933, 151.962
5.4939, -424.336, -297.635
6.89823, -864.178, 37.6457
6.16299, 96.5741, -111.717
6.0773, -618.162, -190.964
3.57724, 3928.65, -181.666
6.30413, -2781.87, 2158.92
3.85351, 546.752, 91.9312
2.75246, 342.035, 141.799
4.78866, -980.601, 480.997
2.58759, -146.188, -236.222
3.01129, 3777.75, -2477.58
2.639, 857.223, -426.158
5.65921, 8.50459, 195.321
6.34425, 98.1578, 84.7533
2.74132, -315.776, -262.261
6.6924, 565.739, 782.963
6.76899, -123.775, -41.809
6.57649, 233.197, -231.148
6.85188, 144.54, -2836.93
5.27222, 371.268, 77.8579
6.12646, 3.18206, 1172.92
3.20424, -3024.5, 2357.52
6.6115, 159.425, 96.7973
5.51185, -1743.45, -2139.55
4.93856, 229.955, -127.18
6.14942, -441.247, -258.883
4.05164, -1500.4, 844.317
3.93925, -237.845, 454.882
5.45857, 1589.35, -1946.3
5.34055, -2107.8, 1154.54
5.41059, 2029.98, 1425.4
2.84132, 259.026, -345.309
4.34304, -1488.99, 22.3236
6.28475, 335.761, -335.494
6.35297, 775.637, 2074.76
4.27217, 148.158, 423.396
5.98913, 20.3083, 78.8703
5.08005, 1565.69, 919.121
5.94494, 263.738, -46.5933
6.18066, -1493.7, -1043.58
2.56231, -1838.86, -1529.08
7.16549, 163.124, -219.707
5.37826, 605.286, 161.37
3.05587, -236.222, 586.67
4.87388, 86.2374, 140.692
3.24247, 1250.62, 83.2574
4.22594, -5502.3, -1258.91
7.04476, 77.4698, -99.0339
4.54571, 2024.36, -896.194
5.96642, 161.485, -123.103
3.35865, 81.1825, 125.614
6.21715, -2961.84, 1094.62
4.16319, 64.1194, 72.9222
4.62157, 84.2927, -59.2297
2.79523, 5.58208, 545.157
5.09005, 227.806, 89.0983
5.94425, 161.131, 141.7
5.01149, 238.033, 95.7974
6.56617, 92.4257, 41.4415
3.07974, 198.71, -175.465
5.24841, 1097.62, 294.11
5.06046, 167.781, -231.133
6.02649, -1391.99, -1279.65
5.65083, 33.1361, 6.29801
4.0207, 634.629, 511.359
6.74719, -25.4365, -105.285
3.39619, 986.477, -1639.82
2.61737, 163.191, 229.956
4.19467, 386.479, -127.88
3.43818, -1500.19, -1092.69
6.60467, 192.484, 6.66203
6.72507, 69.173, 2258.24
6.78031, -2121.49, 1295.78
7.37454, 244.391, -152.978
2.99587, 475.373, 56.3948
2.56182, -2434.74, -1932.43
2.58614, 46.3661, -446.212
2.64527, 268.037, 478.194
4.1031, -1433.07, -1467.89
6.17815, -2087.46, 1145.26
3.14876, -376.231, -490.038
2.5161, -1375.82, -216.329
6.91905, 463.732, 66.4787
3.70482, 353.958, 164.613
4.38481, 344.688, 47.3328
4.44879, 83.5274, -213.901
2.81534, 2319.26, 894.788
7.30792, -49.893, 26.3448
3.75349, 140.163, -305.6
6.85376, 152.744, -235.931
2.85991, 1834.71, -2546.45
2.70653, 2192.62, -1642.99
3.46378, 396.313, -147.564
3.86708, -1220.8, -1637.88
7.4007, 92.4708, -70.54
3.60607, 736.997, -3253.49
6.43119, 1178.8, -1772.34
4.42306, 216.213, 307.12
3.78593, -1963.72, 2142.34
3.91087, 325.823, -276.499
7.33834, -222.792, 137.273
4.22841, 254.117, 100.724
3.45922, 181.99, 68.3825
5.05037, 271.2, -30.2531
5.21857, 770.965, -2921.51
5.72333, 147.758, 302.628
3.89738, 593.475, -277.815
3.41887, -185.706, 3.82845
2.71579, 1626.62, -1952.74
3.98408, -2.09118, 97.2937
4.25548, 1247.16, -452.084
7.09372, -200.229, 4.63337
5.81225, -217.731, 27.2789
5.08041, -1434.9, -1254.84
4.03763, 126.085, -166.785
3.0007, 1397.91, 1462.86
3.47502, 136.172, -11.9755
4.11407, 1995.46, 2206.12
5.56182, 522.478, -11.6822
5.13511, 1336.78, -723.541
3.45653, -417.097, 1055.71
4.7178, 3521.73, 2017.55
4.48693, 4030.9, -785.342
6.28051, 283.849, 182.344
6.6213, -353.992, 38.9104
5.51573, -39.4063, -896.289
3.04573, 294.408, -311.584
4.11797, 1812.51, -403.612
5.03403, 54.253, 6.53399
4.76521, 240.725, 880.909
4.77315, -54.3572, 362.016
4.91125, -143.744, -46.8084
5.07896, -2942.89, 534.752
4.50207, -1482.25, -1053.13
4.22945, 144.919, -62.5748
6.64533, 21.0938, 688.93
3.02204, 1798.92, -771.911
6.40057, 280.317, 9.92861
3.19919, 57.1293, 4.52868
2.62171, 2412.72, 2804.71
6.0664, -215.539, 948.522
7.15538, 104.523, 300.605
7.47667, 201.847, 81.3939
3.86264, 15.0643, -185.592
3.6923, -1393.03, 542.137
3.87328, -229.218, -2076
5.70836, 257.115, 201.244
5.17637, 230.938, -57.7954
6.8967, -1845.68, 3129.36
6.75968, 213.915, 256.662
2.98004, 55.1064, 603.209
4.66818, 68.453, 2.33221
3.17045, -197.578, -149.699
5.86802, 79.7241, -107.063
5.34964, -91.947, -219.982
3.66474, 126.437, -1218.67
5.50306, 295.692, -55.4244
2.6551, 670.242, 3.55939
7.08512, 100.436, -353.344
3.82958, 460.514, 455.814
6.50016, 152.025, -36.6212
5.46389, 214.964, -40.3585
5.0822, -249.477, 61.9294
5.2567, 628.619, -390.963
3.47225, -29.9944, 282.953
5.36152, -1935.6, -275.622
3.81992, -429.495, 3971.38
4.41648, 1650.78, -3535.59
2.73626, -77.999, -287.353
4.22823, 187.795, -95.8808
3.61594, -1979.75, 4511.82
3.81264, 221.43, -13.8043
3.05141, 287.122, 168.971
7.40088, 75.5763, -387.159
5.93794, -625.172, -194.106
5.82158, 36.4981, 110.047
5.99501, 263.513, -179.109
2.68746, -12.687, -122.799
3.6706, -3.13043, 56.0288
3.95397, -3352.49, -5054.94
3.50543, 232.356, -179.549
2.7177, -1707.15, 2426.19
2.56571, 744.949, -298.789
6.07297, 3738.84, -1221.52
6.88348, -208.056, -281.667
5.35088, 1158.62, -2249.19
6.92743, -1875.44, -2058.77
5.20042, -547.6, 255.654
3.31357, -1369.18, 432.408
3.30492, -1791.38, -1513.38
7.19182, 131.251, -147.785
3.45628, 390.762, -193.955
3.15761, -2045.88, -10.332
4.41122, -323.136, 364.865
6.12674, -537.347, 1997.36
2.50651, -4060.82, -382.226
4.60222, 2893.69, -1679.11
5.18984, 743.425, 121.62
4.86596, -139.264, -391.878
6.33003, 746.308, -535.987
2.9396, -314.374, 19.3533
7.04284, 74.0026, 159.816
3.20818, -274.853, 626.862
2.54782, 110.513, -219.043
2.82267, -115.768, -343.095
4.96742, 251.711, -78.9857
5.40914, 89.4381, -96.6755
4.03373, 2336.01, -4155.58
4.57091, -126.96, -311.911
4.33401, 705.99, 903.486
3.42687, 222.127, -1915.88
2.76788, -1646.07, -1770.38
4.47222, 197.059, -47.2933
3.98388, -65.4007, -213.246
5.05388, -252.882, -311.692
3.75392, 1456.05, -2487.89
5.01589, -411.408, 803.509
2.51168, 1097.73, -489.795
7.01807, -3402.65, 1550.75
2.79181, 2273.31, 2171.16
5.17506, 75.8717, 2150.43
3.95754, 1911.51, -904.229
7.3023, 125.76, -82.6249
4.73406, -2243.39, -993.282
5.08479, 353.115, 37.5983
5.93861, -549.136, -140.252
2.72187, 141.793, 466.583
7.2946, 2412.35, -1813.88
5.70852, -104.391, -165.719
2.80215, 115.869, -261.488
3.33964, 325.044, -23.6526
5.76491, -240.318, 87.9363
6.19864, -66.3566, 1760.58
3.57011, -373.553, 230.363
4.31441, 335.134, -1552.73
6.56981, 474.969, -301.835
5.32057, 40.4876, -111.634
7.45886, 123.438, -88.3577
6.5669, 259.463, 331.805
3.49157, 2082.1, -2749.21
2.50003, -37.8374, 0.124636
4.62608, -2119.99, 2581.72
4.07406, 1465.66, 851.497
5.56218, -2375.12, 342.828
3.83351, 145.797, -146.267
4.39881, 756.807, 577.121
5.43397, 270.255, 310.525
5.95636, -648.215, -432.18
7.26736, 297.164, 53.1449
4.89785, -228.682, 733.988
3.60319, 297.442, -270.006
5.33741, 565.804, 281.965
6.09873, 104.719, -126.066
4.4953, 1622.36, -153.885
3.48326, 556.973, -295.346
6.66971, 231.88, 188.219
5.59561, 366.796, -781.696
7.26866, 313.19, 142.847
3.23222, 624.081, 92.5746
5.38953, 6.63993, 17.7808
7.26796, 235.743, -140.352
3.62331, -3225.26, 1617.79
7.25137, 127.959, 76.5937
3.07874, 1169.36, -565.369
2.58372, 78.6269, -10.1393
3.90465, -105.984, 481.288
7.15042, 438.613, -344.939
3.04796, -1083.95, -477.854
6.77266, -391.486, -451.401
5.68532, 573.116, 383.907
5.63853, 266.175, 382.447
3.80589, -504.08, 1257.07
5.13936, 345.066, -168.97
7.16608, 659.081, 448.296
3.98055, -850.375, 214.338
4.78006, 253.678, -130.938
6.35659, -554.875, 2877.97
4.17193, -1218.94, -2385.66
6.31775, 219.033, 36.5366
6.65892, -1539.81, 1528.89
2.64618, 1747.55, -1033.63
4.31315, -15.5019, 216.88
4.16221, 248.88, -350.978
3.17675, 1159.06, 891.208
3.00839, 825.688, -2545.34
5.11327, -66.5539, -134.892
3.52046, 251.196, -200.339
5.00728, 305.47, 598.203
5.1371, -3024.77, 1891.95
4.13422, 138.51, -33.6616
4.75888, -217.305, 682.238
6.85263, 816.765, -142.507
4.72884, -1.0692, 100.791
6.03726, 363.655, 301.034
6.83171, -1444.67, 292.878
6.5822, 434.025, -116.828
2.67504, -2360.44, -925.597
3.8644, -492.483, 1657.65
5.21858, -759.591, 486.68
3.19942, 1825.36, -378.073
5.57408, 57.7031, -100.29
3.29182, -333.027, -334.697
4.41129, -96.4705, -292.755
5.94997, 280.394, 197.671
3.21128, 2607.55, -52.0686
5.65284, 186.027, 58.2172
3.15973, -2061.64, -1300.91
7.13583, 251.574, 126.649
5.53465, 3180.27, -4873.47
5.50388, 371.054, -566.087
3.33635, -41.8324, -61.8153
3.301, -625.111, 1323.51
5.91628, 120.562, 71.9604
5.1456, -174.165, -287.397
3.65264, -1484.99, 760.726
6.55373, 51.3046, 28.9995
5.76477, 79.1952, 56.0648
4.08597, 312.952, -142.842
2.53953, 310.649, 152.063
3.49176, -92.9826, -769.831
3.78831, 332.612, 392.887
3.03825, 584.899, 440.013
3.49545, -122.372, 313.039
6.75079, -3490.38, 1881.48
6.63912, 367.535, -1.75799
6.76813, 95.8603, 8.5532
5.71027, 188.538, 80.5577
3.6787, -1859.4, 1929.58
6.80638, 7.20391, 126.331
5.4745, 192.354, 310.91
2.52745, -1497.25, -1097.41
6.84925, -399.206, -716.952
7.37729, 141.15, -187.31
5.59653, -1391.03, -1289.49
3.85574, 475.47, -38.6058
7.46973, 16.5759, -71.4586
4.60751, -1133.11, -82.8356
4.20537, -379.718, 32.3852
4.80717, 246.264, -301.101
4.44822, -738.352, -2057.78
4.613, -3044.73, -618.392
2.84879, 135.41, -2.98538
5.5153, -135.198, 189.357
7.36114, -144.374, 27.9897
5.07406, 110.939, 308.946
7.45461, 169.14, -252.509
5.84906, -1531.64, -3706.04
4.01716, 373.663, 169.929
3.47371, -624.88, -202.526
4.0109, 560, 286.417
4.93946, 226.274, -138.746
4.72438, 256.042, -32.7201
5.7844, 130.46, 12.6302
3.74227, 3629.84, 2122.86
4.72007, -1037.58, -968.97
5.75894, 70.1876, -258.689
6.67472, 214.814, -151.576
6.03698, -168.376, -293.892
4.93928, -292.942, 262.125
6.72039, 146.515, -113.683
7.00296, 181.183, -149.56
6.33082, 254.777, 110.15
5.29453, -393.173, -380.168
2.70603, -57.3426, -128.195
5.46749, 973.404, -274.989
2.68674, 144.795, -2586.22
4.53488, 231.953, -481.514
2.84243, 491.115, 399.014
7.38558, 302.554, -331.714
2.5956, 1485.02, 2084.81
6.60363, 141.364, -17.006
5.2195, 2522.56, -1973.93
5.72828, 526.386, 49.7018
3.62934, -92.2601, -231.858
2.733, 256.328, 1977.01
3.63154, -163.105, 498.502
4.58371, 180.66, -1776.62
6.40126, -25.6228, 58.2387
3.72852, 950.714, -1706.2
4.81411, 10.326, -49.5034
6.14756, 351.961, 168.435
5.35237, 3387.65, -468.958
5.45997, -353.402, -780.906
4.98425, -68.966, -250.264
3.951, 134.31, -120.863
4.71107, 265.213, 113.486
2.53669, -1828.65, 4011.36
7.41683, 158.96, -128.016
2.52822, 158.389, -5.69268
4.8676, 1410.35, 657.294
5.86497, 2289.36, 3853.06
