6.27803, -3063, 1786.53
3.5948, -5.62795, 1329.84
5.89648, -50.0442, -4.54182
5.09708, 171.511, 131.717
2.76731, 5806.95, -5929.4
2.53849, -2018.07, 2282.03
4.58743, 8100.83, 4798.46
7.15218, 81.4817, -20.1504
2.95982, -77.73, 137.578
6.00595, -72.4677, -241.485
3.81226, 618.971, 108.251
4.14117, 48.3917, 46.123
7.45519, 822.12, -584.892
7.41275, 226.158, 37.0625
5.75759, -291.039, -232.884
6.92354, 243.08, -59.9397
6.33247, 500.5, -90.9523
3.87453, -2333.03, -816.58
4.93259, -1394, -1004.55
2.80282, -7339.25, 1824.19
5.08146, 29.9566, -118.718
4.96988, -5147.86, 1897.52
7.23882, 613.391, 35.2138
4.42071, 152.427, -56.6707
5.14874, -3913.85, 1034.78
2.75042, -317.313, 5163.58
6.63909, -186.88, -152.028
5.94228, 642.572, -80.942
6.18112, 773.369, 31.4194
6.94286, -3845.15, -3374.68
4.25508, -427.578, 440.174
6.72991, 245.496, 271.744
3.84659, 709.094, -133.644
4.83959, -289.375, 706.13
3.2686, 509.011, 92.3867
2.66527, 621.113, -395.029
7.2768, -1393.06, -1011.27
6.95369, 364.77, -410.022
3.29884, -557.495, 439.443
3.15214, 1473.83, -744.548
2.515, 3104.18, -541.299
6.0491, 86.0077, -204.34
3.40448, 839.005, 196.48
5.76029, -865.739, 330.377
4.42907, -210.505, 29.5919
3.23766, 1336.88, 1477.17
5.45054, 767.125, 416.958
3.24076, 2864.71, -1362.11
3.2091, -2354.16, -1365.82
4.94257, -417.26, -178.248
3.13015, 47.2125, -739.986
5.64635, 959.515, 119.316
5.60817, 73.2573, 19.7247
4.88216, 3529.58, -4870.83
2.64188, -242.365, -205.83
3.21011, 4259.23, -637.634
3.15594, -12.0997, 29.8987
3.31099, 1540.11, -2321.6
3.76529, -524.129, 226.208
4.77654, -4881.39, 2399.42
6.54472, -36.5916, -840.511
3.57624, 275.864, -162.784
3.75063, 223.924, -28.4765
5.02978, -1027.15, -1891.76
6.27922, 148.884, -86.8242
5.66369, -1681.12, -3449.02
5.9449, -2243.76, -1655.18
7.27207, 339.644, -561.331
5.18713, 5069.04, -2570.46
4.57014, 109.917, -2069.31
4.70019, -431.652, -607.2
6.07821, -1820.56, -1830.26
6.20858, -2606.56, -1987.93
5.12494, -3344.98, 2698.08
6.06711, 155.858, -89.9152
5.91025, 72.8671, -145.316
6.82941, 2059.1, -1657.23
3.19597, 557.643, 1719.24
3.57766, 115.286, -97.1612
5.0733, 1178.42, 2111.7
4.83766, 195.679, -96.5944
3.55759, 3774.1, -3840.36
5.65244, -256.574, 459.264
2.5044, 2981.94, -4290.59
4.09589, -754.772, -2763.05
5.90281, 204.034, -54.9423
6.0446, 294.57, -24.2789
2.90869, 383.793, 132.789
3.56926, -499.671, -418.505
4.44412, -136.278, -243.568
4.44927, -3886.25, -1325.43
3.92018, -21.2466, 633.877
4.6123, 189.178, 76.9948
2.55658, -2055.51, -106.812
3.72027, -5284.96, 2798.25
4.49072, -2021.42, -3520.66
6.64177, 401.241, 87.3564
3.78584, 449.088, -281.629
3.59705, -1271.48, 475.37
6.47385, 231.675, -75.0858
5.8476, 1073.18, -376.026
5.49108, 266.2, 676.835
5.99917, 2589.5, 1677.16
5.13062, 115.919, -373.444
4.14833, 300.544, 297.54
3.30844, 5782.38, 1005.66
6.56633, 124.94, -58.9153
4.08004, 159.528, -614.01
4.05369, 653.787, 249.766
4.65424, 217.833, -25.7114
4.46509, 576.046, -39.5872
4.43916, 545.411, -332.383
4.34871, 174.391, 328.088
5.88118, 51.2902, -191.35
6.10384, 51.6197, -408.159
7.20082, -2322.77, 895.209
5.08573, -114.655, 87.2278
5.5282, -337.906, -253.195
5.85049, 1537.6, -2326.92
5.11404, 406.396, 207.006
3.87105, 611.014, -85.999
7.08924, 257.838, -71.9264
3.73367, 616.852, -200.166
4.77876, 596.955, 98.9197
3.30374, 243.301, -126.677
4.68319, 37.7793, -302.683
7.45767, 717.846, -178.764
6.26931, 3758.92, -3701.23
4.97846, 65.3024, -814.158
7.01651, 240.524, 101.431
4.68213, -554.578, 246.341
5.09239, 2108.6, -1659.08
4.44866, -1800.35, -2892.51
5.63431, 340.846, -30.2009
5.19331, 156.32, -78.8923
4.35955, 39.8427, 1109.48
2.54674, -319.318, -639.095
6.3794, 15.99, 16.4305
2.85317, -571.32, -664.823
3.98511, 73.6489, -154.299
4.78581, 225.198, 1312.82
3.25156, 663.467, 156.641
5.97819, 169.483, -422.609
4.15587, -546.283, -632.274
5.21197, -3264.83, 5780.47
2.64678, -3246.99, -2026.79
5.38086, -37.8982, 246.749
5.18133, 326.244, 169.204
7.36678, 646.517, 18.838
5.57063, 191.153, -28.2933
5.26431, 2534.03, -4348.19
6.69051, 1289.48, -94.6164
3.75764, 350.339, -1102.81
6.98957, 304.548, 69.6253
5.97428, 449.8, 233.434
5.82752, -404.526, 2303.73
3.06838, 385.865, -657.997
3.37987, -1520.09, -768.77
2.91253, -1606.56, 2630.55
6.68103, 169.758, 2.02096
2.64818, 485.397, 3498.21
6.34719, 143.776, 21.3583
4.29829, 239.389, -3432.89
6.24626, -706.068, -265.853
6.28385, 164.906, 18.5916
3.60834, 2437.65, -1294.92
5.58305, -277.561, 226.274
3.66846, 556.821, 181.187
6.22052, -17.7546, -3393.77
5.80997, -354.178, -886.715
4.9209, -3205.16, 5724.58
2.58972, 852.871, 383.044
4.98291, 73.0361, 141.599
5.09587, 234.241, -59.2517
4.71395, 707.932, 3167.5
4.14528, -2324.43, 1381.19
3.52671, 186.872, -15.6595
7.19863, -4.65765, 1246.07
2.85168, 1145.53, 2856.72
3.30042, 484.968, -1094.65
6.70788, 396.76, -248.525
4.13614, 267.627, -105.845
6.85942, 512.823, -46.3539
5.99896, 43.8026, -87.5024
5.52801, 388.17, -304.013
4.77536, 655.12, -438.776
2.91543, 79.5612, 1004.5
3.94883, -3244.38, -887.154
6.51009, 359.473, -127.185
6.81821, 151.649, -971.329
3.81831, -4443.58, 349.306
4.79881, 567.277, -77.2536
4.95672, 242.071, -106.956
5.82344, 1549.31, -2365.5
7.31738, 213.904, 202.959
7.23022, -64.3495, -169.593
2.81902, 1617.26, -52.4483
5.04829, -830.822, -593.15
6.13222, -6.55658, 81.3445
5.65882, 274.889, -150.678
3.26658, -189.788, -312.807
5.09652, 706.966, 3163.29
3.52281, 5591.86, -1770.53
6.03231, 273.576, -197.677
6.05786, -1165.17, 5950.69
3.66304, 64.1714, 327.423
6.80594, -226.461, -100.35
2.67122, -235.177, 317.181
6.26587, 662.855, -104.759
4.14789, 337.796, 479.631
4.65309, 5033.19, -1279.55
7.33455, 341.182, 172.578
4.05803, -1720.69, -1716.2
5.69762, -5818.54, -54.0054
5.95386, 113.531, -9.03541
5.36403, -406.009, 433.638
6.60667, -3242.29, 5765.77
4.21807, -3548.35, 1396.44
5.09387, -295.631, -31.8583
6.78438, 80.9723, 735.576
6.18587, 254.511, 940.086
3.45992, 1184.66, -587.299
2.83145, 84.6708, -21.12
3.60828, -4197.72, 2629.79
3.33656, 116.315, 91.7369
6.31172, 298.565, 199.976
5.44905, 1586.41, -2095.49
4.65223, -6087.91, -450.259
7.09618, 1691.24, -74.0217
5.09668, -899.253, -1446.19
7.38058, -641.449, 98.1626
5.15714, 105.308, -101.169
2.98716, -1137.61, 783.065
5.83983, -679.811, -661.263
5.44444, -584.86, 2715.07
5.01137, 196.007, -102.111
2.75808, 528.851, 1364.87
2.6753, -204.891, 470.453
4.41484, 318.663, 496.137
5.55555, -2591.06, -2919.42
5.06574, -6093.78, -450.479
5.98498, 16.6391, -298.808
4.89891, 76.1827, -245.691
3.88323, -6218.22, 49.2871
6.01685, -277.958, 2931.94
3.67701, 363.66, -295.518
6.41501, 166.784, -48.0745
6.60589, 843.691, 470.582
3.21842, 3860.35, 3362.79
5.75757, -436.747, -250.375
3.87677, -1163.03, -1706.69
7.26215, 2854.61, -1177.94
4.58238, 478.967, 359.435
3.03869, 360.45, 56.6169
4.70633, 116.95, 69.8388
6.28811, 78.7839, -708.955
2.77803, -227.617, 22.4385
3.51241, 323.29, -53.0595
6.82305, 129.212, 66.1426
6.52456, 682.332, 13.3394
2.78861, 580.26, 1961.17
4.40304, 269.466, -185.39
4.56124, 302.999, -181.949
2.80071, -901.339, -327.154
7.09746, -1169.88, -1062.91
3.35398, 261.418, -19.4288
6.51634, 39.3508, -536.145
3.88599, 2390.83, -682.059
4.44586, 238.781, -30.3292
7.19936, -1985.43, 1008.67
6.24573, 108.021, 3016.54
3.44774, 4160.98, -4270.18
6.89581, 45.7715, 70.5283
6.8953, 411.2, -53.9617
3.30515, 155.199, -1528.62
5.87346, 627.89, 398.799
6.89096, 179.795, 50.4417
6.98262, -747.066, 3873.91
3.06535, -92.7178, -241.04
5.93789, -1581.53, -1271.87
3.21651, 359.238, -681.719
3.6901, -779.891, 211.871
5.64383, 3027.59, -2066.24
4.312, 375.324, -216.934
4.64437, -1901.14, -1755.51
4.91936, 1652.16, -1906.63
6.20379, 41.4441, 1611.41
3.23098, 518, -23.3256
7.36238, 378.45, -37.1806
7.3158, -87.4368, -29.738
3.14741, 2696.67, -1692.58
5.3784, 372.872, 69.8248
4.66439, 74.2893, -501.227
5.50066, 215.36, 204.807
5.85098, 123.608, 304.351
4.5137, -3172.81, -1076.89
6.46691, -1809.2, -1623.79
4.89889, -3686.38, 1858.99
5.72449, -268.909, 459.686
4.28836, 5825.8, -919.955
5.96794, 71.7833, -792.245
5.83428, 871.24, 391.195
3.22071, 329.961, 59.3113
7.10415, 227.491, 89.3287
4.22228, 1176.03, 4012.59
6.66824, 51.5984, -125.648
2.74349, 113.868, -923.766
3.27936, 1401.43, -2214.19
2.55765, 263.101, -266.838
3.94327, 146.425, 178.46
5.07295, 209.199, -278.134
3.65948, 1117.36, -3626.83
2.75022, 748.963, -201.495
5.33091, 497.119, 109.556
6.69774, 660.234, 58.7895
4.28763, 118.767, 184.178
4.3452, 126.405, -1012.06
7.22226, 175.717, -74.1646
4.72425, -1455.78, 67.8663
6.82086, 182.662, 17.805
5.82654, 195.942, 472.767
5.79297, 36.2685, -23.0486
7.10736, 2738.59, -1994.22
5.11536, -3339.48, 2700.04
5.45229, -1.84953, 855.899
5.79944, -245.665, -2775.3
4.24765, -1668.74, 1117.06
4.11714, 341.866, 469.28
7.08984, 222.126, 675.763
3.08619, -4921.46, 1873.03
7.31268, -374.803, 227.469
5.17978, 380.092, -349.098
5.81447, 1664.29, 890.522
5.48362, -5079.06, 2418.32
6.93363, -43.1537, -1196.84
6.67999, -68.4604, -23.1861
6.69339, 210.558, -32.9496
6.85642, -93.8454, -94.3445
2.5002, -359.039, 2367.13
4.77274, -966.934, -2954.74
4.25696, 1705.23, 110.366
5.80713, 5102.9, -3928.63
6.22234, 177.519, 321.603
3.3821, -1014.39, -4426.64
7.4621, -1284.86, 1513.35
5.95466, 83.1305, 107.154
6.97862, -306.789, -67.3346
3.51579, -1336.64, -455.073
7.2356, 781.583, 298.269
4.88476, -4713.37, 2537.71
6.78578, -4196.13, 2631.78
6.41237, -28.1934, -206.182
5.70687, -3225.91, 3136.59
3.14521, 588.227, 183.282
5.77944, 119.235, -420.221
3.09199, 197.516, -116.572
3.88793, 2774.08, 739.604
6.65548, 139.25, 2582.54
6.14153, 3937.22, 5062.09
6.74348, 4391.47, -3282.97
3.43989, -627.606, 123.236
6.09602, 231.296, -92.9517
4.25586, -16.0965, -679.323
3.34555, 230.431, 267.43
4.52383, -4701.45, 552.142
4.20924, 49.098, -86.4249
6.67141, -103.689, 252.384
3.9111, -3608.09, -5849.34
5.16766, 3701.74, 2152.13
6.25085, 1093.96, -1952.49
4.62554, 533.955, 219.504
4.66964, 1088.09, 92.8207
3.03022, -3514.76, -2487.3
6.4639, 188.575, -305.632
3.91232, 183.962, -155.785
7.14264, 3900.49, 5974.28
5.37926, 251.712, 64.028
3.4895, -346.206, 28.8042
5.99081, 232.002, -27.4832
3.07265, 376.525, 211.89
4.22945, -81.683, -459.849
4.15646, 188.515, 59.4632
6.42735, -5101.22, 2414.14
6.65775, -148.375, -95.2922
4.21712, -46.0322, 72.4782
4.2603, -762.005, -96.2218
6.38197, 252.682, -10.7643
6.58658, 502.825, -502.634
4.26157, 40.735, -442.759
7.09559, 91.4116, -82.7287
3.2877, 154.287, -35.8212
5.56029, 114.151, 211.371
5.54222, 124.686, 28.0617
3.16647, 2889.47, 3001.55
3.51409, 3678.86, 5032.62
4.79457, -196.399, -89.3315
3.48759, -452.955, 1533.04
6.77118, 549.913, 320.082
6.54562, 867.543, 764.089
2.80131, 2493.88, -1712.66
6.50584, 1583.24, -4634.88
5.49597, 63.9296, -22.0857
7.43182, -63.7248, 88.4775
2.65919, -604.245, 64.0431
6.8356, -3133.61, 3755.55
3.69109, -1591.87, -642.959
3.6127, 1858.14, 771.309
4.73907, 6417.47, 2991.79
2.61231, 192.918, 89.0717
6.79755, 344.997, 113.271
4.15902, 476.168, -3938.87
5.72195, 922.97, -388.967
7.43521, 462.038, 62.0209
5.30162, 228.28, -62.0997
4.74553, 133.683, 3.43241
5.213, 80.7777, 65.1959
2.90797, -2030.47, 711.282
3.99606, 1547.91, 2807.94
6.63964, -3568.33, -662.582
6.48936, -4026.95, 1710.1
5.71048, 401.137, 75.9677
4.84105, 421.475, -67.8206
7.15326, 610.192, 1969.05
5.08798, 401.208, -672.124
7.42924, -4150.07, 2640.53
5.94567, -194.516, -339.977
6.19966, 196.729, 421.171
3.46323, 1255.01, 1402.28
6.08881, 2820.61, -1662.08
6.11146, 1056.59, -307.752
6.49298, 186.192, 33.2959
4.23216, -4776.39, 322.689
5.1481, -1868.48, -997.553
3.19001, 1267.13, -409.65
6.73218, 58.4666, -84.8288
6.32766, -533.838, -576.77
7.5, -5101.76, 2433.37
4.24891, -7250.92, -2370.47
5.50367, -102.858, 14.1698
3.50808, -443.125, 3257.25
6.2385, -3339.56, 541.88
6.49225, 635.408, -55.4809
3.03505, -808.765, -448.072
5.35813, 158.851, -78.3128
2.84683, -4788.77, 1601.31
4.16036, 185.876, 387.554
5.80945, 132.269, -139.534
5.27726, 413.688, 3687.66
7.12415, 326.451, 396.104
2.69832, 301.877, 2644.96
2.62083, 846.878, 1081.06
4.61923, 131.2, 73.4941
4.36987, -964.796, 304.608
2.93303, 3364.35, 3315.38
3.05403, -43.579, -176.066
5.31992, -4598.4, 140.809
7.37269, 122.443, -4.2409
3.05066, 108.882, -3576.98
5.99352, -2891.54, -3168.38
2.79674, 84.2645, 793.295
4.69755, 357.794, -373.081
5.24651, 1110.59, 531.754
3.45129, -202.96, 265.62
7.36597, 209.917, -269.277
3.19593, 204.047, 50.7279
5.48978, -2897.71, 282.551
7.12812, 338.866, 623.379
3.91116, -1311.74, 292.37
6.8307, 458.711, -510.479
6.29598, 899.289, -1311.49
6.10793, 337.71, -256.644
3.34241, 156.507, -61.1282
3.32882, 1190.21, -2421.82
3.39076, 140.697, 12.9388
5.87226, 313.516, 10.748
4.83484, -133.631, 385.608
6.85219, 101.041, -83.5483
5.76023, -493.031, 145.045
5.80464, 1649.67, 896.138
2.58037, -33.9088, 429.421
4.30596, 5447.2, 3087.97
3.72747, 143.051, 545.253
6.93086, 211.553, 471.496
5.23701, -6905.23, 123.857
6.57209, -555.861, -434.876
5.24453, -283.89, 16.102
4.16156, 781.589, -339.662
4.40213, -1723.51, -3090.7
2.52389, 1791.93, 358.616
6.95226, 177.448, -52.0857
6.16955, 937.511, 265.938
6.04239, -441.723, 292.48
5.1278, 1877.8, -2640.15
6.41065, 234.141, 416.057
3.42484, 259.072, -298.033
5.72673, 127.874, -82.1884
3.42178, 277.732, -63.4457
3.31214, -1128.46, 689.399
2.65594, 1231.52, 1441.25
7.42716, 119.101, 197.639
4.04559, 294.86, 163.731
4.11075, -424.522, -2.15528
5.51155, 111.162, -56.4847
2.89107, 5244.65, -929.577
3.93936, -324.424, -117.584
5.79307, 58.6037, 159.702
7.36348, -202.42, -105.612
7.27758, 3791.6, 1506.04
7.42745, 212.872, -297.477
7.30478, 182.284, 14.7309
3.0073, 894.044, 327.98
3.71505, 636.741, -82.9638
6.91151, 729.395, 1.25142
5.28805, 102.635, -39.4677
6.7669, 292.633, 23.1454
7.49145, -259.626, -125.147
3.99751, -4435.82, 1825.52
6.33157, -7985.22, -2607.97
4.81901, 868.433, -874.369
6.8168, 357.059, 21.9665
6.99018, 118.069, 156.091
7.377, 736.743, 66.4096
2.77405, 490.212, -372.101
6.32605, 39.988, -497.491
5.09219, 1543.55, -2341.58
3.46574, -575.664, -52.7147
6.98252, 215.693, 40.9662
6.38492, 145.437, -265.468
2.75968, 736.417, -1322.47
7.47331, 1507.29, -2448.87
5.93659, 199.241, -94.0362
5.94854, 1649.12, 895.658
6.57666, 2789.13, -1327.65
7.05426, 33.0891, 15.5793
3.34218, 2423.82, 4761.49
5.24183, 2698.21, -2031.16
6.53351, 112.928, -153.994
4.17803, 339.318, 23.589
5.53435, -258.094, 513.722
6.59602, 1552.94, -2176.99
7.3485, 344.629, 81.9383
6.29349, 454.926, 274.69
3.72113, 85.0683, -999.561
5.80589, 474.068, 39.9603
4.21574, 651.768, 9.4236
7.27146, 165.522, -196.82
2.60828, 2805.31, -3118.54
4.54979, 252.835, -29.6095
2.55789, -3847.75, 3617.13
3.04964, 324.358, 1424.99
5.28259, 473.492, -567.882
4.45466, 151.862, -71.254
7.20539, 202.91, 37.1045
2.55572, -175.604, -120.744
6.22897, 926.484, -2239.03
3.84293, 143.116, 122.712
4.27153, 25.1648, -380.552
3.45835, 5796.77, -5954.84
5.14832, 642.172, 429.449
4.39478, -878.373, -5001.5
3.16407, 162.788, -136.277
4.26563, 166.403, 296.864
4.2497, -4730.79, 2460.96
7.41084, -2284.25, -1649.44
5.25961, -57.131, 141.201
4.99918, -1960.3, -546.733
3.58531, 1415.25, -2117.67
4.37311, -344.838, -737.407
6.78251, 3046.39, 2731.1
6.45578, -2852.05, 5788.73
3.9204, 2741.81, -3444.34
5.07645, 225.589, 241.868
6.79238, 39.788, -84.0701
7.07844, 424.144, 165.081
7.48941, -1818.62, -1574.59
6.53177, 411.785, -108.682
5.22718, 93.4544, -384.631
7.3461, 685.889, 504.046
5.31931, 1233.01, 299.149
4.03031, -107.428, -755.832
5.41853, 424.508, 35.5905
2.91197, 254.661, -390.987
5.47382, 289.786, -46.1292
3.31968, 2653.7, 5129.92
6.46527, -54.3941, -50.3996
2.95373, -506.851, 1536.27
6.3072, 93.5308, -642.866
6.83996, 241.84, -70.0711
6.40105, 183.837, -111.874
6.61399, -1889.81, -303.917
6.70974, 127.653, -242.459
4.48328, 345.418, 284.15
6.508, 128.846, 24.975
6.56811, 349.062, 121.612
5.43493, 533.051, 1165.71
4.64621, 123.589, 494.42
2.5002, -1063.79, 434.608
5.31153, 375.153, 66.2089
6.22632, -348.127, 517.355
3.89846, 3204.57, 1904.3
2.93406, -769.448, -4517.93
3.5733, 727.234, 891.255
3.93296, 605.305, -143.014
4.86595, -312.736, -196.264
6.95893, -1826.61, -1591.17
5.91955, -288.535, 262.712
3.54376, -121.696, -221.847
6.67533, 159.482, -74.9501
7.09218, 119.641, -77.2391
4.48244, 246.481, 489.329
6.37858, 1710.07, 189.854
5.68161, 499.254, 43.4763
6.64746, -74.1335, -369.649
3.40204, 1394, 399.237
7.45927, 143.574, -33.7541
6.70558, 289.353, 38.6103
4.65177, 568.961, -624.427
4.38589, 274.205, -25.3587
2.70802, 522.377, -421.956
6.80715, -653.767, -1002.22
6.62116, -4132.3, 2500.15
6.25052, 1679.24, 1264.66
3.55801, 346.799, -308.11
4.31029, -273.11, -299.848
4.43545, -362.419, -234.843
7.32918, -3060.11, -1925.84
6.5872, 617.87, 102.989
4.5755, 1583.28, -263.081
5.83759, -181.754, 707.558
2.52101, -4022.46, 4184.28
6.98048, -79.1561, -184.049
3.68416, -315.107, 806.482
3.79415, 70.276, -172.446
5.4939, 912.184, 110.407
6.89823, 307.688, -26.0859
6.16299, 263.842, -348.47
6.0773, 661.054, -262.913
3.57724, 5864, -262.179
6.30413, -4010.54, 3157.65
3.85351, -23.5322, -367.789
2.75246, 88.4575, -42.3309
4.78866, -1712.05, 517.822
2.58759, 282.415, 294.986
3.01129, 5938.7, -3791.09
2.639, 2640.28, -1567.64
5.65921, 311.646, -56.6074
6.34425, 149.423, 184.291
2.74132, 592.077, 34.6146
6.6924, 444.516, 786.566
6.76899, 273.955, -27.059
6.57649, -244.161, 717.392
6.85188, 391.22, -4214.02
5.27222, 643.039, -54.892
6.12646, 35.3578, 838.763
3.20424, -4360.6, 3676.18
6.6115, 260.758, -70.2655
5.51185, -2587.73, -2923.72
4.93856, 242.934, -301.251
6.14942, 159.726, -43.6756
4.05164, -1758.7, 1108.19
3.93925, 228.872, -347.375
5.45857, 2111.36, -2622.1
5.34055, -2976.44, 1627.64
5.41059, 2582.37, 2055.05
2.84132, -417.523, 443.031
4.34304, -1676.25, -410.294
6.28475, -317.978, 254.587
6.35297, 659.88, 2894.42
4.27217, 277.454, 643.211
5.98913, 386.366, 9.6597
5.08005, 1771.62, 1106.59
5.94494, 610.617, 19.9138
6.18066, -1701.66, -1241.69
2.56231, -2673.56, -1727.43
7.16549, 324.882, -147.851
5.37826, 87.2846, -156.025
3.05587, 845.298, 452.836
4.87388, 86.1632, -166.224
3.24247, 1761.11, -752.979
4.22594, -8377.03, -1871.75
7.04476, 123.44, 27.4929
4.54571, 2726.09, -1279.23
5.96642, 62.9712, -189.803
3.35865, 30.6172, 75.8674
6.21715, -4555.78, 1595.51
4.16319, 83.6269, 60.199
4.62157, 202.041, -104.545
2.79523, 236.93, 537.645
5.09005, 203.751, 33.9464
5.94425, 34.886, 257.959
5.01149, 101.504, -199.553
6.56617, 160.057, -63.1401
3.07974, 72.4191, -496.475
5.24841, 1051.85, -286.298
5.06046, 509.085, 213.913
6.02649, -1815.85, -1628.09
5.65083, 199.599, 1.30168
4.0207, 504.215, -25.7797
6.74719, 212.708, -42.992
3.39619, 1466.43, -2189.41
2.61737, 236.422, 520.957
4.19467, -208.561, -113.828
3.43818, -1875.27, -1444.47
6.60467, 61.386, -179.341
6.72507, 122.636, 2946.16
6.78031, -3021.2, 1646.5
7.37454, 263.653, -277.794
2.99587, 108.785, 692.44
2.56182, -3765.28, -2835.77
2.58614, 592.445, 695.015
2.64527, -362.573, 43.2381
4.1031, -1795.11, -1585.96
6.17815, -3058.59, 1831.5
3.14876, 569.686, 179.371
2.5161, -2741.49, -538.947
6.91905, -438.942, -401.016
3.70482, 447.152, -186.947
4.38481, 311.322, 1168.19
4.44879, 306.294, 40.234
2.81534, 3500.51, 1331.26
7.30792, 270.868, 18.7221
3.75349, -17.0221, -20.2496
6.85376, 116.398, -101.739
2.85991, 2890.24, -3920.53
2.70653, 3737.48, -2365.41
3.46378, -558.264, 169.597
3.86708, -1970.11, -1929.71
7.4007, 172.368, 42.7608
3.60607, 1148.9, -4826.25
6.43119, 1538.1, -2331.87
4.42306, -207.683, 1412.96
3.78593, -2780.28, 3187.19
3.91087, 310.223, 432.006
7.33834, 1022.26, 279.602
4.22841, 230.583, 66.8407
3.45922, -548.981, -717.953
5.05037, 94.1972, 122.728
5.21857, 1085.85, -4315.41
5.72333, 1017.16, -84.6632
3.89738, -738.133, 212.891
3.41887, 495.636, -439.934
2.71579, 2146.5, -2496.2
3.98408, 500.689, -133.361
4.25548, 1061.14, -626.844
7.09372, 290.127, -99.4359
5.81225, 307.632, 487.925
5.08041, -1893.35, -1563.7
4.03763, 194.486, -124.566
3.0007, 1799.61, 1931.82
3.47502, 134.992, -91.7095
4.11407, 2981.65, 3067.07
5.56182, 435.329, 275.579
5.13511, 2642.18, -1224.61
3.45653, -98.8008, 690.821
4.7178, 5222.81, 3058.47
4.48693, 6022.79, -1174.89
6.28051, -15.0066, -529.779
6.6213, 645.674, -239.451
5.51573, 163.141, 108.6
3.04573, 265.559, -287.381
4.11797, 2312.11, -641.505
5.03403, 198.974, -52.6429
4.76521, 50.5354, -76.5888
4.77315, 652.326, -46.3942
4.91125, 240.598, -59.5824
5.07896, -4168.11, 728.762
4.50207, -2079.05, -991.332
4.22945, -516.068, -426.492
6.64533, 339.076, -119.396
3.02204, 2210.9, -1422.9
6.40057, 68.8205, -106.475
3.19919, 924.791, -478.468
2.62171, 3637.66, 4128.11
6.0664, -127.128, 1200.49
7.15538, 413.376, -320.469
7.47667, 381.52, 214.339
3.86264, 304.795, -201.251
3.6923, -1853.64, 280.707
3.87328, -406.287, -2938.96
5.70836, -372.847, -507.592
5.17637, 330.045, 103.441
6.8967, -2655.17, 4649.71
6.75968, -196.777, -132.457
2.98004, -65.3993, -540.736
4.66818, 155.543, 121.242
3.17045, -318.115, 322.109
5.86802, 141.519, -91.6971
5.34964, 27.0492, -663.901
3.66474, 122.184, -994.355
5.50306, 687.917, 149.27
2.6551, 236.36, -161.071
7.08512, 111.97, -43.6958
3.82958, 366.522, -663.11
6.50016, 201.34, -43.7243
5.46389, 317.817, 168.655
5.0822, 633.684, -5.29862
5.2567, 1951.17, -1015.35
3.47225, 734.06, -286.884
5.36152, -2786.36, -61.4718
3.81992, -593.388, 6297.1
4.41648, 2588.96, -5368
2.73626, -554.527, -432.071
4.22823, 376.454, 231.43
3.61594, -2828.92, 6770.18
3.81264, -67.8665, -312.742
3.05141, -168.258, 131.578
7.40088, 290.624, 166.825
5.93794, 673.797, -253.918
5.82158, 296.794, -284.382
5.99501, 592.021, 364.993
2.68746, 120.176, -70.1882
3.6706, 49.42, 50.1432
3.95397, -5213.89, -7847.08
3.50543, 41.0454, 19.7087
2.7177, -2480.57, 3700.51
2.56571, -617.83, 149.472
6.07297, 5589.36, -1772.25
6.88348, 197.269, 31.5157
5.35088, 1695.45, -3164.28
6.92743, -2828.27, -3233.44
5.20042, -1449.99, -369.268
3.31357, -1674.21, 210.491
3.30492, -2614.8, -1982.7
7.19182, 296.742, -197.133
3.45628, -86.6565, 252.725
3.15761, -2803.51, -290.825
4.41122, 464.174, -289.968
6.12674, -590.537, 2699.59
2.50651, -6090.2, -447.017
4.60222, 4331.7, -2459.13
5.18984, -539.406, -73.7885
4.86596, -1138.57, -633.463
6.33003, 88.1849, -518.64
2.9396, -877.757, -770.999
7.04284, 91.0213, 271.205
3.20818, -345.418, -273.147
2.54782, 138.068, 660.914
2.82267, 213.27, 441.146
4.96742, 39.8566, 284.35
5.40914, 228.213, -115.816
4.03373, 3576.48, -6265.13
4.57091, 448.22, 337.041
4.33401, 1473.54, 1735.77
3.42687, 395.519, -2311.83
2.76788, -2551.76, -2361.6
4.47222, 422.703, -200.4
3.98388, -1097.5, -1270.47
5.05388, 28.8984, 117.291
3.75392, 2158.68, -3516.01
5.01589, -1170.28, 2069.43
2.51168, 514.384, -608.87
7.01807, -5095.27, 2435.86
2.79181, 3149.9, 3234.84
5.17506, 184.745, 2980.94
3.95754, 2549.11, -1098.35
7.3023, 252.064, -9.51243
4.73406, -3074.78, -1202.9
5.08479, 260.49, -31.6635
5.93861, 639.588, -413.05
2.72187, -54.9678, 364.025
7.2946, 3494.09, -2544.44
5.70852, 199.636, -265.872
2.80215, 226.845, -21.3531
3.33964, 509.641, -151.379
5.76491, 273.95, -377.403
6.19864, -397.95, 2297.07
3.57011, -82.9043, -589.898
4.31441, 696.481, -1851.86
6.56981, -263.57, 461.857
5.32057, 112.022, -100.987
7.45886, 135.257, 29.2431
6.5669, 333.212, -80.4673
3.49157, 3145.82, -4012.76
2.50003, 140.242, -68.4415
4.62608, -3135.45, 3751.48
4.07406, 1788.37, 1135.39
5.56218, -3368.6, 542.916
3.83351, 291.879, 157.936
4.39881, 1444.09, 501.071
5.43397, 175.728, -141.616
5.95636, -1847.34, -78.5593
7.26736, 164.61, -46.6676
4.89785, -6.93455, 944.976
3.60319, 190.123, 386.401
5.33741, 928.825, 685.689
6.09873, -182.341, -242.411
4.4953, 1840.89, 37.5002
3.48326, 283.146, 122.034
6.66971, 66.9927, -33.8331
5.59561, -65.8097, -493.167
7.26866, -85.5728, 169.61
3.23222, -561.965, 245.314
5.38953, 40.6182, 11.3042
7.26796, 144.236, -73.8115
3.62331, -5161.87, 2470.63
7.25137, 271.63, -55.1746
3.07874, 1111.8, -499.771
2.58372, 633.49, 113.249
3.90465, -189.974, 339.466
7.15042, -60.9338, -375.158
3.04796, -703.733, -361.787
6.77266, 329.687, 2.83913
5.68532, 206.208, -195.691
5.63853, 195.348, 76.0888
3.80589, -669.03, 1372.92
5.13936, -790.049, 236.817
7.16608, 1844.81, 805.378
3.98055, -1194.97, 105.521
4.78006, 118.37, -58.6382
6.35659, -983.984, 4296.92
4.17193, -1828.67, -3063.76
6.31775, 504.705, 268.318
6.65892, -2057.25, 2330.99
2.64618, 2279.27, -1428.97
4.31315, -189.47, -856.516
4.16221, 89.9315, -132.256
3.17675, 1808.39, 1810.84
3.00839, 1201.66, -3688.32
5.11327, 158.223, 112.772
3.52046, 606.38, 63.4206
5.00728, 105.471, -70.5114
5.1371, -4534.82, 3032.15
4.13422, 28.9285, 27.5525
4.75888, 89.6583, 499.137
6.85263, 88.4988, -41.0821
4.72884, 70.6354, -147.425
6.03726, 216.394, 64.3931
6.83171, -1753.73, 344.921
6.5822, 635.328, -737.96
2.67504, -3529.08, -1374.72
3.8644, -813.355, 2007.57
5.21858, -1351.2, 900.688
3.19942, 3858.59, -625.552
5.57408, 239.757, -97.1506
3.29182, 632.1, -100.629
4.41129, 749.56, 161.428
5.94997, -543.112, -306.596
3.21128, 3629.72, 0.430074
5.65284, -94.6123, -276.333
3.15973, -3047.04, -1527.98
7.13583, 98.353, -83.4724
5.53465, 4933.46, -7533.5
5.50388, 430.838, 613.146
3.33635, 758.724, -173.248
3.301, -1396.26, 1985.59
5.91628, 172.1, 200.906
5.1456, 15.0722, 370.458
3.65264, -1889.04, 1056.37
6.55373, 328.995, 55.1626
5.76477, 215.519, 21.784
4.08597, -33.3517, 738.382
2.53953, 60.4242, 301.23
3.49176, 613.273, 148.181
3.78831, -108.358, 84.0468
3.03825, 122.621, -859.931
3.49545, 192.241, -681.798
6.75079, -5285.97, 2810.04
6.63912, 350.981, 422.86
6.76813, 98.6485, -37.2159
5.71027, 215.725, 32.0647
3.6787, -2670.81, 2771.26
6.80638, 253.485, -42.7467
5.4745, -146.747, -92.2459
2.52745, -1701.85, -1290.82
6.84925, -355.909, -883.22
7.37729, 294.039, -141.799
5.59653, -1829.24, -1589.02
3.85574, 107.915, -85.8936
7.46973, 185.461, -12.6256
4.60751, -1025.05, -581.078
4.20537, -138.544, 28.9209
4.80717, 226.662, -38.0386
4.44822, -1003.82, -2760.83
4.613, -4408.56, -836.54
2.84879, 60.1969, 40.9355
5.5153, 392.512, -162.476
7.36114, 386.3, 119.681
5.07406, 406.383, -184.45
7.45461, 136.816, -89.3727
5.84906, -2392.28, -5596.02
4.01716, 105.288, -221.88
3.47371, 662.373, -259.335
4.0109, -783.564, -143.499
4.93946, -210.165, 16.9391
4.72438, 583.462, 37.4668
5.7844, -539.129, 167.357
3.74227, 5446.21, 3087.95
4.72007, -1261.74, -1021.04
5.75894, 103.732, -221.853
6.67472, 304.973, -5.55184
6.03698, 124.998, 704.313
4.93928, 117.494, -760.61
6.72039, 408.017, 102.506
7.00296, 823.892, -729.547
6.33082, -74.1411, -154.621
5.29453, 614.399, 855.333
2.70603, -723.812, 347.117
5.46749, 154.536, 179.285
2.68674, 2.73953, -3645.42
4.53488, -831.06, 895.24
2.84243, 312.233, -305.154
7.38558, 87.2894, -246.217
2.5956, 1819.11, 2892.7
6.60363, 226.455, -241.794
5.2195, 3602.29, -3033.76
5.72828, 176.69, -139.344
3.62934, -452.737, 67.5407
2.733, 570.33, 2997.62
3.63154, 501.062, 242.718
4.58371, -50.9088, -2456.31
6.40126, -29.7622, -82.4807
3.72852, 1545.42, -2181
4.81411, -75.5885, -33.1081
6.14756, -964.961, -370.567
5.35237, 5051.01, -688.639
5.45997, 436.724, 133.849
4.98425, -961.921, -140.1
3.951, 240.112, -35.4582
4.71107, 91.2384, 362.225
2.53669, -2873.23, 6331.03
7.41683, 171.534, -26.7703
2.52822, 312.502, 120.169
4.8676, 1971.33, 647.202
5.86497, 3445.87, 5890.75
