6.27803, -2862.18, 1670.55
3.5948, 40.9391, 1372.57
5.89648, -24.406, 26.8651
5.09708, 110.124, -185.44
2.76731, 5380.29, -5532.98
2.53849, -1805.35, 2028.57
4.58743, 7505.96, 4440.72
7.15218, 255.632, -44.204
2.95982, -208.454, 377.551
6.00595, -139.346, -139.128
3.81226, 656.047, 107.149
4.14117, 248.841, -156.735
7.45519, 820.141, -439.141
7.41275, 215.338, 116.818
5.75759, -40.4489, -123.935
6.92354, 253.159, 27.6485
6.33247, 639.245, -0.194074
3.87453, -2208.25, -746.991
4.93259, -1322.19, -949.243
2.80282, -6791.61, 1662.95
5.08146, 237.653, -52.5767
4.96988, -4775.55, 1742.83
7.23882, 671.439, -142.158
4.42071, 170.639, -28.1091
5.14874, -3653.52, 975.233
2.75042, -315.725, 4798.7
6.63909, -394.433, -69.4792
5.94228, 484.809, -11.112
6.18112, 669.675, 38.4535
6.94286, -3587.61, -3171.63
4.25508, -437.908, 525.512
6.72991, 153.698, 79.1418
3.84659, 479.27, 8.10008
4.83959, -274.985, 701.471
3.2686, 597.043, 4.38993
2.66527, 376.493, -265.148
7.2768, -1398.02, -1002.3
6.95369, 381.289, -609.403
3.29884, -714.061, 412.072
3.15214, 1243.62, -575.236
2.515, 2917, -498.172
6.0491, 316.39, -81.189
3.40448, 981.77, 260.479
5.76029, -724, 361.124
4.42907, -78.6453, -150.512
3.23766, 1295.29, 1465
5.45054, 620.741, 403.273
3.24076, 2723, -1304.21
3.2091, -2243.06, -1312.26
4.94257, -393.04, -173.341
3.13015, -170.427, -746.523
5.64635, 796.191, 28.6554
5.60817, 106.669, -97.1809
4.88216, 3287.26, -4538.61
2.64188, 104.801, -185.833
3.21011, 3981.3, -609.643
3.15594, -234.288, -55.3547
3.31099, 1494.93, -2225.48
3.76529, -680.742, 231.055
4.77654, -4521.58, 2250.47
6.54472, 55.5868, -644.861
3.57624, 272.79, -268.102
3.75063, 329.696, 11.5332
5.02978, -884.904, -1683.81
6.27922, 213.443, -50.3666
5.66369, -1561.76, -3241.68
5.9449, -2172.9, -1561.97
7.27207, 406.84, -526.051
5.18713, 4710.96, -2390.1
4.57014, 99.3458, -1807.62
4.70019, -440.811, -649.157
6.07821, -1737.37, -1798.09
6.20858, -2458.75, -1893.92
5.12494, -3127.32, 2545.01
6.06711, 202.31, 201.751
5.91025, -46.7943, -34.7516
6.82941, 1990.32, -1578.52
3.19597, 606.876, 1661
3.57766, 282.562, -276.295
5.0733, 1072.16, 1943.64
4.83766, 273.74, -142.891
3.55759, 3507.12, -3573.65
5.65244, -240.382, 405.645
2.5044, 2771.93, -3986.96
4.09589, -694.047, -2669.04
5.90281, 56.9122, 27.1225
6.0446, 118.237, 227.21
2.90869, 98.1443, -74.8496
3.56926, -629.176, -390.108
4.44412, -221.354, -197.392
4.44927, -3660.75, -1256.34
3.92018, -64.0112, 561.7
4.6123, 166, 126.848
2.55658, -1812.53, -73.5076
3.72027, -4940.21, 2632.17
4.49072, -1861.42, -3325.01
6.64177, 51.696, -210.957
3.78584, 173.962, -31.3242
3.59705, -1284.81, 384.191
6.47385, 246.341, 32.9621
5.8476, 790.384, -321.48
5.49108, 118.835, 516.62
5.99917, 2466.08, 1574.35
5.13062, 26.368, -473.466
4.14833, 295.09, 488.526
3.30844, 5338.56, 925.775
6.56633, 87.1754, 67.7467
4.08004, 210.014, -497.169
4.05369, 482.785, 90.5364
4.65424, 258.017, 34.6656
4.46509, 526.103, -193.697
4.43916, 615.079, -283.648
4.34871, 141.205, 535.206
5.88118, 9.5139, -182.184
6.10384, -125.661, -296.037
7.20082, -2226.83, 820.187
5.08573, 42.9175, -14.4569
5.5282, -154.104, -269.417
5.85049, 1498.37, -2235.34
5.11404, 262.813, 359.801
3.87105, 703.654, -259.421
7.08924, 237.889, 35.4665
3.73367, 610.553, -303.745
4.77876, 581.274, 385.64
3.30374, 56.5747, 65.7802
4.68319, 106.564, -227.723
7.45767, 506.371, -29.3015
6.26931, 3473.82, -3457.56
4.97846, 9.01164, -719.396
7.01651, 107.406, -129.677
4.68213, -667.719, 232.05
5.09239, 1976.02, -1590.87
4.44866, -1712.13, -2719.5
5.63431, 204.536, 2.93855
5.19331, 177.855, 95.684
4.35955, -20.9164, 1062.6
2.54674, -426.439, -476.867
6.3794, 86.3112, 252.86
2.85317, -588.875, -661.876
3.98511, 89.962, -242.863
4.78581, 292.516, 1080.49
3.25156, 576.959, -6.47815
5.97819, 210.046, -174.709
4.15587, -559.855, -641.375
5.21197, -3010.02, 5368.98
2.64678, -3072.76, -1862.91
5.38086, -108.711, 326.149
5.18133, 572.724, 74.6417
7.36678, 450.134, -196.882
5.57063, 170.388, 44.1088
5.26431, 2368.09, -4042.55
6.69051, 1309.75, -16.1423
3.75764, 269.666, -1034.79
6.98957, 196.015, -7.27962
5.97428, 522.765, 176.757
5.82752, -326.974, 2205
3.06838, 265.406, -622.383
3.37987, -1385.56, -778.084
2.91253, -1467.17, 2429.72
6.68103, -93.3935, -134.193
2.64818, 358.232, 3241.38
6.34719, 26.6535, -43.6577
4.29829, 245.333, -3231.91
6.24626, -495.6, -206.587
6.28385, 145.824, -59.1285
3.60834, 2375.42, -1213.11
5.58305, -162.861, 211.664
3.66846, 437.872, 30.3104
6.22052, -7.31225, -3191
5.80997, -391.364, -904.732
4.9209, -3013.23, 5302.13
2.58972, 919.186, 334.542
4.98291, 175.085, -213.634
5.09587, 230.648, 52.2285
4.71395, 712.39, 2986.86
4.14528, -2220.55, 1270.69
3.52671, 149.457, -0.481671
7.19863, -6.46488, 1294.97
2.85168, 1135.87, 2679.61
3.30042, 519.169, -983.46
6.70788, 461.663, -457.64
4.13614, 366.33, 130.134
6.85942, 761.828, 15.6681
5.99896, 53.5105, -178.71
5.52801, 76.1394, -366.06
4.77536, 556.769, -503.702
2.91543, 274.076, 1041.63
3.94883, -3056.92, -882.081
6.51009, 489.103, -300.268
6.81821, 69.3097, -693.577
3.81831, -4159.65, 327.289
4.79881, 326.946, -347.039
4.95672, 64.6761, -64.0291
5.82344, 1467.72, -2245.1
7.31738, 224.638, 132.297
7.23022, -121.397, -263.284
2.81902, 1575.34, -142.009
5.04829, -880.673, -561.715
6.13222, -83.3954, 68.2664
5.65882, 404.051, -210.179
3.26658, -5.0655, -27.9762
5.09652, 713.304, 2991.1
3.52281, 5208.92, -1659.93
6.03231, 161.358, -182.709
6.05786, -1069.44, 5540.97
3.66304, 60.6746, 65.2179
6.80594, -339.328, -58.1885
2.67122, -475.925, 317.792
6.26587, 359.07, -26.4644
4.14789, 271.12, 117.502
4.65309, 4683.27, -1171.51
7.33455, 483.813, 353.16
4.05803, -1665.5, -1667.96
5.69762, -5422.65, -39.828
5.95386, 148.574, -61.3564
5.36403, -276.903, 445.428
6.60667, -3008.23, 5362.21
4.21807, -3321.67, 1327.88
5.09387, -259.68, 21.1717
6.78438, -21.4521, 511.42
6.18587, 363.164, 991.626
3.45992, 837.199, -456.228
2.83145, 278.746, -26.3682
3.60828, -3911.76, 2464.24
3.33656, 212.118, 203.255
6.31172, 350.967, 180.554
5.44905, 1500.73, -1990.43
4.65223, -5669.06, -435.086
7.09618, 1694.74, -113.793
5.09668, -810.907, -1367.13
7.38058, -608.526, 111.813
5.15714, 325.863, 116.852
2.98716, -1101.26, 863.335
5.83983, -677.101, -677.527
5.44444, -586.862, 2566.88
5.01137, 238.175, -246.565
2.75808, 576.127, 1291.15
2.6753, -189.268, 493.268
4.41484, 371.146, 287.564
5.55555, -2417.22, -2765.9
5.06574, -5666.98, -435.395
5.98498, 86.8818, -349.513
4.89891, 72.6721, 80.6874
3.88323, -5769.92, 55.0029
6.01685, -255.579, 2784.19
3.67701, 395.602, -170.964
6.41501, 259.735, 44.1344
6.60589, 1000.81, 418.473
3.21842, 3574.53, 3144.77
5.75757, -376.085, -174.778
3.87677, -999.704, -1605.76
7.26215, 2671.46, -1161.46
4.58238, 423.884, 256.772
3.03869, 134.05, 237.903
4.70633, 20.2206, 190.428
6.28811, 42.1851, -719.458
2.77803, -288.363, 23.5415
3.51241, 196.798, -103.065
6.82305, 185.319, 150.309
6.52456, 665.038, -63.3088
2.78861, 540.386, 1903.87
4.40304, 148.972, -247.43
4.56124, 382.669, -15.8526
2.80071, -545.98, -149.842
7.09746, -1156.78, -1080.76
3.35398, 221.246, -19.4966
6.51634, -92.2452, -479.631
3.88599, 2099.41, -626.075
4.44586, 61.6365, -89.9135
7.19936, -1912.45, 910.69
6.24573, 124.32, 2875.8
3.44774, 3834.28, -3969.77
6.89581, -71.9483, -162.714
6.8953, 191.865, 72.3156
3.30515, 122.25, -1358.29
5.87346, 782.889, 443.332
6.89096, 65.789, 32.5262
6.98262, -728.288, 3625.87
3.06535, -151.455, -404.725
5.93789, -1375.14, -1148.77
3.21651, 519.674, -628.115
3.6901, -605.163, 159.28
5.64383, 2850.26, -1940.11
4.312, 457.208, -101.506
4.64437, -1770.04, -1635.97
4.91936, 1580.26, -1800.07
6.20379, 8.75429, 1455.14
3.23098, 458.181, 197.436
7.36238, 190.833, 11.1497
7.3158, -223.259, -97.7894
3.14741, 2554.5, -1609.91
5.3784, 179.732, -129.645
4.66439, 64.4033, -129.956
5.50066, 88.9856, 70.6305
5.85098, 137.315, -32.8082
4.5137, -2989.37, -1006.94
6.46691, -1752.28, -1517.47
4.89889, -3432.27, 1767.38
5.72449, -408.677, 578.439
4.28836, 5408.34, -861.264
5.96794, 81.5137, -626.128
5.83428, 676.055, 266.511
3.22071, 264.004, -144.775
7.10415, 121.193, -186.742
4.22228, 1123.51, 3764.95
6.66824, 289.715, 49.922
2.74349, 85.0107, -810.029
3.27936, 1353.52, -2039.63
2.55765, 27.2479, 41.357
3.94327, 215.69, 86.5827
5.07295, 423.16, -475.202
3.65948, 1021.26, -3418.57
2.75022, 789.233, -37.0265
5.33091, 253.071, -0.623095
6.69774, 523.439, 290.031
4.28763, -167.967, 26.1071
4.3452, 120.84, -971.067
7.22226, 205.751, -44.0213
4.72425, -1473.94, 106.773
6.82086, 87.9443, -61.1747
5.82654, 126.35, 643.124
5.79297, 26.2969, -321.354
7.10736, 2605.99, -1906.95
5.11536, -3130.38, 2541.78
5.45229, 68.058, 806.228
5.79944, -256.293, -2635.48
4.24765, -1625.35, 1087.82
4.11714, 218.349, 482.421
7.08984, 216.468, 456.118
3.08619, -4598.82, 1723.42
7.31268, -256.654, 139.739
5.17978, 334.728, -330.278
5.81447, 1522.32, 812.555
5.48362, -4743.52, 2276.18
6.93363, -129.813, -1196.72
6.67999, 78.0931, -8.15238
6.69339, 131.102, 11.0032
6.85642, 289.426, 52.8734
2.5002, -311.137, 2267.72
4.77274, -853.796, -2646.27
4.25696, 1718.19, 97.9448
5.80713, 4727.34, -3661.86
6.22234, 487.514, 274.358
3.3821, -962.289, -4135.98
7.4621, -1247.64, 1484.64
5.95466, -213.01, 107.13
6.97862, -10.2597, -150.244
3.51579, -1302.36, -403.742
7.2356, 734.479, 105.402
4.88476, -4420.6, 2348.08
6.78578, -3915.34, 2466.95
6.41237, 256.236, -214.362
5.70687, -3024.18, 2939.52
3.14521, 575.34, 395.097
5.77944, 116.562, -129.222
3.09199, 197.805, 66.1116
3.88793, 2645.4, 681.896
6.65548, 170.56, 2464.8
6.14153, 3669.65, 4712.2
6.74348, 4092.24, -3057.87
3.43989, -739.668, -29.0091
6.09602, 80.2917, 23.3382
4.25586, 22.3613, -630.524
3.34555, 137.589, -32.6733
4.52383, -4373.72, 523.503
4.20924, 258.969, 58.7212
6.67141, 114.815, 205.153
3.9111, -3346.91, -5425.7
5.16766, 3428.56, 2010.21
6.25085, 1005.2, -1794.23
4.62554, 407.807, 50.9133
4.66964, 1194.47, 57.5161
3.03022, -3314.31, -2297.01
6.4639, 301.984, -403.386
3.91232, -111.894, 9.87084
7.14264, 3638.74, 5525.18
5.37926, 48.9478, -127.824
3.4895, -241.838, 234.604
5.99081, 350.121, -32.8727
3.07265, 30.9576, 334.205
4.22945, -114.642, -60.9947
4.15646, 469.34, 5.18945
6.42735, -4753.01, 2246.89
6.65775, -139.128, -79.891
4.21712, 162.501, 121.647
4.2603, -757.742, -105.58
6.38197, 244.588, -219.595
6.58658, 638.612, -497.373
4.26157, 320.675, -237.052
7.09559, 256.883, -2.8719
3.2877, -88.946, -202.637
5.56029, 441.475, 226.789
5.54222, 140.767, 0.394948
3.16647, 2697.82, 2836.57
3.51409, 3415.36, 4688.77
4.79457, -354.761, -25.5829
3.48759, -524.617, 1482.56
6.77118, 559.437, 205.605
6.54562, 676.369, 586.058
2.80131, 2333.12, -1640.5
6.50584, 1484.61, -4336.34
5.49597, 57.9432, -339.712
7.43182, 135.692, 108.96
2.65919, -699.128, 165.259
6.8356, -2929.13, 3518.15
3.69109, -1295.62, -579.929
3.6127, 1621.34, 730.517
4.73907, 5960.81, 2777.58
2.61231, 344.666, -182.9
6.79755, 325.093, 119.399
4.15902, 470.378, -3739.41
5.72195, 960.975, -339.416
7.43521, 469.659, 59.0266
5.30162, 133.177, -94.475
4.74553, 155.472, 223.312
5.213, 312.268, 241.01
2.90797, -1728.54, 608.294
3.99606, 1513.21, 2640.26
6.63964, -3367.61, -629.718
6.48936, -3743.51, 1571.42
5.71048, 122.707, 242.623
4.84105, 432.315, 39.9082
7.15326, 611.634, 1929.89
5.08798, 420.839, -491.32
7.42924, -3854.46, 2457.02
5.94567, -16.9819, -332.137
6.19966, 258.85, 534.126
3.46323, 1259.76, 1333.4
6.08881, 2654.59, -1598.11
6.11146, 1110.51, -135.264
6.49298, 74.2765, -109.165
4.23216, -4464.09, 311.068
5.1481, -1641.66, -851.022
3.19001, 1254.48, -506.928
6.73218, 307.858, 1.1631
6.32766, -624.581, -568.229
7.5, -4753.81, 2247
4.24891, -6718.78, -2211.09
5.50367, 401.51, -26.2286
3.50808, -407.567, 3097.72
6.2385, -3152.91, 503.422
6.49225, 275.214, 90.9142
3.03505, -723.996, -531.758
5.35813, 136.216, 46.4326
2.84683, -4491.36, 1510.52
4.16036, 94.2568, -46.1904
5.80945, 250.536, 50.532
5.27726, 405.376, 3473.47
7.12415, 227.788, 125.841
2.69832, 275.789, 2516.9
2.62083, 894.23, 1111.72
4.61923, 189.326, -106.015
4.36987, -963.556, 214.87
2.93303, 3131.51, 3083.16
3.05403, -135.687, -147.74
5.31992, -4278.06, 131.134
7.37269, 183.608, -41.2129
3.05066, 85.9317, -3377.94
5.99352, -2730.87, -2991.9
2.79674, 128.518, 933.317
4.69755, 45.0898, -120.794
5.24651, 1013.02, 498.316
3.45129, -282.81, 252.772
7.36597, 46.6049, -190.005
3.19593, 87.434, -106.394
5.48978, -2743.26, 287.813
7.12812, 305.14, 585.007
3.91116, -1129.65, 244.023
6.8307, 349.008, -567.558
6.29598, 914.222, -1309.8
6.10793, 257.795, -130.653
3.34241, 89.3326, -404.069
3.32882, 1046.84, -2289.86
3.39076, 249.606, -42.1563
5.87226, 196.406, -118.435
4.83484, 77.2963, 102.884
6.85219, 402.198, 73.9436
5.76023, -384.86, 17.6832
5.80464, 1532.24, 812.044
2.58037, -143.745, 532.255
4.30596, 5073.52, 2890.02
3.72747, 153.583, 116.726
6.93086, 325.051, 662.698
5.23701, -6420.69, 113.374
6.57209, -500.275, -481.415
5.24453, -530.668, 0.893957
4.16156, 658.693, -275.554
4.40213, -1646.01, -2936.21
2.52389, 1572.86, 312.84
6.95226, 142.015, 68.9035
6.16955, 908.815, 255.052
6.04239, -538.994, 305.907
5.1278, 1801.29, -2482.47
6.41065, 234.541, 434.393
3.42484, 63.308, -294.125
5.72673, 172.26, -51.8128
3.42178, 42.5274, 47.2317
3.31214, -1164.93, 679.021
2.65594, 1233.22, 1378.13
7.42716, 242.088, 85.5588
4.04559, 84.6607, -80.8518
4.11075, -520.5, -6.88139
5.51155, 157.413, -55.9431
2.89107, 4860.22, -843.823
3.93936, 3.98577, -190.062
5.79307, 190.077, -301.378
7.36348, -126.788, -43.0873
7.27758, 3545.87, 1398.45
7.42745, 89.734, -129.744
7.30478, 102.119, -75.0696
3.0073, 792.179, 439.06
3.71505, 825.563, -121.108
6.91151, 494.017, -101.73
5.28805, 231.431, 28.0914
6.7669, 203.555, 24.7531
7.49145, -331.774, -135.554
3.99751, -4115.85, 1734.03
6.33157, -7401.91, -2428.19
4.81901, 809.265, -587.417
6.8168, 628.796, -14.8921
6.99018, 263.765, -53.3376
7.377, 568.71, 86.5141
2.77405, 274.305, -364.373
6.32605, 253.009, -443.432
5.09219, 1452, -2260.11
3.46574, -475.081, -226.768
6.98252, 219.955, -270.666
6.38492, -31.5727, -180.115
2.75968, 685.158, -1080.79
7.47331, 1431.56, -2338.82
5.93659, 111.556, -58.1352
5.94854, 1534.5, 780.528
6.57666, 2616.76, -1234.03
7.05426, 345.848, -136.914
3.34218, 2239.72, 4452.41
5.24183, 2539.5, -1891.94
6.53351, 132.518, 23.5615
4.17803, 34.7834, 91.1017
5.53435, -397.485, 372.32
6.59602, 1424.29, -2093.27
7.3485, 216.441, -152.518
6.29349, 193.162, 14.1543
3.72113, 125.977, -835.163
5.80589, 262.103, 158.002
4.21574, 816.468, 144.457
7.27146, 62.5475, 5.82467
2.60828, 2591.47, -2942.24
4.54979, 37.6422, 10.2695
2.55789, -3509.74, 3376.96
3.04964, 317.271, 1258.64
5.28259, 569.982, -728.01
4.45466, 250.729, -40.2951
7.20539, 224.313, -151.492
2.55572, 32.2105, -259.384
6.22897, 798.3, -1956.25
3.84293, 344.635, 237.661
4.27153, 54.1996, -501.079
3.45835, 5372.44, -5505.77
5.14832, 669.17, 481.409
4.39478, -824.612, -4657.96
3.16407, 331.494, -120.224
4.26563, 275.053, 399.75
4.2497, -4418.32, 2318.59
7.41084, -2194.07, -1575.88
5.25961, -294.319, 85.0949
4.99918, -1926.18, -531.219
3.58531, 1370.45, -2060.32
4.37311, -392.403, -628.446
6.78251, 2826.55, 2525.39
6.45578, -2642.09, 5354.41
3.9204, 2584.06, -3220.2
5.07645, 536.722, 200.266
6.79238, 52.5417, -178.825
7.07844, 480.471, 100.611
7.48941, -1741.53, -1542.04
6.53177, 316.581, 157.749
5.22718, 90.4659, -65.2671
7.3461, 525.377, 584.448
5.31931, 1238.1, 214.617
4.03031, 4.50601, -885.454
5.41853, 463.079, -87.322
2.91197, 307.852, -231.131
5.47382, -23.1671, -85.7084
3.31968, 2470.88, 4741.45
6.46527, -207.258, -317.14
2.95373, -558.565, 1448.61
6.3072, 138.26, -488.77
6.83996, 235.015, 43.5134
6.40105, 51.4798, -247.37
6.61399, -1851.45, -314.517
6.70974, 113.123, -50.1418
4.48328, 234.354, -58.3218
6.508, 142.541, -3.4671
6.56811, 158.862, -15.7197
5.43493, 585.595, 1234.36
4.64621, 120.371, 244.167
2.5002, -922.666, 416.056
5.31153, 182.112, -15.4554
6.22632, -104.992, 371.916
3.89846, 3022.28, 1778.97
2.93406, -706.203, -4237.55
3.5733, 605.72, 738.554
3.93296, 324.629, -165.068
4.86595, -444.552, -196.608
6.95893, -1769.38, -1536.65
5.91955, -58.9419, 153.109
3.54376, 88.6826, -184.131
6.67533, 118.333, 53.259
7.09218, 221.396, 286.567
4.48244, 71.7099, 495.868
6.37858, 1668.9, 249.649
5.68161, 98.3707, -0.246721
6.64746, 155.213, -362.504
3.40204, 1122.01, 337.237
7.45927, 156.179, -98.3893
6.70558, 195.86, -133.524
4.65177, 663.145, -498.834
4.38589, 106.679, -131.373
2.70802, 426.805, -206.345
6.80715, -614.425, -934.922
6.62116, -3865.8, 2362.46
6.25052, 1575.42, 1267.6
3.55801, 460.909, -495.79
4.31029, -73.0097, -200.392
4.43545, -293.184, -114.068
7.32918, -2896.98, -1830.39
6.5872, 579.754, 134.011
4.5755, 1216.64, -220.03
5.83759, -121.271, 742.984
2.52101, -3761.13, 3875.02
6.98048, -96.847, -253.75
3.68416, -310.684, 563.95
3.79415, -237.17, -200.946
5.4939, 606.492, 68.3933
6.89823, -155.4, 7.88491
6.16299, 271.038, -155.572
6.0773, 501.754, -117.236
3.57724, 5465.83, -244.926
6.30413, -3757.87, 2955.38
3.85351, 114.785, -114.642
2.75246, 154.008, 65.1586
4.78866, -1576.51, 528.201
2.58759, 443.889, 116.198
3.01129, 5492.51, -3519.73
2.639, 2285.02, -1335.39
5.65921, 226.605, -245.946
6.34425, 213.234, 77.0446
2.74132, 618.482, 126.761
6.6924, 490.516, 857.96
6.76899, 20.73, -87.818
6.57649, -231.872, 652.029
6.85188, 338.982, -3935.82
5.27222, 272.144, 79.5828
6.12646, 23.3384, 964.548
3.20424, -4086.38, 3406.45
6.6115, 31.7934, -95.9018
5.51185, -2416.66, -2762.28
4.93856, 228.308, 119.489
6.14942, -113.978, -282.141
4.05164, -1720.58, 1047.53
3.93925, 247.129, 44.056
5.45857, 2015.1, -2494.91
5.34055, -2783.38, 1515.67
5.41059, 2474.57, 1930.68
2.84132, -346.21, 445.339
4.34304, -1658.32, -322.945
6.28475, -153.108, 321.311
6.35297, 688.56, 2731.58
4.27217, 201.305, 690.156
5.98913, 86.056, 57.3657
5.08005, 1761.72, 1070.14
5.94494, 487.343, -187.598
6.18066, -1667.52, -1195.17
2.56231, -2500, -1687.51
7.16549, 333.467, -141.022
5.37826, 307.175, 188.179
3.05587, 693.53, 592.102
4.87388, 285.419, 137.686
3.24247, 1688.33, -585.654
4.22594, -7781.76, -1744.71
7.04476, 149.875, -3.73184
4.54571, 2585.5, -1164.98
5.96642, 250.216, -226.573
3.35865, 41.1545, -160.524
6.21715, -4229.11, 1490.67
4.16319, 176.178, -199.289
4.62157, 280.585, 130.602
2.79523, 181.541, 699.357
5.09005, 150.566, 3.26148
5.94425, -113.52, 320.601
5.01149, 122.744, -170.309
6.56617, 103.297, 70.9854
3.07974, 102.462, -349.581
5.24841, 1119.2, -195.101
5.06046, 272.005, 299.735
6.02649, -1706.11, -1525.16
5.65083, 99.4233, -0.15802
4.0207, 625.764, 214.642
6.74719, 102.839, -63.3385
3.39619, 1324.69, -2092.25
2.61737, 180.841, 122.562
4.19467, -55.8233, -2.43298
3.43818, -1817.22, -1365.53
6.60467, 224.545, 100.013
6.72507, 119.124, 2786.57
6.78031, -2850.14, 1566.57
7.37454, 324.083, -454.364
2.99587, 228.861, 710.331
2.56182, -3493.96, -2651.54
2.58614, 517.056, 631.515
2.64527, -346.49, 238.39
4.1031, -1759.3, -1599.64
6.17815, -2880.99, 1705.84
3.14876, 220.958, 69.4629
2.5161, -2473.05, -471.213
6.91905, -96.2271, -173.488
3.70482, 437.17, -265.193
4.38481, 373.292, 1037.92
4.44879, 368.9, 273.275
2.81534, 3261.86, 1242.57
7.30792, 270.776, -8.97479
3.75349, 21.8194, -74.5054
6.85376, 248.817, 33.4189
2.85991, 2673.36, -3639.45
2.70653, 3423.57, -2216.39
3.46378, -440.186, 94.0149
3.86708, -1821.77, -1893.25
7.4007, 82.0354, -112.194
3.60607, 1063.73, -4505.44
6.43119, 1489.48, -2231.82
4.42306, -132.675, 1249.83
3.78593, -2612.53, 2974.99
3.91087, 462.793, 397.521
7.33834, 823.171, 125.284
4.22841, -17.2909, -123.795
3.45922, -495.449, -626.036
5.05037, 266.93, -95.5251
5.21857, 1021.59, -4031.83
5.72333, 949.351, 31.3739
3.89738, -553.546, 229.189
3.41887, 598.448, -382.217
2.71579, 2042.19, -2383.22
3.98408, 611.498, -0.51393
4.25548, 1140.98, -650.324
7.09372, 54.8737, 30.6934
5.81225, 370.526, 287.054
5.08041, -1759.6, -1544.69
4.03763, 187.131, 81.7306
3.0007, 1725.63, 1846.24
3.47502, 111.77, 107.725
4.11407, 2786.1, 2892.17
5.56182, 629.993, 322.73
5.13511, 2401.51, -1090.3
3.45653, -209.981, 808.926
4.7178, 4868.83, 2842.58
4.48693, 5613.47, -1094.85
6.28051, -16.7229, -420.349
6.6213, 511.27, -92.1627
5.51573, 283.293, -326.104
3.04573, 232.487, 33.4188
4.11797, 2226.55, -591.985
5.03403, 154.182, 29.6161
4.76521, -12.1323, 280.042
4.77315, 390.533, -214.691
4.91125, 486.976, -95.7776
5.07896, -3918.94, 688.981
4.50207, -1973.52, -1002.89
4.22945, -509.153, -460.311
6.64533, 326.206, 266.262
3.02204, 2157.7, -1320.8
6.40057, 266.47, -62.0925
3.19919, 884.485, -356.54
2.62171, 3385.77, 3856.23
6.0664, -167.571, 1188.23
7.15538, 375.486, -359.028
7.47667, 343.751, 229.249
3.86264, 160.962, -247.449
3.6923, -1787.98, 346.572
3.87328, -371.408, -2776.89
5.70836, -140.898, -347.783
5.17637, 376.238, 29.7835
6.8967, -2488.46, 4337.48
6.75968, -86.8248, -229.386
2.98004, 46.5983, -488.406
4.66818, 147.755, 203.093
3.17045, -431.334, 296.888
5.86802, 91.6938, 98.5565
5.34964, -96.1197, -688.227
3.66474, 108.049, -1095.74
5.50306, 357.152, 49.4581
2.6551, 88.1068, -171.528
7.08512, 247.079, -54.0785
3.82958, 297.66, -541.818
6.50016, 102.793, -94.0351
5.46389, 339.038, -57.2806
5.0822, 382.807, -69.8405
5.2567, 1701.24, -885.107
3.47225, 663.27, -323.69
5.36152, -2617.69, -104.923
3.81992, -559.072, 5817.35
4.41648, 2395.42, -4991.11
2.73626, -501.648, -478.75
4.22823, 164.012, 182.351
3.61594, -2653.29, 6303.89
3.81264, -150.992, -311.662
3.05141, -166.134, 112.806
7.40088, 270.871, 230.045
5.93794, 517.809, -159.741
5.82158, 29.3655, -304.557
5.99501, 454.569, 381.726
2.68746, 256.154, 44.386
3.6706, 42.3916, -85.2241
3.95397, -4828.02, -7268.28
3.50543, 30.8875, 213.793
2.7177, -2321.45, 3440.65
2.56571, -180.833, 158.012
6.07297, 5210.05, -1657.88
6.88348, -138.22, -203.476
5.35088, 1587.01, -2983.56
6.92743, -2631.48, -2995.64
5.20042, -1305.51, -237.33
3.31357, -1623.42, 259.471
3.30492, -2447.18, -1900.32
7.19182, 287.086, -259.844
3.45628, -114.852, -64.7115
3.15761, -2663.09, -235.113
4.41122, 151.157, -23.1007
6.12674, -579.687, 2573.25
2.50651, -5692.87, -442.287
4.60222, 4037.78, -2299.07
5.18984, -362.817, -67.0684
4.86596, -989.172, -610.497
6.33003, 233.199, -638.163
2.9396, -830.408, -629.103
7.04284, 202.774, 116.85
3.20818, -474.522, -46.3005
2.54782, 100.546, 661.318
2.82267, 407.285, 173.043
4.96742, 149.69, 96.7817
5.40914, 85.237, 2.13545
4.03373, 3319.96, -5829.31
4.57091, 451.77, 396.993
4.33401, 1322.88, 1587.54
3.42687, 361.041, -2244.68
2.76788, -2369.72, -2246.71
4.47222, 337.581, -284.3
3.98388, -909.205, -1110.94
5.05388, -230.497, 68.3023
3.75392, 2015.81, -3309.12
5.01589, -1015.77, 1833.41
2.51168, 709.096, -633.392
7.01807, -4751.53, 2251.99
2.79181, 2971.97, 3012.96
5.17506, 131.021, 2823.94
3.95754, 2394.58, -1093.65
7.3023, 59.114, -4.37337
4.73406, -2909.42, -1163.97
5.08479, -15.763, -187.91
5.93861, 446.113, -115.667
2.72187, -60.9784, 506.477
7.2946, 3274.62, -2396.94
5.70852, 407.241, -272.074
2.80215, 98.7182, -56.0508
3.33964, 295.431, -190.762
5.76491, 353.875, -431.018
6.19864, -342.922, 2199.83
3.57011, -267.525, -488.327
4.31441, 622.591, -1809.73
6.56981, -240.93, 410.495
5.32057, 212.435, 43.3842
7.45886, 252.967, 8.00384
6.5669, 220.223, -335.711
3.49157, 2928.57, -3754.31
2.50003, 336.508, -164.062
4.62608, -2918.66, 3506.05
4.07406, 1723.13, 1100.93
5.56218, -3166.38, 512.129
3.83351, 123.235, 132.252
4.39881, 1331.48, 546.129
5.43397, 197.447, 133.335
5.95636, -1627.9, -170.009
7.26736, 260.604, 48.1484
4.89785, -85.2234, 959.219
3.60319, 96.8468, -37.5346
5.33741, 915.163, 656.422
6.09873, -21.8916, -215.286
4.4953, 1828.27, -1.99534
3.48326, 257.066, -154.337
6.66971, -68.2303, -118.125
5.59561, -34.8089, -673.775
7.26866, 143.921, 5.64292
3.23222, -466.425, 79.9584
5.38953, 360.69, -49.3004
7.26796, 204.531, 31.1016
3.62331, -4773.64, 2222.15
7.25137, 251.596, 46.9176
3.07874, 1157.15, -532.66
2.58372, 688.784, 280.413
3.90465, -236.989, 472.686
7.15042, -187.231, -253.846
3.04796, -831.372, -403.962
6.77266, 0.699368, -140.799
5.68532, 99.3284, 56.8336
5.63853, 240.612, 12.8181
3.80589, -651.687, 1372.37
5.13936, -679.329, 216.715
7.16608, 1632.24, 704.008
3.98055, -1169.33, 143.644
4.78006, 283.613, -87.2072
6.35659, -896.287, 4008.77
4.17193, -1690.93, -2907.97
6.31775, 375.563, 76.0343
6.65892, -1955.86, 2171.85
2.64618, 2147.11, -1327.52
4.31315, -262.375, -670.284
4.16221, 294.627, 7.01674
3.17675, 1690.66, 1632.83
3.00839, 1129.18, -3458.88
5.11327, 335.613, 223.933
3.52046, 271.367, 219.151
5.00728, 214.416, 299.186
5.1371, -4225.44, 2800.96
4.13422, 32.1869, -201.811
4.75888, -32.4595, 629.655
6.85263, 458.957, -212.482
4.72884, -34.6251, 55.9635
6.03726, -17.6267, -130.397
6.83171, -1710.59, 336.463
6.5822, 672.434, -686.616
2.67504, -3295.29, -1284.64
3.8644, -753.288, 1949.39
5.21858, -1251.71, 833.361
3.19942, 3446.38, -575.725
5.57408, 89.1427, 9.05395
3.29182, 411.302, 126.638
4.41129, 683.907, -59.6002
5.94997, -362.963, -292.843
3.21128, 3425.76, -9.78725
5.65284, -228.018, -141.988
3.15973, -2851.06, -1483.77
7.13583, 400.223, 71.1177
5.53465, 4570.15, -6982.41
5.50388, 259.994, 436.814
3.33635, 371.952, -77.218
3.301, -1245.5, 1862.05
5.91628, 243.292, 248.908
5.1456, 241.596, 28.1555
3.65264, -1818.3, 1020.56
6.55373, 140.547, 9.04421
5.76477, 101.941, -224.322
4.08597, 50.0469, 673.122
2.53953, 80.1113, 504.985
3.49176, 323.767, 177.444
3.78831, -103.02, -139.59
3.03825, -26.0484, -540.979
3.49545, 308.849, -552.162
6.75079, -4905.31, 2613.37
6.63912, 337.435, 158.944
6.76813, 159.651, 47.9817
5.71027, 174.172, 157.454
3.6787, -2505.09, 2600.92
6.80638, 102.831, 89.048
5.4745, -174.896, -289.423
2.52745, -1676.79, -1266.04
6.84925, -390.049, -908.918
7.37729, 397.815, -182.647
5.59653, -1769.19, -1537.5
3.85574, 461.771, 126.439
7.46973, 247.673, 16.4346
4.60751, -1097.48, -491.626
4.20537, -355.6, 33.7772
4.80717, 154.749, 53.177
4.44822, -955.415, -2624.21
4.613, -4131.03, -792.511
2.84879, 244.609, -293.53
5.5153, 417.62, -292.934
7.36114, 544.957, 78.5233
5.07406, 347.583, -315.292
7.45461, 170.801, -10.8726
5.84906, -2214.79, -5206.58
4.01716, 154.943, 8.12011
3.47371, 500.427, -120.471
4.0109, -460.515, -183.806
4.93946, -123.521, 115.215
4.72438, 288.953, -22.682
5.7844, -542.237, 133.856
3.74227, 5074.43, 2889.81
4.72007, -1235.63, -1012.53
5.75894, 287.743, -4.06858
6.67472, 192.873, -207.71
6.03698, 172.546, 505.306
4.93928, 230.337, -527.323
6.72039, 12.0518, -7.77305
7.00296, 771.099, -712.251
6.33082, -228.455, 0.757328
5.29453, 535.83, 590.123
2.70603, -695.234, 200.624
5.46749, 408.629, 225.697
2.68674, 32.2069, -3443.49
4.53488, -570.246, 670.57
2.84243, 538.994, -92.2018
7.38558, 220.094, 56.9953
2.5956, 1755.47, 2732.86
6.60363, 153.346, -261.181
5.2195, 3382.7, -2817.85
5.72828, 460.36, -269.371
3.62934, -535.183, -41.2039
2.733, 509.719, 2796.36
3.63154, 419.34, 468.036
4.58371, -3.95525, -2329.03
6.40126, 331.674, 46.799
3.72852, 1421.64, -2092.61
4.81411, 128.784, 160.267
6.14756, -777.926, -209.811
5.35237, 4709.25, -640.971
5.45997, 64.4692, -76.3345
4.98425, -858.393, -199.596
3.951, 72.752, 48.4302
4.71107, 86.4995, 458.3
2.53669, -2656.64, 5852.74
7.41683, 171.18, -151.589
2.52822, 112.805, -76.5513
4.8676, 1879.82, 657.483
5.86497, 3206.12, 5470.07
