6.27803, -2321.42, 1279.21
3.5948, 136.867, 1374.96
5.89648, 718.497, -216.531
5.09708, 205.882, -174.315
2.76731, 4148.34, -4332.93
2.53849, -1195.43, 1302.59
4.58743, 5842.55, 3440.42
7.15218, 47.4213, -136.347
2.95982, -421.865, 710.304
6.00595, 503.309, 300.307
3.81226, 39.7519, -135.699
4.14117, 166.639, 212.867
7.45519, 378.629, 52.9994
7.41275, 44.9929, 78.4593
5.75759, 759.862, 96.554
6.92354, 114.909, -4.64152
6.33247, 219.118, 6.9354
3.87453, -1819.51, -543.218
4.93259, -1086.77, -807.152
2.80282, -5256.66, 1211.58
5.08146, 310.532, -35.9466
4.96988, -3708.65, 1312.55
7.23882, 226.153, -230.197
4.42071, 144.912, -80.8312
5.14874, -2912.33, 806.771
2.75042, -311.171, 3768.83
6.63909, -504.897, 104.561
5.94228, -379.847, -232.972
6.18112, -200.922, -23.9165
6.94286, -2858.67, -2595.89
4.25508, -292.296, 570.078
6.72991, 240.368, 141.398
3.84659, -315.437, -170.626
4.83959, -87.8699, 399.841
3.2686, 96.3661, -314.788
2.66527, 210.665, 448.069
7.2768, -1333.74, -935.875
6.95369, 293.891, -660.501
3.29884, -987.211, 231.558
3.15214, 411.137, -2.10817
2.515, 2366.09, -379.009
6.0491, -118.089, -162.534
3.40448, 1214.22, 235.555
5.76029, -119.442, 276.58
4.42907, 551.277, 242.972
3.23766, 1130.85, 1381.94
5.45054, 24.3275, -160.025
3.24076, 2269.08, -1111.3
3.2091, -1895.64, -1163.61
4.94257, 409.111, 34.1884
3.13015, -637.836, -520.075
5.64635, -168.862, 90.6273
5.60817, 287.449, 61.9946
4.88216, 2605.41, -3602.44
2.64188, 618.618, 497.388
3.21011, 3189.51, -530.438
3.15594, -218.189, -328
3.31099, 1236.73, -1934.8
3.76529, -779.042, 179.21
4.77654, -3562.82, 1881.77
6.54472, 283.809, 251.935
3.57624, 180.232, 116.643
3.75063, -121.032, -136.508
5.02978, -479.241, -1039.24
6.27922, 153.01, -24.4685
5.66369, -1225.65, -2640.85
5.9449, -1924.05, -1343.69
7.27207, 224.891, -11.09
5.18713, 3701.39, -1882.14
4.57014, 76.9503, -1002.28
4.70019, -349.645, -573.24
6.07821, -1490.42, -1651.67
6.20858, -1997.46, -1623.87
5.12494, -2529.49, 2102.58
6.06711, 213.214, -193.907
5.91025, 55.1369, -77.2414
6.82941, 1711, -1309.26
3.19597, 726.594, 1440
3.57766, 188.18, 68.8795
5.0733, 752.749, 1429.73
4.83766, 153.751, -70.7561
3.55759, 2739.96, -2797.1
5.65244, 219.36, -104.266
2.5044, 2179.48, -3125.58
4.09589, -521.102, -2377.37
5.90281, 184.529, -39.7314
6.0446, -182.017, 47.4774
2.90869, 508.328, 151.702
3.56926, -787.106, -264.161
4.44412, 357.787, -62.3408
4.44927, -3012.88, -1057.41
3.92018, 152.599, -14.151
4.6123, 201.217, -28.62
2.55658, -1068.81, 14.6134
3.72027, -3854.39, 2079.42
4.49072, -1403.74, -2758.36
6.64177, -460.164, -327.728
3.78584, -254.297, 614.81
3.59705, -1243.93, 104.047
6.47385, 81.8149, -3.0954
5.8476, -265.258, 147.491
5.49108, 115.037, -293.069
5.99917, 2098.1, 1273.93
5.13062, 123.234, 42.6257
4.14833, 283.997, 561.731
3.30844, 4090.54, 700.798
6.56633, 101.039, -155.752
4.08004, 339.975, 333.373
4.05369, -385.568, 93.1665
4.65424, 105.726, -150.86
4.46509, -103.366, 216.653
4.43916, 406.058, -43.5231
4.34871, -64.5721, 744.913
5.88118, 353.712, 282.342
6.10384, 491.416, -42.173
7.20082, -1923.48, 600.986
5.08573, -32.425, -45.3511
5.5282, 501.777, 296.836
5.85049, 1239.61, -1928.92
5.11404, 110.704, 2.91582
3.87105, 566.93, -588.979
7.08924, 72.7952, -18.4806
3.73367, -4.0261, -40.7744
4.77876, 312.632, 838.615
3.30374, -6.54777, -249.432
4.68319, 314.28, 0.84861
7.45767, -11.8742, -163.105
6.26931, 2676.99, -2781.72
4.97846, 96.6771, -12.8261
7.01651, 91.5349, 60.653
4.68213, -771.04, 106.04
5.09239, 1670.06, -1414.77
4.44866, -1453.98, -2225.22
5.63431, 21.7884, -154.294
5.19331, 17.9487, -114.393
4.35955, -148.342, 774.725
2.54674, -430.412, 117.297
6.3794, 407.642, -104.834
2.85317, -487.154, -509.839
3.98511, 171.052, 436.09
4.78581, 454.19, 238.365
3.25156, -142.081, -12.767
5.97819, 198.595, -163.537
4.15587, -461.665, -480.176
5.21197, -2341.5, 4170.29
2.64678, -2555.39, -1395.48
5.38086, -40.6671, 299.848
5.18133, 567.849, -215.623
7.36678, -359.711, -64.1196
5.57063, 173.089, -17.0833
5.26431, 1900.52, -3176.64
6.69051, 1188.46, 194.892
3.75764, 24.6965, -616.752
6.98957, 210.966, -82.4317
5.97428, 60.3101, -101.812
5.82752, -158.569, 1900.88
3.06838, 11.3445, 28.4861
3.37987, -953.637, -792.316
2.91253, -1064.44, 1845.15
6.68103, 242.649, 83.978
2.64818, 2.12747, 2494.19
6.34719, 559.012, -204.586
4.29829, 254.001, -2651.33
6.24626, 593.406, 29.0074
6.28385, 158.197, -43.1658
3.60834, 2184.51, -915.715
5.58305, 47.5847, -129.539
3.66846, -351.395, 115.842
6.22052, 27.4278, -2607.13
5.80997, -420.408, -815.754
4.9209, -2419.89, 4218.18
2.58972, 790.869, -21.2873
4.98291, 145.013, 25.0059
5.09587, 190.65, -5.46554
4.71395, 718.715, 2468.82
4.14528, -1905.05, 945.078
3.52671, 200.415, -106.12
7.19863, -103.067, 1323.88
2.85168, 1095.89, 2160.69
3.30042, 520.725, -482.673
6.70788, 445.069, -769.5
4.13614, 216.379, -418.765
6.85942, 991.384, 181.956
5.99896, 213.862, -103.879
5.52801, -153.734, 211.944
4.77536, -7.38229, -108.997
2.91543, 734.054, 893.99
3.94883, -2489.71, -874.292
6.51009, 237.575, -98.415
6.81821, 101.382, 377.074
3.81831, -3359.27, 264.429
4.79881, -448.669, -380.443
4.95672, 49.3308, -185.972
5.82344, 1280.83, -1940.19
7.31738, 144.058, -287.064
7.23022, 376.153, 160.346
2.81902, 1383.08, -371.303
5.04829, -896.186, -414.59
6.13222, 435.067, -87.135
5.65882, 138.208, -12.2596
3.26658, 320.529, -149.028
5.09652, 717.581, 2464.8
3.52281, 4135.64, -1335.82
6.03231, 432.346, -18.2978
6.05786, -800.668, 4389.24
3.66304, 230.662, -595.377
6.80594, -193.691, 12.0627
2.67122, -861.724, 124.388
6.26587, -305.562, 63.8622
4.14789, -237.219, -304.756
4.65309, 3696.42, -866.287
7.33455, 438.017, 340.961
4.05803, -1479.11, -1364.79
5.69762, -4311.17, -1.05869
5.95386, 145.276, -73.1018
5.36403, 345.958, -41.1424
6.60667, -2348.76, 4187.85
4.21807, -2673.93, 1133.78
5.09387, 406.273, -131.637
6.78438, 260.921, -303.458
6.18587, 599.168, 1054.53
3.45992, -212.466, 151.064
2.83145, 145.496, -59.9374
3.60828, -3138.67, 1953.98
3.33656, -21.0504, -116.527
6.31172, 262.538, -101.299
5.44905, 1213.68, -1715.9
4.65223, -4495.8, -395.746
7.09618, 1620.54, -209.977
5.09668, -525.548, -1088.51
7.38058, -97.4377, 53.917
5.15714, 211.503, -420.475
2.98716, -950.032, 1033.05
5.83983, -503.712, -571.715
5.44444, -558.662, 2162.75
5.01137, 364.314, 135.718
2.75808, 808.1, 1023.58
2.6753, -26.8463, 34.619
4.41484, 198.636, -98.5662
5.55555, -1925.27, -2312.37
5.06574, -4497.94, -397.383
5.98498, 55.0051, 203.123
4.89891, 236.109, -136.979
3.88323, -4507.5, 68.4966
6.01685, -184.503, 2342.46
3.67701, -30.2907, -118.375
6.41501, 76.2237, 29.4685
6.60589, 1244.97, 172.994
3.21842, 2766.33, 2527.92
5.75757, 157.605, 13.2684
3.87677, -505.228, -1269.22
7.26215, 2047.59, -1079.52
4.58238, 146.609, -268.414
3.03869, -359.493, -57.859
4.70633, 33.324, 4.6153
6.28811, 27.295, -282.461
2.77803, 347.326, -106.515
3.51241, 227.002, -148.253
6.82305, -19.4494, -40.3802
6.52456, -56.8943, 56.2401
2.78861, 468.684, 1710.8
4.40304, 204.105, -44.2462
4.56124, -193.81, -361.41
2.80071, 588.957, 1.64704
7.09746, -1104.82, -1057.78
3.35398, 214.263, -46.9715
6.51634, 140.136, 76.4007
3.88599, 1236.55, -443.681
4.44586, 248.781, -158.64
7.19936, -1667.38, 625.407
6.24573, 132.618, 2361.73
3.44774, 2914.42, -3122.41
6.89581, 143.108, 27.9678
6.8953, 83.8437, 4.70925
3.30515, -43.4022, -735.501
5.87346, 956.577, 375.729
6.89096, -27.561, -22.562
6.98262, -671.884, 2917.34
3.06535, 32.2507, -239.127
5.93789, -764.516, -744.995
3.21651, 720.047, -196.848
3.6901, 343.351, -122.41
5.64383, 2323.76, -1572.22
4.312, 110.653, -110.597
4.64437, -1451.76, -1293.56
4.91936, 1350.79, -1490.1
6.20379, 48.7597, 910.417
3.23098, -94.0717, -67.6334
7.36238, 166.98, -22.5947
7.3158, 232.388, -92.7431
3.14741, 2167.24, -1411.98
5.3784, 63.1813, 8.39563
4.66439, 483.086, 315.451
5.50066, 157.143, 68.0552
5.85098, 37.7547, 189.669
4.5137, -2471.96, -805.007
6.46691, -1515.36, -1398.11
4.89889, -2711.23, 1503.54
5.72449, -662.966, 694.599
4.28836, 4233.94, -698.371
5.96794, 165.29, 224.579
5.83428, -242.571, -263.859
3.22071, 318.706, -114.023
7.10415, -61.13, 39.1999
4.22228, 971.46, 3056.88
6.66824, 195.449, 47.0552
2.74349, 111.302, -69.5203
3.27936, 1075.36, -1605.8
2.55765, 43.6494, -124.269
3.94327, 207.296, -107.915
5.07295, 542.131, -483.683
3.65948, 757.988, -2820.93
2.75022, 554.096, 519.343
5.33091, -7.9292, -45.047
6.69774, -198.609, 316.715
4.28763, -320.371, -441.533
4.3452, 43.7476, -698.108
7.22226, 26.3198, -22.8968
4.72425, -1459.86, 211.768
6.82086, 303.461, -69.353
5.82654, -22.0219, 724.273
5.79297, 334.249, -223.203
7.10736, 2182.49, -1630.46
5.11536, -2521.14, 2098.48
5.45229, 285.341, 359.563
5.79944, -286.311, -2223.98
4.24765, -1488.66, 968.461
4.11714, -8.98949, -209.033
7.08984, 10.4841, -390.951
3.08619, -3703.41, 1309.06
7.31268, 500.355, -148.225
5.17978, 51.873, 226.064
5.81447, 1084.85, 429.025
5.48362, -3750.54, 1744.65
6.93363, -341.871, -1072.69
6.67999, 216.417, 70.5828
6.69339, 210.784, -171.033
6.85642, 296.892, -366.673
2.5002, -145.034, 1898.24
4.77274, -533.187, -1757.31
4.25696, 1674.3, 54.1647
5.80713, 3671.87, -2911.69
6.22234, 761.847, -231.284
3.3821, -811.51, -3311.5
7.4621, -1113.32, 1371.07
5.95466, -582.37, 85.8117
6.97862, 259.894, 303.028
3.51579, -1180.5, -299.316
7.2356, -67.8551, -129.149
4.88476, -3524.76, 1844.98
6.78578, -3136.76, 1956.07
6.41237, 576.071, 310.98
5.70687, -2453.87, 2376.96
3.14521, 309.326, 777.399
5.77944, 68.2677, -178.517
3.09199, 71.1094, -136.038
3.88793, 2253.54, 512.502
6.65548, 247.143, 2138.47
6.14153, 2915.19, 3730
6.74348, 3246.86, -2423.01
3.43989, -811.286, -431.062
6.09602, 97.9706, -176.566
4.25586, 180.278, -8.8725
3.34555, 90.2376, 38.6568
4.52383, -3444.17, 437.376
4.20924, 118.075, 15.1311
6.67141, 181.44, -294.811
3.9111, -2614.18, -4237.41
5.16766, 2650.15, 1604.6
6.25085, 737.449, -1309.19
4.62554, -224.256, 125.268
4.66964, 1346.61, -24.9266
3.03022, -2738.99, -1756.38
6.4639, 131.007, 88.4668
3.91232, -247.015, 285.752
7.14264, 2903.07, 4265.45
5.37926, 106.682, 99.1923
3.4895, 342.458, 202.985
5.99081, -257.609, -230.015
3.07265, -578.658, -46.1037
4.22945, 116.617, 650.293
4.15646, 137.779, -250.494
6.42735, -3783.62, 1744.93
6.65775, 350.606, 64.1994
4.21712, 822.319, -386.198
4.2603, -514.961, -90.2624
6.38197, 85.5702, 285.559
6.58658, 812.443, -299.786
4.26157, 176.027, 443.692
7.09559, 110.363, -99.8585
3.2877, 422.955, 246.778
5.56029, 933.262, -110.489
5.54222, 180.141, -170.927
3.16647, 2176.34, 2373.4
3.51409, 2679.85, 3723.46
4.79457, -220.227, 115.563
3.48759, -678.77, 1233.33
6.77118, -69.4711, -256.256
6.54562, -125.72, -261.155
2.80131, 1864.14, -1418.11
6.50584, 1204.6, -3489.58
5.49597, 275.428, -289.089
7.43182, 90.1186, 54.1456
2.65919, -932.474, 285.855
6.8356, -2341.07, 2833.1
3.69109, -360.026, -386.157
3.6127, 938.429, 544.378
4.73907, 4679.75, 2177.13
2.61231, -189.763, -223.019
6.79755, 191.738, -48.0599
4.15902, 448.635, -3167.66
5.72195, 811.459, -167.755
7.43521, -388.434, -52.2325
5.30162, 298.699, 33.9068
4.74553, 149.06, -175.278
5.213, 69.547, -178.827
2.90797, -802.924, 330.267
3.99606, 1403.94, 2150.71
6.63964, -2786.37, -536.562
6.48936, -2939.98, 1181.6
5.71048, -173.706, 60.6639
4.84105, 88.6833, -310.806
7.15326, 584.494, 1764.69
5.08798, -145.946, 176.149
7.42924, -3051.77, 1942.77
5.94567, 146.575, 217.932
6.19966, 272.36, 367.367
3.46323, 1222.21, 1161.12
6.08881, 2144.43, -1385.46
6.11146, 1105.19, 286.147
6.49298, 80.6163, -29.2911
4.23216, -3572.35, 280.818
5.1481, -942.835, -429.149
3.19001, 1098.94, -729.426
6.73218, 82.4443, -141.099
6.32766, -740.24, -484.255
7.5, -3788.46, 1731.74
4.24891, -5229.09, -1764.29
5.50367, 1008.47, 16.6937
3.50808, -301.528, 2624.96
6.2385, -2607.89, 440.796
6.49225, -310.753, -279.535
3.03505, -318.771, -654.161
5.35813, 86.8227, 16.4206
2.84683, -3650, 1264.66
4.16036, 331.758, -346.998
5.80945, 2.37698, -272.498
5.27726, 379.464, 2850.57
7.12415, 73.9662, -415.573
2.69832, 215.754, 2065.15
2.62083, 971.539, 1118.86
4.61923, 371.485, 124.909
4.36987, -815.086, -48.3163
2.93303, 2462.69, 2416.98
3.05403, 415.975, 237.533
5.31992, -3370.66, 112.636
7.37269, 144.59, -21.1278
3.05066, 22.707, -2815.46
5.99352, -2244.85, -2483.11
2.79674, 233.652, 1152.26
4.69755, -273.125, 149.604
5.24651, 569.565, 245.085
3.45129, -17.8219, -144.946
7.36597, 421.927, -31.1742
3.19593, 232.376, -170.219
5.48978, -2287.72, 299.48
7.12812, 94.4751, -69.24
3.91116, -471.583, 71.8799
6.8307, 5.88974, -65.7932
6.29598, 915.334, -1240.19
6.10793, 413.948, -53.7233
3.34241, -84.6057, -612.768
3.32882, 648.051, -1882.75
3.39076, 328.807, -163.995
5.87226, 52.4744, -262.324
4.83484, 465.727, -109.457
6.85219, 348.292, 270.822
5.76023, 332.672, -157.798
5.80464, 1094.59, 426.885
2.58037, -205.92, 590.537
4.30596, 4021.72, 2331.64
3.72747, 236.527, -636.995
6.93086, 578.537, 908.738
5.23701, -5059.98, 83.915
6.57209, -260.328, -439.466
5.24453, -856.289, -163.98
4.16156, -91.5868, 123.72
4.40213, -1383.03, -2410.37
2.52389, 854.683, 145.5
6.95226, -1.1339, -159.064
6.16955, 496.422, 147.348
6.04239, -590.013, 242.979
5.1278, 1570.59, -2013.28
6.41065, 190.816, -282.801
3.42484, 231.534, 61.2463
5.72673, 242.572, -23.3268
3.42178, 314.543, -19.5986
3.31214, -1199.82, 616.579
2.65594, 1231.33, 1086.02
7.42716, 199.495, -108.436
4.04559, 96.7754, 48.5183
4.11075, -484.147, 55.1943
5.51155, 202.323, -106.876
2.89107, 3772.83, -600.028
3.93936, 308.259, 281.878
5.79307, 407.418, -827.071
7.36348, 470.819, -16.838
7.27758, 2841.42, 1092
7.42745, 73.7136, -159.883
7.30478, 191.823, -124.992
3.0073, 243.384, 591.966
3.71505, 931.534, -273.315
6.91151, -386.922, 98.1649
5.28805, -100.216, -197.279
6.7669, 192.306, -122.65
7.49145, 385.939, -49.695
3.99751, -3213.9, 1473.97
6.33157, -5769.32, -1924.35
4.81901, 234.079, 250.837
6.8168, 683.822, 117.536
6.99018, 94.1746, 35.077
7.377, -363.064, -177.961
2.77405, 281.675, 94.4888
6.32605, 391.235, 153.613
5.09219, 1242.82, -1878.51
3.46574, 136.438, -381.542
6.98252, 35.1135, -542.248
6.38492, 462.19, 25.7883
2.75968, 479.91, -230.738
7.47331, 1323.95, -1937.65
5.93659, 130.956, -346.246
5.94854, 1111.06, 474.695
6.57666, 2165.66, -964.57
7.05426, 405.298, -174.136
3.34218, 1722.87, 3581.09
5.24183, 2128.11, -1493.78
6.53351, 121.166, 76.5345
4.17803, 402.164, 132.516
5.53435, -459.112, -180.686
6.59602, 1063.92, -1818.09
7.3485, 431.886, 105.631
6.29349, 241.515, 245.981
3.72113, 172.757, 130.702
5.80589, 216.005, 31.6933
4.21574, 957.936, 385.061
7.27146, -26.1755, -125.816
2.60828, 1983.35, -2438.49
4.54979, 697.324, -219.755
2.55789, -2558.31, 2695.48
3.04964, 280.948, 642.762
5.28259, 711.398, -960.852
4.45466, 308.598, -27.4993
7.20539, 174.957, 106.723
2.55572, 404.579, 296.464
6.22897, 427.993, -1113.86
3.84293, 289.031, -26.3369
4.27153, 225.374, -328.793
3.45835, 4214.63, -4320.87
5.14832, 501.712, 359.486
4.39478, -672.04, -3685.58
3.16407, 191.119, -21.5952
4.26563, 199.952, -43.2188
4.2497, -3608.8, 1808.99
7.41084, -1920.5, -1307.28
5.25961, -469.163, -256.047
4.99918, -1784.75, -475.758
3.58531, 1294.24, -1978.57
4.37311, -220.412, -161.282
6.78251, 2199.78, 1941.01
6.45578, -2059.46, 4135.6
3.9204, 2133.83, -2580.67
5.07645, 870.763, -116.005
6.79238, 168.394, -126.24
7.07844, -190.817, -66.7235
7.48941, -1506.02, -1395.39
6.53177, -357.859, 106.973
5.22718, 647.402, 399.896
7.3461, 47.6096, 537.589
5.31931, 1082.48, -47.2974
4.03031, 370.049, -1003.37
5.41853, -69.8445, -39.3541
2.91197, -142.771, 389.854
5.47382, 348.364, -111.78
3.31968, 1956.14, 3647.86
6.46527, -188.07, -679.02
2.95373, -690.935, 1232.05
6.3072, 47.1903, 265.292
6.83996, 68.8682, -21.1885
6.40105, 354.58, -106.419
6.61399, -1691.4, -340.923
6.70974, 191.845, -259.001
4.48328, 326.404, 119.715
6.508, 199.926, -92.1833
6.56811, 129.513, -29.4707
5.43493, 622.818, 1310.34
4.64621, 211.871, -198.301
2.5002, -371.358, 237.673
5.31153, 300.616, -36.7318
6.22632, 208.225, -438.347
3.89846, 2496.06, 1419.32
2.93406, -529.083, -3440.99
3.5733, 112.395, -125.58
3.93296, -411.277, 33.3604
4.86595, -481.521, -30.6316
6.95893, -1515.33, -1320.56
5.91955, 158.047, -84.9499
3.54376, 85.8311, -56.6035
6.67533, -75.4229, 72.8664
7.09218, 575.416, 437.719
4.48244, -162.951, -10.6566
6.37858, 1466.25, 396.602
5.68161, -220.139, 53.0879
6.64746, 217.53, 131.833
3.40204, 103.255, 96.1003
7.45927, 194.823, -111.614
6.70558, 57.1217, 89.8465
4.65177, 609.062, 108.873
4.38589, 391.603, 4.6435
2.70802, 148.697, -128.049
6.80715, -393.882, -646.214
6.62116, -3055.06, 2034.05
6.25052, 1243.75, 1232.47
3.55801, 423.114, -390.873
4.31029, 39.3945, 177.807
4.43545, 314.927, -39.6073
7.32918, -2422.9, -1550.92
6.5872, -124.45, -217.562
4.5755, -104.235, 54.2325
5.83759, 98.7742, 537.435
2.52101, -3025.04, 3002.2
6.98048, 248.108, 66.1646
3.68416, 111.06, -222.025
3.79415, -469.819, 32.9597
5.4939, -353.294, -244.416
6.89823, -765.859, 17.3742
6.16299, 139.046, -247.757
6.0773, -429.019, -109.659
3.57724, 4344.63, -198.169
6.30413, -3046.13, 2377.55
3.85351, 588.433, 188.841
2.75246, 73.8286, -72.9815
4.78866, -1159.77, 506.072
2.58759, 57.9692, -415.123
3.01129, 4240.35, -2758.59
2.639, 1258.71, -685.038
5.65921, -40.7232, 314.475
6.34425, 190.774, -109.659
2.74132, -73.2954, -79.3572
6.6924, 542.754, 858.342
6.76899, -18.3807, 64.0276
6.57649, -34.7199, 152.219
6.85188, 195.851, -3138.61
5.27222, 101.443, -39.2814
6.12646, -0.223113, 1153.23
3.20424, -3312.55, 2642.91
6.6115, 267.972, 152.768
5.51185, -1930.47, -2312.27
4.93856, 50.0261, -162.389
6.14942, -456.449, -263.772
4.05164, -1589.68, 890.453
3.93925, -200.189, 475.345
5.45857, 1724.39, -2100.47
5.34055, -2269.95, 1236.49
5.41059, 2155.32, 1566.31
2.84132, 113.903, 91.3822
4.34304, -1552.1, -70.4999
6.28475, 450.613, -69.8222
6.35297, 756.225, 2257.72
4.27217, 77.1949, 574.992
5.98913, 223.93, -108.904
5.08005, 1639.06, 969.707
5.94494, -53.4982, -49.0155
6.18066, -1542.68, -1081.66
2.56231, -1985.21, -1576.14
7.16549, -9.58427, -64.3664
5.37826, 618.659, 245.268
3.05587, 31.2984, 689.029
4.87388, 105.337, -153.475
3.24247, 1410.06, -94.2507
4.22594, -6115.62, -1389.5
7.04476, 180.05, -159.238
4.54571, 2180.29, -932.465
5.96642, 85.8798, -59.3442
3.35865, 286.435, 151.786
6.21715, -3306.03, 1200.49
4.16319, 27.4975, 60.0597
4.62157, 211.313, -255.094
2.79523, 85.0142, 700.506
5.09005, 167.883, -47.8028
5.94425, -22.3936, 298.268
5.01149, 310.228, 310.071
6.56617, 143.655, 143.429
3.07974, 303.528, 22.2712
5.24841, 1127.81, 166.804
5.06046, 49.4487, -224.7
6.02649, -1538.88, -1379.72
5.65083, 207.567, 35.5428
4.0207, 692.829, 508.14
6.74719, 160.781, -22.4462
3.39619, 1093.35, -1774.38
2.61737, 132.869, 201.207
4.19467, 550.25, -62.4302
3.43818, -1592.74, -1166.41
6.60467, 307.942, -141.135
6.72507, 79.0707, 2418.71
6.78031, -2327.5, 1388.07
7.37454, 377.507, -374.973
2.99587, 483.573, 310.459
2.56182, -2723.6, -2128.63
2.58614, 105.528, -72.2776
2.64527, 72.7891, 517.614
4.1031, -1505.94, -1529.3
6.17815, -2336.51, 1307.5
3.14876, -341.331, -420.83
2.5161, -1686.37, -279.821
6.91905, 557.472, 109.31
3.70482, 48.3914, 199.481
4.38481, 455.004, 435.056
4.44879, 151.832, 134.509
2.81534, 2578.47, 989.982
7.30792, 220.406, -11.4351
3.75349, 110.37, 64.2344
6.85376, 152.865, 16.3258
2.85991, 2062.06, -2843.97
2.70653, 2528.74, -1798.76
3.46378, 222.912, -251.833
3.86708, -1383.28, -1724.55
7.4007, 206.689, -143.542
3.60607, 825.03, -3594.79
6.43119, 1238.7, -1933.62
4.42306, 107, 642.715
3.78593, -2139.43, 2370.14
3.91087, 533.253, -180.063
7.33834, -133.287, -92.5631
4.22841, -7.54023, -267.989
3.45922, -186.655, -87.9812
5.05037, 386.223, 2.57993
5.21857, 839.334, -3224.87
5.72333, 426.773, 328.351
3.89738, 324.597, -119.186
3.41887, 237.407, 113.362
2.71579, 1720.85, -2078.17
3.98408, 251.845, 336.768
4.25548, 1254.15, -554.015
7.09372, 100.043, -66.7973
5.81225, -226.724, -107.006
5.08041, -1472.58, -1316.35
4.03763, 75.2328, 107.959
3.0007, 1493.96, 1575.36
3.47502, 181.524, 5.56407
4.11407, 2216.9, 2382.64
5.56182, 680.021, 133.936
5.13511, 1633.21, -825.887
3.45653, -381.974, 1023.18
4.7178, 3882.8, 2238.71
4.48693, 4459.54, -869.089
6.28051, 256.125, 274.598
6.6213, -280.247, 180.268
5.51573, 42.7606, -829.62
3.04573, 293.314, -281.711
4.11797, 1937.71, -456.428
5.03403, 205.402, 47.323
4.76521, 174.993, 803.498
4.77315, -160.352, 202.294
4.91125, 14.325, -22.3342
5.07896, -3209.42, 576.818
4.50207, -1635.85, -1030.28
4.22945, -133.324, -333.602
6.64533, 71.1971, 673.261
3.02204, 1902.69, -921.623
6.40057, 305.633, -22.8759
3.19919, 441.463, 37.0423
2.62171, 2676.13, 3089.59
6.0664, -216.407, 1048.36
7.15538, 74.7584, 247.265
7.47667, 35.4207, -234.704
3.86264, 149.131, 153.169
3.6923, -1516.18, 499.648
3.87328, -265.121, -2284.14
5.70836, 355.236, 252.096
5.17637, -59.4772, -24.9252
6.8967, -2019.45, 3456.73
6.75968, 258.883, 288.111
2.98004, 145.262, 418.243
4.66818, 152.311, -95.1533
3.17045, -407.947, -45.0959
5.86802, 180.244, -5.03182
5.34964, -187.575, -455.73
3.66474, 115.025, -1220.3
5.50306, 3.95205, -162.924
2.6551, 532.888, 143.06
7.08512, 83.8639, -288.605
3.82958, 285.414, 353.421
6.50016, 123.894, -179.768
5.46389, 162.38, 156.512
5.0822, -287.777, -23.2096
5.2567, 937.729, -528.634
3.47225, -31.8111, 125.601
5.36152, -2127.01, -230.895
3.81992, -463.899, 4469.82
4.41648, 1851.82, -3929.6
2.73626, -258.615, -443.735
4.22823, 42.7635, 92.0349
3.61594, -2161.19, 4995.15
3.81264, 321.662, 152.221
3.05141, 331.441, -54.9955
7.40088, 67.1759, -444.888
5.93794, -426.785, -103.613
5.82158, -176.162, 108.156
5.99501, 127.176, -214.04
2.68746, 150.406, -14.4756
3.6706, 159.525, -39.0196
3.95397, -3749.11, -5649.9
3.50543, 330.93, 22.4945
2.7177, -1873.34, 2702.78
2.56571, 664.055, -251.812
6.07297, 4138.7, -1342.23
6.88348, -305.826, -352.899
5.35088, 1276.16, -2454.72
6.92743, -2085.04, -2314.59
5.20042, -800.157, 131.334
3.31357, -1447.99, 392.528
3.30492, -2005.31, -1614.66
7.19182, 113.039, 87.1952
3.45628, 281.135, -395.92
3.15761, -2224.9, -69.8608
4.41122, -276.593, 401.078
6.12674, -554.125, 2156.1
2.50651, -4503.1, -398.904
4.60222, 3205.06, -1847.23
5.18984, 586.435, 36.9562
4.86596, -424.116, -481.961
6.33003, 641.26, -626.641
2.9396, -561.69, -154.164
7.04284, 10.1711, -161.915
3.20818, -405.795, 498.92
2.54782, 173.299, 103.501
2.82267, 36.1736, -470.244
4.96742, 100.207, 71.186
5.40914, 256.332, -147.042
4.03373, 2601.07, -4606.85
4.57091, 39.7582, -14.1731
4.33401, 882.003, 1110.5
3.42687, 261.284, -2017.13
2.76788, -1845.55, -1905.44
4.47222, 111.614, 111.363
3.98388, -335.46, -535.379
5.05388, -361.815, -168.749
3.75392, 1608.92, -2714.3
5.01589, -571.162, 1114.1
2.51168, 1059.3, -551.326
7.01807, -3776.15, 1727.2
2.79181, 2469.03, 2386.94
5.17506, 65.8448, 2323.75
3.95754, 2043.87, -953.52
7.3023, 338.678, -239.537
4.73406, -2428.63, -1043.05
5.08479, 94.2694, 73.8316
5.93861, -431.523, 2.13069
2.72187, 32.4624, 580.292
7.2946, 2648.7, -1973.91
5.70852, 61.7603, 107.101
2.80215, -13.3023, -223.556
3.33964, 94.0001, 53.1403
5.76491, -27.7297, 128.717
6.19864, -139.684, 1911.08
3.57011, -443.662, 37.8556
4.31441, 413.906, -1638.77
6.56981, 214.368, -100.696
5.32057, 203.729, 3.241
7.45886, 160.475, -136.609
6.5669, 73.1398, 103.477
3.49157, 2312.69, -3022.55
2.50003, -115.199, -25.2941
4.62608, -2324.77, 2824.78
4.07406, 1542.87, 927.26
5.56218, -2585.05, 370.938
3.83351, 96.4287, 55.8415
4.39881, 934.072, 609.045
5.43397, 301.777, 162.81
5.95636, -933.538, -406.877
7.26736, 76.3384, 36.8774
4.89785, -217.59, 844.989
3.60319, 328.724, -439.079
5.33741, 731.781, 426.852
6.09873, 122.855, -8.02387
4.4953, 1703.28, -112.088
3.48326, 320.24, -113.389
6.66971, 352.953, -82.3139
5.59561, 246.555, -835.376
7.26866, 161.403, -110.225
3.23222, 409.902, -156.071
5.38953, 116.51, 12.6734
7.26796, 1.41815, -128.94
3.62331, -3623.7, 1803.51
7.25137, 105.612, -130.686
3.07874, 1190.9, -567.189
2.58372, 315.398, 229.995
3.90465, -196.37, 542.024
7.15042, 334.646, -85.1714
3.04796, -1045.34, -485.557
6.77266, -339.901, -430.147
5.68532, 553.878, 371.836
5.63853, 322.734, 134.213
3.80589, -548.73, 1310.76
5.13936, -8.93597, 36.6734
7.16608, 954.845, 523.968
3.98055, -985.421, 237
4.78006, 97.4829, -117.467
6.35659, -647.626, 3187.65
4.17193, -1338.57, -2531.12
6.31775, 148.09, 55.7442
6.65892, -1656.5, 1707.71
2.64618, 1860.29, -1120.45
4.31315, -255.949, 41.2649
4.16221, 84.3386, -332.463
3.17675, 1322.23, 1099.61
3.00839, 910.892, -2796.79
5.11327, 266.207, -207.79
3.52046, -4.47141, -140.38
5.00728, 273.491, 604.258
5.1371, -3351.17, 2141.26
4.13422, 159.055, -17.2236
4.75888, -205.333, 727.241
6.85263, 790.805, -188.517
4.72884, 66.845, 0.869336
6.03726, 410.335, 108.533
6.83171, -1537.29, 307.18
6.5822, 597.16, -340.834
2.67504, -2620.33, -1024.97
3.8644, -567.994, 1748.17
5.21858, -913.925, 597.236
3.19942, 2271.03, -433.604
5.57408, 254.057, -146.662
3.29182, -334.682, -128.654
4.41129, 38.4982, -410.578
5.94997, 376.411, 141.413
3.21128, 2834.55, -40.197
5.65284, -89.8264, 175.197
3.15973, -2281.31, -1352.56
7.13583, 347.397, 273.564
5.53465, 3553.99, -5440.67
5.50388, 211.644, -415.227
3.33635, -160.109, 136.093
3.301, -799.566, 1481.73
5.91628, 31.9444, -198.552
5.1456, 56.6984, -431.11
3.65264, -1566.88, 853.929
6.55373, 104.987, 142.883
5.76477, 149.228, -140.868
4.08597, 377.3, 225.169
2.53953, 270.787, 428.714
3.49176, -78.7236, -610.584
3.78831, 410.744, 68.8573
3.03825, 337.025, 402.811
3.49545, 235.593, 211.949
6.75079, -3886.33, 2090.18
6.63912, 120.714, -1.34416
6.76813, 195.152, -20.2716
5.71027, 5.01284, -106.215
3.6787, -2035.05, 2113.68
6.80638, 221.046, -104.222
5.4745, 311.084, -58.9704
2.52745, -1576.7, -1154.22
6.84925, -422.543, -814.64
7.37729, 101.332, 93.9366
5.59653, -1510.59, -1317.15
3.85574, 635.863, 56.1677
7.46973, 292.112, -104.368
4.60751, -1176.55, -202.04
4.20537, -514.19, 60.5186
4.80717, 137.937, -207.449
4.44822, -800.192, -2218.4
4.613, -3341.43, -666.261
2.84879, 280.382, -275.07
5.5153, -129.704, 144.117
7.36114, 264.448, -56.2605
5.07406, 74.5869, 226.596
7.45461, 119.669, 18.6876
5.84906, -1716.11, -4111.58
4.01716, 394.447, 309.79
3.47371, -424.848, -104.337
4.0109, 526.23, 177.072
4.93946, 390.576, -249.095
4.72438, -95.7284, -22.7708
5.7844, -251.909, 9.99972
3.74227, 4020.68, 2331.22
4.72007, -1106.54, -981.658
5.75894, -71.9299, -104.899
6.67472, 252.791, 133.521
6.03698, -82.3172, -315.685
4.93928, -68.0004, 312.801
6.72039, -67.9386, -323.592
7.00296, 429.119, -429.349
6.33082, 33.2619, 250.595
5.29453, -111.893, -339.569
2.70603, -352.989, -118.085
5.46749, 907.56, -149.37
2.68674, 118.396, -2828.74
4.53488, 281.245, -191.52
2.84243, 639.511, 320.402
7.38558, 299.473, -38.1952
2.5956, 1562.65, 2265.76
6.60363, 153.162, -170.494
5.2195, 2757.9, -2204.46
5.72828, 664.288, -74.4542
3.62934, -324.086, -210.574
2.733, 335.984, 2206.78
3.63154, -25.5547, 609.574
4.58371, 129.833, -1936.83
6.40126, 33.8742, -90.5148
3.72852, 1067.64, -1820.37
4.81411, 340.83, -97.7846
6.14756, -0.161432, 182.906
5.35237, 3745.61, -511.349
5.45997, -285.543, -682.991
4.98425, -353.167, -312.497
3.951, 24.1959, -77.9531
4.71107, 168.61, 366.628
2.53669, -2051.05, 4508.85
7.41683, 97.1754, -54.4039
2.52822, 188.884, 74.3235
4.8676, 1556.13, 665.664
5.86497, 2535.82, 4289.38
