6.27803, -634.468, -624.272
3.5948, 72.7123, -199.742
5.89648, 361.776, -606.892
5.09708, -224.627, 684.76
2.76731, -797.3, 710.598
2.53849, 216.567, -12.7331
4.58743, -702.334, -276.861
7.15218, 217.804, 326.946
2.95982, 68.8792, 516.421
6.00595, -135.939, 248.74
3.81226, 587.666, 665.603
4.14117, 430.994, -675.74
7.45519, 290.126, 231.827
7.41275, -412.202, -197.196
5.75759, 308.767, 342.449
6.92354, 222.981, -632.02
6.33247, -170.808, -420.744
3.87453, -526.823, -188.178
4.93259, -446.058, -216.146
2.80282, 838.36, 756.267
5.08146, -5.54107, 636.233
4.96988, 709.925, -518.921
7.23882, -653.35, -533.43
4.42071, -16.7013, -591.517
5.14874, 716.499, -402.882
2.75042, 801.771, -239.325
6.63909, 467.195, 434.703
5.94228, -649.945, -527.121
6.18112, 266.083, 639.168
6.94286, 719.533, 453.097
4.25508, -330.814, -498.909
6.72991, 223.11, 7.48444
3.84659, 497.737, -120.104
4.83959, -16.2321, -197.438
3.2686, -687.722, -554.248
2.66527, 526.433, 69.0838
7.2768, 73.4433, 80.2037
6.95369, 205.307, 321.282
3.29884, 476.913, 117.992
3.15214, 360.855, -527.797
2.515, -450.355, -671.337
6.0491, -650.305, -203.119
3.40448, -447.413, 622.47
5.76029, 662.936, -309.587
4.42907, 357.01, -581.34
3.23766, 88.6488, -207.246
5.45054, 518.247, 63.9877
3.24076, 173.197, 704.831
3.2091, -125.568, 710.386
4.94257, -388.51, 17.2604
3.13015, 646.591, -16.4951
5.64635, -265.027, -422.534
5.60817, 241.788, -468.198
4.88216, -462.801, 629.901
2.64188, -441.305, -181.484
3.21011, 9.84304, 644.764
3.15594, -195.073, 759.427
3.31099, -796.031, 651.025
3.76529, -146.818, -583.625
4.77654, 489.869, -680.958
6.54472, -35.4952, -228.671
3.57624, 208.322, 654.701
3.75063, 612.695, 302.781
5.02978, -9.73879, 695.618
6.27922, 485.777, 80.4919
5.66369, 650.014, -61.8786
5.9449, 495.322, -93.5011
7.27207, 736.025, 448.073
5.18713, -348.242, 538.111
4.57014, -565.506, -140.916
4.70019, 597.256, 131.08
6.07821, 589.759, 408.476
6.20858, 293.466, 399.992
5.12494, 685.894, -793.939
6.06711, -626.336, -147.162
5.91025, 278.108, -12.1076
6.82941, 724.679, -449
3.19597, 25.6313, 606.808
3.57766, 658.464, -123.569
5.0733, -265.262, -131.645
4.83766, -0.728711, 635.683
3.55759, -199.916, 611.451
5.65244, -574.582, 733.14
2.5044, -658.546, 234.851
4.09589, 296.153, 347.817
5.90281, 234.239, -66.5927
6.0446, 546.242, -437.461
2.90869, -717.179, 525.935
3.56926, 269.052, 361.939
4.44412, -584.944, -601.71
4.44927, 730.334, 722.466
3.92018, 313.253, -474.928
4.6123, 468.61, 431.671
2.55658, -616.983, -526.363
3.72027, 764.041, -658.423
4.49072, -667.504, 535.031
6.64177, -721.84, 244.023
3.78584, 770.341, -614.461
3.59705, -650.382, -533.28
6.47385, 252.004, 236.773
5.8476, 343.424, 334.558
5.49108, -658.35, 220.264
5.99917, -252.003, -465.822
5.13062, 436.215, -652.695
4.14833, 274.619, 127.412
3.30844, -846.547, 307.337
6.56633, 552.68, 29.6668
4.08004, 262.03, 154.003
4.05369, 38.3729, -627.336
4.65424, 33.5483, 39.1917
4.46509, -197.235, -603.974
4.43916, 204.466, -261.433
4.34871, -637.564, -543.973
5.88118, 257.394, -491.218
6.10384, 197.649, -127.319
7.20082, -15.9071, 685.129
5.08573, -116.563, -393.784
5.5282, -148.719, 249.672
5.85049, -582.857, 742.568
5.11404, 34.7451, -119.45
3.87105, -660.234, 555.706
7.08924, 229.834, 346.577
3.73367, 666.497, -400.661
4.77876, 310.894, 362.075
3.30374, -732.596, 617.043
4.68319, 262.143, 128.718
7.45767, 316.313, 127.831
6.26931, -341.803, 382.635
4.97846, -622.834, -530.714
7.01651, -650.266, -565.762
4.68213, 470.998, 470.527
5.09239, 107.253, -630.078
4.44866, 191.541, -559.623
5.63431, -205.448, -453.176
5.19331, 282.449, 66.896
4.35955, 466.281, -406.879
2.54674, -238.775, 261.724
6.3794, -23.0721, -558.971
2.85317, -631.485, -499.084
3.98511, 356.692, -661.521
4.78581, -18.684, -561.379
3.25156, -111.093, -29.8862
5.97819, 539.982, -392.564
4.15587, 339.736, 188.703
5.21197, 758.103, -719.938
2.64678, 691.195, -807.988
5.38086, -9.9287, -220.578
5.18133, 262.893, 406.411
7.36678, -646.987, -698.279
5.57063, -305.689, -455.108
5.26431, -678.679, 229.128
6.69051, -218.467, 683.708
3.75764, -543.613, 602.274
6.98957, 466.431, -99.5263
5.97428, 480.32, -438.935
5.82752, -418.37, -141.164
3.06838, -632.85, -492.485
3.37987, -634.969, 268.975
2.91253, -216.677, 99.0627
6.68103, -176.859, 217.739
2.64818, 731.241, -720.481
6.34719, 5.59393, -585.508
4.29829, -418.292, 605.774
6.24626, 58.0233, 491.286
6.28385, 352.513, 202.773
3.60834, -450.371, -635.716
5.58305, 218.453, 91.411
3.66846, -448.866, -222.107
6.22052, -757.021, 229.648
5.80997, -616.582, -531.945
4.9209, 716.188, -660.556
2.58972, 646.086, 23.7374
4.98291, 268.692, 159.034
5.09587, -3.30019, -610.797
4.71395, -693.509, 333.071
4.14528, -41.8272, 673.896
3.52671, 338.593, -35.8968
7.19863, -30.7772, -348.783
2.85168, -580.662, 524.838
3.30042, -10.4418, -696.314
6.70788, -561.711, -138.202
4.13614, -262.577, -194.127
6.85942, 233.447, 327.847
5.99896, 553.793, 475.93
5.52801, 671.432, -154.613
4.77536, 81.1374, -179.255
2.91543, -588.957, -206.048
3.94883, 162.872, -29.8628
6.51009, -663.051, -504.16
6.81821, 271.701, -27.5898
3.81831, 295.422, -480.373
4.79881, -640.761, -176.368
4.95672, 499.912, -432.177
5.82344, -442.464, -674.337
7.31738, -480.998, -248.896
7.23022, 432.648, -614.84
2.81902, 233.491, -528.689
5.04829, -487.327, -203.67
6.13222, 711.698, 471.575
5.65882, 401.814, -162.799
3.26658, -755.92, -757.464
5.09652, -697.062, 339.481
3.52281, -460.621, 619.526
6.03231, 321.225, -657.515
6.05786, -430.22, -138.209
3.66304, -302.602, -269.721
6.80594, 82.727, -191.564
2.67122, 97.1301, 721.004
6.26587, -707.567, 219.003
4.14789, 522.318, 67.2918
4.65309, -115.214, -349.203
7.33455, 757.191, -79.6213
4.05803, 677.861, 542.587
5.69762, 713.58, -641.383
5.95386, 647.447, -29.0362
5.36403, -25.4536, 577.899
6.60667, 767.945, -633.759
4.21807, -604.84, -425.265
5.09387, -612.019, -474.035
6.78438, 90.7632, -664.523
6.18587, 249.823, 108.824
3.45992, -769.431, 238.307
2.83145, -284.2, 265.761
3.60828, 713.994, -623.058
3.33656, 6.50024, -231.697
6.31172, 377.408, -649.632
5.44905, -684.027, 214.116
4.65223, 773.385, 752.776
7.09618, 554.542, 27.3813
5.09668, 279.157, 174.247
7.38058, -583.907, -48.809
5.15714, -375.467, -4.55041
2.98716, 336.032, 152.951
5.83983, 314.62, 100.122
5.44444, 283.046, 1.82102
5.01137, -516.92, -35.2642
2.75808, -647.839, 110.351
2.6753, -181.903, -56.4814
4.41484, -618.282, -611.778
5.55555, 281.227, 68.4912
5.06574, 580.281, 776.753
5.98498, 288.183, 25.66
4.89891, 71.3391, -212.216
3.88323, 58.7781, 418.667
6.01685, -384.54, 104.517
3.67701, 641.413, 22.0127
6.41501, -38.562, -164.43
6.60589, 185.716, 588.818
3.21842, -376.298, 18.8339
5.75757, -438.991, 603.802
3.87677, 782.088, -629.333
7.26215, -423.55, 537.501
4.58238, -592.205, -119.042
3.03869, -143.912, 247.976
4.70633, -713.184, 545.553
6.28811, -477.222, -169.419
2.77803, -446.49, -237.114
3.51241, -0.373385, 38.241
6.82305, 738.536, -647.192
6.52456, -192.315, -58.1635
2.78861, -608.586, -469.341
4.40304, -1.1818, -575.759
4.56124, -2.23496, 619.299
2.80071, -250.616, 279.32
7.09746, 653.593, 557.005
3.35398, 555.425, 659.747
6.51634, -694.634, 224.601
3.88599, 521.699, 44.2072
4.44586, 70.0717, 678.769
7.19936, -19.6419, 582.41
6.24573, 37.8269, -160.075
3.44774, -470.48, 661.2
6.89581, 289.549, 407.605
6.8953, 318.393, -653.431
3.30515, -525.661, -155.49
5.87346, -632.751, -176.59
6.89096, 485.825, 201.409
6.98262, 281.245, 397.026
3.06535, -32.5286, 620.561
5.93789, -229.971, -193.961
3.21651, -451.6, -525.578
3.6901, 284.581, -9.84358
5.64383, 668.149, -140.818
4.312, 612.089, 303.339
4.64437, 672.334, 544.943
4.91936, -15.6371, -595.445
6.20379, 70.5041, -194.955
3.23098, -372.25, 540.847
7.36238, -627.136, -516.965
7.3158, -410.894, -193.69
3.14741, -425.796, 547.186
5.3784, -103.038, -396.538
4.66439, 110.544, -152.577
5.50066, -239.634, -207.008
5.85098, -537.442, -118.893
4.5137, 432.312, 771.235
6.46691, 686.098, 524.681
4.89889, -624.95, -138.796
5.72449, 341.489, 285.75
4.28836, -314.114, 604.853
5.96794, -205.785, -201.207
5.83428, -408.73, -521.252
3.22071, -479.217, 665.588
7.10415, -666.151, 190.986
4.22228, 30.6533, -212.588
6.66824, -309.697, -482.694
2.74349, 318.287, -545.588
3.27936, -423.94, 82.3413
2.55765, 174.379, 487.549
3.94327, 50.8515, 541.609
5.07295, -253.78, -201.504
3.65948, 625.243, 430.428
2.75022, -170.487, -62.7615
5.33091, -635.707, -489.467
6.69774, -10.2771, 619.621
4.28763, -573.643, -541.149
4.3452, 130.941, 700.801
7.22226, 285.448, 25.266
4.72425, -638.105, -215.57
6.82086, 292.995, 183.214
5.82654, -638.747, -507.774
5.79297, 109.718, 553.326
7.10736, -808.61, 790.209
5.11536, 802.12, -688.232
5.45229, 365.038, -423.372
5.79944, 557.894, 578.919
4.24765, 251.094, 340.8
4.11714, 299.6, -24.4366
7.08984, -6.60064, 645.585
3.08619, 696.055, -440.406
7.31268, 500.027, -122.733
5.17978, 101.143, -213.032
5.81447, 687.267, 464.112
5.48362, 719.071, -463.052
6.93363, -536.236, -621.932
6.67999, -692.233, -464.791
6.69339, 276.501, 150.546
6.85642, -163.172, 217.5
2.5002, -801.661, 155.075
4.77274, 265.578, 130.57
4.25696, -690.43, 234.186
5.80713, -219.045, 608.635
6.22234, -666.095, 215.256
3.3821, -204.958, -428.67
7.4621, 820.929, -582.877
5.95466, -697.979, 243.513
6.97862, 269.944, 6.96512
3.51579, 297.457, 20.2759
7.2356, -395.884, -143.72
4.88476, 730.722, -440.987
6.78578, 723.576, -624.271
6.41237, -647.269, -603.774
5.70687, 762.397, -722.58
3.14521, -768.275, 261.638
5.77944, -12.4139, 599.489
3.09199, 78.6844, -67.3163
3.88793, 238.3, 622.145
6.65548, -205.504, -222.668
6.14153, -549.388, -407.991
6.74348, -680.708, 230.359
3.43989, -629.786, -610.347
6.09602, 422.534, -292.287
4.25586, 209.62, 289.58
3.34555, -470.485, -612.435
4.52383, 243.479, -472.415
4.20924, 123.722, 623.587
6.67141, 295.801, -7.24755
3.9111, 661.545, 551.805
5.16766, -629.723, -551.524
6.25085, 756.757, -714.814
4.62554, -649.993, -503.159
4.66964, -450.909, 578.483
3.03022, 748.3, -828.953
6.4639, -134.712, -417.451
3.91232, -648.78, -545.022
7.14264, -422.754, -206.506
5.37926, 268.61, 357.983
3.4895, 663.414, -292.848
5.99081, 438.073, -592.655
3.07265, 297.147, -593.422
4.22945, 223.789, 627.531
4.15646, -356.191, -178.657
6.42735, 790.858, -770.682
6.65775, 348.798, -132.072
4.21712, -672.794, 681.079
4.2603, -211.207, 648.714
6.38197, 30.6007, -626.029
6.58658, -37.4505, 616.625
4.26157, -204.138, 228.755
7.09559, -420.949, -198.37
3.2877, 543.07, 103.407
5.56029, -425.555, 602.973
5.54222, -479.426, 666.476
3.16647, -166.027, -535.732
3.51409, -537.316, -388.721
4.79457, -654.221, 490.87
3.48759, -180.44, 665.604
6.77118, -663.881, 223.341
6.54562, -681.422, -518.86
2.80131, -717.446, 603.442
6.50584, -651.312, 557.416
5.49597, -108.692, -480.294
7.43182, -636.895, 177.038
2.65919, 13.7694, 639.953
6.8356, 745.721, -650.508
3.69109, 458.333, 156.109
3.6127, 197.685, 275.838
4.73907, -566.506, -539.688
2.61231, 700.34, -139.216
6.79755, -180.832, -58.6668
4.15902, 265.797, 338.298
5.72195, 330.158, 153.615
7.43521, -641.273, -502.204
5.30162, 266.174, -499.823
4.74553, -639.414, -192.664
5.213, 40.2556, -624.061
2.90797, 696.664, -87.1378
3.99606, -584.276, -205.313
6.63964, 629.58, 547.818
6.48936, 501.737, 723.612
5.71048, -5.96595, 646.989
4.84105, 511.286, 175.103
7.15326, -192.626, -442.743
5.08798, -213.949, -38.0339
7.42924, 729.295, -463.506
5.94567, -44.8289, -573.177
6.19966, -172.911, -420.881
3.46323, -467.271, -623.287
6.08881, -417.659, 569.931
6.11146, 600.753, 68.5348
6.49298, 267.178, 65.4559
4.23216, 231.995, -741.541
5.1481, 83.2707, -145.506
3.19001, 654.562, -258.829
6.73218, -268.955, -198.386
6.32766, -3.81689, -587.359
7.5, 720.396, -501.682
4.24891, 422.529, 783.826
5.50367, -455.273, 621.647
3.50808, -410.987, -13.9424
6.2385, 46.4191, 60.7788
6.49225, 716.116, 230.6
3.03505, -649.116, 134.967
5.35813, -414.716, -54.4044
2.84683, 296.541, -357.356
4.16036, 686.223, 504.217
5.80945, 283.451, -597.681
5.27726, -2.24322, -177.886
7.12415, 220.373, -5.02842
2.69832, -397.467, 23.7354
2.62083, -240.365, 47.6023
4.61923, 256.168, -514.211
4.36987, 283.437, 169.512
2.93303, -203.825, -232.094
3.05403, -72.0952, 94.8025
5.31992, 286.455, -378.607
7.37269, -46.5886, 643.635
3.05066, -0.235955, -588.395
5.99352, 139.575, 634.142
2.79674, -22.6463, -569.706
4.69755, 576.948, 56.0293
5.24651, 775.068, 633.131
3.45129, 559.691, -632.965
7.36597, 309.344, 108.965
3.19593, -600.941, -30.5075
5.48978, 732.537, -446.405
7.12812, -755.905, 637.613
3.91116, -23.4746, 673.232
6.8307, -131.24, -123.293
6.29598, -188.254, -404.812
6.10793, 315.026, 431.637
3.34241, -253.003, 267.532
3.32882, 704.425, 504.362
3.39076, -675.217, -665.925
5.87226, 248.986, -458.226
4.83484, -157.696, -72.7848
6.85219, -631.528, -372.121
5.76023, -605.91, -119.953
5.80464, 675.952, 688.62
2.58037, -668.206, -490.316
4.30596, -687.911, -497.988
3.72747, 688.459, 128.242
6.93086, -770.537, -750.554
5.23701, 794.284, 752.841
6.57209, -1.20607, -643.854
5.24453, 78.5659, 702.015
4.16156, 461.76, -96.3674
4.40213, -63.7647, -653.286
2.52389, 664.886, 495.806
6.95226, -99.1147, -393.346
6.16955, -448.08, 591.668
6.04239, -47.341, 612.387
5.1278, -25.4781, 0.959745
6.41065, -12.0435, -594.898
3.42484, -375.083, -383.19
5.72673, 256.252, 385.963
3.42178, -450.497, -216.365
3.31214, 141.372, -350.351
2.65594, -263.536, 772.115
7.42716, 95.1744, -667.109
4.04559, -265.702, -455.231
4.11075, -441.144, -209.598
5.51155, 220.329, -93.0638
2.89107, -322.581, -725.686
3.93936, 32.2487, 43.6493
5.79307, -188.823, -407.214
7.36348, -676.886, -371.274
7.27758, -368.074, -589.826
7.42745, -534.566, -237.218
7.30478, -623.306, -516.48
3.0073, -438.079, 653.015
3.71505, -177.26, -414.237
6.91151, 103.849, -204.99
5.28805, 309.692, 449.979
6.7669, 618.028, 534.127
7.49145, -436.571, 574.942
3.99751, -14.7936, -665.597
6.33157, 737.741, 366.979
4.81901, 204.77, -64.4194
6.8168, -664.191, -555.903
6.99018, 646.232, 4.10581
7.377, 187.809, -389.574
2.77405, 459.751, 233.057
6.32605, 795.628, -702.442
5.09219, -730.734, 592.038
3.46574, 699.541, -140.618
6.98252, 266.608, -510.802
6.38492, -683.961, 246.793
2.75968, 214.24, 486.542
7.47331, -744.103, 623.358
5.93659, -123.337, -415.422
5.94854, 750.157, 433.751
6.57666, -471.535, 678.026
7.05426, -115.898, -382.536
3.34218, -94.4324, 124.547
5.24183, -422.143, 638.271
6.53351, -422.396, -213.545
4.17803, 294.734, -475.639
5.53435, -90.8092, -43.7663
6.59602, -679.874, 212.046
7.3485, 45.4662, -164.744
6.29349, 454.675, 386.921
3.72113, -91.8012, -107.164
5.80589, -572.986, 300.275
4.21574, -640.685, -551.202
7.27146, 280.86, -302.043
2.60828, 620.749, 621.308
4.54979, -821.045, 797.324
2.55789, 575.833, -678.828
3.04964, 668.438, 182.842
5.28259, -685.056, 235.051
4.45466, 120.696, -149.844
7.20539, -47.6524, -162.053
2.55572, 175.901, 368.482
6.22897, -164.853, -434.144
3.84293, 306.704, 119.615
4.27153, -393.358, -613.65
3.45835, -456.772, 617.138
5.14832, 269.121, 24.0808
4.39478, -5.43211, -591.921
3.16407, -21.4142, -533.587
4.26563, -119.474, -416.571
4.2497, 788.199, 738.685
7.41084, 497.431, -90.8385
5.25961, 65.1495, -305.941
4.99918, -36.596, -613.841
3.58531, -721.419, 142.679
4.37311, -11.0767, -401.083
6.78251, -609.338, -514.975
6.45578, 793.812, -398.552
3.9204, -546.355, 601.405
5.07645, 322.45, 197.152
6.79238, -227.464, -27.3064
7.07844, -582.226, -282.828
7.48941, 123.137, 692.18
6.53177, 10.856, -191.916
5.22718, -648.927, -199.354
7.3461, 89.7024, -670.514
5.31931, -545.078, 334.512
4.03031, -422.764, 578.506
5.41853, 742.938, 763.772
2.91197, 116.519, -219.725
5.47382, 315.363, 437.428
3.31968, -668.27, -489.479
6.46527, -618.583, -539.683
2.95373, 649.284, 532.856
6.3072, -562.172, -612.136
6.83996, -193.16, -49.7507
6.40105, 76.1235, -215.799
6.61399, 693.602, 763.78
6.70974, 307.717, 442.585
4.48328, 194.853, 83.611
6.508, -65.434, 127.294
6.56811, 291.202, -11.1184
5.43493, -405.886, 20.0231
4.64621, 646.465, -38.9044
2.5002, -60.271, -332.62
5.31153, -675.131, 194.687
6.22632, 309.998, 157.753
3.89846, 664.28, 163.968
2.93406, -705.396, 476.125
3.5733, 758.932, -657.73
3.93296, -434.596, 680.58
4.86595, -296.207, 418.176
6.95893, 763.742, 753.115
5.91955, 448.431, -409.236
3.54376, 155.138, -276.489
6.67533, 702.663, -58.6382
7.09218, 709.238, 744.937
4.48244, -520.081, -654.134
6.37858, 472.661, 401.785
5.68161, -96.3209, -102.1
6.64746, 309.344, 118.087
3.40204, 451.081, -362.64
7.45927, 437.618, -596.654
6.70558, 5.02255, -589.017
4.65177, 699.815, 255.693
4.38589, 444.674, 768.485
2.70802, 532.392, -438.999
6.80715, -650.837, -545.409
6.62116, 780.695, -701.988
6.25052, -46.1074, 637.829
3.55801, -228.162, 736.225
4.31029, -630.385, -179.174
4.43545, -661.208, -497.109
7.32918, 687.558, 526.568
6.5872, -99.096, 573.968
4.5755, -0.752807, 384.569
5.83759, 279.316, 142.962
2.52101, 478.375, 730.224
6.98048, -704.521, 230.747
3.68416, -251.382, 270.523
3.79415, 276.194, -5.80037
5.4939, 353.941, -538.094
6.89823, -704.38, 225.454
6.16299, -657.165, -443.063
6.0773, 612.496, 559.353
3.57724, -433.39, 549.17
6.30413, 683.804, -788.864
3.85351, -26.9803, -298.904
2.75246, 461.493, 150.787
4.78866, 308.165, 270.48
2.58759, 398.118, -564.196
3.01129, -29.3123, -0.599503
2.639, -210.978, 218.773
5.65921, -350.281, -487.711
6.34425, 101.299, -225.218
2.74132, 433.505, -590.115
6.6924, -16.3248, -643.587
6.76899, -265.802, -192.932
6.57649, -399.893, 581.361
6.85188, 746.669, 349.342
5.27222, -584.988, -42.6895
6.12646, -260.418, -221.499
3.20424, -187.569, 641.003
6.6115, 416.418, -415.391
5.51185, 455.306, -75.4067
4.93856, 429.198, -688.841
6.14942, -233.209, 672.148
4.05164, 770.534, -645.701
3.93925, -740.383, 195.166
5.45857, -723.618, 652.788
5.34055, 517.869, 713.064
5.41059, -636.545, -595.883
2.84132, -652.029, 160.248
4.34304, 67.0418, -243.452
6.28475, -587.614, -547.652
6.35297, -463.68, -618.666
4.27217, -459.911, -237.842
5.98913, 125.817, 682.094
5.08005, -524.642, -240.742
5.94494, 302.864, 176.999
6.18066, -9.13037, 714.856
2.56231, -262.127, -473.027
7.16549, 478.636, -112.036
5.37826, 300.733, 97.5012
3.05587, 633.375, 916.853
4.87388, -112.28, -34.0764
3.24247, 300.505, 107.61
4.22594, 127.735, 405.729
7.04476, -663.088, 234.751
4.54571, 51.4236, 486.474
5.96642, -566.121, -63.3243
3.35865, 379.141, -647.584
6.21715, 713.056, -465.338
4.16319, -505.072, 519.828
4.62157, 493.448, 274.128
2.79523, -218.453, -86.0301
5.09005, 218.027, -80.3146
5.94425, 326.97, -470.898
5.01149, -181.351, -68.8609
6.56617, -96.0331, -607.078
3.07974, 70.5708, -661.028
5.24841, 274.087, 391.084
5.06046, 258.36, 163.056
6.02649, 736.793, 445.72
5.65083, -241.371, 665.193
4.0207, -24.2614, -568.031
6.74719, 263.316, 124.053
3.39619, 600.48, 6.47374
2.61737, -394.274, 24.265
4.19467, 495.965, -7.71099
3.43818, 282.142, -76.9615
6.60467, -191.212, 85.6693
6.72507, -689.395, -195.974
6.78031, 739.632, -634.137
7.37454, -731.446, 618.579
2.99587, 362.678, -426.248
2.56182, 589.745, 523.752
2.58614, 299.507, 351.804
2.64527, 281.314, 166.869
4.1031, 66.1457, -234.204
6.17815, 507.863, 250.618
3.14876, 263.159, 340.715
2.5161, -373.349, 367.387
6.91905, 5.11207, -568.264
3.70482, 266.018, -498.861
4.38481, -735.004, 613.986
4.44879, 560.625, 68.8695
2.81534, 535.876, 243.637
7.30792, 191.392, 606.348
3.75349, 650.891, -274.013
6.85376, -562.263, -56.8372
2.85991, -711.151, 392.429
2.70653, -416.164, 550.546
3.46378, 288.821, -421.815
3.86708, -274.336, 314.202
7.4007, -730.369, -332.096
3.60607, 226.51, -564.683
6.43119, -751.993, 680.462
4.42306, 205.539, -308.891
3.78593, 401.787, -639.684
3.91087, -705.11, 211.881
7.33834, 691.989, -108.284
4.22841, 412.53, 83.8295
3.45922, -620.585, 676.212
5.05037, -538.501, -257.385
5.21857, -488.99, 526.9
5.72333, -674.988, -478.838
3.89738, -114.707, 596.867
3.41887, -260.789, -469.274
2.71579, -668.64, 267.39
3.98408, -475.83, -212.394
4.25548, -209.301, 102.069
7.09372, -475.595, 560.479
5.81225, 462.245, -258.756
5.08041, 609.14, 562.727
4.03763, 467.96, 441.904
3.0007, -190.087, 105.217
3.47502, 294.313, -747.821
4.11407, 129.361, -212.125
5.56182, 675.305, 82.7752
5.13511, 793.301, -728.714
3.45653, 340.429, 228.19
4.7178, -594.244, -541.777
4.48693, -510.235, 660.982
6.28051, -552.602, 660.803
6.6213, 670.969, 601.789
5.51573, 58.9088, -242.211
3.04573, 446.841, -604.435
4.11797, 413.145, -156.72
5.03403, 113.032, 251.186
4.76521, -462.621, 658.125
4.77315, -158.211, -427.337
4.91125, 751.589, 740.802
5.07896, 271.107, -602.373
4.50207, 102.238, 678.82
4.22945, 732.006, 377.515
6.64533, 676.28, -139.455
3.02204, -601.921, -612.986
6.40057, 420.945, 487.347
3.19919, -263.031, -184.432
2.62171, -605.056, -510.602
6.0664, 353.139, -552.546
7.15538, 4.5805, -559.679
7.47667, 321.051, 120.535
3.86264, -664.957, 216.015
3.6923, -443.171, -183.871
3.87328, 577.105, 581.701
5.70836, -624.822, -514.706
5.17637, 313.788, 142.545
6.8967, 625.367, -314.539
6.75968, -651.293, -563.959
2.98004, 653.346, 9.15547
4.66818, -730.787, 228.77
3.17045, -87.2, -613.741
5.86802, -151.256, 214.09
5.34964, -125.806, -399.663
3.66474, -371.421, 751.959
5.50306, 278.192, -496.344
2.6551, -563.424, -86.5712
7.08512, 421.422, -274.372
3.82958, 750.77, -74.1802
6.50016, -197.336, -424.28
5.46389, 36.2887, -629.206
5.0822, 214.552, 321.567
5.2567, 312.108, 394.331
3.47225, 340.28, -80.2381
5.36152, -10.5283, -670.474
3.81992, 209.164, 275.74
4.41648, -742.081, 482.69
2.73626, -653.929, -710.306
4.22823, 511.678, -664.665
3.61594, 526.902, -396.125
3.81264, -71.5015, -634.848
3.05141, -293.844, -501.484
7.40088, -582.924, -56.579
5.93794, 662.886, 539.055
5.82158, -538.014, -251.053
5.99501, -645.757, -509.431
2.68746, -625.707, -514.031
3.6706, -671.816, -560.455
3.95397, 686.13, 460.418
3.50543, 10.8332, -200.254
2.7177, 310.291, 273.998
2.56571, -411.417, 614.337
6.07297, -431.319, 630.315
6.88348, -579.179, -542.573
5.35088, -674.146, 207.038
6.92743, 775.614, 783.993
5.20042, -470.526, -239.623
3.31357, 710.116, -653.056
3.30492, 736.959, 447.137
7.19182, 357.583, 216.604
3.45628, 434.225, -582.751
3.15761, 170.911, -256.825
4.41122, -214.657, -49.5304
6.12674, 292.202, 8.74856
2.50651, 577.606, 776.547
4.60222, -164.773, 565.704
5.18984, 222.412, -84.0723
4.86596, -162.122, 213.512
6.33003, 579.687, 666.853
2.9396, 456.768, -407.682
7.04284, 221.586, 245.639
3.20818, -596.877, -478.908
2.54782, 277.431, -28.0914
2.82267, 273.898, 385.24
4.96742, 300.34, 162.41
5.40914, 467.633, 722.498
4.03373, -683.604, 507.926
4.57091, 658.751, -18.7278
4.33401, -621.235, -465.566
3.42687, 133.714, 554.948
2.76788, 322.005, 165.628
4.47222, 393.212, -58.4695
3.98388, -153.234, -191.769
5.05388, -380.23, 660.921
3.75392, -710.51, 222.584
5.01589, 764.317, 737.652
2.51168, -98.201, 576.044
7.01807, 715.885, -441.683
2.79181, -760.591, -788.092
5.17506, -562.995, 597.495
3.95754, -371.165, 620.818
7.3023, -648.407, -218.361
4.73406, 282.554, -113.414
5.08479, 685.295, 172.552
5.93861, -168.719, -49.0821
2.72187, -145.726, -60.8251
7.2946, -693.06, 514.613
5.70852, 308.119, 206.627
2.80215, 329.556, -661.962
3.33964, 228.164, 250.91
5.76491, 408.076, -164.414
6.19864, -800.961, 156.5
3.57011, 754.705, 240.765
4.31441, 163.332, -451.665
6.56981, -578.892, 763.491
5.32057, 701.858, -383.11
7.45886, -0.254814, -589.763
6.5669, -690.606, 209.26
3.49157, -740.895, 8.05267
2.50003, -103.438, -576.508
4.62608, 791.742, -681.36
4.07406, 767.787, 221.888
5.56218, 550.897, -736.267
3.83351, -185.051, -410.298
4.39881, -590.673, -139.531
5.43397, 687.76, 202.749
5.95636, -69.363, -411.192
7.26736, -252.397, -464.714
4.89785, -295.934, -692.789
3.60319, 366.611, -542.271
5.33741, -642.865, -430.62
6.09873, 263.778, 142.177
4.4953, -424.458, 599.73
3.48326, -587.479, 744.943
6.66971, -522.538, -587.595
5.59561, -465.96, -659.621
7.26866, -191.346, 104.043
3.23222, 30.7215, -88.1594
5.38953, -187.193, -436.676
7.26796, -459.313, 577.695
3.62331, 677.552, -782.484
7.25137, -498.006, 684.396
3.07874, 726.282, -334.569
2.58372, 107.944, -106.574
3.90465, -296.28, -199.81
7.15042, 462.153, 24.3684
3.04796, 769.293, 742.842
6.77266, 84.3408, 474.662
5.68532, -511.03, -614.205
5.63853, 351.303, -536.572
3.80589, 663.699, 548.066
5.13936, -693.242, 231.8
7.16608, -218.941, 681.7
3.98055, 657.724, 70.7126
4.78006, 227.629, 338.665
6.35659, -646.831, -508.924
4.17193, 298.593, 97.0952
6.31775, -6.76874, -623.637
6.65892, -77.6264, 658.511
2.64618, -699.536, 534.272
4.31315, 605.12, -212.958
4.16221, 280.192, 384.491
3.17675, -339.954, -79.8548
3.00839, -206.395, 614.915
5.11327, -501.346, 689.723
3.52046, -0.313021, -417.468
5.00728, -583.355, -539.131
5.1371, -79.8692, 660.303
4.13422, -27.5011, -195.118
4.75888, 250.252, -287.995
6.85263, -27.2261, 678.78
4.72884, 572.419, 653.43
6.03726, -485.147, -647.395
6.83171, 785.254, -677.519
6.5822, 681.858, 165.34
2.67504, 838.375, 657.257
3.8644, -533.84, -227.955
5.21858, -306.138, -379.83
3.19942, -623.727, -543.948
5.57408, -641.9, -699.954
3.29182, -422.288, -716.374
4.41129, 192.797, 191.054
5.94997, -69.0952, 130.651
3.21128, -414.328, 627.708
5.65284, -747.689, 642.396
3.15973, 141.307, 698.102
7.13583, -697.706, 229.575
5.53465, -727.832, 634.925
5.50388, -641.621, 217.121
3.33635, 414.997, -417.49
3.301, -596.335, -474.621
5.91628, 485.484, 0.00546718
5.1456, -553.426, -106.392
3.65264, -100.787, 546.706
6.55373, -451.318, -146.863
5.76477, -338.419, -431.91
4.08597, -660.836, -570.271
2.53953, -241.7, -612.86
3.49176, 598.763, 541.253
3.78831, 104.261, 332.942
3.03825, 645.288, -128.991
3.49545, 97.7449, -179.915
6.75079, 836.709, -571.561
6.63912, -692.918, 234.377
6.76813, -619.496, -528.107
5.71027, 171.224, 632.627
3.6787, 720.237, -762.228
6.80638, -553.977, -584.763
5.4745, -197.022, -102.358
2.52745, 457.682, -18.3491
6.84925, -641.862, -553.984
7.37729, 477.04, 213.009
5.59653, 273.187, 23.862
3.85574, -673.714, 263.101
7.46973, -174.472, -403.825
4.60751, -646.818, -431.413
4.20537, -602.413, -534.438
4.80717, 303.683, -1.38156
4.44822, 190.603, -318.858
4.613, 132.169, 556.419
2.84879, 252.876, 260.353
5.5153, 74.3476, -215.813
7.36114, -93.0585, 118.613
5.07406, -599.792, -541.479
7.45461, 662.102, -171.21
5.84906, 460.867, -100.406
4.01716, -587.931, -67.4008
3.47371, 616.185, 555.647
4.0109, -652.654, -694.822
4.93946, -376.727, 370.439
4.72438, 469.36, 724.414
5.7844, 388.064, -640.211
3.74227, -687.634, -498.372
4.72007, 63.2842, 438.411
5.75894, -575.033, -50.1055
6.67472, -713.012, 195.959
6.03698, 116.022, 672.337
4.93928, -583.376, -501.166
6.72039, 342.439, -90.1258
7.00296, -429.888, -214.033
6.33082, -620.021, -526.383
5.29453, 537.307, 761.087
2.70603, 38.477, 85.2276
5.46749, 552.193, 75.712
2.68674, -473.403, 688.842
4.53488, 258.156, 340.757
2.84243, -776.029, -769.429
7.38558, -639.562, -713.678
2.5956, -572.046, -233.551
6.60363, -264.073, -199.023
5.2195, -369.935, 624.368
5.72828, 689.716, -266.806
3.62934, -152.981, -74.9073
2.733, 809.319, -550.276
3.63154, 249.53, -516.762
4.58371, -649.04, 109.638
6.40126, 236.327, -535.772
3.72852, -684.309, 211.786
4.81411, 523.279, 63.3417
6.14756, 672.523, 204.361
5.35237, -357.52, 708.071
5.45997, 757.581, 769.139
4.98425, -712.901, 204.115
3.951, 308.955, 188.469
4.71107, 75.916, -191.028
2.53669, 709.512, -478.326
7.41683, 442.516, -285.659
2.52822, -680.899, -278.655
4.8676, 22.7959, 624.334
5.86497, -258.683, -193.157
