6.27803, -550.705, -432.395
3.5948, 46.6468, -212.531
5.89648, 376.411, -507.706
5.09708, -221.642, 570.648
2.76731, -696.798, 693.991
2.53849, 178.363, 18.4077
4.58743, -612.813, -319.232
7.15218, 292.516, 316.866
2.95982, 95.8024, 461.671
6.00595, -161.555, 165.767
3.81226, 576.846, 558.695
4.14117, 369.777, -542.508
7.45519, 286.659, 175.311
7.41275, -408.885, -200.223
5.75759, 223.234, 304.524
6.92354, 218.952, -522.364
6.33247, -178.867, -332.686
3.87453, -506.515, -249.219
4.93259, -387.69, -146.557
2.80282, 824.539, 667.601
5.08146, 20.3268, 549.001
4.96988, 623.25, -533.724
7.23882, -615.526, -476.359
4.42071, 37.1973, -478.56
5.14874, 612.254, -424.099
2.75042, 725.966, -265.927
6.63909, 428.263, 403.821
5.94228, -466.995, -507.847
6.18112, 214.489, 557.015
6.94286, 637.361, 428.015
4.25508, -296.96, -457.141
6.72991, 305.571, 32.7294
3.84659, 440.333, -61.5691
4.83959, -58.4838, -182.77
3.2686, -594.082, -540.371
2.66527, 462.662, 58.5629
7.2768, 97.4763, 52.4815
6.95369, 319.754, 277.425
3.29884, 407.416, 79.4967
3.15214, 309.868, -511.275
2.515, -447.857, -546.588
6.0491, -545.87, -176.921
3.40448, -384.103, 570.16
5.76029, 605.831, -303.495
4.42907, 307.999, -505.357
3.23766, 48.6022, -199.865
5.45054, 483.974, 46.6676
3.24076, 110.066, 577.553
3.2091, -104.724, 578.52
4.94257, -363.907, -74.5623
3.13015, 547.688, -44.057
5.64635, -187.28, -402.144
5.60817, 293.936, -399.905
4.88216, -438.415, 645.464
2.64188, -408.376, -176.553
3.21011, -62.2277, 592.889
3.15594, -172.634, 686.565
3.31099, -749.171, 616.912
3.76529, -79.7924, -468.375
4.77654, 451.157, -663.755
6.54472, 34.3539, -180.772
3.57624, 169.525, 565.837
3.75063, 533.685, 270.246
5.02978, -41.2322, 635.319
6.27922, 439.485, 42.1513
5.66369, 583.427, -59.8102
5.9449, 388.234, -91.2228
7.27207, 614.167, 477.17
5.18713, -383.676, 521.461
4.57014, -523.9, -195.416
4.70019, 518.839, 96.7034
6.07821, 530.992, 393.465
6.20858, 236.401, 257.953
5.12494, 667.11, -697.434
6.06711, -488.99, -179.936
5.91025, 272.032, 68.825
6.82941, 604.19, -396.552
3.19597, -35.1276, 586.658
3.57766, 582.027, -116.041
5.0733, -239.631, -175.97
4.83766, -27.2195, 626.728
3.55759, -210.095, 628.647
5.65244, -528.958, 649.155
2.5044, -696.424, 219.933
4.09589, 260.715, 313.21
5.90281, 212.606, -22.1506
6.0446, 467.895, -381.056
2.90869, -656.347, 542.419
3.56926, 275.184, 297.588
4.44412, -410.931, -607.912
4.44927, 705.163, 700.075
3.92018, 242.639, -452.052
4.6123, 428.868, 406.996
2.55658, -609.397, -421.654
3.72027, 747.428, -624.95
4.49072, -649.979, 506.991
6.64177, -579.297, 170.819
3.78584, 694.947, -575.069
3.59705, -615.286, -533.365
6.47385, 249.871, 185.358
5.8476, 228.91, 318.428
5.49108, -682.4, 240.214
5.99917, -195.626, -352.703
5.13062, 385.247, -589.974
4.14833, 231.5, 136.567
3.30844, -849.731, 280.213
6.56633, 463.066, 57.6615
4.08004, 347.764, 104.655
4.05369, -29.4256, -581.287
4.65424, 50.8972, 18.7738
4.46509, -212.858, -591.244
4.43916, 243.384, -280.813
4.34871, -673.731, -539.619
5.88118, 254.389, -472.907
6.10384, 103.355, -156.837
7.20082, 7.99366, 532.993
5.08573, -192.71, -398.476
5.5282, -148.916, 193.207
5.85049, -530.613, 630.557
5.11404, 38.6119, -140.352
3.87105, -602.305, 562.595
7.08924, 278.684, 292.028
3.73367, 617.431, -370.321
4.77876, 207.111, 271.667
3.30374, -672.001, 605.345
4.68319, 276.908, 61.6885
7.45767, 226.988, 129.885
6.26931, -319.158, 385.38
4.97846, -572.196, -517.189
7.01651, -614.52, -420.134
4.68213, 427.89, 419.701
5.09239, 76.6038, -493.368
4.44866, 251.981, -450.784
5.63431, -214.354, -411.579
5.19331, 283.04, 12.6269
4.35955, 389.938, -359.943
2.54674, -204.893, 240.804
6.3794, 17.5891, -576.228
2.85317, -554.994, -543.278
3.98511, 289.322, -560.246
4.78581, 13.9908, -584.488
3.25156, -117.835, -80.967
5.97819, 457.337, -393.776
4.15587, 267.772, 121.654
5.21197, 724.22, -613.926
2.64678, 661.266, -696.343
5.38086, -62.5131, -193.103
5.18133, 244.801, 253.479
7.36678, -593.881, -560.875
5.57063, -291.312, -427.822
5.26431, -730.815, 214.817
6.69051, -217.81, 559.554
3.75764, -488.057, 501.836
6.98957, 407.55, -68.5832
5.97428, 450.918, -396.229
5.82752, -397.52, -232.195
3.06838, -623.955, -481.253
3.37987, -483.896, 336.912
2.91253, -183.483, 1.77106
6.68103, -154.124, 167.196
2.64818, 661.279, -778.827
6.34719, -44.5383, -496.553
4.29829, -414.329, 484.935
6.24626, 84.2544, 482.902
6.28385, 256.826, 116.229
3.60834, -481.976, -540.266
5.58305, 265.474, 83.9682
3.66846, -421.034, -148.869
6.22052, -717.005, 290.37
5.80997, -611.883, -420.712
4.9209, 647.405, -580.565
2.58972, 550.032, -24.6594
4.98291, 300.35, 128.182
5.09587, -60.2465, -443.589
4.71395, -619.079, 230.016
4.14528, 89.6329, 541.564
3.52671, 233.209, 35.7232
7.19863, 22.3401, -283.31
2.85168, -559.913, 404.331
3.30042, -24.2701, -572.801
6.70788, -531.646, -190.118
4.13614, -241.961, -170.661
6.85942, 281.93, 303.611
5.99896, 515.762, 457.931
5.52801, 574.783, -94.7142
4.77536, 37.8823, -218.395
2.91543, -571.173, -151.918
3.94883, 234.647, 60.5741
6.51009, -563.596, -469.666
6.81821, 271.059, 73.1298
3.81831, 228.451, -508.301
4.79881, -578.038, -186.494
4.95672, 419.614, -410.467
5.82344, -493.051, -510.094
7.31738, -391.614, -220.347
7.23022, 360.978, -532.17
2.81902, 276.954, -452.451
5.04829, -534.329, -220.137
6.13222, 657.761, 406.378
5.65882, 393.535, -95.191
3.26658, -720.204, -666.992
5.09652, -626.948, 222.269
3.52281, -425.563, 519.449
6.03231, 318.347, -523.021
6.05786, -428.448, -202.297
3.66304, -213.42, -233
6.80594, 89.2645, -132.359
2.67122, 144.922, 573.975
6.26587, -585.956, 240.185
4.14789, 477.05, 33.4924
4.65309, -210.905, -317.729
7.33455, 653.209, -27.4561
4.05803, 541.485, 495.719
5.69762, 721.229, -649.777
5.95386, 544.093, -24.9813
5.36403, -25.574, 626.961
6.60667, 741.927, -682.959
4.21807, -478.472, -343.28
5.09387, -519.041, -437.297
6.78438, 59.8467, -520.896
6.18587, 328.676, 127.313
3.45992, -681.427, 164.959
2.83145, -268.462, 213.914
3.60828, 687.576, -630.519
3.33656, 31.794, -183.464
6.31172, 384.627, -497.395
5.44905, -641.496, 155.315
4.65223, 660.771, 675.52
7.09618, 492.056, 55.1505
5.09668, 324.394, 123.669
7.38058, -518.337, -91.0186
5.15714, -363.596, -43.1925
2.98716, 214.798, 39.4948
5.83983, 288.245, 179.553
5.44444, 298.431, 10.9776
5.01137, -459.411, -82.7204
2.75808, -654.011, -2.83703
2.6753, -79.3332, -122.263
4.41484, -441.704, -542.466
5.55555, 269.234, 9.07476
5.06574, 566.693, 730.162
5.98498, 222.06, 23.6429
4.89891, 77.2749, -203.048
3.88323, 118.854, 410.631
6.01685, -355.974, 45.8329
3.67701, 573.744, 4.68338
6.41501, -70.9612, -155.756
6.60589, 132.416, 533.979
3.21842, -380.617, -57.1377
5.75757, -425.025, 582.802
3.87677, 656.875, -539.295
7.26215, -415.491, 632.082
4.58238, -520.356, -213.602
3.03869, -153.248, 185.62
4.70633, -659.297, 522.002
6.28811, -493.647, -134.973
2.77803, -470.383, -249.088
3.51241, 21.2058, 18.7991
6.82305, 656.368, -613.034
6.52456, -142.161, -98.9405
2.78861, -647.314, -524.627
4.40304, -19.2855, -518.298
4.56124, 1.65353, 596.711
2.80071, -182.15, 230.174
7.09746, 642.083, 485.008
3.35398, 579.265, 560.934
6.51634, -586.341, 186.43
3.88599, 439.246, 114.437
4.44586, -37.3516, 570.87
7.19936, -73.5231, 590.843
6.24573, -12.729, -137.902
3.44774, -505.049, 693.572
6.89581, 285.209, 284.302
6.8953, 308.117, -592.622
3.30515, -408.935, -150.077
5.87346, -500.768, -193.697
6.89096, 397.962, 199.929
6.98262, 279.689, 319.92
3.06535, -19.8431, 535.022
5.93789, -260.285, -152.528
3.21651, -370.21, -415.288
3.6901, 252.923, 35.3393
5.64383, 572.488, -140.59
4.312, 534.063, 268.056
4.64437, 651.178, 451.168
4.91936, 42.0367, -467.627
6.20379, 51.9376, -208.993
3.23098, -396.616, 471.653
7.36238, -481.588, -513.666
7.3158, -413.659, -199.187
3.14741, -437.696, 632.642
5.3784, -68.9421, -297.361
4.66439, 177.357, -123.298
5.50066, -277.355, -166.126
5.85098, -415.389, -175.555
4.5137, 456.112, 653.09
6.46691, 623.744, 523.382
4.89889, -434.798, -118.779
5.72449, 291.027, 280.319
4.28836, -347.461, 593.515
5.96794, -236.407, -182.634
5.83428, -411.086, -454.436
3.22071, -447.101, 617.306
7.10415, -611.653, 261.24
4.22228, 72.3345, -201.696
6.66824, -226.933, -463.492
2.74349, 350.107, -476.039
3.27936, -448.279, 121.071
2.55765, 149.507, 467.011
3.94327, 36.9209, 526.027
5.07295, -253.367, -240.667
3.65948, 608.095, 444.892
2.75022, -148.303, -91.1685
5.33091, -604.438, -476.168
6.69774, -28.066, 630.021
4.28763, -598.25, -513.184
4.3452, 81.2497, 568.462
7.22226, 253.526, 38.4283
4.72425, -523.813, -226.917
6.82086, 249.718, 121.075
5.82654, -467.693, -531.953
5.79297, 83.7283, 503.969
7.10736, -766.479, 712.538
5.11536, 706.587, -618.745
5.45229, 314.079, -434.881
5.79944, 573.095, 507.98
4.24765, 260.31, 236.744
4.11714, 234.701, 62.8874
7.08984, -5.4605, 601.491
3.08619, 690.944, -468.915
7.31268, 441.591, -63.174
5.17978, 47.5779, -197.413
5.81447, 657.856, 430.042
5.48362, 648.683, -447.798
6.93363, -568.694, -523.029
6.67999, -564.926, -482.859
6.69339, 285.065, 198.218
6.85642, -162.775, 180.574
2.5002, -724.998, 74.9867
4.77274, 286.73, 7.64171
4.25696, -599.646, 210.265
5.80713, -185.848, 596.87
6.22234, -639.757, 251.855
3.3821, -116.843, -300.55
7.4621, 762.866, -538.776
5.95466, -600.402, 210.029
6.97862, 314.141, 21.224
3.51579, 244.525, 16.5901
7.2356, -396.195, -208.17
4.88476, 652.723, -464.769
6.78578, 656.913, -636.325
6.41237, -492.956, -492.902
5.70687, 718.894, -622.108
3.14521, -653.791, 192.751
5.77944, -27.2015, 574.685
3.09199, 89.8129, -119.973
3.88793, 174.144, 548.683
6.65548, -185.668, -236.013
6.14153, -535.693, -411.491
6.74348, -732.154, 224.58
3.43989, -602.28, -393.996
6.09602, 382.056, -270.6
4.25586, 286.17, 313.287
3.34555, -493.836, -561.509
4.52383, 250.099, -453.561
4.20924, 108.932, 588.52
6.67141, 265.544, 37.3797
3.9111, 632.652, 436.15
5.16766, -682.685, -574.691
6.25085, 719.737, -615.085
4.62554, -635.401, -437.17
4.66964, -393.538, 563.05
3.03022, 701.245, -745.813
6.4639, -167.897, -398.513
3.91232, -642.837, -495.031
7.14264, -407.852, -148.876
5.37926, 276.523, 299.819
3.4895, 577.293, -263.072
5.99081, 357.375, -543.893
3.07265, 233.584, -416.664
4.22945, 177.726, 556.047
4.15646, -352.725, -158.682
6.42735, 706.035, -679.559
6.65775, 295.34, -74.354
4.21712, -649.423, 642.411
4.2603, -200.923, 596.514
6.38197, -46.9647, -502.995
6.58658, -44.4041, 542.076
4.26157, -146.874, 160.679
7.09559, -405.478, -196.564
3.2877, 495.041, -10.2538
5.56029, -380.314, 539.399
5.54222, -446.108, 617.21
3.16647, -118.68, -437.929
3.51409, -517.791, -350.39
4.79457, -593.323, 447.153
3.48759, -117.987, 571.096
6.77118, -685.913, 128.135
6.54562, -570.896, -426.975
2.80131, -666.306, 616.109
6.50584, -646.724, 497.684
5.49597, -64.2988, -415.996
7.43182, -543.19, 200.062
2.65919, 80.9367, 624.148
6.8356, 674.275, -619.986
3.69109, 404.289, 92.2931
3.6127, 222.186, 248.51
4.73907, -471.202, -507.515
2.61231, 583.357, -128.963
6.79755, -143.606, -101.5
4.15902, 289.053, 304.482
5.72195, 230.891, 53.1621
7.43521, -467.993, -521.623
5.30162, 252.809, -455.147
4.74553, -546.599, -164.959
5.213, -51.5587, -486.946
2.90797, 574.648, -77.888
3.99606, -528.592, -158.294
6.63964, 564.966, 508.392
6.48936, 478.328, 653.272
5.71048, -1.68323, 602.746
4.84105, 414.718, 94.2277
7.15326, -137.632, -373.768
5.08798, -135.613, -101.372
7.42924, 658.132, -442.391
5.94567, -2.15408, -531.212
6.19966, -181.353, -333.086
3.46323, -515.927, -484.605
6.08881, -428.507, 580.346
6.11146, 550.075, 131.306
6.49298, 316.634, 7.111
4.23216, 224.776, -625.813
5.1481, 68.9884, -185.923
3.19001, 572.338, -223.641
6.73218, -240.135, -166.295
6.32766, -23.7716, -524.417
7.5, 685.347, -493.626
4.24891, 425.23, 721.442
5.50367, -375.44, 562.181
3.50808, -353.508, -23.3243
6.2385, 39.7969, 12.2397
6.49225, 616.58, 209.752
3.03505, -687.9, 215.711
5.35813, -372.635, -101.799
2.84683, 250.985, -348.271
4.16036, 641.129, 451.467
5.80945, 220.444, -543.197
5.27726, 6.00382, -222.301
7.12415, 304.006, 29.04
2.69832, -344.369, -93.5769
2.62083, -221.153, -17.3591
4.61923, 299.401, -430.544
4.36987, 223.105, 106.101
2.93303, -214.66, -204.195
3.05403, -62.8335, 35.3672
5.31992, 253.076, -389.148
7.37269, 22.7924, 587.343
3.05066, 4.14541, -529.361
5.99352, 127.044, 504.897
2.79674, 10.2226, -528.765
4.69755, 452.36, 54.0199
5.24651, 676.951, 603.488
3.45129, 499.163, -584.77
7.36597, 270.732, 70.8162
3.19593, -499.165, -114.805
5.48978, 636.157, -463.725
7.12812, -653.817, 611.387
3.91116, -19.2182, 546.764
6.8307, -137.121, -111.79
6.29598, -142.79, -389.151
6.10793, 267.414, 312.509
3.34241, -191.636, 229.359
3.32882, 674.223, 554.872
3.39076, -624.513, -468.401
5.87226, 252.414, -468.557
4.83484, -193.303, -86.9469
6.85219, -559.595, -405.64
5.76023, -523.409, -190.357
5.80464, 652.525, 620.404
2.58037, -579.377, -478.324
4.30596, -539.702, -477.983
3.72747, 571.73, 147.932
6.93086, -690.972, -681.753
5.23701, 763.389, 637.477
6.57209, 10.956, -534.976
5.24453, 53.1888, 635.276
4.16156, 436.982, -102.715
4.40213, -5.23946, -614.351
2.52389, 546.388, 475.258
6.95226, -119.306, -393.513
6.16955, -390.476, 563.323
6.04239, -41.6962, 534.515
5.1278, -41.7067, 87.4217
6.41065, 47.8348, -469.643
3.42484, -341.43, -368.24
5.72673, 285.416, 321.09
3.42178, -425.749, -165.225
3.31214, 200.373, -420.306
2.65594, -264.636, 710.705
7.42716, 10.3219, -618.941
4.04559, -196.489, -383.67
4.11075, -420.38, -168.838
5.51155, 214.441, 8.48628
2.89107, -333.615, -635.073
3.93936, 49.9211, 18.5377
5.79307, -131.021, -382.665
7.36348, -544.939, -406.103
7.27758, -382.059, -504.936
7.42745, -482.192, -204.252
7.30478, -560.33, -479.87
3.0073, -479.569, 555.584
3.71505, -178.703, -348.391
6.91151, -8.56804, -195.217
5.28805, 242.633, 270.41
6.7669, 546.743, 522.989
7.49145, -410.909, 599.602
3.99751, 101.232, -627.274
6.33157, 646.122, 344.705
4.81901, 228.468, -9.74196
6.8168, -576.56, -399.946
6.99018, 548.244, 43.9024
7.377, 162.897, -369.047
2.77405, 389.087, 235.754
6.32605, 704.936, -700.813
5.09219, -671.516, 506.165
3.46574, 545.555, -114.251
6.98252, 247.152, -482.958
6.38492, -604.281, 197.109
2.75968, 137.949, 428.691
7.47331, -678.494, 520.499
5.93659, -148.248, -396.77
5.94854, 626.757, 382.751
6.57666, -419.156, 544.781
7.05426, -198.341, -401.325
3.34218, -47.3693, 25.2667
5.24183, -379.055, 514.228
6.53351, -414.862, -163.897
4.17803, 265.219, -460.123
5.53435, -142.358, -96.5883
6.59602, -649.766, 151.508
7.3485, 75.8763, -185.896
6.29349, 421.673, 305.096
3.72113, -89.4567, -116.807
5.80589, -586.855, 264.258
4.21574, -729.207, -546.612
7.27146, 224.991, -278.333
2.60828, 492.824, 642.582
4.54979, -747.278, 738.271
2.55789, 582.284, -634.078
3.04964, 605.224, 163.182
5.28259, -556.319, 222.765
4.45466, 54.8905, -186.456
7.20539, -59.7632, -164.955
2.55572, 221.246, 295.893
6.22897, -161.003, -363.013
3.84293, 284.472, 165.271
4.27153, -330.161, -515.053
3.45835, -471.903, 653.866
5.14832, 271.006, 10.5509
4.39478, -3.78271, -543.842
3.16407, 4.85249, -447.4
4.26563, -193.978, -405.284
4.2497, 751.745, 678.967
7.41084, 385.339, -92.4803
5.25961, 45.0972, -240.657
4.99918, 3.10529, -507.565
3.58531, -625.639, 168.48
4.37311, 64.2746, -362.46
6.78251, -705.351, -513.058
6.45578, 744.51, -379.877
3.9204, -504.905, 515.646
5.07645, 241.902, 150.983
6.79238, -126.123, -90.7149
7.07844, -451.985, -298.311
7.48941, 104.309, 575.168
6.53177, -6.23944, -218.835
5.22718, -551.453, -163.594
7.3461, 20.1618, -611.562
5.31931, -546.2, 288.192
4.03031, -436.452, 575.156
5.41853, 686.658, 664.298
2.91197, 181.964, -219.601
5.47382, 268.066, 318.886
3.31968, -705.375, -548.238
6.46527, -555.731, -526.877
2.95373, 691.913, 408.603
6.3072, -603.847, -489.449
6.83996, -143.762, -100.668
6.40105, 107, -120.593
6.61399, 671.281, 696.705
6.70974, 258.153, 283.148
4.48328, 151.928, -7.20651
6.508, -81.8727, 99.0819
6.56811, 243.603, 85.1891
5.43493, -376.988, -20.3222
4.64621, 535.761, -7.56658
2.5002, -51.3491, -308.952
5.31153, -591.239, 217.247
6.22632, 294.86, 113.918
3.89846, 589.602, 173.495
2.93406, -584.285, 442.763
3.5733, 628.593, -581.737
3.93296, -460.312, 610.871
4.86595, -282.499, 397.137
6.95893, 661.763, 733.143
5.91955, 402.048, -375.846
3.54376, 222.723, -299.372
6.67533, 627.304, -82.1544
7.09218, 659.078, 643.055
4.48244, -552.361, -588.104
6.37858, 400.082, 368.898
5.68161, -89.9581, -116.521
6.64746, 180.622, 95.8818
3.40204, 394.952, -328.053
7.45927, 363.271, -537.858
6.70558, -0.617885, -488.277
4.65177, 583.238, 260.977
4.38589, 403.007, 713.836
2.70802, 468.187, -362.84
6.80715, -611.905, -539.355
6.62116, 713.758, -584.324
6.25052, -19.9214, 613.589
3.55801, -212.161, 658.398
4.31029, -497.933, -194.803
4.43545, -597.673, -432.523
7.32918, 635.364, 494.821
6.5872, -80.5318, 520.472
4.5755, 41.4673, 362.654
5.83759, 308.976, 182.18
2.52101, 471.328, 671.261
6.98048, -645.249, 221.097
3.68416, -197.992, 231.979
3.79415, 296.481, 52.4009
5.4939, 331.911, -476.634
6.89823, -525.314, 132.716
6.16299, -580.295, -501.438
6.0773, 558.052, 491.738
3.57724, -384.434, 609.351
6.30413, 677.094, -699.353
3.85351, -1.94287, -222.472
2.75246, 407.328, 93.9385
4.78866, 262.146, 208.444
2.58759, 348.927, -552.975
3.01129, -40.5461, 90.1288
2.639, -145.703, 167.404
5.65921, -287.888, -442.447
6.34425, 46.6181, -200.311
2.74132, 324.007, -496.981
6.6924, 16.3139, -539.815
6.76899, -248.27, -162.359
6.57649, -391.12, 585.31
6.85188, 685.654, 370.51
5.27222, -510.947, -92.0824
6.12646, -218.9, -238.068
3.20424, -102.288, 509.379
6.6115, 382.973, -383.384
5.51185, 353.184, -42.9731
4.93856, 358.349, -538.73
6.14942, -197.738, 576.358
4.05164, 703.596, -645.39
3.93925, -583.718, 162.225
5.45857, -681.541, 581.509
5.34055, 465.213, 664.418
5.41059, -527.396, -538.13
2.84132, -655.04, 227.717
4.34304, 107.942, -117.842
6.28475, -516.949, -486.946
6.35297, -524.332, -476.513
4.27217, -431.098, -221.186
5.98913, 75.7795, 608.281
5.08005, -483.113, -193.514
5.94494, 199.35, 169.801
6.18066, 27.5192, 675.146
2.56231, -191.681, -332.737
7.16549, 424.327, -62.7616
5.37826, 279.863, 180.514
3.05587, 659.665, 859.871
4.87388, -118.339, -86.5196
3.24247, 310.599, 117.938
4.22594, 168.572, 379.498
7.04476, -659.479, 245.048
4.54571, 85.8866, 477.323
5.96642, -512.904, -47.9135
3.35865, 387.314, -499.022
6.21715, 668.231, -432.784
4.16319, -510.816, 477.701
4.62157, 427.537, 194.132
2.79523, -176.933, -78.7455
5.09005, 220.192, 21.5115
5.94425, 225.228, -473.073
5.01149, -151.795, -85.9732
6.56617, 13.7376, -511.761
3.07974, 36.192, -518.556
5.24841, 273.247, 291.892
5.06046, 356.888, 155.83
6.02649, 609.739, 467.504
5.65083, -179.248, 563.936
4.0207, 32.7813, -533.386
6.74719, 245.057, 62.9086
3.39619, 560.865, 37.2684
2.61737, -383.017, 47.9152
4.19467, 425.483, 26.057
3.43818, 236.58, -62.1636
6.60467, -162.111, 52.4651
6.72507, -504.667, -195.63
6.78031, 702.389, -622.391
7.37454, -669.702, 602.518
2.99587, 347.336, -403.28
2.56182, 623.363, 523.05
2.58614, 234.797, 304.309
2.64527, 323.553, 146.395
4.1031, 93.3764, -141.593
6.17815, 419.609, 213.144
3.14876, 283.179, 306.773
2.5161, -356.507, 329.729
6.91905, -5.2779, -532.592
3.70482, 249.641, -506.064
4.38481, -649.627, 581.364
4.44879, 493.295, 1.72055
2.81534, 464.091, 206.403
7.30792, 198.291, 502.835
3.75349, 595.564, -263.355
6.85376, -518.019, -55.1544
2.85991, -685.908, 398.147
2.70653, -421.402, 616.232
3.46378, 240.637, -415.414
3.86708, -245.566, 303.078
7.4007, -601.459, -331.959
3.60607, 220.894, -550.819
6.43119, -645.399, 554.005
4.42306, 179.924, -269.263
3.78593, 401.332, -606.961
3.91087, -628.333, 258.19
7.33834, 556.868, -135.107
4.22841, 252.872, 75.0805
3.45922, -510.694, 638.345
5.05037, -483.913, -152.669
5.21857, -425.536, 583.633
5.72333, -551.469, -542.094
3.89738, -137.525, 623.231
3.41887, -205.61, -352.732
2.71579, -583.963, 165.4
3.98408, -403.685, -167.7
4.25548, -147.216, 70.4295
7.09372, -442.738, 519.455
5.81225, 415.256, -221.415
5.08041, 552.602, 499.125
4.03763, 428.982, 352.061
3.0007, -160.602, 73.9953
3.47502, 268.37, -640.003
4.11407, 117.435, -166.892
5.56182, 563.481, 84.8834
5.13511, 707.423, -567.799
3.45653, 301.538, 104.453
4.7178, -545.508, -594.543
4.48693, -423.564, 647.6
6.28051, -491.401, 558.314
6.6213, 620.228, 517.677
5.51573, 56.058, -132.975
3.04573, 365.605, -546.259
4.11797, 344.834, -111.862
5.03403, 178.54, 223.526
4.76521, -389.866, 520.428
4.77315, -209.834, -354.53
4.91125, 671.448, 695.23
5.07896, 252.564, -519.282
4.50207, 114.98, 585.761
4.22945, 644.559, 382.737
6.64533, 572.098, -133.059
3.02204, -643.544, -425.888
6.40057, 375.322, 429.986
3.19919, -252.416, -262.326
2.62171, -556.734, -556.26
6.0664, 304.013, -512.27
7.15538, -4.06599, -523.526
7.47667, 283.55, 159.523
3.86264, -636.975, 250.958
3.6923, -413.008, -176.774
3.87328, 464.244, 601.54
5.70836, -562.868, -480.517
5.17637, 277.871, 112.313
6.8967, 572.7, -304.326
6.75968, -612.432, -423.15
2.98004, 543.033, 24.4463
4.66818, -667.066, 267.604
3.17045, 5.42569, -507.57
5.86802, -141.506, 181.027
5.34964, -175.468, -377.319
3.66474, -324.559, 758.437
5.50306, 254.606, -436.132
2.6551, -553.922, -154.899
7.08512, 394.588, -263.432
3.82958, 651.152, -19.9982
6.50016, -139.972, -374.203
5.46389, -42.5388, -500.936
5.0822, 187.025, 199.496
5.2567, 249.121, 292.952
3.47225, 278.298, -25.9703
5.36152, -69.4163, -571.337
3.81992, 233.396, 253.836
4.41648, -679.672, 492.054
2.73626, -593.687, -584.713
4.22823, 458.982, -601.314
3.61594, 491.549, -387.513
3.81264, -133.624, -531.053
3.05141, -248.599, -442.486
7.40088, -496.633, -61.8439
5.93794, 614.568, 488.135
5.82158, -484.123, -150.698
5.99501, -585.65, -432.613
2.68746, -478.483, -513.594
3.6706, -546.134, -392.217
3.95397, 662.872, 426.67
3.50543, 27.5293, -238.979
2.7177, 255.535, 208.381
2.56571, -408.877, 543.877
6.07297, -421.234, 523.107
6.88348, -526.607, -488.702
5.35088, -629.849, 138.762
6.92743, 760.026, 763.544
5.20042, -432.34, -233.587
3.31357, 646.952, -580.092
3.30492, 605.024, 446.32
7.19182, 258.234, 138.127
3.45628, 342.164, -547.401
3.15761, 245.03, -289.831
4.41122, -155.281, -97.6907
6.12674, 220.292, 59.1041
2.50651, 563.319, 730.335
4.60222, -202.753, 495.655
5.18984, 206.797, 6.76772
4.86596, -144, 239.668
6.33003, 553.703, 572.269
2.9396, 384.237, -358.219
7.04284, 296.789, 222.26
3.20818, -530.552, -591.787
2.54782, 263.318, 91.0078
2.82267, 323.583, 365.334
4.96742, 300.727, 123.601
5.40914, 475.912, 613.577
4.03373, -605.009, 448.245
4.57091, 529.656, -41.0847
4.33401, -611.121, -455.777
3.42687, 100.844, 528.973
2.76788, 196.837, 113.975
4.47222, 349.514, -42.5432
3.98388, -105.605, -120.182
5.05388, -442.214, 561.83
3.75392, -652.332, 234.057
5.01589, 673.506, 692.8
2.51168, -81.1447, 520.283
7.01807, 680.835, -451.134
2.79181, -665.428, -743.067
5.17506, -500.332, 516.167
3.95754, -446.034, 521.104
7.3023, -521.615, -201.557
4.73406, 242.206, -47.8211
5.08479, 597.999, 165.65
5.93861, -159.393, -96.7619
2.72187, -183.99, -79.1957
7.2946, -630.343, 531.322
5.70852, 285.928, 125.734
2.80215, 297.833, -601.197
3.33964, 290.118, 218.271
5.76491, 353.12, -116.54
6.19864, -727.814, 75.1563
3.57011, 667.282, 254.439
4.31441, 181.129, -337.376
6.56981, -529.309, 639.373
5.32057, 604.121, -339.233
7.45886, -17.382, -523.157
6.5669, -598.437, 216.487
3.49157, -631.935, 24.3296
2.50003, -44.8728, -504.06
4.62608, 715.169, -630.271
4.07406, 664.521, 181.934
5.56218, 524.935, -645.686
3.83351, -154.039, -395.51
4.39881, -564.497, -175.152
5.43397, 575.264, 134.444
5.95636, -155.599, -386.801
7.26736, -219.387, -417.565
4.89785, -290.518, -578.14
3.60319, 255.401, -452.293
5.33741, -629.363, -493.093
6.09873, 255.089, 55.8003
4.4953, -381.566, 535.682
3.48326, -526.101, 633.291
6.66971, -507.753, -500.541
5.59561, -485.264, -508.295
7.26866, -151.076, 82.4478
3.23222, 14.9748, -63.4942
5.38953, -174.336, -395.316
7.26796, -380.053, 564.799
3.62331, 703.956, -726.681
7.25137, -444.922, 613.359
3.07874, 630.399, -258.98
2.58372, 178.795, -104.459
3.90465, -208.958, -224.034
7.15042, 420.241, -2.99661
3.04796, 673.157, 691.111
6.77266, 80.029, 390.517
5.68532, -491.054, -499.78
5.63853, 329.307, -474.541
3.80589, 650.495, 487.905
5.13936, -563.992, 209.176
7.16608, -216.173, 554.768
3.98055, 507.9, 36.3407
4.78006, 268.97, 316.993
6.35659, -523.135, -618.245
4.17193, 318.969, 147.429
6.31775, -23.2328, -515.092
6.65892, -34.0203, 521.104
2.64618, -635.221, 525.047
4.31315, 561.697, -184.083
4.16221, 280.335, 317.371
3.17675, -303.135, -63.7587
3.00839, -212.684, 633.375
5.11327, -452.134, 565.516
3.52046, -41.3835, -360.517
5.00728, -534.988, -479.492
5.1371, -32.4837, 528.898
4.13422, 91.361, -212.738
4.75888, 229.711, -262.699
6.85263, 29.0153, 526.036
4.72884, 576.431, 587.402
6.03726, -464.589, -538.78
6.83171, 707.953, -630.048
6.5822, 592.727, 159.933
2.67504, 823.302, 600.911
3.8644, -480.805, -212.041
5.21858, -253.302, -372.009
3.19942, -484.393, -419.686
5.57408, -591.355, -596.852
3.29182, -419.697, -690.045
4.41129, 284.546, 159.82
5.94997, -50.3208, 79.9585
3.21128, -415.044, 662.011
5.65284, -646.323, 574.931
3.15973, 84.5118, 593.269
7.13583, -651.745, 221.946
5.53465, -659.413, 562.635
5.50388, -664.254, 180.173
3.33635, 380.583, -392.743
3.301, -530.64, -594.55
5.91628, 417.101, 1.55415
5.1456, -535.856, -96.9525
3.65264, -83.5949, 515.244
6.55373, -412.595, -228.6
5.76477, -302.281, -385.899
4.08597, -600.286, -403.629
2.53953, -223.419, -506.919
3.49176, 473.646, 513.746
3.78831, 166.731, 308.972
3.03825, 593.54, -154.248
3.49545, 80.3579, -124.725
6.75079, 821.765, -501.498
6.63912, -552.539, 215.527
6.76813, -594.921, -412.187
5.71027, 78.0644, 569.341
3.6787, 728.225, -657.451
6.80638, -605.933, -497.929
5.4745, -219.091, -49.81
2.52745, 441.132, 9.29671
6.84925, -633.76, -457.573
7.37729, 402.468, 196.176
5.59653, 269.62, 39.4089
3.85574, -618.535, 152.537
7.46973, -179.572, -399.817
4.60751, -612.188, -509.466
4.20537, -576.096, -422.811
4.80717, 265.269, 36.0863
4.44822, 179.683, -252.411
4.613, 174.009, 570.06
2.84879, 337.982, 243.715
5.5153, 73.99, -212.401
7.36114, -74.1819, 101.609
5.07406, -619.385, -538.474
7.45461, 569.516, -109.314
5.84906, 417.414, -63.7737
4.01716, -549.161, -156.579
3.47371, 563.736, 489.04
4.0109, -600.904, -591.116
4.93946, -357.04, 330.247
4.72438, 480.794, 624.563
5.7844, 373.3, -522.908
3.74227, -539.431, -478.496
4.72007, 96.2727, 415.916
5.75894, -531.015, -81.5518
6.67472, -634.518, 263.296
6.03698, 116.998, 578.69
4.93928, -393.777, -457.592
6.72039, 298.798, 8.47694
7.00296, -424.825, -158.121
6.33082, -611.955, -553.459
5.29453, 492.435, 660.392
2.70603, 105.257, 56.7926
5.46749, 502.997, 10.9552
2.68674, -422.036, 540.807
4.53488, 272.608, 302.551
2.84243, -679.696, -650.123
7.38558, -589.668, -571.842
2.5956, -557.103, -251.876
6.60363, -271.786, -159.817
5.2195, -446.067, 542.581
5.72828, 649.5, -244.779
3.62934, -155.199, -80.0003
2.733, 733.884, -531.619
3.63154, 293.678, -439.936
4.58371, -632.049, 142.284
6.40126, 267.796, -433.597
3.72852, -639, 157.694
4.81411, 463.198, 53.0971
6.14756, 581.351, 144.825
5.35237, -360.227, 620.35
5.45997, 658.26, 679.73
4.98425, -605.354, 155.263
3.951, 202.583, 114.009
4.71107, 64.061, -209.538
2.53669, 665.423, -424.836
7.41683, 373.736, -246.537
2.52822, -631.42, -298.605
4.8676, 89.7594, 579.271
5.86497, -255.028, -209.917
