6.27803, -754.684, 339.125
3.5948, 296.654, 643.673
5.89648, 514.465, -314.429
5.09708, 43.8918, 145.02
2.76731, 1139.2, -1321.82
2.53849, 431.092, -203.302
4.58743, 1655.94, 923.678
7.15218, 185.713, -188.146
2.95982, -20.1985, 358.98
6.00595, 571.882, 539.699
3.81226, 187.296, 98.0166
4.14117, -11.1565, -64.5132
7.45519, -413.965, -572.57
7.41275, -71.9275, 215.311
5.75759, 68.4318, 497.173
6.92354, 18.6544, -297.365
6.33247, 41.0096, 55.1546
3.87453, -606.664, 206.063
4.93259, -31.0841, 273.793
2.80282, -1319.96, 71.2657
5.08146, -10.4293, 359.372
4.96988, -1049.33, 336.136
7.23882, -314.254, -103.993
4.42071, 21.7079, 318.068
5.14874, -815.201, 402.028
2.75042, -274.45, 1032.33
6.63909, 261.73, 532.803
5.94228, -336.785, -107.361
6.18112, -100.733, 185.268
6.94286, -900.305, -1031.86
4.25508, -31.1053, -30.9486
6.72991, 117.388, 389.811
3.84659, -61.4682, -84.7461
4.83959, 619.454, 145.873
3.2686, -45.6747, -370.623
2.66527, 33.2002, 168.849
7.2768, -542.988, -598.432
6.95369, 286.44, 197.477
3.29884, -780.439, -27.4253
3.15214, -696.49, -322.635
2.515, 527.628, 5.2421
6.0491, -72.9441, -311.362
3.40448, 650.906, -190.538
5.76029, 47.0175, -307.179
4.42907, 42.8652, -263.106
3.23766, 340.244, 654.59
5.45054, 189.056, 298.054
3.24076, 800.573, -343.882
3.2091, -712.492, -639.557
4.94257, -228.895, -361.034
3.13015, -641.891, -37.5441
5.64635, -548.635, -85.6841
5.60817, -199.988, -19.1824
4.88216, 823.565, -1136.07
2.64188, 478.027, 734.767
3.21011, 1000.42, -302.675
3.15594, -54.337, 169.567
3.31099, 562.782, -833.16
3.76529, 473.973, -170.139
4.77654, -1281.48, 712.939
6.54472, 136.774, 86.2958
3.57624, 53.1902, 267.026
3.75063, 87.0012, 625.558
5.02978, 233.459, 467.643
6.27922, 131.378, 29.8171
5.66369, -364.411, -899.883
5.9449, -858.163, -572.878
7.27207, -732.785, -300.497
5.18713, 1017.47, -554.671
4.57014, 145.696, 706.923
4.70019, 157.28, 470.677
6.07821, -694.068, -792.334
6.20858, -548.461, -768.223
5.12494, -934.947, 832.64
6.06711, -55.673, -17.5397
5.91025, 230.889, -48.3388
6.82941, 659.296, -499.863
3.19597, 638.44, 240.445
3.57766, -208.335, -8.53387
5.0733, -154.059, -347.51
4.83766, 207.665, 408.557
3.55759, 518.334, -803.096
5.65244, 557.117, -402.231
2.5044, 654.181, -897.962
4.09589, -17.6368, -1343.18
5.90281, 57.2114, 148.628
6.0446, -82.7522, -359.512
2.90869, -2.55461, 128.23
3.56926, 202.717, 126.388
4.44412, -185.358, -80.7853
4.44927, -1163.91, -481.959
3.92018, 217.749, -218.633
4.6123, 158.756, 335.275
2.55658, 647.645, -3.56508
3.72027, -1066.8, 609.338
4.49072, -202.261, -1032.45
6.64177, -97.002, 128.292
3.78584, -530.586, 374.586
3.59705, -407.912, -383.09
6.47385, 330.413, 352.977
5.8476, -467.851, -393.923
5.49108, -128.366, -494.662
5.99917, 890.242, 381.866
5.13062, -89.0785, -46.1337
4.14833, -12.5026, 11.6126
3.30844, 807.628, 103.214
6.56633, -220.883, -12.0759
4.08004, 594.818, 258.439
4.05369, -63.3438, -182.192
4.65424, -58.4238, 136.259
4.46509, 529.083, 122.257
4.43916, 214.447, -393.629
4.34871, -35.1386, 163.818
5.88118, -533.375, -432.1
6.10384, 625.89, 6.71913
7.20082, -748.998, -15.8428
5.08573, -111.629, -68.8725
5.5282, 572.47, 536.616
5.85049, 571.958, -827.507
5.11404, -449.217, 150.246
3.87105, 349.128, 94.1345
7.08924, 245.316, 363.02
3.73367, 76.341, 122.211
4.77876, -406.944, 273.162
3.30374, 126.287, -274.282
4.68319, -93.0484, -348.556
7.45767, 288.245, -214.641
6.26931, 622.454, -894.959
4.97846, -87.0188, 6.9379
7.01651, 3.3712, -18.0997
4.68213, 251.106, 389.895
5.09239, 730.463, -567.977
4.44866, -709.594, -705.071
5.63431, -77.3776, -56.4738
5.19331, 40.7863, -122.207
4.35955, 322.882, -99.6453
2.54674, -179.499, -52.0359
6.3794, -47.7834, -185.284
2.85317, 25.0391, 176.096
3.98511, -6.80927, -336.846
4.78581, -137.617, 55.9535
3.25156, 28.3177, 76.7516
5.97819, 369.138, 283.748
4.15587, 221.588, -283.736
5.21197, -713.237, 1174.37
2.64678, -1001.33, -148.22
5.38086, -273.504, -485.248
5.18133, 212.016, -209.595
7.36678, -418.489, 563.671
5.57063, 44.6682, 36.3225
5.26431, 668.007, -797.511
6.69051, -145.482, 167.187
3.75764, 63.9169, 443.072
6.98957, 149.493, 37.8474
5.97428, 405.151, -176.691
5.82752, 303.58, 810.583
3.06838, 442.237, 341.563
3.37987, 459.028, 108.145
2.91253, 170.415, -146.478
6.68103, -292.076, 535.472
2.64818, -382.945, -59.5293
6.34719, -135.692, -102.936
4.29829, 214.113, -963.235
6.24626, 725.737, -330.603
6.28385, 179.967, 28.2061
3.60834, 765.673, 108.533
5.58305, -115.255, -93.1651
3.66846, -29.3941, 203.808
6.22052, 144.499, -885.143
5.80997, 365.186, 556.859
4.9209, -627.126, 1212.08
2.58972, -630.622, 237.828
4.98291, 65.6311, 440.359
5.09587, 2.21095, -176.691
4.71395, 638.232, 815.5
4.14528, -705.279, -21.083
3.52671, 200.272, -235.627
7.19863, -251.841, 607.761
2.85168, 798.348, 576.951
3.30042, 41.8345, -292.948
6.70788, -10.2991, -134.938
4.13614, 395.673, 296.759
6.85942, 83.8694, 458.979
5.99896, -419.693, -243.506
5.52801, 100.026, 199.505
4.77536, 442.77, 492.297
2.91543, 983.849, -137.542
3.94883, -690.439, -694.735
6.51009, -271.576, -59.3851
6.81821, 488.843, 431.487
3.81831, -1176.51, 159.908
4.79881, 3.18096, -272.344
4.95672, -89.7372, -305.46
5.82344, 536.078, -687.334
7.31738, -86.9088, 150.486
7.23022, 294.935, -42.6061
2.81902, -35.4119, -491.547
5.04829, -66.7217, -14.5946
6.13222, -337.549, -61.9003
5.65882, 314.163, -35.93
3.26658, -153.14, -240.908
5.09652, 637.214, 815.323
3.52281, 1328.58, -497.111
6.03231, -81.6089, -304.178
6.05786, -107.044, 1390.01
3.66304, 309.751, 122.885
6.80594, -288.313, -155.076
2.67122, -340.55, -649.328
6.26587, 10.7969, 338.432
4.14789, -50.5661, 29.6405
4.65309, 1153.74, -92.8219
7.33455, 306.451, 388.241
4.05803, -555.405, -641.695
5.69762, -1345.4, 184
5.95386, 52.9552, -63.1404
5.36403, 15.0186, -120.742
6.60667, -715.937, 1199.34
4.21807, -846.491, 551.897
5.09387, 163.721, 315.773
6.78438, 645.492, -2.09697
6.18587, 577.464, 380.373
3.45992, 6.68284, -132.783
2.83145, 67.5066, 135.618
3.60828, -1084.3, 671.541
3.33656, 92.0872, 59.1635
6.31172, 69.3573, -56.002
5.44905, 280.809, -809.228
4.65223, -1459.15, -272.67
7.09618, 659.129, -334.094
5.09668, -271.746, 328.6
7.38058, -469.522, 200.569
5.15714, 392.316, 295.985
2.98716, -220.876, 986.666
5.83983, 257.549, 380.213
5.44444, -347.653, 798.906
5.01137, 21.7167, 227.334
2.75808, 744.679, -163.361
2.6753, 660.31, -209.551
4.41484, 102.826, -8.70641
5.55555, -598.463, -928.297
5.06574, -1439.74, -252.993
5.98498, -151.258, -133.575
4.89891, -134.137, -280.052
3.88323, -1330.96, -46.2846
6.01685, 1.55396, 981.726
3.67701, -125.86, 49.8504
6.41501, -27.5252, 63.9421
6.60589, 639.199, -444.047
3.21842, 584.709, 804.198
5.75757, 611.847, -516.074
3.87677, -274.354, 345.149
7.26215, 181.586, -379.975
4.58238, -2.98426, -21.7198
3.03869, 105.363, 347.206
4.70633, 287.117, -83.7882
6.28811, 197.459, -21.0017
2.77803, 556.673, 507.191
3.51241, 119.005, 184.333
6.82305, -245.379, 318.766
6.52456, -218.826, -5.72311
2.78861, 275.548, 781.073
4.40304, -76.8378, 94.7247
4.56124, 245.85, 145.7
2.80071, -525.307, -112.394
7.09746, -578.717, -569.611
3.35398, -242.104, -199.752
6.51634, -136.395, 205.606
3.88599, 420.75, 424.791
4.44586, -176.06, -20.0744
7.19936, -798.253, -221.577
6.24573, -11.5338, 925.78
3.44774, 487.934, -716.347
6.89581, 177.202, 42.0694
6.8953, 30.9614, -188.424
3.30515, -174.72, -112.161
5.87346, -26.983, 347.585
6.89096, 191.42, -54.348
6.98262, -444.97, 932.491
3.06535, -122.087, 55.6001
5.93789, 298.156, 524.433
3.21651, -207.344, -424.335
3.6901, 311.243, -103.624
5.64383, 546.819, -514.324
4.312, 286.32, 360.139
4.64437, -711.26, -559.93
4.91936, 507.586, -354.153
6.20379, -254.851, -345.468
3.23098, 670.737, -357.171
7.36238, -234.685, -160.4
7.3158, -21.1705, 24.8945
3.14741, 385.688, -370.464
5.3784, -428.643, -318.788
4.66439, -355.704, 214.668
5.50066, 0.517359, 247.454
5.85098, 43.1405, -132.717
4.5137, -915.683, -342.666
6.46691, -724.439, -587.852
4.89889, -768.942, 708.364
5.72449, -626.294, 298.01
4.28836, 1153.48, -282.397
5.96794, -74.548, 597.249
5.83428, 286.529, 458.295
3.22071, 578.895, -327.964
7.10415, 34.0495, 155.334
4.22228, 519.733, 1068.9
6.66824, -260.005, -239.424
2.74349, 353.1, -249.333
3.27936, 214.764, -51.2302
2.55765, 494.825, -334.35
3.94327, -32.4915, 72.7508
5.07295, 314.924, -227.904
3.65948, 87.8682, -1068.78
2.75022, 367.867, -212.139
5.33091, 14.8967, 228.924
6.69774, -168.46, 193.557
4.28763, 413.916, 630.832
4.3452, 307.001, 359.434
7.22226, 245.152, 225.022
4.72425, -604.224, 381.421
6.82086, 79.6136, 8.79109
5.82654, 334.712, -467.276
5.79297, -442.822, -449.644
7.10736, 855.157, -613.865
5.11536, -919.455, 826.404
5.45229, -658.685, -260.824
5.79944, -214.311, -941.391
4.24765, -724.425, 318.424
4.11714, 413.401, -21.8243
7.08984, 295.69, 358.9
3.08619, -981.681, 422.907
7.31268, 294.126, -86.559
5.17978, 301.776, -258.439
5.81447, -527.164, -172.435
5.48362, -1062.65, 463.864
6.93363, -43.276, 282.584
6.67999, -187.745, -201.873
6.69339, 245.767, 358.904
6.85642, -75.8605, -269.531
2.5002, 361.966, 677.121
4.77274, 80.8401, 470.403
4.25696, 878.667, -111.942
5.80713, 931.573, -945.672
6.22234, 228.969, -161.711
3.3821, -372.631, -1058.56
7.4621, -499.008, 722.352
5.95466, 425.997, -298.87
6.97862, 6.82718, -39.1842
3.51579, -58.904, -182.307
7.2356, 179.277, 611.727
4.88476, -1090.27, 513.359
6.78578, -1079.45, 669.877
6.41237, -320.734, -430.901
5.70687, -917.3, 836.892
3.14521, -257.396, 447.573
5.77944, 117.19, -613.219
3.09199, 49.4696, -46.7183
3.88793, 875.696, 5.6847
6.65548, 292.134, 929.385
6.14153, 1005.1, 1213.38
6.74348, 977.228, -732.716
3.43989, 15.0567, -554.388
6.09602, -28.9956, -443.337
4.25586, -382.68, 462.586
3.34555, 550.704, 671.032
4.52383, -919.993, 166.315
4.20924, 47.252, 300.375
6.67141, 46.777, 152.688
3.9111, -731.339, -1183.11
5.16766, 415.483, 392.575
6.25085, -347.472, 345.821
4.62554, -25.6078, 166.737
4.66964, 913.483, -128.535
3.03022, -1052.17, -291.752
6.4639, -145.43, -274.193
3.91232, -213.241, -194.875
7.14264, 933.487, 1032.65
5.37926, 239.799, 369.32
3.4895, 26.6895, -526.969
5.99081, 83.6751, 254.408
3.07265, -262.231, -393.741
4.22945, 538.332, 561.944
4.15646, -169.923, -281.211
6.42735, -1072.87, 527.729
6.65775, 295.326, 392.506
4.21712, 740.354, -441.171
4.2603, 29.945, 235.587
6.38197, -201.567, 111.61
6.58658, -397.882, -404.258
4.26157, 37.1965, -294.879
7.09559, -174.464, 47.384
3.2877, 592.369, 396.001
5.56029, 615.862, -506.138
5.54222, 66.0546, -29.062
3.16647, 725.87, 960.303
3.51409, 846.067, 1244.77
4.79457, 3.95321, -29.8268
3.48759, -537.574, 284.225
6.77118, 155.991, -229.788
6.54562, -389.029, -202.267
2.80131, 508.333, -756.614
6.50584, 456.589, -1185.96
5.49597, -43.6124, 50.5619
7.43182, -87.2945, 92.409
2.65919, -683.858, 11.9688
6.8356, -784.533, 951.121
3.69109, -62.9761, 426.045
3.6127, 222.509, -683.73
4.73907, 1390.09, 648.723
2.61231, 376.275, -200.454
6.79755, -88.6998, 26.8489
4.15902, 383.896, -1517.44
5.72195, -394.133, -321.778
7.43521, 582.131, -90.4549
5.30162, 140.177, -450.121
4.74553, -8.0629, 109.976
5.213, 137.031, 21.3483
2.90797, -129.879, 26.7671
3.99606, 955.436, 707.919
6.63964, -1079.2, -280.743
6.48936, -773.228, 139.618
5.71048, 56.0872, 94.6406
4.84105, -311.663, -245.595
7.15326, 320.119, 874.635
5.08798, -224.838, -237.787
7.42924, -1056.69, 724.415
5.94567, -62.2757, 24.9643
6.19966, 41.1729, 14.3902
3.46323, 696.242, 374.202
6.08881, 918.311, -639.78
6.11146, 161.573, 409.2
6.49298, -249.035, -273.196
4.23216, -1069.8, 195.929
5.1481, 200.511, 553.411
3.19001, 164.745, -584.842
6.73218, -60.4194, -4.3535
6.32766, 355.632, -232.854
7.5, -1063.99, 468.374
4.24891, -1451.3, -619.44
5.50367, 849.314, -57.4093
3.50808, 5.81573, 1110.29
6.2385, -856.109, 161.076
6.49225, 339.076, 398.235
3.03505, -495.727, 508.884
5.35813, -24.1164, 256.848
2.84683, -1364.66, 525.333
4.16036, -132.505, -251.39
5.80945, -16.2457, 119.222
5.27726, 268.401, 995.166
7.12415, 154.933, 23.0531
2.69832, 227.115, 478.926
2.62083, 689.101, 631.517
4.61923, 77.0323, 275.564
4.36987, -36.3586, 346.696
2.93303, 694.559, 498.785
3.05403, 131.271, -134.826
5.31992, -913.274, 167.522
7.37269, 3.28367, 259.477
3.05066, 59.1557, -1077.84
5.99352, -854.258, -1010.61
2.79674, 295.006, 860.455
4.69755, 204.581, 48.805
5.24651, -612.413, -502.284
3.45129, 51.3091, -105.047
7.36597, -6.47642, -311.692
3.19593, -83.8959, -448.429
5.48978, -830.028, 298.443
7.12812, 195.854, -762.252
3.91116, 78.869, 361.948
6.8307, -191.358, -50.6138
6.29598, 535.819, -518.1
6.10793, 118.81, -347.497
3.34241, 396.009, 519.893
3.32882, -411.911, -599.244
3.39076, -159.72, -258.986
5.87226, 1.40991, -271.838
4.83484, -0.271172, -150.19
6.85219, -25.4658, 256.277
5.76023, -66.4342, -294.959
5.80464, -512.569, -164.541
2.58037, 219.646, 340.027
4.30596, 1275.9, 824.962
3.72747, -50.3792, -425.647
6.93086, 666.724, 652.464
5.23701, -1550.76, 9.08368
6.57209, 151.495, -295.995
5.24453, -348.127, -634.539
4.16156, 32.8871, 403.026
4.40213, -537.037, -835.89
2.52389, -534.644, -19.8102
6.95226, 171.086, -2.35149
6.16955, 570.594, -64.8692
6.04239, 226.348, 439.743
5.1278, 698.362, -589.943
6.41065, 64.8887, -64.0898
3.42484, -130.041, 281.276
5.72673, -13.45, 151.746
3.42178, -98.4741, 172.89
3.31214, -768.689, 211.445
2.65594, 629.29, -40.9059
7.42716, -116.324, 1.29996
4.04559, -23.4893, -109.512
4.11075, -20.8331, 248.607
5.51155, 145.293, -36.3852
2.89107, 1045, 76.5103
3.93936, -280.836, 224.399
5.79307, 613.351, -362.032
7.36348, -199.893, 80.0744
7.27758, 805.275, 252.828
7.42745, -305.137, -261.097
7.30478, 14.4435, 146.619
3.0073, 31.0822, -333.169
3.71505, 0.965595, 356.711
6.91151, -189.487, -100.462
5.28805, 364.457, 302.965
6.7669, 125.868, 0.653177
7.49145, 656.079, -382.022
3.99751, -892.452, 803.431
6.33157, -1637.53, -639.42
4.81901, -733.398, 39.2466
6.8168, -7.07148, 4.32102
6.99018, 225.3, 86.5832
7.377, -163.786, -157.809
2.77405, 235.5, 49.3028
6.32605, -310.896, 185.975
5.09219, 669.093, -799.3
3.46574, 12.0568, 323.535
6.98252, -230.36, -104.923
6.38492, -159.815, 153.653
2.75968, 135.97, -95.152
7.47331, 515.404, -830.198
5.93659, 181.542, -165.316
5.94854, -531.027, -170.052
6.57666, 821.716, -492.424
7.05426, -82.9395, 255.255
3.34218, 395.997, 1263.87
5.24183, 821.89, -597.668
6.53351, -38.1225, 162.248
4.17803, 56.7622, -64.7116
5.53435, 286.297, -348.658
6.59602, 370.71, -794.72
7.3485, 310.563, 13.3145
6.29349, -3.73556, -232.784
3.72113, 341.932, -259.055
5.80589, 211.071, -187.032
4.21574, 287.237, 106.784
7.27146, -174.512, -127.028
2.60828, 363.892, -948.106
4.54979, 644.673, -285.239
2.55789, -90.7579, 859.988
3.04964, 189.983, -126.163
5.28259, 527.994, -761.715
4.45466, -170.677, 112.874
7.20539, 7.52186, -141.083
2.55572, -530.871, -127.618
6.22897, 139.284, 450.225
3.84293, 108.04, -48.0567
4.27153, -324.103, -62.1499
3.45835, 1190.58, -1292.31
5.14832, -50.6028, -73.6922
4.39478, -249.142, -1058.43
3.16407, -88.2501, -131.604
4.26563, 393.172, 11.7104
4.2497, -1243.2, 492.369
7.41084, -855.892, -579.942
5.25961, 63.8475, 332.79
4.99918, -808.452, -236.222
3.58531, 518.247, -701.088
4.37311, -30.1779, -158.651
6.78251, 354.928, 271.576
6.45578, -625.427, 1007.07
3.9204, 845.188, -848.455
5.07645, 293.131, -579.198
6.79238, 91.1627, -104.489
7.07844, 252.001, -454.433
7.48941, -671.884, -600.968
6.53177, -422.746, -461.13
5.22718, -87.3256, -346.672
7.3461, 404.242, -235.578
5.31931, -229.545, 232.651
4.03031, 610.294, -447.85
5.41853, 316.272, -89.7996
2.91197, -39.2599, -496.786
5.47382, 109.879, -128.812
3.31968, 581.642, 789.283
6.46527, 268.599, 531.521
2.95373, -566.693, 227.826
6.3072, -207.39, 44.5975
6.83996, 76.6644, 12.3509
6.40105, 304.764, 82.3554
6.61399, -767.637, -447.701
6.70974, 195.312, 96.773
4.48328, 586.906, 239.483
6.508, 167.145, -37.7696
6.56811, 331.715, 50.8531
5.43493, 516.67, 786.419
4.64621, 52.2561, -159.602
2.5002, 443.301, -521.024
5.31153, 141.098, -313.742
6.22632, 285.353, 351.47
3.89846, 905.958, 427.55
2.93406, -80.5785, -1261.14
3.5733, -509.033, 44.6619
3.93296, -272.4, -52.8485
4.86595, 378.435, -307.905
6.95893, -752.482, -619.874
5.91955, 276.956, -162.454
3.54376, 21.12, -47.3069
6.67533, 41.2789, -29.7604
7.09218, -513.89, -337.875
4.48244, 601.635, 299.848
6.37858, -34.7901, 331.06
5.68161, -234.813, -158.307
6.64746, -248.92, 208.491
3.40204, 29.1981, -300.391
7.45927, 284.777, -57.3201
6.70558, 280.648, -500.289
4.65177, -514.559, 103.794
4.38589, -579.643, 128.752
2.70802, 196.979, -1.14671
6.80715, -304.587, -282.526
6.62116, -948.004, 700.474
6.25052, 86.2291, 431.277
3.55801, 47.7988, 218.674
4.31029, -187.392, 203.38
4.43545, 311.725, 469.256
7.32918, -964.868, -679.163
6.5872, -189.086, 9.1057
4.5755, -539.898, -59.2668
5.83759, 261.236, -35.9226
2.52101, -1070.29, 649.324
6.98048, -93.2593, 81.3669
3.68416, 547.646, 530.377
3.79415, 6.64223, -194.787
5.4939, 275.767, -179.613
6.89823, -750.815, 112.622
6.16299, 687.106, 205.142
6.0773, -607.582, -285.179
3.57724, 1408.36, -98.2308
6.30413, -1145.87, 722.95
3.85351, -140.114, -218.327
2.75246, -311.043, -244.323
4.78866, 184.765, -181.951
2.58759, 320.672, -172.474
3.01129, 1004.7, -796.504
2.639, -479.261, 199.147
5.65921, -157.93, -326.578
6.34425, -123.321, 56.5872
2.74132, -698.53, -299.057
6.6924, -277.858, -271.622
6.76899, -39.8493, 183.095
6.57649, 553.036, -520.63
6.85188, -186.031, -911.716
5.27222, 14.0684, 285.255
6.12646, 51.4321, 770.818
3.20424, -1219.94, 564.51
6.6115, -2.61, -278.701
5.51185, -603.827, -928.553
4.93856, 35.3788, -202.471
6.14942, -74.8993, 208.312
4.05164, -834.339, 475.118
3.93925, 118.563, -539.428
5.45857, 703.677, -941.612
5.34055, -950.868, 251.784
5.41059, 1122.14, 477.45
2.84132, 378.826, -707.397
4.34304, -530.444, 403.037
6.28475, -113.452, -114.215
6.35297, 738.393, 838.017
4.27217, -1.51698, 0.429691
5.98913, -154.793, 4.90939
5.08005, 797.769, 431.405
5.94494, -181.936, 98.5558
6.18066, -796.724, -802.117
2.56231, -814.422, -654.669
7.16549, 10.0211, 159.244
5.37826, -574.844, -300.297
3.05587, -38.1514, -345.794
4.87388, -28.9828, -107.386
3.24247, 51.3862, -277.982
4.22594, -1901.9, -494.178
7.04476, -305.44, -129.786
4.54571, 829.06, -486.988
5.96642, -135.431, 149.367
3.35865, -127.564, -191.576
6.21715, -828.963, 452.088
4.16319, -26.0699, 99.4592
4.62157, 72.9062, 63.1383
2.79523, 469.527, -306.705
5.09005, 231.303, 471.788
5.94425, -148.084, -324.653
5.01149, -40.2788, -240.961
6.56617, -190.913, -251.564
3.07974, -95.481, 72.3256
5.24841, 29.3658, 468.289
5.06046, 181.561, 97.8635
6.02649, -717.702, -591.632
5.65083, -161.918, -23.2749
4.0207, -82.084, 77.776
6.74719, -7.19893, 5.05956
3.39619, 429.051, -732.078
2.61737, -240.084, 49.8505
4.19467, 264.693, -373.314
3.43818, -676.509, -584.028
6.60467, 27.8281, 13.366
6.72507, -5.40337, 936.282
6.78031, -817.707, 552.868
7.37454, 392.631, -255.575
2.99587, 250.635, -350.872
2.56182, -577.027, -663.921
2.58614, 197.625, -909.97
2.64527, 201.611, -217.244
4.1031, -764.476, -744.993
6.17815, -744.702, 336.117
3.14876, -23.2492, 355.208
2.5161, 271.91, -454.62
6.91905, 257.742, -290.343
3.70482, 2.1275, -526.466
4.38481, 278.572, -148.449
4.44879, -87.8367, 98.2014
2.81534, 565.88, 253.894
7.30792, 336.018, 301.43
3.75349, 355.078, 32.8868
6.85376, -110.083, -313.001
2.85991, 490.43, -594.182
2.70653, 87.8182, -443.912
3.46378, -10.732, -54.9707
3.86708, -223.935, -875.004
7.4007, -41.1346, -99.2336
3.60607, 201.276, -1113.64
6.43119, 572.725, -831.882
4.42306, 175.756, -143.766
3.78593, -911.198, 703.412
3.91087, 36.2525, 222.257
7.33834, -269.447, -294.568
4.22841, -34.5904, 48.3223
3.45922, 100.63, 320.963
5.05037, -200.376, 93.4627
5.21857, 335.615, -989.519
5.72333, -64.1275, -105.279
3.89738, 381.881, -461.204
3.41887, -126.715, -519.734
2.71579, 707.404, -879.767
3.98408, -108.695, 219.644
4.25548, 750.115, 213.225
7.09372, 603.237, -199.489
5.81225, 26.8566, -113.921
5.08041, -642.941, -587.158
4.03763, -574.568, -171.491
3.0007, 597.304, 584.476
3.47502, 22.095, -317.845
4.11407, 711.208, 972.447
5.56182, 80.4238, 22.6948
5.13511, -423.597, 259.723
3.45653, -308.34, 824.531
4.7178, 1376.57, 769.731
4.48693, 1431.83, -286.916
6.28051, 66.6804, -24.6595
6.6213, -114.48, 2.61451
5.51573, -237.659, -357.259
3.04573, 84.5624, 149.278
4.11797, 648.671, -52.9402
5.03403, 173.445, -21.9299
4.76521, 445.638, 444.68
4.77315, 55.2265, -2.19179
4.91125, -331.174, -134.786
5.07896, -1243.28, 238.07
4.50207, -484.641, -883.925
4.22945, -520.451, -164.318
6.64533, 37.6601, -167.161
3.02204, 875.619, 102.658
6.40057, 98.3557, 446.737
3.19919, -55.5653, -69.5784
2.62171, 815.312, 1068.9
6.0664, -2.11965, -472.371
7.15538, -45.7372, -173.405
7.47667, 183.05, 137.532
3.86264, -9.57339, 156.236
3.6923, -459.444, 447.821
3.87328, -52.0064, -593.37
5.70836, 447.084, 414.109
5.17637, 179.318, -0.426973
6.8967, -786.682, 1153.45
6.75968, 239.941, 442.302
2.98004, -186.786, 267.805
4.66818, 45.3597, -315.532
3.17045, -175.793, -144.353
5.86802, 267.786, -113.677
5.34964, -396.404, -16.1136
3.66474, 160.731, -647.206
5.50306, 197.922, 156.612
2.6551, -311.514, -141.943
7.08512, 84.9436, 83.6578
3.82958, 470.657, 72.9536
6.50016, 47.791, 25.6894
5.46389, -96.4028, -78.769
5.0822, 62.6943, -28.9146
5.2567, 396.932, -1.64524
3.47225, 42.323, 33.9306
5.36152, -503.426, -443.244
3.81992, -239.173, 972.72
4.41648, 433.048, -1134.6
2.73626, -61.3907, 122.285
4.22823, 37.4307, -267.107
3.61594, -905.082, 1647.43
3.81264, 83.7885, 292.491
3.05141, -258.858, -195.583
7.40088, 62.2123, 59.6335
5.93794, -604.5, -286.722
5.82158, -29.6584, -42.2682
5.99501, -92.5303, 240.159
2.68746, 93.7937, -333.565
3.6706, -228.037, -257.878
3.95397, -1035.04, -1577.68
3.50543, -115.613, 209.709
2.7177, -705.081, 695.606
2.56571, 583.487, -547.402
6.07297, 1327.63, -500.512
6.88348, 48.2601, 171.389
5.35088, 430.456, -779.163
6.92743, -405.895, -360.097
5.20042, -174.058, 96.6623
3.31357, -609.168, 446.65
3.30492, -551.423, -773.814
7.19182, 139.96, -78.3415
3.45628, 282.029, -379.449
3.15761, -708.29, 334.395
4.41122, 350.914, -495.235
6.12674, -349.912, 789.712
2.50651, -1438.71, -252.435
4.60222, 913.812, -640.13
5.18984, 365.529, 119.809
4.86596, -218.703, 217.78
6.33003, -61.831, 53.2157
2.9396, 623.015, 139.553
7.04284, 356.304, 318.297
3.20818, 322.849, -320.083
2.54782, 38.5356, -15.3414
2.82267, 116.013, 145.715
4.96742, 344.346, 349.944
5.40914, -15.4947, -110.257
4.03373, 770.447, -1474.12
4.57091, -15.7012, 394.11
4.33401, -369.948, -121.125
3.42687, 16.8195, -1071.12
2.76788, -454.725, -690.229
4.47222, 64.76, 97.7548
3.98388, 577.821, 525.451
5.05388, 379.56, 352.958
3.75392, 512.068, -966.419
5.01589, 76.8527, -275.457
2.51168, 577.831, 53.7578
7.01807, -1058.89, 471.223
2.79181, 943.137, 833.52
5.17506, 23.8884, 695.297
3.95754, 837.085, -388.02
7.3023, -215.371, 109.513
4.73406, -927.523, -584.616
5.08479, 160.852, -55.8446
5.93861, -128.38, -443.165
2.72187, 29.455, -8.73255
7.2946, 933.682, -779.416
5.70852, 13.4769, 356.027
2.80215, 252.438, -295.898
3.33964, 85.4071, 345.72
5.76491, 81.8979, 401.36
6.19864, 357.285, 674.713
3.57011, 218.225, -531.923
4.31441, -60.799, -441.581
6.56981, 562.178, -401.473
5.32057, 272.844, -20.4938
7.45886, -80.4752, -91.6707
6.5669, 173.983, -105.5
3.49157, 639.555, -995.65
2.50003, -23.6519, -104.66
4.62608, -783.394, 947.461
4.07406, 620.808, 242.572
5.56218, -974.007, 165.014
3.83351, 91.6844, -87.1758
4.39881, -188.887, -460.972
5.43397, -318.533, -680.489
5.95636, -233.534, 280.513
7.26736, 135.074, 19.9757
4.89785, 190.652, -527.706
3.60319, -753.247, 382.84
5.33741, 116.851, 22.7111
6.09873, 0.0315467, -39.3021
4.4953, 867.583, -272.947
3.48326, 661.97, -368.96
6.66971, -163.974, -115.398
5.59561, 646.23, 24.2696
7.26866, 155.454, 391.836
3.23222, 506.173, 516.955
5.38953, -10.4635, 57.8129
7.26796, 168.391, -298.72
3.62331, -1089.39, 497.121
7.25137, -96.9996, 13.0552
3.07874, 359.265, -48.4095
2.58372, -142.635, -387.559
3.90465, -96.5513, -288.428
7.15042, -113.003, 225.216
3.04796, -792.01, -261.467
6.77266, 126.789, 299.762
5.68532, 9.67122, -422.908
5.63853, 43.0194, -258.034
3.80589, -42.8266, 394.896
5.13936, 541.981, -535.191
7.16608, 40.708, 130.725
3.98055, 258.161, -105.371
4.78006, -461.303, -315.745
6.35659, 34.1824, 879.943
4.17193, -390.991, -1379.03
6.31775, -32.3802, 169.242
6.65892, -716.273, 300.178
2.64618, 699.533, -677.652
4.31315, -142.727, -351.7
4.16221, -180.736, 499.356
3.17675, -1.73666, 15.2143
3.00839, 280.058, -895.994
5.11327, 526.097, 79.1956
3.52046, 169.068, -302.051
5.00728, -206.95, -265.324
5.1371, -1001.77, 382.282
4.13422, -253.812, 137.652
4.75888, 183.712, -164.535
6.85263, -40.8878, -15.5868
4.72884, 33.6004, -199.933
6.03726, 253.339, -128.343
6.83171, -719.666, 285.079
6.5822, 187.009, -94.5042
2.67504, -570.909, -278.523
3.8644, 83.1072, 796.557
5.21858, 94.2228, 34.0643
3.19942, -375.821, 163.584
5.57408, 134.589, 87.1551
3.29182, 325.33, -410.635
4.41129, 373.203, -153.167
5.94997, 187.062, 286.927
3.21128, 1086.37, -133.383
5.65284, 306.389, -35.8488
3.15973, -535.95, -826.363
7.13583, -124.342, -9.73039
5.53465, 992.37, -1547.82
5.50388, 699.739, -351.664
3.33635, 212.333, 25.4043
3.301, 284.677, -275.735
5.91628, -20.5782, 58.1312
5.1456, -44.8862, -266.279
3.65264, -743.403, -6.06294
6.55373, -3.02499, 271.093
5.76477, -141.679, -210.274
4.08597, 52.2625, 397.745
2.53953, -91.0153, 74.497
3.49176, -129.686, -829.503
3.78831, -404.143, 466.726
3.03825, -16.7619, -323.084
3.49545, -625.575, -48.5075
6.75079, -1062.91, 564.42
6.63912, -125.689, -4.82697
6.76813, 246.965, 444.417
5.71027, 200.865, 58.7376
3.6787, -793.799, 749.473
6.80638, 194.263, 15.1339
5.4745, -281.487, 553.646
2.52745, -819.126, -770.536
6.84925, 364.559, 560.271
7.37729, 339.631, 347.434
5.59653, -718.875, -587.612
3.85574, 456.793, -150.389
7.46973, -165.069, -72.2323
4.60751, -311.699, 456.568
4.20537, 360.049, 628.623
4.80717, 325.363, -101.102
4.44822, -317.709, -904.096
4.613, -1163.04, -307.735
2.84879, 79.3158, 26.3005
5.5153, 251.034, -14.368
7.36114, 308.17, -138.953
5.07406, 28.4495, 173.343
7.45461, -124.287, 191.084
5.84906, -424.378, -1256.57
4.01716, -315.067, 144.575
3.47371, -606.271, -284.71
4.0109, -168.68, -317.241
4.93946, -79.5124, -74.2976
4.72438, -494.071, -385.718
5.7844, -21.76, -150.267
3.74227, 1276.25, 826.304
4.72007, -722.137, -665.264
5.75894, -134.271, -94.8937
6.67472, 413.923, -393.478
6.03698, 258.519, 216.332
4.93928, 158.204, 231.076
6.72039, 225.356, 300.266
7.00296, -99.7823, 245.371
6.33082, 85.6577, 359.29
5.29453, -742.107, -318.699
2.70603, 696.286, 104.554
5.46749, 269.988, -488.687
2.68674, 251.07, -921
4.53488, 210.697, 101.323
2.84243, 285.558, -324.972
7.38558, -19.4569, -170.421
2.5956, 911.515, 882.545
6.60363, 132.774, 303.792
5.2195, 972.145, -550.064
5.72828, -185.368, 397.218
3.62934, -91.5472, -174.63
2.733, -199.261, 338.83
3.63154, 28.3341, -76.7134
4.58371, 449.757, -450.339
6.40126, -324.768, -62.361
3.72852, 366.926, -798.136
4.81411, 33.9659, -23.5807
6.14756, 7.01617, -506.468
5.35237, 999.53, -218.816
5.45997, -399.062, -561.549
4.98425, 150.005, -293.785
3.951, -96.4014, -167.273
4.71107, 138.903, 7.45997
2.53669, -554.647, 1011.05
7.41683, -58.5971, -76.2063
2.52822, -307.769, -159.85
4.8676, -48.3661, 331.395
5.86497, 831.798, 1233.25
