6.27803, -2217.42, 1209.64
3.5948, 155.022, 1355.2
5.89648, 796.362, -276.632
5.09708, 165.438, 53.9041
2.76731, 3888.07, -4067.18
2.53849, -1055.71, 1139.68
4.58743, 5481.31, 3223.2
7.15218, -27.2286, -6.85591
2.95982, -437.924, 741.987
6.00595, 570.325, 385.891
3.81226, -54.3457, -161.622
4.14117, 224.865, 86.1483
7.45519, 95.8229, 81.3321
7.41275, 18.3673, 34.4312
5.75759, 806.135, 121.464
6.92354, 145.214, -13.8364
6.33247, 5.3783, -107.873
3.87453, -1724.57, -492.518
4.93259, -1021.59, -770.473
2.80282, -4922.38, 1113.44
5.08146, 372.51, 3.76009
4.96988, -3475.65, 1209.22
7.23882, 21.9746, -61.2849
4.42071, 181.133, -2.38772
5.14874, -2748.11, 769.828
2.75042, -310.132, 3542.78
6.63909, -463.954, 62.0568
5.94228, -480.997, -294.703
6.18112, -289.374, -107.009
6.94286, -2698.23, -2468.92
4.25508, -222.3, 541.323
6.72991, 230.717, 168.125
3.84659, -336.702, -225.399
4.83959, -25.4423, 241.097
3.2686, -70.8441, -204.136
2.66527, 245.058, 488.803
7.2768, -1308.75, -916.955
6.95369, 247.412, -605.772
3.29884, -1026.67, 213.779
3.15214, 63.0894, 74.2275
2.515, 2239.24, -355.072
6.0491, -103.191, -271.135
3.40448, 1237.65, 209.737
5.76029, 79.3099, 177.489
4.42907, 559.893, 310.491
3.23766, 1087.34, 1351.85
5.45054, 46.389, -274.997
3.24076, 2159.54, -1064.56
3.2091, -1812.11, -1132.8
4.94257, 464.462, 103.963
3.13015, -707.004, -436.707
5.64635, -337.179, 144.012
5.60817, 144.559, -37.2737
4.88216, 2456.28, -3397.34
2.64188, 607.339, 598.744
3.21011, 3014.1, -512.984
3.15594, -127.716, -314.428
3.31099, 1211.12, -1841.3
3.76529, -762.559, 156.195
4.77654, -3388.62, 1793.62
6.54472, 289.809, 317.981
3.57624, 153.056, -43.1166
3.75063, 3.61823, -125.256
5.02978, -390.724, -880.385
6.27922, 91.9872, 42.7568
5.66369, -1152.72, -2505.21
5.9449, -1851.18, -1278.13
7.27207, -72.2786, 47.8592
5.18713, 3480.07, -1770.95
4.57014, 75.5581, -800.606
4.70019, -313.657, -508.624
6.07821, -1432.1, -1609.19
6.20858, -1899.7, -1556.42
5.12494, -2389.91, 2003.13
6.06711, 51.6553, -123.875
5.91025, -18.5796, -13.2548
6.82941, 1642.86, -1251.46
3.19597, 754.411, 1370.44
3.57766, -16.171, 87.7777
5.0733, 672.904, 1310.92
4.83766, 128.579, -241.173
3.55759, 2562.85, -2622.11
5.65244, 383.541, -247.557
2.5044, 2049.71, -2935.35
4.09589, -481.728, -2307.46
5.90281, 12.3521, -95.884
6.0446, -114.496, -41.2317
2.90869, 534.415, 266.074
3.56926, -785.655, -227.44
4.44412, 425.397, -121.264
4.44927, -2868.11, -1012.84
3.92018, 172.452, -237.068
4.6123, 39.5084, 15.9169
2.55658, -887.06, 33.3929
3.72027, -3623.55, 1966.71
4.49072, -1301.88, -2630.2
6.64177, -493.471, -303.94
3.78584, -330.208, 654.209
3.59705, -1217.5, 40.2005
6.47385, 109.523, 39.376
5.8476, -395.926, 188.728
5.49108, 232.909, -348.173
5.99917, 2012.93, 1205.78
5.13062, 256.448, 56.5578
4.14833, 252.013, 496.347
3.30844, 3817.71, 651.531
6.56633, 49.1621, 17.3736
4.08004, 442.481, 434.228
4.05369, -442.991, 126.139
4.65424, 32.2366, -189.552
4.46509, -176.352, 297.518
4.43916, 178.066, 9.30484
4.34871, -95.838, 736.243
5.88118, 298.975, 166.833
6.10384, 615.472, -111.738
7.20082, -1849.42, 551.374
5.08573, -44.2232, 9.11425
5.5282, 572.52, 372.512
5.85049, 1206.38, -1837.71
5.11404, 177.493, -194.142
3.87105, 498.281, -617.174
7.08924, 112.283, 33.5291
3.73367, -115.843, 46.4587
4.77876, 238.153, 880.214
3.30374, 18.2622, -192.503
4.68319, 255.271, -93.7048
7.45767, 111.403, -89.0688
6.26931, 2507.08, -2635.62
4.97846, 152.329, 167.756
7.01651, 89.1983, -78.3461
4.68213, -752.891, 68.5406
5.09239, 1602.19, -1364.48
4.44866, -1395.34, -2114.61
5.63431, 189.573, -147.247
5.19331, 27.0287, -17.1934
4.35955, -165.051, 674.506
2.54674, -318.279, 234.517
6.3794, 304.09, -194.949
2.85317, -424.115, -431.844
3.98511, 156.268, 503.141
4.78581, 374.797, -10.8247
3.25156, -111.394, 73.8025
5.97819, 113.164, -238.471
4.15587, -392.872, -403.602
5.21197, -2206.1, 3934.94
2.64678, -2436.6, -1292.65
5.38086, 75.9447, 207.151
5.18133, 433.422, -230.69
7.36678, -492.306, 43.6327
5.57063, 202.501, -42.8219
5.26431, 1798.13, -2985.74
6.69051, 1128.17, 241.725
3.75764, 2.9966, -457.328
6.98957, 113.952, -224.336
5.97428, -131.338, -8.72052
5.82752, -110.91, 1849.35
3.06838, 79.4993, 155.958
3.37987, -847.73, -788.454
2.91253, -973.498, 1712.3
6.68103, 226.341, 254.249
2.64818, -73.3589, 2321.68
6.34719, 541.531, -197.418
4.29829, 254.24, -2520.73
6.24626, 724.026, 0.260271
6.28385, 91.7626, 32.1304
3.60834, 2098.18, -823.041
5.58305, 7.42904, 25.7311
3.66846, -471.582, 119.904
6.22052, 35.988, -2476.16
5.80997, -411.474, -760.686
4.9209, -2272.31, 3982.65
2.58972, 695.021, -118.842
4.98291, 67.8852, -208.773
5.09587, 23.5384, -28.2567
4.71395, 716.681, 2346.83
4.14528, -1830.45, 870.671
3.52671, 135.837, -149.838
7.19863, -128.268, 1307.28
2.85168, 1084.07, 2042.53
3.30042, 489.662, -321.285
6.70788, 415.575, -781.75
4.13614, 193.883, -470.244
6.85942, 991.438, 213.715
5.99896, 221.511, -15.1862
5.52801, -92.9469, 291.674
4.77536, -59.6071, 134.399
2.91543, 809.177, 828.557
3.94883, -2353.9, -868.419
6.51009, 5.7417, 23.8359
6.81821, 177.301, 520.9
3.81831, -3183.7, 250.346
4.79881, -527.647, -297.613
4.95672, -40.9191, -227.535
5.82344, 1199.55, -1896.39
7.31738, 164.446, -99.6387
7.23022, 447.223, 219.905
2.81902, 1323.23, -415.612
5.04829, -882.149, -378.876
6.13222, 384.734, 26.3822
5.65882, 131.464, 104.605
3.26658, 116.049, -140.819
5.09652, 717.747, 2346.26
3.52281, 3900.04, -1270.8
6.03231, 393.653, -33.109
6.05786, -741.971, 4137.62
3.66304, 216.062, -617.708
6.80594, -37.6049, 25.0007
2.67122, -893.376, 50.9505
6.26587, -282.952, -13.8157
4.14789, -273.008, -290.945
4.65309, 3480, -799.154
7.33455, 363.858, 217.624
4.05803, -1459.57, -1280
5.69762, -4068.79, 7.28569
5.95386, 96.1132, 65.3945
5.36403, 429.477, -252.674
6.60667, -2208.74, 3910.24
4.21807, -2530.02, 1091.05
5.09387, 368.233, -235.675
6.78438, 431.289, -327.694
6.18587, 644.32, 1041.84
3.45992, -321.255, 180.202
2.83145, 74.6761, 42.5002
3.60828, -2973.08, 1856.33
3.33656, 126.749, -78.0434
6.31172, 224.945, 12.8546
5.44905, 1143.9, -1657.72
4.65223, -4244.67, -385.468
7.09618, 1588.49, -227.155
5.09668, -445.612, -1012.2
7.38058, 163.175, 4.74546
5.15714, 193.419, -468.338
2.98716, -906.729, 1059.23
5.83983, -424.677, -506.435
5.44444, -535.341, 2062.39
5.01137, 458.481, 131.335
2.75808, 850.766, 951.08
2.6753, 137.141, -234.631
4.41484, 329.787, -22.8183
5.55555, -1818.45, -2209.95
5.06574, -4238.96, -388.614
5.98498, 97.1276, 139.51
4.89891, 25.3504, -151.634
3.88323, -4230.93, 70.7848
6.01685, -166.554, 2240.09
3.67701, 97.6358, -193.264
6.41501, 252.498, 59.1874
6.60589, 1251.37, 107.787
3.21842, 2588.51, 2392.08
5.75757, 366.359, -116.908
3.87677, -390.353, -1179.16
7.26215, 1902.04, -1047.83
4.58238, 147.462, -170.426
3.03869, -386.052, -167.023
4.70633, -35.3232, -6.1674
6.28811, 95.6223, -35.0404
2.77803, 507.015, 46.0411
3.51241, 80.2807, -137.493
6.82305, 44.9672, 118.192
6.52456, -172.686, 80.5699
2.78861, 455.483, 1659.98
4.40304, 226.442, -151.45
4.56124, -234.067, -425.033
2.80071, 643.546, -4.83185
7.09746, -1087.46, -1035.79
3.35398, -21.6909, -67.3187
6.51634, 323.516, 61.0941
3.88599, 1031.16, -397.868
4.44586, 187.497, -165.454
7.19936, -1605.33, 560.271
6.24573, 116.233, 2239.51
3.44774, 2713.02, -2936.47
6.89581, 290.412, 101.362
6.8953, 192.673, -6.57208
3.30515, -78.291, -550.434
5.87346, 935.491, 346.741
6.89096, -90.7382, -89.6473
6.98262, -658.483, 2760.05
3.06535, 133.591, -39.803
5.93789, -619.535, -642.525
3.21651, 684.813, -90.9273
3.6901, 539.188, -123.307
5.64383, 2201.23, -1489.07
4.312, 25.1857, -276.959
4.64437, -1424.3, -1247.28
4.91936, 1294.9, -1418.78
6.20379, 63.8552, 762.663
3.23098, -49.0502, -232.227
7.36238, 36.3666, 1.71327
7.3158, 355.245, -41.3787
3.14741, 2053.22, -1389.3
5.3784, 297.488, -11.6857
4.66439, 553.456, 218.467
5.50066, 135.028, -51.4089
5.85098, -45.1455, 233.803
4.5137, -2361.12, -764.631
6.46691, -1437.22, -1339.05
4.89889, -2552, 1444.27
5.72449, -694.792, 696.07
4.28836, 3977.11, -663.187
5.96794, 118.085, 298.162
5.83428, -300.463, -362.056
3.22071, 476.573, -224.188
7.10415, 91.3565, 108.296
4.22228, 937.189, 2899.38
6.66824, 135.384, 44.2208
2.74349, 148.843, 168.838
3.27936, 1014.81, -1511.82
2.55765, -72.3774, 15.4584
3.94327, 315.375, -99.8341
5.07295, 513.432, -418.997
3.65948, 701.298, -2686.95
2.75022, 451.529, 575.697
5.33091, 101.588, -68.7634
6.69774, -305.85, 188.482
4.28763, -254.818, -442.825
4.3452, -9.3048, -597.225
7.22226, -116.593, 4.86198
4.72425, -1444.27, 235.141
6.82086, 225.168, -139.607
5.82654, -47.0724, 673.982
5.79297, 316.766, -1.46871
7.10736, 2085.36, -1562.39
5.11536, -2395.39, 2002.03
5.45229, 280.41, 131.145
5.79944, -291.217, -2133.27
4.24765, -1454.47, 934.037
4.11714, 142.07, -352.99
7.08984, -37.066, -391.714
3.08619, -3494.02, 1233.25
7.31268, 521.079, -118.945
5.17978, 91.6075, 298.475
5.81447, 964.267, 338.432
5.48362, -3568.66, 1604.08
6.93363, -382.144, -1020.52
6.67999, 50.0468, -58.0279
6.69339, 79.106, -240.343
6.85642, 150.753, -363.143
2.5002, -109.637, 1815.16
4.77274, -461.249, -1556.79
4.25696, 1648.28, 41.777
5.80713, 3441.32, -2747.7
6.22234, 692.849, -288.606
3.3821, -777.644, -3129.56
7.4621, -1078.08, 1338.58
5.95466, -586.59, 101.144
6.97862, 177.789, 263.491
3.51579, -1165.7, -292.159
7.2356, -206.141, 70.6926
4.88476, -3315.97, 1741.71
6.78578, -2973.49, 1853.59
6.41237, 501.888, 352.898
5.70687, -2328.55, 2251.91
3.14521, 220.625, 823.47
5.77944, -57.1345, -124.359
3.09199, 129.054, -14.5136
3.88793, 2161.05, 473.963
6.65548, 254.638, 2065.65
6.14153, 2749.9, 3515.82
6.74348, 3061.13, -2283.77
3.43989, -790.278, -507.627
6.09602, 73.2406, -78.8365
4.25586, 131.627, 244.269
3.34555, 175.997, 271.322
4.52383, -3239.04, 417.267
4.20924, 210.395, -25.0374
6.67141, 75.9652, -181.251
3.9111, -2454.45, -3978.42
5.16766, 2477.32, 1514.14
6.25085, 674.357, -1191.01
4.62554, -213.118, 115.372
4.66964, 1356.67, -35.7168
3.03022, -2610.24, -1636.86
6.4639, -124.799, 35.1719
3.91232, -190.601, 290.307
7.14264, 2742.39, 3990.89
5.37926, 116.334, -45.5043
3.4895, 487.592, 76.7294
5.99081, -353.615, -269.482
3.07265, -636.813, -165.233
4.22945, 175.899, 721.157
4.15646, 7.38167, -34.0894
6.42735, -3573.05, 1632.39
6.65775, 234.567, 82.4055
4.21712, 894.003, -425.356
4.2603, -388.22, -72.1874
6.38197, 174.748, 268.837
6.58658, 788.274, -220.189
4.26157, 47.8013, 383.993
7.09559, 19.0571, -92.4129
3.2877, 498.458, 395.777
5.56029, 960.798, -212.819
5.54222, 152.607, -117.882
3.16647, 2078.55, 2271.63
3.51409, 2520.29, 3512.86
4.79457, -59.7895, 121.507
3.48759, -687.449, 1195.28
6.77118, -83.7891, -243.386
6.54562, -264.973, -394.353
2.80131, 1756.91, -1364.75
6.50584, 1142.8, -3302.77
5.49597, 264.204, -79.5829
7.43182, 203.958, 27.4483
2.65919, -965.88, 284.906
6.8356, -2201.38, 2684.36
3.69109, -124.378, -336.081
3.6127, 801.201, 471.247
4.73907, 4400.52, 2046.37
2.61231, -238.92, -98.2765
6.79755, 120.183, 115
4.15902, 442.716, -3039.58
5.72195, 715.273, -122.913
7.43521, -444.99, -58.6246
5.30162, 211.756, -94.3388
4.74553, 157.207, -16.3062
5.213, -114.591, -54.7066
2.90797, -579.423, 260.143
3.99606, 1377.3, 2039.76
6.63964, -2655.51, -515.983
6.48936, -2762.6, 1096.35
5.71048, -155.314, -49.4688
4.84105, 187.836, -326.258
7.15326, 574.159, 1717.85
5.08798, -284.812, 152.239
7.42924, -2875.61, 1833.6
5.94567, 73.6217, 149.268
6.19966, 302.963, 221.832
3.46323, 1210.33, 1117.45
6.08881, 2039.26, -1328.75
6.11146, 1074.33, 369.738
6.49298, 85.8894, -194.353
4.23216, -3374.14, 274.772
5.1481, -738.767, -341.442
3.19001, 1050.16, -761.414
6.73218, 215.055, -127.327
6.32766, -736.214, -444.467
7.5, -3549.76, 1632.33
4.24891, -4905.14, -1666.98
5.50367, 1057.97, 19.3529
3.50808, -277.018, 2516.12
6.2385, -2478.27, 415.231
6.49225, -297.645, -316.85
3.03505, -213.136, -648.357
5.35813, 160.267, -0.751701
2.84683, -3474.82, 1217.14
4.16036, 287.781, -228.764
5.80945, 92.0628, -265.106
5.27726, 373.148, 2709.93
7.12415, 52.2256, -352.69
2.69832, 222.719, 1953.12
2.62083, 975.874, 1107.77
4.61923, 402.899, 108.627
4.36987, -746.12, -102.864
2.93303, 2315.43, 2259.75
3.05403, 398.48, 289.474
5.31992, -3170.81, 110.883
7.37269, 75.504, 52.1489
3.05066, 12.6868, -2690.17
5.99352, -2134.7, -2368.26
2.79674, 253.16, 1172.25
4.69755, -204.709, 115.375
5.24651, 396.812, 141.353
3.45129, 216.331, -191.657
7.36597, 322.611, -100.969
3.19593, 238.359, -170.874
5.48978, -2183.42, 301.465
7.12812, 180.998, -320.549
3.91116, -269.864, 16.5937
6.8307, -18.2716, 175.447
6.29598, 906.683, -1212.91
6.10793, 346.242, -201.844
3.34241, -71.6479, -576.701
3.32882, 560.937, -1785.68
3.39076, 263.908, -79.6888
5.87226, -61.9194, -180.8
4.83484, 362.101, 50.4342
6.85219, 300.428, 196.096
5.76023, 449.893, -98.7399
5.80464, 959.94, 327.983
2.58037, -155.354, 575.686
4.30596, 3789.94, 2208.14
3.72747, 245.775, -652.775
6.93086, 606.232, 935.474
5.23701, -4763.04, 77.4843
6.57209, -165.443, -371.795
5.24453, -882.095, -197.012
4.16156, -200.053, 169.863
4.40213, -1315.92, -2291.72
2.52389, 661.776, 85.5454
6.95226, 126.768, -90.8384
6.16955, 312.285, 77.4348
6.04239, -554.593, 202.26
5.1278, 1516.14, -1905.84
6.41065, 222.724, -422.344
3.42484, 342.434, -31.2725
5.72673, 185.67, 30.4072
3.42178, 292.22, -6.4889
3.31214, -1193.39, 593.629
2.65594, 1221.15, 1014.8
7.42716, 146.874, -127.073
4.04559, 48.6862, 50.788
4.11075, -399.104, 60.2728
5.51155, 236.316, -14.3309
2.89107, 3533.13, -543.995
3.93936, 226.177, 273.235
5.79307, 448.395, -867.789
7.36348, 366.127, -40.8988
7.27758, 2684.16, 1024.12
7.42745, 83.2586, -129.123
7.30478, 230.262, -6.38838
3.0073, 110.028, 514.144
3.71505, 895.164, -292.481
6.91151, -433.324, 122.541
5.28805, -130.309, -275.39
6.7669, 155.772, -150.828
7.49145, 556.898, -96.6291
3.99751, -3016.26, 1416.7
6.33157, -5414.4, -1814.65
4.81901, 11.0823, 312.934
6.8168, 582.463, 137.728
6.99018, 185.484, 148.399
7.377, -409.449, -184.692
2.77405, 241.883, 31.5417
6.32605, 218.299, 253.572
5.09219, 1177.3, -1824.45
3.46574, 280.771, -291.034
6.98252, -9.14938, -495.643
6.38492, 458.234, 9.85633
2.75968, 356.362, 30.4299
7.47331, 1295.9, -1852.55
5.93659, 156.578, -468.978
5.94854, 988.136, 376.156
6.57666, 2082.78, -905.265
7.05426, 304.435, -73.8722
3.34218, 1610.27, 3390.06
5.24183, 2038.59, -1401.99
6.53351, 132.923, 64.3477
4.17803, 446.707, 275.259
5.53435, -381.273, -311.659
6.59602, 996.686, -1754.14
7.3485, 534.291, 75.7394
6.29349, 229.03, 385.244
3.72113, 123.745, 292.467
5.80589, 120.653, 100.954
4.21574, 983.031, 410.202
7.27146, -17.8052, -8.37329
2.60828, 1849.09, -2326.3
4.54979, 768.524, -269.081
2.55789, -2349.62, 2545.23
3.04964, 234.779, 451.486
5.28259, 723.151, -984.027
4.45466, 363.677, 15.0518
7.20539, 232.048, 30.3328
2.55572, 298.001, 424.864
6.22897, 344.035, -910.368
3.84293, 138.36, -219.921
4.27153, 240.43, -116.863
3.45835, 3956.78, -4067.05
5.14832, 406.684, 255.519
4.39478, -638.312, -3471.46
3.16407, 279.762, -166.627
4.26563, 3.38913, -210.516
4.2497, -3423.69, 1711.21
7.41084, -1862.41, -1257.35
5.25961, -390.183, -279.772
4.99918, -1745.03, -463.43
3.58531, 1227.91, -1913.17
4.37311, -91.6252, 2.21263
6.78251, 2060.71, 1811.39
6.45578, -1933.94, 3869.93
3.9204, 2033.6, -2438.83
5.07645, 909.298, -192.062
6.79238, 146.198, -224.497
7.07844, -269.848, -45.9586
7.48941, -1436.11, -1336.36
6.53177, -432.196, -29.9364
5.22718, 665.192, 432.978
7.3461, -60.4777, 441.488
5.31931, 1005.96, -98.5479
4.03031, 443.212, -993.864
5.41853, 68.9813, -69.2389
2.91197, -172.092, 441.309
5.47382, 306.599, -76.7824
3.31968, 1843.32, 3408.59
6.46527, -170.566, -692.72
2.95373, -707.014, 1163.55
6.3072, 7.4562, 242.719
6.83996, 100.712, 24.9331
6.40105, 374.087, -235.237
6.61399, -1647.32, -344.863
6.70974, 111.2, -240.064
4.48328, 467.3, 245.961
6.508, 234.022, -107.053
6.56811, 76.8728, 21.3182
5.43493, 623.866, 1307.8
4.64621, 84.8821, -4.54224
2.5002, -197.205, 144.144
5.31153, 319.466, 2.95318
6.22632, 142.24, -445.538
3.89846, 2377.84, 1339.26
2.93406, -490.506, -3265.07
3.5733, -30.8496, -308.715
3.93296, -445.154, 25.5449
4.86595, -410.788, -2.86152
6.95893, -1439.4, -1290.44
5.91955, -70.8961, -23.4738
3.54376, 220.963, -107.4
6.67533, -30.1859, 89.2655
7.09218, 597.938, 378.374
4.48244, -78.3873, -207.448
6.37858, 1402.9, 423.259
5.68161, -101.285, -39.0499
6.64746, 68.5962, 15.7049
3.40204, -134.573, -66.5223
7.45927, 103.179, -151.25
6.70558, 267.021, -51.0258
4.65177, 520.868, 271.915
4.38589, 442.831, -62.1857
2.70802, 241.17, -246.531
6.80715, -304.712, -555.978
6.62116, -2869.9, 1938.79
6.25052, 1161.89, 1212.47
3.55801, 339.605, -285.759
4.31029, 13.5277, 66.6607
4.43545, 238.909, 33.6197
7.32918, -2315.38, -1486.94
6.5872, -208.292, -284.919
4.5755, -266.862, 84.2731
5.83759, 130.712, 460.469
2.52101, -2863.83, 2810.66
6.98048, 259.222, -73.2349
3.68416, 337.427, -197.839
3.79415, -404.764, 105.217
5.4939, -414.958, -279.577
6.89823, -828.755, 27.2298
6.16299, 134.995, -232.085
6.0773, -554.895, -161.553
3.57724, 4099.21, -188.368
6.30413, -2890.24, 2248.91
3.85351, 589.056, 145.937
2.75246, 228.322, 71.4233
4.78866, -1056.14, 492.477
2.58759, -67.666, -315.548
3.01129, 3967.28, -2592.7
2.639, 1024.24, -535.562
5.65921, -33.1592, 270.172
6.34425, 141.624, 18.7694
2.74132, -232.199, -191.37
6.6924, 557.965, 817.452
6.76899, -109.29, 15.5076
6.57649, 99.9993, -92.5436
6.85188, 165.478, -2961.08
5.27222, 255.818, 74.7801
6.12646, 1.59198, 1167.75
3.20424, -3142.69, 2474.71
6.6115, 199.783, 164.479
5.51185, -1823.39, -2212.12
4.93856, 167.562, -201.067
6.14942, -461.128, -256.02
4.05164, -1538.57, 864.713
3.93925, -229.156, 470.146
5.45857, 1643.5, -2005.1
5.34055, -2165.39, 1184.99
5.41059, 2081.88, 1483.57
2.84132, 208.194, -202.495
4.34304, -1516.58, -15.65
6.28475, 408.389, -237.386
6.35297, 768.129, 2150.31
4.27217, 115.573, 497.947
5.98913, 68.0948, 50.8984
5.08005, 1597.42, 940.854
5.94494, 136.506, 24.8288
6.18066, -1511.42, -1060.98
2.56231, -1884.6, -1562.25
7.16549, 110.541, -199.331
5.37826, 626.118, 201.569
3.05587, -130.151, 633.342
4.87388, 59.8297, 20.0379
3.24247, 1323.15, 13.6656
4.22594, -5753.4, -1312.36
7.04476, 156.466, -128.497
4.54571, 2082.75, -918.561
5.96642, 77.8334, -98.8088
3.35865, 188.84, 147.642
6.21715, -3103.11, 1137.92
4.16319, 32.0664, 71.5353
4.62157, 158.126, -193.591
2.79523, 39.0759, 615.115
5.09005, 222.338, 51.2246
5.94425, 76.4253, 233.901
5.01149, 287.786, 227.156
6.56617, 117.089, 144.342
3.07974, 268.654, -127.33
5.24841, 1108.23, 250.763
5.06046, 118.114, -280.098
6.02649, -1454.06, -1321.22
5.65083, 127.458, 73.3514
4.0207, 663.382, 517.327
6.74719, 53.6187, -104.457
3.39619, 1030.98, -1693.45
2.61737, 142.055, 258.76
4.19467, 477.799, -96.7776
3.43818, -1536.25, -1115.33
6.60467, 275.459, -81.4668
6.72507, 73.0587, 2326.2
6.78031, -2206.28, 1335.09
7.37454, 320.496, -257.146
2.99587, 498.017, 167.38
2.56182, -2553.42, -2013.06
2.58614, 52.889, -314.898
2.64527, 199.874, 513.917
4.1031, -1463.75, -1494.9
6.17815, -2194.8, 1204.25
3.14876, -367.273, -479.443
2.5161, -1504.3, -242.27
6.91905, 517.615, 93.0479
3.70482, 199.152, 217.785
4.38481, 419.439, 223.174
4.44879, 98.4999, -107.595
2.81534, 2426, 933.942
7.30792, 38.7089, 33.7432
3.75349, 70.1668, -161.303
6.85376, 116.499, -170.428
2.85991, 1927.98, -2668.65
2.70653, 2330.8, -1707.18
3.46378, 362.409, -183.378
3.86708, -1287.34, -1674.64
7.4007, 140.745, -155.003
3.60607, 773.053, -3393.7
6.43119, 1201.84, -1837.89
4.42306, 173.32, 458.747
3.78593, -2035.77, 2236
3.91087, 435.224, -257.102
7.33834, -216.808, 41.2323
4.22841, 129.795, -48.3188
3.45922, -2.47174, 37.4703
5.05037, 362.497, -49.3461
5.21857, 799.064, -3046.2
5.72333, 261.478, 343.118
3.89738, 510.128, -235.413
3.41887, -45.8786, 80.5179
2.71579, 1669.8, -2015.21
3.98408, 82.2079, 241.857
4.25548, 1252.97, -495.04
7.09372, -99.6475, -49.15
5.81225, -246.282, -21.962
5.08041, -1466.96, -1277.4
4.03763, 59.1488, -38.3717
3.0007, 1438.04, 1509.84
3.47502, 193.842, -4.14666
4.11407, 2078.62, 2267.67
5.56182, 605.201, 55.0695
5.13511, 1459.62, -766.306
3.45653, -404.034, 1045.28
4.7178, 3669.44, 2107.95
4.48693, 4206.69, -819.67
6.28051, 302.702, 250.171
6.6213, -334.179, 98.3909
5.51573, -6.6221, -874.824
3.04573, 298.293, -326.047
4.11797, 1864.99, -425.548
5.03403, 151.514, 47.4936
4.76521, 213.851, 853.676
4.77315, -103.596, 319.962
4.91125, -114.833, -32.8029
5.07896, -3052.4, 552.065
4.50207, -1550.64, -1038.13
4.22945, 4.35434, -194.188
6.64533, 39.3187, 690.676
3.02204, 1842.12, -833.224
6.40057, 329.985, 4.31503
3.19919, 223.075, 62.1322
2.62171, 2520.73, 2921.55
6.0664, -217.015, 992.954
7.15538, 70.5367, 298.133
7.47667, 117.088, -77.2386
3.86264, 33.751, -45.1331
3.6923, -1444.73, 525.652
3.87328, -242.462, -2163.22
5.70836, 323.771, 254.698
5.17637, 106.647, -76.4684
6.8967, -1916.9, 3263.63
6.75968, 240.271, 299.836
2.98004, 79.61, 536.995
4.66818, 75.5725, 29.8485
3.17045, -294.597, -105.637
5.86802, 163.74, -49.4426
5.34964, -152.85, -329.981
3.66474, 121.786, -1222.37
5.50306, 211.762, -145.393
2.6551, 630.266, 52.0078
7.08512, 89.5428, -356.201
3.82958, 393.138, 429.532
6.50016, 117.292, -74.3597
5.46389, 203.594, 72.339
5.0822, -288.727, 26.1206
5.2567, 760.033, -452.038
3.47225, -54.2849, 245.662
5.36152, -2015.04, -257.423
3.81992, -443.514, 4175.63
4.41648, 1733.17, -3697.16
2.73626, -163.979, -367.297
4.22823, 120.841, -10.0432
3.61594, -2054.06, 4709.81
3.81264, 310.406, 89.1379
3.05141, 327.684, 95.6971
7.40088, 69.8081, -432.267
5.93794, -548.428, -158.559
5.82158, -62.1722, 143.434
5.99501, 226.47, -233.644
2.68746, 49.8959, -48.7169
3.6706, 48.6273, -15.8297
3.95397, -3514.83, -5298.45
3.50543, 295.452, -119.607
2.7177, -1775.28, 2539.81
2.56571, 716.805, -276.628
6.07297, 3904.53, -1269.5
6.88348, -256.74, -319.216
5.35088, 1206.96, -2334.18
6.92743, -1962.14, -2163.77
5.20042, -656.871, 207.98
3.31357, -1402.67, 416.732
3.30492, -1875.85, -1543.03
7.19182, 121.615, -55.8597
3.45628, 346.19, -285.032
3.15761, -2120.15, -34.6509
4.41122, -311.584, 387.167
6.12674, -558.178, 2064.34
2.50651, -4240.21, -390.067
4.60222, 3021.55, -1748.07
5.18984, 693.469, 88.182
4.86596, -263.646, -438.723
6.33003, 707.485, -577.902
2.9396, -443.921, -35.5554
7.04284, 22.7559, 56.8957
3.20818, -333.437, 579.203
2.54782, 138.731, -115.276
2.82267, -63.0737, -418.098
4.96742, 214.268, 10.6039
5.40914, 173.02, -99.9304
4.03373, 2444.56, -4340.43
4.57091, -96.6573, -196.528
4.33401, 779.732, 991.018
3.42687, 238.332, -1958.71
2.76788, -1728.22, -1826.43
4.47222, 168.734, 53.8592
3.98388, -195.271, -352.563
5.05388, -299.102, -247.299
3.75392, 1518.86, -2581.16
5.01589, -478.686, 933.258
2.51168, 1085.21, -516.645
7.01807, -3541.46, 1622
2.79181, 2356.03, 2259.14
5.17506, 69.0342, 2220.69
3.95754, 1965.98, -924.5
7.3023, 239.606, -194.928
4.73406, -2319.82, -1014.11
5.08479, 294.659, 72.7049
5.93861, -513.82, -83.3344
2.72187, 94.2054, 530.827
7.2946, 2509.56, -1879.66
5.70852, -54.995, -60.1633
2.80215, 36.9988, -268.005
3.33964, 268.833, 13.608
5.76491, -164.302, 119.607
6.19864, -102.286, 1817.36
3.57011, -401.663, 155.71
4.31441, 367.546, -1589.56
6.56981, 378.419, -247.35
5.32057, 109.626, -90.483
7.45886, 189.823, -137.28
6.5669, 172.342, 280.168
3.49157, 2176.83, -2861.43
2.50003, -122.122, -50.966
4.62608, -2210.94, 2670.18
4.07406, 1498.45, 883.291
5.56218, -2461.34, 352.728
3.83351, 90.7407, -70.9547
4.39881, 833.236, 594.796
5.43397, 298.143, 276.873
5.95636, -771.309, -435.361
7.26736, 266.792, 61.1655
4.89785, -226.794, 785.443
3.60319, 322.374, -363.311
5.33741, 646.812, 343.808
6.09873, 106.281, -122.713
4.4953, 1657.91, -136.557
3.48326, 478.891, -223.922
6.66971, 303.627, 108.858
5.59561, 318.194, -809.041
7.26866, 291.023, 56.9878
3.23222, 552.835, -12.0089
5.38953, -9.3579, 26.422
7.26796, 106.835, -174.866
3.62331, -3382.79, 1695.01
7.25137, 124.437, -14.8041
3.07874, 1180.87, -568.086
2.58372, 177.371, 121.019
3.90465, -146.612, 512.671
7.15042, 416.682, -269.825
3.04796, -1071.07, -482.154
6.77266, -379.579, -444.865
5.68532, 580.766, 375.707
5.63853, 286.664, 286.508
3.80589, -523.075, 1281
5.13936, 239.408, -76.6228
7.16608, 782.017, 488.464
3.98055, -908.643, 224.916
4.78006, 215.787, -176.011
6.35659, -592.915, 3005.35
4.17193, -1268.37, -2445.77
6.31775, 199.387, 71.9563
6.65892, -1588.08, 1602.7
2.64618, 1793.83, -1069.78
4.31315, -131.956, 158.315
4.16221, 187.621, -367.054
3.17675, 1228.03, 976.408
3.00839, 860.853, -2648.86
5.11327, 47.0907, -211.734
3.52046, 151.361, -255.58
5.00728, 293.412, 610.989
5.1371, -3158.81, 1994.55
4.13422, 109.295, -28.4354
4.75888, -216.57, 706.196
6.85263, 815.254, -161.803
4.72884, -31.7937, 81.4603
6.03726, 406.05, 226.468
6.83171, -1484.8, 299.648
6.5822, 517.408, -216.534
2.67504, -2467.89, -966.58
3.8644, -523.907, 1695.9
5.21858, -825.516, 533.881
3.19942, 2009.25, -400.81
5.57408, 177.219, -95.3753
3.29182, -345.797, -249.56
4.41129, -54.2528, -357.206
5.94997, 341.058, 190.548
3.21128, 2701.2, -47.164
5.65284, 61.4944, 131.539
3.15973, -2152.37, -1322.36
7.13583, 301.138, 199.905
5.53465, 3333.24, -5105.66
5.50388, 313.925, -517.735
3.33635, -112.084, 33.8975
3.301, -697.358, 1389.88
5.91628, 45.2953, -62.6569
5.1456, -90.8078, -371.848
3.65264, -1519.29, 798.471
6.55373, 39.5485, 112.082
5.76477, 61.3812, -75.1396
4.08597, 366.83, 16.4802
2.53953, 314.472, 294.702
3.49176, -88.5004, -713.637
3.78831, 370.803, 276.082
3.03825, 490.968, 440.397
3.49545, 29.1654, 306.195
6.75079, -3657.12, 1967.4
6.63912, 299.342, 7.05461
6.76813, 85.8989, 28.0343
5.71027, 79.164, -4.80079
3.6787, -1931.5, 2005.31
6.80638, 63.7371, 76.4053
5.4745, 258.613, 172.101
2.52745, -1537.08, -1134.76
6.84925, -413.282, -762.12
7.37729, 171.899, -64.9368
5.59653, -1436.7, -1289.58
3.85574, 553.31, 0.88942
7.46973, 126.457, -99.8707
4.60751, -1153.74, -131.727
4.20537, -443.095, 45.9051
4.80717, 179.743, -301.939
4.44822, -763.962, -2124.35
4.613, -3166.67, -638.097
2.84879, 210.16, -151.538
5.5153, -146.859, 190.967
7.36114, -7.53812, -1.24757
5.07406, 87.3411, 277.88
7.45461, 180.007, -169.473
5.84906, -1607.24, -3872.26
4.01716, 388.373, 250.583
3.47371, -556.326, -163.283
4.0109, 566.071, 249.406
4.93946, 326.273, -206.933
4.72438, 135.801, -60.1978
5.7844, -62.7214, 5.54981
3.74227, 3790.51, 2209.44
4.72007, -1066.41, -973.745
5.75894, -15.6961, -225.04
6.67472, 267.232, -16.1095
6.03698, -139.224, -315.436
4.93928, -214.21, 300.497
6.72039, 28.8705, -234.048
7.00296, 292.451, -288.185
6.33082, 179.965, 198.893
5.29453, -276.407, -373.312
2.70603, -197.956, -131.566
5.46749, 946.946, -214.394
2.68674, 134.198, -2686.27
4.53488, 265.297, -382.951
2.84243, 559.88, 360.673
7.38558, 313.983, -235.991
2.5956, 1517.3, 2159.58
6.60363, 114.166, -125.682
5.2195, 2619.37, -2068.71
5.72828, 595.644, -7.82359
3.62934, -202.426, -224.742
2.733, 293.595, 2070.93
3.63154, -109.1, 552.123
4.58371, 159.736, -1843.34
6.40126, -55.775, -33.2759
3.72852, 1001.74, -1758.21
4.81411, 136.069, -118.061
6.14756, 225.617, 202.015
5.35237, 3534.6, -485.323
5.45997, -327.23, -746.091
4.98425, -185.113, -285.328
3.951, 94.3888, -66.8392
4.71107, 225.147, 238.123
2.53669, -1919.65, 4215.27
7.41683, 161.708, -106.05
2.52822, 244.267, 27.1752
4.8676, 1471.92, 661.637
5.86497, 2390.24, 4031.84
