6.27803, -1349.88, 709.241
3.5948, 260.981, 1050.56
5.89648, 855.653, -384.865
5.09708, -52.898, -247.772
2.76731, 2270.65, -2393.31
2.53849, 99.8408, -65.9849
4.58743, 3162.51, 1828.91
7.15218, -156.362, -45.1754
2.95982, -333.283, 670.665
6.00595, 733.501, 562.203
3.81226, 529.599, 261.646
4.14117, -16.1595, -8.52659
7.45519, -490.516, -492.156
7.41275, 60.6284, -74.4293
5.75759, 598.411, 363.715
6.92354, 33.7888, 34.6495
6.33247, 19.7055, -20.8604
3.87453, -1179.21, -65.5837
4.93259, -381.97, -401.243
2.80282, -2761.99, 482.132
5.08146, -67.4622, -143.621
4.96988, -2057.35, 670.009
7.23882, 66.4269, -231.815
4.42071, -20.4205, 14.0193
5.14874, -1643.28, 537.019
2.75042, -301.451, 2057.28
6.63909, 393.593, 255.353
5.94228, -674.928, -256.598
6.18112, 171.816, -39.1402
6.94286, -1639.83, -1627.39
4.25508, -6.30392, -105.5
6.72991, -73.1853, -265.033
3.84659, 121.085, 211.727
4.83959, 707.897, -163.015
3.2686, 56.5001, 138.189
2.66527, -62.8703, -127.062
7.2768, -1058.05, -788.927
6.95369, 353.97, 324.662
3.29884, -1022.26, 57.4912
3.15214, -696.407, -225.36
2.515, 1317.13, -201.309
6.0491, 144.752, 151.268
3.40448, 1094.21, -29.0932
5.76029, -41.5698, 70.5389
4.42907, 111.143, 242.132
3.23766, 725.52, 1012.61
5.45054, 205.611, 562.549
3.24076, 1355.9, -686.239
3.2091, -1204.04, -938.958
4.94257, -239.75, -215.124
3.13015, -898.465, -183.245
5.64635, -696.124, 179.511
5.60817, 331.666, 94.0098
4.88216, 1483.94, -2055.16
2.64188, 581.043, 871.764
3.21011, 1842.58, -396.146
3.15594, 482.387, 352.236
3.31099, 877.869, -1269.38
3.76529, 7.82343, -37.2141
4.77654, -2208.47, 1153.89
6.54472, 136.318, -133.731
3.57624, -1.46881, -116.019
3.75063, 325.782, 616.643
5.02978, 418.53, 361.898
6.27922, 0.520445, 56.7614
5.66369, -691.37, -1585.86
5.9449, -1345.9, -870.873
7.27207, -737.795, -231.472
5.18713, 2028.56, -1045.35
4.57014, 144.761, 615.664
4.70019, 431.255, 394.079
6.07821, -1031.5, -1222.94
6.20858, -1089, -1130.26
5.12494, -1517.12, 1357.86
6.06711, -35.6751, -30.1724
5.91025, -48.9494, -25.7877
6.82941, 1139.23, -855.765
3.19597, 839.062, 770.448
3.57766, 80.2354, -36.1716
5.0733, 92.8002, 300.85
4.83766, 408.645, 434.126
3.55759, 1333.95, -1551.88
5.65244, 751.965, -417.938
2.5044, 1204.97, -1676.41
4.09589, -210.198, -1784.05
5.90281, 16.2006, -173.333
6.0446, 187.806, 230.748
2.90869, 346.949, 593.655
3.56926, -262.43, -18.6103
4.44412, -135.413, 66.749
4.44927, -1886.89, -709.191
3.92018, -176.864, 138.346
4.6123, -102.758, -121.639
2.55658, 560.308, 1.86967
3.72027, -2115.33, 1075.51
4.49072, -638.785, -1723.86
6.64177, 174.596, 82.7765
3.78584, -561.39, 626.989
3.59705, -891.255, -346.231
6.47385, 344.55, 334.218
5.8476, -650.861, -79.6738
5.49108, -248.01, -125.591
5.99917, 1401.64, 735.443
5.13062, 104.38, -122.83
4.14833, -7.70945, 2.57537
3.30844, 2037.91, 328.935
6.56633, 156.851, -56.7645
4.08004, 745.498, 444.686
4.05369, 234.36, -17.7312
4.65424, 19.4493, -86.1095
4.46509, 349.668, -86.0853
4.43916, 344.271, -221.686
4.34871, -143.051, 104.146
5.88118, -328.708, -576.074
6.10384, 786.386, -117.365
7.20082, -1271.03, 211.614
5.08573, -72.8371, -22.4868
5.5282, 726.575, 557.748
5.85049, 884.102, -1269.68
5.11404, 58.8991, -132.638
3.87105, -143.805, -12.816
7.08924, 352.549, 328.346
3.73367, -106.551, 33.6337
4.77876, -282.474, 712.211
3.30374, 130.733, 247.163
4.68319, 71.8604, 151.85
7.45767, 230.61, -352.22
6.26931, 1424.64, -1626.06
4.97846, 1.78446, 33.3579
7.01651, 53.53, -108.381
4.68213, 23.1665, -138.025
5.09239, 1112.95, -897.42
4.44866, -991.702, -1348.29
5.63431, 35.1743, -90.4508
5.19331, -155.219, 18.9163
4.35955, 151.084, -387.25
2.54674, 275.19, 307.499
6.3794, 151.206, 143.308
2.85317, 66.6823, 31.7455
3.98511, 65.9104, 342.178
4.78581, -60.2062, -71.3863
3.25156, -83.1624, -42.3976
5.97819, 163.318, 543.969
4.15587, 378.443, 116.45
5.21197, -1324.96, 2276.12
2.64678, -1588.77, -608.138
5.38086, -76.0401, -640.807
5.18133, -70.7155, 145.508
7.36678, -721.25, 482.382
5.57063, -77.6638, -12.4038
5.26431, 1130.41, -1716.61
6.69051, 384.378, 538.05
3.75764, 80.3492, 614.454
6.98957, 71.5641, 118.898
5.97428, 304.889, -103.392
5.82752, 159.566, 1301.92
3.06838, -33.9331, 293.574
3.37987, -8.80039, -553.466
2.91253, -330.583, 759.777
6.68103, -152.222, 708.679
2.64818, -361.51, 992.335
6.34719, -139.936, 205.952
4.29829, 236.598, -1625.82
6.24626, 947.522, -194.093
6.28385, 78.3756, -109.152
3.60834, 1427.03, -277.523
5.58305, -49.3181, -89.343
3.66846, -358.667, -134.905
6.22052, 100.917, -1577.32
5.80997, 127.484, 183.642
4.9209, -1269.8, 2367.68
2.58972, -441.105, 6.56348
4.98291, 57.368, 450.1
5.09587, 276.523, 33.6462
4.71395, 690.247, 1494.72
4.14528, -1267.49, 352.053
3.52671, 34.597, -235.678
7.19863, -245.231, 1023.05
2.85168, 965.077, 1217.67
3.30042, -306.92, -239.322
6.70788, 24.0382, -74.5127
4.13614, 109.896, 306.578
6.85942, 649.081, 471.219
5.99896, -49.2795, -23.6241
5.52801, -216.267, -142.169
4.77536, 317.704, 704.005
2.91543, 1083.68, 281.057
3.94883, -1446.82, -822.705
6.51009, -139.921, -86.36
6.81821, 509.507, 746.273
3.81831, -2017.96, 166.826
4.79881, -195.937, 192.82
4.95672, 168.882, 246.317
5.82344, 780.551, -1250.05
7.31738, -85.0878, -50.1866
7.23022, -177.533, -115.391
2.81902, 640.169, -622.365
5.04829, -248.492, 21.7042
6.13222, 291.307, 68.5037
5.65882, -25.2751, -43.2571
3.26658, 245.646, -247.726
5.09652, 688.887, 1491.47
3.52281, 2371.45, -810.327
6.03231, -133.927, 184.208
6.05786, -359.2, 2498.81
3.66304, 55.0825, 100.968
6.80594, 318.131, 12.1909
2.67122, -722.894, -476.807
6.26587, 90.4643, 410.272
4.14789, 322.421, 143.472
4.65309, 2064.49, -348.821
7.33455, 29.769, -9.80064
4.05803, -1026.07, -922.682
5.69762, -2476.82, 103.354
5.95386, 97.4001, -125.514
5.36403, 53.9962, -131.924
6.60667, -1321.63, 2274.11
4.21807, -1559.63, 797.543
5.09387, -194.4, -325.215
6.78438, 843.252, -65.5487
6.18587, 776.465, 746.698
3.45992, 115.357, -179.701
2.83145, 210.837, 79.7522
3.60828, -1847.04, 1178.57
3.33656, 185.022, -61.2883
6.31172, -129.501, -33.8867
5.44905, 613.275, -1261.97
4.65223, -2573.41, -311.86
7.09618, 1186.08, -303.061
5.09668, 148.695, -199.985
7.38058, -332.466, 198.985
5.15714, 112.647, 305.277
2.98716, -528.768, 1107.3
5.83983, 423.205, 397.749
5.44444, -447.163, 1364.66
5.01137, 134.068, 14.2594
2.75808, 950.395, 324.458
2.6753, 758.499, -580.147
4.41484, 84.8212, -118.015
5.55555, -1116.41, -1499.91
5.06574, -2569.73, -322.523
5.98498, 37.8939, 73.5311
4.89891, 257.552, -261.186
3.88323, -2451.59, 17.4757
6.01685, -89.0529, 1563.45
3.67701, 117.112, -198.321
6.41501, -150.955, 36.2269
6.60589, 1064.46, -273.063
3.21842, 1412.76, 1484.86
5.75757, 622.647, -597.814
3.87677, 266.443, -145.564
7.26215, 920.779, -758.857
4.58238, -53.0835, -102.763
3.03869, -264.199, -297.977
4.70633, -290.76, -67.106
6.28811, -211.767, -188.663
2.77803, 709.604, 590.7
3.51241, 65.5379, 17.4825
6.82305, 140.739, -326.874
6.52456, 360.914, 41.1174
2.78861, 364.532, 1232.09
4.40304, 136.58, -40.734
4.56124, 27.0791, -103.492
2.80071, -264.513, -113.525
7.09746, -840.67, -783.184
3.35398, 266.504, 66.1338
6.51634, 131.587, -127.708
3.88599, 17.8508, 276.805
4.44586, 389.207, -178.661
7.19936, -1142.67, 79.4655
6.24573, 32.5057, 1509.95
3.44774, 1393.46, -1707.41
6.89581, -234.482, -75.4513
6.8953, -85.4882, -135.97
3.30515, 337.205, -158.864
5.87346, 359.77, -62.9296
6.89096, -79.541, 145.747
6.98262, -551.029, 1704.2
3.06535, -47.3991, -56.179
5.93789, 315.095, 476.425
3.21651, 59.1185, 71.0174
3.6901, 726.522, -239.126
5.64383, 1283.98, -927.889
4.312, 337.197, 351.209
4.64437, -1040.62, -996.368
4.91936, 865.203, -893.184
6.20379, -84.1671, -487.442
3.23098, 617.852, -482.721
7.36238, 53.6673, 28.123
7.3158, -53.2382, -28.283
3.14741, 1121.94, -899.524
5.3784, -264.671, -174.362
4.66439, -32.656, -359.919
5.50066, -90.7019, 136.175
5.85098, 12.6616, 224.78
4.5137, -1582.85, -517.087
6.46691, -1047.53, -878.605
4.89889, -1496.25, 1033.66
5.72449, -712.299, 537.617
4.28836, 2301.09, -436.954
5.96794, -94.5351, 417.16
5.83428, -33.0967, -224.879
3.22071, 734.536, -423.97
7.10415, 81.5075, 4.09072
4.22228, 700.729, 1839.43
6.66824, 109.109, 151.375
2.74349, 629.1, 53.4959
3.27936, 609.707, -788.61
2.55765, 591.971, -138.8
3.94327, 79.7568, -13.9581
5.07295, -95.0571, 109.312
3.65948, 334.454, -1771.2
2.75022, -176.411, 104.717
5.33091, 113.903, 11.0948
6.69774, 272.652, -67.2811
4.28763, 461, 444.937
4.3452, 332.632, 296.239
7.22226, 504.198, 130.461
4.72425, -1052.78, 411.313
6.82086, 10.3678, -186.868
5.82654, 250.261, -345.755
5.79297, -559.584, 35.9399
7.10736, 1404.43, -1033.15
5.11536, -1520.87, 1353.77
5.45229, -409.855, -491.571
5.79944, -263.951, -1482.91
4.24765, -1111.26, 595.717
4.11714, 602.636, -297.87
7.08984, 373.797, 278.152
3.08619, -1970.43, 715.089
7.31268, -272.462, -62.778
5.17978, -167.745, -95.3612
5.81447, -334.18, -120.25
5.48362, -2103.99, 912.042
6.93363, -498.393, -301.325
6.67999, 107.676, 192.519
6.69339, 361.331, 292.993
6.85642, 186.599, 112.942
2.5002, 171.29, 1238.04
4.77274, 86.8534, 18.8534
4.25696, 1312.8, -63.6594
5.80713, 1942.42, -1678.33
6.22234, -199.947, 95.611
3.3821, -546.711, -1921.39
7.4621, -780.679, 1040.32
5.95466, 166.465, -74.3155
6.97862, -55.7546, -24.2705
3.51579, -760.136, -261.92
7.2356, -119.742, 718.288
4.88476, -2007.58, 1006.23
6.78578, -1843.12, 1178.84
6.41237, -49.4381, -440.113
5.70687, -1506.71, 1394.75
3.14521, -206.406, 808.61
5.77944, 261.71, -291.759
3.09199, 45.909, -91.7374
3.88793, 1476.29, 207.985
6.65548, 299.381, 1469.74
6.14153, 1670.85, 2132.82
6.74348, 1837.92, -1369.44
3.43989, -401.654, -749.984
6.09602, 48.4003, 85.8337
4.25586, -160.883, 676.248
3.34555, 488.825, 800.339
4.52383, -1881.88, 281.385
4.20924, -57.9661, -105.952
6.67141, 36.4196, -132.763
3.9111, -1420.45, -2302.11
5.16766, 1306.52, 888.451
6.25085, 85.5305, -101.213
4.62554, 18.6026, 25.8722
4.66964, 1220.69, -61.8082
3.03022, -1725.53, -842.768
6.4639, -420.199, -419.744
3.91232, 83.1863, -125.298
7.14264, 1697.35, 2212.03
5.37926, 344.41, 331.72
3.4895, 395.817, -579.12
5.99081, 68.014, -127.288
3.07265, -560.172, -605.373
4.22945, 475.896, 755.435
4.15646, 161.634, -474.724
6.42735, -2054.63, 937.279
6.65775, 257.492, 358.951
4.21712, 1004.86, -503.62
4.2603, 462.267, 238.893
6.38197, -18.3662, -21.905
6.58658, -334.486, -46.4418
4.26157, 207.06, 164.984
7.09559, 56.2153, -8.8147
3.2877, 721.106, 674.033
5.56029, 716.195, -533.277
5.54222, -50.772, 5.42354
3.16647, 1254.8, 1496.8
3.51409, 1496.58, 2147.9
4.79457, -95.1797, 7.43767
3.48759, -683.86, 721.341
6.77118, 36.0537, -131.417
6.54562, -586.819, -505.074
2.80131, 1023.48, -1027.31
6.50584, 733.603, -2063.61
5.49597, 15.6833, -110.811
7.43182, 157.858, -40.6533
2.65919, -956.723, 161.002
6.8356, -1355.67, 1669.16
3.69109, 243.146, 584.25
3.6127, -151.179, -417.09
4.73907, 2593.28, 1202.48
2.61231, 476.696, -135.175
6.79755, 72.6556, -6.20933
4.15902, 405.357, -2165.38
5.72195, -453.515, -56.0597
7.43521, 280.656, -117.654
5.30162, 378.654, -64.2197
4.74553, -99.8921, 52.3758
5.213, 91.4752, -113.938
2.90797, 501.442, -13.1555
3.99606, 1167.21, 1275.14
6.63964, -1757.4, -378.471
6.48936, -1581.08, 536.543
5.71048, 121.91, 82.0952
4.84105, 212.399, 218.34
7.15326, 461.846, 1305.86
5.08798, -607.045, -137.746
7.42924, -1802.4, 1169.79
5.94567, 17.4302, 192.389
6.19966, -6.82169, -16.7892
3.46323, 1014.01, 734.98
6.08881, 1378.99, -999.227
6.11146, 583.685, 655.28
6.49298, 259.351, 98.3976
4.23216, -2035.41, 236.538
5.1481, 328.516, 423.018
3.19001, 573.688, -800.743
6.73218, 43.3707, -133.171
6.32766, -334.056, 38.8446
7.5, -2108.42, 910.229
4.24891, -2819.38, -1037.91
5.50367, 1087.75, 19.6844
3.50808, -105.901, 1740.69
6.2385, -1566.65, 247.79
6.49225, 222.187, 435.198
3.03505, 100.536, 168.226
5.35813, 64.9866, 144.97
2.84683, -2263.74, 789.874
4.16036, 83.3388, 21.9121
5.80945, 58.3532, -242.739
5.27726, 321.967, 1740.16
7.12415, -105.988, -186.631
2.69832, 244.376, 1171
2.62083, 891.19, 924.292
4.61923, -49.9477, -192.19
4.36987, 209.182, -125.397
2.93303, 1381.66, 1222.49
3.05403, 48.7102, -76.7862
5.31992, -1856.62, 127.017
7.37269, 241.238, -68.7569
3.05066, 0.0307239, -1817
5.99352, -1388.79, -1585.93
2.79674, 339.047, 1103.06
4.69755, 248.269, 71.2213
5.24651, -567.865, -477.359
3.45129, 62.4151, -138.053
7.36597, -86.5162, 290.574
3.19593, 186.527, -259.995
5.48978, -1447.49, 306.269
7.12812, 245.373, -847.16
3.91116, 418.66, 295.382
6.8307, 213.885, 347.131
6.29598, 754.687, -914.222
6.10793, 22.6002, 195.771
3.34241, 321.162, 489.742
3.32882, -43.9481, -1127.51
3.39076, 79.1276, 185.134
5.87226, -40.3979, -60.5919
4.83484, 115.984, 7.69199
6.85219, 73.0577, 18.5756
5.76023, -190.224, -111.742
5.80464, -337.523, -115.894
2.58037, 39.5647, -225.683
4.30596, 2281.22, 1395.88
3.72747, -19.6188, 128.124
6.93086, 718.726, 895.526
5.23701, -2837.25, 35.8957
6.57209, 112.687, 254.531
5.24453, -673.637, -451.082
4.16156, -29.1024, -109.28
4.40213, -861.927, -1476.46
2.52389, -549.224, -58.5137
6.95226, -41.2472, -114.256
6.16955, 78.5629, -74.1326
6.04239, 399.928, 86.6796
5.1278, 1096.78, -1167.02
6.41065, 136.709, -114.204
3.42484, 158.504, -14.0908
5.72673, -19.2836, -3.29612
3.42178, 163.354, -209.085
3.31214, -1049.8, 373.161
2.65594, 1021.56, 433.948
7.42716, 91.2322, -150.934
4.04559, -156.415, 35.0678
4.11075, 80.2582, -89.6538
5.51155, 32.8764, -95.6138
2.89107, 2057.28, -149.564
3.93936, 38.9939, -226.554
5.79307, 671.7, -790.343
7.36348, 76.9634, 148.085
7.27758, 1614.78, 571.869
7.42745, -280.779, 66.5515
7.30478, 140.023, -81.3552
3.0073, 202.255, -36.0981
3.71505, 177.594, -362.482
6.91151, 52.7862, -113.564
5.28805, 353.397, 432.94
6.7669, -33.098, -185.874
7.49145, 862.943, -294.866
3.99751, -1727.69, 1045.69
6.33157, -3130.89, -1106.58
4.81901, -668.049, 163.528
6.8168, -48.8886, -45.0114
6.99018, -232.856, -99.9957
7.377, 187.861, 52.6077
2.77405, -371.871, -35.87
6.32605, 139.171, -213.686
5.09219, 979.293, -1314.99
3.46574, 124.172, 618.866
6.98252, 356.794, 121.043
6.38492, -340.332, 344.131
2.75968, 29.7438, -57.4888
7.47331, 883.423, -1315.33
5.93659, 46.0725, 159.375
5.94854, -341.625, -115.588
6.57666, 1399.79, -651.23
7.05426, 150.016, -43.4407
3.34218, 881.846, 2134.76
5.24183, 1425.33, -912.62
6.53351, 54.9577, 105.558
4.17803, 316.162, 564.116
5.53435, -8.01092, -707.581
6.59602, 626.67, -1214.33
7.3485, -92.6188, -16.2659
6.29349, -29.8539, 307.728
3.72113, -28.2206, -414.776
5.80589, -112.618, -53.9694
4.21574, 826.996, 292.177
7.27146, 84.3684, 115.6
2.60828, 961.494, -1556.37
4.54979, 842.299, -408.117
2.55789, -994.338, 1566.05
3.04964, -5.34345, -9.7261
5.28259, 670.952, -960.358
4.45466, 72.1498, 158.588
7.20539, 125.075, 162.911
2.55572, -473.726, 356.098
6.22897, 67.2204, 520.964
3.84293, -112.697, -107.159
4.27153, 213.359, -182.62
3.45835, 2250.47, -2403.2
5.14832, 100.368, -91.9137
4.39478, -411.514, -2055.45
3.16407, -123.78, 142.879
4.26563, -336.182, -191.33
4.2497, -2140.55, 1072.95
7.41084, -1333.59, -860.393
5.25961, 399.31, 297.427
4.99918, -1310.5, -353.154
3.58531, 763.192, -1262.09
4.37311, 519.364, -153.95
6.78251, 1124.41, 933.281
6.45578, -1137.37, 2151.35
3.9204, 1357.38, -1495.84
5.07645, 758.388, -578.998
6.79238, 75.328, -98.3375
7.07844, 413.624, -188.227
7.48941, -1004, -921.359
6.53177, -679.591, -465.099
5.22718, 77.2626, 192.462
7.3461, 87.9778, -514.223
5.31931, -122.379, -29.2894
4.03031, 682.393, -742.091
5.41853, 603.07, -194.717
2.91197, -65.4784, 294.16
5.47382, 176.559, -12.7874
3.31968, 1104.26, 1848.83
6.46527, 70.6036, -10.3849
2.95373, -672.565, 725.64
6.3072, 122.106, 165.294
6.83996, 13.2088, -181.841
6.40105, -200.524, -272.324
6.61399, -1215.03, -394.175
6.70974, 126.478, -2.91071
4.48328, 787.513, 537.516
6.508, 46.9403, -76.7991
6.56811, -85.256, -104.44
5.43493, 607.977, 1110.12
4.64621, -11.6876, 194.355
2.5002, 452.496, -617.273
5.31153, 85.2042, 159.968
6.22632, 297.378, 356.446
3.89846, 1555.59, 809.572
2.93406, -243.867, -2096.92
3.5733, -491.198, -277.553
3.93296, 216.819, -76.7114
4.86595, 617.962, -76.7204
6.95893, -1038.7, -875.535
5.91955, -266.704, 26.9456
3.54376, 22.8202, -156.654
6.67533, -0.656171, -11.3383
7.09218, -454.309, -181.02
4.48244, 614.661, -88.6951
6.37858, 765.318, 509.654
5.68161, 170.166, 302.615
6.64746, 288.46, -295.343
3.40204, -418.007, -497.809
7.45927, -113.815, -13.6457
6.70558, 480.349, -575.96
4.65177, -285.966, 544.567
4.38589, -425.676, 237.785
2.70802, -115.436, 106.878
6.80715, 114.549, 95.7674
6.62116, -1704.35, 1240.19
6.25052, 542.661, 934.883
3.55801, 103.934, -169.058
4.31029, 170.218, -36.9298
4.43545, 33.0662, -167.415
7.32918, -1562.05, -1037.04
6.5872, 174.255, -25.015
4.5755, -725.495, 99.2786
5.83759, -136.558, -153.094
2.52101, -1809.65, 1551.13
6.98048, 171.711, -31.7672
3.68416, 729.598, 384.241
3.79415, -30.0591, -120.196
5.4939, 229.677, 31.3452
6.89823, -934.654, 108.188
6.16299, 532.54, 18.4987
6.0773, -832.557, -326.969
3.57724, 2496.97, -129.907
6.30413, -1868.41, 1376.8
3.85351, 86.6212, 91.7934
2.75246, 384.795, 177.147
4.78866, -130.853, 221.744
2.58759, 308.586, 86.073
3.01129, 2196.81, -1518.47
2.639, -399.306, 158.265
5.65921, -23.9102, -16.9486
6.34425, -61.4007, -46.559
2.74132, -687.216, -529.489
6.6924, 346.068, 217.589
6.76899, -100.56, 57.2301
6.57649, 649.115, -559.654
6.85188, -37.8091, -1761.81
5.27222, -124.093, -81.6444
6.12646, 26.0563, 1059.23
3.20424, -2022.35, 1359.04
6.6115, -114.061, 13.8022
5.51185, -1110.31, -1497.55
4.93856, 34.3848, 72.5513
6.14942, 198.978, -59.5511
4.05164, -1170.68, 645.323
3.93925, 269.521, -253.781
5.45857, 1150.3, -1395.85
5.34055, -1516.27, 670.209
5.41059, 1564.33, 912.466
2.84132, 409.652, -783.251
4.34304, -1068.17, 315.53
6.28475, -49.16, -0.133943
6.35297, 801.833, 1404.5
4.27217, -22.1591, -11.3968
5.98913, -55.5998, -15.1771
5.08005, 1207.5, 681.003
5.94494, 46.7518, 184.545
6.18066, -1219.6, -916.28
2.56231, -1296.23, -1085.04
7.16549, 153.111, 10.4238
5.37826, -445.844, -199.698
3.05587, -660.105, -75.7476
4.87388, -57.1661, -58.6595
3.24247, 294.809, 360.202
4.22594, -3423.18, -817
7.04476, -129.878, -334.883
4.54571, 1397.44, -649.3
5.96642, 76.0017, -85.7514
3.35865, 46.5863, 155.476
6.21715, -1765.9, 734.865
4.16319, 78.4615, 41.8629
4.62157, 23.4308, -96.8411
2.79523, 292.012, -402.68
5.09005, 183.192, 190.497
5.94425, 46.9179, -626.763
5.01149, -87.3487, 18.6046
6.56617, 121.982, 52.6679
3.07974, 170.786, 52.9135
5.24841, 662.175, 503.917
5.06046, 11.5674, -257.527
6.02649, -1037.55, -926.951
5.65083, -52.683, -82.0486
4.0207, -75.1726, -39.9354
6.74719, 33.4818, 134.832
3.39619, 632.289, -1251.29
2.61737, 90.279, 2.40711
4.19467, 63.081, 10.9751
3.43818, -930.017, -927.605
6.60467, 196.506, -131.545
6.72507, 35.5003, 1572.51
6.78031, -1393.17, 910.676
7.37454, 136.444, -21.9199
2.99587, -165.058, 63.4535
2.56182, -1418.33, -1238.67
2.58614, 119.032, -920.063
2.64527, -118.915, -30.3256
4.1031, -1135.09, -1144.01
6.17815, -1354.95, 731.425
3.14876, 204.765, 13.4123
2.5161, -78.8111, 23.4185
6.91905, -220.044, 35.362
3.70482, 420.806, -466.039
4.38481, -372.614, -180.715
4.44879, 169.077, 63.1538
2.81534, 1385.9, 556.981
7.30792, 503.916, 128.599
3.75349, 497.327, -404.443
6.85376, -27.3406, 236.9
2.85991, 1042.97, -1499.55
2.70653, 1008.84, -1047.53
3.46378, 182.993, -184.927
3.86708, -659.262, -1262.58
7.4007, -34.3048, -21.7775
3.60607, 433.409, -2056.84
6.43119, 880.669, -1261.66
4.42306, -256.581, -47.4467
3.78593, -1359.82, 1338.26
3.91087, -326.226, 269.497
7.33834, 280.167, 19.8893
4.22841, 44.7921, -11.2865
3.45922, 219.861, -269.514
5.05037, 14.8521, 136.386
5.21857, 529.564, -1852.75
5.72333, 145.01, -188.371
3.89738, 737.31, -498.748
3.41887, -474.03, -433.71
2.71579, 1110.22, -1405.15
3.98408, 174.447, -447.001
4.25548, 1062.23, -60.0227
7.09372, 434.718, -173.092
5.81225, -26.7016, -95.779
5.08041, -1050.75, -851.288
4.03763, -248.115, 59.1335
3.0007, 1011.89, 1013.36
3.47502, 15.9121, 150.543
4.11407, 1300.56, 1551.85
5.56182, -322.643, 181.608
5.13511, 182.584, -154.489
3.45653, -442.233, 1019.71
4.7178, 2299.07, 1284.53
4.48693, 2553.94, -498.99
6.28051, -210.47, -8.798
6.6213, 100.898, 55.5139
5.51573, -227.319, -809.596
3.04573, 70.4165, -42.6059
4.11797, 1258.66, -186.877
5.03403, 36.9157, -102.356
4.76521, 398.358, 845.907
4.77315, 268.079, -82.4831
4.91125, 373.802, -70.9948
5.07896, -2005.95, 376.461
4.50207, -945.921, -1083.01
4.22945, -274.802, -109.201
6.64533, 57.2936, 80.2403
3.02204, 1369.12, -251.779
6.40057, 16.0329, -130.364
3.19919, 127.422, 227.23
2.62171, 1505.48, 1821.69
6.0664, -87.4345, 280.812
7.15538, -137.831, -70.9635
7.47667, -57.2638, -242.741
3.86264, 12.4957, 38.4511
3.6923, -886.674, 603.572
3.87328, -150.065, -1298.88
5.70836, -36.8316, -112.854
5.17637, -251.364, -188.534
6.8967, -1249.1, 2001.52
6.75968, -41.0304, -227.622
2.98004, -138.654, 657.354
4.66818, -145.273, 210.876
3.17045, 100.656, -5.31512
5.86802, -86.3879, -141.664
5.34964, -106.973, -199.758
3.66474, 160.198, -1025.95
5.50306, -106.399, -199.716
2.6551, 278.293, -442.341
7.08512, 144.21, -100.742
3.82958, 747.614, 358.645
6.50016, 61.6059, -39.9101
5.46389, 82.5723, 181.584
5.0822, 14.3376, 3.50153
5.2567, -286.452, 58.7822
3.47225, 209.113, -322.949
5.36152, -1191.4, -431.265
3.81992, -318.618, 2267.04
4.41648, 962.497, -2176.81
2.73626, -108.822, -177.073
4.22823, -138.825, 122.958
3.61594, -1362.27, 2864.66
3.81264, 10.5536, 35.5106
3.05141, 119.21, 15.0266
7.40088, 54.8246, -221.862
5.93794, -832.248, -333.168
5.82158, -71.5482, -43.1615
5.99501, 169.962, -216.897
2.68746, 182.433, 246.934
3.6706, 93.7359, 204.859
3.95397, -2011.22, -3042.77
3.50543, 98.9909, -56.9962
2.7177, -1137.57, 1458.97
2.56571, 715.611, -543.342
6.07297, 2369.86, -813.39
6.88348, 83.6054, 18.5565
5.35088, 745.364, -1481.43
6.92743, -1109.01, -1155.17
5.20042, 339.142, -86.136
3.31357, -1002.13, 515.061
3.30492, -1069.38, -1136.16
7.19182, 102.23, -104.75
3.45628, -29.7031, -300.493
3.15761, -1363.64, 195.487
4.41122, 184.158, -307.724
6.12674, -461.318, 1373.4
2.50651, -2568.53, -323.508
4.60222, 1804.83, -1098.45
5.18984, 790.166, 164.335
4.86596, 104.269, 495.204
6.33003, 684.828, -35.5527
2.9396, 685.79, -40.1081
7.04284, 111.18, 297.624
3.20818, 326.564, 419.028
2.54782, 29.9428, -150.853
2.82267, 293.764, -17.1788
4.96742, 339.547, 314.645
5.40914, 16.3303, -148.107
4.03373, 1434.71, -2617.16
4.57091, 56.2003, -85.1994
4.33401, 17.7879, -232.97
3.42687, 87.0359, -1482.89
2.76788, -938.323, -1235.89
4.47222, 184.972, -72.8515
3.98388, 578.448, 520.681
5.05388, -73.3518, -211.712
3.75392, 923, -1671.1
5.01589, 288.184, -328.225
2.51168, 996.12, -195.305
7.01807, -2101.76, 913.356
2.79181, 1542.66, 1419.17
5.17506, 44.9712, 1377.51
3.95754, 1442.7, -662.457
7.3023, 237.007, -80.5218
4.73406, -1556.36, -780.204
5.08479, 30.8439, -41.7193
5.93861, -463.269, -543.737
2.72187, -190.792, -35.9223
7.2946, 1585.82, -1250.71
5.70852, 128.845, 120.786
2.80215, -201.929, 32.1018
3.33964, 32.8098, -81.6076
5.76491, 149.703, -243.573
6.19864, 170.887, 1230.35
3.57011, 326.831, -166.206
4.31441, 89.8207, -1088.4
6.56981, 750.755, -416.197
5.32057, -101.191, -15.8257
7.45886, 95.9093, -176.276
6.5669, -205.199, -10.5103
3.49157, 1271.68, -1789.21
2.50003, -113.487, -50.0769
4.62608, -1366.52, 1665.55
4.07406, 1095.34, 537.091
5.56218, -1617.37, 233.655
3.83351, 32.8474, -42.522
4.39881, -159.658, -156.961
5.43397, -198.01, -466.939
5.95636, 50.1852, 299.38
7.26736, 52.3777, -51.7897
4.89785, 89.9765, -237.673
3.60319, -520.884, 398.009
5.33741, -367.67, -141.977
6.09873, 57.4202, -135.641
4.4953, 1271.2, -288.571
3.48326, 820.888, -446.221
6.66971, 210.689, 40.394
5.59561, 617.295, -443.34
7.26866, -79.0313, -220.565
3.23222, 747.177, 622.52
5.38953, -3.93791, 60.5734
7.26796, 104.593, 137.542
3.62331, -1975.44, 1055.63
7.25137, 107.861, -100.082
3.07874, 897.031, -366.865
2.58372, 36.2133, 163.43
3.90465, 167.429, -382.698
7.15042, 122.761, -210.974
3.04796, -1040.39, -383.048
6.77266, 1.73399, -159.504
5.68532, -27.2876, 175.259
5.63853, 14.742, 255.644
3.80589, -327.827, 890.494
5.13936, 661.098, -529.613
7.16608, -55.6742, -232.69
3.98055, 27.0152, -115.289
4.78006, 170.088, -38.6607
6.35659, -235.896, 1780.53
4.17193, -763.583, -1850.5
6.31775, 76.8976, 2.69098
6.65892, -1104.71, 874.874
2.64618, 1237.97, -836.168
4.31315, 472.25, -241.8
4.16221, 127.175, 459.381
3.17675, 260.573, 98.0428
3.00839, 520.63, -1645.95
5.11327, 299.215, 382.278
3.52046, -19.9524, 401.644
5.00728, -0.783568, -185.902
5.1371, -1871.54, 1019.55
4.13422, 226.893, 54.6084
4.75888, -81.0963, 86.7196
6.85263, 289.785, 11.0966
4.72884, -166.895, -49.4136
6.03726, -161.283, -70.7398
6.83171, -1122.47, 247.698
6.5822, 99.7007, -21.798
2.67504, -1394.21, -586.941
3.8644, -193.761, 1257.21
5.21858, 199.929, -92.4979
3.19942, 122.43, -140.735
5.57408, -69.3206, -30.3939
3.29182, 24.3927, -618.968
4.41129, 451.391, -76.196
5.94997, -35.4283, -136.033
3.21128, 1782.48, -95.7441
5.65284, -173.106, 110.123
3.15973, -1242.78, -1088.66
7.13583, 105.544, 2.6676
5.53465, 1915.35, -2952.4
5.50388, 633.941, -605.736
3.33635, 192.871, 136.97
3.301, 37.2714, 642.719
5.91628, -40.956, 14.6959
5.1456, 162.141, 7.87769
3.65264, -1121.15, 417.851
6.55373, 24.4142, -118.036
5.76477, -81.8538, 91.8258
4.08597, -356.041, -50.153
2.53953, 174.456, -26.8766
3.49176, -111.813, -967.64
3.78831, -202.724, 652.434
3.03825, 666.795, -83.0287
3.49545, -672.453, 154.089
6.75079, -2125.85, 1175.2
6.63912, 75.5613, 21.3696
6.76813, 16.4095, -175.807
5.71027, -189.909, -163.635
3.6787, -1251.64, 1278.24
6.80638, -73.6911, 70.2209
5.4745, -154.756, 714.079
2.52745, -994.953, -972.335
6.84925, 129.244, 179.1
7.37729, 337.152, 322.041
5.59653, -1045.59, -878.167
3.85574, 7.4463, -78.1203
7.46973, -12.2292, -131.641
4.60751, -794.946, 295.508
4.20537, 332.148, 268.288
4.80717, -82.948, 94.0803
4.44822, -508.949, -1451.55
4.613, -2000.44, -447.63
2.84879, 170.752, -79.273
5.5153, 32.2032, -5.82371
7.36114, -324.944, 85.3428
5.07406, 72.5553, 13.2711
7.45461, 39.3691, -68.357
5.84906, -900.394, -2314.11
4.01716, -413.891, -221.75
3.47371, -828.912, -333.389
4.0109, -69.6295, -65.3716
4.93946, -156.104, -62.4088
4.72438, -110.954, -81.847
5.7844, 35.7515, -167.035
3.74227, 2281.66, 1394.92
4.72007, -843.136, -865.648
5.75894, -24.348, -31.3502
6.67472, 98.7202, 48.7528
6.03698, 420.067, 175.56
4.93928, -257.066, -259.43
6.72039, 602.177, 388.203
7.00296, 158.975, -147.146
6.33082, -300.372, 24.2602
5.29453, -860.372, -295.002
2.70603, 758.625, 68.2474
5.46749, 767.441, -558.589
2.68674, 225.505, -1702.45
4.53488, -61.32, -475.57
2.84243, -72.1296, -156.196
7.38558, -150.809, 70.6686
2.5956, 1186.46, 1418.55
6.60363, -54.0408, -244.963
5.2195, 1673.75, -1162.04
5.72828, 4.94544, -234.968
3.62934, 11.8193, 376.585
2.733, -52.1153, 1162.36
3.63154, 128.417, -129.331
4.58371, 348.707, -1124.9
6.40126, 260.691, -323.036
3.72852, 619.452, -1215.57
4.81411, 19.7872, 32.8706
6.14756, 429.3, -462.857
5.35237, 2088.33, -351.291
5.45997, -442.444, -822.929
4.98425, 116.529, 253.153
3.951, 15.9075, -109.231
4.71107, 208.554, -53.3473
2.53669, -1081.39, 2303.96
7.41683, 21.1155, -141.576
2.52822, -6.20952, -169.847
4.8676, 759.831, 534.941
5.86497, 1454.48, 2360.94
