6.27803, -2663.16, 1531.59
3.5948, 83.9238, 1393.55
5.89648, 358.806, 23.6391
5.09708, 249.929, -365.182
2.76731, 4881.04, -5062.44
2.53849, -1565.72, 1742.83
4.58743, 6841.25, 4040.99
7.15218, 167.639, 96.2662
2.95982, -327.329, 554.666
6.00595, 53.6605, -53.333
3.81226, 553.644, 21.9933
4.14117, 231.606, -72.3836
7.45519, 760.935, -252.075
7.41275, 174.827, -143.356
5.75759, 443.025, 26.7443
6.92354, 134.668, -97.2215
6.33247, 609.107, 59.9126
3.87453, -2060.75, -667.798
4.93259, -1239.4, -895.535
2.80282, -6178.95, 1482.67
5.08146, 156.411, 144.776
4.96988, -4355.84, 1570.88
7.23882, 583.514, -278.085
4.42071, 123.881, 26.0712
5.14874, -3359.93, 908.257
2.75042, -313.934, 4389.04
6.63909, -487.418, 54.2709
5.94228, 130.137, 17.6065
6.18112, 399.984, 2.47059
6.94286, -3298.03, -2943.12
4.25508, -409.297, 577.643
6.72991, 151.57, -215.202
3.84659, -4.47938, 71.0301
4.83959, -220.168, 638.728
3.2686, 537.697, -144.661
2.66527, 88.8711, 94.4386
7.2768, -1383.38, -980.547
6.95369, 369.025, -699.978
3.29884, -851.571, 352.354
3.15214, 956.406, -376.634
2.515, 2701.97, -449.91
6.0491, 240.285, 137.6
3.40448, 1098.3, 258.902
5.76029, -524.794, 369.188
4.42907, 324.728, -98.7533
3.23766, 1238.53, 1441.63
5.45054, 368.839, 330.819
3.24076, 2551.74, -1231.95
3.2091, -2111.15, -1252.27
4.94257, -183.674, -111.682
3.13015, -379.939, -697.766
5.64635, 517.163, -35.6686
5.60817, 196.594, 149.541
4.88216, 3015.63, -4165.93
2.64188, 489.538, 84.8038
3.21011, 3667.71, -578.182
3.15594, -326.113, -188.146
3.31099, 1394.48, -2127.98
3.76529, -759.166, 180.056
4.77654, -4118.67, 2087.86
6.54472, 117.288, -302.095
3.57624, 104.19, -200.179
3.75063, 46.324, -40.8073
5.02978, -723.859, -1440.05
6.27922, 145.029, 3.15978
5.66369, -1427.76, -3005.7
5.9449, -2072.16, -1489.73
7.27207, 482.654, -405.445
5.18713, 4309.16, -2187.82
4.57014, 88.0966, -1502.59
4.70019, -422.931, -651.833
6.07821, -1642.13, -1748.2
6.20858, -2283.66, -1791.73
5.12494, -2892.21, 2371
6.06711, 364.36, 150.764
5.91025, 158.856, 57.1579
6.82941, 1887.2, -1467.41
3.19597, 657.937, 1583.59
3.57766, 446.884, -197.712
5.0733, 949.239, 1747.24
4.83766, 191.97, 177.355
3.55759, 3205.94, -3269.58
5.65244, -142.446, 310.369
2.5044, 2536.17, -3645.22
4.09589, -626.2, -2558.08
5.90281, 368.555, 13.1548
6.0446, -85.7331, 255.143
2.90869, 100.936, -190.696
3.56926, -725.121, -349.759
4.44412, -160.215, -81.3161
4.44927, -3405.19, -1177.96
3.92018, -44.8584, 419.338
4.6123, 184.202, -151.44
2.55658, -1528.3, -37.9534
3.72027, -4497.1, 2413.39
4.49072, -1680.53, -3102.48
6.64177, -237.089, -322.258
3.78584, -36.7743, 333.871
3.59705, -1282.89, 275.824
6.47385, 145.669, -35.0471
5.8476, 397.037, -188.478
5.49108, 25.1038, 270.409
5.99917, 2323.38, 1456.74
5.13062, -9.3566, -412.541
4.14833, 286.053, 619.16
3.30844, 4841.24, 836.191
6.56633, 176.685, 102.061
4.08004, 233.849, -212.847
4.05369, 37.8962, -47.2165
4.65424, 105.071, -41.2069
4.46509, 316.415, -178.726
4.43916, 622.219, -191.235
4.34871, 94.0199, 675.776
5.88118, 223.857, 110.076
6.10384, -77.9686, -33.2418
7.20082, -2112.31, 734.314
5.08573, 358.219, 21.4536
5.5282, 108.107, -122.609
5.85049, 1388.69, -2126.58
5.11404, 147.619, 365.79
3.87105, 688.642, -422.6
7.08924, 125.21, -56.3494
3.73367, 473.699, -321.63
4.77876, 495.557, 624.691
3.30374, 191.121, -47.9538
4.68319, 150.093, 55.7848
7.45767, 63.8774, 30.6998
6.26931, 3154.58, -3186.28
4.97846, -11.892, -521.503
7.01651, 130.717, -223.09
4.68213, -757.632, 210.999
5.09239, 1852.18, -1534.76
4.44866, -1611.16, -2524.36
5.63431, -81.9576, 26.4961
5.19331, 202.515, -80.6497
4.35955, -80.0769, 975.023
2.54674, -509.456, -267.261
6.3794, 280.305, 288.895
2.85317, -557.87, -634.547
3.98511, 151.082, 46.3721
4.78581, 372.992, 786.365
3.25156, 316.148, -132.451
5.97819, 158.262, 199.815
4.15587, -558.497, -609.693
5.21197, -2745.58, 4892.07
2.64678, -2871.78, -1677.39
5.38086, -166.457, 347.734
5.18133, 671.137, -49.1915
7.36678, 90.9154, -297.129
5.57063, 206.616, -24.9152
5.26431, 2181.93, -3698.76
6.69051, 1295.71, 72.0174
3.75764, 171.125, -919.32
6.98957, -6.38855, -90.6196
5.97428, 523.207, 27.4472
5.82752, -256.289, 2098.75
3.06838, 137.219, -482.952
3.37987, -1222.79, -786.035
2.91253, -1308.88, 2200.68
6.68103, -34.6107, -301.695
2.64818, 215.945, 2949.48
6.34719, 373.217, -140.312
4.29829, 250.222, -3003.56
6.24626, -127.899, -77.7171
6.28385, 155.1, 82.4667
3.60834, 2302.7, -1115.28
5.58305, 89.5466, 98.2136
3.66846, 47.7104, -9.62735
6.22052, 5.61846, -2960.98
5.80997, -414.091, -896.294
4.9209, -2794.55, 4859.84
2.58972, 933.094, 227.793
4.98291, 183.164, -183.24
5.09587, 152.996, -54.3724
4.71395, 716.227, 2783.76
4.14528, -2099.34, 1143.69
3.52671, 224.775, -17.2446
7.19863, -25.7374, 1331.84
2.85168, 1122.42, 2476.77
3.30042, 545.185, -822.311
6.70788, 478.572, -645.661
4.13614, 206.172, 105.707
6.85942, 910.566, 85.1049
5.99896, 209.219, 4.97449
5.52801, -183.944, -220.744
4.77536, 364.661, -472.018
2.91543, 489.32, 1030.08
3.94883, -2841.63, -878.131
6.51009, 489.655, -337.913
6.81821, -21.0024, -297.099
3.81831, -3841.09, 302.472
4.79881, -42.2152, -430.218
4.95672, 248.553, 51.0622
5.82344, 1415.43, -2105.01
7.31738, 158.727, -277.65
7.23022, -55.6557, -219.6
2.81902, 1512.82, -237.862
5.04829, -908.829, -518.649
6.13222, 92.961, -99.9976
5.65882, 373.369, -305.679
3.26658, 333.194, 143.637
5.09652, 717.236, 2787.94
3.52281, 4788.34, -1532.1
6.03231, 149.54, 50.4823
6.05786, -962.265, 5081.92
3.66304, 225.038, -363.052
6.80594, -373.073, -50.4812
2.67122, -676.666, 280.124
6.26587, -76.2737, 136.258
4.14789, -5.32991, -209.269
4.65309, 4290.58, -1050.18
7.33455, 514.478, 429.582
4.05803, -1617.93, -1590.55
5.69762, -4979.36, -24.2046
5.95386, 170.623, 56.7752
5.36403, -75.9491, 371.547
6.60667, -2731.28, 4900.38
4.21807, -3065.5, 1250.76
5.09387, -66.782, 81.9449
6.78438, -106.221, 180.54
6.18587, 458.934, 1037.2
3.45992, 385.36, -241.275
2.83145, 159.403, 11.6152
3.60828, -3570.22, 2266.34
3.33656, 217.273, 12.2413
6.31172, 177.46, -65.2931
5.44905, 1393.49, -1878.67
4.65223, -5203.86, -427.011
7.09618, 1679.45, -154.874
5.09668, -705.897, -1265.89
7.38058, -487.615, 125.305
5.15714, 207.455, 102.545
2.98716, -1049.98, 940.954
5.83983, -639.596, -665.62
5.44444, -579.43, 2405.65
5.01137, 166.466, -209.326
2.75808, 666.778, 1191.63
2.6753, -146.435, 433.643
4.41484, 194.828, -104.315
5.55555, -2219.96, -2586
5.06574, -5206.37, -417.294
5.98498, 217.997, -162.739
4.89891, 357.134, 17.8587
3.88323, -5267.24, 60.8816
6.01685, -228.963, 2613.09
3.67701, 203.339, 79.5759
6.41501, 5.23902, -73.624
6.60589, 1132.8, 336.399
3.21842, 3253.36, 2899.72
5.75757, -286.43, -65.9731
3.87677, -809.742, -1483.81
7.26215, 2441.95, -1147.59
4.58238, 169.811, 0.706325
3.03869, -192.848, 195.277
4.70633, 174.286, -11.1722
6.28811, 10.2588, -634.161
2.77803, -197.539, -97.2519
3.51241, 36.8051, -51.7995
6.82305, 214.851, -109.984
6.52456, 524.945, -78.1806
2.78861, 508.39, 1833.96
4.40304, 47.364, -10.1294
4.56124, 100.725, 34.316
2.80071, -54.8685, 49.8715
7.09746, -1139.53, -1086.94
3.35398, 37.9468, 68.6453
6.51634, -158.88, -333.753
3.88599, 1766.39, -557.51
4.44586, 48.598, -58.0686
7.19936, -1821.83, 799.019
6.24573, 143.239, 2687.96
3.44774, 3467.97, -3632.64
6.89581, -83.7245, -263.916
6.8953, 224.703, -59.4419
3.30515, 80.6503, -1140.99
5.87346, 900.454, 440.603
6.89096, 289.25, -81.3478
6.98262, -706.562, 3345.58
3.06535, -136.881, -452.888
5.93789, -1135.91, -998.13
3.21651, 659.228, -492.72
3.6901, -361.707, 55.6003
5.64383, 2646.08, -1795.95
4.312, 442.596, 56.6465
4.64437, -1612.63, -1432.39
4.91936, 1493.77, -1679.03
6.20379, 0.809942, 1252.93
3.23098, 205.296, 266.922
7.36238, 87.1999, 15.5464
7.3158, -193.722, -141.435
3.14741, 2397.15, -1514.19
5.3784, -29.4468, -147.457
4.66439, 289.866, 297.56
5.50066, 172.414, -174.472
5.85098, 199.895, -234.331
4.5137, -2780.57, -927.219
6.46691, -1710.47, -1487.33
4.89889, -3146.23, 1663.49
5.72449, -534.33, 650.943
4.28836, 4940.44, -795.969
5.96794, 109.588, -409.946
5.83428, 330.834, 96.316
3.22071, 76.3764, -141.511
7.10415, -108.024, -203.849
4.22228, 1063.76, 3485.03
6.66824, 310.29, -38.0548
2.74349, 62.5291, -609.342
3.27936, 1240.28, -1862.48
2.55765, 217.012, 178.678
3.94327, 172.482, 20.9803
5.07295, 528.543, -538.646
3.65948, 915.338, -3183.02
2.75022, 748.451, 228.624
5.33091, -37.9051, -139.033
6.69774, 240.183, 416.958
4.28763, -320.375, -217.54
4.3452, 118.21, -882.931
7.22226, 133.533, 31.1168
4.72425, -1480, 149.13
6.82086, 121.746, -150.38
5.82654, 54.0712, 740.467
5.79297, 166.668, -473.994
7.10736, 2442.77, -1803.65
5.11536, -2885.77, 2364.77
5.45229, 156.65, 693.889
5.79944, -268.174, -2474.17
4.24765, -1574.25, 1047.22
4.11714, 54.8912, 354.751
7.08984, 193.547, 13.9516
3.08619, -4237.52, 1556.84
7.31268, 4.84672, -33.8703
5.17978, 262.724, -203.893
5.81447, 1380.94, 695.045
5.48362, -4324, 2040.44
6.93363, -220.174, -1168.82
6.67999, 347.578, 16.7702
6.69339, 196.865, -26.2656
6.85642, 473.238, -143.631
2.5002, -264.104, 2117.89
4.77274, -727.193, -2295.88
4.25696, 1715.02, 82.9266
5.80713, 4306.62, -3362.92
6.22234, 720.633, 78.3607
3.3821, -902.981, -3808.81
7.4621, -1199.58, 1445.45
5.95466, -410.129, 90.7796
6.97862, 378.614, -1.36474
3.51579, -1246.57, -342.397
7.2356, 545.926, -147.225
4.88476, -4063.04, 2146.21
6.78578, -3567.41, 2267.38
6.41237, 539.067, -7.67747
5.70687, -2797.48, 2716.99
3.14521, 520.989, 576.777
5.77944, 218.474, 163.246
3.09199, 211.033, -88.3166
3.88793, 2494.9, 615.698
6.65548, 207.172, 2329.17
6.14153, 3369.36, 4320.44
6.74348, 3756.12, -2805.25
3.43989, -807.992, -193.966
6.09602, 270.047, 25.0635
4.25586, 97.5106, -515.322
3.34555, 153.559, -301.548
4.52383, -4004.85, 490.245
4.20924, 105.239, -86.3653
6.67141, 363.266, -94.05
3.9111, -3054.58, -4951.58
5.16766, 3120.41, 1849.9
6.25085, 902.329, -1609.62
4.62554, 63.2293, -107.819
4.66964, 1279.55, 16.0255
3.03022, -3087.37, -2082.64
6.4639, 375.887, -333.853
3.91232, -258.328, 188.908
7.14264, 3345.49, 5022.56
5.37926, 203.298, -110.268
3.4895, -42.7193, 358.327
5.99081, 100.483, 38.6612
3.07265, -287.062, 270.254
4.22945, -59.5779, 329.175
4.15646, 516.488, -179.604
6.42735, -4376.86, 2052.26
6.65775, 92.5803, -89.182
4.21712, 538.777, -159.158
4.2603, -706.757, -111.571
6.38197, 30.8905, -137.959
6.58658, 757.628, -455.363
4.26157, 466.06, 147.082
7.09559, 115.488, 22.0681
3.2877, -57.6929, -255.447
5.56029, 702.655, 137.432
5.54222, 188.55, -10.0385
3.16647, 2485.81, 2651.64
3.51409, 3121.25, 4303.79
4.79457, -379.887, 40.0567
3.48759, -607.892, 1402.3
6.77118, 400.123, 8.00691
6.54562, 427.669, 323.811
2.80131, 2149.69, -1555.54
6.50584, 1373.53, -4000.31
5.49597, 182.229, -457.813
7.43182, 229.21, -171.718
2.65919, -796.433, 254.319
6.8356, -2691.1, 3241.13
3.69109, -947.659, -502.955
3.6127, 1366.11, 618.294
4.73907, 5449.7, 2537.92
2.61231, 116.873, -392.57
6.79755, 102.499, -122.508
4.15902, 462.898, -3513.82
5.72195, 947.153, -289.222
7.43521, 169.223, -26.2291
5.30162, 85.3036, 153.709
4.74553, 184.64, 54.7744
5.213, 455.17, 121.079
2.90797, -1374.89, 492.342
3.99606, 1471.9, 2448.52
6.63964, -3139.16, -592.752
6.48936, -3424.61, 1416.07
5.71048, -96.2051, 222.984
4.84105, 211.542, 53.4298
7.15326, 604.947, 1873.56
5.08798, 355.066, -183.684
7.42924, -3562.48, 2249.19
5.94567, 258.549, -120.222
6.19966, 296.745, 538.513
3.46323, 1252, 1257.94
6.08881, 2459.7, -1524.2
6.11146, 1134.16, 37.4319
6.49298, 229.841, -15.5544
4.23216, -4111.36, 298.536
5.1481, -1376.97, -685.138
3.19001, 1206.9, -605.943
6.73218, 47.9441, -46.6527
6.32766, -693.23, -550.962
7.5, -4386.19, 2049.06
4.24891, -6123.83, -2032.77
5.50367, 764.436, 7.68935
3.50808, -366.429, 2913.88
6.2385, -2951.02, 493.239
6.49225, -146.109, -50.3258
3.03505, -581.938, -591.298
5.35813, 317.065, -76.4962
2.84683, -4156.38, 1410.19
4.16036, 212.897, -374.803
5.80945, 194.159, 49.0228
5.27726, 395.576, 3229.02
7.12415, 80.06, -297.796
2.69832, 239.955, 2365.6
2.62083, 934.683, 1127.22
4.61923, 165.75, -103.732
4.36987, -932.574, 109.393
2.93303, 2868.42, 2821.17
3.05403, 72.4077, -53.0385
5.31992, -3917.75, 122.021
7.37269, 124.077, 19.3754
3.05066, 58.38, -3153.28
5.99352, -2541.57, -2792.44
2.79674, 173.075, 1047.92
4.69755, -204.351, 116.316
5.24651, 865.029, 430.244
3.45129, -291.885, 180.188
7.36597, 147.13, 72.9471
3.19593, 232.808, -7.08397
5.48978, -2565.69, 292.983
7.12812, 213.059, 448.918
3.91116, -902.54, 181.359
6.8307, 175.438, -525.621
6.29598, 922.026, -1293
6.10793, 176.659, 171.587
3.34241, -23.6653, -579.579
3.32882, 887.495, -2134.29
3.39076, 156.835, 110.712
5.87226, 172.154, 89.9855
4.83484, 373.207, -207.873
6.85219, 425.389, 266.891
5.76023, -192.909, -156.037
5.80464, 1372.57, 698.102
2.58037, -223.762, 590.823
4.30596, 4655.25, 2668.35
3.72747, 214.634, -386.428
6.93086, 432.385, 793.523
5.23701, -5878.08, 101.63
6.57209, -424.521, -491.163
5.24453, -709.478, -63.4618
4.16156, 452.92, -181.661
4.40213, -1561.34, -2736.19
2.52389, 1310.26, 254.411
6.95226, 331.424, -61.2781
6.16955, 814.03, 247.537
6.04239, -596.91, 298.936
5.1278, 1712.43, -2300.09
6.41065, 196.928, 309.919
3.42484, -102.963, -112.644
5.72673, 214.776, -20.9628
3.42178, -40.3276, 79.6243
3.31214, -1191.37, 660.343
2.65594, 1237.31, 1286.24
7.42716, 184.681, -5.01662
4.04559, 205.44, -228.049
4.11075, -581.367, 24.9275
5.51155, 198.921, 91.2367
2.89107, 4428.29, -747.505
3.93936, 371.705, -3.64545
5.79307, 282.417, -601.506
7.36348, 239.851, 4.68117
7.27758, 3267.77, 1277.07
7.42745, 275.931, 92.0037
7.30478, 175.867, 15.7152
3.0073, 610.166, 555.034
3.71505, 924.166, -183.675
6.91151, 58.9337, -86.1487
5.28805, 330.834, 73.2168
6.7669, 146.468, -34.6244
7.49145, -258.196, -107.514
3.99751, -3756.86, 1630.85
6.33157, -6749.81, -2227.07
4.81901, 686.631, -228.737
6.8168, 757.159, 4.89614
6.99018, 188.719, -276.511
7.377, 119.419, -18.6355
2.77405, 98.6158, -76.3678
6.32605, 479.038, -272.181
5.09219, 1426.32, -2133.69
3.46574, -292.025, -368.441
6.98252, 158.147, -461.111
6.38492, 13.3164, -20.0382
2.75968, 617.342, -780.949
7.47331, 1355.86, -2181.92
5.93659, 207.245, 147.115
5.94854, 1392.74, 649.901
6.57666, 2427.93, -1114.49
7.05426, 448.725, -227.772
3.34218, 2033.53, 4105.62
5.24183, 2374.03, -1733.76
6.53351, 227.581, -58.3279
4.17803, 14.9853, -4.6607
5.53435, -491.147, 169.985
6.59602, 1279.34, -1981.31
7.3485, 33.6721, -27.3482
6.29349, 78.4655, -194.179
3.72113, 162.839, -579.859
5.80589, 114.535, -90.4779
4.21574, 915.053, 253.381
7.27146, 276.276, 40.7854
2.60828, 2350.34, -2743.03
4.54979, 370.613, 32.9589
2.55789, -3130.91, 3106.55
3.04964, 305.917, 1044.53
5.28259, 649.628, -850.251
4.45466, 153.408, 141.964
7.20539, 176.691, -216.447
2.55572, 332.377, -181.571
6.22897, 653.242, -1630.62
3.84293, 390.04, 234.657
4.27153, 91.2982, -555.878
3.45835, 4915.81, -5025.56
5.14832, 648.131, 479.778
4.39478, -764.095, -4271.72
3.16407, 105.857, 52.1746
4.26563, 380.446, 362.686
4.2497, -4110.36, 2139.87
7.41084, -2097.26, -1461.76
5.25961, -429.967, -39.4893
4.99918, -1877.81, -511.278
3.58531, 1359.24, -2016.01
4.37311, -426.893, -471.024
6.78251, 2578.44, 2293.83
6.45578, -2408.41, 4868.18
3.9204, 2406.01, -2967.12
5.07645, 709.361, 70.0076
6.79238, 208.16, 7.86545
7.07844, 345.654, -12.8413
7.48941, -1704.14, -1487.36
6.53177, 22.6904, 300.349
5.22718, 440.802, 217.312
7.3461, 352.216, 617.06
5.31931, 1209.97, 111.684
4.03031, 149.088, -972.264
5.41853, 281.153, -143.925
2.91197, 90.2875, 88.8462
5.47382, 34.5054, 17.8062
3.31968, 2265.94, 4305.89
6.46527, -224.025, -522.164
2.95373, -604.199, 1345.89
6.3072, 205.735, -151.063
6.83996, 130.429, -56.3873
6.40105, -76.4181, -137.651
6.61399, -1796.52, -325.581
6.70974, 214.146, 94.482
4.48328, 55.6513, -218.45
6.508, 188.391, -3.28072
6.56811, 139.831, 21.0395
5.43493, 611.892, 1286.33
4.64621, 235.49, -220.487
2.5002, -735.129, 375.668
5.31153, -36.446, 31.806
6.22632, 198.778, 70.943
3.89846, 2815.19, 1636.97
2.93406, -635.51, -3921.64
3.5733, 442.696, 514.904
3.93296, -101.036, -23.999
4.86595, -505.84, -132.468
6.95893, -1638.93, -1458.45
5.91955, 328.152, -54.813
3.54376, 267.967, 54.4748
6.67533, 233.994, -176.229
7.09218, 412.97, 428.925
4.48244, -107.629, 420.62
6.37858, 1604.19, 312.134
5.68161, -174.371, 134.362
6.64746, 381.197, -159.625
3.40204, 786.542, 271.438
7.45927, 218.203, 79.1501
6.70558, -66.606, -99.9439
4.65177, 683.82, -313.346
4.38589, 1.31898, 28.3408
2.70802, 119.141, 120.361
6.80715, -552.009, -835.27
6.62116, -3568.38, 2230.1
6.25052, 1451.05, 1261.44
3.55801, 485.793, -530.104
4.31029, 265.447, 81.8212
4.43545, -138.395, -22.9079
7.32918, -2711.03, -1721.32
6.5872, 417.809, 84.3313
4.5755, 766.955, -154.409
5.83759, -46.7264, 712.514
2.52101, -3468.05, 3527.82
6.98048, -11.3195, -132.421
3.68416, -227.131, 243.685
3.79415, -419.307, -135.379
5.4939, 52.2123, 36.0573
6.89823, -484.112, -1.94111
6.16299, 187.6, 166.199
6.0773, 56.6423, 76.6862
3.57724, 5019.33, -225.953
6.30413, -3474.48, 2726.92
3.85351, 351.621, 195.854
2.75246, 232.637, -187.507
4.78866, -1418.47, 531.533
2.58759, 405.2, -233.382
3.01129, 4993.03, -3216.04
2.639, 1880.8, -1077.03
5.65921, 8.28984, -63.1663
6.34425, 163.492, -19.7521
2.74132, 486.546, 163.321
6.6924, 523.574, 896.157
6.76899, 201.164, -123.175
6.57649, -198.787, 526.175
6.85188, 281.109, -3620.91
5.27222, -65.7208, -102.973
6.12646, 9.74489, 1064.78
3.20424, -3778.55, 3103.19
6.6115, 82.521, -194.048
5.51185, -2225.17, -2585.61
4.93856, 41.5568, 206.415
6.14942, -331.673, -303.548
4.05164, -1671.88, 974.403
3.93925, -15.5081, 364.663
5.45857, 1903.02, -2345.82
5.34055, -2575.36, 1398.52
5.41059, 2350.39, 1788.18
2.84132, -215.76, 400.687
4.34304, -1626.52, -222.453
6.28475, 120.86, 328.694
6.35297, 717.864, 2545.91
4.27217, 88.3533, 678.937
5.98913, -46.6783, -133.637
5.08005, 1727.76, 1035.25
5.94494, 222.971, -308.255
6.18066, -1622.57, -1146.96
2.56231, -2299.95, -1641.79
7.16549, 111.254, 49.3085
5.37826, 496.901, 306.97
3.05587, 458.913, 695.2
4.87388, 302.33, 45.3629
3.24247, 1592.5, -393.568
4.22594, -7116.27, -1602.76
7.04476, 191.953, -31.2512
4.54571, 2433.28, -1049.8
5.96642, 200.598, 78.0742
3.35865, 295.478, -203.908
6.21715, -3862.17, 1374.23
4.16319, 264.615, -281.71
4.62157, 207.938, 174.532
2.79523, 151.407, 766.841
5.09005, 176.026, -84.0108
5.94425, -168.046, 337.641
5.01149, 256.845, 125.788
6.56617, 231.872, -108.718
3.07974, 181.653, 40.5114
5.24841, 1147.96, -59.0093
5.06046, 16.0536, 204.413
6.02649, -1644.65, -1484.58
5.65083, 206.031, 24.8359
4.0207, 691.109, 388.304
6.74719, 203.626, -133.618
3.39619, 1212, -1989.43
2.61737, 128.213, -197.193
4.19467, 370.203, 6.67832
3.43818, -1740, -1284.66
6.60467, 205.396, 182.249
6.72507, 110.726, 2640.92
6.78031, -2650.62, 1480.76
7.37454, 378.71, -515.349
2.99587, 351.983, 632.186
2.56182, -3188.41, -2444.15
2.58614, 382.754, 472.63
2.64527, -241.83, 405.789
4.1031, -1623.07, -1580.73
6.17815, -2648.37, 1556.74
3.14876, -132.705, -168.522
2.5161, -2166.66, -394.626
6.91905, 396.308, 75.6597
3.70482, 257.127, -240.729
4.38481, 447.489, 836.207
4.44879, 307.981, 359.422
2.81534, 2991.95, 1142.55
7.30792, 21.6096, 18.459
3.75349, 262.537, 22.7422
6.85376, 335.364, 217.94
2.85991, 2430.09, -3323.51
2.70653, 3069.12, -2049.54
3.46378, -252.062, -56.1396
3.86708, -1649.02, -1839.24
7.4007, 225.25, 7.62652
3.60607, 968.448, -4144.19
6.43119, 1387.96, -2131.02
4.42306, -43.271, 1038.93
3.78593, -2424.25, 2735.53
3.91087, 595.162, 192.508
7.33834, 492.533, -74.0166
4.22841, -112.172, -314.65
3.45922, -405.456, -460.516
5.05037, 176.347, -143.44
5.21857, 949.281, -3712.11
5.72333, 803.207, 156.963
3.89738, -295.064, 176.185
3.41887, 624.746, -225.138
2.71579, 1919.6, -2257.16
3.98408, 575.731, 214.925
4.25548, 1206.14, -654.368
7.09372, 280.099, -58.6869
5.81225, 190.424, -111.871
5.08041, -1634.45, -1454.68
4.03763, 195.325, -53.7701
3.0007, 1637.73, 1743.69
3.47502, 115.501, -179.809
4.11407, 2563.64, 2692.65
5.56182, 713.998, 278.208
5.13511, 2097.54, -983.489
3.45653, -294.731, 919.077
4.7178, 4474.11, 2601.17
4.48693, 5154.18, -1004.98
6.28051, 39.0209, -89.951
6.6213, 88.9766, 148.214
5.51573, 210.421, -600.655
3.04573, 19.5487, 61.3695
4.11797, 2119.58, -538.919
5.03403, 209.401, -9.50521
4.76521, 51.041, 554.386
4.77315, 7.98861, -190.527
4.91125, 513.455, -81.7759
5.07896, -3637.85, 644.39
4.50207, -1846.82, -1014.21
4.22945, -391.932, -508.833
6.64533, 202.321, 513.705
3.02204, 2061.3, -1162.97
6.40057, 104.031, 66.7124
3.19919, 781.899, -194.155
2.62171, 3103.22, 3551.12
6.0664, -197.393, 1153.69
7.15538, 207.179, -241.871
7.47667, 226.942, 0.876025
3.86264, 231.792, 112.337
3.6923, -1692.42, 415.272
3.87328, -330.652, -2588.64
5.70836, 184.984, 49.2357
5.17637, 118.602, -28.1448
6.8967, -2301.59, 3987.01
6.75968, 112.003, -144.916
2.98004, 236.562, -250.366
4.66818, 171.86, -150.118
3.17045, -505.678, 207.371
5.86802, 223.395, -55.7852
5.34964, -185.08, -653.254
3.66474, 87.8189, -1166.99
5.50306, -30.9628, 1.8533
2.6551, 75.7581, 142.258
7.08512, 140.928, 72.1525
3.82958, 218.245, -291.855
6.50016, 256.68, 98.8379
5.46389, 96.6206, -158.959
5.0822, -84.5631, -69.45
5.2567, 1410.97, -733.012
3.47225, 458.836, -285.557
5.36152, -2424.41, -155.152
3.81992, -520.863, 5280.07
4.41648, 2178.68, -4568.43
2.73626, -423.518, -486.102
4.22823, 206.889, -164.067
3.61594, -2456.84, 5781.84
3.81264, -21.9609, -122.566
3.05141, -18.24, -26.4403
7.40088, 177.177, -57.2775
5.93794, 84.1536, 29.7134
5.82158, -213.629, -129.613
5.99501, 243.159, 311.281
2.68746, 137.942, 40.7717
3.6706, 227.93, 3.60239
3.95397, -4396.87, -6621.55
3.50543, 138.045, 284.36
2.7177, -2142.99, 3147.98
2.56571, 384.992, -28.3866
6.07297, 4779.48, -1531.63
6.88348, -306.778, -332.364
5.35088, 1464.22, -2776.8
6.92743, -2414.73, -2725.9
5.20042, -1126.23, -89.7042
3.31357, -1558.6, 315.114
3.30492, -2265.57, -1790.31
7.19182, 155.404, -150.055
3.45628, 7.60139, -352.692
3.15761, -2498.38, -169.724
4.41122, -72.0976, 275.255
6.12674, -570.841, 2416.65
2.50651, -5203.9, -419.689
4.60222, 3707.15, -2119.34
5.18984, -35.3865, -38.8265
4.86596, -797.295, -566.26
6.33003, 405.532, -671.219
2.9396, -753.166, -451.453
7.04284, 215.526, -218.209
3.20818, -523.692, 204.998
2.54782, 91.0831, 544.833
2.82267, 377, -207.941
4.96742, 275.733, -152.059
5.40914, 238.046, 68.1014
4.03373, 3033.01, -5341.55
4.57091, 446.543, 329.833
4.33401, 1149.74, 1408.66
3.42687, 321.973, -2161.14
2.76788, -2163.15, -2114.25
4.47222, 136.962, -210.783
3.98388, -688.865, -918.688
5.05388, -371.844, -19.0579
3.75392, 1854.63, -3074.6
5.01589, -838.821, 1562.32
2.51168, 883.29, -621.517
7.01807, -4381.17, 2055.82
2.79181, 2771.36, 2762.68
5.17506, 76.221, 2620.91
3.95754, 2258.07, -1037.26
7.3023, 141.997, 39.4076
4.73406, -2720.95, -1117.83
5.08479, -159.398, -220.366
5.93861, 47.5797, 172.5
2.72187, -47.6827, 591.218
7.2946, 3026.97, -2230.01
5.70852, 463.986, -88.4391
2.80215, 259.69, 75.4085
3.33964, -44.6207, -134.798
5.76491, 360.362, -271.052
6.19864, -260.083, 2086.26
3.57011, -414.594, -312.283
4.31441, 539.504, -1751.98
6.56981, -143.177, 301.931
5.32057, 304.139, -25.7522
7.45886, 134.838, 10.3699
6.5669, 129.932, -367.155
3.49157, 2684.1, -3463.66
2.50003, 299.328, 32.0852
4.62608, -2688.04, 3243.82
4.07406, 1653.1, 1038.14
5.56218, -2924.36, 439.922
3.83351, 187.647, -137.319
4.39881, 1185.13, 585.728
5.43397, 125.977, -106.539
5.95636, -1370.95, -272.791
7.26736, 8.04328, -74.7294
4.89785, -154.693, 940.025
3.60319, 207.423, -382.211
5.33741, 869.711, 592.877
6.09873, 255.595, 31.8298
4.4953, 1794.28, -45.83
3.48326, 73.0636, -143.281
6.66971, 34.9906, -257.267
5.59561, 53.8438, -799.135
7.26866, 224.013, -144.162
3.23222, -250.456, -123.575
5.38953, 448.831, -99.6192
7.26796, 321.264, -16.657
3.62331, -4284.17, 2034.22
7.25137, 46.7317, -111.183
3.07874, 1187.15, -550.637
2.58372, 601.503, 337.784
3.90465, -261.913, 543.426
7.15042, -167.515, -24.7037
3.04796, -940.561, -442.169
6.77266, -158.397, -340.638
5.68532, 288.283, 278.186
5.63853, 143.511, -13.9785
3.80589, -618.947, 1361.66
5.13936, -483.755, 190.224
7.16608, 1356.06, 635
3.98055, -1117.53, 185.137
4.78006, 113.647, 114.399
6.35659, -797.567, 3683.72
4.17193, -1531.7, -2753.94
6.31775, -9.81375, -75.5478
6.65892, -1839.06, 1989.84
2.64618, 2035.28, -1252.29
4.31315, -311.28, -410.959
4.16221, 186.609, 124.128
3.17675, 1552.53, 1427.35
3.00839, 1044.53, -3197.86
5.11327, 461.14, 161.964
3.52046, -15.4402, 201.657
5.00728, 229.517, 492.179
5.1371, -3877.94, 2539.99
4.13422, 209.477, -120.578
4.75888, -124.481, 709.397
6.85263, 662.865, -244.315
4.72884, 134.476, 24.5697
6.03726, 3.04905, -213.734
6.83171, -1653.48, 324.751
6.5822, 685.589, -582.309
2.67504, -3029.88, -1182.42
3.8644, -682.535, 1876.28
5.21858, -1127.72, 748.66
3.19942, 2981.72, -519.758
5.57408, 241.564, 69.6742
3.29182, -26.6495, 168.946
4.41129, 456.325, -289.663
5.94997, -54.7739, -227.794
3.21128, 3193.55, -21.6045
5.65284, -265.051, 29.2335
3.15973, -2627.57, -1432.7
7.13583, 427.898, 270.077
5.53465, 4164.14, -6366.47
5.50388, 96.6887, 150.811
3.33635, -36.3227, 125.941
3.301, -1071.72, 1717.2
5.91628, 142.747, -59.9629
5.1456, 307.977, -299.356
3.65264, -1729.08, 974.517
6.55373, 183.176, -178.172
5.76477, 158.784, -34.2941
4.08597, 185.581, 562.69
2.53953, 153.154, 562.507
3.49176, -37.5048, -135.269
3.78831, 137.336, -313.836
3.03825, -72.1199, -44.5949
3.49545, 391.459, -277.072
6.75079, -4507.36, 2407.33
6.63912, -16.7108, -56.7722
6.76813, 207.933, -24.6669
5.71027, 152.57, -95.2655
3.6787, -2318.51, 2408.32
6.80638, 205.433, -155.509
5.4745, -52.9248, -384.553
2.52745, -1641.73, -1225.43
6.84925, -414.587, -900.4
7.37729, 301.476, -63.2139
5.59653, -1635.11, -1456.74
3.85574, 648.666, 180.466
7.46973, 115.433, 32.6416
4.60751, -1157.08, -387.638
4.20537, -492.712, -3.9101
4.80717, 195.277, -39.5093
4.44822, -895.96, -2467.16
4.613, -3818.15, -742.667
2.84879, 378.112, -402.206
5.5153, 264.002, -210.047
7.36114, 586.4, 28.2898
5.07406, 167.265, -273.296
7.45461, 209.108, -14.338
5.84906, -2015.98, -4770.2
4.01716, 273.556, 287.123
3.47371, 52.9475, 75.1368
4.0109, -8.81868, -215.587
4.93946, 167.634, 13.8168
4.72438, -127.76, 6.38877
5.7844, -508.033, 85.3945
3.74227, 4655.27, 2667.09
4.72007, -1198.06, -1000.65
5.75894, 177.181, 165.612
6.67472, 42.4472, -90.5656
6.03698, 219.776, 130.415
4.93928, 301.065, -113.576
6.72039, -168.076, -214.379
7.00296, 677.705, -646.948
6.33082, -235.449, 119.854
5.29453, 377.76, 210.498
2.70603, -626.781, 54.6516
5.46749, 658.307, 90.8618
2.68674, 68.2672, -3208.37
4.53488, -232.227, 401.205
2.84243, 661.593, 99.6929
7.38558, 285.605, 246.026
2.5956, 1681.28, 2550.07
6.60363, 68.3545, -15.5642
5.2195, 3135.19, -2574.68
5.72828, 648.577, -217.562
3.62934, -521.542, -139.116
2.733, 442.105, 2566.02
3.63154, 255.716, 603.547
4.58371, 48.9694, -2179.27
6.40126, 458.973, 34.0631
3.72852, 1273.88, -1987.21
4.81411, 425.323, 108.366
6.14756, -528.628, -16.1566
5.35237, 4325.65, -588.256
5.45997, -154.672, -386.368
4.98425, -699.554, -259.92
3.951, 242.173, -95.2542
4.71107, 111.224, 500.116
2.53669, -2414.6, 5317.04
7.41683, 229.878, 55.2225
2.52822, -64.5286, -146.149
4.8676, 1762.58, 665.221
5.86497, 2938.25, 4999.14
