6.27803, -1118.73, 581.646
3.5948, 284.297, 911.016
5.89648, 747.418, -391.556
5.09708, 40.6526, 146.061
2.76731, 1807.54, -1969.14
2.53849, 380.664, -170.05
4.58743, 2541.53, 1455.64
7.15218, 0.0210824, 20.1151
2.95982, -232.893, 580.43
6.00595, 684.919, 571.404
3.81226, 507.215, 208.917
4.14117, 148.998, 48.0425
7.45519, -488.604, -569.795
7.41275, 25.4402, -185.058
5.75759, 404.549, 454.721
6.92354, 191.874, -162.179
6.33247, 13.2706, -81.4854
3.87453, -980.17, 50.0012
4.93259, -96.4287, -176.327
2.80282, -2175.48, 312.516
5.08146, 155.214, 109.88
4.96988, -1653.78, 528.373
7.23882, -156.193, -303.16
4.42071, -49.4225, -103.997
5.14874, -1309.74, 477.223
2.75042, -296.826, 1642.89
6.63909, 337.963, 439.171
5.94228, -610.699, -182.543
6.18112, 200.771, 135.383
6.94286, -1343.26, -1389.64
4.25508, -36.8862, 83.0548
6.72991, 89.7133, 127.752
3.84659, 18.7914, 289.26
4.83959, 745.27, -49.7818
3.2686, 31.4935, -213.682
2.66527, -244.974, -50.934
7.2768, -903.079, -793.646
6.95369, 440.538, 376.709
3.29884, -947.238, 13.8803
3.15214, -708.445, -285.369
2.515, 1008.39, -152.236
6.0491, -127.057, -60.6778
3.40448, 950.993, -92.8705
5.76029, -49.5632, 19.3545
4.42907, -25.0976, -160.077
3.23766, 593.652, 863.618
5.45054, 220.534, 557.724
3.24076, 1135.72, -542.929
3.2091, -1021.16, -834.856
4.94257, -322.29, -346.811
3.13015, -829.384, -123.092
5.64635, -655.383, 86.3445
5.60817, 297.973, -26.7266
4.88216, 1216.19, -1683.53
2.64188, 550.169, 855.832
3.21011, 1508.02, -361.377
3.15594, 336.512, 359.596
3.31099, 764.823, -1115.09
3.76529, 355.604, -169.246
4.77654, -1840.49, 979.842
6.54472, -117.777, 13.3388
3.57624, 219.54, 92.9371
3.75063, 230.584, 683.987
5.02978, 411.783, 512.508
6.27922, 43.3484, -216.559
5.66369, -562.41, -1318.33
5.9449, -1169.12, -733.036
7.27207, -753.744, -298.341
5.18713, 1623.88, -845.789
4.57014, 143.792, 713.518
4.70019, 397.101, 480.342
6.07821, -915.33, -1073.95
6.20858, -865.178, -1021.21
5.12494, -1278.43, 1165.59
6.06711, 40.4689, -62.4143
5.91025, -67.2382, -19.9183
6.82941, 948.365, -749.251
3.19597, 799.118, 560.466
3.57766, 206.5, -10.1329
5.0733, 10.6437, -244.13
4.83766, 413.162, 470.322
3.55759, 994.349, -1259.55
5.65244, 712.201, -389.46
2.5044, 965.06, -1326.31
4.09589, -130.721, -1615.47
5.90281, 27.8438, 141.639
6.0446, -68.4241, 62.6468
2.90869, 167.533, 509.65
3.56926, 171.525, 31.9849
4.44412, 31.6929, -143.902
4.44927, -1601.18, -620.197
3.92018, 132.715, 40.4524
4.6123, 137.459, 66.6693
2.55658, 646.079, -1.8243
3.72027, -1678.91, 874.251
4.49072, -460.801, -1452.03
6.64177, 8.41124, 240.436
3.78584, -561.466, 547.502
3.59705, -730.898, -391.487
6.47385, 400.28, 346.681
5.8476, -601.747, -208.295
5.49108, -247.696, -353.417
5.99917, 1208.09, 596.261
5.13062, 31.0526, 149.909
4.14833, 109.684, 43.6429
3.30844, 1545.12, 239.123
6.56633, -30.4807, -75.2762
4.08004, 728.746, 373.762
4.05369, 210.526, -194.017
4.65424, -31.7683, 45.7088
4.46509, 504.974, -1.30369
4.43916, 362.296, -356.81
4.34871, 108.493, -121.522
5.88118, -431.353, -559.005
6.10384, 732.791, -62.0414
7.20082, -1072.83, 117.22
5.08573, 125.288, 34.2469
5.5282, 684.467, 571.155
5.85049, 765.362, -1118.17
5.11404, -316.604, -39.4251
3.87105, 10.7063, 250.871
7.08924, 384.596, 394.362
3.73367, -16.8104, -96.0291
4.77876, -368.459, 563.621
3.30374, -110.879, -135.209
4.68319, -88.3438, -272.154
7.45767, 289.635, -340.755
6.26931, 1115.18, -1335.49
4.97846, 134.459, 3.30159
7.01651, -35.2544, 64.2677
4.68213, 337.722, 100.365
5.09239, 985.586, -740.893
4.44866, -874.34, -1108.58
5.63431, 127.755, 64.1006
5.19331, 139.565, 34.4612
4.35955, 306.348, -351.941
2.54674, 196.654, 89.2592
6.3794, -98.3436, -74.429
2.85317, -152.719, -166.897
3.98511, 141.933, -27.9275
4.78581, 124.476, 7.71669
3.25156, 231.353, 97.5419
5.97819, 284.307, 493.584
4.15587, 420.509, -54.9687
5.21197, -1085.25, 1842.2
2.64678, -1341.35, -411.891
5.38086, -184.529, -626.095
5.18133, 216.818, -63.1856
7.36678, -657.422, 541.995
5.57063, -104.305, -10.9589
5.26431, 948.984, -1352.5
6.69051, 109.915, 495.266
3.75764, 96.5191, 615.253
6.98957, -81.3134, -38.7418
5.97428, 453.281, -195.289
5.82752, 216.798, 1127.28
3.06838, 130.223, 356.625
3.37987, 258.453, -332.317
2.91253, -105.196, 447.698
6.68103, -224.053, 698.817
2.64818, -410.551, 588.483
6.34719, 46.5467, 5.85085
4.29829, 224.179, -1364.48
6.24626, 893.05, -246.093
6.28385, -63.5778, 69.0485
3.60834, 1189.92, -122.062
5.58305, 55.2846, -45.2037
3.66846, -81.2745, -157.701
6.22052, 119.859, -1307.32
5.80997, 257.847, 439.542
4.9209, -1000.81, 1902.74
2.58972, -576.065, 118.977
4.98291, 64.5458, 472.13
5.09587, -18.8086, 115.848
4.71395, 671.785, 1230.14
4.14528, -1077.79, 196.031
3.52671, 164.916, -382.183
7.19863, -259.444, 883.312
2.85168, 912.285, 968.445
3.30042, -211.095, -401.084
6.70788, 5.79538, 192.661
4.13614, 242.953, 325.282
6.85942, 442.438, 555.203
5.99896, -273.922, -227.803
5.52801, -249.292, 110.909
4.77536, 396.025, 668.325
2.91543, 1079.15, 118.695
3.94883, -1171.27, -802.165
6.51009, -356.903, -112.759
6.81821, 522.26, 659.846
3.81831, -1685.27, 157.944
4.79881, 155.878, 8.80127
4.95672, -1.90996, -3.66896
5.82344, 667.086, -1023.61
7.31738, 100.821, -95.3904
7.23022, -66.0115, 10.1861
2.81902, 375.614, -624.317
5.04829, 155.946, -39.2787
6.13222, 77.6975, 26.2141
5.65882, 80.3553, -19.0027
3.26658, 118.015, -371.468
5.09652, 673.12, 1231.22
3.52281, 1943.53, -687.497
6.03231, 93.2507, -60.4606
6.05786, -255.304, 2048.15
3.66304, 169.349, 272.211
6.80594, -132.764, 68.0831
2.67122, -568.433, -574.644
6.26587, 42.8807, 468.447
4.14789, 307.598, 160.601
4.65309, 1702.17, -235.914
7.33455, 163.901, 304.129
4.05803, -874.899, -805.992
5.69762, -2017.05, 138.111
5.95386, -46.635, 52.8582
5.36403, -40.5587, 161.354
6.60667, -1071.14, 1826.04
4.21807, -1276.93, 704.922
5.09387, -218.45, 2.06534
6.78438, 808.571, -29.2821
6.18587, 749.823, 603.974
3.45992, 63.6884, 114.213
2.83145, -36.8598, -13.221
3.60828, -1507.93, 990.372
3.33656, -76.6729, -78.976
6.31172, -73.0616, -22.0006
5.44905, 464.206, -1104.91
4.65223, -2127.63, -289.316
7.09618, 1005.75, -323.084
5.09668, -22.6745, 257.039
7.38058, -450.956, 238.978
5.15714, 243.729, 323.935
2.98716, -398.277, 1074.04
5.83983, 345.567, 450.353
5.44444, -412.739, 1138.56
5.01137, -3.06376, -72.0587
2.75808, 902.058, 129.49
2.6753, 768.667, -442.804
4.41484, -34.0842, 45.8733
5.55555, -908.265, -1281.5
5.06574, -2104.62, -300.662
5.98498, 135.347, 134.604
4.89891, 118.612, -322.961
3.88323, -1996.21, -11.0166
6.01685, -55.6574, 1350.13
3.67701, 154.293, 24.7885
6.41501, 72.1064, -108.922
6.60589, 926.548, -360.267
3.21842, 1081.14, 1225.68
5.75757, 646.152, -568.819
3.87677, 85.4817, 269.491
7.26215, 620.445, -653.625
4.58238, 38.9875, 19.2263
3.03869, -53.4835, 50.5875
4.70633, -162.324, -53.1086
6.28811, -67.3433, 80.534
2.77803, 681.88, 564.587
3.51241, -36.9035, -107.339
6.82305, 2.90908, -17.5629
6.52456, 233.832, 57.9226
2.78861, 330.121, 1074.11
4.40304, -35.7992, -48.7477
4.56124, 220.465, 93.6251
2.80071, -498.104, -126.335
7.09746, -743.567, -700.144
3.35398, 247.364, 32.9079
6.51634, -28.0632, 19.2943
3.88599, 290.187, 321.871
4.44586, 324.558, -148.936
7.19936, -1020.2, -52.5062
6.24573, 20.6379, 1311.19
3.44774, 1028.14, -1352.99
6.89581, 15.1661, 7.55511
6.8953, 149.445, 55.1112
3.30515, 139.568, -285.915
5.87346, -111.236, -16.5101
6.89096, -107.558, -134.886
6.98262, -512.674, 1399.27
3.06535, 99.1516, 55.834
5.93789, 352.711, 578.868
3.21651, -145.61, -275.621
3.6901, 608.663, -239.166
5.64383, 1000.14, -770.549
4.312, 429.137, 336.735
4.64437, -861.211, -812.999
4.91936, 712.663, -714.617
6.20379, -192.674, -500.793
3.23098, 662.3, -445.053
7.36238, -262.481, -92.6795
7.3158, 139.24, -0.395796
3.14741, 852.372, -693.164
5.3784, -389.126, -306.049
4.66439, -281.383, -181.345
5.50066, 38.5618, -115.867
5.85098, -205.891, 111.405
4.5137, -1335.52, -453.235
6.46691, -945.304, -743.206
4.89889, -1200.75, 908.095
5.72449, -691.496, 439.638
4.28836, 1837.78, -374.958
5.96794, -108.076, 554.074
5.83428, 165.177, 214.172
3.22071, 730.039, -408.867
7.10415, -20.7774, -92.4213
4.22228, 630.225, 1533.81
6.66824, -13.0635, -106.5
2.74349, 588.533, -84.582
3.27936, 504.905, -509.918
2.55765, 623.818, -236.086
3.94327, -44.729, -12.2538
5.07295, 70.7546, -160.455
3.65948, 233.35, -1498.7
2.75022, 81.5637, -183.638
5.33091, 22.7176, -129.04
6.69774, 219.351, 181.736
4.28763, 481.6, 588.183
4.3452, 408.703, 397.548
7.22226, 504.08, 209.832
4.72425, -889.974, 419.345
6.82086, -14.3617, 114.306
5.82654, 313.568, -484.246
5.79297, -617.253, -169.772
7.10736, 1171.72, -853.187
5.11536, -1266.5, 1166.87
5.45229, -557.961, -407.63
5.79944, -247.178, -1275.59
4.24765, -963.739, 487.453
4.11714, 554.687, -175.924
7.08984, 394.399, 336.789
3.08619, -1565.64, 589.711
7.31268, -41.4888, -192.072
5.17978, 76.6903, 34.8221
5.81447, -466.06, -140.371
5.48362, -1699.24, 729.89
6.93363, -420.441, -8.13158
6.67999, -9.62702, -161.546
6.69339, 358.328, 480.068
6.85642, 194.819, -173.218
2.5002, 255.164, 1023.85
4.77274, 101.904, 377.35
4.25696, 1156.08, -102.44
5.80713, 1531.75, -1383
6.22234, -24.5869, 1.66058
3.3821, -479.27, -1578.16
7.4621, -675.515, 925.739
5.95466, 346.719, -258.204
6.97862, 225.781, 70.2877
3.51579, -517.911, -274.143
7.2356, -4.52962, 722.034
4.88476, -1642.13, 782.931
6.78578, -1509.5, 987.879
6.41237, -172.605, -528.67
5.70687, -1283.29, 1149.22
3.14521, -266.706, 689.701
5.77944, 202.973, -520.999
3.09199, -68.0813, 27.3067
3.88793, 1253.52, 129.564
6.65548, 299.944, 1269.07
6.14153, 1388.2, 1766.51
6.74348, 1494.81, -1113.94
3.43989, -240.813, -725.424
6.09602, -87.1307, -263.08
4.25586, -279.862, 631.363
3.34555, 523.939, 807.865
4.52383, -1502.39, 243.644
4.20924, 245.028, 13.869
6.67141, -43.2219, 15.2993
3.9111, -1139.21, -1846.05
5.16766, 969.578, 698.945
6.25085, -220.518, 210.943
4.62554, -38.0347, -119.452
4.66964, 1116.44, -77.7973
3.03022, -1461.5, -619.867
6.4639, -350.466, -420.24
3.91232, 1.90679, 22.6724
7.14264, 1398.15, 1721.3
5.37926, 383.445, 401.966
3.4895, 262.587, -626.427
5.99081, 213.098, 210.085
3.07265, -454.716, -580.338
4.22945, 546.153, 708.856
4.15646, 31.8498, -487.573
6.42735, -1621.88, 771.633
6.65775, 333.594, 345.664
4.21712, 928.316, -493.908
4.2603, 362.738, 248.705
6.38197, 50.5898, -94.0474
6.58658, -470.454, -220.977
4.26157, -40.9106, 181.138
7.09559, 52.4697, -45.607
3.2877, 707.881, 607.821
5.56029, 639.406, -580.991
5.54222, -110.661, -1.15792
3.16647, 1030.91, 1288.27
3.51409, 1222.89, 1776.33
4.79457, -291.723, 76.4729
3.48759, -623.435, 565.247
6.77118, -57.7141, 102.996
6.54562, -541.48, -420.384
2.80131, 816.983, -930.664
6.50584, 619.135, -1713.56
5.49597, 32.5144, 132.945
7.43182, -32.5862, -48.6761
2.65919, -864.631, 92.8375
6.8356, -1124.25, 1384.29
3.69109, 101.25, 596.902
3.6127, 4.91474, -584.775
4.73907, 2101.98, 974.65
2.61231, 505.953, -205.373
6.79755, -21.6355, -86.1092
4.15902, 397.657, -1907.92
5.72195, -460.932, -214.535
7.43521, 492.975, -98.4352
5.30162, 351.41, -304.131
4.74553, -81.5793, -69.7914
5.213, -127.492, -7.59989
2.90797, 365.307, 6.07981
3.99606, 1092.25, 1050.04
6.63964, -1491.67, -339.246
6.48936, -1252.43, 381.013
5.71048, -67.6689, -67.4482
4.84105, 71.7985, -9.85263
7.15326, 413.915, 1151.58
5.08798, -524.838, -194.557
7.42924, -1537.15, 977.393
5.94567, -37.8324, 309.556
6.19966, 8.99578, -86.6999
3.46323, 912.822, 597.03
6.08881, 1215.78, -879.853
6.11146, 391.326, 633.656
6.49298, -74.3008, 143.61
4.23216, -1648.22, 221.28
5.1481, 246.251, 512.644
3.19001, 414.089, -747.333
6.73218, 29.9067, -30.8921
6.32766, 46.1547, 44.9293
7.5, -1692.69, 733.277
4.24891, -2257.62, -867.101
5.50367, 1020.5, -6.92034
3.50808, -58.8783, 1500.25
6.2385, -1287.13, 209.971
6.49225, 231.692, 469.216
3.03505, -190.97, 388.947
5.35813, -32.6608, -127.33
2.84683, -1906.34, 681.039
4.16036, -34.1707, -32.971
5.80945, 14.2386, 124.232
5.27726, 302.867, 1450.91
7.12415, -64.3165, 8.63355
2.69832, 236.438, 922.496
2.62083, 823.788, 831.332
4.61923, 176.136, 145.947
4.36987, 217.803, 258.547
2.93303, 1113.91, 932.602
3.05403, -43.5909, -3.5494
5.31992, -1487.92, 140.1
7.37269, -61.7277, -54.6759
3.05066, 24.6286, -1528.59
5.99352, -1174.26, -1358.01
2.79674, 341.174, 1025.12
4.69755, -88.7889, -102.384
5.24651, -618.861, -518.442
3.45129, -23.3462, 43.2009
7.36597, 130.885, 21.4775
3.19593, 101.735, -445.507
5.48978, -1221.33, 300.275
7.12812, 231.191, -845.986
3.91116, 238.154, 387.986
6.8307, 184.191, 70.801
6.29598, 675.945, -784.492
6.10793, 178.006, -126.176
3.34241, 341, 575.141
3.32882, -206.189, -941.26
3.39076, -3.53817, -32.936
5.87226, 49.5602, 62.8203
4.83484, -185.999, 103.99
6.85219, -43.5212, -109.325
5.76023, -217.966, -315.076
5.80464, -467.522, -148.183
2.58037, -12.8869, 94.8751
4.30596, 1869.41, 1164.96
3.72747, 57.5224, -57.3331
6.93086, 715.254, 820.643
5.23701, -2312.28, 24.7454
6.57209, -85.9131, -93.9656
5.24453, -583.373, -573.431
4.16156, 201.259, 111.168
4.40213, -731.976, -1230.75
2.52389, -591.423, -29.3275
6.95226, 227.193, 69.1915
6.16955, 421.98, -64.2314
6.04239, 416.584, 258.387
5.1278, 954.226, -946.797
6.41065, -112.785, 99.5275
3.42484, -9.57984, -180.072
5.72673, 11.2013, -91.5651
3.42178, -84.7709, -221.008
3.31214, -981.465, 313.516
2.65594, 900.366, 246.495
7.42716, 65.6851, 70.9201
4.04559, -21.7061, 37.8244
4.11075, -14.5712, -14.858
5.51155, -95.0983, 26.6885
2.89107, 1652.66, -53.079
3.93936, 50.139, 116.718
5.79307, 706.968, -651.763
7.36348, 156.579, 10.8348
7.27758, 1299.48, 443.943
7.42745, -379.152, -43.0963
7.30478, -212.531, -16.753
3.0073, -80.1473, 25.6576
3.71505, -145.219, -101.726
6.91151, 190.746, -15.7419
5.28805, 351.986, 453.229
6.7669, 61.31, 42.3655
7.49145, 822.375, -326.461
3.99751, -1379.26, 946.483
6.33157, -2516.85, -915.117
4.81901, -742.841, 73.9604
6.8168, 136.791, 13.2836
6.99018, 97.8816, -66.0424
7.377, 107.836, 174.49
2.77405, -134.845, -83.9682
6.32605, 47.7054, 124.104
5.09219, 873.357, -1110.29
3.46574, 1.51553, 567.663
6.98252, 267.156, -26.786
6.38492, -347.834, 319.15
2.75968, 249.064, -146.017
7.47331, 748.624, -1103.14
5.93659, 135.154, 201.533
5.94854, -472.804, -144.683
6.57666, 1180.89, -589.85
7.05426, 3.00762, -124.613
3.34218, 683.291, 1784.4
5.24183, 1206.44, -791.4
6.53351, -19.5039, -127.171
4.17803, 240.716, 406.836
5.53435, 117.452, -625.848
6.59602, 525.398, -1066.62
7.3485, -168.334, -44.5632
6.29349, -43.9727, -118.272
3.72113, 91.384, -423.768
5.80589, -107.216, -20.5656
4.21574, 659.251, 229.101
7.27146, 125.159, 125.762
2.60828, 716.839, -1323.38
4.54979, 717.97, -400.353
2.55789, -628.186, 1286.89
3.04964, 4.18924, -86.9333
5.28259, 622.136, -896.642
4.45466, 172.152, 3.40346
7.20539, -65.9485, 0.673476
2.55572, -563.092, 181.554
6.22897, 76.2948, 566.733
3.84293, 258.965, 62.9756
4.27153, -39.1544, 55.2088
3.45835, 1813.41, -1933.98
5.14832, -45.4932, 35.5708
4.39478, -346.29, -1657.02
3.16407, 46.6077, -170.687
4.26563, -40.4751, 32.6997
4.2497, -1791.18, 836.535
7.41084, -1151.58, -759.042
5.25961, 305.556, 360.906
4.99918, -1129.12, -306.361
3.58531, 682.85, -1053.71
4.37311, 390.319, -186.741
6.78251, 846.817, 673.715
6.45578, -926.638, 1683.99
3.9204, 1159.57, -1236.36
5.07645, 595.115, -573.754
6.79238, -39.403, 11.7144
7.07844, 420.05, -349.022
7.48941, -864.346, -817.536
6.53177, -609.074, -477.628
5.22718, -73.9208, -264.656
7.3461, 257.566, -483.349
5.31931, -283.068, 171.493
4.03031, 681.934, -645.675
5.41853, 558.484, -148.654
2.91197, 62.4225, -167.561
5.47382, 284.757, -146.484
3.31968, 899.298, 1417.8
6.46527, 132.767, 368.358
2.95373, -644.73, 530.894
6.3072, 154.191, -38.311
6.83996, -23.4742, 119.003
6.40105, -141.218, 61.3307
6.61399, -1057.32, -420.488
6.70974, -171.89, -45.6601
4.48328, 749.863, 428.503
6.508, -90.2385, 25.8154
6.56811, 100.18, -37.8779
5.43493, 582.04, 1000.86
4.64621, -35.9794, 9.01421
2.5002, 467.112, -638.786
5.31153, -28.8236, -204.522
6.22632, 409.852, 343.143
3.89846, 1304.95, 660.535
2.93406, -178.436, -1764.52
3.5733, -542.801, -137.702
3.93296, 137.859, 56.4432
4.86595, 590.102, -181.766
6.95893, -907.173, -746.64
5.91955, 130.278, -125.201
3.54376, -46.9827, 105.239
6.67533, 46.6103, 27.2025
7.09218, -555.819, -278.187
4.48244, 660.927, 68.2869
6.37858, 460.185, 506.979
5.68161, 39.6976, 0.562445
6.64746, 214.603, -12.5647
3.40204, -247.464, -489.909
7.45927, -121.136, -2.16689
6.70558, 427.12, -564.527
4.65177, -412.235, 396.228
4.38589, -539.901, 219.185
2.70802, -97.2577, -168.992
6.80715, -170.442, -180.188
6.62116, -1397.39, 1028.1
6.25052, 350.69, 785.152
3.55801, 288.113, -19.0435
4.31029, 2.59831, -188.398
4.43545, 175.894, 233.491
7.32918, -1332.02, -899.288
6.5872, 211.836, 138.261
4.5755, -703.364, 58.1253
5.83759, 120.812, 95.8139
2.52101, -1517.83, 1196.66
6.98048, -96.114, 0.223501
3.68416, 705.025, 477.726
3.79415, 18.4941, 70.8142
5.4939, 371.165, -53.788
6.89823, -895.636, 125.326
6.16299, 648.086, 129.801
6.0773, -786.733, -299.68
3.57724, 2055.38, -116.057
6.30413, -1582.89, 1121.01
3.85351, 25.1643, 135.727
2.75246, 89.4737, -4.92403
4.78866, 198.211, -57.9106
2.58759, 439.234, -22.5532
3.01129, 1713.22, -1225.65
2.639, -495.376, 189.026
5.65921, 3.32254, 23.9262
6.34425, 63.4978, -67.8487
2.74132, -731.605, -457.88
6.6924, 0.249762, -29.1548
6.76899, -85.7886, -102.398
6.57649, 683.701, -549.92
6.85188, -100.226, -1425.83
5.27222, 42.6971, -63.6819
6.12646, 37.0555, 965.586
3.20424, -1705.1, 1042.04
6.6115, 78.5181, 95.6123
5.51185, -910.944, -1279.06
4.93856, 120.831, -39.3101
6.14942, 214.149, 168.49
4.05164, -1067.01, 550.356
3.93925, 247.303, -451.503
5.45857, 973.425, -1214.04
5.34055, -1306.37, 510.843
5.41059, 1396.49, 740.031
2.84132, 416.994, -790.527
4.34304, -862.172, 368.149
6.28475, 65.0968, -24.4765
6.35297, 789.047, 1180.28
4.27217, 139.605, 11.0098
5.98913, 52.739, -39.1021
5.08005, 1059.94, 588.11
5.94494, 66.6938, -61.2517
6.18066, -1083.13, -884.057
2.56231, -1084.38, -916.01
7.16549, -60.2637, -88.6055
5.37826, -547.426, -278.717
3.05587, -473.781, -264.638
4.87388, 134.253, 44.6565
3.24247, -72.368, 131.19
4.22594, -2797, -684.127
7.04476, -296.517, -309.955
4.54571, 1183.09, -602.582
5.96642, 46.6986, -81.8737
3.35865, -50.5573, -2.15121
6.21715, -1391.19, 623.481
4.16319, -71.9161, -109.579
4.62157, -94.0912, 14.0941
2.79523, 420.487, -419.213
5.09005, 267.589, 342.228
5.94425, -46.0925, -585.71
5.01149, 40.8401, 21.6264
6.56617, -27.7538, -267.629
3.07974, -31.7563, -203.424
5.24841, 480.589, 513.769
5.06046, -124.96, -182.242
6.02649, -944.284, -745.706
5.65083, 70.8403, -98.3748
4.0207, 52.4605, -38.945
6.74719, -34.7506, -37.9555
3.39619, 547.488, -1028
2.61737, 13.3848, -91.1328
4.19467, 303.419, -187.72
3.43818, -791.812, -838.962
6.60467, 212.637, -230.69
6.72507, 18.697, 1296.39
6.78031, -1161.7, 774.166
7.37454, 354.859, -133.768
2.99587, 161.151, -192.803
2.56182, -1091.35, -1011.22
2.58614, 146.119, -949.253
2.64527, 11.7954, 66.5872
4.1031, -1003.32, -989.008
6.17815, -1105.24, 586.332
3.14876, 242.127, 222.896
2.5161, 259.871, -221.846
6.91905, 117.925, -115.346
3.70482, 263.083, -543.485
4.38481, -188.61, -24.0823
4.44879, -7.48054, -171.982
2.81534, 1074.98, 448.24
7.30792, 498.644, 192.685
3.75349, 491.771, -271.196
6.85376, 36.7367, -85.6969
2.85991, 790.549, -1158.62
2.70653, 637.112, -831.072
3.46378, -31.6084, 53.7969
3.86708, -483.48, -1118.3
7.4007, 22.5251, -60.1627
3.60607, 338.15, -1680.42
6.43119, 768.706, -1118.18
4.42306, 74.0217, 43.2861
3.78593, -1175.65, 1082.48
3.91087, -241.438, 357.899
7.33834, 171.973, -276.768
4.22841, -15.4203, -255.946
3.45922, -98.2804, -72.8312
5.05037, 110.993, -51.1869
5.21857, 452.329, -1511.22
5.72333, 31.1475, 154.432
3.89738, 669.908, -555.973
3.41887, -355.465, -523.505
2.71579, 979.47, -1205.17
3.98408, 53.0071, -239.185
4.25548, 963.114, 62.843
7.09372, 569.359, -213.463
5.81225, -2.26072, 82.8018
5.08041, -914.175, -775.411
4.03763, -444.64, -44.1973
3.0007, 869.137, 846.373
3.47502, 29.251, -231.584
4.11407, 1074.4, 1325.81
5.56182, -213.627, 243.412
5.13511, -234.654, 133.46
3.45653, -415.746, 960.03
4.7178, 1925.18, 1071.58
4.48693, 2098.34, -412.029
6.28051, 129.562, -35.3984
6.6213, 182.017, 164.089
5.51573, -252.369, -686.217
3.04573, -122.002, 38.9603
4.11797, 1039.43, -129.335
5.03403, -94.0953, 26.9445
4.76521, 433.336, 737.188
4.77315, -68.2353, -54.1145
4.91125, 96.2761, -23.355
5.07896, -1704.51, 321.403
4.50207, -757.57, -1020.48
4.22945, -456.668, -115.242
6.64533, 164.157, -245.647
3.02204, 1196.2, -92.4309
6.40057, 251.687, 124.451
3.19919, 24.2061, 185.051
2.62171, 1225.31, 1517.33
6.0664, 37.4338, -160.238
7.15538, 77.1019, 80.9828
7.47667, -170.285, -108.023
3.86264, 36.2375, -93.5734
3.6923, -697.286, 584.026
3.87328, -122.825, -1031.73
5.70836, 190.313, 258.521
5.17637, -138.21, -122.177
6.8967, -1064.42, 1655.26
6.75968, 56.9499, 184.247
2.98004, -185.089, 551.54
4.66818, -262.894, -15.9439
3.17045, -16.4732, -74.4625
5.86802, -63.2375, 43.1708
5.34964, -325.749, -171.045
3.66474, 161.511, -902.753
5.50306, -138.048, -33.5718
2.6551, -13.0088, -452.19
7.08512, -181.95, 21.8288
3.82958, 684.54, 265.695
6.50016, -65.9123, -39.9738
5.46389, 119.775, 6.69026
5.0822, -109.71, 1.94205
5.2567, -45.6537, -33.732
3.47225, 73.1499, -344.806
5.36152, -931.373, -449.9
3.81992, -285.375, 1745.1
4.41648, 751.115, -1755.15
2.73626, -226.797, -188.749
4.22823, 72.6949, -105.333
3.61594, -1174.98, 2365.13
3.81264, -1.67633, -94.8267
3.05141, 6.77265, 107.364
7.40088, 129.994, -322.312
5.93794, -783.665, -294.359
5.82158, 21.762, 14.7672
5.99501, 52.2122, -189.425
2.68746, -122.854, 82.1734
3.6706, 2.86261, 1.14199
3.95397, -1608.71, -2438.81
3.50543, 97.0459, -132.456
2.7177, -961.988, 1154.48
2.56571, 661.955, -563.952
6.07297, 1950.43, -684.467
6.88348, -162.091, -168.966
5.35088, 616.896, -1215.26
6.92743, -823.899, -846.19
5.20042, 164.221, -210.219
3.31357, -855.468, 508.337
3.30492, -864.87, -981.198
7.19182, -135.428, 18.3603
3.45628, 110.345, -428.338
3.15761, -1118.83, 260.218
4.41122, 276.517, -439.81
6.12674, -417.197, 1160.17
2.50651, -2104.71, -301.402
4.60222, 1457.75, -918.984
5.18984, 674.944, 133.611
4.86596, -61.2906, 469.959
6.33003, 472.268, 40.4081
2.9396, 715.883, 45.1997
7.04284, 229.311, 390.065
3.20818, 433.601, 131.593
2.54782, -110.132, 25.7384
2.82267, -18.2788, -145.427
4.96742, 393.748, 347.546
5.40914, -26.2625, 128.306
4.03373, 1162.01, -2149.52
4.57091, -49.0253, 265.272
4.33401, -199.128, -310.355
3.42687, 51.1104, -1327.9
2.76788, -728.606, -1030.95
4.47222, -60.599, -57.4656
3.98388, 597.042, 566.312
5.05388, 151.7, 177.574
3.75392, 757.513, -1398.93
5.01589, 244.765, -389.757
2.51168, 874.997, -95.5891
7.01807, -1698.07, 721.92
2.79181, 1305.33, 1184.27
5.17506, 30.5811, 1119.14
3.95754, 1227.78, -544.629
7.3023, 88.7134, -204.786
4.73406, -1317.08, -703.774
5.08479, -98.0631, 17.7049
5.93861, -354.071, -539.958
2.72187, 24.6075, 66.1959
7.2946, 1325.93, -1066.43
5.70852, 96.8703, 320.185
2.80215, 135.335, -110.883
3.33964, -52.3101, 89.8319
5.76491, 186.432, 132.101
6.19864, 250.72, 1029.16
3.57011, 360.747, -404.166
4.31441, 23.5592, -861.461
6.56981, 716.283, -388.719
5.32057, -77.3463, -23.7098
7.45886, -3.98919, 49.7578
6.5669, -206.191, 66.9302
3.49157, 1016.85, -1478.56
2.50003, 36.7896, -62.5149
4.62608, -1129.29, 1374.78
4.07406, 931.652, 420.798
5.56218, -1365.78, 196.178
3.83351, 39.1298, -5.01698
4.39881, -260.413, -382.168
5.43397, -245.038, -615.48
5.95636, -122.388, 372.767
7.26736, 8.49088, -50.3442
4.89785, 149.642, -457.222
3.60319, -644.479, 407.792
5.33741, -291.956, -110.641
6.09873, -57.3255, 60.809
4.4953, 1133.03, -287.413
3.48326, 804.863, -438.267
6.66971, -32.1124, 187.953
5.59561, 679.722, -252.659
7.26866, 87.3385, 142.382
3.23222, 659.226, 631.044
5.38953, -26.8684, -96.3277
7.26796, -62.7135, -216.719
3.62331, -1624.3, 880.102
7.25137, -24.3432, -18.4805
3.07874, 729.272, -251.205
2.58372, 59.0603, -141.009
3.90465, 26.6964, -463.747
7.15042, -131.579, 162.907
3.04796, -968.04, -336.017
6.77266, 243.499, 170.095
5.68532, -136.859, -217.442
5.63853, -0.577215, -145.162
3.80589, -250.71, 710.954
5.13936, 624.285, -582.788
7.16608, 51.7042, 151.464
3.98055, 267.792, -206.953
4.78006, -205.342, -145.725
6.35659, -134.779, 1427.07
4.17193, -611.924, -1666.86
6.31775, 19.3719, -123.517
6.65892, -955.917, 655.364
2.64618, 1036.76, -778.364
4.31315, 266.489, -365.182
4.16221, 6.60718, 550.868
3.17675, -100.435, -154.734
3.00839, 423.953, -1352.31
5.11327, 438.283, 219.536
3.52046, -69.3672, 177.33
5.00728, -161.55, -358.979
5.1371, -1514.86, 758.3
4.13422, -61.7151, 2.37057
4.75888, 115.022, -238.365
6.85263, -164.059, -19.0697
4.72884, -9.2477, -8.40732
6.03726, 12.9504, -327.608
6.83171, -967.086, 260.221
6.5822, -120.517, 63.211
2.67504, -1074.1, -482.278
3.8644, -87.2513, 1092.99
5.21858, 332.162, -63.2134
3.19942, -307.173, 67.2073
5.57408, -109.538, -64.6908
3.29182, 171.148, -597.799
4.41129, 494.71, -142.562
5.94997, 157.281, 187.249
3.21128, 1509.48, -110.47
5.65284, -159.57, 32.8373
3.15973, -956.97, -997.163
7.13583, -5.79918, -73.0622
5.53465, 1535.18, -2374.34
5.50388, 678.613, -500.431
3.33635, -104.739, -56.5523
3.301, 249.513, 299.51
5.91628, -18.2841, -79.6645
5.1456, 100.193, -287.553
3.65264, -966.137, 275.794
6.55373, -65.418, -179.548
5.76477, 25.7078, -55.2675
4.08597, -270.903, 221.828
2.53953, -97.6183, 2.49136
3.49176, -111.261, -943.599
3.78831, -313.511, 606.993
3.03825, 468.531, -226.394
3.49545, -700.445, 96.6836
6.75079, -1705.66, 923.635
6.63912, -31.4936, -102.975
6.76813, 63.4983, 187.583
5.71027, -215.597, -38.1947
3.6787, -1064.99, 1069.8
6.80638, -130.832, -97.6333
5.4745, -198.817, 689.837
2.52745, -911.935, -934.848
6.84925, 256.183, 443.952
7.37729, 401.014, 342.829
5.59653, -938.644, -740.71
3.85574, 256.109, -220.59
7.46973, -23.7123, 37.2558
4.60751, -622.708, 378.992
4.20537, 359.438, 518.208
4.80717, 75.7316, -203.626
4.44822, -432.961, -1242.21
4.613, -1667.61, -392.377
2.84879, -91.1987, -5.04632
5.5153, -119.998, -38.526
7.36114, 19.3287, -87.1823
5.07406, -18.8603, -88.146
7.45461, 32.1892, -66.32
5.84906, -707.397, -1885.78
4.01716, -469.909, -51.1158
3.47371, -791.103, -300.434
4.0109, -269.587, -221.066
4.93946, 131.034, 48.941
4.72438, -369.739, -258.795
5.7844, -57.5461, 78.282
3.74227, 1869.95, 1166.27
4.72007, -791.895, -787.656
5.75894, 50.1231, -148.823
6.67472, 339.011, -200.7
6.03698, 410.541, 198.837
4.93928, 22.7636, -249.672
6.72039, 539.206, 393.733
7.00296, 4.94305, -151.366
6.33082, -237.189, 269.725
5.29453, -864.503, -311.945
2.70603, 781.369, 94.2659
5.46749, 564.036, -557.573
2.68674, 247.562, -1402.3
4.53488, -136.256, -198.583
2.84243, 91.9228, -378.44
7.38558, 113.44, 42.8748
2.5956, 1084.39, 1199.94
6.60363, -102.169, -147.685
5.2195, 1394.39, -909.983
5.72828, 35.2481, 157.667
3.62934, -161.868, 234.3
2.733, -124.125, 860.842
3.63154, -70.8784, 74.5051
4.58371, 391.417, -879.148
6.40126, -19.2233, -311.855
3.72852, 523.025, -1069.01
4.81411, -85.4626, -74.6176
6.14756, 271.131, -541.728
5.35237, 1650.44, -303.62
5.45997, -432.096, -749.794
4.98425, -87.0051, -97.8116
3.951, 14.0058, 73.6289
4.71107, -131.941, -8.7446
2.53669, -861.106, 1779.07
7.41683, -15.0021, 90.8732
2.52822, -229.661, -240.541
4.8676, 495.878, 490.772
5.86497, 1202.66, 1904.22
