6.27803, -3423.91, 2014.72
3.5948, -82.649, 1147.32
5.89648, 404.438, 101.323
5.09708, 578.685, 125.757
2.76731, 6620.04, -6777.7
2.53849, -2349.75, 2845.39
4.58743, 9289.21, 5513.1
7.15218, 262.606, -101.405
2.95982, 591.073, -409.01
6.00595, 354.721, -15.2008
3.81226, -30.8049, -80.9382
4.14117, 353.691, -96.2359
7.45519, 753.896, -785.242
7.41275, 273.188, -96.7311
5.75759, -532.831, -291.472
6.92354, 278.578, 86.7674
6.33247, 33.6958, 132.248
3.87453, -2564.04, -953.263
4.93259, -1388.01, -1130.61
2.80282, -8431.81, 2146.07
5.08146, 203.509, 46.1827
4.96988, -5884.75, 2208.84
7.23882, 287.753, 132.457
4.42071, 236.441, -112.401
5.14874, -4428.2, 1152.65
2.75042, -320.47, 5888.45
6.63909, 489.204, 102.691
5.94228, 808.292, -215.114
6.18112, 733.696, 93.7359
6.94286, -4355.82, -3776.86
4.25508, -272.805, 289.631
6.72991, 295.34, 191.802
3.84659, 883.792, -357.425
4.83959, -203.243, 610.16
3.2686, -35.6123, -100.847
2.66527, 905.365, -552.075
7.2768, -1431.73, -994.979
6.95369, 57.3092, 177.656
3.29884, -127.639, 422.025
3.15214, 1900.68, -1065.34
2.515, 3465.19, -627.384
6.0491, -45.0438, 50.0404
3.40448, 325.246, -71.349
5.76029, -1069.58, 236.323
4.42907, 72.9761, 147.712
3.23766, 1394.03, 1473.2
5.45054, 867.892, 271.02
3.24076, 3088.18, -1496.6
3.2091, -2558.44, -1471.29
4.94257, -183, -161.746
3.13015, 468.234, -476.414
5.64635, 1108.19, 237.624
5.60817, 361.873, -182.32
4.88216, 4011.83, -5531.45
2.64188, -734.836, -113.353
3.21011, 4807.33, -693.222
3.15594, 650.829, -33.99
3.31099, 1658.22, -2522.71
3.76529, -175.02, 147.927
4.77654, -5607.62, 2701.55
6.54472, -153.124, -1127.15
3.57624, 238.026, -50.987
3.75063, 320.711, 32.5263
5.02978, -1305.03, -2286.71
6.27922, 233.308, -109.087
5.66369, -1917.68, -3854.16
5.9449, -2395.02, -1797.13
7.27207, 146.675, -371.289
5.18713, 5780.89, -2929.21
4.57014, 132.194, -2570.37
4.70019, -360.808, -451.016
6.07821, -1984.12, -1851.7
6.20858, -2914.86, -2162.6
5.12494, -3766.75, 3009.29
6.06711, 228.273, 30.5362
5.91025, 428.873, 245.886
6.82941, 2260.41, -1792.75
3.19597, 451.501, 1806.02
3.57766, 299.37, 80.2895
5.0733, 1382.38, 2430.19
4.83766, 259.632, -109.167
3.55759, 4303.85, -4361.85
5.65244, -214.388, 366.517
2.5044, 3399.1, -4892.08
4.09589, -874.746, -2939.4
5.90281, 259.58, 29.5641
6.0446, 136.557, -26.6776
2.90869, 105.034, -111.868
3.56926, -179.054, -540.436
4.44412, 314.137, 7.11595
4.44927, -4328.83, -1460.96
3.92018, 108.164, 611.95
4.6123, 266.295, -30.5267
2.55658, -2515.3, -174.663
3.72027, -5995.37, 3152.59
4.49072, -2336.6, -3903.5
6.64177, 867.78, 292.798
3.78584, 667.298, -493.331
3.59705, -1201.45, 638.937
6.47385, 174.248, 82.5203
5.8476, 1535.19, -390.492
5.49108, 508.092, 903.13
5.99917, 2825.41, 1876.27
5.13062, 286.79, 361.955
4.14833, 121.89, -179.926
3.30844, 6666.13, 1164.59
6.56633, 233.74, -56.2239
4.08004, 65.2946, -694.552
4.05369, 793.885, 424.283
4.65424, 163.424, 2.83764
4.46509, 420.211, 246.134
4.43916, 160.588, -226.391
4.34871, 170.796, -238.734
5.88118, 280.873, 177.037
6.10384, 470.951, -315.946
7.20082, -2497.94, 1039.2
5.08573, 358.226, -181.527
5.5282, -529.036, -179.854
5.85049, 1658.67, -2507.03
5.11404, 52.0909, -183.739
3.87105, 205.188, 194.674
7.08924, 269.357, -61.933
3.73367, 257.422, 174.532
4.77876, 404.353, -496.752
3.30374, 213.762, 126.853
4.68319, 316.591, 36.4244
7.45767, 893.558, -373.958
6.26931, 4325.78, -4189.37
4.97846, 33.5454, -827.324
7.01651, 94.5659, 0.152832
4.68213, -149.871, 155.151
5.09239, 2263.28, -1799.08
4.44866, -1972, -3236.05
5.63431, 104.179, 107.505
5.19331, 202.191, 45.3486
4.35955, 161.116, 1126.84
2.54674, -42.5339, -862.843
6.3794, 295.82, 45.1388
2.85317, -473.474, -518.391
3.98511, 754.377, 134.051
4.78581, 88.8586, 1721.17
3.25156, 532.315, 182.1
5.97819, 85.092, -589.322
4.15587, -445.903, -517.529
5.21197, -3732.32, 6557.22
2.64678, -3583.47, -2347.73
5.38086, 410.457, -383.643
5.18133, 41.4125, -259.795
7.36678, 608.181, 318.051
5.57063, 219.319, 49.9907
5.26431, 2863.97, -4954.08
6.69051, 1160.85, -244.258
3.75764, 495.147, -1166.71
6.98957, 149.71, -52.2028
5.97428, 59.9519, -73.8764
5.82752, -517.544, 2489.71
3.06838, 620.667, -682.125
3.37987, -1761.95, -739.491
2.91253, -1880.01, 3022.1
6.68103, 535.653, 104.17
2.64818, 737.141, 4001.93
6.34719, 152.168, -78.0296
4.29829, 223.058, -3827
6.24626, -1014.76, -363.158
6.28385, 188.541, -40.5085
3.60834, 2552.42, -1452.81
5.58305, -339.447, 216.191
3.66846, 527.329, 307.965
6.22052, -35.4277, -3791.47
5.80997, -209.526, -748.363
4.9209, -3638.58, 6605.92
2.58972, 689.053, 344.59
4.98291, -55.7495, 456.4
5.09587, 182.362, -6.05829
4.71395, 691.712, 3504.79
4.14528, -2520.86, 1593.96
3.52671, 77.2837, -13.2302
7.19863, -1.47118, 1092.58
2.85168, 1159.13, 3199.71
3.30042, 382.971, -1231.69
6.70788, -41.7126, 189.518
4.13614, 15.8566, 87.1651
6.85942, -124.39, 24.3444
5.99896, 465.042, -26.9034
5.52801, 671.021, 145.766
4.77536, 685.933, -102.672
2.91543, -286.848, 822.102
3.94883, -3608.56, -898.177
6.51009, -77.7723, -49.4078
6.81821, 252.239, -1414.81
3.81831, -5007.87, 393.005
4.79881, 770.946, 461.932
4.95672, 206.258, -160.965
5.82344, 1682.7, -2538.02
7.31738, 148.282, -275.974
7.23022, 461.274, 107.669
2.81902, 1682.21, 118.858
5.04829, -658.773, -605.979
6.13222, 393.761, -361.865
5.65882, 302.234, 73.2229
3.26658, -390.72, -619.526
5.09652, 690.65, 3500.67
3.52281, 6343.92, -1997.56
6.03231, 16.371, 161.889
6.05786, -1356.02, 6766.61
3.66304, 341.73, 475.968
6.80594, 350.603, 12.1929
2.67122, 388.119, -26.9611
6.26587, 1009.03, -125.101
4.14789, 369.947, 976.681
4.65309, 5728.72, -1494.15
7.33455, 47.9976, -494.818
4.05803, -1856.05, -1759.75
5.69762, -6607.51, -82.918
5.95386, 264.782, -79.907
5.36403, -483.177, 242.677
6.60667, -3699.89, 6575.39
4.21807, -3994.99, 1532.21
5.09387, 12.775, -205.099
6.78438, 252.444, 1030.92
6.18587, 46.0271, 702.037
3.45992, 1815.82, -808.987
2.83145, 267.543, -98.623
3.60828, -4755.32, 2998.15
3.33656, 269.321, -105.939
6.31172, 223.781, -249.029
5.44905, 1762.74, -2363.58
4.65223, -6916.52, -472.98
7.09618, 1631.7, 23.8648
5.09668, -1062.92, -1576.53
7.38058, -494.426, 53.9716
5.15714, 46.5195, 15.9193
2.98716, -1172.28, 589.479
5.83983, -604.635, -566.62
5.44444, -586.997, 2960
5.01137, 310.631, 69.4551
2.75808, 418.113, 1460.73
2.6753, -158.717, 197.571
4.41484, 95.3356, 551.951
5.55555, -2929.81, -3227.66
5.06574, -6926.97, -475.042
5.98498, 426.047, 110.323
4.89891, 314.581, -31.1818
3.88323, -7110.19, 36.7543
6.01685, -319.553, 3213.59
3.67701, 205.322, 95.8612
6.41501, 226.637, 7.51601
6.60589, 409.047, 370.339
3.21842, 4427.61, 3795.35
5.75757, -362.503, -415.478
3.87677, -1479.83, -1889.27
7.26215, 3197.59, -1219.81
4.58238, 450.396, 181.902
3.03869, 30.6835, -572.855
4.70633, 375.023, -477.837
6.28811, 158.529, -414.674
2.77803, 433.49, -33.3587
3.51241, 185.285, -112.178
6.82305, 497.404, -292.662
6.52456, 151.521, 119.133
2.78861, 723.368, 2022.48
4.40304, -39.2893, 230.12
4.56124, 143.082, 92.9365
2.80071, -1536.17, -694.492
7.09746, -1188.02, -1000.53
3.35398, 340.42, -114.896
6.51634, 294.081, -400.393
3.88599, 2951.25, -781.231
4.44586, 108.704, -95.3737
7.19936, -2105.51, 1196.88
6.24573, 140.486, 3257.43
3.44774, 4811.03, -4867.36
6.89581, 238.962, -101.82
6.8953, 10.5793, 0.265874
3.30515, 220.927, -1825.24
5.87346, 178.329, 24.5678
6.89096, 66.3154, -16.5207
6.98262, -783.122, 4362.5
3.06535, 470.628, -29.8947
5.93789, -1991.54, -1496.19
3.21651, 13.0028, -476.86
3.6901, -914.492, 326.555
5.64383, 3369.67, -2311.05
4.312, 198.861, 251.865
4.64437, -2129.68, -1958.32
4.91936, 1781.63, -2118.42
6.20379, 109.813, 1882.09
3.23098, 108.503, -438.823
7.36238, 117.644, -44.1533
7.3158, 500.243, -73.698
3.14741, 2979.32, -1845.2
5.3784, 109.451, -48.7538
4.66439, 205.614, -927.528
5.50066, 445.89, -99.5044
5.85098, 349.788, 431.907
4.5137, -3526.87, -1216.24
6.46691, -1972.2, -1694.04
4.89889, -4189.81, 2039.04
5.72449, 172.541, 294.412
4.28836, 6656.77, -1037.96
5.96794, 137.875, -951.909
5.83428, 1088.45, 603.623
3.22071, 187.249, -81.1316
7.10415, 205.795, -192.383
4.22228, 1278.71, 4500.38
6.66824, 281.788, -48.336
2.74349, 212.974, -1048.43
3.27936, 1484.96, -2500.72
2.55765, 744.209, -353.173
3.94327, 411.283, -218.292
5.07295, 155.337, 486.663
3.65948, 1313.2, -4040.16
2.75022, 481.985, -375.701
5.33091, 521.304, 107.245
6.69774, 560.652, -353.268
4.28763, 709.389, -98.1351
4.3452, 214.153, -924.543
7.22226, 169.167, 7.34358
4.72425, -1380.57, -11.7187
6.82086, 215.532, -76.7474
5.82654, 157.07, -312.963
5.79297, 568.798, 267.304
7.10736, 2975.25, -2187.35
5.11536, -3763.94, 3003.89
5.45229, -67.7519, 849.132
5.79944, -223.776, -3041.91
4.24765, -1754.3, 1162.21
4.11714, 498.959, 301.757
7.08984, 234.343, 887.592
3.08619, -5563.09, 2173.38
7.31268, -443.585, 396.194
5.17978, 34.5904, 121.255
5.81447, 1887.71, 1071.57
5.48362, -5777, 2773.03
6.93363, 132.172, -1104.53
6.67999, 491.481, -73.4543
6.69339, 169.429, 8.03789
6.85642, -450.461, -424.378
2.5002, -490.679, 2501.01
4.77274, -1189.86, -3557.43
4.25696, 1659.93, 140.92
5.80713, 5850.89, -4459.82
6.22234, -300.449, 160.941
3.3821, -1115.85, -5002.29
7.4621, -1344.33, 1553.3
5.95466, 481.624, -340.271
6.97862, -534.552, 116.016
3.51579, -1367.27, -550.305
7.2356, 738.671, 574.503
4.88476, -5303.07, 2893.93
6.78578, -4756.99, 2996.59
6.41237, -183.412, 101.65
5.70687, -3626.07, 3525.46
3.14521, 176.702, -184.556
5.77944, 187.95, -621.876
3.09199, 166.621, -45.2951
3.88793, 3016.11, 850.914
6.65548, 77.8542, 2806.16
6.14153, 4468.81, 5759.29
6.74348, 4985.58, -3730.37
3.43989, -291.453, 382.248
6.09602, 165.293, -120.166
4.25586, 45.4845, -583.624
3.34555, 346.03, 17.99
4.52383, -5350.53, 606.586
4.20924, 205.794, 50.1548
6.67141, -244.786, 218.509
3.9111, -4128.86, -6694.1
5.16766, 4241.54, 2432.07
6.25085, 1266.95, -2253.9
4.62554, 534.909, 262.396
4.66964, 724.831, 183.778
3.03022, -3909.06, -2863.75
6.4639, 334.845, 314.997
3.91232, 376.201, 59.9352
7.14264, 4421.83, 6869.74
5.37926, 377.576, 41.9781
3.4895, -437.462, -406.557
5.99081, 331.205, 30.1446
3.07265, 1041.1, -142.127
4.22945, 98.7281, -1008.26
4.15646, 250.76, -152.138
6.42735, -5823.07, 2819.53
6.65775, 423.509, -115.096
4.21712, 365.051, -1.48227
4.2603, -660.936, -48.4783
6.38197, 6.12426, -95.0609
6.58658, 116.217, -61.8321
4.26157, -390.083, -571.586
7.09559, 183.661, 220.065
3.2877, 665.033, -59.5022
5.56029, -85.9981, -298.951
5.54222, 178.021, -88.2614
3.16647, 3276.67, 3330.04
3.51409, 4206.25, 5718.01
4.79457, 416.134, -26.1145
3.48759, -313.292, 1603.84
6.77118, 374.872, 260.151
6.54562, 1195.88, 1047.23
2.80131, 2808.71, -1847.35
6.50584, 1778.4, -5226.11
5.49597, 447.541, -111.973
7.43182, 257.61, -105.858
2.65919, -344.758, -136.37
6.8356, -3546.59, 4230.9
3.69109, -2155.96, -761.343
3.6127, 2246.97, 966.607
4.73907, 7328.03, 3419.05
2.61231, -351.904, -146.721
6.79755, 156.769, -114.799
4.15902, 486.512, -4330.82
5.72195, 739.133, -454.451
7.43521, -177.913, -65.1683
5.30162, 186.623, 83.0447
4.74553, 151.153, 44.1542
5.213, 144.251, -507.002
2.90797, -2615.99, 914.13
3.99606, 1611.81, 3133.06
6.63964, -3960, -727.745
6.48936, -4588.62, 1986.29
5.71048, 401.348, -267.344
4.84105, 30.1585, 366.878
7.15326, 573.586, 2031.85
5.08798, 248.207, -793.88
7.42924, -4736.28, 2931.7
5.94567, -294.978, -97.333
6.19966, 215.237, -232.149
3.46323, 1201.12, 1568.59
6.08881, 3130.72, -1786.45
6.11146, 825.666, -565.697
6.49298, 131.874, -109.198
4.23216, -5392.24, 346.684
5.1481, -2302.48, -1286.04
3.19001, 1198.17, -192.676
6.73218, 278.032, -94.1263
6.32766, -274.209, -452.528
7.5, -5778.17, 2766.27
4.24891, -8313.24, -2688.42
5.50367, -760.409, -224.569
3.50808, -510.894, 3563.55
6.2385, -3731.95, 608.184
6.49225, 1059.58, -372.368
3.03505, -909.128, -239.374
5.35813, 155.938, -22.2617
2.84683, -5375.08, 1784.54
4.16036, 452.453, 939.851
5.80945, 192.936, 232.102
5.27726, 430.135, 4104.18
7.12415, 431.429, 635.63
2.69832, 346.803, 2887.96
2.62083, 720.77, 957.56
4.61923, 90.388, -157.565
4.36987, -883.069, 443.607
2.93303, 3824.35, 3774.51
3.05403, 312.961, 152.633
5.31992, -5233.6, 163.75
7.37269, 114.743, -109.221
3.05066, 152.099, -3962.91
5.99352, -3195.32, -3528.5
2.79674, 17.5251, 372.005
4.69755, 826.948, -621.011
5.24651, 1228.99, 541.18
3.45129, 188.575, -5.52766
7.36597, 154.802, 132.457
3.19593, 234.023, -54.5795
5.48978, -3194.93, 269.885
7.12812, 249.082, 491.012
3.91116, -1635.99, 377.879
6.8307, 485.291, -320.586
6.29598, 847.576, -1273.49
6.10793, 59.1472, 152.435
3.34241, 194.853, -32.7896
3.32882, 1482.2, -2664.6
3.39076, 380.153, -38.0822
5.87226, 248.843, -113.453
4.83484, -430.18, 721.023
6.85219, 256.565, 15.7453
5.76023, -578.851, 363.225
5.80464, 1896.5, 1074.78
2.58037, 285.689, -115.22
4.30596, 6187.4, 3482.25
3.72747, 121.613, 1168.9
6.93086, 197.162, -240.434
5.23701, -7870.69, 144.731
6.57209, -482.772, -281.844
5.24453, 655.899, -77.6134
4.16156, 833.48, -338.131
4.40213, -1884.27, -3386.92
2.52389, 2191.82, 438.94
6.95226, 262.498, -6.51715
6.16955, 808.411, 244.152
6.04239, -129.692, 70.8671
5.1278, 2023.61, -2940.81
6.41065, 136.494, -12.4805
3.42484, 258.509, 237.634
5.72673, 260.103, 138.876
3.42178, -25.3341, -123.732
3.31214, -1024.33, 690.084
2.65594, 1258.24, 1474.53
7.42716, 212.565, -163.253
4.04559, 627.959, 104.832
4.11075, 63.528, -2.70746
5.51155, 191.266, -10.1986
2.89107, 6007.99, -1100.29
3.93936, -681.253, 3.80028
5.79307, -146.867, 684.312
7.36348, 77.3801, -67.2254
7.27758, 4275.05, 1718.42
7.42745, 434.971, -13.7525
7.30478, 106.64, -70.7168
3.0073, 931.251, 36.1291
3.71505, -173.581, -83.0119
6.91151, 685.799, 115.776
5.28805, 322.516, 25.3528
6.7669, 76.8948, 79.0127
7.49145, 414.965, -0.193155
3.99751, -5072.25, 2005.85
6.33157, -9149.87, -2966.63
4.81901, 927.388, -1384.04
6.8168, -291.864, -164.505
6.99018, 242.021, -222.13
7.377, 762.988, -62.8097
2.77405, 698.8, -115.963
6.32605, -280.143, -342.335
5.09219, 1604.29, -2532.96
3.46574, -584.655, 293.022
6.98252, 295.033, -92.5301
6.38492, 182.247, 127.861
2.75968, 824.158, -1762.31
7.47331, 1665.38, -2586.75
5.93659, 94.5995, -149.246
5.94854, 1860.35, 1047.75
6.57666, 3108.97, -1474.31
7.05426, -120.54, -81.0692
3.34218, 2790.44, 5375.89
5.24183, 3034.12, -2260.74
6.53351, 180.255, -1.32678
4.17803, 214.781, -88.3133
5.53435, 204.861, 552.934
6.59602, 1755.03, -2342.16
7.3485, 123.267, -34.9786
6.29349, 721.698, 547.735
3.72113, 76.9738, -1227.88
5.80589, 489.645, -154.34
4.21574, -56.0779, -42.0305
7.27146, 129.043, 204.16
2.60828, 3227.78, -3465.81
4.54979, 63.0368, -4.5855
2.55789, -4520.87, 4092.53
3.04964, 329.06, 1706.37
5.28259, 155.805, 28.5083
4.45466, 373.772, 40.9706
7.20539, 182.269, -95.3198
2.55572, -196.149, 4.49803
6.22897, 1182.82, -2785.98
3.84293, 76.0104, -301.467
4.27153, 264.16, 239.421
3.45835, 6674.85, -6805.8
5.14832, 358.384, 107.944
4.39478, -984.865, -5682.84
3.16407, 346.711, 109.759
4.26563, 219.139, -506.688
4.2497, -5355.48, 2762.72
7.41084, -2423.97, -1816.57
5.25961, 497.868, -164.821
4.99918, -2003.08, -572.926
3.58531, 1540, -2253.1
4.37311, -250.61, -861.549
6.78251, 3480.04, 3139.16
6.45578, -3273.66, 6654.21
3.9204, 3053.24, -3886.59
5.07645, -268.688, -163.352
6.79238, 524.281, 14.1694
7.07844, 177.448, -190.098
7.48941, -1980.26, -1693.49
6.53177, 111.335, -33.9322
5.22718, 256.458, -629.573
7.3461, 909.202, 220.547
5.31931, 1130.29, 452.078
4.03031, -186.26, -367.203
5.41853, 66.4953, -75.232
2.91197, 112.087, -393.041
5.47382, 255.802, 249.063
3.31968, 3017.71, 5902.98
6.46527, 635.293, 54.9654
2.95373, -359.532, 1674.37
6.3072, 85.0276, -767.361
6.83996, 250.956, -6.55699
6.40105, 134.354, -74.2412
6.61399, -1939.97, -281.22
6.70974, 206.3, 173.217
4.48328, 353.743, 652.933
6.508, 208.572, -69.6803
6.56811, 270.529, -17.0734
5.43493, 404.044, 959.681
4.64621, 216.616, 740.461
2.5002, -1293.92, 448.398
5.31153, 184.643, -165.102
6.22632, -762.628, 700.846
3.89846, 3561.43, 2150.33
2.93406, -896.055, -5072.28
3.5733, 920.012, 1124.92
3.93296, 823.686, 105.609
4.86595, 273.139, 29.323
6.95893, -1985.15, -1670.79
5.91955, -612.95, 257.007
3.54376, -172.486, -100.361
6.67533, 216.477, -6.708
7.09218, 326.94, -823.79
4.48244, 567.255, 124.202
6.37858, 1732.24, 46.1296
5.68161, 768.537, 351.014
6.64746, -329.748, -59.2036
3.40204, 1876.76, 511.096
7.45927, 144.279, -0.463783
6.70558, 184.262, -177.521
4.65177, 267.384, -720.938
4.38589, 272.196, -90.1816
2.70802, 479.833, -632.806
6.80715, -696.317, -1085.06
6.62116, -4669.24, 2793.54
6.25052, 1868.5, 1223.97
3.55801, 155.265, 236.744
4.31029, -445.583, -263.414
4.43545, -157.33, -314.929
7.32918, -3377.26, -2111.8
6.5872, 266.76, 21.7061
4.5755, 2269.43, -336.219
5.83759, -264.053, 486.118
2.52101, -4542.32, 4798.68
6.98048, 395.705, 86.4467
3.68416, -247.662, 1196.28
3.79415, 178.142, -102.051
5.4939, 1339.56, 189.114
6.89823, 569.721, -149.479
6.16299, 140.921, -24.5644
6.0773, 773.873, -314.511
3.57724, 6656.05, -297.3
6.30413, -4513.15, 3556.73
3.85351, -107.598, -381.359
2.75246, 276.449, 95.86
4.78866, -1958.3, 481.654
2.58759, -7.74063, 130.972
3.01129, 6828.2, -4332.2
2.639, 3345.19, -2020.78
5.65921, 89.883, 83.7956
6.34425, 187.675, -102.743
2.74132, 171.83, 16.7145
6.6924, 290.283, 495.76
6.76899, 131.815, -2.27507
6.57649, -220.835, 712.864
6.85188, 495.974, -4761.53
5.27222, 1063.29, -365.935
6.12646, 72.6664, 426.447
3.20424, -4905.38, 4211.1
6.6115, 155.554, -91.5398
5.51185, -2929.95, -3234.5
4.93856, 214.184, -737.176
6.14942, 540.209, 340.281
4.05164, -1809.25, 1213.37
3.93925, 144.312, -493.873
5.45857, 2293.8, -2861.88
5.34055, -3363.77, 1788.4
5.41059, 2789.45, 2295.42
2.84132, -494.384, 264.411
4.34304, -1678, -584.981
6.28475, -453.052, 86.8966
6.35297, 596.722, 3213.9
4.27217, 344.462, 358.126
5.98913, 209.303, -40.6719
5.08005, 1805.65, 1199.03
5.94494, 706.043, 329.063
6.18066, -1720.53, -1353.32
2.56231, -3008.01, -1804.06
7.16549, 125.561, -13.0065
5.37826, -196.738, -283.771
3.05587, 1026.33, 118.843
4.87388, 35.6657, -179.229
3.24247, 1873.93, -1069.2
4.22594, -9565.51, -2125.57
7.04476, 188.035, -98.7342
4.54571, 3022.65, -1487.51
5.96642, 342.105, 9.11843
3.35865, 178.316, -157.56
6.21715, -5204.76, 1806.81
4.16319, 327.5, -102.064
4.62157, 172.621, -37.9416
2.79523, 165.545, -177.079
5.09005, 174.415, 10.0983
5.94425, 421.024, -378.667
5.01149, 511.499, 204.284
6.56617, 53.7573, 108.804
3.07974, 152.24, -447.779
5.24841, 793.182, -481.841
5.06046, 750.909, -115.077
6.02649, -2009.57, -1664.21
5.65083, 225.755, -154.103
4.0207, -92.0744, -18.8947
6.74719, 225.138, 65.2478
3.39619, 1804.36, -2402.28
2.61737, 387.823, 1253.56
4.19467, 141.308, -79.4101
3.43818, -1968.53, -1664.08
6.60467, 243.428, 15.3141
6.72507, 106.79, 3280.95
6.78031, -3356.04, 1866.19
7.37454, 91.9332, 116.968
2.99587, 11.961, 477.514
2.56182, -4302.28, -3200.71
2.58614, 677.557, 710.859
2.64527, -178.31, -448.637
4.1031, -1810.49, -1784.55
6.17815, -3436.66, 2058.76
3.14876, 856.355, 95.1748
2.5161, -3265.32, -671.909
6.91905, -972.271, -723.327
3.70482, -31.6622, 149.572
4.38481, 174.257, 1360.74
4.44879, 40.3327, -124.858
2.81534, 3970.5, 1506.62
7.30792, 301.248, -55.5287
3.75349, 512.104, -133.891
6.85376, 401.866, 64.5551
2.85991, 3321.9, -4478.35
2.70653, 4357.47, -2661.3
3.46378, -606.11, 311.945
3.86708, -2248.3, -1975.68
7.4007, 128.69, -16.285
3.60607, 1318.81, -5461.27
6.43119, 1654.26, -2508.75
4.42306, -345.834, 1691.85
3.78593, -3113.5, 3606.04
3.91087, 60.3133, 38.1532
7.33834, 1287.19, 553.205
4.22841, 43.8065, -138.284
3.45922, -602.916, -797.579
5.05037, 41.7997, 69.6541
5.21857, 1213.17, -4875.89
5.72333, 1010.45, -324.155
3.89738, -1028.42, 144.706
3.41887, 147.905, -310.617
2.71579, 2341.97, -2720.11
3.98408, -148.165, 83.1004
4.25548, 810.182, -516.688
7.09372, 133.719, 93.6968
5.81225, 105.21, 549.164
5.08041, -1956.65, -1714.48
4.03763, 325.65, -85.1096
3.0007, 1942.22, 2081.65
3.47502, 78.077, 13.3888
4.11407, 3364.2, 3407.14
5.56182, 33.4788, -370.233
5.13511, 3127.82, -1522.11
3.45653, 203.467, 406.549
4.7178, 5931.72, 3488.82
4.48693, 6836.41, -1333.78
6.28051, 77.485, -387.62
6.6213, 774.506, -335.438
5.51573, -313.308, 518.916
3.04573, 63.4179, -624.618
4.11797, 2466.58, -747.325
5.03403, 226.53, -48.5249
4.76521, 547.239, -574.063
4.77315, 611.119, 338.993
4.91125, 303.478, 29.5923
5.07896, -4660.04, 808.111
4.50207, -2268.6, -965.308
4.22945, -453.017, -255.283
6.64533, -118.137, -478.826
3.02204, 2323.86, -1605.47
6.40057, 354.298, -123.661
3.19919, 925.787, -611.894
2.62171, 4138.59, 4668.49
6.0664, -7.58557, 1168.58
7.15538, 49.8968, 287.359
7.47667, 46.7445, -206.84
3.86264, 61.6818, 193.048
3.6923, -1947.63, 149.092
3.87328, -472.532, -3248.63
5.70836, -697.238, -790.548
5.17637, 41.309, -265.892
6.8967, -2986.96, 5270.07
6.75968, -186.287, 41.7945
2.98004, -98.7169, -355.001
4.66818, 184.339, -214.008
3.17045, 100.395, 144.831
5.86802, 157.113, -27.4904
5.34964, 315.907, -542.642
3.66474, 64.9768, -689.323
5.50306, 1118.67, 291.63
2.6551, 113.761, 2.88419
7.08512, 199.11, -78.1583
3.82958, 437.625, -712.18
6.50016, 203.912, -162.599
5.46389, 193.234, -247.366
5.0822, 695.494, 79.4815
5.2567, 2432.02, -1266.07
3.47225, 562.098, -162.908
5.36152, -3111.03, 24.672
3.81992, -662.159, 7253.03
4.41648, 2974.54, -6117.71
2.73626, -483.52, -285.441
4.22823, 577.774, -198.893
3.61594, -3179.45, 7699.44
3.81264, 257.96, -29.6203
3.05141, 340.285, -145.682
7.40088, 42.0876, -161.041
5.93794, 719.825, -324.29
5.82158, 365.879, 192.282
5.99501, 690.494, 176.723
2.68746, 217.487, 35.8292
3.6706, 351.65, -183.169
3.95397, -5984.77, -9003.37
3.50543, 263.736, -110.14
2.7177, -2797.01, 4214.73
2.56571, -1334.43, 82.6948
6.07297, 6349.34, -1995.23
6.88348, 722.787, 140.57
5.35088, 1908.47, -3514.95
6.92743, -3225.65, -3689.62
5.20042, -1709.21, -627.062
3.31357, -1751.12, 113.788
3.30492, -2897.57, -2147.52
7.19182, 75.308, 169.123
3.45628, 124.787, 634.46
3.15761, -3070.92, -400.089
4.41122, 657.882, -597.381
6.12674, -595.183, 2971.54
2.50651, -6923.74, -474.427
4.60222, 4914.18, -2776.95
5.18984, -734.542, -98.0786
4.86596, -1392.37, -653.947
6.33003, -231.802, -88.8975
2.9396, -926.333, -1012.8
7.04284, 67.4147, 210.564
3.20818, 140.912, -501.444
2.54782, 290.116, 478.053
2.82267, -10.9308, 720.948
4.96742, 141.568, 59.85
5.40914, 239.856, 31.3268
4.03373, 4088.21, -7134.14
4.57091, 172.852, -181.189
4.33401, 1762.23, 2013.04
3.42687, 462.812, -2426.21
2.76788, -2908.39, -2582.49
4.47222, 5.63843, 22.896
3.98388, -1458.62, -1563.87
5.05388, 238.715, -196.468
3.75392, 2440.69, -3922.24
5.01589, -1470.94, 2526.55
2.51168, 74.5878, -427.622
7.01807, -5775.53, 2745.88
2.79181, 3501.1, 3671.94
5.17506, 244.116, 3274.5
3.95754, 2853.78, -1115.3
7.3023, 107.901, 53.6313
4.73406, -3398.77, -1274.38
5.08479, 282.112, -67.0535
5.93861, 952.24, -788.362
2.72187, 220.223, -227.305
7.2946, 3927.17, -2835.02
5.70852, 263.453, 234.435
2.80215, 279.448, -150.379
3.33964, 569.16, 89.548
5.76491, 286.689, 252.528
6.19864, -522.994, 2491.17
3.57011, 341.125, -583.699
4.31441, 838.815, -1910.63
6.56981, -207.477, 360.612
5.32057, 218.801, -6.66914
7.45886, 353.28, -172.554
6.5669, 149.775, 486.009
3.49157, 3576.01, -4525.11
2.50003, 0.439792, 606.923
4.62608, -3556.45, 4228.83
4.07406, 1840.86, 1134.73
5.56218, -3732.17, 613.814
3.83351, 186.072, -195.994
4.39881, 1623.08, 382.699
5.43397, 309.255, 36.2003
5.95636, -2260.85, 101.918
7.26736, 174.775, 7.47336
4.89785, 168.322, 782.252
3.60319, 450.82, 960.558
5.33741, 884.569, 674.836
6.09873, -115.048, -42.3633
4.4953, 1809.98, 117.596
3.48326, 49.8375, 142.736
6.66971, 579.328, -133.41
5.59561, 214.591, 96.4691
7.26866, -255.91, 151.608
3.23222, -537.648, 559.835
5.38953, -388.107, -282.994
7.26796, 152.875, 70.2775
3.62331, -5835.12, 2918.73
7.25137, 197.633, 66.2971
3.07874, 912.437, -379.925
2.58372, -22.8065, -80.8886
3.90465, 140.963, -96.8851
7.15042, 333.335, -420.56
3.04796, -320.143, -256.202
6.77266, 97.4748, -76.5112
5.68532, -46.267, 134.283
5.63853, 148.65, 84.1245
3.80589, -681.478, 1343.29
5.13936, -967.412, 206.548
7.16608, 2260.63, 935.999
3.98055, -1193.11, 24.9464
4.78006, 378.663, -134.631
6.35659, -1157.64, 4866.37
4.17193, -2089.57, -3366.45
6.31775, 558.279, 325.244
6.65892, -2286.58, 2616.39
2.64618, 2510.79, -1643.05
4.31315, 1.81092, -1071.81
4.16221, 375.018, 232.341
3.17675, 2024.15, 2158.83
3.00839, 1337.61, -4132.4
5.11327, 178.964, -344.839
3.52046, 935.12, -445.143
5.00728, 65.9181, -621.301
5.1371, -5149.26, 3488.61
4.13422, 439.367, 63.4961
4.75888, 318.933, -168.885
6.85263, -569.637, 363.015
4.72884, 517.986, 16.1612
6.03726, 358.216, 49.7177
6.83171, -1816.53, 353.084
6.5822, 491.184, -712.283
2.67504, -3987.69, -1551.32
3.8644, -924.22, 2106.23
5.21858, -1524.73, 1017.03
3.19942, 4675.25, -724.53
5.57408, 164.8, 28.9246
3.29182, 816.45, -487.966
4.41129, 651.497, 481.356
5.94997, -759.634, -305.061
3.21128, 4027.8, 19.9999
5.65284, 433.543, 13.8639
3.15973, -3428.7, -1612.14
7.13583, 251.915, 16.784
5.53465, 5659.14, -8634.1
5.50388, 680.033, 804.093
3.33635, 1211.83, -218.258
3.301, -1686.29, 2220.04
5.91628, 267.736, -290.192
5.1456, -279.406, 712.006
3.65264, -2024.69, 1116.41
6.55373, 280.856, -75.6282
5.76477, 436.588, 136.582
4.08597, -138.185, 735.322
2.53953, 289.679, -384.713
3.49176, 624.267, -68.388
3.78831, 160.027, 252.131
3.03825, 350.671, -1362.09
3.49545, -46.9134, -714.96
6.75079, -6024.42, 3180.27
6.63912, 194.495, 643.914
6.76813, 480.835, 6.81958
5.71027, 124.144, -64.4288
3.6787, -2998.7, 3106.61
6.80638, 268.624, 58.1357
5.4745, 234.781, 171.168
2.52745, -1801.89, -1313.39
6.84925, -211.666, -747.021
7.37729, 182.54, 54.8434
5.59653, -1989.9, -1669.32
3.85574, -256.172, -544.211
7.46973, 220.871, 20.4183
4.60751, -827.473, -732.48
4.20537, 652.644, 9.38822
4.80717, 309.657, -2.41638
4.44822, -1093.63, -3024.73
4.613, -4957.05, -923.108
2.84879, 67.3874, 676.969
5.5153, -90.261, 2.02218
7.36114, 190.321, -106.925
5.07406, 8.46293, 121.173
7.45461, 273.766, 144.393
5.84906, -2745.83, -6371.44
4.01716, 488.191, 405.059
3.47371, 772.543, -315.379
4.0109, -1332.23, -22.4881
4.93946, -222.838, -152.615
4.72438, 930.272, 115.468
5.7844, -371.535, 216.371
3.74227, 6186.36, 3481.79
4.72007, -1290.13, -1023.72
5.75894, 262.959, 15.8562
6.67472, 114.397, -50.4628
6.03698, 75.0787, 972.531
4.93928, -108.269, -1094.36
6.72039, 813.775, 71.6247
7.00296, 825.968, -686.527
6.33082, 337.519, 91.9274
5.29453, 728.654, 1295.89
2.70603, -702.621, 569.71
5.46749, 318.977, -189.331
2.68674, -50.6939, -4034.28
4.53488, -1318.69, 1309.72
2.84243, -133.012, -600.985
7.38558, 237.472, -123.373
2.5956, 1939.61, 3202.82
6.60363, 100.153, 18.0056
5.2195, 4036.56, -3461.16
5.72828, -126.497, 538.796
3.62934, -109.658, 198.494
2.733, 693.968, 3386.86
3.63154, 249.602, -330.562
4.58371, -143.272, -2694.12
6.40126, -336.738, -209.368
3.72852, 1765.44, -2341.02
4.81411, -96.2522, -384.417
6.14756, -1276.5, -662.304
5.35237, 5730.01, -784.692
5.45997, 756.685, 199.658
4.98425, -1089.51, -43.1414
3.951, 179.536, 169.878
4.71107, 353.933, -310.209
2.53669, -3305.73, 7284.02
7.41683, 165.778, -199.659
2.52822, 60.5315, -258.018
4.8676, 2120.36, 623.001
5.86497, 3924.88, 6729.4
