6.27803, -2857.56, 1668.09
3.5948, 41.991, 1373.27
5.89648, -20.8938, 25.9867
5.09708, 113.184, -193.519
2.76731, 5369.86, -5523.5
2.53849, -1800.39, 2022.66
4.58743, 7492.12, 4432.4
7.15218, 256.031, -37.3333
2.95982, -210.788, 382.207
6.00595, -137.933, -137.69
3.81226, 654.922, 106.289
4.14117, 252.364, -159.864
7.45519, 819.707, -435.425
7.41275, 213.128, 114.441
5.75759, -32.1474, -120.786
6.92354, 246.982, 28.0359
6.33247, 640.473, 1.54991
3.87453, -2205.27, -745.36
4.93259, -1320.57, -948.115
2.80282, -6778.86, 1659.2
5.08146, 242.763, -46.5642
4.96988, -4766.86, 1739.24
7.23882, 671.243, -145.634
4.42071, 172.901, -23.4836
5.14874, -3647.44, 973.843
2.75042, -315.688, 4790.19
6.63909, -397.876, -66.9582
5.94228, 480.231, -9.5814
6.18112, 666.064, 38.3108
6.94286, -3581.6, -3166.89
4.25508, -437.503, 527.084
6.72991, 150.729, 71.2583
3.84659, 471.624, 10.7895
4.83959, -274.231, 700.791
3.2686, 597.806, 1.10468
2.66527, 370.756, -260.902
7.2768, -1397.89, -1001.91
6.95369, 381.467, -612.412
3.29884, -717.351, 411.095
3.15214, 1238.03, -571.153
2.515, 2912.59, -497.167
6.0491, 318.851, -75.785
3.40448, 984.753, 260.523
5.76029, -720.291, 361.628
4.42907, -71.5794, -154.697
3.23766, 1294.23, 1464.59
5.45054, 616.722, 402.167
3.24076, 2719.57, -1302.79
3.2091, -2240.4, -1311.01
4.94257, -390.766, -173.52
3.13015, -175.073, -746.066
5.64635, 791.407, 26.524
5.60817, 109.002, -94.308
4.88216, 3281.62, -4530.87
2.64188, 115.242, -182.303
3.21011, 3974.8, -608.991
3.15594, -237.654, -57.6907
3.31099, 1492.61, -2224.76
3.76529, -683.976, 229.451
4.77654, -4513.22, 2247.02
6.54472, 58.1792, -639.669
3.57624, 272.354, -268.189
3.75063, 327.501, 9.87031
5.02978, -881.568, -1678.87
6.27922, 211.849, -48.602
5.66369, -1558.98, -3236.82
5.9449, -2171.81, -1559.99
7.27207, 408.653, -524.587
5.18713, 4702.61, -2385.9
4.57014, 99.1055, -1801.42
4.70019, -440.73, -649.758
6.07821, -1735.41, -1797.18
6.20858, -2454.46, -1891.45
5.12494, -3120.96, 2540.89
6.06711, 205.883, 205.345
5.91025, -46.9989, -31.6152
6.82941, 1988.51, -1575.91
3.19597, 607.984, 1659.53
3.57766, 287.577, -275.624
5.0733, 1069.65, 1939.65
4.83766, 272.841, -139.662
3.55759, 3500.89, -3567.39
5.65244, -240.288, 405.583
2.5044, 2767.03, -3979.88
4.09589, -692.636, -2666.8
5.90281, 58.958, 21.3008
6.0446, 113.334, 230.504
2.90869, 89.2444, -77.5101
3.56926, -631.643, -389.43
4.44412, -221.834, -195.734
4.44927, -3655.47, -1254.72
3.92018, -64.5069, 559.351
4.6123, 165.544, 121.43
2.55658, -1806.75, -72.7502
3.72027, -4931.77, 2627.62
4.49072, -1857.68, -3320.42
6.64177, 43.325, -216.071
3.78584, 164.106, -22.6657
3.59705, -1284.95, 381.999
6.47385, 240.724, 35.1002
5.8476, 783.309, -319.534
5.49108, 116.077, 512.855
5.99917, 2463.16, 1571.94
5.13062, 25.0387, -473.619
4.14833, 294.19, 491.871
3.30844, 5328.22, 923.913
6.56633, 84.0072, 73.5923
4.08004, 211.033, -493.521
4.05369, 476.967, 86.4473
4.65424, 248.07, 35.7149
4.46509, 524.057, -194.784
4.43916, 616.217, -282.195
4.34871, 140.454, 539.19
5.88118, 10.0416, -178.816
6.10384, -128.804, -291.225
7.20082, -2224.53, 818.421
5.08573, 50.6992, -17.012
5.5282, -149.524, -269.061
5.85049, 1497.31, -2231.92
5.11404, 259.328, 361.443
3.87105, 704.474, -262.912
7.08924, 233.113, 36.0148
3.73367, 608.814, -304.763
4.77876, 579.939, 391.954
3.30374, 61.6395, 68.3997
4.68319, 107.168, -221.859
7.45767, 500.331, -25.4847
6.26931, 3467.17, -3451.9
4.97846, 8.18061, -716.038
7.01651, 106.541, -136.794
4.68213, -670.293, 232.717
5.09239, 1973.11, -1590.21
4.44866, -1710.06, -2715.46
5.63431, 194.811, 5.02776
5.19331, 179.728, 98.5634
4.35955, -22.2776, 1061.17
2.54674, -428.627, -472.707
6.3794, 89.7228, 256.458
2.85317, -588.767, -661.274
3.98511, 92.452, -242.125
4.78581, 294.065, 1074.73
3.25156, 573.656, -9.86949
5.97819, 211.435, -167.539
4.15587, -559.949, -641.363
5.21197, -3004.09, 5360.97
2.64678, -3068.65, -1859.08
5.38086, -109.15, 325.254
5.18133, 576.525, 71.5895
7.36678, 444.278, -201.391
5.57063, 167.241, 45.5418
5.26431, 2364.22, -4035.41
6.69051, 1309.89, -14.3077
3.75764, 267.711, -1032.84
6.98957, 191.976, -14.2013
5.97428, 522.981, 174.763
5.82752, -325.454, 2202.92
3.06838, 262.718, -620.568
3.37987, -1382.31, -778.269
2.91253, -1463.91, 2425
6.68103, -95.4555, -138.125
2.64818, 355.271, 3235.36
6.34719, 28.9531, -45.532
4.29829, 245.453, -3227.2
6.24626, -489.846, -204.884
6.28385, 149.173, -59.2087
3.60834, 2373.95, -1211.16
5.58305, -159.23, 210.735
3.66846, 433.351, 25.8251
6.22052, -7.05651, -3186.25
5.80997, -392.372, -905.691
4.9209, -3008.82, 5292.61
2.58972, 920.346, 333.248
4.98291, 176.616, -218.936
5.09587, 225.685, 53.2962
4.71395, 712.251, 2983.32
4.14528, -2218.09, 1268.08
3.52671, 149.355, -4.71162
7.19863, -6.48082, 1295.91
2.85168, 1135.62, 2675.44
3.30042, 519.845, -980.536
6.70788, 461.922, -461.568
4.13614, 365.584, 132.548
6.85942, 766.003, 17.4297
5.99896, 58.7122, -179.281
5.52801, 69.1092, -365.479
4.77536, 553.787, -503.66
2.91543, 278.636, 1042.17
3.94883, -3052.51, -881.974
6.51009, 490.258, -302.478
6.81821, 66.9987, -686.397
3.81831, -4153.03, 326.774
4.79881, 319.318, -350.894
4.95672, 65.6103, -60.3528
5.82344, 1465.97, -2244.4
7.31738, 226.259, 125.092
7.23022, -121.169, -264.033
2.81902, 1574.23, -144.058
5.04829, -881.555, -560.865
6.13222, -83.3341, 65.8256
5.65882, 404.835, -212.757
3.26658, 1.1046, -19.8861
5.09652, 713.634, 2986.37
3.52281, 5202.42, -1658.29
6.03231, 157.379, -180.629
6.05786, -1067.21, 5531.42
3.66304, 63.0389, 55.8141
6.80594, -341.421, -57.7329
2.67122, -480.626, 318.038
6.26587, 350.024, -23.7073
4.14789, 268.482, 108.757
4.65309, 4675.11, -1168.99
7.33455, 485.61, 356.077
4.05803, -1664.33, -1666.64
5.69762, -5413.43, -39.5004
5.95386, 146.662, -59.2287
5.36403, -273.262, 445.097
6.60667, -3002.72, 5351.34
4.21807, -3316.37, 1326.28
5.09387, -257.703, 22.2815
6.78438, -23.8551, 505.529
6.18587, 365.613, 992.525
3.45992, 828.542, -452.788
2.83145, 281.678, -21.7089
3.60828, -3904.57, 2461.31
3.33656, 214.804, 202.081
6.31172, 349.382, 178.45
5.44905, 1498.62, -1988.06
4.65223, -5660.17, -434.158
7.09618, 1694.62, -114.683
5.09668, -808.793, -1365.17
7.38058, -607.091, 112.203
5.15714, 327.342, 120.227
2.98716, -1100.31, 865.084
5.83983, -676.691, -677.628
5.44444, -586.649, 2562.38
5.01137, 238.417, -247.406
2.75808, 577.158, 1289.15
2.6753, -188.717, 492.922
4.41484, 372.58, 283.163
5.55555, -2414.85, -2762.23
5.06574, -5656.56, -436.004
5.98498, 89.601, -348.951
4.89891, 77.5201, 86.7355
3.88323, -5759.47, 55.131
6.01685, -255.043, 2780.7
3.67701, 394.866, -166.369
6.41501, 259.086, 45.5601
6.60589, 1004, 416.977
3.21842, 3567.87, 3139.69
5.75757, -374.179, -172.616
3.87677, -995.846, -1603.33
7.26215, 2667.06, -1161.14
4.58238, 421.764, 253.213
3.03869, 127.186, 239.17
4.70633, 20.8747, 189.617
6.28811, 41.5789, -718.725
2.77803, -288.407, 22.2185
3.51241, 192.117, -102.556
6.82305, 185.586, 148.675
6.52456, 663.055, -64.2846
2.78861, 539.637, 1902.5
4.40304, 146.406, -245.917
4.56124, 381.066, -12.4972
2.80071, -537.08, -145.623
7.09746, -1156.43, -1081.05
3.35398, 218.655, -16.8589
6.51634, -94.3745, -477.882
3.88599, 2092.58, -624.679
4.44586, 57.9069, -89.095
7.19936, -1910.65, 908.39
6.24573, 124.779, 2872.22
3.44774, 3826.67, -3962.77
6.89581, -73.4971, -167.899
6.8953, 184.638, 75.1354
3.30515, 121.481, -1354.11
5.87346, 786.062, 444.039
6.89096, 68.4736, 30.342
6.98262, -727.844, 3620.07
3.06535, -152.14, -407.032
5.93789, -1370.27, -1145.82
3.21651, 523.075, -626.02
3.6901, -600.562, 157.984
5.64383, 2846.07, -1937.15
4.312, 457.75, -97.7527
4.64437, -1766.81, -1632.83
4.91936, 1578.52, -1797.58
6.20379, 8.01092, 1451.28
3.23098, 454.657, 201.026
7.36238, 185.129, 15.329
7.3158, -224.704, -99.0202
3.14741, 2551.19, -1607.95
5.3784, 172.536, -131.692
4.66439, 66.1428, -118.837
5.50066, 90.5585, 63.6077
5.85098, 139.08, -41.6662
4.5137, -2985.06, -1005.3
6.46691, -1751.01, -1517.53
4.89889, -3426.33, 1765.23
5.72449, -411.642, 580.508
4.28836, 5398.62, -859.901
5.96794, 81.1826, -621.776
5.83428, 670.757, 263.692
3.22071, 259.22, -149.993
7.10415, 115.132, -190.26
4.22228, 1122.28, 3759.16
6.66824, 293.744, 49.6077
2.74349, 84.5428, -806.722
3.27936, 1351.01, -2035.74
2.55765, 27.516, 49.1819
3.94327, 220.593, 81.1036
5.07295, 427.488, -478.221
3.65948, 1019.04, -3413.7
2.75022, 789.375, -31.821
5.33091, 243.541, -1.69386
6.69774, 518.482, 294.218
4.28763, -172.617, 20.4729
4.3452, 120.846, -969.699
7.22226, 204.966, -40.0704
4.72425, -1474.22, 107.666
6.82086, 87.8109, -64.7974
5.82654, 124.849, 646.034
5.79297, 28.3481, -326.297
7.10736, 2602.72, -1904.89
5.11536, -3126.79, 2538.63
5.45229, 69.8264, 804.647
5.79944, -256.54, -2632.18
4.24765, -1624.32, 1087.06
4.11714, 214.97, 481.59
7.08984, 216.617, 449.883
3.08619, -4591.31, 1719.95
7.31268, -252.827, 137.404
5.17978, 333.656, -328.568
5.81447, 1519.9, 810.712
5.48362, -4736.06, 2271.93
6.93363, -131.766, -1196.44
6.67999, 85.5931, -8.03153
6.69339, 132.317, 8.67184
6.85642, 298.938, 48.5712
2.5002, -310.105, 2265.12
4.77274, -851.163, -2639.02
4.25696, 1718.32, 97.6562
5.80713, 4718.59, -3655.64
6.22234, 493.745, 271.195
3.3821, -961.066, -4129.19
7.4621, -1246.71, 1483.9
5.95466, -218.271, 107.428
6.97862, -1.58972, -151.082
3.51579, -1301.4, -402.503
7.2356, 732.462, 100.485
4.88476, -4413.81, 2343.4
6.78578, -3908.7, 2462.53
6.41237, 264.086, -212.074
5.70687, -3019.47, 2934.91
3.14521, 575.296, 398.847
5.77944, 114.618, -118.665
3.09199, 203.454, 66.7505
3.88793, 2642.34, 680.536
6.65548, 171.298, 2462.01
6.14153, 3663.42, 4704.06
6.74348, 4085.26, -3052.62
3.43989, -741.748, -32.3234
6.09602, 81.1639, 26.233
4.25586, 23.1715, -629.573
3.34555, 134.986, -42.5886
4.52383, -4366.07, 522.824
4.20924, 263.657, 60.381
6.67141, 120.845, 201.844
3.9111, -3340.82, -5415.84
5.16766, 3422.17, 2006.9
6.25085, 1003.11, -1790.47
4.62554, 402.741, 45.8358
4.66964, 1196.54, 56.6594
3.03022, -3309.62, -2292.56
6.4639, 304.685, -403.668
3.91232, -116.769, 14.1886
7.14264, 3632.64, 5514.73
5.37926, 50.5969, -129.92
3.4895, -238.795, 238.812
5.99081, 350.573, -32.9482
3.07265, 23.7079, 335.207
4.22945, -114.361, -51.4556
4.15646, 473.127, 2.76422
6.42735, -4748.91, 2242.07
6.65775, -136.743, -80.5206
4.21712, 172.523, 119.769
4.2603, -757.178, -105.783
6.38197, 240.534, -221.794
6.58658, 641.457, -497.37
4.26157, 326.276, -229.456
7.09559, 260.253, -1.21201
3.2877, -91.1916, -207.176
5.56029, 447.748, 226.496
5.54222, 145.877, -2.25495
3.16647, 2693.38, 2832.72
3.51409, 3409.23, 4680.76
4.79457, -356.559, -24.1747
3.48759, -526.341, 1481.18
6.77118, 558.811, 202.239
6.54562, 671.747, 581.392
2.80131, 2329.34, -1638.78
6.50584, 1482.31, -4329.37
5.49597, 60.8339, -344.329
7.43182, 142.818, 105.706
2.65919, -700.781, 167.497
6.8356, -2924.79, 3512.54
3.69109, -1288.59, -578.422
3.6127, 1615.87, 728.94
4.73907, 5950.17, 2772.6
2.61231, 342.739, -189.24
6.79755, 321.768, 116.274
4.15902, 470.235, -3734.74
5.72195, 961.275, -338.587
7.43521, 467.615, 59.0977
5.30162, 129.676, -93.0366
4.74553, 154.793, 223.957
5.213, 317.422, 242.619
2.90797, -1721.42, 605.86
3.99606, 1512.37, 2636.32
6.63964, -3362.9, -628.951
6.48936, -3736.89, 1568.19
5.71048, 114.699, 243.06
4.84105, 430.554, 42.6163
7.15326, 611.563, 1928.85
5.08798, 420.208, -486.018
7.42924, -3847.89, 2452.69
5.94567, -12.2287, -330.643
6.19966, 260.118, 535.506
3.46323, 1259.75, 1331.8
6.08881, 2650.64, -1596.6
6.11146, 1111.42, -131.596
6.49298, 74.8039, -108.985
4.23216, -4456.79, 310.802
5.1481, -1636.28, -847.594
3.19001, 1253.89, -509.094
6.73218, 308.198, -2.04864
6.32766, -626.293, -567.852
7.5, -4744.99, 2245.04
4.24891, -6706.4, -2207.38
5.50367, 411.774, -26.4539
3.50808, -406.726, 3093.95
6.2385, -3149.34, 502.862
6.49225, 263.43, 93.074
3.03505, -721.684, -533.558
5.35813, 140.975, 46.5718
2.84683, -4484.41, 1508.42
4.16036, 96.1762, -59.7241
5.80945, 256.672, 53.8427
5.27726, 405.178, 3468.44
7.12415, 223.758, 115.808
2.69832, 275.135, 2513.85
2.62083, 895.204, 1112.24
4.61923, 192.781, -109.266
4.36987, -963.225, 212.712
2.93303, 3126.07, 3077.73
3.05403, -136.943, -146.704
5.31992, -4270.58, 130.925
7.37269, 185.439, -41.0205
3.05066, 85.3785, -3373.28
5.99352, -2727.03, -2987.79
2.79674, 129.468, 936.118
4.69755, 37.9536, -114.478
5.24651, 1010.38, 497.275
3.45129, -283.847, 251.824
7.36597, 44.3114, -184.14
3.19593, 89.2817, -106.083
5.48978, -2739.61, 287.928
7.12812, 303.832, 583.351
3.91116, -1125.21, 242.831
6.8307, 345.562, -568.081
6.29598, 914.478, -1309.61
6.10793, 253.167, -126.855
3.34241, 86.5972, -409.146
3.32882, 1043.51, -2286.71
3.39076, 247.437, -41.0437
5.87226, 193.897, -116.933
4.83484, 84.387, 93.8092
6.85219, 403.686, 79.4544
5.76023, -381.523, 14.4542
5.80464, 1528.42, 810.179
2.58037, -145.915, 533.885
4.30596, 5065.12, 2885.82
3.72747, 155.941, 102.846
6.93086, 327.5, 666.135
5.23701, -6409.41, 113.13
6.57209, -498.81, -482.075
5.24453, -535.609, -0.361045
4.16156, 655.566, -273.408
4.40213, -1644.28, -2932.53
2.52389, 1567.6, 311.688
6.95226, 147.068, 68.0271
6.16955, 907.42, 255.162
6.04239, -540.742, 305.851
5.1278, 1799.48, -2478.74
6.41065, 234.625, 433.978
3.42484, 59.3245, -292.241
5.72673, 174.609, -54.6911
3.42178, 37.8531, 49.9822
3.31214, -1165.63, 678.701
2.65594, 1233.29, 1376.45
7.42716, 242.32, 79.5718
4.04559, 82.3958, -89.9809
4.11075, -522.207, -6.17361
5.51155, 157.265, -53.9196
2.89107, 4851.25, -841.824
3.93936, 13.4499, -189.093
5.79307, 191.967, -309.433
7.36348, -123.774, -42.0779
7.27758, 3540.12, 1395.94
7.42745, 89.5526, -123.302
7.30478, 99.9285, -72.4331
3.0073, 788.6, 441.215
3.71505, 828.432, -122.493
6.91151, 486.183, -104.663
5.28805, 238.917, 30.1639
6.7669, 201.472, 19.7793
7.49145, -332.269, -134.699
3.99751, -4108.39, 1731.89
6.33157, -7388.33, -2424
4.81901, 807.418, -580.425
6.8168, 633.315, -15.5872
6.99018, 263.837, -61.6213
7.377, 563.005, 86.3817
2.77405, 268.702, -362.567
6.32605, 257.959, -440.83
5.09219, 1450.83, -2257.16
3.46574, -472.179, -230.437
6.98252, 219.01, -276.166
6.38492, -34.8652, -177.427
2.75968, 683.863, -1074.94
7.47331, 1429.86, -2335.95
5.93659, 107.811, -53.1979
5.94854, 1531.78, 777.48
6.57666, 2612.68, -1231.73
7.05426, 349.908, -140.485
3.34218, 2235.43, 4445.21
5.24183, 2535.97, -1888.64
6.53351, 140.477, 27.9106
4.17803, 30.2171, 91.4527
5.53435, -399.846, 368.617
6.59602, 1421.97, -2092.12
7.3485, 211.268, -154.269
6.29349, 186.051, 5.02947
3.72113, 126.877, -830.686
5.80589, 255.66, 158.438
4.21574, 819.354, 147.029
7.27146, 65.3295, 13.3418
2.60828, 2586.47, -2938.11
4.54979, 36.564, 11.2035
2.55789, -3501.87, 3371.35
3.04964, 317.067, 1254.51
5.28259, 571.919, -731.076
4.45466, 253.177, -38.0834
7.20539, 224.698, -155.161
2.55572, 38.4399, -261.313
6.22897, 795.309, -1949.58
3.84293, 348.889, 237.158
4.27153, 54.3569, -503.477
3.45835, 5362.96, -5495.52
5.14832, 669.355, 481.898
4.39478, -823.357, -4649.95
3.16407, 331.04, -120.039
4.26563, 277.633, 400.629
4.2497, -4411.07, 2315.54
7.41084, -2191.39, -1573.95
5.25961, -298.442, 83.2892
4.99918, -1925.29, -530.833
3.58531, 1370.45, -2058.68
4.37311, -393.346, -625.499
6.78251, 2821.41, 2520.59
6.45578, -2637.21, 5344.3
3.9204, 2580.38, -3214.96
5.07645, 542.66, 197.763
6.79238, 54.4828, -179.692
7.07844, 480.705, 98.0194
7.48941, -1741.22, -1539.24
6.53177, 312.149, 163.618
5.22718, 95.3368, -54.7571
7.3461, 521.519, 585.985
5.31931, 1237.88, 212.578
4.03031, 7.35329, -887.834
5.41853, 463.148, -89.8903
2.91197, 307.318, -225.804
5.47382, -25.4579, -83.5301
3.31968, 2466.62, 4732.39
6.46527, -208.705, -322.507
2.95373, -559.575, 1446.5
6.3072, 139.502, -484.115
6.83996, 231.738, 39.8517
6.40105, 47.7234, -246.499
6.61399, -1850.44, -314.754
6.70974, 114.854, -44.9161
4.48328, 231.44, -65.3839
6.508, 148.7, -4.25555
6.56811, 151.878, -17.5258
5.43493, 586.718, 1235.75
4.64621, 121.501, 235.489
2.5002, -919.127, 415.488
5.31153, 172.709, -15.1154
6.22632, -99.2816, 367.617
3.89846, 3018, 1776.04
2.93406, -704.732, -4231
3.5733, 602.645, 734.563
3.93296, 317.181, -164.191
4.86595, -447.016, -195.23
6.95893, -1766.23, -1533.75
5.91955, -52.6401, 149.539
3.54376, 93.7389, -181.504
6.67533, 122.659, 54.2853
7.09218, 225.788, 291.169
4.48244, 67.5207, 495.623
6.37858, 1667.76, 250.996
5.68161, 88.0263, 2.95193
6.64746, 160.593, -359.871
3.40204, 1115.36, 335.66
7.45927, 155.37, -94.3687
6.70558, 189.532, -135.973
4.65177, 664.478, -495.228
4.38589, 100.528, -130.861
2.70802, 421.958, -199.866
6.80715, -613.339, -933.124
6.62116, -3859.62, 2359.37
6.25052, 1572.93, 1267.57
3.55801, 462.765, -498.617
4.31029, -67.0351, -196.726
4.43545, -290.403, -111.73
7.32918, -2893.15, -1828.15
6.5872, 577.544, 134.079
4.5755, 1207.8, -218.949
5.83759, -119.918, 743.002
2.52101, -3755.04, 3867.81
6.98048, -96.1513, -252.973
3.68416, -310.098, 557.865
3.79415, -242.425, -200.485
5.4939, 597.729, 67.0626
6.89823, -163.413, 7.40724
6.16299, 270.916, -148.311
6.0773, 496.789, -114.107
3.57724, 5456.55, -244.527
6.30413, -3751.98, 2950.65
3.85351, 117.476, -104.723
2.75246, 154.636, 66.1529
4.78866, -1573.26, 528.385
2.58759, 446.113, 109.465
3.01129, 5482.12, -3513.41
2.639, 2276.71, -1329.94
5.65921, 222.009, -246.084
6.34425, 215.759, 71.4729
2.74132, 617.64, 128.266
6.6924, 491.428, 859.172
6.76899, 19.4196, -92.0444
6.57649, -231.426, 650.116
6.85188, 337.77, -3929.31
5.27222, 260.987, 80.2466
6.12646, 23.0747, 966.994
3.20424, -4079.99, 3400.16
6.6115, 28.5565, -96.263
5.51185, -2410.96, -2758.57
4.93856, 224.749, 128.132
6.14942, -119.131, -284.295
4.05164, -1719.61, 1046.07
3.93925, 244.075, 57.0531
5.45857, 2012.82, -2491.89
5.34055, -2778.99, 1513.15
5.41059, 2472.03, 1927.76
2.84132, -343.733, 444.821
4.34304, -1657.8, -320.884
6.28475, -148.38, 322.227
6.35297, 689.199, 2727.76
4.27217, 199.144, 690.484
5.98913, 78.5897, 55.3422
5.08005, 1761.26, 1069.43
5.94494, 483.191, -191.431
6.18066, -1666.65, -1194.13
2.56231, -2495.91, -1686.57
7.16549, 332.094, -139.053
5.37826, 311.962, 192.768
3.05587, 689.215, 595.017
4.87388, 287.36, 141.434
3.24247, 1686.5, -581.71
4.22594, -7767.91, -1741.75
7.04476, 155.338, -5.2192
4.54571, 2582.28, -1162.39
5.96642, 251.272, -223.08
3.35865, 44.5302, -165.708
6.21715, -4221.49, 1488.24
4.16319, 178.572, -201.855
4.62157, 277.614, 136.017
2.79523, 180.9, 701.954
5.09005, 147.428, -1.3973
5.94425, -116.731, 322.5
5.01149, 124.862, -166.653
6.56617, 105.413, 71.6994
3.07974, 102.494, -343.79
5.24841, 1120.23, -192.396
5.06046, 266.208, 299.918
6.02649, -1704.13, -1522.94
5.65083, 100.772, 3.69001
4.0207, 627.543, 219.348
6.74719, 102.281, -67.3484
3.39619, 1322.08, -2090.22
2.61737, 180.022, 110.244
4.19467, -50.765, -0.539643
3.43818, -1815.75, -1363.78
6.60467, 228.518, 105.493
6.72507, 119.171, 2783.08
6.78031, -2846.05, 1564.7
7.37454, 325.159, -457.073
2.99587, 231.599, 709.546
2.56182, -3487.62, -2647.24
2.58614, 515.409, 629.36
2.64527, -345.224, 242.361
4.1031, -1757.16, -1599.38
6.17815, -2876.72, 1702.53
3.14876, 210.442, 63.9366
2.5161, -2466.74, -469.628
6.91905, -85.6377, -167.825
3.70482, 434.924, -266.934
4.38481, 374.606, 1034.52
4.44879, 367.418, 276.72
2.81534, 3256.28, 1240.49
7.30792, 264.521, -6.73086
3.75349, 26.5693, -76.4662
6.85376, 256.239, 40.6618
2.85991, 2668.31, -3632.89
2.70653, 3416.23, -2212.92
3.46378, -437.123, 92.3477
3.86708, -1818.24, -1892.28
7.4007, 82.0237, -114.371
3.60607, 1061.74, -4497.95
6.43119, 1487.93, -2228.56
4.42306, -130.836, 1245.76
3.78593, -2608.62, 2970.03
3.91087, 466.173, 393.992
7.33834, 817.605, 121.687
4.22841, -21.9538, -130.194
3.45922, -494.019, -623.472
5.05037, 269.165, -99.9078
5.21857, 1020.09, -4025.21
5.72333, 947.133, 34.1013
3.89738, -548.754, 228.416
3.41887, 600.09, -380.134
2.71579, 2039.7, -2380.59
3.98408, 612.776, 4.56755
4.25548, 1142.58, -650.645
7.09372, 53.2187, 28.6207
5.81225, 370.103, 278.814
5.08041, -1756.39, -1545.94
4.03763, 186.945, 82.1992
3.0007, 1723.86, 1844.18
3.47502, 113.945, 108.15
4.11407, 2781.51, 2888.06
5.56182, 632.636, 322.228
5.13511, 2395.07, -1087.16
3.45653, -211.984, 811.646
4.7178, 4860.61, 2837.56
4.48693, 5603.93, -1092.98
6.28051, -16.5204, -416.251
6.6213, 505.056, -87.0689
5.51573, 282.918, -333.117
3.04573, 228.936, 44.1487
4.11797, 2224.44, -590.892
5.03403, 149.687, 31.5341
4.76521, -11.2452, 286.902
4.77315, 382.667, -217.31
4.91125, 490.273, -95.8104
5.07896, -3913.12, 688.054
4.50207, -1970.98, -1003.14
4.22945, -508.858, -461.87
6.64533, 324.123, 273.612
3.02204, 2155.92, -1317.35
6.40057, 266.97, -60.2574
3.19919, 883.062, -353.335
2.62171, 3379.9, 3849.89
6.0664, -168.385, 1187.75
7.15538, 373.436, -358.329
7.47667, 341.427, 227.333
3.86264, 157.249, -247.403
3.6923, -1786.23, 348.092
3.87328, -370.58, -2773.05
5.70836, -134.643, -342.996
5.17637, 376.46, 27.554
6.8967, -2484.58, 4330.2
6.75968, -83.0944, -230.712
2.98004, 49.863, -485.606
4.66818, 148.838, 201.487
3.17045, -433.617, 295.399
5.86802, 92.1094, 98.4092
5.34964, -98.3684, -688.178
3.66474, 107.531, -1097.54
5.50306, 348.325, 46.3355
2.6551, 85.1081, -167.608
7.08512, 248.824, -48.0293
3.82958, 295.753, -538.387
6.50016, 98.3465, -89.4985
5.46389, 335.958, -62.9505
5.0822, 374.218, -71.7001
5.2567, 1695.33, -882.02
3.47225, 659.83, -324.082
5.36152, -2613.71, -105.945
3.81992, -558.275, 5806.17
4.41648, 2390.92, -4982.33
2.73626, -499.012, -478.125
4.22823, 160.323, 177.844
3.61594, -2649.2, 6293.03
3.81264, -150.793, -309.628
3.05141, -164.706, 110.844
7.40088, 270.072, 227.969
5.93794, 512.158, -156.237
5.82158, 22.997, -302.402
5.99501, 450.306, 381.362
2.68746, 252.437, 45.3154
3.6706, 46.0871, -88.8781
3.95397, -4819.05, -7254.81
3.50543, 32.4572, 217.358
2.7177, -2317.74, 3434.58
2.56571, -169.635, 157.187
6.07297, 5199.8, -1654.67
6.88348, -143.488, -207.061
5.35088, 1584.47, -2979.31
6.92743, -2626.94, -2990.05
5.20042, -1301.99, -234.259
3.31357, -1622.15, 260.621
3.30492, -2444.75, -1898.8
7.19182, 284.612, -260.418
3.45628, -113.922, -71.5529
3.15761, -2659.76, -233.797
4.41122, 140.361, -15.6903
6.12674, -579.614, 2571.13
2.50651, -5682.96, -441.271
4.60222, 4030.92, -2295.34
5.18984, -357.728, -67.3532
4.86596, -985.479, -609.824
6.33003, 236.797, -639.857
2.9396, -829.073, -625.587
7.04284, 208.648, 111.29
3.20818, -476.662, -41.0647
2.54782, 99.8492, 660.3
2.82267, 408.75, 166.088
4.96742, 153.702, 89.5164
5.40914, 83.0829, 1.57274
4.03373, 3313.99, -5819.16
4.57091, 452.248, 397.422
4.33401, 1319.31, 1583.99
3.42687, 360.234, -2243.03
2.76788, -2365.46, -2244
4.47222, 335.405, -284.201
3.98388, -904.747, -1107.1
5.05388, -234.694, 67.0975
3.75392, 2012.47, -3304.27
5.01589, -1012.13, 1827.85
2.51168, 713.232, -633.464
7.01807, -4740.91, 2246.52
2.79181, 2967.81, 3007.77
5.17506, 129.51, 2820.14
3.95754, 2391.98, -1093.6
7.3023, 54.064, 0.0179739
4.73406, -2905.54, -1163.03
5.08479, -21.7773, -190.606
5.93861, 441.073, -107.436
2.72187, -60.6748, 509.089
7.2946, 3269.49, -2393.48
5.70852, 410.414, -269.411
2.80215, 96.7018, -48.9356
3.33964, 289.012, -190.089
5.76491, 355.031, -430.426
6.19864, -341.304, 2197.32
3.57011, -271.273, -485.28
4.31441, 620.858, -1808.64
6.56981, -239.023, 407.736
5.32057, 220.205, 43.4196
7.45886, 255.762, 3.8445
6.5669, 217.614, -339.146
3.49157, 2923.5, -3748.28
2.50003, 338.199, -161.518
4.62608, -2912.98, 3500.42
4.07406, 1721.63, 1099.78
5.56218, -3160.74, 511.027
3.83351, 120.592, 129.358
4.39881, 1328.65, 547.076
5.43397, 197.503, 135.475
5.95636, -1622.68, -172.147
7.26736, 260.796, 46.2038
4.89785, -86.8573, 959.161
3.60319, 100.605, -49.9069
5.33741, 914.54, 655.441
6.09873, -17.1687, -212.992
4.4953, 1827.77, -2.91022
3.48326, 252.835, -157.091
6.66971, -67.7353, -119.913
5.59561, -33.5085, -677.308
7.26866, 152.743, -3.32394
3.23222, -463.474, 75.7781
5.38953, 364.463, -52.0789
7.26796, 207.408, 31.5764
3.62331, -4763.28, 2216.81
7.25137, 246.381, 51.6649
3.07874, 1157.91, -533.284
2.58372, 688.922, 282.507
3.90465, -237.991, 475.033
7.15042, -188.526, -249.312
3.04796, -833.984, -404.823
6.77266, -4.36448, -145.36
5.68532, 100.6, 65.6157
5.63853, 241.012, 14.7335
3.80589, -651.185, 1372.24
5.13936, -675.558, 216.146
7.16608, 1627, 701.938
3.98055, -1168.52, 144.528
4.78006, 284.294, -83.5477
6.35659, -894.239, 4002.03
4.17193, -1687.61, -2904.34
6.31775, 371.141, 69.6487
6.65892, -1953.47, 2168.11
2.64618, 2144.57, -1326.33
4.31315, -263.795, -665.483
4.16221, 299.388, 12.4622
3.17675, 1687.86, 1628.63
3.00839, 1127.45, -3453.49
5.11327, 339.832, 225.317
3.52046, 263.443, 221.569
5.00728, 214.02, 304.61
5.1371, -4218.22, 2795.56
4.13422, 33.5404, -203.111
4.75888, -34.6507, 631.935
6.85263, 464.616, -213.962
4.72884, -34.5132, 58.9716
6.03726, -19.9213, -132.234
6.83171, -1709.51, 336.226
6.5822, 673.008, -684.902
2.67504, -3289.81, -1282.53
3.8644, -751.854, 1947.96
5.21858, -1249.27, 831.708
3.19942, 3436.76, -574.563
5.57408, 88.0054, 10.3769
3.29182, 403.896, 131.071
4.41129, 681.038, -65.019
5.94997, -358.066, -292.039
3.21128, 3420.98, -10.0288
5.65284, -228.421, -138.46
3.15973, -2846.46, -1482.72
7.13583, 403.275, 76.3542
5.53465, 4561.7, -6969.59
5.50388, 255.593, 431.601
3.33635, 361.267, -74.2914
3.301, -1241.94, 1859.12
5.91628, 244.333, 247.19
5.1456, 247.885, 17.771
3.65264, -1816.58, 1019.66
6.55373, 135.326, 2.35233
5.76477, 102.448, -226.427
4.08597, 52.2141, 670.904
2.53953, 81.3495, 507.449
3.49176, 314.634, 176.657
3.78831, -100.244, -145.916
3.03825, -29.1772, -532.223
3.49545, 311.518, -547.678
6.75079, -4896.64, 2609.12
6.63912, 335.24, 150.951
6.76813, 160.566, 51.1514
5.71027, 176.658, 155.838
3.6787, -2501.22, 2596.94
6.80638, 99.2547, 86.9436
5.4745, -173.936, -293.386
2.52745, -1676.14, -1265.31
6.84925, -390.405, -908.431
7.37729, 398.255, -181.839
5.59653, -1768.12, -1536.8
3.85574, 467.802, 129.005
7.46973, 249.291, 15.7066
4.60751, -1098.95, -489.508
4.20537, -359.386, 33.6922
4.80717, 152.281, 54.1949
4.44822, -954.234, -2621
4.613, -4124.55, -791.48
2.84879, 249.243, -297.115
5.5153, 416.731, -293.918
7.36114, 547.105, 77.4753
5.07406, 345.072, -317.87
7.45461, 173.039, -10.75
5.84906, -2210.66, -5197.51
4.01716, 155.023, 17.6507
3.47371, 494.094, -115.891
4.0109, -452.204, -184.929
4.93946, -120.181, 115.656
4.72438, 277.952, -23.5697
5.7844, -541.676, 132.781
3.74227, 5065.4, 2884.72
4.72007, -1234.94, -1012.27
5.75894, 290.873, 2.55232
6.67472, 189.327, -208.527
6.03698, 173.801, 499.376
4.93928, 232.548, -520.889
6.72039, 5.15237, -11.701
7.00296, 769.61, -711.444
6.33082, -229.535, 4.23256
5.29453, 533.25, 583.028
2.70603, -694.401, 197.425
5.46749, 414.61, 223.395
2.68674, 32.9238, -3438.72
4.53488, -563.949, 665.113
2.84243, 542.602, -89.3088
7.38558, 222.642, 65.4919
2.5956, 1753.96, 2729.1
6.60363, 151.509, -257.418
5.2195, 3377.57, -2812.81
5.72828, 465.737, -269.697
3.62934, -535.803, -43.5402
2.733, 508.317, 2791.63
3.63154, 416.433, 471.875
4.58371, -2.85833, -2325.99
6.40126, 337.048, 48.9296
3.72852, 1417.28, -2089.09
4.81411, 135.218, 161.626
6.14756, -773.229, -205.962
5.35237, 4701.28, -639.867
5.45997, 57.2359, -83.7301
4.98425, -855.569, -200.973
3.951, 73.7337, 51.9083
4.71107, 87.4562, 459.715
2.53669, -2651.6, 5841.6
7.41683, 173.849, -150.795
2.52822, 106.467, -81.2246
4.8676, 1877.54, 657.692
5.86497, 3200.54, 5460.27
