6.27803, -711.891, 307.719
3.5948, 297.562, 604.59
5.89648, 483.814, -306.41
5.09708, 21.4375, 112.171
2.76731, 1063.52, -1246.36
2.53849, 417.12, -205.48
4.58743, 1554.65, 862.902
7.15218, 174.036, -191.639
2.95982, 12.6258, 311.219
6.00595, 555.528, 532.761
3.81226, 136.831, 69.8257
4.14117, 3.55631, -50.5763
7.45519, -396.952, -563.738
7.41275, -80.094, 234.618
5.75759, 32.7594, 469.106
6.92354, -8.80072, -297.514
6.33247, 27.8768, 26.9788
3.87453, -559.108, 223.346
4.93259, -44.0371, 286.24
2.80282, -1219.56, 44.5884
5.08146, -28.3369, 341.97
4.96988, -976.625, 315.298
7.23882, -305.417, -83.0734
4.42071, 38.0311, 354
5.14874, -754.892, 392.037
2.75042, -269.189, 959.085
6.63909, 237.534, 516.46
5.94228, -283.958, -103.782
6.18112, -122.59, 158.456
6.94286, -846.822, -988.458
4.25508, -27.5776, -69.9684
6.72991, 108.531, 407.043
3.84659, -31.022, -130.534
4.83959, 604.202, 163.791
3.2686, -60.2482, -364.355
2.66527, 58.2011, 155.511
7.2768, -507.646, -568.743
6.95369, 260.288, 168.226
3.29884, -751.352, -27.2145
3.15214, -693.393, -317.9
2.515, 466.799, 31.0936
6.0491, -48.3758, -316.121
3.40448, 607.146, -202.165
5.76029, 41.6699, -317.256
4.42907, 41.6728, -251.177
3.23766, 308.399, 626.484
5.45054, 170.048, 259.16
3.24076, 756.113, -321.119
3.2091, -672.293, -610.298
4.94257, -207.03, -345.758
3.13015, -610.663, -27.83
5.64635, -532.338, -103.663
5.60817, -247.166, 6.92831
4.88216, 777.47, -1071.49
2.64188, 466.982, 713.749
3.21011, 938.547, -294.565
3.15594, -97.1209, 145.256
3.31099, 540.106, -787.431
3.76529, 465.135, -162.458
4.77654, -1214.67, 680.809
6.54472, 159.152, 92.9324
3.57624, 17.6172, 282.664
3.75063, 72.0848, 602.97
5.02978, 199.711, 443.801
6.27922, 133.608, 59.9755
5.66369, -339.533, -847.891
5.9449, -816.011, -564.293
7.27207, -721.798, -301.51
5.18713, 943.337, -520.606
4.57014, 145.793, 694.619
4.70019, 125.556, 455.85
6.07821, -665.084, -753.326
6.20858, -504.61, -728.542
5.12494, -886.492, 795.716
6.06711, -66.9528, -29.8661
5.91025, 245.789, -37.1987
6.82941, 617.999, -465.296
3.19597, 606.629, 201.114
3.57766, -239.57, -6.39797
5.0733, -162.261, -322.817
4.83766, 174.669, 388.248
3.55759, 462.916, -754.268
5.65244, 539.681, -399.389
2.5044, 618.03, -854.731
4.09589, -5.20257, -1308.99
5.90281, 26.6427, 131.304
6.0446, -93.7245, -375.467
2.90869, -15.5599, 50.7078
3.56926, 182.242, 113.395
4.44412, -200.574, -48.6875
4.44927, -1110.99, -464.933
3.92018, 211.222, -231.008
4.6123, 149.983, 343.486
2.55658, 648.819, 6.67044
3.72027, -999.427, 576.68
4.49072, -172.842, -980.814
6.64177, -68.0767, 100.858
3.78584, -523.557, 351.082
3.59705, -368.648, -382.801
6.47385, 325.04, 344.252
5.8476, -448.968, -417.604
5.49108, -112.655, -493.48
5.99917, 849.326, 356.576
5.13062, -108.466, -85.5855
4.14833, -58.8873, 11.0264
3.30844, 717.827, 86.4424
6.56633, -200.476, 8.66957
4.08004, 572.743, 234.749
4.05369, -81.0785, -169.489
4.65424, -35.6905, 106.584
4.46509, 526.746, 135.111
4.43916, 183.411, -378.828
4.34871, -52.3457, 200.73
5.88118, -537.362, -402.099
6.10384, 613.31, 13.3246
7.20082, -707.482, -31.4009
5.08573, -121.465, -73.0453
5.5282, 552.755, 543.228
5.85049, 537.061, -794.312
5.11404, -449.3, 167.632
3.87105, 370.437, 66.4301
7.08924, 218.363, 351.496
3.73367, 33.2117, 123.922
4.77876, -403.957, 232.292
3.30374, 165.454, -267.535
4.68319, -72.8594, -333.028
7.45767, 272.964, -192.473
6.26931, 561.88, -839.684
4.97846, -93.8279, 46.8834
7.01651, -8.6477, -28.2895
4.68213, 199.933, 376.654
5.09239, 693.923, -545.54
4.44866, -688.524, -652.175
5.63431, -91.6103, -98.7157
5.19331, -10.5545, -133.527
4.35955, 290.533, -74.1088
2.54674, -195.898, -31.2584
6.3794, -27.4874, -149.117
2.85317, 67.1953, 199.659
3.98511, -48.1239, -328.627
4.78581, -168.418, 86.2316
3.25156, -19.6588, 60.5852
5.97819, 351.44, 291.487
4.15587, 176.034, -293.555
5.21197, -672.778, 1103.75
2.64678, -958.414, -118.375
5.38086, -274.902, -455.967
5.18133, 190.331, -217.097
7.36678, -383.988, 558.621
5.57063, 26.9454, 2.02156
5.26431, 632.596, -728.567
6.69051, -146.963, 108.942
3.75764, 67.3404, 407.321
6.98957, 166.887, 27.0162
5.97428, 372.252, -176.175
5.82752, 313.598, 768.456
3.06838, 462.002, 342.524
3.37987, 463.45, 155.988
2.91253, 181.181, -216.665
6.68103, -294.919, 515.216
2.64818, -364.674, -137.588
6.34719, -147.503, -91.3397
4.29829, 213.848, -911.977
6.24626, 694.054, -343.205
6.28385, 196.434, -14.044
3.60834, 710.987, 132.915
5.58305, -122.525, -115.16
3.66846, -21.7762, 213.425
6.22052, 148.25, -832.479
5.80997, 372.296, 552.381
4.9209, -585.508, 1130.71
2.58972, -628.505, 248.329
4.98291, 71.2901, 428.681
5.09587, 33.6216, -187.403
4.71395, 631.801, 765.707
4.14528, -652.054, -35.7996
3.52671, 195.13, -192.237
7.19863, -248.317, 567.538
2.85168, 780.342, 529.089
3.30042, 66.6213, -243.815
6.70788, -29.066, -173.739
4.13614, 397.756, 298.619
6.85942, 41.4847, 422.327
5.99896, -423.396, -236.434
5.52801, 133.782, 178.02
4.77536, 437.184, 462.68
2.91543, 964.131, -168.104
3.94883, -630.858, -673.378
6.51009, -239.701, -48.6154
6.81821, 474.426, 399.364
3.81831, -1115.11, 160.868
4.79881, -42.0418, -268.285
4.95672, -72.5578, -291.881
5.82344, 519.878, -642.454
7.31738, -87.5245, 170.783
7.23022, 305.723, -58.0952
2.81902, -79.3138, -459.676
5.04829, -82.6452, 12.63
6.13222, -344.527, -90.1873
5.65882, 300.026, -53.329
3.26658, -162.163, -203.132
5.09652, 631.45, 761.949
3.52281, 1251.88, -476.473
6.03231, -119.191, -290.373
6.05786, -90.1042, 1313.08
3.66304, 307.243, 94.3689
6.80594, -284.22, -185.203
2.67122, -305.713, -653.218
6.26587, -2.74032, 296.613
4.14789, -96.6348, -2.30223
4.65309, 1087.38, -76.9705
7.33455, 317.063, 379.465
4.05803, -517.028, -615.35
5.69762, -1266.73, 188.705
5.95386, 92.7558, -79.6097
5.36403, -5.07815, -165.327
6.60667, -672.518, 1119.38
4.21807, -791.386, 531.524
5.09387, 203.387, 324.66
6.78438, 621.274, -5.28212
6.18587, 547.647, 357.506
3.45992, 34.0177, -180.787
2.83145, 83.8238, 158.667
3.60828, -1026.55, 632.108
3.33656, 88.4909, 73.2534
6.31172, 53.5199, -50.8762
5.44905, 260.849, -769.774
4.65223, -1379.88, -262.913
7.09618, 610.888, -337.367
5.09668, -291.46, 307.871
7.38058, -464.133, 191.102
5.15714, 395.875, 300.142
2.98716, -202.619, 971.498
5.83983, 247.168, 347.251
5.44444, -345.929, 761.853
5.01137, 15.5281, 259.153
2.75808, 717.515, -196.838
2.6753, 637.847, -183.692
4.41484, 128.097, -5.47194
5.55555, -566.374, -882.657
5.06574, -1362.71, -251.388
5.98498, -193.487, -128.247
4.89891, -156.52, -255.379
3.88323, -1253.05, -49.9105
6.01685, 7.99136, 929.651
3.67701, -122.07, -7.17558
6.41501, -63.2117, 91.4067
6.60589, 595.671, -447.447
3.21842, 529.048, 736.015
5.75757, 597.034, -499.743
3.87677, -289.406, 337.217
7.26215, 132.929, -332.55
4.58238, -10.6483, 4.44387
3.03869, 101.826, 363.818
4.70633, 326.607, -93.6684
6.28811, 178.321, -38.4659
2.77803, 542.831, 496.728
3.51241, 105.381, 200.627
6.82305, -253.717, 331.069
6.52456, -213.77, -19.3583
2.78861, 269.906, 743.902
4.40304, -59.6645, 78.2897
4.56124, 220.832, 145.718
2.80071, -518.147, -118.027
7.09746, -556.594, -553.573
3.35398, -271.981, -225.271
6.51634, -104.679, 199.788
3.88599, 415.999, 441.875
4.44586, -238.561, 16.7011
7.19936, -769.62, -242.81
6.24573, -5.32784, 872.433
3.44774, 428.129, -639.854
6.89581, 165.737, 67.8604
6.8953, -10.5314, -213.487
3.30515, -185.354, -69.9279
5.87346, 5.47059, 367.076
6.89096, 195.698, -15.2344
6.98262, -435.701, 875.783
3.06535, -158.592, 49.0243
5.93789, 284.778, 516.06
3.21651, -207.66, -424.844
3.6901, 264.803, -62.2021
5.64383, 488.146, -487.703
4.312, 239.91, 380.536
4.64437, -692.33, -542.069
4.91936, 486.971, -305.054
6.20379, -252.514, -317.645
3.23098, 650.686, -340.476
7.36238, -209.132, -161.302
7.3158, -33.1413, 44.9543
3.14741, 327.153, -324.143
5.3784, -425.966, -309.957
4.66439, -343.265, 258.499
5.50066, 10.3075, 281.235
5.85098, 83.9491, -119.577
4.5137, -863.234, -328.875
6.46691, -683.692, -570.915
4.89889, -718.818, 683.775
5.72449, -614.905, 280.569
4.28836, 1072.34, -271.284
5.96794, -67.4056, 589.892
5.83428, 293.69, 452.554
3.22071, 552.467, -313.233
7.10415, 57.1739, 170.715
4.22228, 505.934, 1012.63
6.66824, -274.54, -241.751
2.74349, 312.048, -252.992
3.27936, 156.56, 1.66482
2.55765, 475.968, -340.868
3.94327, -23.9608, 78.3421
5.07295, 330.703, -222.293
3.65948, 69.797, -1016.12
2.75022, 376.189, -201.268
5.33091, 25.1605, 259.424
6.69774, -202.637, 166.004
4.28763, 397.505, 624.88
4.3452, 280.369, 381.923
7.22226, 204.571, 232.443
4.72425, -566.733, 371.414
6.82086, 83.3057, -19.8327
5.82654, 336.575, -446.829
5.79297, -405.62, -469.443
7.10736, 815.825, -591.001
5.11536, -878.47, 793.26
5.45229, -656.58, -236.698
5.79944, -208.431, -898.198
4.24765, -708.053, 302.748
4.11714, 381.821, -3.78431
7.08984, 277.241, 356.155
3.08619, -918.149, 404.881
7.31268, 300.69, -67.555
5.17978, 301.52, -272.593
5.81447, -528.043, -171.053
5.48362, -987.713, 449.842
6.93363, 25.1017, 280.544
6.67999, -190.185, -189.809
6.69339, 247.614, 351.851
6.85642, -101.005, -270.327
2.5002, 362.67, 625.719
4.77274, 87.8542, 452.466
4.25696, 844.664, -109.1
5.80713, 861.155, -893.486
6.22234, 233.785, -164.417
3.3821, -359.073, -995.705
7.4621, -476.164, 695.04
5.95466, 424.392, -295.451
6.97862, -45.5842, -53.2275
3.51579, 2.69424, -153.396
7.2356, 201.417, 588.761
4.88476, -1012.61, 495.297
6.78578, -1032.44, 631.171
6.41237, -329.106, -404.683
5.70687, -879.263, 784.13
3.14521, -250.445, 412.532
5.77944, 107.715, -606.984
3.09199, 46.6168, -55.8298
3.88793, 825.247, -9.39832
6.65548, 290.565, 884.47
6.14153, 960.003, 1148.72
6.74348, 914.065, -687.685
3.43989, 44.8579, -519.616
6.09602, -26.1204, -438.7
4.25586, -384.168, 438.842
3.34555, 549.544, 646
4.52383, -837.176, 159.759
4.20924, 9.04784, 312.958
6.67141, 44.031, 126.863
3.9111, -683.932, -1105.64
5.16766, 339.417, 356.988
6.25085, -349.784, 349.436
4.62554, -24.7776, 180.299
4.66964, 881.121, -135.416
3.03022, -1003.9, -252.544
6.4639, -114.089, -245.878
3.91232, -218.964, -200.724
7.14264, 879.04, 953.288
5.37926, 222.692, 347.297
3.4895, -6.8303, -498.51
5.99081, 59.5668, 241.989
3.07265, -230.941, -360.912
4.22945, 534.268, 533.306
4.15646, -176.665, -233.15
6.42735, -1015.33, 492.933
6.65775, 272.144, 408.37
4.21712, 710.645, -431.606
4.2603, -22.1563, 222.784
6.38197, -190.861, 107.247
6.58658, -384.655, -413.854
4.26157, 64.1658, -329.383
7.09559, -157.059, 74.547
3.2877, 569.588, 362.632
5.56029, 609.248, -500.348
5.54222, 79.0303, -29.617
3.16647, 687.822, 912.825
3.51409, 813.98, 1175.32
4.79457, 73.1178, -55.5519
3.48759, -522.824, 248.167
6.77118, 173.76, -244.172
6.54562, -356.468, -176.176
2.80131, 480.576, -734.005
6.50584, 438.019, -1121.22
5.49597, -50.1616, -1.93118
7.43182, -44.2751, 80.7394
2.65919, -661.919, -3.73111
6.8356, -746.889, 893.593
3.69109, -73.7897, 386.377
3.6127, 245.765, -684.204
4.73907, 1307.49, 611.481
2.61231, 348.173, -197.347
6.79755, -62.8674, 4.8219
4.15902, 381.945, -1470.81
5.72195, -379.336, -329.868
7.43521, 578.334, -85.8043
5.30162, 112.345, -450.298
4.74553, -20.7834, 129.635
5.213, 133.948, 6.7515
2.90797, -189.736, 23.4956
3.99606, 936.568, 667.148
6.63964, -1027.8, -274.099
6.48936, -715.412, 108.322
5.71048, 75.0536, 110.418
4.84105, -324.51, -266.771
7.15326, 305.372, 836.494
5.08798, -171.392, -239.895
7.42924, -1004.56, 689.652
5.94567, -40.9811, -25.7608
6.19966, 34.3295, -27.4171
3.46323, 663.996, 345.931
6.08881, 878.173, -612.873
6.11146, 145.565, 366.562
6.49298, -243.527, -305.572
4.23216, -1000.2, 193.054
5.1481, 193.827, 554.923
3.19001, 134.069, -556.011
6.73218, -85.9858, 20.9893
6.32766, 362.775, -254.813
7.5, -986.008, 436.988
4.24891, -1358.45, -590.601
5.50367, 823.999, -63.5825
3.50808, 13.2437, 1061.16
6.2385, -802.908, 155.963
6.49225, 341.907, 379.546
3.03505, -523.478, 514.734
5.35813, -17.5209, 279.233
2.84683, -1299.75, 507.083
4.16036, -135.953, -271.785
5.80945, 11.1509, 83.1808
5.27726, 263.903, 937.664
7.12415, 135.503, 49.8061
2.69832, 229.266, 411.162
2.62083, 665.321, 605.003
4.61923, 29.099, 279.438
4.36987, -42.3637, 315.771
2.93303, 641.207, 446.801
3.05403, 127.743, -110.71
5.31992, -852.152, 163.475
7.37269, 22.527, 243.364
3.05066, 64.2777, -1021.36
5.99352, -817.187, -968.997
2.79674, 288.443, 835.729
4.69755, 226.617, 55.8678
5.24651, -605.476, -497.039
3.45129, 50.513, -90.4394
7.36597, -30.8366, -307.966
3.19593, -106.599, -429.954
5.48978, -778.131, 297.382
7.12812, 191.151, -745.214
3.91116, 61.0838, 329.974
6.8307, -207.717, -21.4373
6.29598, 529.901, -477.279
6.10793, 107.842, -339.412
3.34241, 391.235, 502.92
3.32882, -429.199, -547.237
3.39076, -187.469, -263.118
5.87226, -14.1362, -305.594
4.83484, 48.1722, -148.894
6.85219, -15.7058, 278.517
5.76023, -46.9405, -270.746
5.80464, -494.378, -159.215
2.58037, 258.078, 359.199
4.30596, 1207.59, 785.177
3.72747, -56.7437, -444.011
6.93086, 657.339, 627.055
5.23701, -1462.3, 7.30523
6.57209, 181.452, -297.009
5.24453, -320.454, -631.869
4.16156, 2.88793, 409.082
4.40213, -508.439, -782.114
2.52389, -521.303, -23.0868
6.95226, 128.964, -19.1911
6.16955, 577.967, -69.7719
6.04239, 186.737, 446.893
5.1278, 661.566, -543.365
6.41065, 84.0862, -36.5196
3.42484, -125.787, 305.287
5.72673, -3.31214, 153.921
3.42178, -60.9265, 207.585
3.31214, -738.069, 199.032
2.65594, 589.386, -69.5544
7.42716, -117.661, -30.722
4.04559, -20.8933, -111.76
4.11075, 16.0442, 265.649
5.51155, 162.428, -25.4726
2.89107, 971.807, 90.366
3.93936, -293.118, 214.097
5.79307, 594.977, -326.317
7.36348, -194.17, 133.777
7.27758, 742.997, 229.561
7.42745, -281.025, -283.369
7.30478, 67.6847, 169.213
3.0073, 44.6699, -355.767
3.71505, 38.0588, 376.304
6.91151, -186.709, -133.285
5.28805, 355.257, 276.08
6.7669, 109.208, -25.638
7.49145, 628.723, -387.008
3.99751, -838.717, 786.986
6.33157, -1536.56, -607.593
4.81901, -725.425, 36.2031
6.8168, -18.7271, 41.2524
6.99018, 199.493, 93.0058
7.377, -184.648, -191.942
2.77405, 214.021, 56.3871
6.32605, -329.021, 176.58
5.09219, 639.871, -766.721
3.46574, 34.718, 294.279
6.98252, -270.813, -93.2255
6.38492, -113.548, 129.841
2.75968, 104.681, -77.3193
7.47331, 493.793, -792.351
5.93659, 176.833, -211.378
5.94854, -523.301, -175.349
6.57666, 778.132, -478.083
7.05426, -49.4749, 284.597
3.34218, 362.816, 1202.04
5.24183, 775.201, -564.477
6.53351, -4.08319, 188.752
4.17803, 1.17659, -111.553
5.53435, 302.52, -312.273
6.59602, 349.855, -759.505
7.3485, 325.989, 25.674
6.29349, 3.56071, -204.411
3.72113, 365.955, -226.653
5.80589, 229.626, -202.078
4.21574, 227.742, 85.3714
7.27146, -190.541, -132.558
2.60828, 322.67, -900.855
4.54979, 631.074, -277.017
2.55789, -27.6302, 807.871
3.04964, 201.169, -97.2121
5.28259, 507.258, -738.01
4.45466, -187.107, 124.686
7.20539, 12.1196, -123.465
2.55572, -501.983, -166.488
6.22897, 146.779, 422.503
3.84293, 49.8682, -52.2302
4.27153, -324.335, -76.8359
3.45835, 1118.09, -1219.35
5.14832, -23.9014, -83.8868
4.39478, -237.104, -985.699
3.16407, -85.6816, -103.139
4.26563, 417.413, 17.7532
4.2497, -1176.41, 452.883
7.41084, -817.608, -549.582
5.25961, 33.1005, 319.945
4.99918, -758.969, -226.804
3.58531, 499.662, -669.21
4.37311, -85.0036, -132.728
6.78251, 281.685, 234.03
6.45578, -590.223, 928.179
3.9204, 806.403, -801.382
5.07645, 254.586, -569.426
6.79238, 123.455, -121.141
7.07844, 222.505, -460.308
7.48941, -648.801, -573.912
6.53177, -401.174, -451.119
5.22718, -82.9944, -335.243
7.3461, 403.768, -196.923
5.31931, -205.074, 216.943
4.03031, 591.483, -421.221
5.41853, 271.087, -87.0257
2.91197, -39.5601, -496.312
5.47382, 76.6626, -103.93
3.31968, 539.743, 728.057
6.46527, 284.363, 525.653
2.95373, -552.999, 191.234
6.3072, -232.079, 57.8082
6.83996, 79.6582, -25.8032
6.40105, 329.326, 67.193
6.61399, -728.422, -449.191
6.70974, 206.318, 114.72
4.48328, 559.255, 225.585
6.508, 193.252, -20.7443
6.56811, 328.145, 60.3759
5.43493, 506.825, 756.203
4.64621, 41.3293, -147.829
2.5002, 434.061, -495.989
5.31153, 161.866, -301.018
6.22632, 255.507, 355.375
3.89846, 855.142, 397.683
2.93406, -68.6183, -1200.89
3.5733, -496.013, 61.801
3.93296, -277.805, -82.0961
4.86595, 339.739, -309.472
6.95893, -718.448, -602.692
5.91955, 283.533, -150.829
3.54376, 28.2849, -7.5656
6.67533, 24.9084, 1.49103
7.09218, -498.81, -340.593
4.48244, 585.32, 326.772
6.37858, -87.5522, 309.301
5.68161, -237.825, -165.705
6.64746, -280.684, 205.003
3.40204, 64.8279, -245.298
7.45927, 311.141, -50.7851
6.70558, 256.273, -495.799
4.65177, -520.399, 69.1608
4.38589, -574.964, 116.208
2.70802, 202.815, 45.8086
6.80715, -295.595, -270.023
6.62116, -893.964, 661.503
6.25052, 67.1299, 373.966
3.55801, -6.48287, 217.024
4.31029, -163.838, 245.241
4.43545, 330.14, 472.224
7.32918, -918.672, -651.427
6.5872, -224.063, -24.1998
4.5755, -508.328, -77.9553
5.83759, 246.11, -37.2906
2.52101, -1003.6, 591.774
6.98048, -66.5574, 70.7676
3.68416, 522.283, 508.996
3.79415, -5.31293, -197.229
5.4939, 248.126, -188.923
6.89823, -724.908, 112.499
6.16299, 680.743, 210.871
6.0773, -575.245, -290.277
3.57724, 1332.53, -96.3662
6.30413, -1091.61, 673.943
3.85351, -133.793, -233.176
2.75246, -327.644, -263.595
4.78866, 170.663, -201.426
2.58759, 278.449, -188.397
3.01129, 920.471, -745.146
2.639, -449.833, 190.588
5.65921, -156.227, -344.243
6.34425, -101.246, 54.673
2.74132, -685.121, -279.811
6.6924, -285.73, -280.646
6.76899, -50.4921, 195.348
6.57649, 530.392, -511.622
6.85188, -197.465, -848.83
5.27222, 22.6126, 320.466
6.12646, 52.3859, 742.649
3.20424, -1160.49, 508.315
6.6115, -10.0188, -299.851
5.51185, -561.627, -884.713
4.93856, 5.06511, -199.671
6.14942, -95.957, 172.667
4.05164, -801.914, 462.561
3.93925, 102.786, -534.992
5.45857, 669.94, -900.598
5.34055, -905.242, 221.184
5.41059, 1087.53, 446.359
2.84132, 372.29, -691.664
4.34304, -487.618, 398.854
6.28475, -123.751, -98.7892
6.35297, 728.409, 797.525
4.27217, -29.4596, 47.992
5.98913, -149.423, 19.9788
5.08005, 762.638, 410.875
5.94494, -155.667, 136.836
6.18066, -757.374, -786.025
2.56231, -780.123, -626.239
7.16549, 13.4995, 187.885
5.37826, -572.174, -297.943
3.05587, 25.1698, -320.285
4.87388, -8.1759, -115.831
3.24247, 74.2618, -286.624
4.22594, -1799.39, -472.403
7.04476, -283.128, -102.787
4.54571, 778.826, -473.52
5.96642, -106.607, 165.87
3.35865, -148.65, -192.335
6.21715, -760.602, 431.659
4.16319, -40.8867, 105.016
4.62157, 89.2397, 87.3218
2.79523, 464.317, -286.818
5.09005, 213.83, 466.588
5.94425, -156.868, -271.936
5.01149, -48.7526, -247.189
6.56617, -199.622, -237.479
3.07974, -59.5542, 98.7852
5.24841, -20.7016, 437.671
5.06046, 213.167, 114.623
6.02649, -692.75, -569.672
5.65083, -179.072, -32.9804
4.0207, -98.0827, 86.4535
6.74719, -14.6104, 11.5455
3.39619, 414.519, -695.751
2.61737, -218.644, 56.0258
4.19467, 239.21, -374.122
3.43818, -670.036, -562.4
6.60467, -11.3149, 59.5751
6.72507, -12.7271, 898.836
6.78031, -778.959, 524.201
7.37454, 389.725, -267.344
2.99587, 245.473, -349.468
2.56182, -514.995, -618.031
2.58614, 203.283, -900.118
2.64527, 182.555, -215.04
4.1031, -732.69, -714.482
6.17815, -693.231, 298.519
3.14876, -56.5847, 360.227
2.5161, 267.906, -452.337
6.91905, 255.089, -293.163
3.70482, -21.8262, -512.607
4.38481, 288.592, -179.052
4.44879, -74.5743, 124.64
2.81534, 507.334, 212.765
7.30792, 299.701, 306.64
3.75349, 318.382, 68.2375
6.85376, -116.298, -330.544
2.85991, 450.069, -529.406
2.70653, 24.6998, -384.923
3.46378, 1.60838, -92.6259
3.86708, -193.013, -844.881
7.4007, -46.4798, -117.592
3.60607, 185.391, -1045.25
6.43119, 549.453, -788.237
4.42306, 159.191, -166.521
3.78593, -882.215, 658.825
3.91087, 61.0983, 179.584
7.33834, -307.829, -266.308
4.22841, -21.264, 97.8374
3.45922, 131.978, 336.572
5.05037, -196.478, 120.663
5.21857, 321.658, -925.265
5.72333, -67.0562, -139.846
3.89738, 344.862, -440.882
3.41887, -96.2765, -498.768
2.71579, 669.68, -841.999
3.98408, -104.307, 230.854
4.25548, 717.801, 228.351
7.09372, 596.981, -196.048
5.81225, 29.9388, -123.691
5.08041, -614.419, -553.346
4.03763, -587.432, -173.218
3.0007, 558.982, 550.186
3.47502, 11.6047, -272.354
4.11407, 668.835, 934.19
5.56182, 83.2316, -38.7028
5.13511, -430.181, 266.859
3.45653, -278.51, 794.444
4.7178, 1312.24, 734.842
4.48693, 1353.86, -272.491
6.28051, 30.8416, -26.2091
6.6213, -156.818, -31.8146
5.51573, -227.633, -298.376
3.04573, 87.5487, 139.7
4.11797, 593.39, -41.6757
5.03403, 186.577, -4.94828
4.76521, 442.348, 399.542
4.77315, 88.2666, -20.3627
4.91125, -342.874, -143.749
5.07896, -1187.41, 228.163
4.50207, -454.246, -863.202
4.22945, -522.829, -176.909
6.64533, -7.09836, -129.269
3.02204, 834.353, 123.669
6.40057, 66.8016, 458.935
3.19919, -66.9517, -73.7872
2.62171, 767.491, 1015.83
6.0664, -16.9177, -484.009
7.15538, -72.3465, -181.268
7.47667, 219.294, 128.169
3.86264, 26.656, 143.228
3.6923, -431.436, 426.907
3.87328, -41.771, -534.197
5.70836, 463.549, 408.675
5.17637, 184.141, -11.1451
6.8967, -752.684, 1095.2
6.75968, 269.708, 454.723
2.98004, -177.951, 215.214
4.66818, 70.136, -301.174
3.17045, -168.071, -126.36
5.86802, 279.709, -111.782
5.34964, -385.723, -3.43049
3.66474, 161.262, -608.583
5.50306, 203.4, 144.231
2.6551, -307.141, -77.8802
7.08512, 99.5537, 56.4395
3.82958, 436.81, 44.3894
6.50016, 42.2372, 17.1046
5.46389, -103.239, -61.5633
5.0822, 80.7194, -32.4699
5.2567, 402.935, -8.05297
3.47225, 80.8466, 94.7856
5.36152, -449.857, -440.439
3.81992, -233.141, 881.168
4.41648, 395.051, -1063.01
2.73626, -1.3791, 142.52
4.22823, 26.6472, -278.82
3.61594, -873.932, 1564.96
3.81264, 74.9999, 324.384
3.05141, -271.424, -208.991
7.40088, 23.3952, 105.658
5.93794, -581.216, -286.019
5.82158, -39.5349, 0.216644
5.99501, -89.3151, 262.751
2.68746, 118.041, -345.602
3.6706, -244.527, -261.755
3.95397, -969.476, -1479.21
3.50543, -98.929, 242.022
2.7177, -675.179, 640.609
2.56571, 570.711, -526.845
6.07297, 1257.12, -477.856
6.88348, 90.0916, 190.919
5.35088, 408.18, -723.251
6.92743, -349.818, -300.694
5.20042, -180.974, 140.902
3.31357, -577.137, 433.209
3.30492, -520.172, -754.405
7.19182, 149.216, -96.4505
3.45628, 302.785, -358.324
3.15761, -650.815, 333.747
4.41122, 348.926, -483.375
6.12674, -341.994, 743.419
2.50651, -1362.39, -251.403
4.60222, 848.55, -600.217
5.18984, 316.166, 116.122
4.86596, -228.833, 170.5
6.33003, -130.7, 44.8619
2.9396, 590.764, 151.489
7.04284, 344.661, 300.095
3.20818, 295.356, -364.311
2.54782, 61.881, -20.3879
2.82267, 153.148, 157.225
4.96742, 315.253, 339.875
5.40914, -53.7387, -148.108
4.03373, 725.427, -1395.99
4.57091, -8.60313, 377.42
4.33401, -364.262, -86.1992
3.42687, 14.3282, -1038.15
2.76788, -422.986, -646.19
4.47222, 79.95, 74.2235
3.98388, 552.986, 507.459
5.05388, 395.938, 339.013
3.75392, 483.111, -912.049
5.01589, 39.2062, -244.505
2.51168, 532.917, 66.7496
7.01807, -991.908, 432.66
2.79181, 899.069, 791.97
5.17506, 26.6363, 640.713
3.95754, 785.336, -369.638
7.3023, -203.348, 142.481
4.73406, -876.887, -569.793
5.08479, 181.808, -39.3093
5.93861, -96.7663, -421.046
2.72187, 29.6874, 15.9051
7.2946, 886.955, -743.524
5.70852, 15.4095, 347.678
2.80215, 263.958, -288.307
3.33964, 90.1543, 355.287
5.76491, 74.8328, 413.915
6.19864, 369.42, 625.16
3.57011, 192.269, -526.18
4.31441, -66.2642, -378.052
6.56981, 536.376, -399.568
5.32057, 270.684, -35.8787
7.45886, -46.093, -117.636
6.5669, 201.622, -123.351
3.49157, 595.037, -935.671
2.50003, -24.2548, -123.785
4.62608, -739.616, 904.785
4.07406, 576.169, 224.668
5.56218, -924.495, 167.722
3.83351, 79.5873, -111.097
4.39881, -172.397, -456.335
5.43397, -326.958, -676.88
5.95636, -236.992, 254.916
7.26736, 117.556, 36.4983
4.89785, 195.56, -527.285
3.60319, -761.754, 376.07
5.33741, 152.712, 46.8107
6.09873, 7.70285, -59.2685
4.4953, 830.954, -270.632
3.48326, 654.017, -366.546
6.66971, -136.533, -151.787
5.59561, 612.825, 53.2166
7.26866, 159.192, 396.998
3.23222, 486.842, 494.445
5.38953, 3.346, 46.9608
7.26796, 174.058, -298.369
3.62331, -1007.48, 440.759
7.25137, -73.2629, 33.0349
3.07874, 296.467, -26.3666
2.58372, -141.566, -385.68
3.90465, -113.142, -263.563
7.15042, -82.4385, 197.524
3.04796, -765.418, -249.141
6.77266, 94.697, 310.064
5.68532, 27.5643, -422.46
5.63853, 42.0129, -251.136
3.80589, -7.76111, 343.166
5.13936, 529.512, -518.895
7.16608, 27.7072, 99.2654
3.98055, 235.661, -96.1734
4.78006, -475.29, -330.785
6.35659, 50.4165, 812.907
4.17193, -365.968, -1343.37
6.31775, -55.3827, 162.475
6.65892, -686.664, 258.552
2.64618, 664.922, -662.344
4.31315, -188.142, -315.714
4.16221, -198.112, 480.158
3.17675, 22.8826, 54.7211
3.00839, 262.449, -839.687
5.11327, 515.799, 64.2543
3.52046, 181.423, -326.491
5.00728, -192.107, -232.785
5.1371, -939.517, 339.346
4.13422, -237.719, 148.045
4.75888, 184.671, -128.078
6.85263, 13.6393, -19.1231
4.72884, -14.9505, -196.023
6.03726, 264.72, -81.2467
6.83171, -684.72, 291.025
6.5822, 213.925, -78.7515
2.67504, -510.861, -244.719
3.8644, 102.478, 754.152
5.21858, 44.3139, 21.2784
3.19942, -364.772, 167.334
5.57408, 125.639, 84.09
3.29182, 337.237, -387.456
4.41129, 345.92, -142.426
5.94997, 174.557, 299.105
3.21128, 1034.32, -136.14
5.65284, 337.463, -53.5514
3.15973, -500.495, -810.495
7.13583, -91.4239, -1.6374
5.53465, 930.213, -1453.05
5.50388, 687.788, -327.158
3.33635, 216.695, 49.6967
3.301, 264.798, -330.166
5.91628, 11.933, 46.9705
5.1456, -48.3365, -236.473
3.65264, -716.425, -47.5703
6.55373, 8.69699, 290.449
5.76477, -153.02, -196.46
4.08597, 92.5299, 400.722
2.53953, -71.5428, 78.2529
3.49176, -132.242, -809.655
3.78831, -413.124, 439.324
3.03825, -81.5254, -306.415
3.49545, -609.232, -66.5921
6.75079, -988.183, 523.969
6.63912, -88.9473, -8.59468
6.76813, 262.709, 453.423
5.71027, 235.245, 23.5911
3.6787, -761.848, 709.402
6.80638, 183.169, 3.85718
5.4745, -287.239, 519.939
2.52745, -806.432, -745.73
6.84925, 374.643, 548.287
7.37729, 319.533, 343.504
5.59653, -685.358, -570.997
3.85574, 462.946, -146.922
7.46973, -163.005, -70.4993
4.60751, -270.241, 459.184
4.20537, 353.521, 627.434
4.80717, 327.021, -75.5228
4.44822, -304.279, -861.142
4.613, -1101.83, -297.333
2.84879, 114.974, 14.3927
5.5153, 261.305, -10.003
7.36114, 301.703, -117.373
5.07406, 65.9425, 203.555
7.45461, -144.912, 206.582
5.84906, -390.986, -1182.73
4.01716, -286.437, 160.937
3.47371, -574.029, -290.912
4.0109, -134.966, -322.836
4.93946, -88.704, -74.7032
4.72438, -495.134, -383.016
5.7844, -23.1912, -176.11
3.74227, 1207.3, 786.267
4.72007, -710.15, -641.764
5.75894, -124.617, -71.0493
6.67472, 406.878, -405.236
6.03698, 228.982, 207.993
4.93928, 141.635, 281.158
6.72039, 177.749, 284.651
7.00296, -68.578, 250.993
6.33082, 131.031, 345.973
5.29453, -714.976, -311.138
2.70603, 676.831, 103.568
5.46749, 230.452, -464.242
2.68674, 249.452, -861.441
4.53488, 229.135, 81.926
2.84243, 302.732, -309.445
7.38558, -58.4745, -164.631
2.5956, 889.268, 844.137
6.60363, 143.913, 329.113
5.2195, 920.436, -509.165
5.72828, -201.365, 404.223
3.62934, -51.0885, -191.878
2.733, -200.319, 266.431
3.63154, 39.2821, -96.678
4.58371, 452.758, -393.25
6.40126, -335.889, -27.0648
3.72852, 355.288, -759.274
4.81411, 10.8631, -40.8712
6.14756, -26.7493, -490.323
5.35237, 921.361, -208.71
5.45997, -401.124, -537.19
4.98425, 182.346, -302.058
3.951, -121.127, -202.968
4.71107, 190.174, -3.31299
2.53669, -520.259, 921.047
7.41683, -50.8189, -106.217
2.52822, -309.851, -143.117
4.8676, -104.471, 297.379
5.86497, 782.094, 1159.39
