6.27803, -372.246, -118.844
3.5948, 29.585, -174.664
5.89648, 264.683, -339.895
5.09708, -134.55, 339.558
2.76731, -472.441, 599.467
2.53849, 307.622, 155.041
4.58743, -448.423, -454.738
7.15218, 249.874, 22.0954
2.95982, 56.9227, 411.641
6.00595, -102.023, 46.8061
3.81226, 469.805, 283.53
4.14117, 174.748, -243.194
7.45519, 216.567, -3.93369
7.41275, -392.299, -150.149
5.75759, 256.338, -27.56
6.92354, 312.417, -307.933
6.33247, -121.119, -283.986
3.87453, -328.013, -171.218
4.93259, -390.641, -176.515
2.80282, 734.507, 463.323
5.08146, 74.1343, 328.75
4.96988, 486.562, -529.175
7.23882, -371.175, -324.729
4.42071, -17.8072, -311.415
5.14874, 452.328, -455.906
2.75042, 516.019, -315.506
6.63909, 297.822, 273.118
5.94228, -263.169, -411.315
6.18112, 22.7231, 334.417
6.94286, 431.504, 384.13
4.25508, -178.066, -273.482
6.72991, 344.876, 5.60886
3.84659, 243.493, 67.7693
4.83959, -86.0144, -162.648
3.2686, -394.321, -345.947
2.66527, 196.823, -6.67543
7.2768, 257.967, 1.4678
6.95369, 362.08, 160.266
3.29884, 194.318, 12.4584
3.15214, 218.881, -338.324
2.515, -600.918, -278.923
6.0491, -241.184, -230.234
3.40448, -434.844, 536.248
5.76029, 390.161, -250.362
4.42907, 171.26, -297.105
3.23766, 37.956, -117.161
5.45054, 201.237, 59.3809
3.24076, -103.828, 328.488
3.2091, 29.9362, 365.552
4.94257, -344.287, -246.857
3.13015, 165.065, 86.8311
5.64635, -103.086, -256.129
5.60817, 326.764, -318.253
4.88216, -349.559, 507.02
2.64188, -298.207, -257.773
3.21011, -202.11, 522.498
3.15594, -114.286, 467.242
3.31099, -578.494, 515.761
3.76529, 45.5085, -311.699
4.77654, 361.429, -556.233
6.54472, -2.01453, -150.442
3.57624, 36.1189, 285.009
3.75063, 319.932, 163.63
5.02978, 36.6014, 392.7
6.27922, 244.689, 14.2392
5.66369, 304.777, -72.5648
5.9449, 200.802, 96.2973
7.27207, 451.038, 429.535
5.18713, -486.08, 469.588
4.57014, -247.585, -205.976
4.70019, 243.601, 7.42696
6.07821, 433.297, 375.969
6.20858, 209.155, 9.02217
5.12494, 590.55, -458.928
6.06711, -270.831, -203.045
5.91025, 281.628, 118.8
6.82941, 356.324, -320.711
3.19597, -103.64, 489.936
3.57766, 361.946, -110.456
5.0733, -236.801, -191.677
4.83766, 37.5411, 395.137
3.55759, -198.223, 577.291
5.65244, -330.686, 367.525
2.5044, -597.588, 212.908
4.09589, 193.223, -22.4825
5.90281, 286.31, 200.558
6.0446, 220.271, -342.457
2.90869, -474.274, 480.029
3.56926, 267.849, 130.639
4.44412, -108.214, -486.741
4.44927, 547.395, 556.658
3.92018, 255.375, -292.355
4.6123, 298.382, 268.937
2.55658, -376.119, -396.429
3.72027, 524.032, -497.703
4.49072, -551.089, 458.197
6.64177, -385.508, 130.401
3.78584, 578.371, -495.465
3.59705, -400.845, -308.444
6.47385, 199.663, 109.73
5.8476, 163.818, 210.881
5.49108, -541.459, 167.383
5.99917, -75.6885, -251.744
5.13062, 228.119, -291.569
4.14833, 217.382, 24.3003
3.30844, -795.638, 216.659
6.56633, 234.986, 38.6843
4.08004, 320.686, -44.1414
4.05369, -67.088, -315.607
4.65424, 88.9641, -81.5345
4.46509, -236, -486.049
4.43916, 310.242, -241.156
4.34871, -563.604, -415.359
5.88118, 270.907, -384.874
6.10384, -168.616, -209.951
7.20082, 124.593, 374.058
5.08573, -217.486, -284.297
5.5282, -86.9081, 31.8757
5.85049, -342.234, 375.77
5.11404, 86.66, -251.469
3.87105, -522.946, 491.232
7.08924, 254.322, 112.295
3.73367, 475.912, -322.203
4.77876, 258.927, 67.2478
3.30374, -449.76, 434.275
4.68319, 253.914, 51.0206
7.45767, 335.161, 100.301
6.26931, -262.892, 377.418
4.97846, -453.27, -409.985
7.01651, -431.455, -361.814
4.68213, 300.138, 261
5.09239, -92.7965, -286.723
4.44866, 392.197, -297.812
5.63431, -90.2356, -267.711
5.19331, 240.428, 138.934
4.35955, 197.502, -365.387
2.54674, -53.3977, 91.7913
6.3794, 24.5065, -488.653
2.85317, -410.391, -302.305
3.98511, 202.333, -276.243
4.78581, 16.9507, -495.053
3.25156, -143.833, -284.158
5.97819, 182.677, -326.395
4.15587, 240.726, 23.1598
5.21197, 537.945, -530.535
2.64678, 609.3, -370.152
5.38086, -75.7745, -187.651
5.18133, 243.319, 25.6647
7.36678, -366.346, -288.39
5.57063, -168.789, -261.416
5.26431, -656.512, 225.759
6.69051, -124.484, 338.621
3.75764, -325.637, 403.597
6.98957, 257.438, 98.7622
5.97428, 331.712, -282.56
5.82752, -347.673, -182.394
3.06838, -443.666, -302.371
3.37987, -223.434, 472.319
2.91253, -103.221, -269.582
6.68103, -80.9623, 79.7855
2.64818, 501.586, -817.121
6.34719, 26.8133, -262.078
4.29829, -398.328, 409.555
6.24626, 76.4278, 468.001
6.28385, 227.096, 28.3301
3.60834, -579.215, -253.479
5.58305, 219.459, 77.7433
3.66846, -339.686, -140.242
6.22052, -536.977, 330.352
5.80997, -413.704, -357.824
4.9209, 546.697, -461.719
2.58972, 319.274, -30.4826
4.98291, 247.895, 15.2409
5.09587, -263.121, -215.165
4.71395, -466.88, 12.8887
4.14528, 293.118, 339.583
3.52671, 347.046, 94.0178
7.19863, 28.9357, -64.0185
2.85168, -487.668, 125.212
3.30042, 36.2597, -168.063
6.70788, -261.54, -197.724
4.13614, -223.232, -197.039
6.85942, 223.812, -11.7993
5.99896, 476.455, 415.62
5.52801, 223.581, 59.7539
4.77536, 21.7073, -139.402
2.91543, -235.096, -213.729
3.94883, 331.801, 289.367
6.51009, -390.789, -408.47
6.81821, 294.539, 91.2521
3.81831, 252.003, -440.807
4.79881, -211.531, -139.773
4.95672, 196.115, -351.717
5.82344, -556.591, -257.644
7.31738, -386.3, -164.922
7.23022, 216.869, -310.165
2.81902, 250.642, -348.755
5.04829, -414.369, -161.044
6.13222, 487.816, 420.014
5.65882, 316.156, 45.6569
3.26658, -560.538, -443.507
5.09652, -465.564, 17.5333
3.52281, -403.917, 489.074
6.03231, 244.566, -336.819
6.05786, -395.318, -174.999
3.66304, -21.8644, -127.345
6.80594, 128.056, -69.0648
2.67122, 135.04, 191.009
6.26587, -489.06, 159.3
4.14789, 218.767, 44.3979
4.65309, -325.726, -320.005
7.33455, 326.116, 71.6494
4.05803, 516.226, 392.415
5.69762, 526.869, -594.207
5.95386, 214.291, 1.01046
5.36403, -37.7985, 569.72
6.60667, 560.973, -628.769
4.21807, -238.607, -177.542
5.09387, -451.607, -468.426
6.78438, -130.296, -262.529
6.18587, 295.342, 123.484
3.45992, -359.116, 152.559
2.83145, -196.299, 92.1339
3.60828, 568.925, -502.348
3.33656, 155.538, -134.85
6.31172, 208.359, -225.304
5.44905, -430.85, 194.8
4.65223, 485.498, 539.591
7.09618, 245.566, 5.35862
5.09668, 188.552, 103.008
7.38058, -306.859, -232.004
5.15714, -367.083, -218.242
2.98716, 236.405, -33.416
5.83983, 225.71, 87.023
5.44444, 255.169, 120.879
5.01137, -357.69, -239.223
2.75808, -590.532, -226.678
2.6753, -49.5696, -269.63
4.41484, -199.547, -242.731
5.55555, 272.947, 150.836
5.06574, 531.138, 523.71
5.98498, 306.7, 154.862
4.89891, -6.04009, -135.641
3.88323, 219.651, 341.398
6.01685, -307.471, -141.793
3.67701, 223.196, 24.6737
6.41501, -88.4553, -124.393
6.60589, -5.32675, 419.553
3.21842, -428.681, -276.416
5.75757, -401.289, 492.125
3.87677, 425.346, -393.742
7.26215, -426.456, 670.735
4.58238, -324.829, -174.087
3.03869, -107.637, 45.3037
4.70633, -477.103, 411.752
6.28811, -308.788, -179.14
2.77803, -356.762, -137.187
3.51241, 108.044, -61.7123
6.82305, 618.681, -504.922
6.52456, -35.2214, -190.042
2.78861, -545.434, -519.328
4.40304, 17.2853, -283.294
4.56124, -16.8344, 382.682
2.80071, -44.4336, 185.932
7.09746, 437.197, 391.31
3.35398, 476.317, 314.347
6.51634, -534.091, 120.585
3.88599, 112.863, 137.835
4.44586, -255.916, 371.196
7.19936, -44.2535, 468.338
6.24573, -148.445, -204.289
3.44774, -492.754, 655.507
6.89581, 185.902, 34.9228
6.8953, 244.746, -315.918
3.30515, -354.34, -226.329
5.87346, -292.925, -120.022
6.89096, 165.071, 69.6987
6.98262, 310.475, -59.0598
3.06535, -19.3964, 349.777
5.93789, -254.696, -224.39
3.21651, -168.755, -209.409
3.6901, 240.264, 100.909
5.64383, 315.442, -66.473
4.312, 320.402, 161.195
4.64437, 431.987, 327.785
4.91936, -61.8965, -325.232
6.20379, 20.224, -163.202
3.23098, -397.613, 502.685
7.36238, -327.058, -395.801
7.3158, -385.946, -147.031
3.14741, -443.591, 642.763
5.3784, -4.08052, -87.3433
4.66439, 288.748, 65.2162
5.50066, -216.084, -162.881
5.85098, -222.097, -191.338
4.5137, 526.068, 470.42
6.46691, 468.878, 370.811
4.89889, -96.2249, -179.764
5.72449, 248.796, 252.661
4.28836, -491.215, 458.469
5.96794, -282.583, -148.005
5.83428, -425.323, -371.258
3.22071, -329.001, 388.682
7.10415, -484.502, 173.183
4.22228, -33.1027, -177.999
6.66824, -74.0725, -232.387
2.74349, 291.451, -371.503
3.27936, -523.608, 212.479
2.55765, 9.79091, 408.191
3.94327, -56.759, 442.658
5.07295, -169.077, -280.306
3.65948, 405.055, 482.34
2.75022, -118.205, -232.284
5.33091, -484.731, -458.853
6.69774, -6.76878, 383.383
4.28763, -425.03, -436.835
4.3452, 68.8312, 340.757
7.22226, 253.322, 116.355
4.72425, -279.587, -93.4688
6.82086, 232.301, 19.3749
5.82654, -290.903, -389.176
5.79297, 45.5251, 387.819
7.10736, -632.251, 548.262
5.11536, 540.911, -454.844
5.45229, 240.968, -394.497
5.79944, 509.624, 333.582
4.24765, 279.837, -49.8838
4.11714, 283.56, 186.466
7.08984, -11.7196, 393.317
3.08619, 520.74, -457.928
7.31268, 247.908, 64.5299
5.17978, 28.3879, -160.187
5.81447, 458.518, 359.772
5.48362, 525.367, -460.368
6.93363, -475.842, -257.44
6.67999, -363.964, -408.319
6.69339, 230.748, 82.5284
6.85642, -107.198, 11.7783
2.5002, -509.318, -54.979
4.77274, 258.546, 52.4982
4.25696, -445.204, 169.585
5.80713, -210.685, 519.04
6.22234, -450.706, 145.267
3.3821, 78.2581, -138.959
7.4621, 515.163, -448.272
5.95466, -471.558, 195.906
6.97862, 196.767, 164.175
3.51579, 262.388, 289.792
7.2356, -438.298, -158.057
4.88476, 502.682, -465.815
6.78578, 567.496, -513.49
6.41237, -281.947, -225.795
5.70687, 555.291, -429.116
3.14521, -303.921, 121.446
5.77944, -34.2917, 537.089
3.09199, 65.9072, -263.658
3.88793, -68.8056, 408.501
6.65548, -157.39, -223.867
6.14153, -528.412, -399.671
6.74348, -659.593, 222.836
3.43989, -476.615, -75.7286
6.09602, 270.937, -198.971
4.25586, 273.351, 294.101
3.34555, -482.711, -240.818
4.52383, 390.732, -368.354
4.20924, 71.2065, 346.982
6.67141, 269.374, 190.365
3.9111, 481.398, 386.778
5.16766, -689.603, -490.651
6.25085, 542.144, -427.193
4.62554, -402.217, -355.273
4.66964, -327.483, 455.401
3.03022, 574.947, -415.963
6.4639, -187.742, -285.754
3.91232, -350.06, -318.455
7.14264, -411.25, -213.373
5.37926, 255.433, 113.362
3.4895, 416.255, -242.898
5.99081, 148.488, -266.272
3.07265, 171.059, -50.5883
4.22945, -32.2961, 341.541
4.15646, -416.618, -194.195
6.42735, 530.176, -440.227
6.65775, 231.19, 122.122
4.21712, -488.701, 442.595
4.2603, -145.114, 363.124
6.38197, -26.2795, -287.423
6.58658, 29.2563, 411.582
4.26157, -86.5674, 81.5181
7.09559, -405.09, -127.386
3.2877, 333.714, -100.625
5.56029, -347.735, 475.818
5.54222, -316.179, 385.622
3.16647, -131.219, -251.707
3.51409, -498.147, -333.417
4.79457, -412.016, 425.081
3.48759, 82.1608, 325.549
6.77118, -597.712, 72.6505
6.54562, -384.723, -330.563
2.80131, -432.601, 462.842
6.50584, -498.704, 491.375
5.49597, -61.2058, -286.246
7.43182, -520.511, 194.805
2.65919, 174.832, 438.594
6.8356, 602.313, -480.017
3.69109, 250.344, 15.4177
3.6127, 462.956, 52.7544
4.73907, -428.51, -448.129
2.61231, 354.909, -155.29
6.79755, -36.8664, -177.362
4.15902, 234.484, 15.7867
5.72195, 197.137, -26.4016
7.43521, -319.593, -384.37
5.30162, 264.769, -304.551
4.74553, -257.87, -272.134
5.213, -41.8259, -276.343
2.90797, 236.75, 40.413
3.99606, -275.022, -187.258
6.63964, 483.236, 409.458
6.48936, 463.956, 368.951
5.71048, -21.1268, 395.344
4.84105, 206.835, 16.9842
7.15326, -210.003, -270.985
5.08798, -51.379, -175.469
7.42924, 564.402, -472.911
5.94567, 1.1053, -313.22
6.19966, -120.935, -281.472
3.46323, -595.448, -409.749
6.08881, -341.12, 464.829
6.11146, 407.138, 182.047
6.49298, 236.779, 36.0447
4.23216, 283.302, -294.76
5.1481, -81.1229, -244.508
3.19001, 364.665, -119.465
6.73218, -233.877, -201.506
6.32766, 21.8188, -286.56
7.5, 514.534, -453.664
4.24891, 408.113, 549.776
5.50367, -356.057, 466.273
3.50808, -313.02, -116.342
6.2385, 87.8482, -79.12
6.49225, 302.748, 90.7595
3.03505, -777.217, 336.491
5.35813, -358.069, -262.477
2.84683, 172.381, -352.45
4.16036, 513.552, 323.193
5.80945, 157.035, -326.854
5.27726, 22.067, -132.374
7.12415, 239.465, 181.292
2.69832, -230.618, -363.923
2.62083, -182.301, -227.828
4.61923, 148.146, -348.253
4.36987, 208.362, 155.184
2.93303, -224.259, -138.033
3.05403, -0.471137, -117.535
5.31992, 255.383, -450.751
7.37269, 94.3302, 319.913
3.05066, 26.0799, -322.973
5.99352, 63.9141, 331.053
2.79674, -104.749, -246.651
4.69755, 218.929, -1.52132
5.24651, 501.671, 576.891
3.45129, 342.269, -439.747
7.36597, 224.755, 133.198
3.19593, -196.891, -191.796
5.48978, 484.37, -417.715
7.12812, -492.243, 459.93
3.91116, -6.03824, 407.923
6.8307, -145.151, -81.8052
6.29598, -241.619, -282.394
6.10793, 231.597, -65.2827
3.34241, -69.6394, 57.307
3.32882, 439.225, 609.682
3.39076, -306.411, -220.459
5.87226, 260.342, -299.675
4.83484, -135.772, -202.915
6.85219, -440.049, -466.058
5.76023, -259.395, -301.443
5.80464, 517.222, 464.586
2.58037, -418.223, -310.519
4.30596, -467.538, -434.707
3.72747, 310.973, 111.4
6.93086, -512.328, -459.213
5.23701, 642.336, 421.248
6.57209, -45.4751, -256.197
5.24453, -39.0093, 380.678
4.16156, 273.403, 81.3909
4.40213, 93.3719, -366.933
2.52389, 369.673, 428.254
6.95226, -175.943, -271.594
6.16955, -328.28, 453.956
6.04239, 10.9397, 431.317
5.1278, -127.119, 185.263
6.41065, -25.1161, -298.679
3.42484, -234.468, -294.794
5.72673, 223.113, -22.0685
3.42178, -335.979, -185.68
3.31214, 350.938, -403.034
2.65594, -264.903, 523.141
7.42716, -94.1576, -321.897
4.04559, -116.212, -244.242
4.11075, -385.539, -187.839
5.51155, 253.923, 182.506
2.89107, -377.999, -380.291
3.93936, 84.0513, -45.4207
5.79307, -208.067, -278.011
7.36348, -455.449, -468.763
7.27758, -488.765, -360.923
7.42745, -321.217, -198.363
7.30478, -418.942, -314.463
3.0073, -309.573, 379.774
3.71505, -186.174, -163.023
6.91151, -125.195, -239.927
5.28805, 223.323, -24.7336
6.7669, 522.851, 352.724
7.49145, -395.151, 419.45
3.99751, 281.797, -392.288
6.33157, 434.233, 400.998
4.81901, 257.045, 170.055
6.8168, -405.087, -269.699
6.99018, 193.976, 52.7632
7.377, 122.216, -296.54
2.77405, 179.932, 39.5574
6.32605, 535.548, -504.39
5.09219, -457.568, 431.924
3.46574, 201.658, 60.3303
6.98252, 290.463, -271.527
6.38492, -475.287, 209.33
2.75968, -20.6975, 310.708
7.47331, -449.651, 390.437
5.93659, -252.92, -309.957
5.94854, 433.646, 362.156
6.57666, -315.18, 368.169
7.05426, -260.796, -274.753
3.34218, 50.2786, -151.124
5.24183, -458.46, 456.199
6.53351, -338.663, -187.022
4.17803, 244.183, -363.659
5.53435, -147.598, -277.728
6.59602, -425.637, 195.075
7.3485, -19.0697, -190.111
6.29349, 248.129, 100.383
3.72113, -142.462, -260.656
5.80589, -574.705, 168.426
4.21574, -740.513, -441.591
7.27146, 115.589, -263.971
2.60828, 276.659, 601.708
4.54979, -586.617, 550.621
2.55789, 654.715, -508.633
3.04964, 219.753, 116.924
5.28259, -427.188, 121.493
4.45466, -95.9654, -251.699
7.20539, -117.211, -123.39
2.55572, 406.766, 91.5945
6.22897, -189.104, -181.757
3.84293, 216.698, 73.3552
4.27153, -151.305, -248.123
3.45835, -400.452, 578.131
5.14832, 237.279, 131.978
4.39478, 116.38, -271.744
3.16407, -34.5647, -302.196
4.26563, -233.972, -285.673
4.2497, 583.105, 516.486
7.41084, 201.083, 94.106
5.25961, -3.68259, -11.971
4.99918, 41.1774, -415.162
3.58531, -490.633, 193.529
4.37311, 188.523, -273.717
6.78251, -746.036, -474.26
6.45578, 580.841, -359.758
3.9204, -316.851, 376.186
5.07645, 301.417, 1.11745
6.79238, -91.2227, -240.414
7.07844, -209.901, -257.706
7.48941, 62.1815, 352.717
6.53177, 95.1681, -97.841
5.22718, -210.872, -239.564
7.3461, -139.561, -369.211
5.31931, -531.961, 110.159
4.03031, -348.313, 462.922
5.41853, 464.136, 392.457
2.91197, 238.988, -218.559
5.47382, 227.548, -62.2029
3.31968, -585.597, -569.517
6.46527, -494.428, -339.231
2.95373, 613.883, 167.406
6.3072, -378.739, -239.501
6.83996, -33.1623, -185.611
6.40105, 108.864, -74.021
6.61399, 551.974, 446.884
6.70974, 258.162, -41.5694
4.48328, 108.684, -147.276
6.508, -75.0996, 10.1788
6.56811, 238.752, 50.7318
5.43493, -305.915, -208.192
4.64621, 240.737, 23.7675
2.5002, -72.3666, -253.317
5.31153, -487.559, 219.273
6.22632, 236.594, 74.6286
3.89846, 333.188, 89.8734
2.93406, -363.616, 311.261
3.5733, 531.757, -492.845
3.93296, -289.273, 304.055
4.86595, -287.562, 377.037
6.95893, 485.68, 556.369
5.91955, 204.196, -331.793
3.54376, 301.099, -330.404
6.67533, 341.935, -109.29
7.09218, 537.257, 456.143
4.48244, -496.501, -190.378
6.37858, 264.571, 269.756
5.68161, -114.854, -249.614
6.64746, 211.493, 73.1378
3.40204, 206.943, -359.238
7.45927, 207.054, -302.299
6.70558, 17.6723, -294.737
4.65177, 280.771, 204.362
4.38589, 352.771, 519.134
2.70802, 303.864, -284.893
6.80715, -377.227, -298.971
6.62116, 473.918, -471.059
6.25052, 62.3406, 357.177
3.55801, -153.327, 414.076
4.31029, -293.66, -121.857
4.43545, -386.557, -387.033
7.32918, 472.926, 405.09
6.5872, 37.2261, 439.285
4.5755, 135.066, 353.344
5.83759, 223.08, 96.5208
2.52101, 473.05, 367.986
6.98048, -489.708, 135.267
3.68416, -66.0642, 52.8896
3.79415, 265.825, 58.8938
5.4939, 219.479, -323.681
6.89823, -229.062, -4.10916
6.16299, -391.44, -499.808
6.0773, 458.801, 385.01
3.57724, -416.439, 473.881
6.30413, 582.734, -436.351
3.85351, 120.299, -69.8026
2.75246, 213.001, 19.1664
4.78866, 237.227, 11.9284
2.58759, 222.408, -268.27
3.01129, -124.798, 187.994
2.639, -77.9835, 88.3826
5.65921, -164.657, -264.538
6.34425, 10.864, -171.619
2.74132, 181.666, -338.399
6.6924, -55.3784, -255.002
6.76899, -236.001, -199.794
6.57649, -444.626, 476.386
6.85188, 398.641, 447.313
5.27222, -313.596, -254.413
6.12646, -161.71, -227.79
3.20424, 130.482, 357.83
6.6115, 231.604, -334.919
5.51185, 269.866, 149.406
4.93856, 214.539, -336.235
6.14942, -149.922, 335.075
4.05164, 473.288, -492.565
3.93925, -356.048, 185.386
5.45857, -440.934, 432.142
5.34055, 394.072, 467.65
5.41059, -387.524, -311.466
2.84132, -497.842, 334.435
4.34304, 126.603, 9.47483
6.28475, -425.385, -400.266
6.35297, -494.687, -299.305
4.27217, -398.961, -171.595
5.98913, -44.6213, 358.767
5.08005, -302.414, -157.456
5.94494, 273.37, 82.3622
6.18066, 74.7935, 455.59
2.56231, -143.982, -293.86
7.16549, 245.549, 55.7229
5.37826, 273.858, 298.309
3.05587, 691.138, 709.905
4.87388, -141.211, -283.759
3.24247, 294.407, 41.426
4.22594, 265.975, 258.638
7.04476, -462.852, 155.078
4.54571, 73.8263, 473.295
5.96642, -314.681, -227.806
3.35865, 208.798, -227.145
6.21715, 510.874, -442.412
4.16319, -456.658, 443.036
4.62157, 141.15, 67.2922
2.79523, 2.87127, -199.287
5.09005, 275.899, 194.852
5.94425, 167.37, -405.678
5.01149, -34.748, -176.844
6.56617, 0.376025, -291.537
3.07974, -80.9876, -261.448
5.24841, 254.376, 5.39695
5.06046, 293.573, 116.006
6.02649, 475.024, 364.777
5.65083, -145.208, 372.22
4.0207, -74.5521, -249.775
6.74719, 259.151, 57.5473
3.39619, 262.638, 29.8711
2.61737, -324.803, 46.3359
4.19467, 229.12, 25.4486
3.43818, 269.272, 159.717
6.60467, -10.3477, 12.4852
6.72507, -173.552, -210.279
6.78031, 584.776, -527.838
7.37454, -450.171, 430.825
2.99587, 250.945, -304.415
2.56182, 611.18, 511.238
2.58614, 211.951, 87.4467
2.64527, 223.613, -1.09953
4.1031, 64.2024, 19.0052
6.17815, 177.526, 71.0611
3.14876, 228.472, 38.5629
2.5161, -318, 263.493
6.91905, 16.6674, -295.106
3.70482, 210.397, -339.5
4.38481, -520.941, 449.581
4.44879, 224.685, 39.7298
2.81534, 147.267, 84.2316
7.30792, 133.918, 288.588
3.75349, 409.481, -234.171
6.85376, -315.479, -225.158
2.85991, -572.159, 395.594
2.70653, -406.028, 683.348
3.46378, 272.307, -336.272
3.86708, -174.464, 258.071
7.4007, -409.849, -389.058
3.60607, 249.394, -312.617
6.43119, -412.797, 385.528
4.42306, 147.366, -135.983
3.78593, 363.519, -434.723
3.91087, -457.849, 157.74
7.33834, 325.571, -45.6965
4.22841, 133.366, 33.6
3.45922, -322.482, 458.526
5.05037, -403.283, -117.529
5.21857, -238.2, 600.008
5.72333, -274.489, -464.096
3.89738, -187.126, 581.996
3.41887, -30.8632, -235.539
2.71579, -399.008, 137.358
3.98408, -343.474, -147.748
4.25548, -58.6766, 1.94397
7.09372, -328.037, 496.014
5.81225, 260.126, -159.507
5.08041, 447.057, 374.785
4.03763, 275.233, 114.33
3.0007, -66.3609, -8.06559
3.47502, 260.685, -300.657
4.11407, -28.349, -100.34
5.56182, 192.334, 12.3212
5.13511, 492.337, -349.019
3.45653, 38.0024, -59.8501
4.7178, -377.29, -485.928
4.48693, -409.751, 475.13
6.28051, -352.104, 389.807
6.6213, 468.918, 324.22
5.51573, 138.396, 12.4487
3.04573, 177.47, -239.283
4.11797, 252.423, 67.9375
5.03403, 334.801, 23.32
4.76521, -266.021, 409.732
4.77315, -40.2944, -256.262
4.91125, 485.929, 552.206
5.07896, 257.918, -335.305
4.50207, 31.1981, 345.022
4.22945, 457.852, 437.963
6.64533, 308.798, -64.2768
3.02204, -551.794, -60.6735
6.40057, 272.915, 223.863
3.19919, -155.293, -317.585
2.62171, -510.329, -443.527
6.0664, 187.914, -304.656
7.15538, -27.6059, -290.978
7.47667, 205.937, 53.8634
3.86264, -450.948, 144.962
3.6923, -337.246, -160.118
3.87328, 325.159, 627.059
5.70836, -394.357, -323.385
5.17637, 250.78, 32.9332
6.8967, 444.963, -288.283
6.75968, -428.741, -365.764
2.98004, 198.211, 19.6354
4.66818, -458.018, 176.782
3.17045, 38.4563, -266.791
5.86802, -137.583, 35.6443
5.34964, -166.303, -269.431
3.66474, -235.161, 703.245
5.50306, 257.966, -352.928
2.6551, -249.752, -299.751
7.08512, 270.402, -190.846
3.82958, 331.324, 68.9916
6.50016, -200.676, -270.033
5.46389, -30.1583, -260.429
5.0822, 315.964, -20.583
5.2567, 241.023, -1.42418
3.47225, 283.42, 317.242
5.36152, -87.5765, -220.143
3.81992, 266.999, 161.774
4.41648, -521.403, 548.99
2.73626, -397, -221.2
4.22823, 323.914, -382.573
3.61594, 300.891, -300.471
3.81264, -203.199, -194.711
3.05141, -106.485, -244.608
7.40088, -322.639, -229.462
5.93794, 477.179, 409.038
5.82158, -403.66, -113.781
5.99501, -448.984, -355.576
2.68746, -331.055, -393.514
3.6706, -266.377, -128.171
3.95397, 420.271, 386.624
3.50543, 39.5371, -142.033
2.7177, 239.07, 86.2321
2.56571, -381.983, 327.188
6.07297, -401.141, 493.153
6.88348, -417.52, -314.173
5.35088, -449.601, 190.972
6.92743, 686.617, 675.694
5.20042, -331.477, -162.297
3.31357, 550.443, -467.56
3.30492, 494.452, 457.219
7.19182, 297.748, 27.2056
3.45628, 125.829, -314.587
3.15761, 296.376, -380.156
4.41122, -8.2001, -183.929
6.12674, 187.231, 112.267
2.50651, 532.755, 523.124
4.60222, -252.371, 386.506
5.18984, 249.605, 187.482
4.86596, -134.713, 175.027
6.33003, 462.831, 288.823
2.9396, 224.046, -349.664
7.04284, 225.467, 58.3983
3.20818, -411.963, -719.292
2.54782, 245.405, -19.5717
2.82267, 324.264, 123.536
4.96742, 231.93, 76.988
5.40914, 483.553, 389.725
4.03373, -437.125, 409.638
4.57091, 240.06, 57.9167
4.33401, -368.774, -324.259
3.42687, 43.3426, 381.863
2.76788, 231.173, -29.031
4.47222, 255.878, 57.7622
3.98388, -58.821, -55.9204
5.05388, -487.806, 327.67
3.75392, -457.66, 192.08
5.01589, 497.002, 542.591
2.51168, 44.3796, 439.129
7.01807, 529.935, -457.738
2.79181, -457.601, -586.07
5.17506, -324.872, 392.935
3.95754, -506.414, 391.042
7.3023, -324.266, -180.727
4.73406, 261.959, 199.511
5.08479, 319.817, 105.005
5.93861, 5.3209, -195.871
2.72187, -125.935, -66.1344
7.2946, -551.123, 524.16
5.70852, 292.801, 61.0127
2.80215, 248.211, -291.271
3.33964, 305.244, 73.8107
5.76491, 257.512, 68.7729
6.19864, -511.145, -52.8376
3.57011, 424.046, 270.578
4.31441, 192.785, -136.94
6.56981, -341.823, 367.532
5.32057, 409.693, -233.451
7.45886, 24.2644, -279.906
6.5669, -483.92, 182.717
3.49157, -385.926, 90.6798
2.50003, 139.892, -285.325
4.62608, 597.268, -517.746
4.07406, 330.012, 96.1686
5.56218, 473.127, -417.877
3.83351, -128.96, -227.613
4.39881, -260.335, -298.37
5.43397, 302.175, 127.062
5.95636, -316.526, -303.803
7.26736, -83.1217, -259.811
4.89785, -280.067, -265.759
3.60319, -100.446, -272.62
5.33741, -383.098, -512.321
6.09873, 249.593, 56.7677
4.4953, -349.78, 470.571
3.48326, -335.995, 367.565
6.66971, -502.146, -250.683
5.59561, -577.57, -266.842
7.26866, -61.8905, -3.46815
3.23222, 3.12418, -74.5411
5.38953, -85.6979, -249.628
7.26796, -399.865, 449.615
3.62331, 690.937, -515.879
7.25137, -324.613, 386.131
3.07874, 362.076, -99.1485
2.58372, 233.237, -39.0789
3.90465, -145.31, -259.378
7.15042, 231.541, 29.1442
3.04796, 497.357, 539.949
6.77266, 79.335, 264.118
5.68532, -480.94, -217.937
5.63853, 222.829, -326.258
3.80589, 472.594, 310.955
5.13936, -441.51, 119.671
7.16608, -141.606, 350.005
3.98055, 183.615, 66.459
4.78006, 260.345, 0.713475
6.35659, -307.072, -635.511
4.17193, 250.446, 19.4033
6.31775, 31.5467, -291.959
6.65892, 141.681, 380.418
2.64618, -497.408, 524.043
4.31315, 378.222, -43.9719
4.16221, 306.108, -59.2499
3.17675, -236.154, -106.968
3.00839, -197.036, 581.658
5.11327, -312.39, 323.249
3.52046, -161.17, -288.914
5.00728, -415.396, -271.381
5.1371, 116.029, 385.696
4.13422, 173.526, -284.092
4.75888, 112.924, -258.309
6.85263, 51.5375, 374.959
4.72884, 485.412, 296.528
6.03726, -546.626, -235.746
6.83171, 582.617, -524.963
6.5822, 318.632, 113.746
2.67504, 743.937, 496.907
3.8644, -308.482, -132.117
5.21858, -72.3952, -241.57
3.19942, -321.613, -216.019
5.57408, -404.441, -221.781
3.29182, -407.811, -530.407
4.41129, 363.656, 82.5679
5.94997, -43.9143, 3.19811
3.21128, -402.355, 462.458
5.65284, -464.276, 468.135
3.15973, 49.7643, 347.9
7.13583, -474.028, 131.942
5.53465, -440.375, 377.709
5.50388, -450.575, 209.665
3.33635, 197.837, -348.575
3.301, -413.638, -718.369
5.91628, 259.313, 63.7257
5.1456, -319.975, -224.441
3.65264, 4.5235, 418.166
6.55373, -398.51, -273.318
5.76477, -157.312, -298.959
4.08597, -387.789, -377.273
2.53953, -197.563, -175.957
3.49176, 276.128, 418.127
3.78831, 346.712, 139.176
3.03825, 325.167, -58.9018
3.49545, 115.659, -27.3698
6.75079, 719.984, -374.148
6.63912, -421.041, 109.738
6.76813, -387.856, -378.751
5.71027, -23.4462, 476.056
3.6787, 607.147, -402.698
6.80638, -390.059, -278.09
5.4745, -149.983, 6.21911
2.52745, 317.537, 67.8142
6.84925, -431.381, -368.075
7.37729, 213.795, 54.5287
5.59653, 247.241, 121.882
3.85574, -433.751, 193.289
7.46973, -85.01, -253.137
4.60751, -325.955, -563.202
4.20537, -488.689, -299.343
4.80717, 184.357, 122.781
4.44822, 146.683, -128.63
4.613, 189.83, 502.907
2.84879, 304.456, 73.8248
5.5153, 14.3634, -146.53
7.36114, -14.4166, -19.1541
5.07406, -379.21, -296.561
7.45461, 211.231, 21.3065
5.84906, 184.002, 134.942
4.01716, -261.415, -292.83
3.47371, 455.373, 383.445
4.0109, -478.882, -226.7
4.93946, -305.613, 255.217
4.72438, 493.383, 391.379
5.7844, 267.675, -346.222
3.74227, -466.769, -433.828
4.72007, 227.446, 348.766
5.75894, -317.801, -212.93
6.67472, -499.728, 184.204
6.03698, 44.6347, 358.545
4.93928, -74.9912, -322.323
6.72039, 244.225, 103.989
7.00296, -317.592, -159.505
6.33082, -407.774, -281.139
5.29453, 359.991, 411.948
2.70603, 296.95, 50.5227
5.46749, 316.489, -69.3077
2.68674, -367.008, 369.7
4.53488, 256.672, 17.1228
2.84243, -409.734, -336.679
7.38558, -404.626, -230.192
2.5956, -366.526, -208.928
6.60363, -259.49, -149.641
5.2195, -530.389, 470.685
5.72828, 484.258, -207.331
3.62934, -22.7918, -173.541
2.733, 590.063, -579.362
3.63154, 172.206, -362.79
4.58371, -492.458, 287.777
6.40126, 253.395, -375.572
3.72852, -430.19, 191.399
4.81411, 215.374, -1.70999
6.14756, 278.683, 5.35079
5.35237, -450.992, 375.774
5.45997, 502.136, 557.033
4.98425, -384.457, 121.297
3.951, 302.711, 19.8962
4.71107, 19.7478, -170.659
2.53669, 564.927, -452.706
7.41683, 254.463, -204.749
2.52822, -366.786, -366.078
4.8676, 157.929, 269.588
5.86497, -223.261, -148.554
