6.27803, -3755.28, 2230.83
3.5948, -83.9022, 860.616
5.89648, 400.143, 202.137
5.09708, 492.337, -37.6042
2.76731, 7401.17, -7586.01
2.53849, -2624.89, 3362.24
4.58743, 10393.4, 6177.09
7.15218, 76.7196, -7.89414
2.95982, 1068.42, -627.176
6.00595, 311.909, 88.6498
3.81226, -354.613, 74.9756
4.14117, -27.3582, 118.911
7.45519, 636.939, -838.13
7.41275, 196.332, 112.599
5.75759, -510.976, -130.398
6.92354, 73.1131, -39.0275
6.33247, 283.337, -51.3377
3.87453, -2759.15, -1077.86
4.93259, -1351.66, -1195.79
2.80282, -9445.54, 2444.91
5.08146, 512.838, -174.456
4.96988, -6563, 2500.65
7.23882, 143.629, -69.2052
4.42071, 188.405, -9.79781
5.14874, -4900.41, 1260.93
2.75042, -323.411, 6558.02
6.63909, 605.824, 238.711
5.94228, 666.134, -292.856
6.18112, 456.777, 112.372
6.94286, -4826.5, -4147.11
4.25508, 6.70503, -22.1425
6.72991, 62.366, -290.057
3.84659, 908.721, -400.19
4.83959, 23.7269, 380.371
3.2686, 1.29834, -460.02
2.66527, 1052.43, -677.19
7.2768, -1429.21, -977.366
6.95369, 298.409, -27.179
3.29884, 320.314, 268.292
3.15214, 2259.96, -1396.06
2.515, 3787.24, -707.48
6.0491, 357.735, -61.035
3.40448, -451.565, 275.607
5.76029, -1174.72, 111.548
4.42907, 224.428, -59.3555
3.23766, 1419.71, 1440.76
5.45054, 676.795, -44.5956
3.24076, 3321.12, -1650.43
3.2091, -2727.15, -1565.45
4.94257, 329.213, 56.2431
3.13015, 502.636, 82.3675
5.64635, 1100.27, 323.23
5.60817, -0.821174, 118.679
4.88216, 4458.1, -6142.29
2.64188, -1082.27, 54.7099
3.21011, 5305.91, -751.889
3.15594, 670.141, -197.117
3.31099, 1733.77, -2668.04
3.76529, 591.104, -246.121
4.77654, -6298.27, 2991.56
6.54472, -256.808, -1286.27
3.57624, 199.037, -49.0292
3.75063, 93.9062, -132.404
5.02978, -1557.05, -2635.99
6.27922, 293.212, 57.0539
5.66369, -2135.19, -4221.74
5.9449, -2516.87, -1936.94
7.27207, 107.502, 165.406
5.18713, 6438.91, -3260.98
4.57014, 152.958, -3017.17
4.70019, -254.991, -205.081
6.07821, -2127.7, -1780.59
6.20858, -3176.54, -2305.91
5.12494, -4157.83, 3289.65
6.06711, 368.57, -128.756
5.91025, 253.327, 347.819
6.82941, 2419.67, -1937.04
3.19597, 339.911, 1851.67
3.57766, 89.5642, -65.171
5.0733, 1563.99, 2709.86
4.83766, 157.183, 284.18
3.55759, 4793.91, -4836.33
5.65244, 25.5383, 14.6791
2.5044, 3784.35, -5446.1
4.09589, -984.245, -3091.25
5.90281, 292.546, -61.1219
6.0446, 231.821, -73.4848
2.90869, 367.313, -65.4813
3.56926, 179.796, -476.721
4.44412, 217.615, 335.265
4.44927, -4731.96, -1584.46
3.92018, 113.293, 367.494
4.6123, 442.701, 262.142
2.55658, -2922.15, -237.359
3.72027, -6662.7, 3523.83
4.49072, -2625.11, -4251.48
6.64177, 1099.27, 338.305
3.78584, 731.18, -526.381
3.59705, -1077.34, 760.91
6.47385, 360.275, -57.2087
5.8476, 1896.59, -378.471
5.49108, 661.86, 997.151
5.99917, 3033.58, 2054.59
5.13062, 446.13, 740.143
4.14833, 281.478, 265.165
3.30844, 7484.5, 1311.63
6.56633, -47.3302, 148.782
4.08004, 91.0834, -566.529
4.05369, 757.858, 434.222
4.65424, 362.002, -3.25813
4.46509, 122.447, -78.2206
4.43916, 435.852, 323.111
4.34871, 217.604, 93.7435
5.88118, 169.868, -189.264
6.10384, 621.426, -3.06024
7.20082, -2645.14, 1165.38
5.08573, 1128.87, -574.165
5.5282, -494.405, -129.541
5.85049, 1780.17, -2684.25
5.11404, 156.765, 67.9799
3.87105, -47.4779, -288.924
7.08924, 211.459, 7.36404
3.73367, -236.169, 143.523
4.77876, 62.8558, -783.158
3.30374, -59.6709, -122.706
4.68319, 181.073, -111.474
7.45767, 890.133, -404.654
6.26931, 4849.07, -4643.65
4.97846, -19.6368, -666.222
7.01651, 299.768, -25.0041
4.68213, 515.455, -179.261
5.09239, 2418.85, -1874.39
4.44866, -2127.15, -3554.33
5.63431, 220.831, -122.063
5.19331, 125.205, -11.1617
4.35955, 257.653, 1042.28
2.54674, 288.826, -918.201
6.3794, 101.921, -102.188
2.85317, -233.262, -255.869
3.98511, 1124.18, 181.356
4.78581, -32.4089, 2062.03
3.25156, -26.4485, -119.69
5.97819, 40.9765, -440.976
4.15587, -242.315, -261.766
5.21197, -4137.51, 7295.81
2.64678, -3886.29, -2639.56
5.38086, 730.039, -718.74
5.18133, 389.136, -494.42
7.36678, 273.902, 276.035
5.57063, -48.0919, -194.104
5.26431, 3168.96, -5512.49
6.69051, 916.695, -339.181
3.75764, 597.441, -1153.8
6.98957, 428.942, 189.603
5.97428, 191.426, -111.861
5.82752, -599.69, 2627.58
3.06838, 796.882, -518.948
3.37987, -1939.62, -697.725
2.91253, -2129.4, 3376.47
6.68103, 206.385, -60.3431
2.64818, 967.778, 4459.94
6.34719, 352.095, 72.0781
4.29829, 202.621, -4187.62
6.24626, -1212.5, -436.725
6.28385, 382.399, 89.1
3.60834, 2644.75, -1593.25
5.58305, -168.925, 161.966
3.66846, 284.012, 23.4347
6.22052, -48.1704, -4153.72
5.80997, 38.1797, -479.988
4.9209, -4092.79, 7400.82
2.58972, 354.037, 32.0396
4.98291, -119.386, 476.718
5.09587, 283.464, 49.7192
4.71395, 671.67, 3796.22
4.14528, -2692.15, 1783.27
3.52671, 390.887, 17.6722
7.19863, 12.4662, 881.344
2.85168, 1165.98, 3507.38
3.30042, 263.207, -1266.73
6.70788, 19.1946, 63.0588
4.13614, 604.358, 60.3686
6.85942, -18.9479, 224.895
5.99896, 98.4541, 86.5995
5.52801, 676.149, 498.053
4.77536, 490.062, 244.38
2.91543, -552.061, 535.241
3.94883, -3936.95, -907.971
6.51009, 316.085, -2.76113
6.81821, 342.48, -1747.36
3.81831, -5529.14, 433.454
4.79881, 841.843, 774.033
4.95672, 239.544, 18.5288
5.82344, 1747.54, -2718.09
7.31738, 138.384, -120.564
7.23022, 602.518, -8.19425
2.81902, 1669.06, 268.622
5.04829, -390.588, -516.052
6.13222, 357.839, -310.533
5.65882, 249.5, -254.861
3.26658, -423.818, -817.752
5.09652, 673.064, 3797.91
3.52281, 7051.16, -2201.66
6.03231, 287.386, -124.815
6.05786, -1532.99, 7522.17
3.66304, 502.916, 296.844
6.80594, 204.795, 208.27
2.67122, 570.341, -436.581
6.26587, 1123.93, -173.616
4.14789, 408.188, 1287.67
4.65309, 6371.57, -1692.41
7.33455, 46.2652, -781.383
4.05803, -2005.24, -1753.44
5.69762, -7338.8, -110.48
5.95386, -192.719, 96.9449
5.36403, -352.171, -81.9093
6.60667, -4104.15, 7328.1
4.21807, -4403.75, 1657.07
5.09387, 416.529, 122.736
6.78438, 374.31, 1190.18
6.18587, -83.2741, 292.611
3.45992, 2366.95, -998.148
2.83145, 106.258, -63.4132
3.60828, -5285.76, 3282.61
3.33656, 275.875, 114.956
6.31172, 237.079, 57.4586
5.44905, 1981.66, -2535.77
4.65223, -7675.61, -500.141
7.09618, 1534.31, 139.451
5.09668, -1201.7, -1670.53
7.38058, -174.09, 110.56
5.15714, 684.433, 39.4834
2.98716, -1163.46, 386.677
5.83983, -478.683, -387.415
5.44444, -580.969, 3201.04
5.01137, 14.6578, -51.6986
2.75808, 305.15, 1492.88
2.6753, 392.02, -41.908
4.41484, -21.4407, 364.681
5.55555, -3243.03, -3515.34
5.06574, -7700.71, -494.542
5.98498, 606.938, 10.6573
4.89891, 24.0194, 254.08
3.88323, -7935.44, 23.9602
6.01685, -355.359, 3460.83
3.67701, 215.858, 621.283
6.41501, 286.112, 36.5808
6.60589, 63.9168, -269.826
3.21842, 4951.1, 4194.4
5.75757, -136.056, -599.529
3.87677, -1769.47, -2037.81
7.26215, 3498.43, -1262.98
4.58238, 24.737, -102.342
3.03869, -297.629, -874.216
4.70633, 369.653, -623.799
6.28811, 353.709, 270.065
2.77803, 800.039, 85.3058
3.51241, 269.789, -1.0033
6.82305, 741.843, -268.181
6.52456, 313.853, -63.69
2.78861, 823.078, 2043.68
4.40304, -193.168, 291.046
4.56124, 578.199, -209.883
2.80071, -2082.5, -1025.56
7.09746, -1194.19, -914.682
3.35398, 183.218, 3.6338
6.51634, 316.035, 248.638
3.88599, 3455.35, -873.332
4.44586, 214.212, 137.24
7.19936, -2191.91, 1356.67
6.24573, 200.056, 3539.45
3.44774, 5412.57, -5419.45
6.89581, 241.374, 147.787
6.8953, 106.576, -55.9886
3.30515, 282.337, -2060.87
5.87346, -88.8794, -624.293
6.89096, 259.67, -72.2822
6.98262, -815.258, 4809.42
3.06535, 452.694, -83.4866
5.93789, -2348.5, -1718.52
3.21651, -216.656, 52.6476
3.6901, -946.711, 384.099
5.64383, 3676, -2530.63
4.312, 549.793, 397.528
4.64437, -2325.33, -2117.2
4.91936, 1887.81, -2318.19
6.20379, 174.984, 2092.62
3.23098, -275.303, -420.713
7.36238, 381.979, 49.9923
7.3158, 351.63, 25.7287
3.14741, 3237.07, -1975.78
5.3784, 396.924, -308.69
4.66439, 351.823, -1148.17
5.50066, 131.09, 27.6564
5.85098, 510.067, 221.903
4.5137, -3839.43, -1345.52
6.46691, -2111.48, -1784.81
4.89889, -4653.51, 2203.73
5.72449, 523.27, -251.102
4.28836, 7425.9, -1148.51
5.96794, 257.831, -936.949
5.83428, 1206.63, 726.083
3.22071, 238.128, -68.6111
7.10415, 305.885, 153.401
4.22228, 1371.85, 4946.63
6.66824, 506.637, 324.404
2.74349, 300.222, -1019.32
3.27936, 1596.82, -2755.78
2.55765, 980.677, -178.989
3.94327, 453.751, -292.433
5.07295, 192.662, 931.878
3.65948, 1496.07, -4425.77
2.75022, 25.7956, -371.528
5.33091, 145.828, 62.4948
6.69774, 288.78, -609.39
4.28763, 818.431, -401.848
4.3452, 132.343, -717.997
7.22226, 210.073, -64.3512
4.72425, -1238.84, -33.0427
6.82086, -39.8549, 114.389
5.82654, -111.055, -931.277
5.79297, 867.858, 112.363
7.10736, 3194.93, -2376.07
5.11536, -4152.6, 3288.12
5.45229, -63.111, 714.006
5.79944, -202.316, -3275.41
4.24765, -1830.37, 1204.03
4.11714, 496.637, -71.8184
7.08984, 231.386, 954.129
3.08619, -6155.9, 2454.05
7.31268, -406.189, 488.601
5.17978, -110.792, 546.851
5.81447, 2022.87, 1219.67
5.48362, -6424.86, 3101.8
6.93363, 235.842, -891.278
6.67999, 790.154, -44.9022
6.69339, 307.845, 42.8661
6.85642, -542.196, -571.854
2.5002, -657.898, 2728.36
4.77274, -1394.19, -4107.09
4.25696, 1602.21, 131.029
5.80713, 6543.67, -4951.71
6.22234, -392.068, -170.004
3.3821, -1206.92, -5532.31
7.4621, -1383.92, 1568.97
5.95466, 364.936, -487.179
6.97862, -545.976, 242.485
3.51579, -1355, -643.508
7.2356, 618.502, 619.001
4.88476, -5853.19, 3214.25
6.78578, -5284.31, 3280.69
6.41237, 113.33, 136.021
5.70687, -3995.02, 3882.08
3.14521, -403.086, 114.207
5.77944, 319.269, -573.881
3.09199, 228.363, 91.0095
3.88793, 3225.07, 950.023
6.65548, 21.4697, 3000.91
6.14153, 4959.6, 6405.22
6.74348, 5533.98, -4143.86
3.43989, 218.256, 319.954
6.09602, 233.567, 31.1366
4.25586, 235.25, -231.016
3.34555, -85.0723, -277.766
4.52383, -5947.96, 654.314
4.20924, 114.552, -514.248
6.67141, -139.953, 161.415
3.9111, -4611.75, -7477.5
5.16766, 4737.38, 2688.73
6.25085, 1428.03, -2520.19
4.62554, 278.624, 33.4418
4.66964, 122.456, -21.1172
3.03022, -4269.43, -3209.83
6.4639, 297.733, 289.674
3.91232, -110.138, -123.783
7.14264, 4904.7, 7700.06
5.37926, -61.3251, 138.101
3.4895, -462.652, -803.878
5.99081, 177.866, -40.555
3.07265, 1516.73, -332.487
4.22945, 335.388, -1366.35
4.15646, 347.59, 262.092
6.42735, -6427.28, 3083.75
6.65775, 821.322, 308.11
4.21712, 270.026, 127.692
4.2603, -447.545, 60.3204
6.38197, 513.444, -86.0735
6.58658, 408.568, 493.923
4.26157, -722.332, -500.479
7.09559, 231.294, -79.7936
3.2877, 712.756, -259.113
5.56029, 13.898, -543.765
5.54222, 252.295, -9.25068
3.16647, 3642.18, 3635.53
3.51409, 4697.65, 6353.47
4.79457, 414.756, 293.984
3.48759, -172.241, 1650.21
6.77118, 29.8719, -223.226
6.54562, 1460.59, 1265.27
2.80131, 3096.26, -1963.65
6.50584, 1957.84, -5770.38
5.49597, 190.412, 52.2225
7.43182, 418.39, 210.021
2.65919, 148.217, -306.548
6.8356, -3942.98, 4659.67
3.69109, -2656.33, -867.136
3.6127, 2616.07, 1055.68
4.73907, 8172.38, 3815.39
2.61231, -402.436, -365.628
6.79755, 172.081, 181.432
4.15902, 495.23, -4687.43
5.72195, 475.404, -341.813
7.43521, -633.745, -216.314
5.30162, 407.227, -69.7523
4.74553, 309.616, -45.5781
5.213, 306.784, -597.256
2.90797, -3142.97, 1102.9
3.99606, 1665.69, 3424.77
6.63964, -4314.2, -787.806
6.48936, -5106.06, 2241.95
5.71048, 137.706, 28.7246
4.84105, 35.5669, 696.749
7.15326, 541.101, 2062.22
5.08798, 138.898, -685.842
7.42924, -5258.12, 3259.99
5.94567, -9.20817, 179.1
6.19966, 399.761, -592.065
3.46323, 1128.82, 1701.64
6.08881, 3401, -1895.33
6.11146, 455.582, -644.082
6.49298, 302.34, -3.20405
4.23216, -5956.37, 369.306
5.1481, -2687.1, -1551.67
3.19001, 953.133, -2.63172
6.73218, 51.2273, 54.2212
6.32766, 139.968, -102.37
7.5, -6425.32, 3114.93
4.24891, -9299.58, -2983.4
5.50367, -1198.96, -450.08
3.50808, -570.301, 3835.26
6.2385, -4082.6, 696.469
6.49225, 1267.18, -601.808
3.03505, -925.588, -22.1516
5.35813, 304.507, 28.2741
2.84683, -5907.81, 1957.51
4.16036, 643.411, 1352.05
5.80945, 165.52, -144.895
5.27726, 445.435, 4480.56
7.12415, 410.77, 664.503
2.69832, 383.515, 3101.59
2.62083, 559.94, 750.858
4.61923, 472.14, 213.976
4.36987, -724.422, 530.229
2.93303, 4247.21, 4196.61
3.05403, 0.0762844, 236.731
5.31992, -5819.51, 188.919
7.37269, 239.245, 164.055
3.05066, 191.258, -4305.78
5.99352, -3471.56, -3865.84
2.79674, 167.719, -387.341
4.69755, 1148.43, -674.37
5.24651, 1277.89, 490.607
3.45129, 421.328, -422.327
7.36597, -163.032, -74.2779
3.19593, 54.2008, 184.829
5.48978, -3458.7, 254.413
7.12812, 231.998, -77.3517
3.91116, -1910.75, 439.852
6.8307, 134.509, 172.183
6.29598, 777.094, -1184.16
6.10793, -162.424, 650.674
3.34241, 272.839, 4.7421
3.32882, 1765.41, -2853.47
3.39076, 121.702, 216.507
5.87226, 144.485, 76.4879
4.83484, -612.847, 922.665
6.85219, 265.836, -28.9757
5.76023, -418.949, 523.333
5.80464, 2027.49, 1211.92
2.58037, 329.542, -758.862
4.30596, 6870.02, 3847.5
3.72747, 85.4761, 1654.81
6.93086, 434.453, -527.189
5.23701, -8765.28, 164.058
6.57209, -264.799, -112.475
5.24453, 1451.05, -64.3409
4.16156, 583.363, -292.86
4.40213, -2035.75, -3649.72
2.52389, 2528.6, 510.538
6.95226, 67.9135, 154.509
6.16955, 483.867, 80.7548
6.04239, 446.246, -266.048
5.1278, 2152.22, -3205.01
6.41065, 135.32, -317.747
3.42484, 31.1102, -28.08
5.72673, 225.104, -34.4397
3.42178, 439.497, -93.8521
3.31214, -881.728, 655.656
2.65594, 1276.2, 1460.26
7.42716, 679.009, -119.832
4.04559, 596.253, -2.10773
4.11075, 1081.32, 107.517
5.51155, 47.8322, 139.502
2.89107, 6712.98, -1258.54
3.93936, -858.302, 99.4413
5.79307, -217.679, 983.972
7.36348, 680.713, -80.8015
7.27758, 4716.92, 1913.16
7.42745, 251.792, 305.447
7.30478, 313.818, -17.2163
3.0073, 733.355, -213.229
3.71505, -511.404, 3.58296
6.91151, 239.504, 137.875
5.28805, -16.5915, -101.358
6.7669, 261.767, -186.327
7.49145, 688.324, 92.4365
3.99751, -5661.66, 2170.32
6.33157, -10231.3, -3299.41
4.81901, 945.641, -1812.91
6.8168, -437.482, -380.727
6.99018, 132.726, -257.204
7.377, 448.834, -71.4878
2.77405, 537.762, 297.99
6.32605, -501.848, -60.7777
5.09219, 1832.92, -2614.63
3.46574, -442.166, 547.703
6.98252, 102.049, 75.8999
6.38492, 352.609, -88.5205
2.75968, 906.2, -2140.84
7.47331, 1708.6, -2640.37
5.93659, 339.779, 67.3396
5.94854, 2065.86, 1239.85
6.57666, 3328.43, -1624.67
7.05426, 374.687, -44.9903
3.34218, 3129.84, 5943.68
5.24183, 3326.89, -2438.11
6.53351, 105.739, -13.6512
4.17803, 323.915, 159.654
5.53435, 616.048, 342.731
6.59602, 1893.14, -2570.57
7.3485, 296.948, -165.101
6.29349, 783.072, 689.627
3.72113, 130.223, -1356.34
5.80589, 148.393, 73.0732
4.21574, -262.962, 136.9
7.27146, 145.901, -64.3393
2.60828, 3615.62, -3783.41
4.54979, 211.836, -17.7993
2.55789, -5144.47, 4530.06
3.04964, 332.642, 1925.95
5.28259, -85.9382, 290.308
4.45466, 263.882, 132.046
7.20539, 218.618, 27.3904
2.55572, 334.994, 107.737
6.22897, 1422.3, -3276.35
3.84293, 187.919, 64.0511
4.27153, 475.629, 457.184
3.45835, 7469.19, -7579.34
5.14832, -262.251, -280.872
4.39478, -1082.94, -6311.09
3.16407, 115.812, -342.62
4.26563, 543.765, -1216.96
4.2497, -5935.39, 3049.49
7.41084, -2528.15, -1950.02
5.25961, 343.17, -476.158
4.99918, -2013.32, -594.861
3.58531, 1661.13, -2381.21
4.37311, -155.765, -825.602
6.78251, 3876.72, 3516.27
6.45578, -3667.7, 7456.07
3.9204, 3338.92, -4292.06
5.07645, -411.533, -583.338
6.79238, 178.093, 36.0515
7.07844, 275.559, 116.098
7.48941, -2131.6, -1790.23
6.53177, 259.756, -59.9911
5.22718, 299.917, -565.442
7.3461, 881.08, -84.3135
5.31931, 935.763, 556.253
4.03031, -38.6464, 107.627
5.41853, 364.818, -54.7583
2.91197, 287.692, 71.8825
5.47382, -66.2132, -241.86
3.31968, 3354.87, 6618.42
6.46527, 1028.81, -52.8901
2.95373, -184.434, 1788.95
6.3072, 145.059, -671.405
6.83996, 242.365, -55.8043
6.40105, 334.812, -9.3217
6.61399, -1957.8, -260.03
6.70974, 276.82, -63.9278
4.48328, 241.404, 784.316
6.508, 239.87, 25.3735
6.56811, 11.754, 202.93
5.43493, 277.585, 649.536
4.64621, 298.424, 786.913
2.5002, -1458.01, 444.251
5.31153, 132.248, 48.2727
6.22632, -1081.51, 805.151
3.89846, 3885.67, 2374.45
2.93406, -1014.58, -5581.39
3.5733, 1058.58, 1286.42
3.93296, 724.057, 298.675
4.86595, 886.99, 243.237
6.95893, -2080.99, -1719.65
5.91955, -772.985, 230.212
3.54376, 399.511, 35.3033
6.67533, 303.978, 40.649
7.09218, 520.785, -1267.1
4.48244, 532.891, -390.404
6.37858, 1674.3, -80.5801
5.68161, 754.125, 619.496
6.64746, -401.105, 197.527
3.40204, 2278.27, 620.328
7.45927, 355.716, -148.512
6.70558, 236.735, 16.0291
4.65177, -74.7926, -628.572
4.38589, 199.735, 19.0437
2.70802, 295.23, -635.224
6.80715, -701.359, -1107.69
6.62116, -5172.91, 3079.78
6.25052, 2055.12, 1124.23
3.55801, 153.036, -96.9208
4.31029, -307.018, -97.3437
4.43545, 281.37, -175.876
7.32918, -3662.36, -2279.72
6.5872, -146.271, -147.305
4.5755, 2876.24, -399.369
5.83759, -209.803, 107.104
2.52101, -5023.26, 5366.23
6.98048, 153.101, -52.256
3.68416, -147.601, 1489.08
3.79415, 221.838, 63.0442
5.4939, 1635.3, 250.77
6.89823, 140.292, 76.7708
6.16299, 409.363, 270.246
6.0773, 704.125, -269.886
3.57724, 7388.69, -330.583
6.30413, -4978.1, 3922.75
3.85351, 320.93, -43.826
2.75246, 22.2076, -324.478
4.78866, -2157.51, 434.532
2.58759, 469.736, -154.507
3.01129, 7652.9, -4834.03
2.639, 3988.1, -2431.56
5.65921, 281.494, -373.352
6.34425, 289.913, 9.69923
2.74132, -364.227, -192.57
6.6924, 130.843, -159.412
6.76899, 299.123, 51.9825
6.57649, -129.066, 586.404
6.85188, 593.413, -5262.56
5.27222, 1285.31, -580.008
6.12646, 322.167, -213.321
3.20424, -5408.44, 4704.25
6.6115, 223.35, 17.2246
5.51185, -3240.79, -3511.97
4.93856, 210.691, -926.808
6.14942, 617.794, 296.319
4.05164, -1824.43, 1280.69
3.93925, -13.2882, -390.573
5.45857, 2453.46, -3070.11
5.34055, -3681.18, 1948.48
5.41059, 2973.29, 2510.18
2.84132, -493.118, 64.5038
4.34304, -1644.02, -772.513
6.28475, -307.115, -148.546
6.35297, 533.726, 3503.77
4.27217, 275.42, -159.359
5.98913, 97.7569, 117.426
5.08005, 1865.19, 1244.84
5.94494, 565.457, 435.537
6.18066, -1720.62, -1439.99
2.56231, -3306.99, -1871.72
7.16549, 211.201, -5.45686
5.37826, -109.681, -179.726
3.05587, 986.862, -201.739
4.87388, 348.209, 254.685
3.24247, 1963.97, -1299.6
4.22594, -10669.1, -2361.44
7.04476, 273.248, 49.4018
4.54571, 3350.82, -1618.28
5.96642, 99.5201, -127.625
3.35865, 241.409, -205.469
6.21715, -5805.4, 2004.99
4.16319, 300.474, -526.011
4.62157, 221.139, -13.4051
2.79523, 110.938, -292.283
5.09005, 490.857, 41.5088
5.94425, 529.975, -841.11
5.01149, 805.412, 205.014
6.56617, -10.7496, -235.998
3.07974, 270.456, 73.0139
5.24841, 423.232, -620.568
5.06046, 712.954, -300.352
6.02649, -2076.18, -1738.59
5.65083, 127.512, 109.049
4.0207, -329.557, 253.287
6.74719, 299.587, -25.4414
3.39619, 2061.38, -2535.4
2.61737, 507.009, 1843.82
4.19467, 828.259, 247.942
3.43818, -2070.77, -1934.69
6.60467, 428.697, 113.258
6.72507, 92.8076, 3512.84
6.78031, -3695.21, 2070.93
7.37454, 284.798, -53.4979
2.99587, 155.815, 83.7124
2.56182, -4796.33, -3536.98
2.58614, 675.941, 584.643
2.64527, 191.036, -886.692
4.1031, -1894.54, -1946.17
6.17815, -3773.71, 2239.92
3.14876, 862.011, -61.4207
2.5161, -3740.81, -794.119
6.91905, -1398.73, -1002.89
3.70482, -162.87, 9.99118
4.38481, 71.0976, 1461.28
4.44879, 422.885, 102.585
2.81534, 4400.61, 1667.83
7.30792, 214.946, 8.07255
3.75349, 783.689, -412.938
6.85376, 108.021, -130.009
2.85991, 3721.9, -4993.1
2.70653, 4927.38, -2934.03
3.46378, -522.156, 349.122
3.86708, -2487.56, -1989.39
7.4007, 210.998, -34.823
3.60607, 1476.46, -6045.5
6.43119, 1783.15, -2686.45
4.42306, -472.873, 1881.48
3.78593, -3421.15, 3990.2
3.91087, 276.335, -509.647
7.33834, 1434.11, 762.649
4.22841, -173.579, -99.7841
3.45922, -604.807, -790.553
5.05037, 574.299, -190.958
5.21857, 1330.42, -5390.7
5.72333, 837.836, -539.502
3.89738, -1212.61, 113.925
3.41887, 70.9641, 226.608
2.71579, 2510.07, -2925.33
3.98408, -401.798, 404.766
4.25548, 432.698, -260.451
7.09372, 221.666, -146.756
5.81225, -16.0732, 370.065
5.08041, -2123.5, -1808.18
4.03763, 204.732, -22.523
3.0007, 2067.84, 2206.81
3.47502, 385.733, 28.286
4.11407, 3711.27, 3711.75
5.56182, 134.936, -740.395
5.13511, 3567.2, -1803.17
3.45653, 282.653, -160.219
4.7178, 6592.19, 3887.24
4.48693, 7588.36, -1480.27
6.28051, 312.041, 223.002
6.6213, 713.308, -265.828
5.51573, -621.951, 717.485
3.04573, 91.8116, -587.52
4.11797, 2589.43, -841.532
5.03403, 174.819, -16.8571
4.76521, 871.305, -669.917
4.77315, 245.908, 281.424
4.91125, 253.133, -62.9862
5.07896, -5111.14, 881.895
4.50207, -2424.55, -936.751
4.22945, -154.151, -64.1129
6.64533, -397.501, -477.597
3.02204, 2417.23, -1774.73
6.40057, 218.815, -400.184
3.19919, 812.589, -602.835
2.62171, 4601.76, 5167.87
6.0664, 99.8259, 1025.86
7.15538, -302.014, 815.387
7.47667, -75.9793, -120.17
3.86264, 262.571, -39.1143
3.6923, -2002.32, 25.5134
3.87328, -530.76, -3522.7
5.70836, -906.977, -1011.07
5.17637, 248.144, 17.8503
6.8967, -3293.98, 5843.1
6.75968, 308.304, -95.5157
2.98004, 199.239, 87.3466
4.66818, 209.413, 290.928
3.17045, 441.518, -627.568
5.86802, 309.584, 47.904
5.34964, 622.175, -315.569
3.66474, 14.4739, -218.251
5.50306, 1388.06, 354.842
2.6551, 419.18, -422.356
7.08512, 290.897, 49.5086
3.82958, 447.996, -533.843
6.50016, 275.025, 41.9697
5.46389, 308.939, 162.826
5.0822, 281.014, 115.725
5.2567, 2863.56, -1494.99
3.47225, -22.4653, 37.0559
5.36152, -3400.76, 106.237
3.81992, -726.228, 8138.87
4.41648, 3331.8, -6811.19
2.73626, -265.995, -111.46
4.22823, 478.555, -385.621
3.61594, -3504.92, 8560.54
3.81264, 19.5847, 94.967
3.05141, 498.302, -312.703
7.40088, -71.0513, 193.667
5.93794, 685.95, -287.601
5.82158, 13.6448, 223.019
5.99501, 525.567, -83.1894
2.68746, 356.611, -14.7229
3.6706, 0.899448, 109.756
3.95397, -6701.04, -10077.7
3.50543, 35.2352, 460.32
2.7177, -3089.57, 4687.66
2.56571, -1933.91, 6.21744
6.07297, 7045.36, -2204.41
6.88348, 832.154, 96.8545
5.35088, 2102.53, -3830.37
6.92743, -3589.89, -4098.91
5.20042, -1930.28, -839.923
3.31357, -1790.29, 21.3063
3.30492, -3179.46, -2313.26
7.19182, 446.574, -104.539
3.45628, 432.044, 713.633
3.15761, -3306.47, -500.62
4.41122, 734.636, -775.007
6.12674, -595.016, 3185.67
2.50651, -7704.54, -487.801
4.60222, 5450.73, -3070.32
5.18984, -768.655, -190.656
4.86596, -1585.41, -655.208
6.33003, -240.336, 359.349
2.9396, -934.295, -1195.89
7.04284, 353.67, -179.912
3.20818, 712.258, -470.804
2.54782, 470.085, 65.1692
2.82267, -131.747, 797.767
4.96742, 324.833, -402.347
5.40914, 332.297, -70.1157
4.03373, 4562.98, -7939.99
4.57091, -206.83, -264.15
4.33401, 2022.43, 2254.87
3.42687, 523.326, -2511.21
2.76788, -3232.53, -2779.24
4.47222, 144.794, -82.997
3.98388, -1785.7, -1817.31
5.05388, 66.9717, -17.8602
3.75392, 2699.28, -4292.65
5.01589, -1743.11, 2938.61
2.51168, -67.3461, -18.9551
7.01807, -6424.58, 3110.51
2.79181, 3823.47, 4071.52
5.17506, 265.08, 3531.37
3.95754, 3124.14, -1130.51
7.3023, 233.223, -134.446
4.73406, -3696.26, -1335.29
5.08479, 216.953, -36.3204
5.93861, 1214.03, -991.204
2.72187, 428.03, -234.717
7.2946, 4323.97, -3101.06
5.70852, 474.85, 434.563
2.80215, -22.9348, 212.052
3.33964, 244.689, 347.186
5.76491, 376.56, 314.031
6.19864, -630.109, 2624.33
3.57011, 568.331, -244.567
4.31441, 955.326, -1933.31
6.56981, 20.9705, 24.135
5.32057, 270.578, 15.4481
7.45886, 181.167, 88.566
6.5669, 65.6921, 639.166
3.49157, 3971.66, -4997.3
2.50003, 14.9349, 1017.73
4.62608, -3923.3, 4680.26
4.07406, 1869.66, 1118.67
5.56218, -4066.89, 647.169
3.83351, -33.2188, 148.453
4.39881, 1735.14, 246.658
5.43397, 186.315, -141.919
5.95636, -2621, 267.534
7.26736, 274.719, 33.5687
4.89785, 284.62, 462.269
3.60319, 665.612, 1369.82
5.33741, 716.844, 575.775
6.09873, 457.204, -64.3561
4.4953, 1702.26, 185.545
3.48326, 1.636, -140.143
6.66971, 344.444, -128.244
5.59561, 630.071, 130.26
7.26866, -10.9935, 22.4838
3.23222, -403.305, 748.736
5.38953, -524.939, -414.784
7.26796, 300.823, -60.6833
3.62331, -6439.63, 3290.04
7.25137, 176.881, -236.902
3.07874, 495.771, -316.61
2.58372, -627.617, 27.184
3.90465, 576.979, -30.9776
7.15042, 606.473, -220.124
3.04796, 331.126, -28.4068
6.77266, 288.687, -180.738
5.68532, -531.313, 441.51
5.63853, 290.727, -186.978
3.80589, -667.087, 1277.76
5.13936, -1086.72, 157.665
7.16608, 2599.27, 1088.28
3.98055, -1114.51, -43.9933
4.78006, 130.758, 93.6762
6.35659, -1317.5, 5389.55
4.17193, -2321.08, -3637.27
6.31775, 369.766, 29.6628
6.65892, -2503.65, 2873.52
2.64618, 2708.91, -1832.21
4.31315, 196.136, -1109.35
4.16221, 291.982, 43.9469
3.17675, 2202.89, 2467.4
3.00839, 1458.53, -4525.3
5.11327, 379.744, -91.497
3.52046, 1010.71, -867.14
5.00728, 81.2397, -889.685
5.1371, -5716.77, 3907.63
4.13422, 81.284, -125.068
4.75888, 50.5574, -700.221
6.85263, -989.919, 657.404
4.72884, 380.249, 380.173
6.03726, 139.746, -37.3656
6.83171, -1844.24, 356.098
6.5822, 288.394, -504.493
2.67504, -4405.84, -1711.94
3.8644, -1016.41, 2179.2
5.21858, -1663.12, 1109.63
3.19942, 5431.94, -808.719
5.57408, 370.493, -400.027
3.29182, 780.642, -644.474
4.41129, 456.578, 574.573
5.94997, -847.02, -265.415
3.21128, 4388.16, 37.3546
5.65284, 385.007, 316.131
3.15973, -3773.25, -1685.46
7.13583, 293.835, -52.6724
5.53465, 6333.27, -9656.4
5.50388, 845.276, 861.646
3.33635, 1487.03, -231.678
3.301, -1945.81, 2426.48
5.91628, 420.611, -88.0495
5.1456, -422.358, 933.363
3.65264, -2143.48, 1172
6.55373, -234.542, 118.002
5.76477, 224.212, -191.52
4.08597, -166.135, 536.812
2.53953, 711.339, -609.97
3.49176, 119.066, -44.4873
3.78831, 222.773, -172.89
3.03825, 533.39, -1760.3
3.49545, -232.43, -575.702
6.75079, -6695.63, 3490.21
6.63912, 41.6565, 580.982
6.76813, 125.717, -73.9809
5.71027, 214.299, -69.1471
3.6787, -3300.01, 3413.19
6.80638, 546.972, -75.0028
5.4745, 585.822, -157.706
2.52745, -1891.1, -1370.3
6.84925, 41.8139, -480.647
7.37729, 443.295, -172.1
5.59653, -2076.83, -1722.18
3.85574, -507.042, -760.435
7.46973, 321.654, 41.6615
4.60751, -576.831, -818.776
4.20537, 1036.18, 137.659
4.80717, 197.138, -38.3517
4.44822, -1170.8, -3257.55
4.613, -5460.79, -1002.15
2.84879, 210.251, 1049.39
5.5153, -256.031, -275.525
7.36114, 73.9118, 94.0951
5.07406, -15.4876, 6.13205
7.45461, 229.956, -43.4707
5.84906, -3073.32, -7089.43
4.01716, 914.297, 825.343
3.47371, 705.874, -267.13
4.0109, -1803.89, 58.9185
4.93946, 120.809, -115.332
4.72438, 1036.95, 95.7285
5.7844, 79.241, 79.5309
3.74227, 6870.24, 3846.36
4.72007, -1285.37, -998.24
5.75894, 434.609, 90.7574
6.67472, 390.659, -18.6398
6.03698, 103.159, 1130.65
4.93928, -202.387, -1365.33
6.72039, 803.946, 106.324
7.00296, 664.054, -559.044
6.33082, -15.5824, 229.791
5.29453, 809.79, 1644.61
2.70603, -594.033, 710.543
5.46749, 158.838, 82.6539
2.68674, -96.0691, -4381.74
4.53488, -1749.53, 1674.44
2.84243, -408.963, -667.184
7.38558, 67.2296, 86.961
2.5956, 2044.88, 3481.48
6.60363, 296.232, -7.55496
5.2195, 4435.8, -3854.47
5.72828, -231.243, 986.859
3.62934, 395.688, -156.271
2.733, 799.867, 3750.37
3.63154, -236.661, -368.135
4.58371, -226.345, -2898.67
6.40126, -335.241, -173.243
3.72852, 1899.28, -2564.44
4.81411, 19.4838, -480.84
6.14756, -1531.75, -914.366
5.35237, 6357.07, -874.547
5.45997, 911.632, 50.1291
4.98425, -1154.99, 33.482
3.951, 262.775, -40.6267
4.71107, 673.165, -612.92
2.53669, -3707.22, 8167.23
7.41683, 154.297, 116.861
2.52822, -207.627, -430.901
4.8676, 2229.05, 582.171
5.86497, 4370.02, 7507
