6.27803, -1495.06, 793.512
3.5948, 243.611, 1128.04
5.89648, 891.443, -398.06
5.09708, 9.9184, -234.423
2.76731, 2550.81, -2673.25
2.53849, -207.407, 176.053
4.58743, 3569.79, 2073.78
7.15218, 18.0264, -82.8224
2.95982, -376.583, 720.003
6.00595, 738.775, 533.759
3.81226, 476.02, 271.234
4.14117, -136.03, -135.975
7.45519, -462.063, -418.51
7.41275, 11.7063, 123.508
5.75759, 690.382, 303.237
6.92354, -27.1249, 65.2497
6.33247, 163.864, 114.684
3.87453, -1280.75, -141.43
4.93259, -540.011, -496.132
2.80282, -3144.1, 593.215
5.08146, -197.951, -119.289
4.96988, -2315.62, 765.47
7.23882, 109.064, 59.7716
4.42071, 94.7759, -60.9942
5.14874, -1848.07, 575.437
2.75042, -303.531, 2324.12
6.63909, 378.788, 174.558
5.94228, -693.077, -291.426
6.18112, -40.286, -204.497
6.94286, -1830.44, -1779.61
4.25508, 122.192, -228.55
6.72991, -135.62, -333.868
3.84659, 117.71, -27.0606
4.83959, 646.25, -219.265
3.2686, -1.50709, 280.242
2.66527, 218.492, -26.1098
7.2768, -1115.67, -807.064
6.95369, 246.327, 233.45
3.29884, -1055.06, 87.8447
3.15214, -673.048, -192.968
2.515, 1499.04, -227.647
6.0491, 177.293, 116.016
3.40448, 1159.45, 18.8909
5.76029, 45.3373, -142.593
4.42907, 255.061, 373.014
3.23766, 802.798, 1093.86
5.45054, 185.107, 506.205
3.24076, 1507.53, -770.917
3.2091, -1325.32, -984.157
4.94257, -38.4707, -51.7375
3.13015, -918.312, -225.714
5.64635, -688.338, 203.002
5.60817, 252.109, 150.966
4.88216, 1657.31, -2295.25
2.64188, 589.469, 862.998
3.21011, 2055.81, -417.678
3.15594, 491.794, 314.442
3.31099, 955.245, -1382.55
3.76529, -295.305, -4.32913
4.77654, -2437.41, 1263
6.54472, 188.818, -212.536
3.57624, -110.34, -229.968
3.75063, 369.217, 520.303
5.02978, 323.2, 245.456
6.27922, 80.5718, 0.475148
5.66369, -773.553, -1754.43
5.9449, -1468.27, -937.736
7.27207, -691.117, -191.403
5.18713, 2288.92, -1174.72
4.57014, 134.408, 500.357
4.70019, 394.009, 303.352
6.07821, -1104.12, -1304.92
6.20858, -1242.04, -1215.75
5.12494, -1674.13, 1471.52
6.06711, 41.6129, -34.6857
5.91025, 170.324, -116.728
6.82941, 1239.22, -927.72
3.19597, 841.19, 893.479
3.57766, -182.479, -28.6393
5.0733, 192.668, 555.57
4.83766, 378.548, 321.145
3.55759, 1554.25, -1737.23
5.65244, 750.96, -428.935
2.5044, 1356.42, -1902.74
4.09589, -260.356, -1886.8
5.90281, 18.1915, -153.649
6.0446, 351.249, 173.655
2.90869, 439.259, 590.652
3.56926, -455.763, -30.7715
4.44412, -140.628, 129.852
4.44927, -2067.58, -765.332
3.92018, -245.894, 30.4235
4.6123, -95.2435, -38.1917
2.55658, 413.226, 5.90193
3.72027, -2395.91, 1238.39
4.49072, -754.489, -1894.82
6.64177, 49.4239, -146.577
3.78584, -548.39, 662.412
3.59705, -960.601, -293.623
6.47385, 267.661, 255.639
5.8476, -664.874, -13.4028
5.49108, -185.141, 54.969
5.99917, 1519.47, 822.858
5.13062, -87.6858, -205.246
4.14833, 32.4842, -190.548
3.30844, 2355.76, 386.739
6.56633, 28.3455, -15.6144
4.08004, 719.491, 489.018
4.05369, 102.537, 41.3662
4.65424, 153.4, -90.83
4.46509, 116.446, -96.3464
4.43916, 254.73, -73.0899
4.34871, -184.943, 312.26
5.88118, -248.306, -544.871
6.10384, 788.749, -155.641
7.20082, -1389.04, 274.017
5.08573, -97.673, -77.7181
5.5282, 740.965, 525.322
5.85049, 962.526, -1375.72
5.11404, 226.085, -3.24952
3.87105, -11.7719, -283.149
7.08924, 271.723, 250.698
3.73367, 129.799, 27.1109
4.77876, -202.387, 784.897
3.30374, 235.605, 352.124
4.68319, 221.255, 199.915
7.45767, 180.199, -259.128
6.26931, 1620.57, -1812.25
4.97846, -80.1357, -87.5231
7.01651, 176.504, -77.3813
4.68213, -278.938, -110.429
5.09239, 1209.88, -1001.62
4.44866, -1066.28, -1493.61
5.63431, 15.1513, -166.164
5.19331, -99.6529, -46.6185
4.35955, 50.9237, -281.822
2.54674, 269.378, 397.022
6.3794, 132.884, 86.7039
2.85317, 194.177, 176.839
3.98511, 55.1127, 464.304
4.78581, -193.419, -169.292
3.25156, -90.8057, -63.6651
5.97819, 90.1868, 522.885
4.15587, 249.399, 185.534
5.21197, -1502.19, 2565.13
2.64678, -1753.14, -730.74
5.38086, 4.00432, -596.026
5.18133, -184.847, 173.535
7.36678, -727.455, 432.598
5.57063, 119.693, -30.6215
5.26431, 1249.24, -1947.35
6.69051, 555.01, 530.289
3.75764, 80.0783, 572.697
6.98957, 174.135, 109.3
5.97428, 88.3167, 58.7072
5.82752, 122.048, 1395.56
3.06838, -93.9746, 123.095
3.37987, -178.849, -642.467
2.91253, -456.33, 945.11
6.68103, -80.2829, 674.77
2.64818, -318.513, 1240.95
6.34719, -170.568, 197.559
4.29829, 242.771, -1791.72
6.24626, 961.575, -158.303
6.28385, 59.8148, -99.2869
3.60834, 1563.26, -374.48
5.58305, 26.5676, -11.0914
3.66846, -462.286, -91.1685
6.22052, 88.0369, -1744.95
5.80997, -69.1898, -110.95
4.9209, -1447.69, 2664.9
2.58972, -276.656, -98.0842
4.98291, 83.19, 379.429
5.09587, 306.601, -95.938
4.71395, 698.487, 1657.57
4.14528, -1380.46, 449.459
3.52671, 48.8631, 4.33232
7.19863, -231.112, 1097.46
2.85168, 993.217, 1372.94
3.30042, -302.144, -56.9958
6.70788, 123.945, -359.028
4.13614, 26.0346, 152.71
6.85942, 744.728, 406.85
5.99896, 140.04, 34.7067
5.52801, -19.7934, -218.75
4.77536, 258.704, 688.499
2.91543, 1067, 383.545
3.94883, -1611.71, -832.258
6.51009, 84.0559, 19.908
6.81821, 483.131, 758.884
3.81831, -2229.61, 177.931
4.79881, -349.541, 173.808
4.95672, 237.132, 221.403
5.82344, 833.739, -1392.34
7.31738, -73.2622, -85.8256
7.23022, -25.78, -133.582
2.81902, 798.311, -581.506
5.04829, -467.019, -82.4476
6.13222, 239.322, 35.9647
5.65882, 116.227, 31.0699
3.26658, 263.628, -95.6724
5.09652, 697.222, 1653.86
3.52281, 2645.74, -890.663
6.03231, -195.36, 207.022
6.05786, -427.202, 2790.94
3.66304, 97.5297, -182.894
6.80594, 448.147, -4.55622
2.67122, -788.386, -379.38
6.26587, 115.874, 294.91
4.14789, 253.028, 82.4259
4.65309, 2315.08, -433.574
7.33455, -70.3205, -230.141
4.05803, -1120.73, -957.189
5.69762, -2774.08, 77.9746
5.95386, 52.2274, -103.057
5.36403, 253.642, -303.535
6.60667, -1464.53, 2561.9
4.21807, -1738.9, 853.793
5.09387, -111.883, -457.131
6.78438, 830.831, -94.0629
6.18587, 776.952, 821.155
3.45992, -80.173, -191.649
2.83145, 181.021, 32.9746
3.60828, -2054.76, 1303.76
3.33656, 250.392, -145.583
6.31172, 92.0813, -59.1894
5.44905, 729.922, -1341.87
4.65223, -2871.11, -331.172
7.09618, 1289.19, -284.121
5.09668, 57.3538, -455.572
7.38058, -190.251, 110.557
5.15714, 27.9811, 153.412
2.98716, -607.681, 1117.13
5.83983, 406.44, 268.134
5.44444, -470.25, 1512.15
5.01137, 51.8022, 83.6779
2.75808, 958.464, 447.307
2.6753, 701.472, -604.196
4.41484, 52.4467, -142.545
5.55555, -1240.64, -1636.47
5.06574, -2862.67, -334.728
5.98498, -20.1255, -113.436
4.89891, 243.849, -120.154
3.88323, -2748.02, 39.8723
6.01685, -105.734, 1693.53
3.67701, -38.6209, -61.9872
6.41501, -167.077, 7.3549
6.60589, 1135.25, -210.163
3.21842, 1624.59, 1650.86
5.75757, 637.518, -573.555
3.87677, 198.613, -434.772
7.26215, 1102.86, -817.806
4.58238, 78.3353, -163.776
3.03869, -342.267, -364.582
4.70633, -192.305, -96.8201
6.28811, -163.308, -216.835
2.77803, 726.573, 570.031
3.51241, 245.112, -110.259
6.82305, 206.325, -358.778
6.52456, 278.454, -8.54407
2.78861, 383.288, 1322.73
4.40304, -15.0023, 51.857
4.56124, -168.535, -284.672
2.80071, 33.8261, -14.3054
7.09746, -899.61, -833.574
3.35398, 101.266, 40.0086
6.51634, 15.4592, -39.3156
3.88599, -93.8739, 145.725
4.44586, 335.337, -160.105
7.19936, -1214.77, 168.931
6.24573, 41.3583, 1646.74
3.44774, 1630.12, -1930.87
6.89581, -249.373, -137.966
6.8953, -144.862, -132.156
3.30515, 374.408, -29.7217
5.87346, 559.344, 24.362
6.89096, 65.7333, 183.227
6.98262, -573.492, 1897.58
3.06535, -72.0097, -93.1028
5.93789, 260.105, 340.684
3.21651, 194.673, 262.081
3.6901, 770.434, -225.876
5.64383, 1462.33, -1023.21
4.312, 259.671, 191.035
4.64437, -1145.59, -1082.14
4.91936, 952.494, -997.731
6.20379, 21.8209, -406.372
3.23098, 545.018, -500.663
7.36238, 269.647, -24.28
7.3158, -157.515, -121.987
3.14741, 1296.09, -999.901
5.3784, -22.148, -51.1792
4.66439, 155.996, -355.626
5.50066, -63.6519, 205.439
5.85098, 206.83, 90.6753
4.5137, -1730.44, -560.591
6.46691, -1119.81, -975.611
4.89889, -1686.74, 1111.12
5.72449, -734.292, 587.671
4.28836, 2600.38, -477.014
5.96794, -58.6843, 257.724
5.83428, -149.145, -376.926
3.22071, 752.422, -443.865
7.10415, -4.00296, 86.9454
4.22228, 744.908, 2033.54
6.66824, 112.517, 183.19
2.74349, 621.31, 143.015
3.27936, 672.639, -946.233
2.55765, 517.548, -64.5595
3.94327, 81.0277, -115.954
5.07295, -111.962, 129.581
3.65948, 399.724, -1941.27
2.75022, -141.103, 325.485
5.33091, 31.9595, -22.7889
6.69774, 141.659, -246.801
4.28763, 396.149, 283.908
4.3452, 280.793, 301.216
7.22226, 432.553, 54.1422
4.72425, -1147.68, 391.644
6.82086, 94.2596, -79.4449
5.82654, 133.797, -151.825
5.79297, -471.476, 157.863
7.10736, 1536.91, -1141.5
5.11536, -1679.01, 1470.03
5.45229, -296.802, -527.914
5.79944, -273.063, -1609.8
4.24765, -1200.67, 661.057
4.11714, 596.589, -357.049
7.08984, 280.645, 160.734
3.08619, -2233.72, 797.896
7.31268, -255.206, 25.3313
5.17978, -99.1814, -180.49
5.81447, -151.621, -93.1574
5.48362, -2361.34, 1046.03
6.93363, -490.737, -473.912
6.67999, 100.846, 241.76
6.69339, 289.553, 117.637
6.85642, 43.9716, 235.292
2.5002, 116.632, 1364.2
4.77274, -37.3388, -344.312
4.25696, 1396.33, -41.3604
5.80713, 2208.93, -1869.17
6.22234, -123.581, 21.4632
3.3821, -589.406, -2140.45
7.4621, -843.082, 1105.99
5.95466, -70.0502, 131.281
6.97862, -148.345, -244.808
3.51579, -890.177, -234.663
7.2356, -200.357, 674.546
4.88476, -2246.28, 1145.29
6.78578, -2053.8, 1306.32
6.41237, 26.3408, -284.123
5.70687, -1652.91, 1558.15
3.14521, -154.335, 855.315
5.77944, 213.753, -38.0325
3.09199, 33.8813, -247.682
3.88793, 1610.96, 257.402
6.65548, 296.362, 1589.79
6.14153, 1863.12, 2376.23
6.74348, 2058.12, -1533.66
3.43989, -496.343, -741.963
6.09602, 251.788, 235.144
4.25586, -114.234, 692.295
3.34555, 452.554, 758.74
4.52383, -2125.71, 305.179
4.20924, -175.958, -24.6471
6.67141, 258.118, 52.7739
3.9111, -1603.57, -2598.98
5.16766, 1518.73, 1006
6.25085, 257.69, -369.278
4.62554, 80.5675, 51.6217
4.66964, 1273.45, -54.8298
3.03022, -1890.79, -986.237
6.4639, -437.106, -402.945
3.91232, 69.1739, -106.506
7.14264, 1883.42, 2527.96
5.37926, 274.013, 257.379
3.4895, 475.842, -512.016
5.99081, -174.601, -233.137
3.07265, -610.876, -588.019
4.22945, 428.139, 799.493
4.15646, 252.69, -391.381
6.42735, -2369.5, 1032.23
6.65775, 220.858, 301.996
4.21712, 1034.82, -500.314
4.2603, 458.556, 223.436
6.38197, -159.29, -92.3761
6.58658, -96.3665, 54.256
4.26157, 286.589, 26.9896
7.09559, 6.17465, 63.8514
3.2877, 711.664, 684.685
5.56029, 790.562, -505.955
5.54222, 52.6372, -54.8851
3.16647, 1400.87, 1630.1
3.51409, 1676.29, 2389.78
4.79457, 199.317, -115.097
3.48759, -706.741, 835.408
6.77118, 100.006, -131.169
6.54562, -587.679, -533.917
2.80131, 1148.86, -1086.88
6.50584, 807.405, -2287.86
5.49597, 10.5656, -252.057
7.43182, 101.72, 67.2196
2.65919, -988.083, 196.463
6.8356, -1509.77, 1851.05
3.69109, 327.415, 511.78
3.6127, -211.151, -250.796
4.73907, 2913.25, 1351.41
2.61231, 364.138, -34.6594
6.79755, 13.289, 36.2867
4.15902, 410.485, -2327.33
5.72195, -359.338, 46.7131
7.43521, 15.3413, -80.3843
5.30162, 278.712, 91.4584
4.74553, 133.136, 30.856
5.213, 37.6361, -101.48
2.90797, 510.813, -8.46149
3.99606, 1210.69, 1417.31
6.63964, -1924.39, -403.525
6.48936, -1794.41, 638.19
5.71048, 324.814, 79.3842
4.84105, 140.932, 280.233
7.15326, 488.357, 1394.71
5.08798, -626.341, -97.0099
7.42924, -1981.95, 1283.37
5.94567, 145.055, -27.127
6.19966, 5.48496, 49.7373
3.46323, 1066.31, 817.028
6.08881, 1491.43, -1071.12
6.11146, 696.561, 644.917
6.49298, 375.377, -52.4173
4.23216, -2281.87, 244.368
5.1481, 355.022, 287.853
3.19001, 681.079, -818.121
6.73218, 122.651, -67.9969
6.32766, -478.805, -63.0315
7.5, -2347.88, 1044.87
4.24891, -3186.83, -1149.19
5.50367, 1111.23, 25.7978
3.50808, -137.455, 1888.83
6.2385, -1751.84, 269.675
6.49225, 207.764, 336.831
3.03505, 259.729, -93.265
5.35813, 19.8472, 167.408
2.84683, -2490.2, 862.508
4.16036, 96.3811, -138.964
5.80945, 88.7545, -255.935
5.27726, 332.854, 1921.2
7.12415, 89.5902, -212.836
2.69832, 246.472, 1322.51
2.62083, 924.497, 972.965
4.61923, -150.129, -212.607
4.36987, 26.6254, -307.867
2.93303, 1551.1, 1408.46
3.05403, 2.25321, -167.002
5.31992, -2092.74, 120.725
7.37269, 224.915, 12.8445
3.05066, -18.0975, -1988.91
5.99352, -1525.5, -1730.21
2.79674, 331.479, 1139.77
4.69755, 381.397, 44.0569
5.24651, -515.019, -438.254
3.45129, 3.15932, -138.576
7.36597, -146.09, 312.932
3.19593, 129.427, -23.2891
5.48978, -1587.42, 307.398
7.12812, 250.354, -824.103
3.91116, 484.993, 226.636
6.8307, 193.95, 445.82
6.29598, 797.365, -984.792
6.10793, -117.964, 151.724
3.34241, 267.008, 364.776
3.32882, 66.2298, -1233.11
3.39076, 179.753, 59.4024
5.87226, 80.9597, -180.577
4.83484, 143.356, -174.309
6.85219, 37.4443, -27.3046
5.76023, -31.4485, 76.7192
5.80464, -150.943, -83.8926
2.58037, 170.605, -127.891
4.30596, 2550.24, 1543.19
3.72747, 40.5231, -20.1776
6.93086, 709.256, 928.909
5.23701, -3178.8, 43.2304
6.57209, 226.497, 300.738
5.24453, -738.073, -378.127
4.16156, -250.413, -71.9088
4.40213, -944.966, -1629.28
2.52389, -477.912, -80.6024
6.95226, -40.5051, -232.35
6.16955, -181.036, -149.598
6.04239, 259.809, -41.4416
5.1278, 1181.65, -1304.55
6.41065, 219.563, -345.769
3.42484, 149.067, 28.1672
5.72673, 18.9347, -44.0376
3.42178, 203.383, -58.0831
3.31214, -1083.62, 419.308
2.65594, 1081.52, 550.962
7.42716, 13.2337, -141.437
4.04559, -14.0821, 132.859
4.11075, 88.6916, -88.2866
5.51155, 96.2151, -129.341
2.89107, 2317.05, -214.605
3.93936, -128.318, -261.759
5.79307, 634.088, -847.917
7.36348, -125.786, 179.567
7.27758, 1812.77, 653.871
7.42745, -92.2902, 57.8661
7.30478, 201.086, 2.0506
3.0073, 186.285, -188.992
3.71505, 371.585, -395.444
6.91151, -169.742, -45.1199
5.28805, 322.318, 328.74
6.7669, 130.553, -188.411
7.49145, 860.588, -276.344
3.99751, -1956.33, 1110.64
6.33157, -3532.86, -1231.6
4.81901, -616.868, 219.727
6.8168, -164.671, -106.793
6.99018, -198.532, -77.0421
7.377, 39.18, -155.878
2.77405, -390.674, -7.30707
6.32605, 25.0417, -270.535
5.09219, 1033.93, -1439.34
3.46574, 217.605, 566.598
6.98252, 300.831, 184.533
6.38492, -295.065, 314.992
2.75968, -171.71, 76.9399
7.47331, 949.753, -1401.35
5.93659, 92.5546, -136.434
5.94854, -146.766, -85.1348
6.57666, 1537.44, -693.925
7.05426, -56.4776, 59.5392
3.34218, 1011, 2360.26
5.24183, 1556.59, -993.014
6.53351, 58.3065, 155.303
4.17803, 367.514, 590.541
5.53435, -88.7934, -716.816
6.59602, 682.183, -1321.95
7.3485, 241.108, -38.4894
6.29349, 23.2481, 418.069
3.72113, -91.5291, -327.794
5.80589, 88.4453, 20.5847
4.21574, 906.267, 328.967
7.27146, 11.6293, -31.0598
2.60828, 1120.28, -1700.52
4.54979, 891.19, -370.79
2.55789, -1233.14, 1743.49
3.04964, -35.6662, -63.6062
5.28259, 699.592, -985.666
4.45466, 0.679571, 167.776
7.20539, 236.174, 147.199
2.55572, -382.032, 445.178
6.22897, 75.9856, 423.714
3.84293, -236.979, -252.025
4.27153, 156.15, -189.039
3.45835, 2554.76, -2708.22
5.14832, -15.2612, -196.747
4.39478, -453.139, -2311.02
3.16407, -167.036, 165.016
4.26563, -375.815, -270.976
4.2497, -2360.43, 1196.38
7.41084, -1429.47, -941.709
5.25961, 369.511, 284.386
4.99918, -1414.24, -384.198
3.58531, 854.591, -1389.52
4.37311, 540.092, -134.909
6.78251, 1297.05, 1095.63
6.45578, -1276.21, 2455.56
3.9204, 1480.83, -1665.61
5.07645, 847.366, -572.728
6.79238, 71.9922, 18.0587
7.07844, 347.175, -65.1244
7.48941, -1129.96, -972.411
6.53177, -677.483, -431.085
5.22718, 249.27, 372.776
7.3461, -34.1084, -461.178
5.31931, 196.741, -177.809
4.03031, 669.406, -801.388
5.41853, 601.598, -211.751
2.91197, -152.384, 412.726
5.47382, -52.7907, 81.4764
3.31968, 1236.46, 2127.06
6.46527, 22.682, -320.844
2.95373, -685.899, 805.606
6.3072, 67.1151, 55.3825
6.83996, 78.2325, -105.448
6.40105, -107.436, -429.193
6.61399, -1304.55, -383.137
6.70974, 246.82, -61.0004
4.48328, 763.088, 565.928
6.508, 67.3634, 72.6815
6.56811, 24.7946, -34.6221
5.43493, 618.627, 1167.07
4.64621, 127.063, 91.2374
2.5002, 437.046, -558.406
5.31153, 142.044, 164.641
6.22632, 193.948, 323.853
3.89846, 1711.55, 905.134
2.93406, -286.817, -2308.86
3.5733, -484.914, -330.162
3.93296, -17.1292, -60.6912
4.86595, 558.037, -4.50602
6.95893, -1114.23, -974.541
5.91955, -384.703, 93.5176
3.54376, 111.146, -176.227
6.67533, -32.1621, -65.6175
7.09218, -282.742, -113.067
4.48244, 565.742, -190.9
6.37858, 918.547, 508.892
5.68161, 201.538, 350.477
6.64746, 241.221, -403.824
3.40204, -500.039, -438.609
7.45927, 88.2174, -68.7921
6.70558, 498.904, -556.446
4.65177, -179.222, 613.937
4.38589, -297.411, 215.693
2.70802, -22.0187, 212.465
6.80715, 158.335, 117.895
6.62116, -1906.55, 1373.2
6.25052, 663.347, 1009.92
3.55801, -60.079, -16.726
4.31029, 127.96, 67.5869
4.43545, -56.9958, -278.604
7.32918, -1704.54, -1122.26
6.5872, -26.0377, -209.364
4.5755, -695.78, 111.989
5.83759, -116.238, -231.029
2.52101, -1998.15, 1777.83
6.98048, 38.1797, 100.56
3.68416, 729.765, 317.373
3.79415, 183.361, -192.315
5.4939, -48.2042, 9.0642
6.89823, -948.076, 95.6949
6.16299, 397.074, -60.6309
6.0773, -841.525, -335.835
3.57724, 2782.88, -139.484
6.30413, -2051.76, 1537.81
3.85351, -27.3645, -117.207
2.75246, 490.703, 206.138
4.78866, -352.968, 315.989
2.58759, 126.271, 167.022
3.01129, 2510.94, -1708.84
2.639, -275.918, 131.8
5.65921, -104.059, -208.391
6.34425, 6.56472, 93.0291
2.74132, -624.947, -546.89
6.6924, 452.648, 378.588
6.76899, 131.643, 26.1589
6.57649, 617.115, -537.913
6.85188, 4.99996, -1978.76
5.27222, -20.1983, -23.8654
6.12646, 20.1114, 1104.69
3.20424, -2224.81, 1561.29
6.6115, -104.347, -202.713
5.51185, -1244.79, -1631.16
4.93856, 103.118, -84.266
6.14942, -31.067, -160.316
4.05164, -1229.48, 700.14
3.93925, 173.836, -98.4732
5.45857, 1248.79, -1515.26
5.34055, -1647.62, 771.514
5.41059, 1666.28, 1019.72
2.84132, 399.001, -753.531
4.34304, -1196.88, 279.286
6.28475, -129.261, -151.378
6.35297, 803.523, 1544.48
4.27217, 5.87221, -216.005
5.98913, 26.5531, 51.6702
5.08005, 1292.82, 736.461
5.94494, 8.15462, 170.29
6.18066, -1289.09, -939.44
2.56231, -1419.24, -1185.73
7.16549, 18.2002, 26.8584
5.37826, -307.31, -111.014
3.05587, -688.923, 80.5927
4.87388, -70.3147, -58.4264
3.24247, 542.689, 366.989
4.22594, -3833.27, -904.067
7.04476, 21.7579, -214.002
4.54571, 1529.35, -678.799
5.96642, -27.442, 25.0604
3.35865, 244.309, 63.851
6.21715, -2006.55, 806.496
4.16319, 106.797, -95.5367
4.62157, 85.039, -131.875
2.79523, 178.667, -313.509
5.09005, 17.8386, 21.0165
5.94425, 105.198, -592.946
5.01149, -40.1716, -195.821
6.56617, 127.076, 179.329
3.07974, 159.723, 212.787
5.24841, 790.419, 476.966
5.06046, 92.6108, -42.0422
6.02649, -1095.88, -1009.4
5.65083, -50.485, 91.3778
4.0207, 166.95, 104.585
6.74719, 199.706, 121.706
3.39619, 679.439, -1338.42
2.61737, -0.970898, -57.6893
4.19467, -131.457, 73.3802
3.43818, -1035.83, -973.045
6.60467, 17.3407, 39.6178
6.72507, 43.194, 1727.49
6.78031, -1541.12, 994.541
7.37454, -121.413, 55.6827
2.99587, -238.308, 66.6388
2.56182, -1625.25, -1380.88
2.58614, 103.921, -879.984
2.64527, -53.6747, -95.2466
4.1031, -1195.53, -1231.84
6.17815, -1513.39, 817.424
3.14876, -15.7065, -161.37
2.5161, -395.021, -27.1304
6.91905, -256.561, -15.5467
3.70482, 517.368, -385.403
4.38481, -359.349, -236.907
4.44879, 135.702, 147.337
2.81534, 1579.5, 625.988
7.30792, 439.23, 89.0109
3.75349, 460.112, -459.267
6.85376, -14.0129, 262.412
2.85991, 1203.89, -1713.3
2.70653, 1249.06, -1175.83
3.46378, 122.507, -180.553
3.86708, -772.271, -1347.86
7.4007, 39.0415, -30.8117
3.60607, 495.257, -2298.8
6.43119, 955.81, -1373.28
4.42306, -287.511, -174.761
3.78593, -1480.07, 1501.91
3.91087, -333.228, 164.368
7.33834, 170.978, 226.483
4.22841, 211.928, 229.963
3.45922, 378.845, -265.146
5.05037, -95.6918, 210.165
5.21857, 578.754, -2070.11
5.72333, 32.0898, -263.516
3.89738, 737.985, -465.109
3.41887, -512.793, -362.737
2.71579, 1211.16, -1516.67
3.98408, 213.914, -485.217
4.25548, 1117.27, -141.485
7.09372, 247.997, -93.8117
5.81225, 183.978, -129.325
5.08041, -1072.94, -936.307
4.03763, 0.151782, 64.8228
3.0007, 1097, 1112.33
3.47502, 45.447, 200.813
4.11407, 1443.57, 1691.58
5.56182, -326.033, 89.588
5.13511, 427.768, -334.164
3.45653, -451.254, 1045.29
4.7178, 2541.35, 1426.08
4.48693, 2849, -555.758
6.28051, -253.879, -161.74
6.6213, -138.494, -114.88
5.51573, -204.458, -864.164
3.04573, 183.133, 108.866
4.11797, 1390.2, -229.071
5.03403, 97.3646, 52.1999
4.76521, 372.305, 891.512
4.77315, 342.761, 73.6742
4.91125, 423.704, -50.8919
5.07896, -2197.04, 410.743
4.50207, -1072.4, -1111.41
4.22945, -41.5913, -74.0553
6.64533, 9.30768, 331.74
3.02204, 1468.23, -357.853
6.40057, -158.225, -106.77
3.19919, 129.265, 76.865
2.62171, 1686.77, 2018.38
6.0664, -137.297, 477.182
7.15538, -69.4745, -190.141
7.47667, 85.0011, -104.832
3.86264, 116.446, 84.085
3.6923, -998.624, 604.51
3.87328, -165.999, -1462.22
5.70836, -69.6149, -291.02
5.17637, -182.307, -112.959
6.8967, -1368.12, 2226.56
6.75968, -46.8598, -335.66
2.98004, -105.051, 732.439
4.66818, 42.2808, 194.28
3.17045, 70.8354, 60.4651
5.86802, 140.971, -92.4843
5.34964, 118.109, -79.5492
3.66474, 154.801, -1087.52
5.50306, 117.179, -82.1928
2.6551, 441.827, -359.558
7.08512, 246.325, 27.1852
3.82958, 746.006, 415.983
6.50016, 111.255, -46.5759
5.46389, 4.71868, 169.548
5.0822, 234.538, 2.2172
5.2567, -265.098, 137.398
3.47225, 256.655, -227.632
5.36152, -1353.25, -402.522
3.81992, -339.974, 2605.56
4.41648, 1099.47, -2448.8
2.73626, 94.7197, -1.52817
4.22823, -182.376, 52.135
3.61594, -1484.49, 3190.83
3.81264, 117.953, 88.4524
3.05141, 5.1451, -196.713
7.40088, -8.55732, -2.7022
5.93794, -843.236, -336.5
5.82158, 93.9249, -189.99
5.99501, 108.85, -41.8471
2.68746, 264.377, 194.639
3.6706, 153.52, 90.9106
3.95397, -2275.26, -3438.92
3.50543, 50.345, 106.624
2.7177, -1250.94, 1653.78
2.56571, 718.961, -497.401
6.07297, 2642.9, -896.155
6.88348, 183.003, 171.85
5.35088, 828.693, -1644.55
6.92743, -1269.21, -1345
5.20042, 326.017, 57.104
3.31357, -1089.26, 509.628
3.30492, -1228.54, -1200.01
7.19182, 182.142, -10.6751
3.45628, -100.319, -99.4709
3.15761, -1510.25, 153.288
4.41122, 74.739, -94.34
6.12674, -482.248, 1495.97
2.50651, -2872.69, -328.879
4.60222, 2025.36, -1214.61
5.18984, 832.743, 177.527
4.86596, 223.208, 444.904
6.33003, 778.552, -126.291
2.9396, 628.699, -50.5776
7.04284, -5.47082, 128.265
3.20818, 232.126, 558.053
2.54782, 143.02, -36.9653
2.82267, 299.231, 114.535
4.96742, 255.016, 244.561
5.40914, 130.771, -55.1175
4.03373, 1612.92, -2922.04
4.57091, 42.791, -335.175
4.33401, 166.723, 47.8233
3.42687, 113.608, -1579.38
2.76788, -1079.48, -1357.73
4.47222, 186.64, 21.3539
3.98388, 547.339, 451.512
5.05388, -154.829, -386.616
3.75392, 1030, -1840.54
5.01589, 226.357, -235.68
2.51168, 1047.98, -262.063
7.01807, -2356.05, 1033.68
2.79181, 1692.89, 1569.92
5.17506, 56.4639, 1536.74
3.95754, 1548.07, -732.922
7.3023, 102.38, 10.9642
4.73406, -1703.15, -828.078
5.08479, -4.01805, -28.0374
5.93861, -517.504, -505.086
2.72187, -126.553, -166.27
7.2946, 1751.81, -1366.2
5.70852, 27.0899, -110.351
2.80215, -221.31, 166.602
3.33964, 126.801, -74.1368
5.76491, -41.0227, -348.789
6.19864, 117.178, 1356.61
3.57011, 191.69, 54.1589
4.31441, 134.721, -1218.91
6.56981, 753.119, -428.915
5.32057, 92.9967, -64.2744
7.45886, 34.1796, -48.0782
6.5669, 35.8041, -82.8561
3.49157, 1435.74, -1985.19
2.50003, 10.5173, -88.0421
4.62608, -1513.67, 1852.09
4.07406, 1186.68, 607.262
5.56218, -1760.86, 263.064
3.83351, 159.477, -45.6326
4.39881, 54.2156, 96.3437
5.43397, -120.681, -307.667
5.95636, 179.464, 112.429
7.26736, 75.8821, 82.6669
4.89785, 0.152193, 100.581
3.60319, -412.37, 370.07
5.33741, -338.718, -77.5997
6.09873, 84.9488, -5.72826
4.4953, 1343.19, -283.792
3.48326, 794.595, -425.793
6.66971, 220.209, -89.6586
5.59561, 581.61, -558.113
7.26866, -50.6946, -204.237
3.23222, 784.094, 583.965
5.38953, -34.0631, 6.11925
7.26796, 208.23, 295.561
3.62331, -2206.98, 1161.45
7.25137, -17.9466, -135.934
3.07874, 977.357, -435.113
2.58372, 100.823, 137.314
3.90465, 230.681, -251.783
7.15042, 237.928, -321.505
3.04796, -1071.68, -410.083
6.77266, -117.922, -379.339
5.68532, 176.718, 272.74
5.63853, 42.9727, 393.852
3.80589, -367.871, 987.344
5.13936, 622.053, -500.183
7.16608, -38.641, -278.969
3.98055, -228.719, 15.8464
4.78006, 172.551, -66.9794
6.35659, -299.83, 2004.6
4.17193, -860.282, -1964.13
6.31775, 5.38899, 51.5412
6.65892, -1196.76, 1011.43
2.64618, 1355.53, -875.852
4.31315, 547.446, -102.851
4.16221, 206.412, 331.068
3.17675, 543.325, 257.422
3.00839, 582.714, -1831
5.11327, 178.145, 455.509
3.52046, 70.3975, 449.213
5.00728, 214.433, 95.5417
5.1371, -2105.14, 1191.79
4.13422, 206.381, 35.9907
4.75888, -170.414, 306.987
6.85263, 494.142, -25.2889
4.72884, 8.24645, -91.3582
6.03726, -123.018, 172.056
6.83171, -1210.52, 239.609
6.5822, 80.453, -109.356
2.67504, -1594.5, -653.334
3.8644, -260.367, 1352.44
5.21858, -87.6056, 49.0219
3.19942, 516.217, -227.721
5.57408, 77.7934, -52.1862
3.29182, -71.7225, -624.837
4.41129, 335.897, -19.4755
5.94997, -98.8785, -285.905
3.21128, 1953.82, -86.584
5.65284, -60.5852, 2.03409
3.15973, -1415.68, -1135.94
7.13583, 47.8774, -31.7598
5.53465, 2164.55, -3331.09
5.50388, 600.151, -651.861
3.33635, 368.502, 103.267
3.301, -92.3565, 820.473
5.91628, -74.7228, -45.391
5.1456, -36.2218, 151.006
3.65264, -1208.06, 493.212
6.55373, 96.045, 55.1196
5.76477, -98.2801, -49.7252
4.08597, -298.672, -252.369
2.53953, 46.1667, 90.0649
3.49176, -108.93, -963.709
3.78831, -107.065, 663.881
3.03825, 735.579, 36.5721
3.49545, -616.26, 224.826
6.75079, -2397.59, 1330.66
6.63912, -19.6719, -39.6762
6.76813, 65.0438, -89.0267
5.71027, -68.5266, -122.514
3.6787, -1373.04, 1410.87
6.80638, 81.1588, 51.9052
5.4745, -101.866, 685.126
2.52745, -1084.5, -955.159
6.84925, -72.0588, -111.703
7.37729, 259.935, 240.879
5.59653, -1117.92, -975.456
3.85574, -77.2994, 137.756
7.46973, 128.376, -168.613
4.60751, -887.806, 230.594
4.20537, 350.747, 108.959
4.80717, 89.1891, 212.465
4.44822, -556.873, -1580.51
4.613, -2212.62, -482.637
2.84879, 204.699, -85.4767
5.5153, 247.99, -120.541
7.36114, -400.852, 101.6
5.07406, -23.1048, 68.4299
7.45461, 206.768, -14.9952
5.84906, -1025.87, -2591.59
4.01716, -315.843, -300.681
3.47371, -844.272, -338.212
4.0109, 140.799, 144.102
4.93946, -256.947, -8.27107
4.72438, 159.974, 130.851
5.7844, 77.9944, -60.9516
3.74227, 2549.25, 1542.39
4.72007, -878.005, -905.339
5.75894, -105.342, 59.3411
6.67472, -89.899, -0.693444
6.03698, 340.101, 144.923
4.93928, -374.668, -173.356
6.72039, 599.357, 356.354
7.00296, 38.2792, 27.5902
6.33082, -220.724, -160.326
5.29453, -815.485, -303.461
2.70603, 706.8, 44.8596
5.46749, 846.77, -524.015
2.68674, 210.448, -1887.46
4.53488, 14.3855, -574.688
2.84243, -54.3721, 160.424
7.38558, -209.634, -70.6172
2.5956, 1250.15, 1557.69
6.60363, 71.3112, -96.9923
5.2195, 1850.71, -1325.43
5.72828, -67.2054, -203.713
3.62934, 148.657, 365.972
2.733, -0.874299, 1345.49
3.63154, -9.94785, -122.726
4.58371, 318.303, -1271.27
6.40126, 371.735, -236.794
3.72852, 684.849, -1325.09
4.81411, 221.481, -103.912
6.14756, 502.273, -371.985
5.35237, 2354.43, -372.446
5.45997, -438.988, -848.46
4.98425, 224.581, 291.658
3.951, 189.81, -71.2061
4.71107, 224.575, -48.4108
2.53669, -1227.34, 2644.28
7.41683, 126.965, -41.8355
2.52822, 161.252, -33.7059
4.8676, 917.4, 578.577
5.86497, 1619.2, 2657.55
