6.27803, -2816.46, 1646.53
3.5948, 51.2493, 1379.18
5.89648, 19.5647, 15.3874
5.09708, 141.443, -253.585
2.76731, 5275.88, -5437.32
2.53849, -1755.72, 1969.4
4.58743, 7367.54, 4357.48
7.15218, 256.742, 9.44759
2.95982, -236.064, 422.075
6.00595, -121.965, -129.821
3.81226, 641.54, 97.3301
4.14117, 277.107, -169.697
7.45519, 814.412, -402.576
7.41275, 204.312, 70.5746
5.75759, 52.8176, -92.8842
6.92354, 175.359, 52.681
6.33247, 647.336, 15.8071
3.87453, -2178.26, -730.646
4.93259, -1305.82, -937.999
2.80282, -6664.1, 1625.42
5.08146, 273.747, 23.9762
4.96988, -4688.51, 1706.95
7.23882, 667.052, -175.861
4.42071, 173.306, 19.3542
5.14874, -3592.63, 961.324
2.75042, -315.354, 4713.57
6.63909, -425.864, -44.0283
5.94228, 441.572, 6.54268
6.18112, 629.524, 35.466
6.94286, -3527.48, -3124.19
4.25508, -432.854, 540.77
6.72991, 142.81, -7.45921
3.84659, 399.667, 30.563
4.83959, -266.653, 693.497
3.2686, 603.565, -27.2483
2.66527, 315.102, -215.839
7.2768, -1396.38, -998.319
6.95369, 382.22, -637.158
3.29884, -746.072, 401.318
3.15214, 1187.09, -533.929
2.515, 2872.76, -488.128
6.0491, 338.869, -27.0344
3.40448, 1010.4, 260.673
5.76029, -686.136, 365.832
4.42907, -6.83891, -185.395
3.23766, 1284.55, 1460.71
5.45054, 577.803, 391.145
3.24076, 2688.42, -1289.8
3.2091, -2216.29, -1299.76
4.94257, -364.649, -172.537
3.13015, -216.276, -740.784
5.64635, 744.212, 9.19174
5.60817, 119.705, -65.182
4.88216, 3230.78, -4461.14
2.64188, 206.896, -150.54
3.21011, 3916.27, -603.109
3.15594, -265.089, -79.767
3.31099, 1478.43, -2206.06
3.76529, -707.097, 214.396
4.77654, -4437.91, 2216.1
6.54472, 82.5969, -588.519
3.57624, 269.869, -255.999
3.75063, 294.115, -5.8644
5.02978, -851.498, -1634.14
6.27922, 180.606, -14.4992
5.66369, -1533.91, -3192.94
5.9449, -2164.97, -1545.68
7.27207, 424.512, -508.283
5.18713, 4627.44, -2348.05
4.57014, 96.9536, -1745.35
4.70019, -439.405, -654.079
6.07821, -1717.75, -1788.77
6.20858, -2415.23, -1875.82
5.12494, -3081.89, 2508.2
6.06711, 241.92, 228.838
5.91025, -41.4819, -4.32878
6.82941, 1970.86, -1553.67
3.19597, 617.878, 1645.99
3.57766, 328.264, -263.406
5.0733, 1046.96, 1903.55
4.83766, 259.225, -105.94
3.55759, 3444.71, -3510.91
5.65244, -226.085, 390.124
2.5044, 2722.93, -3916.03
4.09589, -679.948, -2646.52
5.90281, 101.188, -21.5133
6.0446, 70.6769, 257.851
2.90869, 33.3695, -100.179
3.56926, -652.889, -383.011
4.44412, -223.452, -180.013
4.44927, -3607.86, -1240.12
3.92018, -67.9886, 536.07
4.6123, 171.975, 47.7205
2.55658, -1754.5, -65.9706
3.72027, -4854.89, 2586.19
4.49072, -1823.95, -3279.03
6.64177, -28.3224, -254.458
3.78584, 94.1695, 64.9387
3.59705, -1285.88, 362.138
6.47385, 187.226, 38.4836
5.8476, 717.89, -301.25
5.49108, 91.2533, 476.499
5.99917, 2436.8, 1550.11
5.13062, 14.6059, -472.652
4.14833, 284.922, 520.228
3.30844, 5235.13, 907.15
6.56633, 74.216, 114.709
4.08004, 221.072, -458.39
4.05369, 424.379, 48.5628
4.65424, 177.166, 40.6056
4.46509, 500.624, -203.126
4.43916, 625.178, -268.211
4.34871, 133.728, 572.483
5.88118, 21.8187, -143.261
6.10384, -143.02, -243.287
7.20082, -2203.65, 802.484
5.08573, 134.306, -36.2256
5.5282, -102.926, -268.666
5.85049, 1471.62, -2202.31
5.11404, 227.463, 373.488
3.87105, 709.873, -293.797
7.08924, 204.493, 33.3121
3.73367, 592.014, -311.672
4.77876, 564.927, 447.085
3.30374, 120.159, 82.0135
4.68319, 106.02, -165.17
7.45767, 436.912, 12.1447
6.26931, 3407.37, -3400.96
4.97846, 1.78549, -684.008
7.01651, 96.2926, -190.211
4.68213, -694.826, 234.314
5.09239, 1948.51, -1582.47
4.44866, -1691.33, -2679.05
5.63431, 101.907, 23.1275
5.19331, 197.716, 105.25
4.35955, -34.3684, 1047.51
2.54674, -447.956, -434.718
6.3794, 123.36, 280.614
2.85317, -586.596, -654.699
3.98511, 121.424, -221.229
4.78581, 307.891, 1021.32
3.25156, 541.204, -39.5558
5.97819, 216.42, -92.3983
4.15587, -560.591, -640.802
5.21197, -2950.24, 5279.99
2.64678, -3031.51, -1824.47
5.38086, -123.632, 319.234
5.18133, 602.154, 42.5849
7.36678, 386.391, -239.723
5.57063, 138.286, 59.7439
5.26431, 2329.39, -3971.17
6.69051, 1310.42, 2.23103
3.75764, 249.956, -1014.44
6.98957, 143.328, -58.6197
5.97428, 523.089, 155.26
5.82752, -317.403, 2181.41
3.06838, 237.985, -603.067
3.37987, -1352.76, -779.889
2.91253, -1434.45, 2382.45
6.68103, -107.393, -178.095
2.64818, 328.615, 3181.08
6.34719, 60.8497, -64.1954
4.29829, 246.504, -3184.71
6.24626, -434.873, -186.71
6.28385, 165.767, -34.2305
3.60834, 2360.62, -1193.43
5.58305, -124.494, 200.438
3.66846, 387.463, -12.7257
6.22052, -4.72852, -3143.42
5.80997, -396.254, -906.366
4.9209, -2969.01, 5207.58
2.58972, 929.767, 320.931
4.98291, 192.729, -254.974
5.09587, 196.272, 53.382
4.71395, 713.253, 2945.28
4.14528, -2195.78, 1244.56
3.52671, 168.989, -35.9199
7.19863, -6.56283, 1303.93
2.85168, 1133.31, 2637.82
3.30042, 525.665, -953.467
6.70788, 460.727, -497.521
4.13614, 353.165, 152.487
6.85942, 802.897, 31.6043
5.99896, 78.9063, -178.942
5.52801, 8.95761, -352.042
4.77536, 525.454, -501.765
2.91543, 320.19, 1047.59
3.94883, -3012.69, -881.043
6.51009, 497.651, -319.213
6.81821, 45.7789, -619.366
3.81831, -4093.43, 322.143
4.79881, 249.365, -379.579
4.95672, 89.8458, -30.6563
5.82344, 1446.43, -2236.4
7.31738, 232.02, 32.2716
7.23022, -121.042, -270.626
2.81902, 1563.87, -162.401
5.04829, -888.946, -553.038
6.13222, -78.2176, 41.4662
5.65882, 411.798, -232.332
3.26658, 69.2235, 53.3131
5.09652, 714.431, 2949.21
3.52281, 5117.79, -1631.68
6.03231, 121.037, -151.851
6.05786, -1047.14, 5445.49
3.66304, 104.267, -37.5072
6.80594, -358.856, -57.0503
2.67122, -522.13, 319.313
6.26587, 257.369, -0.269923
4.14789, 227.035, 16.1364
4.65309, 4601.65, -1146.3
7.33455, 498.132, 380.733
4.05803, -1654.1, -1654.38
5.69762, -5330.43, -36.5564
5.95386, 146.567, -35.3325
5.36403, -238.612, 440.357
6.60667, -2953.53, 5259.93
4.21807, -3268.59, 1311.86
5.09387, -233.126, 30.8117
6.78438, -44.9343, 451.135
6.18587, 387.508, 1002.27
3.45992, 749.941, -418.182
2.83145, 278.552, 18.8741
3.60828, -3843.03, 2424.89
3.33656, 234.177, 188.621
6.31172, 330.408, 154.996
5.44905, 1479.37, -1966.78
4.65223, -5573.64, -433.487
7.09618, 1693.15, -122.628
5.09668, -789.632, -1347.22
7.38058, -592.579, 116.003
5.15714, 327.834, 141.586
2.98716, -1091.5, 880.585
5.83983, -672.293, -677.916
5.44444, -581.397, 2528.15
5.01137, 237.347, -247.656
2.75808, 586.433, 1270.13
2.6753, -183.245, 488.299
4.41484, 365.479, 217.362
5.55555, -2373.34, -2728.2
5.06574, -5570.63, -434.685
5.98498, 114.062, -338.708
4.89891, 138.231, 117.679
3.88323, -5665.4, 56.2735
6.01685, -250.19, 2749.1
3.67701, 384.35, -126.852
6.41501, 228.542, 32.4446
6.60589, 1031.93, 403.148
3.21842, 3507.82, 3093.88
5.75757, -358.266, -153.515
3.87677, -960.968, -1581.26
7.26215, 2626.96, -1158.4
4.58238, 399.519, 216.985
3.03869, 46.4151, 243.959
4.70633, 30.6652, 178.543
6.28811, 35.6683, -709.62
2.77803, -285.377, 9.93369
3.51241, 151.11, -102.603
6.82305, 198.147, 132.487
6.52456, 644.271, -72.7759
2.78861, 533.097, 1889.98
4.40304, 135.996, -233.651
4.56124, 360.082, 22.209
2.80071, -454.973, -107.476
7.09746, -1153.27, -1083.39
3.35398, 186.567, 14.293
6.51634, -112.161, -459.937
3.88599, 2030.94, -612.064
4.44586, 23.8094, -81.3882
7.19936, -1894.35, 887.64
6.24573, 128.894, 2839.32
3.44774, 3758.12, -3899.7
6.89581, -82.2774, -206.425
6.8953, 126.438, 91.903
3.30515, 114.56, -1316.01
5.87346, 812.348, 445.589
6.89096, 93.5841, -1.83359
6.98262, -723.834, 3567.79
3.06535, -156.569, -425.335
5.93789, -1326.26, -1118.95
3.21651, 552.861, -605.674
3.6901, -558.003, 145.192
5.64383, 2808.3, -1910.39
4.312, 471.892, -67.6416
4.64437, -1737.09, -1601.71
4.91936, 1562.79, -1775.08
6.20379, 1.42154, 1415.92
3.23098, 416.707, 229.521
7.36238, 134.714, 47.2443
7.3158, -233.741, -112.349
3.14741, 2521.44, -1590.23
5.3784, 111.88, -149.119
4.66439, 106.593, -17.1139
5.50066, 107.901, -4.37661
5.85098, 154.519, -113.822
4.5137, -2946.17, -990.54
6.46691, -1745.54, -1526.91
4.89889, -3372.9, 1745.89
5.72449, -437.596, 598.042
4.28836, 5311.04, -847.642
5.96794, 76.158, -585.134
5.83428, 620.232, 237.539
3.22071, 207.021, -185.227
7.10415, 62.5623, -217.131
4.22228, 1111.16, 3706.95
6.66824, 326.447, 36.2841
2.74349, 80.5302, -775.535
3.27936, 1329.01, -2001.42
2.55765, 43.5861, 109.224
3.94327, 253.661, 9.2599
5.07295, 463.549, -503.26
3.65948, 999.09, -3369.8
2.75022, 788.022, 16.8298
5.33091, 157.275, -11.2426
6.69774, 471.532, 329.521
4.28763, -210.76, -29.9312
4.3452, 120.881, -956.438
7.22226, 183.439, -8.27144
4.72425, -1476.44, 115.685
6.82086, 105.671, -100.12
5.82654, 110.563, 670.789
5.79297, 47.7355, -367.722
7.10736, 2573.01, -1886.19
5.11536, -3076.17, 2505.78
5.45229, 85.9182, 789.227
5.79944, -258.757, -2602.33
4.24765, -1615, 1080.09
4.11714, 183.561, 470.258
7.08984, 222.139, 389.486
3.08619, -4523.63, 1688.68
7.31268, -216.182, 113.213
5.17978, 329.753, -313.715
5.81447, 1500.73, 792.042
5.48362, -4670.01, 2226.7
6.93363, -149.217, -1193.27
6.67999, 159.013, -3.08767
6.69339, 156.519, -31.524
6.85642, 363.607, 12.1735
2.5002, -300.962, 2241.05
4.77274, -827.48, -2573.67
4.25696, 1719.07, 95.0244
5.80713, 4639.83, -3599.68
6.22234, 547.514, 240.894
3.3821, -950.036, -4068.07
7.4621, -1238.21, 1477.1
5.95466, -263.403, 109.811
6.97862, 77.5424, -151.45
3.51579, -1292.42, -391.269
7.2356, 712.071, 55.4595
4.88476, -4352.32, 2299.24
6.78578, -3846.39, 2427.75
6.41237, 330.866, -186.564
5.70687, -2977.09, 2893.39
3.14521, 577.925, 430.074
5.77944, 95.2718, -16.4485
3.09199, 264.287, 58.7071
3.88793, 2614.66, 668.264
6.65548, 177.967, 2436.85
6.14153, 3607.24, 4630.69
6.74348, 4022.41, -3005.37
3.43989, -759.458, -62.3722
6.09602, 83.878, 43.5353
4.25586, 32.5731, -620.046
3.34555, 134.696, -120.456
4.52383, -4297.15, 516.691
4.20924, 280.493, 50.7491
6.67141, 180.607, 169.929
3.9111, -3286.08, -5327.04
5.16766, 3364.66, 1976.99
6.25085, 984.162, -1756.54
4.62554, 350.989, -5.62499
4.66964, 1214.45, 48.8684
3.03022, -3267.33, -2252.53
6.4639, 327.854, -403.127
3.91232, -157.127, 51.1547
7.14264, 3577.74, 5420.59
5.37926, 74.0308, -141.844
3.4895, -209.778, 275.385
5.99081, 345.675, -28.6011
3.07265, -40.3302, 340.738
4.22945, -116.599, 30.0736
4.15646, 496.289, -25.4174
6.42735, -4694.65, 2207.21
6.65775, -109.171, -86.6269
4.21712, 261.767, 84.492
4.2603, -751.135, -107.526
6.38197, 205.366, -237.98
6.58658, 667.481, -495.297
4.26157, 372.107, -157.422
7.09559, 258.313, 3.65075
3.2877, -105.509, -247.416
5.56029, 500.157, 220.705
5.54222, 203.726, -25.6307
3.16647, 2653.46, 2798.11
3.51409, 3354.09, 4608.67
4.79457, -369.945, -10.9705
3.48759, -541.926, 1468.25
6.77118, 550.962, 166.105
6.54562, 629.638, 538.635
2.80131, 2295.28, -1623.19
6.50584, 1461.56, -4266.59
5.49597, 87.2125, -382.897
7.43182, 212.927, 58.6684
2.65919, -713.272, 188.802
6.8356, -2883.25, 3460.05
3.69109, -1224.94, -564.731
3.6127, 1566.76, 713.175
4.73907, 5854.45, 2727.7
2.61231, 323.621, -245.15
6.79755, 290.914, 88.4402
4.15902, 468.929, -3692.68
5.72195, 962.828, -330.745
7.43521, 443.573, 61.9938
5.30162, 79.353, -64.4499
4.74553, 148.417, 221.333
5.213, 365.649, 248.97
2.90797, -1657.1, 583.833
3.99606, 1504.84, 2600.73
6.63964, -3320.42, -622.044
6.48936, -3677.3, 1539.11
5.71048, 60.1704, 238.296
4.84105, 410.424, 65.6059
7.15326, 610.78, 1919.21
5.08798, 417.011, -436.034
7.42924, -3789.48, 2413.64
5.94567, 33.5219, -312.853
6.19966, 271.606, 545.719
3.46323, 1259.39, 1317.46
6.08881, 2614.92, -1582.94
6.11146, 1118.8, -98.7697
6.49298, 94.5399, -106.948
4.23216, -4390.99, 308.415
5.1481, -1587.65, -816.685
3.19001, 1247.8, -528.529
6.73218, 301.23, -23.5816
6.32766, -640.955, -564.091
7.5, -4661.47, 2212.22
4.24891, -6594.92, -2173.98
5.50367, 500.298, -26.2778
3.50808, -399.126, 3059.94
6.2385, -3119.13, 504.833
6.49225, 153.769, 91.5838
3.03505, -700.033, -549.496
5.35813, 199.528, 51.8049
2.84683, -4421.82, 1489.51
4.16036, 119.784, -158.054
5.80945, 289.486, 62.7592
5.27726, 403.388, 3423.03
7.12415, 189.209, 24.7422
2.69832, 269.126, 2486.3
2.62083, 903.715, 1116.5
4.61923, 211.027, -137.246
4.36987, -959.641, 193.156
2.93303, 3077.02, 3028.85
3.05403, -136.445, -126.045
5.31992, -4203.24, 129.078
7.37269, 195.451, -18.5107
3.05066, 80.3522, -3331.21
5.99352, -2692.19, -2950.72
2.79674, 137.967, 960.491
4.69755, -23.8208, -54.8081
5.24651, 985.85, 487.198
3.45129, -291.46, 242.181
7.36597, 34.4802, -123.489
3.19593, 85.5991, -109.88
5.48978, -2706.73, 288.949
7.12812, 291.279, 566.213
3.91116, -1084.8, 231.924
6.8307, 313.851, -570.155
6.29598, 916.609, -1307.57
6.10793, 208.06, -90.8133
3.34241, 62.3643, -451.343
3.32882, 1013.61, -2258.18
3.39076, 258.274, -14.7757
5.87226, 171.909, -91.7962
4.83484, 163.623, 8.71243
6.85219, 420.762, 122.836
5.76023, -349.357, -16.386
5.80464, 1491.47, 792.979
2.58037, -164.735, 547.047
4.30596, 4987.27, 2844.33
3.72747, 179.896, -23.3012
6.93086, 349.07, 695.494
5.23701, -6307.81, 110.931
6.57209, -483.081, -482.399
5.24453, -575.958, -12.4478
4.16156, 624.367, -254.122
4.40213, -1629.02, -2899.11
2.52389, 1519.99, 301.184
6.95226, 194.854, 37.1416
6.16955, 893.724, 255.753
6.04239, -555.289, 304.587
5.1278, 1783.1, -2445.04
6.41065, 233.774, 426.016
3.42484, 24.3344, -269.829
5.72673, 189.054, -65.1519
3.42178, 5.27797, 70.8894
3.31214, -1171.67, 675.664
2.65594, 1233.91, 1360.97
7.42716, 232.804, 14.1565
4.04559, 75.2685, -164.353
4.11075, -538.789, 0.277616
5.51155, 145.228, -37.4952
2.89107, 4770.5, -823.82
3.93936, 109.143, -175.737
5.79307, 208.67, -380.704
7.36348, -87.0874, -33.039
7.27758, 3488.28, 1373.28
7.42745, 89.1502, -54.4484
7.30478, 80.71, -57.9596
3.0073, 757.469, 467.637
3.71505, 852.512, -134.513
6.91151, 420.175, -123.405
5.28805, 290.371, 67.4497
6.7669, 181.002, -28.2257
7.49145, -334.798, -126.347
3.99751, -4041.23, 1712.62
6.33157, -7266.14, -2386.33
4.81901, 789.79, -516.685
6.8168, 670.789, -18.4187
6.99018, 263.566, -125.678
7.377, 509.379, 77.4794
2.77405, 217.915, -341.709
6.32605, 302.7, -414.046
5.09219, 1448.34, -2229.4
3.46574, -444.431, -261.257
6.98252, 210.193, -320.341
6.38492, -58.8436, -151.662
2.75968, 671.934, -1021.73
7.47331, 1414.7, -2309.41
5.93659, 80.4509, 3.41225
5.94854, 1506.71, 751.631
6.57666, 2575.95, -1210.62
7.05426, 380.159, -169.978
3.34218, 2196.82, 4380.33
5.24183, 2504.43, -1858.94
6.53351, 197.035, 64.4545
4.17803, -2.72143, 87.6055
5.53435, -420.014, 334.378
6.59602, 1391.02, -2070.69
7.3485, 167.722, -164.651
6.29349, 127.682, -66.2256
3.72113, 134.646, -788.958
5.80589, 193.841, 151.492
4.21574, 843.315, 168.597
7.27146, 104.395, 74.3638
2.60828, 2541.45, -2900.95
4.54979, 49.0078, 27.4835
2.55789, -3430.96, 3320.84
3.04964, 315.154, 1216.8
5.28259, 588.896, -757.494
4.45466, 253.67, 15.0747
7.20539, 224.002, -185.699
2.55572, 96.2533, -271.091
6.22897, 768.345, -1889.36
3.84293, 369.951, 231.643
4.27153, 55.986, -521.506
3.45835, 5277.75, -5403.96
5.14832, 669.848, 485.229
4.39478, -812.052, -4577.75
3.16407, 317.464, -124.107
4.26563, 298.979, 405.934
4.2497, -4346.37, 2290.17
7.41084, -2164.62, -1553.67
5.25961, -332.949, 65.69
4.99918, -1917.01, -527.301
3.58531, 1370.7, -2044.15
4.37311, -401.538, -598.285
6.78251, 2775.11, 2477.34
6.45578, -2593.34, 5253.24
3.9204, 2547.15, -3167.74
5.07645, 591.236, 177.166
6.79238, 85.7268, -178.657
7.07844, 476.509, 70.3351
7.48941, -1750.23, -1515.5
6.53177, 265.052, 213.336
5.22718, 156.534, 24.4708
7.3461, 488.646, 597.551
5.31931, 1235.16, 194.045
4.03031, 33.2305, -908.137
5.41853, 456.224, -112.168
2.91197, 296.622, -176.35
5.47382, -38.4921, -65.2482
3.31968, 2428.26, 4650.88
6.46527, -218.674, -368.199
2.95373, -568.346, 1427.47
6.3072, 150.887, -439.346
6.83996, 206.395, 41.6416
6.40105, 15.2045, -231.745
6.61399, -1841.08, -316.873
6.70974, 129.179, 8.89674
4.48328, 204.575, -121.383
6.508, 203.968, -28.943
6.56811, 97.5829, -14.422
5.43493, 596.559, 1248.2
4.64621, 133.034, 153.691
2.5002, -886.679, 410.067
5.31153, 85.1594, 3.41935
6.22632, -47.3815, 326.18
3.89846, 2979.46, 1749.58
2.93406, -691.487, -4172
3.5733, 574.388, 697.564
3.93296, 245.684, -152.302
4.86595, -466.982, -182.653
6.95893, -1736.3, -1518.05
5.91955, 8.1016, 113.612
3.54376, 140.874, -151.449
6.67533, 178.367, 56.9127
7.09218, 265.599, 326.759
4.48244, 31.7123, 491.812
6.37858, 1657.1, 263.032
5.68161, 3.2746, 36.5009
6.64746, 211.678, -332.251
3.40204, 1054.55, 321.208
7.45927, 141.272, -45.6543
6.70558, 130.187, -156.486
4.65177, 673.024, -462.97
4.38589, 50.7076, -110.732
2.70802, 368.063, -147.367
6.80715, -603.187, -916.432
6.62116, -3804, 2331.98
6.25052, 1550.31, 1267.11
3.55801, 476.55, -520.424
4.31029, -11.2293, -157.118
4.43545, -262.631, -90.2571
7.32918, -2858.58, -1807.91
6.5872, 554.267, 133.011
4.5755, 1127.24, -208.802
5.83759, -107.35, 742.067
2.52101, -3700.2, 3802.87
6.98048, -88.607, -241.986
3.68416, -303.884, 501.931
3.79415, -285.685, -194.778
5.4939, 517.31, 59.7027
6.89823, -233.505, 1.82465
6.16299, 264.111, -78.0605
6.0773, 436.931, -75.8747
3.57724, 5373, -240.947
6.30413, -3698.96, 2908.04
3.85351, 139.025, -12.7129
2.75246, 174.153, 54.0901
4.78866, -1543.81, 529.927
2.58759, 460.723, 42.4227
3.01129, 5388.58, -3456.53
2.639, 2201.73, -1280.8
5.65921, 180.516, -241.618
6.34425, 244.723, 16.4113
2.74132, 606.242, 140.22
6.6924, 499.272, 869.232
6.76899, 30.2761, -121.647
6.57649, -226.9, 631.964
6.85188, 326.874, -3870.61
5.27222, 154.928, 71.0733
6.12646, 20.7548, 988.287
3.20424, -4022.41, 3343.48
6.6115, 4.4342, -110.216
5.51185, -2379.9, -2726.15
4.93856, 190.858, 182.813
6.14942, -169.791, -297.747
4.05164, -1710.8, 1032.77
3.93925, 200.272, 148.316
5.45857, 1992.17, -2464.52
5.34055, -2739.65, 1490.67
5.41059, 2449.05, 1901.33
2.84132, -320.018, 439.188
4.34304, -1652.83, -302.249
6.28475, -100.49, 331.186
6.35297, 694.897, 2693.27
4.27217, 178.976, 692.829
5.98913, 22.5965, 25.265
5.08005, 1756.64, 1063.09
5.94494, 442.066, -226.08
6.18066, -1658.72, -1184.86
2.56231, -2458.92, -1678.08
7.16549, 318.624, -114.962
5.37826, 351.381, 232.495
3.05587, 648.623, 619.106
4.87388, 298.287, 169.133
3.24247, 1669.74, -546.109
4.22594, -7643.21, -1715.15
7.04476, 198.19, -24.5738
4.54571, 2553.44, -1139.31
5.96642, 255.299, -185.732
3.35865, 85.7178, -207.752
6.21715, -4152.88, 1466.37
4.16319, 197.333, -229.101
4.62157, 252.243, 178.555
2.79523, 176.328, 722.373
5.09005, 154.559, -55.3819
5.94425, -136.724, 333.004
5.01149, 142.052, -128.511
6.56617, 114.671, 70.9185
3.07974, 100.192, -290.154
5.24841, 1128.87, -167.688
5.06046, 211.661, 300.359
6.02649, -1688.65, -1503.61
5.65083, 109.255, 32.7848
4.0207, 642.283, 260.324
6.74719, 85.3166, -97.6321
3.39619, 1299.11, -2071.62
2.61737, 171.536, 5.94958
4.19467, 2.82621, 14.0602
3.43818, -1802.25, -1348.21
6.60467, 248.282, 144.609
6.72507, 119.748, 2752.6
6.78031, -2809.11, 1548.02
7.37454, 334.147, -478.31
2.99587, 255.583, 700.779
2.56182, -3430.55, -2608.5
2.58614, 499.87, 606.619
2.64527, -332.163, 277.197
4.1031, -1738, -1597.35
6.17815, -2837.68, 1671.73
3.14876, 120.017, 22.1763
2.5161, -2409.86, -455.336
6.91905, 19.4594, -121.491
3.70482, 409.437, -277.874
4.38481, 385.863, 999.969
4.44879, 362.469, 303.883
2.81534, 3205.96, 1221.82
7.30792, 208.281, 37.0591
3.75349, 81.2663, -102.621
6.85376, 297.399, 103.354
2.85991, 2622.8, -3573.83
2.70653, 3350.1, -2181.66
3.46378, -408.258, 76.0972
3.86708, -1786.39, -1883.3
7.4007, 85.9882, -107.544
3.60607, 1043.9, -4430.47
6.43119, 1481.51, -2206.34
4.42306, -114.253, 1208.48
3.78593, -2573.4, 2925.34
3.91087, 495.057, 359.325
7.33834, 765.54, 89.1555
4.22841, -45.5027, -182.706
3.45922, -480.433, -599.809
5.05037, 279.236, -135.173
5.21857, 1006.58, -3965.52
5.72333, 925.701, 58.6144
3.89738, -504.69, 220.905
3.41887, 613.338, -359.711
2.71579, 2017.21, -2356.91
3.98408, 622.421, 49.1219
4.25548, 1156.51, -653.077
7.09372, 53.5652, 0.0109718
5.81225, 363.69, 211.662
5.08041, -1728.85, -1546.46
4.03763, 178.52, 73.0986
3.0007, 1707.8, 1825.48
3.47502, 134.517, 99.699
4.11407, 2740.15, 2851
5.56182, 654.65, 316.197
5.13511, 2337.02, -1065.88
3.45653, -229.537, 835.199
4.7178, 4786.56, 2792.32
4.48693, 5518.01, -1076.17
6.28051, -12.9888, -376.169
6.6213, 441.885, -45.6801
5.51573, 279.061, -394.318
3.04573, 192.794, 110.149
4.11797, 2205.17, -581.035
5.03403, 129.476, 46.1012
4.76521, -1.8659, 346.571
4.77315, 311.127, -236.98
4.91125, 510.573, -99.6449
5.07896, -3860.65, 679.711
4.50207, -1947.92, -1005.37
4.22945, -501.802, -478.893
6.64533, 304.662, 334.245
3.02204, 2138.62, -1287.45
6.40057, 259.942, -35.9314
3.19919, 869.059, -324.084
2.62171, 3327.03, 3792.81
6.0664, -175.328, 1183.09
7.15538, 352.033, -348.527
7.47667, 325.524, 205.91
3.86264, 121.145, -223.935
3.6923, -1770.04, 361.669
3.87328, -363.092, -2738.37
5.70836, -77.1498, -295.007
5.17637, 368.812, 10.3963
6.8967, -2449.6, 4264.64
6.75968, -48.4984, -238.86
2.98004, 79.1294, -458.49
4.66818, 157.511, 173.87
3.17045, -453.156, 281.47
5.86802, 97.9897, 76.5927
5.34964, -117.666, -686.44
3.66474, 102.884, -1112.97
5.50306, 263.68, 20.2458
2.6551, 58.7105, -125.068
7.08512, 267.551, 24.3687
3.82958, 279.5, -505.363
6.50016, 85.7133, -42.0817
5.46389, 302.24, -107.038
5.0822, 286.77, -84.4091
5.2567, 1641.89, -854.099
3.47225, 626.667, -325.926
5.36152, -2577.8, -115.176
3.81992, -551.102, 5705.58
4.41648, 2350.33, -4903.24
2.73626, -483.381, -478.45
4.22823, 130.251, 127.061
3.61594, -2612.4, 6195.27
3.81264, -147.266, -280.746
3.05141, -149.105, 91.4688
7.40088, 258.855, 202.696
5.93794, 456.17, -121.527
5.82158, -31.5673, -279.59
5.99501, 413.053, 377.733
2.68746, 235.245, 31.0396
3.6706, 96.389, -111.354
3.95397, -4738.24, -7133.6
3.50543, 50.6217, 245.238
2.7177, -2284.34, 3379.92
2.56571, -66.3141, 147.372
6.07297, 5122.67, -1632.62
6.88348, -187.365, -238.423
5.35088, 1561.58, -2940.95
6.92743, -2586.2, -2939.71
5.20042, -1269.88, -206.614
3.31357, -1610.54, 271
3.30492, -2423.8, -1872.63
7.19182, 258.828, -266.018
3.45628, -103.416, -132.63
3.15761, -2629.64, -221.879
4.41122, 64.6818, 59.6772
6.12674, -581.808, 2546.26
2.50651, -5589.84, -431.548
4.60222, 3969.13, -2261.73
5.18984, -309.632, -64.4978
4.86596, -951.694, -603.462
6.33003, 269.285, -652.522
2.9396, -816.577, -593.49
7.04284, 259.336, 55.6606
3.20818, -494.514, 6.09921
2.54782, 95.4844, 649.591
2.82267, 417.867, 97.5398
4.96742, 184.285, 13.4376
5.40914, 83.3562, 15.1371
4.03373, 3260.24, -5727.81
4.57091, 456.43, 395.193
4.33401, 1287.06, 1551.76
3.42687, 352.959, -2228.04
2.76788, -2326.99, -2219.5
4.47222, 312.851, -279.679
3.98388, -864.419, -1072.29
5.05388, -269.84, 54.6649
3.75392, 1982.39, -3260.59
5.01589, -979.335, 1777.66
2.51168, 749.557, -633.492
7.01807, -4665.23, 2209.08
2.79181, 2930.35, 2961.03
5.17506, 115.736, 2785.21
3.95754, 2368.54, -1084.27
7.3023, 26.5101, 36.6648
4.73406, -2870.53, -1154.59
5.08479, -73.1846, -207.213
5.93861, 394.42, -31.5701
2.72187, -56.7842, 531.429
7.2946, 3223.27, -2362.38
5.70852, 437.539, -243.753
2.80215, 102.023, -13.1272
3.33964, 226.039, -180.303
5.76491, 363.31, -422.743
6.19864, -321.308, 2177.25
3.57011, -303.856, -456.552
4.31441, 605.239, -1798.68
6.56981, -229.138, 394.931
5.32057, 287.541, 33.5612
7.45886, 268.891, -26.7114
6.5669, 192.692, -361.117
3.49157, 2877.82, -3693.96
2.50003, 350.302, -132.781
4.62608, -2865.43, 3452.56
4.07406, 1708.29, 1089.03
5.56218, -3107.5, 493.223
3.83351, 103.875, 84.2434
4.39881, 1302.77, 555.378
5.43397, 188.336, 136.887
5.95636, -1575.49, -191.418
7.26736, 228.245, 39.2237
4.89785, -101.199, 957.95
3.60319, 113.786, -161.204
5.33741, 908.326, 645.972
6.09873, 29.1178, -185.213
4.4953, 1822.91, -11.139
3.48326, 216.265, -186.37
6.66971, -56.6353, -138.997
5.59561, -20.3393, -707.734
7.26866, 209.346, -64.0132
3.23222, -434.792, 37.8345
5.38953, 391.05, -75.5021
7.26796, 250.117, 41.9502
3.62331, -4668.52, 2172.8
7.25137, 196.392, 83.5592
3.07874, 1164.37, -538.671
2.58372, 687.327, 299.786
3.90465, -246.22, 494.144
7.15042, -195.243, -207.233
3.04796, -856.819, -412.383
6.77266, -45.0442, -185.831
5.68532, 118.587, 137.993
5.63853, 247.697, 43.5918
3.80589, -646.439, 1370.87
5.13936, -642.429, 213.14
7.16608, 1579, 684.13
3.98055, -1160.7, 152.482
4.78006, 281.325, -42.2399
6.35659, -875.796, 3941.36
4.17193, -1657.39, -2871.87
6.31775, 320.312, 11.1909
6.65892, -1931.83, 2134.3
2.64618, 2123.03, -1314.15
4.31315, -275.927, -621.246
4.16221, 319.522, 60.2426
3.17675, 1662.53, 1590.7
3.00839, 1111.86, -3404.91
5.11327, 377.693, 234.324
3.52046, 197.739, 240.468
5.00728, 213.374, 347.663
5.1371, -4153.24, 2746.86
4.13422, 50.2372, -206.991
4.75888, -53.8393, 651.006
6.85263, 510.82, -222.725
4.72884, -27.4264, 82.2217
6.03726, -42.1074, -153.898
6.83171, -1699.59, 334.051
6.5822, 677.639, -668.461
2.67504, -3240.41, -1263.5
3.8644, -738.881, 1934.91
5.21858, -1227.06, 816.632
3.19942, 3350.02, -564.098
5.57408, 80.58, 9.29629
3.29182, 330.197, 165.578
4.41129, 649.469, -111.265
5.94997, -312.209, -283.482
3.21128, 3377.8, -12.2117
5.65284, -231.005, -102.637
3.15973, -2804.93, -1473.28
7.13583, 417.973, 123.967
5.53465, 4485.61, -6854.16
5.50388, 212.554, 386.341
3.33635, 257.19, -39.79
3.301, -1209.78, 1832.55
5.91628, 253.283, 222.844
5.1456, 287.7, -63.2032
3.65264, -1800.86, 1011.46
6.55373, 107.027, -50.353
5.76477, 112.012, -235.397
4.08597, 72.6916, 649.399
2.53953, 93.3439, 526.171
3.49176, 233.812, 158.632
3.78831, -67.0355, -196.066
3.03825, -56.2316, -451.09
3.49545, 334.338, -504.789
6.75079, -4819.02, 2571.11
6.63912, 308.37, 74.2582
6.76813, 164.096, 62.0417
5.71027, 204.272, 121.731
3.6787, -2466.36, 2561.02
6.80638, 74.1675, 56.0697
5.4745, -159.769, -325.172
2.52745, -1670.1, -1258.42
6.84925, -397.413, -909.551
7.37729, 400.344, -169.27
5.59653, -1733.26, -1515.84
3.85574, 519.23, 149.306
7.46973, 243.713, 19.8144
4.60751, -1111.69, -470.331
4.20537, -391.632, 30.6955
4.80717, 150.96, 52.6045
4.44822, -943.469, -2592.04
4.613, -4066.13, -782.19
2.84879, 289.808, -324.288
5.5153, 406.588, -297.493
7.36114, 564.743, 71.2793
5.07406, 312.13, -333.988
7.45461, 177.841, -20.4287
5.84906, -2173.43, -5115.82
4.01716, 165.564, 102.062
3.47371, 434.593, -78.1663
4.0109, -377.045, -197.619
4.93946, -87.1155, 117.327
4.72438, 172.819, -22.6164
5.7844, -535.952, 122.765
3.74227, 4986.59, 2843.08
4.72007, -1228.58, -1009.88
5.75894, 313.961, 62.19
6.67472, 156.105, -207.221
6.03698, 186.498, 443.874
4.93928, 252.052, -459.798
6.72039, -48.9012, -48.6794
7.00296, 755.369, -703.24
6.33082, -239.658, 35.7055
5.29453, 505.939, 519.883
2.70603, -685.608, 169.372
5.46749, 467.585, 202.6
2.68674, 39.4491, -3395.56
4.53488, -506.593, 615.35
2.84243, 570.191, -62.2837
7.38558, 239.518, 132.684
2.5956, 1740.3, 2695.17
6.60363, 124.377, -218.114
5.2195, 3331.36, -2767.39
5.72828, 510.572, -270.152
3.62934, -539.515, -63.5907
2.733, 495.7, 2748.88
3.63154, 389.507, 504.279
4.58371, 7.02423, -2298.53
6.40126, 381.418, 57.4371
3.72852, 1395, -2076.66
4.81411, 197.352, 167.825
6.14756, -730.172, -171.035
5.35237, 4629.52, -629.937
5.45997, 2.76762, -148.688
4.98425, -829.17, -213.203
3.951, 90.4883, 79.7119
4.71107, 96.8351, 472.153
2.53669, -2606.23, 5741.31
7.41683, 196.262, -132.321
2.52822, 49.5121, -117.731
4.8676, 1856.71, 659.487
5.86497, 3150.34, 5372.08
