6.27803, -3211.9, 1892.2
3.5948, -40.3401, 1277.76
5.89648, 63.3173, -73.8028
5.09708, 365.517, 169.52
2.76731, 6115.9, -6248.45
2.53849, -2163.8, 2496.62
4.58743, 8557.03, 5072.8
7.15218, 172.309, 72.7096
2.95982, 161.846, -131.4
6.00595, 23.9724, -252.429
3.81226, 500.216, 10.2247
4.14117, 111.23, 18.4489
7.45519, 802.547, -677.302
7.41275, 132.601, -136.37
5.75759, -410.473, -294.623
6.92354, 88.9519, 14.8399
6.33247, 284.36, -115.558
3.87453, -2424.48, -869.37
4.93259, -1398.05, -1066.87
2.80282, -7758.88, 1947.79
5.08146, -13.0006, -5.71937
4.96988, -5431.72, 2016.68
7.23882, 511.484, 117.19
4.42071, 190.585, -89.3607
5.14874, -4112.14, 1080.2
2.75042, -318.526, 5442.43
6.63909, 54.4611, -118.846
5.94228, 726.067, -142.803
6.18112, 775.71, 40.2023
6.94286, -4041.75, -3529.58
4.25508, -378.324, 396.033
6.72991, 259.585, 317.204
3.84659, 802.484, -223.437
4.83959, -269.764, 688.102
3.2686, 302.026, 119.728
2.66527, 752.725, -468.304
7.2768, -1411.83, -999.747
6.95369, 315.387, -169.657
3.29884, -409.331, 437.944
3.15214, 1640.77, -868.586
2.515, 3244.69, -574.349
6.0491, -69.5664, -133.17
3.40448, 694.04, 112.189
5.76029, -956.203, 297.09
4.42907, -164.899, 119.495
3.23766, 1362.87, 1479.61
5.45054, 846.036, 388.874
3.24076, 2962.88, -1401.65
3.2091, -2435.27, -1406.61
4.94257, -369.925, -186.749
3.13015, 225.842, -682.109
5.64635, 1038.22, 174.472
5.60817, 298.786, 20.631
4.88216, 3714.98, -5124.88
2.64188, -452.431, -183.34
3.21011, 4470.76, -659.011
3.15594, 351.073, 52.6071
3.31099, 1595.52, -2395.4
3.76529, -411.103, 196.14
4.77654, -5158.58, 2514.64
6.54472, -89.8643, -956.372
3.57624, 176.147, 84.1038
3.75063, 120.348, -80.9004
5.02978, -1134.75, -2046.17
6.27922, 105.115, 22.56
5.66369, -1772.23, -3605.87
5.9449, -2327.3, -1714.19
7.27207, 287.988, -537.332
5.18713, 5342.81, -2708.41
4.57014, 118.32, -2264.6
4.70019, -413.122, -550.942
6.07821, -1883.81, -1845.31
6.20858, -2731.33, -2058.76
5.12494, -3502.08, 2819.23
6.06711, 154.638, -136.307
5.91025, 297.992, -14.8491
6.82941, 2128.44, -1707.83
3.19597, 518.021, 1757.2
3.57766, 106.657, 124.854
5.0733, 1257.91, 2236.43
4.83766, 217.415, 61.8811
3.55759, 3977.89, -4042.13
5.65244, -263.017, 452.014
2.5044, 3142.43, -4522.22
4.09589, -801.099, -2832.48
5.90281, 170.614, -39.1035
6.0446, 237.532, -218.813
2.90869, 373.935, 135.043
3.56926, -387.409, -479.915
4.44412, 15.8027, -246.258
4.44927, -4057.32, -1377.82
3.92018, 29.7298, 658.083
4.6123, 206.441, -163.809
2.55658, -2235.46, -132.876
3.72027, -5578.9, 2935.5
4.49072, -2143.06, -3668.79
6.64177, 618.02, 186.789
3.78584, 567.732, -396.986
3.59705, -1251.82, 541.09
6.47385, 172.678, -74.1391
5.8476, 1262.6, -387.494
5.49108, 369.099, 787.657
5.99917, 2681.65, 1754.54
5.13062, 169.824, -152.153
4.14833, 259.404, 35.5086
3.30844, 6122.06, 1066.77
6.56633, 241.293, -132.004
4.08004, 98.8421, -661.901
4.05369, 738.121, 338.315
4.65424, 165.499, -52.4511
4.46509, 568.114, 134.578
4.43916, 429.142, -353.179
4.34871, 189.202, 45.1032
5.88118, 241.041, 11.8577
6.10384, 224.956, -431.041
7.20082, -2392.49, 951.554
5.08573, -61.4995, 95.486
5.5282, -442.499, -225.345
5.85049, 1604.76, -2409.93
5.11404, 388.481, -16.2779
3.87105, 519.223, 105.267
7.08924, 88.223, -46.7459
3.73367, 555.364, -81.8123
4.77876, 560.648, -153.341
3.30374, 402.651, -59.7784
4.68319, -1.37261, -235.325
7.45767, 811.355, -275.926
6.26931, 3976.99, -3888.47
4.97846, 77.1956, -828.167
7.01651, 297.305, -2.80376
4.68213, -436.845, 224.876
5.09239, 2182.3, -1718.64
4.44866, -1866.86, -3024.6
5.63431, 142.244, -21.4767
5.19331, 241.84, -37.8932
4.35955, 87.9331, 1128.14
2.54674, -221.252, -740.908
6.3794, 208.985, -139.014
2.85317, -528.967, -636.686
3.98511, 302.682, 38.9984
4.78581, 172.732, 1476.66
3.25156, 646.948, 206.765
5.97819, 137.121, -533.195
4.15587, -519.792, -608.101
5.21197, -3422.55, 6077.24
2.64678, -3377.73, -2150.96
5.38086, 99.9249, 91.2378
5.18133, 59.3019, 99.0524
7.36678, 684.871, 161.772
5.57063, 176.342, -33.0233
5.26431, 2660.92, -4581.46
6.69051, 1254.83, -153.625
3.75764, 408.277, -1135.56
6.98957, 246.079, -74.2398
5.97428, 316.559, 217.994
5.82752, -447.838, 2380.32
3.06838, 491.914, -695.367
3.37987, -1616.94, -759.297
2.91253, -1712.25, 2782.27
6.68103, 417.894, 79.4757
2.64818, 582.517, 3693.02
6.34719, 320.115, -16.6526
4.29829, 233.825, -3585.21
6.24626, -840.029, -303.882
6.28385, 337.513, -39.4071
3.60834, 2483.56, -1356.14
5.58305, -325.219, 232.802
3.66846, 591.213, 263.785
6.22052, -25.0367, -3547.52
5.80997, -316.635, -844.534
4.9209, -3362.53, 6061.44
2.58972, 813.328, 386.944
4.98291, 44.3836, 317.384
5.09587, 227.768, -10.7848
4.71395, 701.37, 3295.21
4.14528, -2401.47, 1464.07
3.52671, 249.735, -126.056
7.19863, -2.30459, 1195.92
2.85168, 1151.59, 2989.99
3.30042, 451.506, -1162.29
6.70788, 221.158, -7.19081
4.13614, 71.6639, -151.924
6.85942, 233.532, -57.1513
5.99896, 357.081, -37.4887
5.52801, 560.909, -161.097
4.77536, 680.723, -333.603
2.91543, -68.5224, 952.03
3.94883, -3385.65, -891.358
6.51009, 75.3549, 24.473
6.81821, 193.175, -1157.11
3.81831, -4660.64, 366.114
4.79881, 689.684, 175.523
4.95672, 200.244, 62.7856
5.82344, 1557.59, -2426.63
7.31738, 245.715, 58.3211
7.23022, 66.8009, -44.9918
2.81902, 1644.87, 15.5165
5.04829, -776.716, -608.633
6.13222, 234.782, -116.197
5.65882, 121.982, -7.94172
3.26658, -290.501, -440.453
5.09652, 702.619, 3298.97
3.52281, 5884.12, -1855.21
6.03231, 241.585, -23.4089
6.05786, -1238.49, 6264.29
3.66304, 162.872, 417.275
6.80594, -39.5777, -164.401
2.67122, 0.523843, 273.172
6.26587, 831.171, -107.649
4.14789, 342.611, 701.851
4.65309, 5300.7, -1362.11
7.33455, 156.834, -125.005
4.05803, -1769.75, -1742.78
5.69762, -6121.69, -65.0109
5.95386, 252.37, -133.707
5.36403, -468.971, 395.381
6.60667, -3442.64, 6079.41
4.21807, -3720.72, 1448.74
5.09387, -243.534, -82.0468
6.78438, 163.124, 865.865
6.18587, 166.581, 875.787
3.45992, 1433.77, -676.249
2.83145, 179.966, 76.1285
3.60828, -4396.06, 2773.97
3.33656, 200.587, -206.356
6.31172, 205.981, 55.3182
5.44905, 1645.01, -2183.54
4.65223, -6413.41, -462.655
7.09618, 1675.96, -40.6129
5.09668, -963.969, -1500.23
7.38058, -607.611, 78.8112
5.15714, -26.0109, -133.627
2.98716, -1157.62, 713.759
5.83983, -662.632, -634.494
5.44444, -595.932, 2816.49
5.01137, 259.358, 128.633
2.75808, 488.627, 1409.11
2.6753, -210.628, 394.985
4.41484, 217.69, 551.505
5.55555, -2719.19, -3043.25
5.06574, -6410.08, -456.468
5.98498, 53.5551, -149.332
4.89891, 216.882, -303.608
3.88323, -6561.16, 44.6418
6.01685, -294.366, 3042.1
3.67701, 276.052, -278.179
6.41501, 189.095, -62.824
6.60589, 691.042, 472.247
3.21842, 4078.65, 3529.27
5.75757, -426.023, -288.372
3.87677, -1285.78, -1779.63
7.26215, 2989.19, -1193
4.58238, 486.616, 357.805
3.03869, 331.339, -214.025
4.70633, 306.556, -218.578
6.28811, 108.436, -647.291
2.77803, -82.6757, -31.7043
3.51241, 148.959, -10.9039
6.82305, 160.747, -181.667
6.52456, 556.445, 117.486
2.78861, 646.398, 1993.7
4.40304, 280.823, -21.1184
4.56124, 97.711, -125.771
2.80071, -1155.15, -465.623
7.09746, -1178.04, -1042.82
3.35398, 130.893, 47.8217
6.51634, 169.668, -550.247
3.88599, 2608.73, -720.334
4.44586, 204.741, -2.40714
7.19936, -2035.69, 1082.52
6.24573, 101.839, 3110.17
3.44774, 4410.9, -4499.85
6.89581, 200.282, 120.934
6.8953, 389.263, -61.0104
3.30515, 180.42, -1648.6
5.87346, 475.878, 326.715
6.89096, 241.928, -86.5724
6.98262, -761.115, 4062.5
3.06535, 33.8655, -38.0773
5.93789, -1739.96, -1361.43
3.21651, 232.858, -658.824
3.6901, -854.744, 270.2
5.64383, 3160.67, -2161.3
4.312, 227.603, -206.245
4.64437, -1993.1, -1837.57
4.91936, 1703.98, -1987.86
6.20379, 67.2141, 1721.14
3.23098, 434.83, -245.474
7.36238, 268.373, -48.3514
7.3158, 189.896, -34.6469
3.14741, 2805.24, -1752.97
5.3784, 312.124, 192.029
4.66439, 118.502, -699.907
5.50066, 362.847, 154.858
5.85098, 204.015, 415.607
4.5137, -3310.79, -1130.34
6.46691, -1897.05, -1669.26
4.89889, -3880.25, 1928.52
5.72449, -119.239, 418.67
4.28836, 6145.24, -965.136
5.96794, 84.131, -887.996
5.83428, 971.052, 485.336
3.22071, 161.1, 116.391
7.10415, 155.731, 124.169
4.22228, 1215.78, 4200.87
6.66824, 72.5885, -196.82
2.74349, 145.357, -988.718
3.27936, 1429.32, -2325.22
2.55765, 471.258, -347.974
3.94327, 145.676, 62.8638
5.07295, 92.8299, 78.1539
3.65948, 1192.01, -3785.61
2.75022, 661.078, -280.985
5.33091, 559.662, 147.545
6.69774, 657.351, -121.785
4.28763, 429.103, 123.055
4.3452, 168.885, -996.344
7.22226, 155.49, -27.5955
4.72425, -1433.39, 37.5637
6.82086, 189.243, -125.621
5.82654, 266.536, 264.924
5.79297, 220.778, 208.7
7.10736, 2830.86, -2064.82
5.11536, -3508.19, 2816.01
5.45229, -35.4079, 870.544
5.79944, -237.392, -2879.61
4.24765, -1701.5, 1135.82
4.11714, 427.224, 447.46
7.08984, 229.446, 777.638
3.08619, -5168.24, 1988.11
7.31268, -414.008, 289.65
5.17978, 341.062, -270.952
5.81447, 1744.5, 956.2
5.48362, -5378.21, 2574.42
6.93363, 26.9064, -1179.27
6.67999, 23.1425, -47.6404
6.69339, 245.761, -59.031
6.85642, -261.709, -263.991
2.5002, -401.41, 2429.29
4.77274, -1052.99, -3187.79
4.25696, 1687.25, 123.477
5.80713, 5390.37, -4132.8
6.22234, -54.6302, 299.3
3.3821, -1053.75, -4648.35
7.4621, -1309.98, 1531.42
5.95466, 372.433, -12.4344
6.97862, -430.248, 5.09854
3.51579, -1354.77, -491.918
7.2356, 779.337, 427.811
4.88476, -4939.24, 2676.53
6.78578, -4392.84, 2772.51
6.41237, -159.661, -71.6061
5.70687, -3379.94, 3286.57
3.14521, 523.236, -13.9389
5.77944, 125.625, -519.455
3.09199, 328.194, -50.9832
3.88793, 2869.25, 782.939
6.65548, 115.561, 2670.18
6.14153, 4141.73, 5330
6.74348, 4620.08, -3455.05
3.43989, -533.374, 261.29
6.09602, 166.429, 7.12513
4.25586, -25.5329, -672.72
3.34555, 315.759, 269.299
4.52383, -4951.45, 573.455
4.20924, 176.038, -9.60629
6.67141, -204.297, 227.972
3.9111, -3808.15, -6173.86
5.16766, 3909.82, 2260.11
6.25085, 1160.75, -2070.29
4.62554, 548.012, 275.778
4.66964, 975.471, 124.108
3.03022, -3667.02, -2632.35
6.4639, 166.219, 14.7006
3.91232, 415.217, -115.539
7.14264, 4100.86, 6318.29
5.37926, 392.059, 138.433
3.4895, -398.831, -139.534
5.99081, 115.536, -78.4968
3.07265, 664.935, 52.4896
4.22945, -15.9602, -694.943
4.15646, 71.3527, -138.003
6.42735, -5371.46, 2568.96
6.65775, -47.5642, -171.255
4.21712, -12.5573, -11.3973
4.2603, -740.304, -90.6662
6.38197, 50.426, 59.6347
6.58658, 358.469, -430.903
4.26157, -129.375, -536.034
7.09559, 253.509, -76.2307
3.2877, 463.548, -22.6816
5.56029, -62.6364, 24.2572
5.54222, 183.774, -145.436
3.16647, 3037.44, 3127.78
3.51409, 3881.15, 5295.95
4.79457, 4.93181, -183.437
3.48759, -400.653, 1563.47
6.77118, 496.578, 349.174
6.54562, 1000.73, 881.119
2.80131, 2615.59, -1765.69
6.50584, 1658.44, -4862.6
5.49597, 325.197, 58.5623
7.43182, -71.8486, -6.35747
2.65919, -528.795, -11.0334
6.8356, -3291.58, 3932.45
3.69109, -1812.17, -689.719
3.6127, 2017.35, 835.954
4.73907, 6767.28, 3155.91
2.61231, -88.1672, 57.404
6.79755, 242.057, 1.16195
4.15902, 480.283, -4090.35
5.72195, 868.915, -431.846
7.43521, 310.26, 15.2555
5.30162, 161.462, -75.1822
4.74553, 201.27, -178.832
5.213, 42.3581, -223.379
2.90797, -2257.54, 789.082
3.99606, 1573.24, 2934.23
6.63964, -3720.08, -687.667
6.48936, -4243.23, 1816.25
5.71048, 474.325, -100.353
4.84105, 234.151, -67.0197
7.15326, 593.223, 1995.26
5.08798, 348.333, -749.459
7.42924, -4401.36, 2753.55
5.94567, -257.907, -279.486
6.19966, 185.413, 268.461
3.46323, 1243.75, 1457.75
6.08881, 2943.12, -1709.63
6.11146, 990.328, -423.182
6.49298, 259.401, -97.7941
4.23216, -5013.99, 331.804
5.1481, -2037.8, -1109
3.19001, 1257.8, -329.237
6.73218, 45.4346, -215.764
6.32766, -443.707, -565.655
7.5, -5352.02, 2547.54
4.24891, -7658.83, -2492.59
5.50367, -394.025, -68.9111
3.50808, -469.637, 3376.69
6.2385, -3511.93, 559.927
6.49225, 834.103, -177.044
3.03505, -855.35, -375.932
5.35813, 254.125, 45.2033
2.84683, -5015.16, 1671.38
4.16036, 287.764, 629.761
5.80945, 177.054, -22.7367
5.27726, 419.973, 3849.19
7.12415, 387.387, 518.719
2.69832, 319.985, 2740.06
2.62083, 802.817, 1044.86
4.61923, 296.869, -67.5685
4.36987, -945.426, 366.986
2.93303, 3541.65, 3492.31
3.05403, 77.8999, -153.568
5.31992, -4842.92, 149.079
7.37269, 268.968, -71.4344
3.05066, 125.724, -3727.09
5.99352, -3009.64, -3305.42
2.79674, 59.0236, 652.734
4.69755, 550.685, -503.061
5.24651, 1166.79, 545.317
3.45129, -106.357, 228.553
7.36597, 319.318, -175.751
3.19593, 160.303, -133.653
5.48978, -3013.52, 278.06
7.12812, 329.331, 604.734
3.91116, -1441.47, 326.788
6.8307, 502.923, -457.008
6.29598, 882.384, -1303.91
6.10793, 304.715, -225.818
3.34241, 185.112, 69.9832
3.32882, 1301.1, -2518.47
3.39076, 153.688, -54.8677
5.87226, 180.486, 124.333
4.83484, -261.17, 537.586
6.85219, -13.954, -43.8349
5.76023, -558.081, 230.063
5.80464, 1740.84, 959.412
2.58037, 57.1354, 285.419
4.30596, 5731.73, 3240.07
3.72747, 136.896, 802.896
6.93086, 116.338, 266.046
5.23701, -7276.22, 131.88
6.57209, -553.074, -374.14
5.24453, -14.6105, -0.797718
4.16156, 842.955, -349.635
4.40213, -1784.81, -3206.1
2.52389, 1950.78, 390.32
6.95226, 172.462, -52.3256
6.16955, 916.232, 269.438
6.04239, -334.306, 256.846
5.1278, 1934.8, -2757.74
6.41065, 186.254, 338.149
3.42484, 364.098, -127.618
5.72673, 208.754, -151.064
3.42178, 98.7988, -101.346
3.31214, -1092.69, 693.497
2.65594, 1233.78, 1474.32
7.42716, 61.0751, 133.714
4.04559, 475.41, 189.968
4.11075, -300.56, -4.09801
5.51155, 200.331, -73.7028
2.89107, 5538.34, -995.18
3.93936, -491.998, -73.2972
5.79307, -46.9904, 400.426
7.36348, -175.27, -88.6293
7.27758, 3978.28, 1587.94
7.42745, 363.227, -260.635
7.30478, 243.446, -9.96826
3.0073, 932.296, 213.972
3.71505, 409.723, -11.0683
6.91151, 777.451, 50.4534
5.28805, 318.224, -37.2749
6.7669, 171.744, -61.7273
7.49145, -84.2863, -100.74
3.99751, -4680.5, 1895.14
6.33157, -8432.41, -2745.73
4.81901, 897.266, -1077.05
6.8168, 15.4002, -34.0875
6.99018, 50.7903, 130.936
7.377, 795.702, 9.42937
2.77405, 598.941, -304.294
6.32605, -106.762, -467.833
5.09219, 1559.88, -2402.76
3.46574, -611.648, 88.2968
6.98252, 58.1992, 53.0086
6.38492, 255.65, -162.328
2.75968, 772.025, -1497.09
7.47331, 1567.97, -2515.81
5.93659, 263.349, 51.4091
5.94854, 1749.22, 966.617
6.57666, 2917.29, -1394.97
7.05426, -101.189, 21.7195
3.34218, 2564.73, 4997.8
5.24183, 2828.11, -2127.56
6.53351, 156.936, -2.49023
4.17803, 434.702, -33.3357
5.53435, -97.958, 555.033
6.59602, 1642.44, -2242.39
7.3485, 274.612, 183.558
6.29349, 585.219, 403.362
3.72113, 69.2549, -1095.5
5.80589, 558.514, -64.5326
4.21574, 417.358, -91.4538
7.27146, 291.408, -88.4913
2.60828, 2968.19, -3252.58
4.54979, 309.669, -38.0275
2.55789, -4106.44, 3800.27
3.04964, 327.479, 1539.83
5.28259, 396.007, -392.023
4.45466, 106.535, 26.6464
7.20539, 196.358, -85.5477
2.55572, -265.661, -55.7929
6.22897, 1024.67, -2451.56
3.84293, 79.8157, -122.877
4.27153, 47.9701, -196.955
3.45835, 6136.56, -6286.95
5.14832, 587.305, 334.647
4.39478, -919.385, -5263.78
3.16407, 178.459, 35.359
4.26563, 99.2289, 104.768
4.2497, -4970.6, 2575.46
7.41084, -2322.57, -1712.34
5.25961, 225.633, 111.806
4.99918, -1980.72, -557.305
3.58531, 1461.75, -2168.99
4.37311, -295.345, -800.177
6.78251, 3213.7, 2888.12
6.45578, -3013.57, 6121.3
3.9204, 2861.9, -3614.92
5.07645, -35.0377, 151.133
6.79238, 344.908, -34.6637
7.07844, 292.91, 132.695
7.48941, -1874.62, -1614.65
6.53177, 327.933, -242.402
5.22718, 178.391, -526.968
7.3461, 789.537, 405.986
5.31931, 1209.22, 359.041
4.03031, -173.401, -623.417
5.41853, 294.55, 115.468
2.91197, 199.26, -412.831
5.47382, 345.552, 217.56
3.31968, 2793.61, 5427.12
6.46527, 180.125, 109.891
2.95373, -456.392, 1596.16
6.3072, 73.2111, -714.22
6.83996, 97.5707, 31.6055
6.40105, 208.057, 63.4414
6.61399, -1912.99, -295.261
6.70974, 172.052, -199.096
4.48328, 367.65, 457.397
6.508, 187.552, -143.29
6.56811, 365.472, 145.566
5.43493, 487.411, 1099.17
4.64621, 153.296, 619.131
2.5002, -1159.38, 442.497
5.31153, 219.208, 75.9686
6.22632, -519.659, 600.451
3.89846, 3342.64, 1999.4
2.93406, -817.985, -4731.59
3.5733, 808.646, 989.081
3.93296, 734.087, -61.4181
4.86595, -163.76, -157.684
6.95893, -1895.17, -1618.59
5.91955, -442.534, 288.129
3.54376, -233.934, -184.032
6.67533, 286.336, 12.9385
7.09218, 179.105, -432.058
4.48244, 385.479, 393.046
6.37858, 1730.69, 138.053
5.68161, 645.681, 152.251
6.64746, -194.687, -276.967
3.40204, 1588.04, 443.348
7.45927, 236.817, -57.3156
6.70558, 225.889, 31.3036
4.65177, 466.297, -687.771
4.38589, 123.138, 5.46553
2.70802, 526.238, -536.133
6.80715, -675.256, -1041.64
6.62116, -4337.74, 2610.55
6.25052, 1754.96, 1256.07
3.55801, 177.916, -58.071
4.31029, -373.181, -323.483
4.43545, -318.492, -286.812
7.32918, -3183.2, -1997.92
6.5872, 565.719, 81.7443
4.5755, 1852.33, -292.544
5.83759, -224.115, 639.136
2.52101, -4222.35, 4420.64
6.98048, 87.657, -62.7392
3.68416, -296.16, 967.578
3.79415, 298.822, 4.94274
5.4939, 1097.99, 139.879
6.89823, 505.237, -95.1167
6.16299, 203.714, -337.776
6.0773, 711.178, -283.67
3.57724, 6168.54, -275.565
6.30413, -4203.8, 3311.57
3.85351, -93.3828, -415.66
2.75246, 317.621, -59.2229
4.78866, -1810.56, 506.349
2.58759, 137.228, 289.733
3.01129, 6280.44, -3998.95
2.639, 2911.37, -1744.95
5.65921, 192.851, 169.643
6.34425, 162.571, 44.1654
2.74132, 549.675, -15.4239
6.6924, 398.204, 702.012
6.76899, 351.522, -111.912
6.57649, -244.398, 739.447
6.85188, 431.403, -4425.38
5.27222, 845.919, -195.007
6.12646, 44.1005, 709.03
3.20424, -4570.18, 3882.09
6.6115, 227.016, 13.2786
5.51185, -2722.26, -3038.97
4.93856, 229.897, -524.893
6.14942, 397.697, 160.967
4.05164, -1782.59, 1151.49
3.93925, 228.494, -458.02
5.45857, 2182.85, -2716.24
5.34055, -3146.33, 1705.94
5.41059, 2663.1, 2148.54
2.84132, -452.543, 363.603
4.34304, -1683.55, -476.225
6.28475, -394.021, 181.912
6.35297, 636.34, 3017.82
4.27217, 315.934, 560.798
5.98913, 462.593, -37.2387
5.08005, 1779.86, 1145.19
5.94494, 688.927, 177.41
6.18066, -1721.43, -1286.33
2.56231, -2803.71, -1757.33
7.16549, 201.473, 3.31973
5.37826, -88.951, -259.885
3.05587, 945.017, 332.623
4.87388, -6.68525, -260.981
3.24247, 1809.93, -878.359
4.22594, -8833.38, -1969.18
7.04476, 184.665, -139.215
4.54571, 2834.65, -1367.29
5.96642, 77.4337, -25.4077
3.35865, 205.688, 106.598
6.21715, -4805.4, 1676.33
4.16319, 109.551, 166.959
4.62157, -0.658778, -34.7308
2.79523, 291.988, 299.386
5.09005, 127.944, -117.838
5.94425, 200.928, 107.432
5.01149, 155.277, -15.4328
6.56617, 262.578, 18.1414
3.07974, 81.6378, -515.607
5.24841, 974.134, -364.191
5.06046, 638.794, 86.7579
6.02649, -1858.04, -1668.3
5.65083, 204.116, -98.0506
4.0207, 310.954, -192.471
6.74719, 218.731, -124.463
3.39619, 1591.54, -2278.41
2.61737, 298.2, 823.127
4.19467, -164.37, -139.935
3.43818, -1913.17, -1512.76
6.60467, 34.7268, -183.894
6.72507, 129.426, 3077.13
6.78031, -3133.91, 1716.51
7.37454, 150.817, 12.1659
2.99587, 45.2197, 631.679
2.56182, -3972.15, -2976.3
2.58614, 637.77, 717.327
2.64527, -327.207, -152.547
4.1031, -1785.35, -1662.25
6.17815, -3195.78, 1904.1
3.14876, 749.196, 156.429
2.5161, -2944.36, -590.316
6.91905, -658.565, -531.89
3.70482, 289.895, -1.77576
4.38481, 260.077, 1252.1
4.44879, 56.8356, -137.692
2.81534, 3681.91, 1398.84
7.30792, 61.5734, -33.5526
3.75349, 131.398, 79.5276
6.85376, 285.165, 79.5549
2.85991, 3056.16, -4135.2
2.70653, 3976.46, -2479.3
3.46378, -594.583, 252.483
3.86708, -2079.89, -1951.41
7.4007, 289.384, -83.1316
3.60607, 1214.16, -5070.88
6.43119, 1608.28, -2410.35
4.42306, -260.901, 1526.47
3.78593, -2908.48, 3348.72
3.91087, 233.36, 369.313
7.33834, 1137.94, 392.064
4.22841, 331.793, 31.7154
3.45922, -578.55, -762.224
5.05037, -6.40776, 156.532
5.21857, 1134.88, -4531.45
5.72333, 1036.17, -170.385
3.89738, -860.727, 180.021
3.41887, 383.769, -438.707
2.71579, 2223.46, -2582.5
3.98408, 299.223, -145.834
4.25548, 983.551, -594.256
7.09372, 288.537, -143.537
5.81225, 220.214, 550.388
5.08041, -1949.5, -1599.29
4.03763, 106.754, -114.345
3.0007, 1853.83, 1992.78
3.47502, 267.912, 43.3629
4.11407, 3129.7, 3199.07
5.56182, 240.761, 83.2359
5.13511, 2825.42, -1328.23
3.45653, 7.23959, 598.517
4.7178, 5494.69, 3223.84
4.48693, 6335.72, -1236.04
6.28051, 7.12934, -516.193
6.6213, 741.047, -322.5
5.51573, -40.2186, 323.294
3.04573, 179.905, -467.643
4.11797, 2374.16, -682.581
5.03403, 171.922, -56.4289
4.76521, 253.466, -349.623
4.77315, 710.639, 129.129
4.91125, 34.7399, -39.2684
5.07896, -4357.82, 759.23
4.50207, -2154.98, -981.586
4.22945, -516.464, -389.636
6.64533, 160.604, -328.321
3.02204, 2255.46, -1493.52
6.40057, 70.0047, 36.6566
3.19919, 932.488, -551.312
2.62171, 3830.29, 4335.96
6.0664, -88.2905, 1197.35
7.15538, 357.962, -196.416
7.47667, 351.445, 82.9005
3.86264, 251.413, 10.5574
3.6923, -1894.52, 230.32
3.87328, -432.21, -3059.87
5.70836, -524.917, -610.57
5.17637, 292.476, 28.6943
6.8967, -2782.73, 4888.36
6.75968, -243.886, -27.886
2.98004, -107.051, -504.076
4.66818, 202.776, -192.21
3.17045, -194.35, 297.415
5.86802, 256.383, 47.886
5.34964, 142.481, -629.89
3.66474, 98.0358, -899.099
5.50306, 876.729, 213.955
2.6551, 214.799, 78.8534
7.08512, 167.873, -10.0748
3.82958, 400.197, -692.68
6.50016, 210.116, 64.2615
5.46389, 186.283, 62.7601
5.0822, 711.729, 38.4152
5.2567, 2138.2, -1112.71
3.47225, 706.344, -241.768
5.36152, -2912.8, -28.4254
3.81992, -619.759, 6664.42
4.41648, 2737.13, -5656.27
2.73626, -552.96, -378.133
4.22823, 489.14, 94.805
3.61594, -2963.53, 7127.25
3.81264, 68.9825, -238.98
3.05141, -74.8452, 84.6476
7.40088, 326.374, -55.1397
5.93794, 712.816, -316.173
5.82158, 429.426, -145.588
5.99501, 650.977, 307.967
2.68746, 154.382, -28.3667
3.6706, 302.458, -4.26805
3.95397, -5509.82, -8290.96
3.50543, 224.312, -201.318
2.7177, -2602.26, 3898.63
2.56571, -906.037, 123.491
6.07297, 5879.82, -1859.58
6.88348, 493.895, 96.1307
5.35088, 1777.77, -3300.43
6.92743, -2981.06, -3411.4
5.20042, -1552.42, -470.163
3.31357, -1707.66, 173.27
3.30492, -2715.36, -2042.37
7.19182, 158.01, 47.0633
3.45628, -11.5594, 440.088
3.15761, -2908.04, -332.935
4.41122, 552.796, -436.231
6.12674, -584.915, 2801.29
2.50651, -6405.76, -458.773
4.60222, 4555.99, -2581.42
5.18984, -637.162, -74.8819
4.86596, -1241.92, -644.863
6.33003, -60.0065, -389.297
2.9396, -902.463, -869.656
7.04284, 40.3789, 304.478
3.20818, -187.783, -397.905
2.54782, 185.194, 619.994
2.82267, 100.694, 572.929
4.96742, 40.8493, 308.367
5.40914, 216.368, -166.03
4.03373, 3773.03, -6598.97
4.57091, 426.017, 210.042
4.33401, 1586.03, 1844.73
3.42687, 421.649, -2358.72
2.76788, -2689.71, -2447.66
4.47222, 379.182, -42.793
3.98388, -1238.18, -1386.43
5.05388, 301.581, 27.751
3.75392, 2267.44, -3673
5.01589, -1286.82, 2246.93
2.51168, 343.98, -545.819
7.01807, -5350.27, 2551.26
2.79181, 3285.34, 3403.58
5.17506, 213.148, 3096.13
3.95754, 2667.76, -1104.75
7.3023, 256.053, -64.9932
4.73406, -3199.94, -1231.28
5.08479, 164.69, -5.3407
5.93861, 761.469, -581.648
2.72187, -12.3737, 200.491
7.2946, 3661.15, -2656.57
5.70852, 67.462, -148.902
2.80215, 179.166, 7.92454
3.33964, 587.42, -66.8336
5.76491, 192.207, -214.208
6.19864, -450.895, 2367.85
3.57011, 90.0381, -621.37
4.31441, 752.055, -1878.38
6.56981, -265.899, 449.346
5.32057, 291.673, 16.3063
7.45886, 192.771, -204.52
6.5669, 271.537, 207.763
3.49157, 3311.53, -4210.02
2.50003, 35.0801, 226.114
4.62608, -3298.72, 3944.62
4.07406, 1822.84, 1138.22
5.56218, -3486.52, 578.806
3.83351, 353.121, 81.7575
4.39881, 1518.96, 459.612
5.43397, 143.323, -182.498
5.95636, -2009.8, -9.02718
7.26736, 186.949, -27.9379
4.89785, 61.0233, 907.752
3.60319, 305.086, 619.241
5.33741, 922.1, 693.018
6.09873, -218.567, -180.655
4.4953, 1838.76, 68.141
3.48326, 205.846, 252.178
6.66971, 402.029, -83.9629
5.59561, -33.4261, -312.97
7.26866, -184.952, 190.289
3.23222, -572.675, 380.228
5.38953, -170.688, -110.971
7.26796, 165.715, -170.432
3.62331, -5426.33, 2650.51
7.25137, 73.2594, -24.8987
3.07874, 1057.01, -464.307
2.58372, 480.525, -41.5998
3.90465, -131.276, 203.838
7.15042, 81.8237, -430.774
3.04796, -580.798, -318.625
6.77266, 385.53, 61.5042
5.68532, 290.583, -134.95
5.63853, 233.718, -134.01
3.80589, -677.194, 1366.46
5.13936, -860.651, 227.076
7.16608, 2006.46, 863.155
3.98055, -1202.81, 75.4208
4.78006, 117.344, 39.4481
6.35659, -1050.87, 4516.42
4.17193, -1930.52, -3181.49
6.31775, 553.788, 330.211
6.65892, -2139.55, 2442.76
2.64618, 2370.8, -1512.46
4.31315, -120.381, -973.975
4.16221, 148.174, -2.31327
3.17675, 1895.32, 1945.25
3.00839, 1255.11, -3861.26
5.11327, 70.3057, -104
3.52046, 777.384, -127.235
5.00728, 50.3386, -354.603
5.1371, -4771.21, 3208.15
4.13422, 212.602, 180.077
4.75888, 215.841, 338.549
6.85263, -217.467, 114.605
4.72884, 334.021, -183.816
6.03726, 403.321, 124.434
6.83171, -1781.57, 349.139
6.5822, 590.893, -749.34
2.67504, -3706.35, -1443.01
3.8644, -857.368, 2048.07
5.21858, -1421.38, 947.874
3.19942, 4172.94, -663.632
5.57408, 214.666, 61.6191
3.29182, 745.427, -261.753
4.41129, 735.607, 303.48
5.94997, -646.732, -307.57
3.21128, 3783.92, 8.0643
5.65284, 128.486, -281.571
3.15973, -3195.02, -1560.94
7.13583, -15.5357, -41.7588
5.53465, 5212.06, -7956.06
5.50388, 537.162, 705.762
3.33635, 962.434, -206.077
3.301, -1509.16, 2077.31
5.91628, 76.333, -10.2469
5.1456, -117.152, 520.977
3.65264, -1941.11, 1080.34
6.55373, 419.981, -30.2825
5.76477, 396.65, 177.923
4.08597, -82.8785, 756.214
2.53953, 65.953, 45.5671
3.49176, 716.474, 54.2887
3.78831, -48.35, 210.756
3.03825, 217.898, -1064.85
3.49545, 90.4148, -737.197
6.75079, -5559.27, 2953.04
6.63912, 292.946, 538.447
6.76813, 329.444, -51.2308
5.71027, 213.948, -127.344
3.6787, -2797.16, 2900.73
6.80638, 149.792, -177.918
5.4745, -61.644, 81.2885
2.52745, -1717.35, -1288.81
6.84925, -316.673, -848.992
7.37729, 97.0615, -34.1031
5.59653, -1891.93, -1615.74
3.85574, -57.4758, -306.769
7.46973, 151.475, -80.8733
4.60751, -957.853, -645.47
4.20537, 156.67, 17.4392
4.80717, 123.195, -13.0547
4.44822, -1039.19, -2863.76
4.613, -4619.99, -869.977
2.84879, 18.3472, 334.04
5.5153, 289.64, 39.8492
7.36114, 151.625, 23.4686
5.07406, 346.523, -50.4242
7.45461, 183.317, -158.719
5.84906, -2528.15, -5894.06
4.01716, 177.613, -46.5635
3.47371, 710.09, -286.954
4.0109, -1005, -109.484
4.93946, -238.044, -86.0099
4.72438, 741.77, 86.1993
5.7844, -503.362, 180.778
3.74227, 5731.35, 3238.73
4.72007, -1276.66, -1024.56
5.75894, 66.0494, -243.484
6.67472, 207.782, 156.121
6.03698, 92.0462, 821.029
4.93928, 18.2498, -904.107
6.72039, 604.518, 73.6389
7.00296, 849.777, -722.483
6.33082, 185.508, -196.213
5.29453, 662.552, 1035.01
2.70603, -728.487, 441.061
5.46749, 50.5207, 37.5778
2.68674, -18.4597, -3796.72
4.53488, -1022.1, 1058.38
2.84243, 114.585, -457.736
7.38558, 127.606, -318.962
2.5956, 1866.35, 3013.12
6.60363, 226.099, -64.4161
5.2195, 3769.64, -3198.4
5.72828, -18.6913, 157.347
3.62934, -340.607, 145.719
2.733, 617.673, 3148.64
3.63154, 485.554, 2.75884
4.58371, -86.6385, -2550.04
6.40126, -202.426, -168.791
3.72852, 1641.09, -2246.21
4.81411, -125.215, -183.84
6.14756, -1090.61, -486.629
5.35237, 5312.23, -725.407
5.45997, 576.368, 207.563
4.98425, -1021.34, -94.3205
3.951, 301.831, 147.578
4.71107, 119.166, 170.201
2.53669, -3039.3, 6697.22
7.41683, 213.059, 38.3858
2.52822, 318.788, 88.1456
4.8676, 2033.27, 638.445
5.86497, 3629.75, 6212.94
