6.27803, -1500.23, 796.77
3.5948, 243.003, 1130.52
5.89648, 892.606, -398.024
5.09708, 13.6117, -231.08
2.76731, 2560.38, -2683.14
2.53849, -215.784, 184.977
4.58743, 3583.81, 2082.21
7.15218, 26.3413, -85.0634
2.95982, -377.837, 721.413
6.00595, 739.546, 532.857
3.81226, 473.048, 271.067
4.14117, -137.226, -141.104
7.45519, -460.848, -415.872
7.41275, 11.2204, 125.998
5.75759, 693.063, 301.105
6.92354, -25.8732, 64.4169
6.33247, 166.71, 117.929
3.87453, -1284.07, -144.033
4.93259, -545.413, -498.462
2.80282, -3157.22, 597.038
5.08146, -198.049, -117.572
4.96988, -2324.43, 768.792
7.23882, 106.299, 70.1506
4.42071, 103.913, -60.9394
5.14874, -1854.97, 576.798
2.75042, -303.595, 2333.25
6.63909, 376.607, 171.288
5.94228, -693.386, -292.45
6.18112, -47.2958, -208.818
6.94286, -1836.96, -1784.81
4.25508, 126.48, -228.094
6.72991, -136.254, -334.477
3.84659, 114.294, -39.023
4.83959, 643.508, -221.019
3.2686, -4.45187, 282.72
2.66527, 226.254, -20.6326
7.2768, -1117.51, -807.796
6.95369, 242.77, 230.647
3.29884, -1055.94, 88.9066
3.15214, -672.577, -191.842
2.515, 1505.08, -228.575
6.0491, 174.71, 110.298
3.40448, 1161.28, 20.5855
5.76029, 50.7548, -149.61
4.42907, 257.785, 375.305
3.23766, 805.336, 1096.47
5.45054, 183.956, 503.395
3.24076, 1512.75, -773.645
3.2091, -1329.29, -985.416
4.94257, -27.2208, -46.5346
3.13015, -918.575, -227.263
5.64635, -687.51, 203.619
5.60817, 247.626, 152.694
4.88216, 1663.25, -2303.47
2.64188, 589.64, 862.445
3.21011, 2063.08, -418.407
3.15594, 491.119, 312.635
3.31099, 957.389, -1386.19
3.76529, -302.885, -4.02979
4.77654, -2445.08, 1266.7
6.54472, 187.873, -212.605
3.57624, -113.343, -230.578
3.75063, 370.104, 516.451
5.02978, 317.944, 241.445
6.27922, 79.7961, -3.00502
5.66369, -776.357, -1760.16
5.9449, -1471.88, -939.943
7.27207, -688.769, -190.034
5.18713, 2297.83, -1179.16
4.57014, 133.979, 495.396
4.70019, 392.799, 298.871
6.07821, -1106.59, -1307.61
6.20858, -1246.74, -1218.69
5.12494, -1681.41, 1476.13
6.06711, 44.8544, -35.2025
5.91025, 174.889, -119.05
6.82941, 1242.54, -930.233
3.19597, 841.034, 897.512
3.57766, -190.173, -29.2947
5.0733, 196.426, 563.143
4.83766, 376.911, 315.574
3.55759, 1561.79, -1743.55
5.65244, 752.534, -429.628
2.5044, 1361.58, -1910.48
4.09589, -262.06, -1890.24
5.90281, 20.6946, -149.688
6.0446, 355.497, 169.997
2.90869, 442.049, 589.969
3.56926, -460.968, -31.4528
4.44412, -137.946, 130.202
4.44927, -2073.72, -767.239
3.92018, -247.454, 25.3831
4.6123, -92.9728, -36.5908
2.55658, 406.797, 5.09704
3.72027, -2405.08, 1244.3
4.49072, -758.465, -1900.62
6.64177, 39.0003, -150.474
3.78584, -547.746, 663.406
3.59705, -962.557, -291.729
6.47385, 266.462, 252.847
5.8476, -664.87, -11.1188
5.49108, -180.388, 59.7372
5.99917, 1523.42, 825.825
5.13062, -92.8504, -205.787
4.14833, 36.7676, -191.562
3.30844, 2366.65, 388.717
6.56633, 22.6712, -14.818
4.08004, 718.424, 490.624
4.05369, 94.2278, 41.3982
4.65424, 155.904, -91.1618
4.46509, 105.698, -95.1414
4.43916, 249.255, -67.8771
4.34871, -185.281, 317.344
5.88118, -245.321, -543.17
6.10384, 788.33, -156.74
7.20082, -1392.95, 276.15
5.08573, -94.115, -77.7395
5.5282, 740.508, 523.703
5.85049, 964.191, -1381.06
5.11404, 228.283, 1.48822
3.87105, -7.81051, -290.444
7.08924, 266.525, 247.185
3.73367, 140.91, 22.3125
4.77876, -199.375, 786.994
3.30374, 238.522, 353.822
4.68319, 223.826, 199.516
7.45767, 178.592, -253.49
6.26931, 1627.25, -1818.61
4.97846, -80.5194, -86.6567
7.01651, 177.594, -73.2092
4.68213, -287.219, -109.642
5.09239, 1213.24, -1005.05
4.44866, -1068.82, -1498.5
5.63431, 13.3968, -165.458
5.19331, -92.5216, -49.6761
4.35955, 46.5493, -275.695
2.54674, 266.805, 399.062
6.3794, 128.871, 84.1748
2.85317, 194.286, 180.99
3.98511, 56.3465, 467.96
4.78581, -195.274, -171.423
3.25156, -89.3698, -65.198
5.97819, 87.9932, 521.318
4.15587, 244.64, 187.318
5.21197, -1507.7, 2574.98
2.64678, -1758.69, -734.948
5.38086, 6.7028, -593.268
5.18133, -187.089, 173.01
7.36678, -727.422, 430.73
5.57063, 124.972, -31.0888
5.26431, 1253.32, -1955.21
6.69051, 560.56, 529.533
3.75764, 80.2592, 570.372
6.98957, 175.197, 109.883
5.97428, 79.6962, 62.1474
5.82752, 120.734, 1398.35
3.06838, -94.1815, 116.026
3.37987, -184.472, -644.912
2.91253, -460.505, 951.297
6.68103, -77.1776, 673.503
2.64818, -316.947, 1249.33
6.34719, -169.706, 196.554
4.29829, 242.954, -1797.36
6.24626, 961.725, -157.064
6.28385, 59.3685, -95.9108
3.60834, 1567.76, -377.786
5.58305, 29.3161, -9.73086
3.66846, -464.759, -88.9756
6.22052, 87.6058, -1750.62
5.80997, -76.0726, -122.058
4.9209, -1453.82, 2675.03
2.58972, -268.873, -102.241
4.98291, 84.0965, 375.898
5.09587, 305.574, -99.7553
4.71395, 698.403, 1663.32
4.14528, -1384.21, 452.752
3.52671, 50.1351, 9.47379
7.19863, -230.574, 1099.81
2.85168, 994.114, 1378.19
3.30042, -300.965, -50.7401
6.70788, 126.861, -366.039
4.13614, 20.7868, 146.575
6.85942, 748.299, 404.912
5.99896, 143.051, 36.0281
5.52801, -11.2528, -217.056
4.77536, 256.577, 687.412
2.91543, 1066.14, 387.02
3.94883, -1617.29, -832.558
6.51009, 91.5571, 19.4208
6.81821, 481.82, 759.109
3.81831, -2236.83, 178.37
4.79881, -354.108, 171.431
4.95672, 238.551, 220.334
5.82344, 835.773, -1396.42
7.31738, -70.5331, -89.9783
7.23022, -18.2928, -132.602
2.81902, 803.438, -580.028
5.04829, -473.943, -86.1
6.13222, 236.05, 33.2705
5.65882, 121.95, 31.3426
3.26658, 261.22, -87.5115
5.09652, 697.785, 1659.09
3.52281, 2655.44, -894.952
6.03231, -196.134, 205.47
6.05786, -429.54, 2800.96
3.66304, 101.36, -192.476
6.80594, 451.401, -4.86228
2.67122, -790.221, -375.735
6.26587, 117.057, 289.519
4.14789, 249.517, 79.3503
4.65309, 2323.77, -436.386
7.33455, -70.944, -236.04
4.05803, -1122.03, -957.06
5.69762, -2784.24, 77.0222
5.95386, 53.516, -102.489
5.36403, 258.265, -307.651
6.60667, -1469.85, 2571.87
4.21807, -1744.98, 855.673
5.09387, -108.706, -460.029
6.78438, 829.874, -95.136
6.18587, 776.787, 823.525
3.45992, -88.165, -189.289
2.83145, 177.68, 29.8479
3.60828, -2063.28, 1308.95
3.33656, 250.73, -146.047
6.31172, 98.2421, -58.3027
5.44905, 733.508, -1344.44
4.65223, -2881.65, -331.869
7.09618, 1292.62, -283.399
5.09668, 53.4729, -462.351
7.38058, -184.241, 106.302
5.15714, 25.0473, 145.46
2.98716, -610.307, 1117.31
5.83983, 404.206, 263.543
5.44444, -470.721, 1516.19
5.01137, 47.133, 81.4739
2.75808, 958.401, 451.469
2.6753, 699.339, -604.171
4.41484, 51.8568, -142.612
5.55555, -1244.34, -1640.46
5.06574, -2872.97, -334.068
5.98498, -18.6218, -119.463
4.89891, 240.796, -113.041
3.88323, -2758.25, 40.7561
6.01685, -106.249, 1697.89
3.67701, -39.4037, -53.4678
6.41501, -164.791, 4.98327
6.60589, 1137.41, -207.933
3.21842, 1631.84, 1656.52
5.75757, 637.744, -572.135
3.87677, 195.132, -443.352
7.26215, 1109, -819.743
4.58238, 82.7706, -162.212
3.03869, -344.296, -366.127
4.70633, -187.232, -99.1699
6.28811, -159.158, -216.361
2.77803, 727.252, 568.598
3.51241, 248.342, -113.358
6.82305, 208.516, -357.918
6.52456, 272.906, -11.1532
2.78861, 383.895, 1325.71
4.40304, -21.0577, 54.7633
4.56124, -173.127, -289.076
2.80071, 47.6483, -14.3912
7.09746, -901.564, -835.273
3.35398, 90.6852, 37.4374
6.51634, 11.4374, -37.0509
3.88599, -93.6075, 141.054
4.44586, 332.092, -158.447
7.19936, -1217.07, 172.073
6.24573, 41.6619, 1651.39
3.44774, 1638.22, -1938.47
6.89581, -248.9, -138.176
6.8953, -144.451, -129.382
3.30515, 373.268, -24.2124
5.87346, 565.044, 26.9238
6.89096, 71.6296, 182.248
6.98262, -574.232, 1904.16
3.06535, -68.5608, -93.0414
5.93789, 257.532, 334.967
3.21651, 198.587, 266.563
3.6901, 771.538, -225.252
5.64383, 1468.44, -1026.49
4.312, 254.963, 184.962
4.64437, -1149.03, -1084.77
4.91936, 955.376, -1001.2
6.20379, 25.5996, -402.29
3.23098, 541.759, -501.504
7.36238, 273.031, -27.3113
7.3158, -158.717, -121.747
3.14741, 1301.82, -1003.19
5.3784, -9.26559, -49.594
4.66439, 162.26, -353.703
5.50066, -62.2374, 204.679
5.85098, 211.233, 84.2084
4.5137, -1735.42, -562.083
6.46691, -1123.37, -976.582
4.89889, -1693.26, 1113.73
5.72449, -734.848, 589.193
4.28836, 2610.63, -478.388
5.96794, -56.8631, 250.713
5.83428, -150.78, -380.265
3.22071, 752.677, -444.367
7.10415, -6.3105, 85.3073
4.22228, 746.405, 2040.15
6.66824, 113.29, 181.475
2.74349, 620.322, 145.958
3.27936, 674.764, -951.359
2.55765, 514.128, -61.8419
3.94327, 77.6919, -114.706
5.07295, -111.008, 129.129
3.65948, 401.96, -1947.03
2.75022, -137.904, 331.318
5.33091, 25.906, -23.7277
6.69774, 135.704, -251.34
4.28763, 392.567, 277.21
4.3452, 277.787, 299.315
7.22226, 428.921, 51.8651
4.72425, -1150.72, 390.869
6.82086, 99.7752, -74.5838
5.82654, 128.933, -142.809
5.79297, -467.698, 161.796
7.10736, 1541.32, -1145.06
5.11536, -1682.48, 1473.38
5.45229, -292.566, -528.638
5.79944, -273.35, -1614.05
4.24765, -1203.69, 663.278
4.11714, 595.928, -358.848
7.08984, 275.964, 156.119
3.08619, -2242.77, 800.751
7.31268, -251.514, 27.6503
5.17978, -95.2902, -182.727
5.81447, -143.588, -91.1172
5.48362, -2371.41, 1050.76
6.93363, -490.759, -479.679
6.67999, 100.606, 241.184
6.69339, 286.422, 111.362
6.85642, 39.4552, 237.439
2.5002, 113.699, 1368.78
4.77274, -41.1984, -355.715
4.25696, 1398.98, -40.6295
5.80713, 2218.08, -1875.71
6.22234, -117.286, 17.0629
3.3821, -590.857, -2147.92
7.4621, -845.145, 1108.14
5.95466, -77.8353, 135.436
6.97862, -147.818, -249.664
3.51579, -894.37, -233.835
7.2356, -202.485, 672.536
4.88476, -2254.41, 1150.1
6.78578, -2060.08, 1310.1
6.41237, 29.6206, -276.685
5.70687, -1657.95, 1563.58
3.14521, -152.437, 856.503
5.77944, 210.321, -27.8329
3.09199, 32.7704, -250.283
3.88793, 1615.46, 259.079
6.65548, 296.222, 1593.78
6.14153, 1869.72, 2384.62
6.74348, 2065.64, -1539.28
3.43989, -499.437, -741.4
6.09602, 258.933, 238.54
4.25586, -113.031, 690.919
3.34555, 451.242, 756.857
4.52383, -2134.06, 305.994
4.20924, -176.213, -22.7418
6.67141, 261.717, 59.7298
3.9111, -1609.86, -2609.17
5.16766, 1525.96, 1009.98
6.25085, 262.333, -377.648
4.62554, 83.4127, 48.5644
4.66964, 1275.04, -54.6172
3.03022, -1896.39, -991.14
6.4639, -437.605, -402.288
3.91232, 73.7334, -108.628
7.14264, 1889.8, 2538.79
5.37926, 270.459, 254.575
3.4895, 478.514, -509.345
5.99081, -181.111, -236.136
3.07265, -612.342, -586.94
4.22945, 426.706, 800.564
4.15646, 254.57, -386.528
6.42735, -2379.02, 1035.55
6.65775, 219.217, 297.895
4.21712, 1035.57, -500.061
4.2603, 457.598, 222.753
6.38197, -160.763, -97.2856
6.58658, -85.4922, 59.3506
4.26157, 286.787, 21.8323
7.09559, 8.36753, 64.7146
3.2877, 711.071, 684.636
5.56029, 792.737, -504.704
5.54222, 55.0119, -53.9622
3.16647, 1405.88, 1634.66
3.51409, 1682.48, 2398.09
4.79457, 206.529, -115.435
3.48759, -707.158, 839.009
6.77118, 98.2672, -125.581
6.54562, -587.347, -534.557
2.80131, 1153.12, -1088.84
6.50584, 809.929, -2295.51
5.49597, 10.5561, -252.773
7.43182, 97.126, 67.9925
2.65919, -988.924, 197.578
6.8356, -1516.02, 1855.96
3.69109, 330.075, 508.537
3.6127, -211.728, -243.71
4.73907, 2924.24, 1356.53
2.61231, 358.202, -33.185
6.79755, 13.1915, 35.6788
4.15902, 410.684, -2332.81
5.72195, -354.682, 49.7858
7.43521, 4.19712, -78.5482
5.30162, 273.984, 96.3278
4.74553, 138.617, 25.6651
5.213, 33.8514, -95.1945
2.90797, 509.65, -7.87949
3.99606, 1212.12, 1422.14
6.63964, -1930.06, -404.379
6.48936, -1801.73, 641.645
5.71048, 330.065, 78.2302
4.84105, 138.671, 280.394
7.15326, 489.209, 1397.62
5.08798, -626.505, -95.5518
7.42924, -1988.26, 1287.29
5.94567, 147.464, -35.9091
6.19966, 6.39133, 46.5025
3.46323, 1067.94, 819.73
6.08881, 1495.22, -1073.53
6.11146, 700.327, 644.249
6.49298, 378.258, -56.8261
4.23216, -2290.25, 244.614
5.1481, 355.483, 282.156
3.19001, 684.733, -818.56
6.73218, 124.318, -68.3262
6.32766, -482.419, -66.7881
7.5, -2355.65, 1050.08
4.24891, -3199.47, -1153.01
5.50367, 1111.88, 25.8798
3.50808, -138.536, 1893.82
6.2385, -1758.86, 270.008
6.49225, 206.217, 330.509
3.03505, 262.383, -103.404
5.35813, 20.6743, 165.442
2.84683, -2497.9, 865.033
4.16036, 90.0853, -139.012
5.80945, 89.4572, -254.717
5.27726, 333.209, 1927.34
7.12415, 96.727, -210.59
2.69832, 246.481, 1327.59
2.62083, 925.489, 974.478
4.61923, -152.359, -211.396
4.36987, 18.5217, -311.361
2.93303, 1556.87, 1414.81
3.05403, -3.10078, -163.637
5.31992, -2100.81, 120.535
7.37269, 219.905, 14.6455
3.05066, -18.4557, -1994.26
5.99352, -1530.16, -1735.11
2.79674, 331.143, 1140.84
4.69755, 384.008, 42.2174
5.24651, -512.23, -436.757
3.45129, 3.73949, -134.028
7.36597, -147.964, 312.685
3.19593, 123.202, -14.8867
5.48978, -1592.13, 307.408
7.12812, 250.458, -822.953
3.91116, 486.012, 223.629
6.8307, 193.393, 448.601
6.29598, 798.69, -987.054
6.10793, -122.612, 147.266
3.34241, 264.507, 358.338
3.32882, 70.0834, -1236.54
3.39076, 180.454, 55.2546
5.87226, 86.6229, -180.147
4.83484, 139.61, -177.944
6.85219, 34.377, -30.5595
5.76023, -23.1251, 80.5084
5.80464, -142.531, -84.7534
2.58037, 174.462, -121.03
4.30596, 2559.21, 1548.47
3.72747, 43.7796, -29.6468
6.93086, 708.782, 929.852
5.23701, -3190.52, 43.4829
6.57209, 228.506, 302.296
5.24453, -739.959, -375.574
4.16156, -255.398, -70.3385
4.40213, -947.796, -1634.45
2.52389, -474.093, -81.1486
6.95226, -38.8005, -232.057
6.16955, -186.877, -148.894
6.04239, 251.837, -45.2877
5.1278, 1184.47, -1309.21
6.41065, 220.778, -350.944
3.42484, 145.979, 28.2137
5.72673, 25.2254, -45.5518
3.42178, 202.432, -51.0068
3.31214, -1084.81, 420.855
2.65594, 1083.34, 554.9
7.42716, 13.9034, -141.163
4.04559, -7.22257, 133.561
4.11075, 90.5147, -85.641
5.51155, 97.7009, -131.939
2.89107, 2325.93, -216.869
3.93936, -132.747, -261.125
5.79307, 632.69, -849.448
7.36348, -130.631, 177.77
7.27758, 1819.48, 656.671
7.42745, -85.2802, 55.0857
7.30478, 200.482, 1.48701
3.0073, 182.276, -193.204
3.71505, 377.311, -395.507
6.91151, -175.971, -41.5683
5.28805, 320.45, 323.666
6.7669, 134.772, -184.377
7.49145, 860.139, -275.669
3.99751, -1964.2, 1112.89
6.33157, -3546.69, -1235.9
4.81901, -614.751, 220.432
6.8168, -164.831, -107.524
6.99018, -193.597, -77.1926
7.377, 31.8523, -160.089
2.77405, -390.017, -6.49863
6.32605, 19.8691, -269.823
5.09219, 1035.6, -1443.44
3.46574, 220.715, 563.648
6.98252, 296.633, 186.387
6.38492, -292.942, 313.172
2.75968, -176.269, 81.8379
7.47331, 952.15, -1403.31
5.93659, 95.2489, -146.933
5.94854, -136.963, -84.2257
6.57666, 1541.81, -695.403
7.05426, -62.1652, 60.8718
3.34218, 1015.43, 2367.97
5.24183, 1560.94, -995.789
6.53351, 58.3215, 155.119
4.17803, 369.29, 590.708
5.53435, -91.5044, -716.552
6.59602, 684.309, -1327.34
7.3485, 250.847, -39.7668
6.29349, 25.7585, 420.586
3.72113, -93.561, -322.842
5.80589, 96.0856, 24.9434
4.21574, 908.621, 330.171
7.27146, 12.318, -40.8923
2.60828, 1125.74, -1705.38
4.54979, 892.076, -369.916
2.55789, -1241.36, 1749.52
3.04964, -36.5482, -64.8086
5.28259, 700.515, -986.288
4.45466, 3.95129, 165.277
7.20539, 237.858, 145.908
2.55572, -378.507, 447.784
6.22897, 76.1568, 419.305
3.84293, -238.764, -255.694
4.27153, 150.778, -188.377
3.45835, 2565.28, -2718.5
5.14832, -16.5137, -201.627
4.39478, -454.556, -2319.76
3.16407, -167.104, 165.466
4.26563, -376.181, -272.88
4.2497, -2368.33, 1200.32
7.41084, -1432.99, -944.521
5.25961, 368.003, 282.951
4.99918, -1417.58, -385.272
3.58531, 857.508, -1394.91
4.37311, 540.702, -134.029
6.78251, 1302.9, 1101.14
6.45578, -1281, 2466.01
3.9204, 1485.04, -1671.45
5.07645, 850.016, -571.978
6.79238, 70.4424, 21.4817
7.07844, 343.347, -60.288
7.48941, -1131.14, -973.452
6.53177, -677.135, -429.582
5.22718, 256.768, 376.899
7.3461, -38.3182, -458.162
5.31931, 207.227, -180.404
4.03031, 668.721, -803.519
5.41853, 600.951, -211.982
2.91197, -154.155, 415.675
5.47382, -58.974, 83.7126
3.31968, 1240.99, 2136.59
6.46527, 20.5331, -328.268
2.95373, -686.473, 808.373
6.3072, 67.3023, 47.2853
6.83996, 79.5062, -98.5943
6.40105, -103.702, -433.235
6.61399, -1307.64, -382.902
6.70974, 247.569, -62.488
4.48328, 761.654, 566.377
6.508, 63.5242, 75.4477
6.56811, 30.21, -29.5696
5.43493, 618.918, 1168.84
4.64621, 132.508, 83.1155
2.5002, 436.498, -555.758
5.31153, 142.225, 161.121
6.22632, 190, 322.026
3.89846, 1716.81, 908.401
2.93406, -288.299, -2316.09
3.5733, -484.128, -331.867
3.93296, -25.599, -57.6234
4.86595, 554.998, -1.93663
6.95893, -1118.86, -980.542
5.91955, -387.844, 95.6318
3.54376, 113.804, -170.674
6.67533, -31.5933, -68.7236
7.09218, -274.946, -109.352
4.48244, 563.346, -194.222
6.37858, 923.407, 508.863
5.68161, 204.071, 349.688
6.64746, 239.249, -406.658
3.40204, -501.176, -435.968
7.45927, 95.6602, -70.6432
6.70558, 499.303, -555.284
4.65177, -175.222, 615.99
4.38589, -292.04, 214.07
2.70802, -18.1046, 214.459
6.80715, 161.913, 115.984
6.62116, -1913.53, 1377.7
6.25052, 667.434, 1012.26
3.55801, -61.9677, -9.43325
4.31029, 123.832, 68.9862
4.43545, -58.4241, -280.193
7.32918, -1709.35, -1125.13
6.5872, -31.7523, -214.555
4.5755, -694.294, 112.33
5.83759, -112.878, -231.211
2.52101, -2004.61, 1785.58
6.98048, 32.3826, 100.486
3.68416, 729.309, 315.052
3.79415, 188.383, -190.814
5.4939, -57.5811, 7.06904
6.89823, -948.308, 95.2524
6.16299, 391.12, -63.1015
6.0773, -840.98, -336.255
3.57724, 2792.68, -139.82
6.30413, -2058.03, 1543.28
3.85351, -29.802, -121.444
2.75246, 493.622, 207.093
4.78866, -359.755, 318.529
2.58759, 119.519, 169.973
3.01129, 2521.72, -1715.38
2.639, -270.63, 131.122
5.65921, -104.967, -211.493
6.34425, 11.6109, 92.9487
2.74132, -622.306, -547.148
6.6924, 454.853, 383.741
6.76899, 140.679, 26.5045
6.57649, 615.707, -536.849
6.85188, 6.37061, -1986.35
5.27222, -12.9933, -22.9606
6.12646, 19.923, 1106.04
3.20424, -2231.72, 1568.19
6.6115, -101.861, -209.715
5.51185, -1249.89, -1636.28
4.93856, 102.892, -90.5446
6.14942, -38.4622, -162.252
4.05164, -1231.34, 701.873
3.93925, 167.813, -92.629
5.45857, 1251.98, -1519.31
5.34055, -1652.06, 774.985
5.41059, 1669.7, 1023.34
2.84132, 398.524, -752.146
4.34304, -1201.23, 277.85
6.28475, -130.634, -156.84
6.35297, 803.504, 1549.21
4.27217, 8.72281, -219.554
5.98913, 32.2625, 53.4973
5.08005, 1295.61, 738.293
5.94494, 4.49143, 169.852
6.18066, -1291.36, -940.312
2.56231, -1423.28, -1189
7.16549, 10.7918, 25.7787
5.37826, -300.458, -108.185
3.05587, -689.406, 85.8819
4.87388, -66.9627, -61.0095
3.24247, 549.815, 366.842
4.22594, -3847.39, -907.064
7.04476, 26.3762, -207.064
4.54571, 1534.26, -680.106
5.96642, -28.6815, 28.0035
3.35865, 249.151, 59.1838
6.21715, -2014.77, 808.95
4.16319, 104.829, -98.7801
4.62157, 87.1706, -134.224
2.79523, 174.783, -308.823
5.09005, 12.4321, 14.5566
5.94425, 107.063, -591.05
5.01149, -37.4481, -203.348
6.56617, 127.145, 180.98
3.07974, 158.006, 215.894
5.24841, 794.329, 475.837
5.06046, 92.1613, -32.8041
6.02649, -1098.09, -1010.95
5.65083, -47.0099, 94.0436
4.0207, 175.527, 111.088
6.74719, 204.737, 119.214
3.39619, 681.568, -1339.84
2.61737, 1.07487, -62.5405
4.19467, -134.931, 72.4595
3.43818, -1039.84, -974.47
6.60467, 11.4337, 44.3618
6.72507, 43.4414, 1732.62
6.78031, -1546.16, 997.355
7.37454, -127.236, 57.0082
2.99587, -238.027, 65.2632
2.56182, -1632.3, -1385.71
2.58614, 103.397, -878.262
2.64527, -48.5932, -97.958
4.1031, -1197.64, -1234.3
6.17815, -1518.56, 819.935
3.14876, -22.6946, -165.904
2.5161, -405.167, -29.1641
6.91905, -255.477, -17.9976
3.70482, 519.273, -382.703
4.38481, -357.678, -238.398
4.44879, 132.534, 148.414
2.81534, 1586.05, 628.338
7.30792, 435.617, 86.7587
3.75349, 458.307, -460.496
6.85376, -12.6327, 261.296
2.85991, 1209.36, -1720.57
2.70653, 1257.23, -1180.13
3.46378, 118.425, -178.451
3.86708, -776.135, -1350.68
7.4007, 47.0083, -32.4244
3.60607, 497.355, -2307.08
6.43119, 959.185, -1376.55
4.42306, -286.246, -178.491
3.78593, -1484.19, 1507.49
3.91087, -332.16, 161.131
7.33834, 165.949, 231.685
4.22841, 216.566, 237.435
3.45922, 381.947, -264.587
5.05037, -99.2487, 211.926
5.21857, 580.43, -2077.52
5.72333, 27.3424, -262.372
3.89738, 737.902, -463.554
3.41887, -513.102, -360.196
2.71579, 1214.8, -1520.39
3.98408, 214.81, -485.282
4.25548, 1118.91, -144.315
7.09372, 239.295, -89.892
5.81225, 189.086, -127.008
5.08041, -1074.1, -940.078
4.03763, 12.2993, 62.2077
3.0007, 1099.84, 1115.62
3.47502, 46.9019, 199.802
4.11407, 1448.43, 1696.29
5.56182, -324.692, 85.4535
5.13511, 435.843, -339.156
3.45653, -451.448, 1045.97
4.7178, 2549.66, 1430.98
4.48693, 2859.12, -557.709
6.28051, -252.472, -164.797
6.6213, -146.187, -118.549
5.51573, -203.571, -865.699
3.04573, 181.578, 114.885
4.11797, 1394.51, -230.576
5.03403, 98.2363, 56.5758
4.76521, 371.362, 892.734
4.77315, 343.868, 78.4851
4.91125, 423.616, -48.4859
5.07896, -2203.54, 411.896
4.50207, -1076.8, -1112.16
4.22945, -34.0197, -70.6123
6.64533, 8.07416, 338.019
3.02204, 1471.47, -361.46
6.40057, -164.218, -104.592
3.19919, 130.337, 68.4228
2.62171, 1692.98, 2025.12
6.0664, -138.827, 482.924
7.15538, -64.6569, -192.143
7.47667, 91.1393, -96.1435
3.86264, 119.825, 83.5908
3.6923, -1002.35, 604.411
3.87328, -166.527, -1467.71
5.70836, -68.7934, -292.675
5.17637, -177.841, -107.451
6.8967, -1372.2, 2234.28
6.75968, -45.7498, -337.176
2.98004, -103.951, 733.686
4.66818, 50.099, 190.944
3.17045, 73.4544, 64.9366
5.86802, 145.385, -86.7275
5.34964, 122.498, -72.8153
3.66474, 154.592, -1089.42
5.50306, 122.842, -72.7818
2.6551, 446.909, -356
7.08512, 247.503, 32.5888
3.82958, 744.435, 417.26
6.50016, 110.294, -48.9751
5.46389, 4.28538, 164.754
5.0822, 239.508, 2.91383
5.2567, -263.196, 139.343
3.47225, 256.619, -223.919
5.36152, -1358.57, -401.256
3.81992, -340.708, 2617.18
4.41648, 1104.17, -2458.11
2.73626, 102.469, 7.01111
4.22823, -183.264, 48.6229
3.61594, -1488.69, 3202.04
3.81264, 120.65, 88.9057
3.05141, 1.67894, -198.835
7.40088, -7.73731, 5.04207
5.93794, -844.854, -334.251
5.82158, 99.1809, -193.669
5.99501, 102.902, -37.6006
2.68746, 267.126, 191.619
3.6706, 154.738, 85.5742
3.95397, -2284.35, -3452.56
3.50543, 47.1031, 110.02
2.7177, -1254.82, 1660.44
2.56571, 719.078, -495.352
6.07297, 2652.08, -898.098
6.88348, 185.385, 174.539
5.35088, 831.546, -1650.03
6.92743, -1274.59, -1351.29
5.20042, 323.071, 62.6385
3.31357, -1092.14, 509.316
3.30492, -1234.66, -1202.65
7.19182, 183.017, -7.22306
3.45628, -100.732, -91.1518
3.15761, -1515.16, 151.861
4.41122, 66.355, -87.0576
6.12674, -483.161, 1500.9
2.50651, -2882.01, -331.125
4.60222, 2032.88, -1218.59
5.18984, 833.777, 177.911
4.86596, 226.684, 441.602
6.33003, 781.335, -129.519
2.9396, 626.147, -50.9546
7.04284, -9.29134, 121.49
3.20818, 228.757, 561.934
2.54782, 144.749, -28.8041
2.82267, 297.181, 118.433
4.96742, 251.536, 238.523
5.40914, 132.985, -51.7789
4.03373, 1619.05, -2932.52
4.57091, 41.5886, -339.978
4.33401, 171.317, 59.1717
3.42687, 114.525, -1582.6
2.76788, -1084.4, -1361.73
4.47222, 185.116, 24.295
3.98388, 545.886, 448.736
5.05388, -158.429, -390.305
3.75392, 1033.66, -1846.28
5.01589, 222.645, -231.453
2.51168, 1049.49, -264.287
7.01807, -2365.3, 1037.18
2.79181, 1697.99, 1575.08
5.17506, 56.8776, 1542.11
3.95754, 1551.29, -735.016
7.3023, 94.143, 13.8912
4.73406, -1708.07, -829.691
5.08479, -4.39245, -27.6284
5.93861, -519.181, -502.901
2.72187, -121.593, -167.092
7.2946, 1757.48, -1370.11
5.70852, 26.4522, -119.022
2.80215, -219.343, 170.855
3.33964, 125.95, -70.8639
5.76491, -47.5955, -348.623
6.19864, 115.756, 1360.93
3.57011, 184.344, 62.3643
4.31441, 136.248, -1223.2
6.56981, 751.393, -429.271
5.32057, 100.055, -69.3355
7.45886, 30.9056, -40.3558
6.5669, 47.5902, -82.909
3.49157, 1441.35, -1991.85
2.50003, 20.3562, -88.7906
4.62608, -1517.28, 1860.36
4.07406, 1189.62, 609.595
5.56218, -1764.84, 264.557
3.83351, 160.126, -45.7331
4.39881, 63.2046, 104.388
5.43397, -115.643, -301.612
5.95636, 182.863, 101.624
7.26736, 75.504, 84.2168
4.89785, -4.97903, 111.179
3.60319, -408.12, 368.736
5.33741, -336.101, -75.399
6.09873, 84.9387, 0.368184
4.4953, 1345.38, -283.55
3.48326, 792.994, -424.964
6.66971, 216.684, -93.5166
5.59561, 580.782, -561.567
7.26866, -48.4681, -201.791
3.23222, 784.864, 581.982
5.38953, -31.8144, 2.67714
7.26796, 211.837, 299.89
3.62331, -2215.04, 1164.97
7.25137, -20.5496, -136.199
3.07874, 979.678, -437.339
2.58372, 102.793, 133.622
3.90465, 230.583, -246.476
7.15042, 241.87, -324.196
3.04796, -1072.54, -410.942
6.77266, -122.202, -383.439
5.68532, 184.466, 273.866
5.63853, 44.3025, 397.499
3.80589, -369.156, 990.461
5.13936, 620.297, -499.302
7.16608, -37.8, -277.317
3.98055, -236.212, 19.3197
4.78006, 169.358, -67.1463
6.35659, -302.013, 2012.22
4.17193, -863.57, -1967.95
6.31775, 6.83686, 53.0848
6.65892, -1199.86, 1016.05
2.64618, 1359.44, -877.196
4.31315, 548.634, -97.6416
4.16221, 210.361, 325.819
3.17675, 551.072, 263.192
3.00839, 584.834, -1837.28
5.11327, 174.016, 456.354
3.52046, 73.454, 448.809
5.00728, 219.609, 104.335
5.1371, -2113.16, 1197.74
4.13422, 202.931, 34.0478
4.75888, -172.995, 313.681
6.85263, 499.319, -26.7233
4.72884, 16.3147, -93.7299
6.03726, -120.266, 179.324
6.83171, -1213.34, 239.354
6.5822, 73.952, -112.24
2.67504, -1601.3, -655.606
3.8644, -262.621, 1355.57
5.21858, -97.8491, 53.9498
3.19942, 528.528, -229.987
5.57408, 85.7402, -52.6088
3.29182, -74.6685, -624.949
4.41129, 330.775, -16.6508
5.94997, -99.1909, -289.089
3.21128, 1959.63, -86.2748
5.65284, -54.5537, -3.98745
3.15973, -1421.55, -1137.55
7.13583, 42.1904, -35.6598
5.53465, 2173.13, -3344.13
5.50388, 598.854, -652.847
3.33635, 372.58, 101.188
3.301, -96.8539, 826.09
5.91628, -73.5055, -50.2512
5.1456, -42.4757, 152.622
3.65264, -1210.87, 495.704
6.55373, 100.217, 61.0433
5.76477, -96.0515, -56.2681
4.08597, -295.592, -258.665
2.53953, 43.7415, 89.8125
3.49176, -108.789, -963.272
3.78831, -103.196, 664.625
3.03825, 737.333, 40.7075
3.49545, -614.097, 228.467
6.75079, -2406.91, 1335.87
6.63912, -21.0779, -43.8448
6.76813, 66.5268, -82.9634
5.71027, -61.9997, -119.487
3.6787, -1377.21, 1415.38
6.80638, 88.9258, 48.4209
5.4745, -100.977, 684.518
2.52745, -1088.57, -954.295
6.84925, -78.7849, -120.381
7.37729, 254.064, 235.599
5.59653, -1120.49, -980.553
3.85574, -78.1787, 142.357
7.46973, 132.6, -166.529
4.60751, -890.748, 228.237
4.20537, 349.918, 103.415
4.80717, 96.3581, 212.333
4.44822, -558.497, -1584.85
4.613, -2219.85, -483.827
2.84879, 201.093, -84.6727
5.5153, 252.734, -121.838
7.36114, -401.915, 101.515
5.07406, -27.716, 64.922
7.45461, 210.765, -11.1712
5.84906, -1030.17, -2601.11
4.01716, -311.631, -302.508
3.47371, -842.473, -340.751
4.0109, 147.253, 148.853
4.93946, -259.67, -6.52711
4.72438, 169.072, 134.773
5.7844, 77.6303, -56.0511
3.74227, 2558.74, 1547.14
4.72007, -879.197, -906.514
5.75894, -104.892, 63.1394
6.67472, -93.3154, -5.51178
6.03698, 335.463, 143.475
4.93928, -377.6, -169.735
6.72039, 598.794, 354.923
7.00296, 30.5015, 33.2328
6.33082, -216.197, -166.677
5.29453, -813.756, -304.25
2.70603, 704.508, 43.8782
5.46749, 848.979, -522.735
2.68674, 209.926, -1893.7
4.53488, 16.998, -577.311
2.84243, -51.0215, 168.595
7.38558, -209.438, -76.366
2.5956, 1252.3, 1562.41
6.60363, 76.3164, -85.3581
5.2195, 1856.7, -1331.04
5.72828, -70.4166, -199.886
3.62934, 153.443, 364.119
2.733, 0.95121, 1351.65
3.63154, -16.6443, -116.817
4.58371, 317.228, -1276.13
6.40126, 374.334, -232.988
3.72852, 686.941, -1326.96
4.81411, 224.637, -107.879
6.14756, 505.049, -368.323
5.35237, 2363.43, -373.253
5.45997, -438.743, -849.039
4.98425, 227.988, 292.084
3.951, 190.774, -66.7257
4.71107, 220.835, -47.4228
2.53669, -1232.38, 2655.96
7.41683, 127.336, -35.7638
2.52822, 164.067, -31.417
4.8676, 922.368, 579.871
5.86497, 1624.87, 2667.73
