6.27803, -702.508, -745.799
3.5948, 65.8459, -191.631
5.89648, 347.302, -727.584
5.09708, -224.227, 792.869
2.76731, -882.439, 708.087
2.53849, 319.564, -2.47602
4.58743, -753.117, -225.749
7.15218, 203.28, 354.905
2.95982, 29.1319, 571.062
6.00595, -167.576, 263.41
3.81226, 579.53, 746.547
4.14117, 457.859, -779.262
7.45519, 312.566, 224.524
7.41275, -460.694, -219.86
5.75759, 389.6, 367.191
6.92354, 236.711, -718.52
6.33247, -172.694, -483.688
3.87453, -520.023, -130.394
4.93259, -531.589, -263.026
2.80282, 806.102, 816.376
5.08146, -10.1448, 673.148
4.96988, 794.992, -433.357
7.23882, -615.996, -507.293
4.42071, -57.3451, -698.745
5.14874, 804.044, -416.584
2.75042, 859.02, -207.215
6.63909, 487.278, 458.05
5.94228, -745.6, -575.862
6.18112, 290.043, 702.365
6.94286, 809.21, 445.915
4.25508, -355.108, -528.238
6.72991, 183.422, -14.5145
3.84659, 510.546, -111.737
4.83959, 65.3224, -164.391
3.2686, -622.426, -521.013
2.66527, 580.904, 84.2172
7.2768, 26.1066, 75.8502
6.95369, 145.628, 392.451
3.29884, 541.132, 150.379
3.15214, 408.823, -541.982
2.515, -441.145, -734.969
6.0491, -704.309, -219.511
3.40448, -443.774, 714.396
5.76029, 720.847, -293.04
4.42907, 411.917, -619.7
3.23766, 105.914, -188.998
5.45054, 566.996, 84.5248
3.24076, 191.44, 791.032
3.2091, -140.071, 818.486
4.94257, -425.28, 82.5816
3.13015, 728.409, 1.41115
5.64635, -313.277, -481.346
5.60817, 250.322, -595.259
4.88216, -448.029, 564.018
2.64188, -479.632, -231.754
3.21011, -44.2067, 619.383
3.15594, -221.77, 789.917
3.31099, -778.394, 673.729
3.76529, -198.523, -682.993
4.77654, 516.332, -668.501
6.54472, -62.8646, -260.028
3.57624, 231.887, 700.701
3.75063, 683.307, 332.188
5.02978, -31.337, 677.958
6.27922, 557.714, 104.903
5.66369, 723.216, -30.0515
5.9449, 549.059, -111.851
7.27207, 837.967, 454.291
5.18713, -342.117, 578.914
4.57014, -628.885, -58.8683
4.70019, 663.724, 149.337
6.07821, 651.713, 429.425
6.20858, 320.056, 521.417
5.12494, 684.645, -851.534
6.06711, -724.196, -112.397
5.91025, 337.874, 11.1584
6.82941, 783.791, -525.069
3.19597, 39.6229, 668.532
3.57766, 762.137, -183.626
5.0733, -294.955, -124.799
4.83766, -40.1145, 621.736
3.55759, -206.52, 603.954
5.65244, -622.303, 830.779
2.5044, -785.381, 191.52
4.09589, 351.016, 440.757
5.90281, 256.838, -116.517
6.0446, 591.05, -500.532
2.90869, -720.089, 535.893
3.56926, 253.177, 425.657
4.44412, -752.264, -531.015
4.44927, 783.244, 765.335
3.92018, 332.417, -469.661
4.6123, 482.726, 472.5
2.55658, -650.949, -526.27
3.72027, 788.668, -694.601
4.49072, -682.383, 584.078
6.64177, -731.945, 231.002
3.78584, 782.58, -682.952
3.59705, -605.041, -472.863
6.47385, 276.558, 279.158
5.8476, 409.868, 372.649
5.49108, -800.361, 231.504
5.99917, -297.858, -516.577
5.13062, 490.369, -688.224
4.14833, 292.252, 118.746
3.30844, -810.049, 323.339
6.56633, 624.863, 10.8515
4.08004, 301.863, 164.944
4.05369, 38.192, -668.677
4.65424, 44.9768, 95.8725
4.46509, -170.201, -588.433
4.43916, 142.107, -220.927
4.34871, -635.114, -496.175
5.88118, 318.583, -511.279
6.10384, 283.56, -76.3695
7.20082, -30.8863, 807.351
5.08573, -88.8253, -415.573
5.5282, -145.177, 271.755
5.85049, -611.259, 815.089
5.11404, 56.2966, -146.144
3.87105, -743.561, 526.505
7.08924, 172.078, 322.082
3.73367, 734.947, -439.973
4.77876, 327.624, 479.574
3.30374, -826.238, 618.293
4.68319, 321.399, 228.052
7.45767, 390.316, 112.564
6.26931, -372.673, 378.239
4.97846, -730.289, -534.142
7.01651, -636.552, -654.441
4.68213, 502.805, 472.995
5.09239, 106.204, -776.905
4.44866, 159.611, -657.653
5.63431, -192.696, -428.061
5.19331, 261.926, 175.701
4.35955, 546.725, -446.369
2.54674, -285.922, 297.812
6.3794, -6.08636, -628.657
2.85317, -767.914, -493.091
3.98511, 373.494, -706.534
4.78581, -54.8617, -655.505
3.25156, -102.192, -1.32566
5.97819, 584.768, -408.828
4.15587, 358.422, 149.656
5.21197, 829.808, -774.198
2.64678, 708.628, -847.273
5.38086, 65.9477, -172.335
5.18133, 352.613, 451.626
7.36678, -697.522, -803.238
5.57063, -294.508, -488.228
5.26431, -663.917, 237.878
6.69051, -220.826, 797.395
3.75764, -578.088, 690.313
6.98957, 545.846, -137.788
5.97428, 501.038, -449.221
5.82752, -437.114, -95.8451
3.06838, -643.266, -625.117
3.37987, -805.227, 139.941
2.91253, -191.272, 145.167
6.68103, -144.813, 263.231
2.64818, 814.609, -632.592
6.34719, -38.6065, -700.016
4.29829, -455.385, 716.538
6.24626, 41.7222, 501.968
6.28385, 376.117, 274.904
3.60834, -486.953, -745.961
5.58305, 262.856, 107.427
3.66846, -497.359, -241.186
6.22052, -718.201, 212.136
5.80997, -694.232, -596.703
4.9209, 851.235, -703.597
2.58972, 763.074, 87.5302
4.98291, 300.154, 161.366
5.09587, -26.8464, -734.828
4.71395, -758.833, 407.563
4.14528, -85.6949, 777.478
3.52671, 415.575, -52.445
7.19863, -112.221, -427.766
2.85168, -591.315, 661.939
3.30042, 9.52, -744.128
6.70788, -624.873, -55.0044
4.13614, -233.913, -222.335
6.85942, 198.931, 366.906
5.99896, 595.468, 492.261
5.52801, 759.905, -174.402
4.77536, 54.3194, -168.305
2.91543, -572.773, -230.854
3.94883, 122.219, -130.91
6.51009, -665.294, -619.98
6.81821, 303.166, -2.72472
3.81831, 332.633, -454.52
4.79881, -713.441, -222.402
4.95672, 555.486, -443.412
5.82344, -448.762, -806.2
7.31738, -552.271, -219.367
7.23022, 508.606, -646.92
2.81902, 254.12, -567.66
5.04829, -424.888, -240.972
6.13222, 722.9, 540.151
5.65882, 461.619, -224.811
3.26658, -815.653, -833.156
5.09652, -764.544, 408.37
3.52281, -482.591, 705.089
6.03231, 324.741, -752.467
6.05786, -425.024, -104.175
3.66304, -388.606, -275.201
6.80594, 45.6907, -228.836
2.67122, 31.4888, 799.906
6.26587, -763.501, 173.163
4.14789, 579.958, 76.0345
4.65309, -26.6679, -415.493
7.33455, 823.07, -139.665
4.05803, 719.199, 569.413
5.69762, 743.198, -662.65
5.95386, 725.394, -3.30142
5.36403, 29.1408, 593.232
6.60667, 768.186, -655.449
4.21807, -747.532, -580.417
5.09387, -749.934, -604.176
6.78438, 110.492, -775.452
6.18587, 288.658, 94.4888
3.45992, -779.134, 286.487
2.83145, -272.24, 307.804
3.60828, 815.177, -657.625
3.33656, 8.45724, -208.027
6.31172, 380.768, -742.675
5.44905, -726.084, 303.572
4.65223, 823.815, 784.206
7.09618, 590.073, 26.2277
5.09668, 340.25, 146.823
7.38058, -608.682, -49.7233
5.15714, -407.268, 37.456
2.98716, 338.614, 250.058
5.83983, 225.918, 124.298
5.44444, 219.002, 3.80892
5.01137, -598.659, -17.4137
2.75808, -706.198, 244.797
2.6753, -224.902, -26.6036
4.41484, -774.73, -560.025
5.55555, 259.886, 137.938
5.06574, 582.55, 802.926
5.98498, 325.742, 2.31829
4.89891, 47.4313, -176.23
3.88323, 39.6982, 422.118
6.01685, -411.729, 149.192
3.67701, 693.532, -15.4565
6.41501, 14.0684, -182.327
6.60589, 229.383, 673.69
3.21842, -430.166, 41.6688
5.75757, -489.749, 718.257
3.87677, 828.915, -775.794
7.26215, -453.693, 562.871
4.58238, -599.274, -58.1034
3.03869, -123.363, 317.485
4.70633, -742.487, 535.829
6.28811, -424.91, -223.484
2.77803, -398.411, -201.101
3.51241, -0.491557, 55.2404
6.82305, 829.022, -653.692
6.52456, -240.425, -17.4464
2.78861, -611.329, -535.611
4.40304, -7.88939, -586.748
4.56124, -52.1907, 661.823
2.80071, -314.089, 319.942
7.09746, 677.905, 587.998
3.35398, 565.744, 743.808
6.51634, -766.232, 185.664
3.88599, 637.343, 25.5921
4.44586, 147.201, 737.939
7.19936, 20.0997, 596.848
6.24573, 134.66, -204.746
3.44774, -393.177, 698.666
6.89581, 357.445, 426.733
6.8953, 367.378, -700.028
3.30515, -643.912, -173.221
5.87346, -739.4, -206.101
6.89096, 540.075, 211.63
6.98262, 251.531, 410.879
3.06535, 0.99132, 711.438
5.93789, -196.178, -240.216
3.21651, -547.721, -654.54
3.6901, 338.163, 10.1753
5.64383, 769.519, -175.395
4.312, 682.677, 333.376
4.64437, 624.957, 612.436
4.91936, -57.0978, -695.256
6.20379, 64.4635, -192.029
3.23098, -364.097, 639.517
7.36238, -744.306, -571.326
7.3158, -459.647, -204.573
3.14741, -480.118, 548.734
5.3784, -199.303, -496.711
4.66439, 19.4962, -200.464
5.50066, -241.912, -218.617
5.85098, -649.437, -60.3334
4.5137, 413.558, 861.772
6.46691, 707.042, 557.894
4.89889, -772.47, -206.389
5.72449, 342.968, 275.297
4.28836, -297.394, 608.97
5.96794, -265.95, -222.054
5.83428, -412.85, -581.073
3.22071, -439.34, 682.26
7.10415, -785.942, 196.697
4.22228, 13.9678, -155.003
6.66824, -366.17, -467.376
2.74349, 308.81, -612.798
3.27936, -358.071, 34.4574
2.55765, 203.091, 494.599
3.94327, 72.566, 551.192
5.07295, -298.384, -162.627
3.65948, 634.285, 421.098
2.75022, -226.841, -29.6233
5.33091, -625.504, -648.229
6.69774, -51.601, 670.992
4.28763, -667.549, -505.283
4.3452, 145.247, 788.616
7.22226, 322.858, -36.8479
4.72425, -757.282, -173.262
6.82086, 393.965, 184.83
5.82654, -750.939, -556.805
5.79297, 148.631, 596.477
7.10736, -864.198, 864.864
5.11536, 808.243, -707.039
5.45229, 405.387, -431.029
5.79944, 576.28, 631.048
4.24765, 287.273, 439.497
4.11714, 317.837, 21.6442
7.08984, -62.1572, 631.902
3.08619, 790.836, -443.623
7.31268, 513.613, -114.462
5.17978, 53.4862, -155.944
5.81447, 707.58, 566.406
5.48362, 799.457, -447.748
6.93363, -525.988, -644.736
6.67999, -666.526, -488.29
6.69339, 243.922, 84.5854
6.85642, -164.661, 271.984
2.5002, -834.901, 259.211
4.77274, 318.788, 242.109
4.25696, -764.031, 180.933
5.80713, -235.946, 646.621
6.22234, -811.156, 191.405
3.3821, -168.172, -500.414
7.4621, 850.385, -628.495
5.95466, -770.269, 207.738
6.97862, 212.558, 0.404933
3.51579, 326.581, -33.7594
7.2356, -462.417, -105.899
4.88476, 788.082, -472.506
6.78578, 846.669, -675.917
6.41237, -741.792, -562.765
5.70687, 827.8, -762.958
3.14521, -755.059, 271.633
5.77944, -13.7766, 702.36
3.09199, 68.3283, -33.5703
3.88793, 261.512, 690.73
6.65548, -249.602, -227.287
6.14153, -572.969, -427.598
6.74348, -626.963, 268.731
3.43989, -655.854, -752.756
6.09602, 482.738, -294.163
4.25586, 168.834, 294.783
3.34555, -442.159, -651.079
4.52383, 274.485, -498.592
4.20924, 139.347, 663.257
6.67141, 287.042, -29.0523
3.9111, 700.237, 637.127
5.16766, -633.248, -503.769
6.25085, 809.07, -806.948
4.62554, -656.824, -646.014
4.66964, -514.376, 556.069
3.03022, 786.206, -886.101
6.4639, -86.7765, -399.627
3.91232, -652.359, -521.353
7.14264, -474.141, -216.248
5.37926, 255.658, 429.788
3.4895, 687.248, -310.39
5.99081, 491.028, -666.682
3.07265, 355.496, -734.528
4.22945, 265.154, 687.854
4.15646, -385.823, -210.383
6.42735, 835.673, -813.463
6.65775, 399.98, -163.825
4.21712, -692.672, 707.45
4.2603, -233.445, 717.617
6.38197, 87.3636, -707.174
6.58658, -9.14336, 697.954
4.26157, -222.672, 267.47
7.09559, -386.405, -242.818
3.2877, 549.541, 162.788
5.56029, -455.879, 632.615
5.54222, -438.017, 680.997
3.16647, -205.869, -615.14
3.51409, -595.152, -427.711
4.79457, -739.719, 550.316
3.48759, -277.562, 760.135
6.77118, -733.364, 304.296
6.54562, -734.957, -632.168
2.80131, -822.416, 678.819
6.50584, -673.932, 593.562
5.49597, -176.472, -511.863
7.43182, -792.546, 223.534
2.65919, -77.4147, 680.188
6.8356, 807.236, -645.357
3.69109, 508.693, 210.081
3.6127, 200.121, 334.998
4.73907, -769.888, -562.633
2.61231, 812.825, -132.308
6.79755, -222.754, -27.7558
4.15902, 257.234, 397.827
5.72195, 362.283, 255.239
7.43521, -739.297, -575.967
5.30162, 271.742, -493.628
4.74553, -724.825, -216.047
5.213, 88.7119, -710.52
2.90797, 764.739, -87.2554
3.99606, -655.375, -234.477
6.63964, 714.065, 550.876
6.48936, 542.656, 769.778
5.71048, -59.566, 654.401
4.84105, 572.743, 253.445
7.15326, -185.222, -451.623
5.08798, -220.443, -33.9964
7.42924, 790.768, -446.738
5.94567, -18.7583, -608.859
6.19966, -170.249, -490.134
3.46323, -448.467, -755.548
6.08881, -476.195, 595.905
6.11146, 605.87, -8.93348
6.49298, 252.707, 109.514
4.23216, 240.19, -838.825
5.1481, 57.145, -192.841
3.19001, 721.7, -298.221
6.73218, -215.31, -229.454
6.32766, -5.97135, -710.729
7.5, 758.056, -466.605
4.24891, 460.13, 855.377
5.50367, -452.867, 584.219
3.50808, -466.292, 17.9747
6.2385, 37.141, 91.5137
6.49225, 787.166, 244.212
3.03505, -662.702, 101.35
5.35813, -453.47, -11.4154
2.84683, 314.711, -365.8
4.16036, 729.117, 583.871
5.80945, 358.753, -645.476
5.27726, 53.5295, -174.608
7.12415, 206.037, 4.43807
2.69832, -404.28, 104.518
2.62083, -238.817, 118
4.61923, 243.244, -566.013
4.36987, 386.039, 177.973
2.93303, -246.844, -226.257
3.05403, -96.6113, 149.101
5.31992, 326.35, -375.264
7.37269, -28.4384, 655.725
3.05066, -3.03003, -715.19
5.99352, 121.594, 779.695
2.79674, -47.7791, -581.439
4.69755, 698.272, 43.0356
5.24651, 858.551, 661.241
3.45129, 611.522, -676.6
7.36597, 307.85, 213.175
3.19593, -628.922, -32.7222
5.48978, 748.854, -429.784
7.12812, -764.219, 674.841
3.91116, -32.8628, 803.216
6.8307, -123.033, -110.212
6.29598, -191.557, -454.811
6.10793, 302.395, 512.284
3.34241, -294.52, 303.177
3.32882, 727.485, 447.471
3.39076, -655.779, -819.851
5.87226, 276.727, -499.879
4.83484, -172.878, -43.26
6.85219, -702.376, -357.799
5.76023, -621.859, -52.7166
5.80464, 697.641, 753.958
2.58037, -656.48, -484.796
4.30596, -725.245, -605.986
3.72747, 772.853, 126.336
6.93086, -836.939, -829.223
5.23701, 778.686, 794.344
6.57209, -26.1258, -640.813
5.24453, 154.33, 755.07
4.16156, 478.387, -80.0843
4.40213, -75.783, -632.763
2.52389, 789.954, 543.298
6.95226, -112.437, -412.691
6.16955, -440.481, 629.55
6.04239, -28.3211, 684.161
5.1278, -8.68413, -102.678
6.41065, -97.564, -689.347
3.42484, -398.861, -396.32
5.72673, 281.16, 431.712
3.42178, -531.465, -259.082
3.31214, 69.2579, -245.657
2.65594, -253.424, 804.765
7.42716, 139.349, -686.63
4.04559, -284.033, -553.847
4.11075, -537.08, -265.528
5.51155, 244.364, -151.788
2.89107, -301.088, -791.941
3.93936, 37.9925, 86.3817
5.79307, -193.534, -483.192
7.36348, -784.511, -367.279
7.27758, -362.383, -667.252
7.42745, -594.672, -268.593
7.30478, -716.086, -613.348
3.0073, -459.892, 655.112
3.71505, -172.201, -485.941
6.91151, 147.828, -279.886
5.28805, 336.12, 518.469
6.7669, 720.524, 590.745
7.49145, -430.382, 561.043
3.99751, -100.773, -599.967
6.33157, 811.768, 384.149
4.81901, 252.461, -105.14
6.8168, -634.145, -655.311
6.99018, 740.996, -44.6153
7.377, 210.985, -407.201
2.77405, 563.161, 211.445
6.32605, 819.156, -690.738
5.09219, -817.074, 707.452
3.46574, 810.642, -136.561
6.98252, 261.324, -533.516
6.38492, -782.797, 141.092
2.75968, 298.745, 525.101
7.47331, -778.539, 693.979
5.93659, -102.79, -383.788
5.94854, 806.333, 481.822
6.57666, -534.11, 720.849
7.05426, -71.0688, -411.341
3.34218, -129.414, 210.477
5.24183, -544.998, 732.222
6.53351, -463.784, -230.061
4.17803, 294.318, -522.533
5.53435, -88.5483, -15.3221
6.59602, -725.901, 327.035
7.3485, 54.6774, -196.813
6.29349, 493.022, 490.242
3.72113, -117.895, -94.765
5.80589, -574.168, 327.049
4.21574, -574.915, -412.785
7.27146, 316.061, -323.284
2.60828, 725.715, 531.038
4.54979, -852.496, 837.609
2.55789, 556.586, -710.072
3.04964, 716.384, 185.537
5.28259, -788.381, 151.696
4.45466, 115.822, -162.53
7.20539, 25.0806, -180.966
2.55572, 171.456, 415.659
6.22897, -214.04, -460.211
3.84293, 233.552, 136
4.27153, -478.239, -692.781
3.45835, -403.028, 636.208
5.14832, 309.91, -74.6365
4.39478, 14.9846, -702.367
3.16407, -54.7076, -717.067
4.26563, -126.966, -451.499
4.2497, 762.347, 846.085
7.41084, 551.062, -117.796
5.25961, 84.2612, -333.154
4.99918, 21.4119, -685.644
3.58531, -779.781, 213.239
4.37311, -117.522, -441.835
6.78251, -653.579, -509.182
6.45578, 806.381, -427.206
3.9204, -575.043, 698.197
5.07645, 381.829, 175.387
6.79238, -246.896, 29.8471
7.07844, -705.412, -240.684
7.48941, 130.069, 761.949
6.53177, 38.9254, -193.179
5.22718, -701.525, -213.705
7.3461, 134.45, -681.922
5.31931, -551.203, 362.065
4.03031, -457.663, 591.271
5.41853, 839.924, 815.711
2.91197, 73.4066, -163.121
5.47382, 302.826, 517.649
3.31968, -573.011, -507.406
6.46527, -645.693, -497.086
2.95373, 608.129, 626.125
6.3072, -510.329, -654.8
6.83996, -220.895, -34.8932
6.40105, 94.1813, -314.19
6.61399, 756.928, 800.264
6.70974, 366.611, 516.119
4.48328, 312.408, 162.89
6.508, -96.0754, 153.948
6.56811, 329.412, 4.65456
5.43493, -387.727, 58.4898
4.64621, 739.916, -56.7255
2.5002, -73.1203, -373.815
5.31153, -772.723, 304.595
6.22632, 312.986, 226.306
3.89846, 761.22, 200.474
2.93406, -805.624, 504.626
3.5733, 859.476, -769.515
3.93296, -422.583, 648.531
4.86595, -314.551, 434.98
6.95893, 849.015, 785.333
5.91955, 489.217, -464.951
3.54376, 64.8143, -227.247
6.67533, 734.756, -38.0174
7.09218, 782.4, 844.999
4.48244, -499.134, -658.559
6.37858, 525.811, 448.701
5.68161, -115.663, -93.2702
6.64746, 429.604, 172.795
3.40204, 499.757, -413.299
7.45927, 492.616, -662.015
6.70558, -94.2808, -692.46
4.65177, 798.423, 216.445
4.38589, 483.961, 786.793
2.70802, 593.692, -472.07
6.80715, -608.646, -477.505
6.62116, 812.682, -806.513
6.25052, 16.6772, 660.155
3.55801, -213.367, 777.239
4.31029, -744.006, -205.497
4.43545, -671.198, -616.848
7.32918, 672.401, 577.92
6.5872, -98.5404, 618.21
4.5755, -34.1689, 406.896
5.83759, 244.028, 96.9315
2.52101, 460.062, 783.833
6.98048, -676.616, 197.682
3.68416, -301.02, 301.165
3.79415, 287.949, -44.504
5.4939, 393.497, -625.334
6.89823, -801.629, 303.564
6.16299, -669.321, -529.531
6.0773, 699.549, 565.41
3.57724, -518.087, 507.191
6.30413, 710.112, -876.465
3.85351, -53.8529, -370.885
2.75246, 511.07, 216.385
4.78866, 347.829, 315.762
2.58759, 422.251, -602.127
3.01129, -9.63278, -105.138
2.639, -218.789, 269.721
5.65921, -377.706, -501.962
6.34425, 46.4791, -167.73
2.74132, 532.916, -696.772
6.6924, -28.5712, -652.376
6.76899, -218.008, -224.434
6.57649, -499.147, 574.706
6.85188, 775.89, 353.74
5.27222, -595.912, -100.298
6.12646, -257.292, -141.621
3.20424, -289.706, 766.267
6.6115, 459.515, -438.631
5.51185, 576.959, -141.595
4.93856, 457.574, -780.617
6.14942, -260.444, 729.384
4.05164, 760.077, -626.869
3.93925, -739.372, 259.906
5.45857, -815.288, 700.5
5.34055, 525.871, 770.013
5.41059, -737.907, -561.975
2.84132, -688.03, 182.824
4.34304, 97.801, -312.916
6.28475, -768.425, -572.089
6.35297, -443.787, -756.611
4.27217, -444.196, -217.939
5.98913, 133.575, 745.814
5.08005, -583.59, -264.354
5.94494, 357.633, 151.476
6.18066, -78.9611, 702.284
2.56231, -289.867, -573.23
7.16549, 548.31, -117.088
5.37826, 264.156, 106.637
3.05587, 599.97, 961.665
4.87388, -106.787, 3.80599
3.24247, 246.335, 98.9299
4.22594, 93.8598, 422.697
7.04476, -795.094, 186.49
4.54571, 45.0705, 502.819
5.96642, -649.658, -66.618
3.35865, 376.622, -744.154
6.21715, 759.421, -476.767
4.16319, -457.443, 602.347
4.62157, 550.497, 318.03
2.79523, -207.331, -97.0177
5.09005, 232.682, -164.963
5.94425, 382.042, -508.642
5.01149, -222.09, -38.3384
6.56617, -143.359, -671.702
3.07974, 117.887, -795.211
5.24841, 268.203, 432.951
5.06046, 219.865, 91.8796
6.02649, 836.814, 443.928
5.65083, -250.711, 758.976
4.0207, -47.9138, -585.487
6.74719, 321.595, 224.769
3.39619, 633.307, -27.4452
2.61737, -426.985, -14.4585
4.19467, 564.676, 0.79785
3.43818, 311.032, -47.0808
6.60467, -227.704, 148.539
6.72507, -808.162, -177.978
6.78031, 805.295, -657.283
7.37454, -824.254, 615.589
2.99587, 377.207, -424.889
2.56182, 575.552, 569.19
2.58614, 263.285, 440.072
2.64527, 248.713, 102.884
4.1031, 105.822, -290.113
6.17815, 574.743, 273.166
3.14876, 258.922, 397.558
2.5161, -382.507, 413.825
6.91905, 62.993, -628.855
3.70482, 233.108, -480.02
4.38481, -793.202, 671.935
4.44879, 545.796, 104.223
2.81534, 568.218, 284.091
7.30792, 164.47, 710.4
3.75349, 725.835, -307.258
6.85376, -652.81, -70.1425
2.85991, -732.519, 359.034
2.70653, -476.1, 551.641
3.46378, 335.41, -457.958
3.86708, -295.28, 293.452
7.4007, -833.959, -335.886
3.60607, 263.565, -533.859
6.43119, -805.275, 762.364
4.42306, 215.001, -350.748
3.78593, 389.025, -620.572
3.91087, -759.278, 195.754
7.33834, 794.377, -82.5071
4.22841, 559.612, 102.975
3.45922, -729.123, 693.297
5.05037, -541.119, -313.675
5.21857, -506.546, 514.159
5.72333, -632.888, -501.477
3.89738, -51.0846, 601.599
3.41887, -275.885, -582.534
2.71579, -747.357, 290.447
3.98408, -488.898, -231.562
4.25548, -240.621, 112.568
7.09372, -443.05, 637.561
5.81225, 459.017, -305.426
5.08041, 712.392, 552.435
4.03763, 529.606, 470.407
3.0007, -226.629, 116.999
3.47502, 319.796, -832.857
4.11407, 64.34, -238.202
5.56182, 761.004, 74.2272
5.13511, 852.273, -845.505
3.45653, 317.595, 268.695
4.7178, -646.726, -498.582
4.48693, -550.106, 708.206
6.28051, -577.564, 752.398
6.6213, 696.905, 630.716
5.51573, 91.2571, -313.85
3.04573, 502.729, -667.735
4.11797, 437.005, -185.566
5.03403, 68.4019, 274.74
4.76521, -550.912, 757.742
4.77315, -175.639, -529.94
4.91125, 848.848, 837.137
5.07896, 303.152, -642.735
4.50207, 132.16, 775.161
4.22945, 829.601, 383.398
6.64533, 766.787, -174.98
3.02204, -587.784, -703.356
6.40057, 469.3, 521.309
3.19919, -286.607, -201.305
2.62171, -751.886, -586.161
6.0664, 356.188, -583.399
7.15538, 60.6182, -632.255
7.47667, 239.541, 105.918
3.86264, -808.578, 183.471
3.6923, -477.334, -230.929
3.87328, 747.518, 564.906
5.70836, -709.922, -616.409
5.17637, 292.8, 167.02
6.8967, 693.987, -309.537
6.75968, -635.947, -669.871
2.98004, 742.836, -42.7434
4.66818, -655.203, 205.074
3.17045, -153.994, -665.694
5.86802, -196.188, 272.96
5.34964, -104.147, -382.664
3.66474, -421.626, 705.347
5.50306, 244.762, -568.297
2.6551, -592.287, -13.757
7.08512, 485.931, -298.68
3.82958, 815.616, -135.015
6.50016, -192.283, -461.94
5.46389, 85.3909, -700.371
5.0822, 296.12, 476.34
5.2567, 338.603, 426.574
3.47225, 405.581, -152.949
5.36152, 63.9894, -687.74
3.81992, 211.208, 314.276
4.41648, -773.114, 487.405
2.73626, -704.098, -808.229
4.22823, 542.976, -715.078
3.61594, 589.323, -387.521
3.81264, 21.8808, -683.697
3.05141, -366.024, -521.049
7.40088, -639.731, -72.8995
5.93794, 668.529, 588.141
5.82158, -541.095, -319.235
5.99501, -595.285, -588.399
2.68746, -744.543, -571.393
3.6706, -639.474, -660.287
3.95397, 713.311, 547.875
3.50543, 20.5676, -150.211
2.7177, 341.853, 314.03
2.56571, -464.27, 639.968
6.07297, -487.347, 709.417
6.88348, -762.312, -557.562
5.35088, -729.638, 327.284
6.92743, 789.438, 794.438
5.20042, -446.854, -197.966
3.31357, 847.117, -686.273
3.30492, 846.426, 458.282
7.19182, 366.787, 259.961
3.45628, 452.256, -679.09
3.15761, 65.1267, -216.397
4.41122, -209.179, -28.295
6.12674, 295.785, -93.2892
2.50651, 579.306, 803.198
4.60222, -104.481, 646.256
5.18984, 227.625, -150.627
4.86596, -196.943, 213.655
6.33003, 580.266, 739.24
2.9396, 490.923, -460.101
7.04284, 178.607, 268.792
3.20818, -702.788, -422.16
2.54782, 310.455, -52.594
2.82267, 250.375, 438.187
4.96742, 340.069, 200.642
5.40914, 474.747, 830.972
4.03373, -798.982, 539.145
4.57091, 717.469, 0.736897
4.33401, -626.509, -554.141
3.42687, 131.738, 595.407
2.76788, 425.022, 153.492
4.47222, 425.974, -67.2181
3.98388, -227.336, -244.91
5.05388, -354.111, 706.775
3.75392, -678.76, 193.882
5.01589, 832.651, 835.409
2.51168, -109.105, 631.338
7.01807, 781.41, -467.309
2.79181, -848.473, -815.264
5.17506, -583.494, 701.93
3.95754, -362.24, 727.006
7.3023, -701.912, -183.253
4.73406, 322.731, -140.135
5.08479, 735.743, 173.679
5.93861, -234.54, -34.7869
2.72187, -147.675, -2.97355
7.2946, -725.096, 553.648
5.70852, 323.062, 163.655
2.80215, 358.193, -657.801
3.33964, 164.705, 254.181
5.76491, 437.336, -176.836
6.19864, -831.751, 254.986
3.57011, 819.415, 217.975
4.31441, 157.5, -572.995
6.56981, -621.125, 858.928
5.32057, 796.164, -466.754
7.45886, -9.27243, -711.116
6.5669, -781.049, 290.264
3.49157, -835.49, -3.2524
2.50003, -125.857, -658.552
4.62608, 841.078, -701.896
4.07406, 831.129, 265.543
5.56218, 572.986, -812.089
3.83351, -167.815, -485.683
4.39881, -609.404, -115.065
5.43397, 781.486, 230.006
5.95636, -45.8016, -429.762
7.26736, -307.795, -486.052
4.89785, -308.741, -796.56
3.60319, 389.569, -624.59
5.33741, -639.472, -426.32
6.09873, 272.109, 222.86
4.4953, -457.118, 627.869
3.48326, -627.433, 827.212
6.66971, -577.975, -685.775
5.59561, -448.01, -740.194
7.26866, -244.258, 112.528
3.23222, 37.5635, -145.334
5.38953, -114.773, -410.445
7.26796, -466.598, 582.575
3.62331, 703.425, -845.583
7.25137, -482.058, 710.01
3.07874, 809.308, -433.224
2.58372, 17.5628, -151.763
3.90465, -324.546, -176.463
7.15042, 521.371, 51.5974
3.04796, 805.98, 785.935
6.77266, 53.1628, 572.28
5.68532, -577.411, -684.702
5.63853, 392.467, -623.852
3.80589, 684.896, 571.965
5.13936, -760.603, 190.722
7.16608, -214.378, 788.855
3.98055, 786.508, 93.1938
4.78006, 190.586, 355.405
6.35659, -671.093, -464.299
4.17193, 238.85, 124.565
6.31775, 10.7582, -702.36
6.65892, -56.0987, 775.653
2.64618, -740.015, 541.586
4.31315, 645.582, -233.151
4.16221, 266.447, 437.417
3.17675, -380.322, -112.664
3.00839, -238.322, 606.056
5.11327, -557.744, 722.517
3.52046, 28.2753, -460.545
5.00728, -761.614, -554.953
5.1371, -34.9669, 772.385
4.13422, -120.559, -210.856
4.75888, 261.367, -325.618
6.85263, -51.0299, 775.066
4.72884, 591.488, 748.37
6.03726, -487.265, -725.351
6.83171, 833.108, -696.114
6.5822, 742.607, 185.161
2.67504, 829.268, 715.248
3.8644, -595.713, -258.247
5.21858, -346.765, -394.621
3.19942, -751.349, -556.103
5.57408, -685.94, -808.183
3.29182, -456.424, -712.505
4.41129, 145.112, 200.896
5.94997, -94.0079, 140.615
3.21128, -442.521, 533.341
5.65284, -783.692, 676.456
3.15973, 156.423, 731.027
7.13583, -680.837, 194.82
5.53465, -812.144, 682.507
5.50388, -740.47, 303.419
3.33635, 454.674, -444
3.301, -701.928, -426.947
5.91628, 522.349, -9.92942
5.1456, -604.093, -122.533
3.65264, -104.349, 631.232
6.55373, -451.568, -102.27
5.76477, -364.286, -494.412
4.08597, -624.78, -599.956
2.53953, -253.084, -701.243
3.49176, 729.823, 579.987
3.78831, 58.3612, 350.804
3.03825, 721.383, -66.5041
3.49545, 105.755, -275.521
6.75079, 810.867, -670.287
6.63912, -772.722, 194.953
6.76813, -699.91, -552.179
5.71027, 247.419, 683.825
3.6787, 696.092, -852.793
6.80638, -522.452, -668.091
5.4745, -141.287, -127.03
2.52745, 479.587, -28.5778
6.84925, -647.717, -523.692
7.37729, 551.373, 200.808
5.59653, 313.892, -54.5858
3.85574, -738.005, 293.256
7.46973, -169.848, -475.874
4.60751, -641.164, -429.465
4.20537, -772.366, -565.723
4.80717, 288.641, -46.8098
4.44822, 221.038, -350.763
4.613, 83.9001, 531.082
2.84879, 172.28, 251.001
5.5153, 50.7705, -175.882
7.36114, -61.5747, 153.421
5.07406, -686.874, -486.192
7.45461, 748.834, -145.527
5.84906, 544.66, -142.804
4.01716, -586.069, 15.4616
3.47371, 705.96, 561.738
4.0109, -687.418, -789.129
4.93946, -378.347, 410.049
4.72438, 481.94, 819.986
5.7844, 394.434, -771.721
3.74227, -723.61, -606.577
4.72007, 32.5368, 469.888
5.75894, -607.844, -51.7469
6.67472, -686.561, 235.318
6.03698, 143.994, 781.438
4.93928, -755.449, -633.531
6.72039, 361.891, -149.64
7.00296, -464.84, -208.352
6.33082, -663.487, -500.135
5.29453, 580.339, 836.159
2.70603, -0.566976, 90.4341
5.46749, 556.108, 105.019
2.68674, -536.364, 720.57
4.53488, 182.451, 390.295
2.84243, -818.123, -821.961
7.38558, -679.879, -765.785
2.5956, -556.316, -200.593
6.60363, -233.936, -221.556
5.2195, -364.572, 730.302
5.72828, 694.385, -308.355
3.62934, -238.684, -61.3946
2.733, 871.503, -595.503
3.63154, 226.061, -549.276
4.58371, -645.141, 118.44
6.40126, 221.185, -592.145
3.72852, -729.558, 305.843
4.81411, 579.309, 86.3313
6.14756, 799.562, 252.784
5.35237, -367.818, 765.547
5.45997, 835.255, 781.617
4.98425, -754.902, 254.288
3.951, 406.752, 200.166
4.71107, 107.981, -192.794
2.53669, 749.892, -465.945
7.41683, 473.128, -306.734
2.52822, -717.559, -259.666
4.8676, -85.5286, 653.408
5.86497, -297.634, -166.478
