6.27803, -224.663, -57.8513
3.5948, 6.27127, -179.905
5.89648, 139.925, -262.751
5.09708, -109.718, 235.287
2.76731, -372.303, 533.908
2.53849, 286.587, 176.409
4.58743, -420.957, -439.024
7.15218, 198.853, -34.4252
2.95982, -13.2659, 335.633
6.00595, -68.8605, -53.9042
3.81226, 358.08, 206.476
4.14117, 117.385, -152.975
7.45519, 256.206, 41.0336
7.41275, -336.256, -189.168
5.75759, 170.54, -177.168
6.92354, 276.791, -254.102
6.33247, -79.6081, -177.703
3.87453, -170.248, -185.108
4.93259, -324.945, -195.778
2.80282, 673.607, 367.409
5.08146, 67.9673, 231.951
4.96988, 444.318, -483.918
7.23882, -247.068, -257.65
4.42071, -62.824, -150.551
5.14874, 431.828, -445.651
2.75042, 403.194, -338.481
6.63909, 207.999, 159.104
5.94228, -197.767, -306.01
6.18112, -3.37603, 266.304
6.94286, 404.289, 305.406
4.25508, -76.5801, -180.609
6.72991, 220.312, 0.964374
3.84659, 175.675, 80.1604
4.83959, -86.4507, -242.846
3.2686, -318.455, -246.165
2.66527, 156.51, 54.9523
7.2768, 275.043, 108.572
6.95369, 297.935, 70.2737
3.29884, 187.619, 30.2564
3.15214, 212.533, -217.655
2.515, -611.842, -215.888
6.0491, -143.31, -248.645
3.40448, -462.747, 450.797
5.76029, 282.64, -206.173
4.42907, 136.564, -243.049
3.23766, 0.37617, -107.845
5.45054, 118.908, 41.4958
3.24076, -152.063, 292.29
3.2091, 91.722, 282.062
4.94257, -304.658, -241.274
3.13015, 62.7367, 119.778
5.64635, -66.556, -172.502
5.60817, 279.722, -242.712
4.88216, -309.533, 393.025
2.64188, -232.481, -260.631
3.21011, -247.228, 451.983
3.15594, -78.8301, 354.734
3.31099, -474.998, 468.24
3.76529, 15.3265, -217.001
4.77654, 322.622, -486.322
6.54472, -48.3, -135.591
3.57624, -12.6956, 197.77
3.75063, 150.089, 66.5587
5.02978, 59.4498, 235.737
6.27922, 144.305, 87.7897
5.66369, 171.396, 3.97466
5.9449, 204.083, 166.59
7.27207, 426.923, 333.783
5.18713, -505.8, 384.241
4.57014, -152.912, -177.559
4.70019, 60.2806, 65.2844
6.07821, 429.413, 365.407
6.20858, 272.095, 36.1452
5.12494, 488.504, -385.747
6.06711, -188.753, -208.047
5.91025, 258.282, 5.76964
6.82941, 214.97, -253.921
3.19597, -119.586, 418.784
3.57766, 221.373, -42.5486
5.0733, -242.469, -240.621
4.83766, 56.6297, 233.89
3.55759, -190.685, 542
5.65244, -247.891, 326.373
2.5044, -518.726, 201.459
4.09589, 220.234, -192.397
5.90281, 216.532, 197.846
6.0446, 159.91, -274.273
2.90869, -365.326, 383.054
3.56926, 220.83, -49.9059
4.44412, 7.35378, -396.137
4.44927, 444.047, 464.32
3.92018, 225.715, -206.925
4.6123, 222.246, 172.123
2.55658, -329.013, -341.939
3.72027, 470.858, -388.951
4.49072, -440.668, 425.868
6.64177, -331.732, 131.489
3.78584, 498.412, -440.31
3.59705, -340.419, -133.224
6.47385, 198.123, 55.4587
5.8476, 171.051, 113.606
5.49108, -424.36, 139.725
5.99917, -146.273, -198.948
5.13062, 167.264, -158.888
4.14833, 253.939, 59.0435
3.30844, -755.251, 188.935
6.56633, 75.5366, 57.8557
4.08004, 195.548, -81.0369
4.05369, -82.9435, -141.656
4.65424, 140.147, -101.408
4.46509, -246.346, -404.534
4.43916, 295.244, -230.132
4.34871, -464.543, -346.992
5.88118, 282.73, -297.811
6.10384, -280.664, -239.629
7.20082, 182.793, 316.901
5.08573, -179.144, -171.89
5.5282, -41.5608, -37.2097
5.85049, -249.975, 328.595
5.11404, 99.6463, -271.232
3.87105, -452.065, 417.655
7.08924, 173.282, -47.1432
3.73367, 389.82, -304.432
4.77876, 289.362, -74.9846
3.30374, -345.048, 376.95
4.68319, 323.707, 152.918
7.45767, 292.632, 64.6076
6.26931, -261.584, 357.488
4.97846, -326.46, -315.134
7.01651, -343.55, -325.637
4.68213, 217.82, 168.503
5.09239, -180.77, -195.671
4.44866, 392.083, -226.074
5.63431, -120.756, -163.944
5.19331, 296.134, 108.734
4.35955, 68.3847, -275.882
2.54674, -2.93448, 0.147639
6.3794, 15.3873, -417.763
2.85317, -295.089, -204.409
3.98511, 193.359, -213.528
4.78581, 22.5412, -407.894
3.25156, -144.347, -270.05
5.97819, 85.471, -304.711
4.15587, 234.252, 94.6355
5.21197, 492.861, -427.423
2.64678, 518.214, -221.661
5.38086, -9.02074, -222.423
5.18133, 195.372, -27.3394
7.36678, -308.207, -196.111
5.57063, -107.247, -165.472
5.26431, -599.529, 219.794
6.69051, -129.17, 249.192
3.75764, -252.361, 282.033
6.98957, 169.533, 44.6483
5.97428, 227.179, -244.748
5.82752, -309.833, -147.865
3.06838, -375.787, -220.737
3.37987, -130.771, 521.569
2.91253, -54.2851, -395.016
6.68103, -22.2701, 14.5373
2.64818, 435.018, -816.981
6.34719, -24.371, -129.239
4.29829, -374.565, 400.06
6.24626, 28.838, 410.241
6.28385, 220.597, 44.476
3.60834, -554.851, -179.518
5.58305, 280.019, 100.34
3.66846, -242.459, -194.223
6.22052, -429.9, 335.344
5.80997, -352.18, -336.713
4.9209, 453.333, -438.362
2.58972, 127.888, 3.79872
4.98291, 219.774, 10.3583
5.09587, -304.357, -134.381
4.71395, -384.054, -48.1242
4.14528, 351.062, 233.504
3.52671, 294.031, 28.7134
7.19863, 18.7839, -10.0472
2.85168, -395.529, 21.1445
3.30042, -10.4479, -4.36124
6.70788, -142.751, -179.536
4.13614, -194.844, -199.649
6.85942, 244.001, -154.082
5.99896, 403.326, 331.015
5.52801, 66.7216, 113.502
4.77536, 1.44514, -167.933
2.91543, -80.1273, -331.813
3.94883, 307.623, 340.529
6.51009, -308.384, -294.602
6.81821, 232.101, 20.418
3.81831, 263.115, -361.218
4.79881, -87.9439, -189.921
4.95672, 82.3236, -299.212
5.82344, -500.825, -155.306
7.31738, -313.686, -208.034
7.23022, 225.795, -238.32
2.81902, 208.785, -295.511
5.04829, -285.05, -188.51
6.13222, 392.132, 328.462
5.65882, 158.337, 79.6837
3.26658, -467.911, -327.609
5.09652, -385.382, -53.1039
3.52281, -372.266, 449.21
6.03231, 221.451, -310.289
6.05786, -344.26, -174.268
3.66304, 28.7379, -105.936
6.80594, 116.92, -36.6735
2.67122, 152.821, 13.7653
6.26587, -382.556, 163.415
4.14789, 177.899, 20.2158
4.65309, -380.399, -269.76
7.33455, 114.263, 80.1778
4.05803, 451.428, 340.698
5.69762, 446.432, -527.204
5.95386, 82.8893, 86.0412
5.36403, -40.8655, 500.09
6.60667, 472.971, -570.628
4.21807, -133.212, -119.91
5.09387, -388.957, -394.39
6.78438, -192.92, -164.639
6.18587, 175.5, 21.8813
3.45992, -254.582, 146.028
2.83145, -151.335, 27.5994
3.60828, 502.546, -428.718
3.33656, 168.684, -122.213
6.31172, 131.711, -149.424
5.44905, -316.595, 179.887
4.65223, 407.762, 476.84
7.09618, 119.852, 124.982
5.09668, 210.247, 46.6539
7.38058, -248.55, -232.921
5.15714, -330.264, -278.06
2.98716, 216.774, 135.069
5.83983, 224.145, -22.4337
5.44444, 326.276, 51.8886
5.01137, -282.342, -264.176
2.75808, -503.659, -320.219
2.6753, -91.4519, -271.249
4.41484, -92.697, -153.427
5.55555, 318.038, 170.36
5.06574, 484.322, 392.186
5.98498, 295.261, 178.92
4.89891, -26.9454, -171.267
3.88323, 262.318, 301.393
6.01685, -266.357, -271.569
3.67701, 139.41, 132.209
6.41501, -72.232, -127.197
6.60589, -30.5101, 337.115
3.21842, -402.713, -351.216
5.75757, -392.022, 381.735
3.87677, 335.499, -328.053
7.26215, -413.909, 653.829
4.58238, -269.58, -143.842
3.03869, -36.5434, -36.366
4.70633, -331.558, 381.469
6.28811, -159.814, -190.383
2.77803, -246.874, -189.491
3.51241, 155.551, -110.144
6.82305, 537.446, -429.531
6.52456, 16.1437, -218.362
2.78861, -470.447, -485.39
4.40304, -20.4086, -177.224
4.56124, 28.5532, 281.982
2.80071, 25.2812, 152.66
7.09746, 401.11, 351.977
3.35398, 373.003, 253.264
6.51634, -476.788, 123.251
3.88599, -6.0859, 99.4163
4.44586, -356.775, 329.401
7.19936, -9.61931, 383.269
6.24573, -163.893, -309.372
3.44774, -472.421, 614.216
6.89581, 191.252, -27.7268
6.8953, 160.559, -193.057
3.30515, -326.584, -192.638
5.87346, -246.908, -125.234
6.89096, 198.67, -31.277
6.98262, 315.958, -140.913
3.06535, 26.8212, 290.023
5.93789, -270.092, -262.66
3.21651, -84.2095, -157.177
3.6901, 230.349, 27.7958
5.64383, 170.624, 42.2948
4.312, 151.127, 63.2944
4.64437, 363.205, 326.22
4.91936, -167.602, -161.092
6.20379, -22.0854, -173.432
3.23098, -325.433, 460.493
7.36238, -272.736, -280.149
7.3158, -334.536, -182.986
3.14741, -448.144, 623.565
5.3784, 43.0291, -13.3857
4.66439, 263.957, 227.19
5.50066, -180.098, -206.601
5.85098, -215.343, -188.234
4.5137, 514.011, 339.342
6.46691, 364.975, 312.542
4.89889, 0.648756, -261.421
5.72449, 280.446, 178.775
4.28836, -494.92, 392.793
5.96794, -278.5, -212.825
5.83428, -322.3, -306.658
3.22071, -299.115, 283.453
7.10415, -387.944, 139.535
4.22228, -86.8236, -226.069
6.66824, -40.3782, -195.859
2.74349, 198.265, -280.709
3.27936, -546.547, 261.294
2.55765, -44.6759, 363.377
3.94327, -71.7033, 360.396
5.07295, -106.15, -280.102
3.65948, 290.931, 427.892
2.75022, -87.368, -294.03
5.33091, -378.578, -398.089
6.69774, 25.1274, 252.478
4.28763, -314.627, -403.486
4.3452, 71.2879, 224.338
7.22226, 297.402, 11.8242
4.72425, -191.713, -132.744
6.82086, 207.191, 80.3661
5.82654, -262.961, -284.391
5.79297, 24.4399, 289.669
7.10736, -554.23, 469.982
5.11536, 409.198, -390.626
5.45229, 250.101, -276.739
5.79944, 393.46, 312.668
4.24765, 292.522, -130.761
4.11714, 256.968, 138.712
7.08984, 20.5174, 282.05
3.08619, 483.21, -443.371
7.31268, 177.519, 79.9533
5.17978, -13.6785, -98.6166
5.81447, 395.054, 371.375
5.48362, 484.149, -456.202
6.93363, -357.584, -182.542
6.67999, -344.223, -313.164
6.69339, 225.084, -16.3681
6.85642, -68.0162, -55.0458
2.5002, -393.925, -109.53
4.77274, 144.422, 130.61
4.25696, -431.568, 144.622
5.80713, -223.514, 474.944
6.22234, -405.085, 104.338
3.3821, 152.32, -93.6565
7.4621, 398.002, -377.548
5.95466, -409.026, 128.398
6.97862, 257.056, 150.221
3.51579, 313.026, 335.862
7.2356, -344.376, -136.495
4.88476, 505.961, -445.818
6.78578, 516.52, -435.518
6.41237, -209.084, -113.616
5.70687, 413.674, -405.112
3.14521, -180.35, 95.7985
5.77944, -33.2449, 482.938
3.09199, 22.3382, -292.667
3.88793, -154.246, 320.242
6.65548, -136.115, -232.451
6.14153, -457.188, -368.281
6.74348, -596.036, 220.837
3.43989, -376.575, 29.7494
6.09602, 200.831, -158.866
4.25586, 256.403, 224.319
3.34555, -386.008, -158.133
4.52383, 414.362, -293.81
4.20924, 113.579, 252.282
6.67141, 262.849, 217.698
3.9111, 388.788, 412.419
5.16766, -672.565, -443.876
6.25085, 429.676, -404.486
4.62554, -306.909, -292.371
4.66964, -343.046, 407.371
3.03022, 499.519, -280.301
6.4639, -160.454, -184.465
3.91232, -295.268, -188.073
7.14264, -396.695, -276.142
5.37926, 175.805, -47.4422
3.4895, 312.059, -209.553
5.99081, 93.7913, -149
3.07265, 199.292, 120.694
4.22945, -109.313, 261.143
4.15646, -325.705, -222.576
6.42735, 469.139, -404.758
6.65775, 204.046, 18.8966
4.21712, -347.04, 399.427
4.2603, -87.899, 231.975
6.38197, -51.9464, -161.93
6.58658, 38.0186, 346.994
4.26157, -15.6552, 15.5328
7.09559, -330.909, -162.867
3.2877, 267.1, -58.3405
5.56029, -324.199, 380.232
5.54222, -294.311, 280.244
3.16647, -140.788, -217.918
3.51409, -415.758, -326.818
4.79457, -331.136, 416.858
3.48759, 153.048, 281.898
6.77118, -529.001, 57.3789
6.54562, -266.086, -174.646
2.80131, -354.368, 371.368
6.50584, -392.263, 481.744
5.49597, -89.2948, -154.875
7.43182, -465.027, 133.841
2.65919, 192.947, 325.701
6.8356, 506.119, -384.143
3.69109, 148.964, 107.733
3.6127, 516.058, -44.4065
4.73907, -430.084, -381.121
2.61231, 224.482, -131.825
6.79755, 16.7894, -208.761
4.15902, 266.275, -190.429
5.72195, 250.278, 52.0043
7.43521, -295.828, -305.669
5.30162, 143.89, -210.037
4.74553, -116.909, -327.106
5.213, -68.1933, -151.386
2.90797, 192.075, 132.537
3.99606, -61.922, -231.823
6.63964, 376.219, 354.782
6.48936, 490.627, 250.079
5.71048, 35.5626, 276.168
4.84105, 197.663, 106.693
7.15326, -240.245, -186.707
5.08798, 29.2357, -225.014
7.42924, 506.51, -451.16
5.94567, -14.0719, -156.559
6.19966, -75.1786, -175.18
3.46323, -562.461, -373.205
6.08881, -365.679, 369.827
6.11146, 288.758, 168.473
6.49298, 210.736, 130.303
4.23216, 343.266, -209.107
5.1481, -140.184, -258.874
3.19001, 211.398, -50.8498
6.73218, -226.157, -230.906
6.32766, 0.0530272, -170.513
7.5, 484.098, -448.678
4.24891, 401.976, 451.398
5.50367, -346.685, 415.204
3.50808, -256.43, -242.466
6.2385, 136.839, -130.422
6.49225, 86.6632, 37.5534
3.03505, -789.798, 373.223
5.35813, -357.052, -279.079
2.84683, 172.487, -326.971
4.16036, 398.672, 321.622
5.80945, 170.354, -199.088
5.27726, -16.0598, -107.38
7.12415, 179.519, 192.916
2.69832, -152.629, -439.861
2.62083, -159.244, -292.389
4.61923, 60.3577, -225.511
4.36987, 209.933, 128.616
2.93303, -215.856, -185.674
3.05403, 38.4786, -208.097
5.31992, 291.647, -398.52
7.37269, 65.3613, 190.76
3.05066, 21.0179, -202.428
5.99352, 47.3109, 311.997
2.79674, -187.252, -175.879
4.69755, 72.7677, 88.1225
5.24651, 395.235, 512.617
3.45129, 261.824, -338.856
7.36597, 250.586, 159.153
3.19593, -87.657, -175.542
5.48978, 442.564, -403.111
7.12812, -378.913, 387.172
3.91116, 67.7033, 347.121
6.8307, -125.084, -110.304
6.29598, -291.563, -179.962
6.10793, 215.39, -112.118
3.34241, -37.5901, -58.7129
3.32882, 315.199, 586.457
3.39076, -164.18, -112.234
5.87226, 223.166, -198.85
4.83484, -110.928, -293.959
6.85219, -414.075, -397.256
5.76023, -115.072, -271.378
5.80464, 442.67, 375.828
2.58037, -269.484, -198.666
4.30596, -389.627, -404.349
3.72747, 121.152, 47.348
6.93086, -409.042, -332.45
5.23701, 566.488, 331.062
6.57209, -53.0755, -156.486
5.24453, -25.9113, 281.909
4.16156, 129.75, 87.8994
4.40213, 123.998, -215.124
2.52389, 319.143, 379.138
6.95226, -107.679, -161.031
6.16955, -352.231, 407.097
6.04239, 43.1725, 325.845
5.1278, -163.343, 195.784
6.41065, -93.945, -129.082
3.42484, -173.971, -149.643
5.72673, 233.471, -1.32828
3.42178, -245.235, -231.635
3.31214, 367.958, -340.583
2.65594, -269.307, 421.01
7.42716, -127.804, -123.011
4.04559, -98.1298, -199.828
4.11075, -298.982, -175.691
5.51155, 216.771, 141.195
2.89107, -423.259, -272.118
3.93936, 135.439, -80.8715
5.79307, -229.355, -185.391
7.36348, -408.692, -403.272
7.27758, -507.333, -342.4
7.42745, -228.306, -269.649
7.30478, -264.985, -200.654
3.0073, -248.105, 323.916
3.71505, -224.132, -122.957
6.91151, -142.398, -222.953
5.28805, 236.385, -5.90848
6.7669, 447.931, 277.931
7.49145, -399.795, 325.602
3.99751, 310.833, -225.701
6.33157, 395.149, 411.878
4.81901, 295.161, 108.962
6.8168, -307.001, -273.284
6.99018, 94.494, 32.2357
7.377, 109.718, -247.38
2.77405, 238.657, -26.6997
6.32605, 474.221, -372.605
5.09219, -329.618, 368.869
3.46574, 79.226, 80.8426
6.98252, 292.58, -213.241
6.38492, -416.081, 127.451
2.75968, -61.6384, 285.655
7.47331, -326.158, 373.924
5.93659, -281.354, -175.761
5.94854, 395.795, 368.755
6.57666, -317.567, 320.382
7.05426, -276.857, -200.305
3.34218, 56.6406, -230.447
5.24183, -487.238, 404.944
6.53351, -239.97, -230.311
4.17803, 227.559, -246.653
5.53435, -130.359, -320.335
6.59602, -327.337, 206.798
7.3485, -65.1865, -193.69
6.29349, 182.87, -46.7975
3.72113, -143.021, -318.703
5.80589, -500.006, 135.664
4.21574, -727.427, -400.442
7.27146, 70.5791, -265.306
2.60828, 201.095, 553.438
4.54979, -502.056, 452.372
2.55789, 675.527, -420
3.04964, 90.5397, 8.86921
5.28259, -382.762, 97.9857
4.45466, -155.915, -220.358
7.20539, -117.053, -150.784
2.55572, 400.077, -30.1213
6.22897, -217.516, -190.869
3.84293, 261.628, -36.8123
4.27153, -21.7239, -186.209
3.45835, -360.913, 508.539
5.14832, 281.448, 111.002
4.39478, 151.423, -140.65
3.16407, -98.7413, -144.293
4.26563, -214.982, -162.389
4.2497, 483.235, 431.873
7.41084, 202.619, 164.613
5.25961, -24.2069, 47.0193
4.99918, 40.5247, -323.967
3.58531, -434.455, 132.89
4.37311, 227.967, -256.264
6.78251, -732.57, -446.468
6.45578, 487.098, -364.142
3.9204, -290.261, 324.524
5.07645, 228.683, 98.779
6.79238, -106.667, -290.084
7.07844, -91.4105, -216.856
7.48941, 49.0692, 300.281
6.53177, 118.55, -12.2185
5.22718, -59.0934, -269.366
7.3461, -181.525, -192.158
5.31931, -463.15, 62.7576
4.03031, -317.038, 395.822
5.41853, 354.476, 245.385
2.91197, 231.236, -220.502
5.47382, 217.092, -115.343
3.31968, -511.698, -550.004
6.46527, -399.437, -213.149
2.95373, 554.023, 75.0341
6.3072, -222.88, -152.566
6.83996, 20.9742, -207.849
6.40105, 126.585, -34.8365
6.61399, 439.369, 338.732
6.70974, 223.246, -64.8381
4.48328, 72.0381, -181.544
6.508, -41.9442, -51.2265
6.56811, 213.087, -38.7073
5.43493, -318.639, -282.005
4.64621, 58.3628, 90.4321
2.5002, -187.496, -201.93
5.31153, -382.966, 191.494
6.22632, 222.801, -41.9369
3.89846, 100.679, 70.9934
2.93406, -266.856, 282.147
3.5733, 503.438, -436.341
3.93296, -203.269, 221.738
4.86595, -320.054, 364.367
6.95893, 450.384, 463.912
5.91955, 53.9058, -284.463
3.54376, 269.242, -341.775
6.67533, 176.165, -79.9352
7.09218, 451.345, 386.526
4.48244, -390.307, -25.6249
6.37858, 225.424, 176.396
5.68161, -95.7651, -290.966
6.64746, 306.366, 33.189
3.40204, 63.5539, -295.719
7.45927, 221.414, -233.603
6.70558, 24.9629, -117.091
4.65177, 142.809, 83.759
4.38589, 328.307, 409.138
2.70802, 176.329, -245.151
6.80715, -297.978, -212.813
6.62116, 411.573, -414.334
6.25052, 69.4649, 184.418
3.55801, -115.116, 291.693
4.31029, -246.165, -123.381
4.43545, -303.755, -339.388
7.32918, 428.046, 363.691
6.5872, 61.5942, 348.254
4.5755, 164.545, 358.116
5.83759, 238.179, -17.8969
2.52101, 472.102, 242.662
6.98048, -420.246, 79.4014
3.68416, -41.5311, -53.3549
3.79415, 177.978, 20.1327
5.4939, 205.965, -233.646
6.89823, -104.053, -81.3314
6.16299, -296.618, -417.369
6.0773, 386.073, 365.141
3.57724, -441.331, 366.693
6.30413, 463.079, -361.2
3.85351, 178.415, -23.3078
2.75246, 200.274, 106.857
4.78866, 155.363, 69.5056
2.58759, 100.278, -70.7652
3.01129, -159.763, 197.481
2.639, -17.8958, 21.4557
5.65921, -126.765, -145.727
6.34425, -12.6433, -178.527
2.74132, 196.665, -249.087
6.6924, -90.8762, -181.809
6.76899, -224.153, -226.718
6.57649, -430.1, 377.065
6.85188, 303.251, 459.933
5.27222, -202.653, -268.365
6.12646, -136.164, -239.468
3.20424, 166.054, 308.882
6.6115, 171.425, -260.28
5.51185, 319.692, 170.205
4.93856, 234.326, -268.358
6.14942, -89.2857, 259.256
4.05164, 402.443, -384.403
3.93925, -297.396, 181.04
5.45857, -337.075, 373.028
5.34055, 374.396, 346.62
5.41059, -256.611, -176.785
2.84132, -400.852, 350.233
4.34304, 225.817, 67.2115
6.28475, -349.52, -305.377
6.35297, -364.056, -236.157
4.27217, -353.429, -167.799
5.98913, -56.54, 272.61
5.08005, -245.177, -172.524
5.94494, 257.945, 8.91854
6.18066, 88.9236, 328.439
2.56231, -109.961, -181.011
7.16549, 176.231, 78.0854
5.37826, 288.75, 271.473
3.05587, 692.802, 634.135
4.87388, -141.165, -270.457
3.24247, 265.172, -58.6198
4.22594, 291.638, 171.506
7.04476, -396.832, 152.274
4.54571, 22.0824, 412.817
5.96642, -195.263, -282.291
3.35865, 133.005, -149.223
6.21715, 471.79, -476.352
4.16319, -419.139, 386.933
4.62157, 118.358, 41.8934
2.79523, -0.440271, -214.258
5.09005, 215.729, 173.364
5.94425, 171.062, -310.598
5.01149, 23.6737, -214.898
6.56617, -76.2588, -164.21
3.07974, -112.795, -120.214
5.24841, 213.895, -161.404
5.06046, 174.507, 19.2528
6.02649, 425.318, 294.673
5.65083, -105.861, 287.845
4.0207, -130.349, -209.998
6.74719, 122.632, 17.5876
3.39619, 45.666, 66.8749
2.61737, -289.339, 37.3504
4.19467, 175.89, 62.1303
3.43818, 285.957, 215.313
6.60467, 43.4101, -38.2617
6.72507, -81.3085, -287.684
6.78031, 496.717, -432.746
7.37454, -345.119, 383.994
2.99587, 147.675, -264.181
2.56182, 565.131, 494.679
2.58614, 284.68, -100.023
2.64527, 177.224, 118.045
4.1031, 111.321, 61.0392
6.17815, 267.795, 5.41176
3.14876, 227.165, -26.8698
2.5161, -285.629, 228.707
6.91905, -1.32035, -173.933
3.70482, 191.509, -209.269
4.38481, -406.905, 384.865
4.44879, 121.162, 68.9413
2.81534, 26.8195, -27.0534
7.30792, 82.8894, 181.617
3.75349, 290.021, -240.57
6.85376, -202.161, -280.772
2.85991, -492.478, 396.364
2.70653, -413.601, 657.692
3.46378, 211.506, -233.498
3.86708, -136.796, 236.107
7.4007, -385.938, -323.992
3.60607, 158.307, -212.083
6.43119, -346.402, 372.488
4.42306, 115.996, -61.0983
3.78593, 320.384, -352.22
3.91087, -416.436, 149.069
7.33834, 156.406, 10.2295
4.22841, 230.686, 36.8284
3.45922, -299.745, 328.851
5.05037, -340.569, -208.575
5.21857, -168.683, 565.528
5.72333, -174.942, -377.324
3.89738, -213.409, 520.095
3.41887, -48.7687, -201.589
2.71579, -345.064, 171.801
3.98408, -241.531, -191.173
4.25548, -44.0997, -33.396
7.09372, -321.407, 431.624
5.81225, 180.045, -132.394
5.08041, 346.574, 332.739
4.03763, 126.893, -52.1013
3.0007, -44.8365, -34.5805
3.47502, 331.442, -169.886
4.11407, -81.1025, -130.745
5.56182, 174.993, 5.04396
5.13511, 381.6, -280.62
3.45653, -64.7731, -82.243
4.7178, -327.822, -403.143
4.48693, -380.933, 331.683
6.28051, -259.231, 308.581
6.6213, 347.198, 281.032
5.51573, 212.361, 87.6221
3.04573, 114.159, -151.065
4.11797, 169.284, 76.3368
5.03403, 282.935, -82.9791
4.76521, -253.014, 328.286
4.77315, 22.8383, -135.155
4.91125, 434.337, 480.258
5.07896, 215.989, -309.505
4.50207, -7.58104, 248.438
4.22945, 387.953, 395.866
6.64533, 161.303, 40.7818
3.02204, -474.987, 73.7346
6.40057, 218.188, 76.9506
3.19919, -71.9763, -250.069
2.62171, -448.412, -373.897
6.0664, 165.665, -202.639
7.15538, -48.7276, -175.67
7.47667, 243.035, -14.1783
3.86264, -405.106, 103.655
3.6923, -168.311, -182.617
3.87328, 281.728, 617.103
5.70836, -239.273, -180.372
5.17637, 199.211, 40.5807
6.8967, 356.019, -277.172
6.75968, -338.252, -336.965
2.98004, 171.529, 2.23428
4.66818, -435.73, 162.375
3.17045, -33.6665, -143.712
5.86802, -87.9701, -43.6899
5.34964, -163.848, -196.123
3.66474, -199.393, 659.382
5.50306, 223.311, -194.822
2.6551, -130.299, -247.751
7.08512, 207.152, -169.721
3.82958, 101.413, 117.496
6.50016, -187.75, -180.674
5.46389, -80.287, -180.376
5.0822, 300.444, -26.2237
5.2567, 239.519, 56.2816
3.47225, 294.361, 403.246
5.36152, -75.3167, -57.1768
3.81992, 198.754, 6.52714
4.41648, -478.172, 516.854
2.73626, -271.841, -124.805
4.22823, 239.096, -237.133
3.61594, 163.949, -253.942
3.81264, -238.507, -101.452
3.05141, 2.09189, -198.169
7.40088, -223.773, -231.953
5.93794, 376.239, 346.677
5.82158, -340.844, -201.565
5.99501, -322.158, -321.628
2.68746, -279.669, -295.852
3.6706, -149.446, -51.7374
3.95397, 416.627, 360.366
3.50543, -4.35155, -109.275
2.7177, 169.682, -17.5206
2.56571, -355.797, 268.363
6.07297, -374.358, 445.464
6.88348, -267.115, -203.052
5.35088, -351.842, 232.437
6.92743, 647.204, 631.765
5.20042, -260.806, -226.176
3.31357, 454.429, -445.673
3.30492, 451.43, 396.548
7.19182, 251.396, 39.1309
3.45628, 36.4985, -179.446
3.15761, 308.291, -384.638
4.41122, -9.87917, -201.475
6.12674, 218.58, 21.6328
2.50651, 486.782, 391.556
4.60222, -302.207, 321.87
5.18984, 210.903, 140.351
4.86596, -107.84, 138.098
6.33003, 395.902, 179.869
2.9396, 129.96, -330.025
7.04284, 134.067, -32.7539
3.20818, -358.363, -741.518
2.54782, 267.947, -32.082
2.82267, 232.288, -41.6275
4.96742, 222.769, -42.3395
5.40914, 411.665, 277.631
4.03373, -358.431, 405.647
4.57091, 185.398, 75.3062
4.33401, -232.122, -248.695
3.42687, 55.7441, 297.183
2.76788, 277.826, 26.8272
4.47222, 140.016, 66.3285
3.98388, -32.4431, -55.3014
5.05388, -458.85, 233.119
3.75392, -339.319, 237.57
5.01589, 421.789, 482.515
2.51168, 63.632, 355.194
7.01807, 477.512, -445.755
2.79181, -363.593, -494.574
5.17506, -251.779, 277.097
3.95754, -500.544, 365.348
7.3023, -303.412, -253.021
4.73406, 294.754, 197.599
5.08479, 148.113, 7.67356
5.93861, 12.3135, -237.978
2.72187, -91.6746, -108.043
7.2946, -486.019, 481.822
5.70852, 248.032, 115.271
2.80215, 200.593, -200.221
3.33964, 160.107, 43.9232
5.76491, 162.941, 108.97
6.19864, -392.183, -108.792
3.57011, 307.024, 277.467
4.31441, 184.149, -36.7327
6.56981, -253.808, 325.452
5.32057, 313.83, -212.269
7.45886, -7.04369, -181.368
6.5669, -378.287, 141.511
3.49157, -291.121, 136.059
2.50003, 177.601, -168.359
4.62608, 491.713, -423.039
4.07406, 114.288, 69.3806
5.56218, 463.643, -327.791
3.83351, -68.8164, -217.86
4.39881, -117.032, -260.225
5.43397, 98.9374, 31.5358
5.95636, -316.613, -200.15
7.26736, -79.0287, -181.892
4.89785, -282.853, -125.803
3.60319, -250.686, -116.343
5.33741, -291.139, -465.089
6.09873, 143.189, 23.7738
4.4953, -311.291, 396.256
3.48326, -245.961, 324.682
6.66971, -429.473, -132.831
5.59561, -565.793, -164.797
7.26866, -11.2329, -39.3366
3.23222, -2.76796, -109.234
5.38953, -28.0439, -186.751
7.26796, -392.874, 394.81
3.62331, 649.966, -424.712
7.25137, -293.226, 273.159
3.07874, 166.2, -48.0407
2.58372, 214.439, 104.65
3.90465, -136.987, -217.519
7.15042, 75.2013, 72.997
3.04796, 424.007, 480.947
6.77266, 89.6353, 220.517
5.68532, -405.387, -95.4559
5.63853, 203.054, -231.509
3.80589, 363.84, 257.031
5.13936, -405.715, 107.672
7.16608, -114.216, 236.831
3.98055, 191.401, 39.2405
4.78006, 142.75, -155.685
6.35659, -226.045, -612.693
4.17193, 190.011, -217.123
6.31775, -37.5512, -118.82
6.65892, 170.536, 294.164
2.64618, -425.119, 466.641
4.31315, 201.898, 30.5336
4.16221, 321.568, -141.459
3.17675, -211.115, -203.126
3.00839, -191.126, 535.576
5.11327, -273.311, 258.824
3.52046, -170.408, -224.204
5.00728, -336.616, -142.17
5.1371, 147.218, 290.255
4.13422, 233.037, -317.364
4.75888, 65.3434, -258.132
6.85263, 1.65789, 319.837
4.72884, 409.04, 224.657
6.03726, -534.437, -129.979
6.83171, 499.392, -435.172
6.5822, 109.351, 52.7132
2.67504, 701.948, 458.821
3.8644, -180.251, -222.25
5.21858, -80.7708, -179.767
3.19942, -206.206, -91.7753
5.57408, -297.854, -131.619
3.29182, -389.413, -410.534
4.41129, 267.044, 51.2392
5.94997, -34.736, -32.9948
3.21128, -386.432, 339.739
5.65284, -343.102, 403.86
3.15973, 39.4636, 253.085
7.13583, -421.232, 82.5967
5.53465, -343.497, 378.154
5.50388, -360.468, 135.444
3.33635, 75.8377, -248.876
3.301, -360.856, -740.788
5.91628, 111.559, 56.3564
5.1456, -192.225, -303.016
3.65264, 16.517, 269.792
6.55373, -354.955, -272.081
5.76477, -88.5416, -165.085
4.08597, -300.931, -366.083
2.53953, -178.931, -74.0963
3.49176, 200.211, 351.563
3.78831, 328.781, 17.382
3.03825, 139.072, 33.5407
3.49545, 132.957, 26.5436
6.75079, 656.481, -324.079
6.63912, -397.799, 91.4909
6.76813, -300.014, -356.131
5.71027, -50.6758, 366.181
3.6787, 514.125, -322.973
6.80638, -244.807, -224.786
5.4745, -85.3718, 4.66407
2.52745, 133.583, 84.188
6.84925, -361.967, -345.117
7.37729, 225.678, -41.7812
5.59653, 261.018, 131.2
3.85574, -322.492, 199.6
7.46973, -28.5403, -183.376
4.60751, -209.536, -530.159
4.20537, -374.911, -236.328
4.80717, 124.682, 33.2088
4.44822, 135.199, -60.3333
4.613, 184.12, 443.784
2.84879, 165.385, 7.99271
5.5153, -9.68479, -102.06
7.36114, 9.7856, -72.428
5.07406, -265.047, -187.624
7.45461, 84.7129, 65.7206
5.84906, 145.069, 218.609
4.01716, -118.467, -260.606
3.47371, 389.305, 366.769
4.0109, -414.293, -93.3
4.93946, -292.532, 235.207
4.72438, 452.642, 271.864
5.7844, 143.557, -221.106
3.74227, -388.839, -403.619
4.72007, 266.373, 274.836
5.75894, -227.721, -276.312
6.67472, -390.303, 137.258
6.03698, 52.1163, 303.25
4.93928, 29.3827, -167.301
6.72039, 282.758, -1.12184
7.00296, -211.095, -191.9
6.33082, -305.793, -142.469
5.29453, 332.299, 295.21
2.70603, 249.61, 36.5869
5.46749, 181.973, -29.7572
2.68674, -333.747, 364.277
4.53488, 211.049, -77.0042
2.84243, -291.102, -153.727
7.38558, -292.268, -119.81
2.5956, -204.876, -203.877
6.60363, -276.656, -216.732
5.2195, -516.193, 387.656
5.72828, 384.247, -191.906
3.62934, -25.255, -225.903
2.733, 558.323, -584.941
3.63154, 104.221, -218.946
4.58371, -389.677, 327.301
6.40126, 207.407, -276.866
3.72852, -324.297, 210.427
4.81411, 90.7544, 44.5218
6.14756, 71.9374, 43.0512
5.35237, -471.681, 296.925
5.45997, 436.598, 453.789
4.98425, -328.999, 129.003
3.951, 299.461, 82.3237
4.71107, -11.1704, -174.807
2.53669, 526.544, -476.841
7.41683, 167.876, -177.321
2.52822, -251.133, -290.31
4.8676, 177.425, 117.822
5.86497, -214.506, -191.124
