6.27803, -3288.43, 1949
3.5948, -61.8789, 1232.17
5.89648, 219.623, -76.813
5.09708, 471.242, 136.047
2.76731, 6323.74, -6466.77
2.53849, -2241.54, 2642.46
4.58743, 8861.03, 5255.61
7.15218, 295.027, 4.3538
2.95982, 368.973, -285.31
6.00595, 143.45, -170.475
3.81226, 325.184, -69.5066
4.14117, 264.57, -77.7311
7.45519, 783.808, -729.528
7.41275, 206.483, -152.819
5.75759, -469.81, -307.37
6.92354, 133.548, 112.905
6.33247, 91.0658, -45.2964
3.87453, -2483.48, -904.32
4.93259, -1395.35, -1095.74
2.80282, -8038.36, 2030.13
5.08146, 8.88414, 56.4324
4.96988, -5620.17, 2096.33
7.23882, 442.244, 144.49
4.42071, 261.878, -37.1564
5.14874, -4243.68, 1110.34
2.75042, -319.333, 5627.83
6.63909, 291.717, -41.4174
5.94228, 772.552, -174.634
6.18112, 749.75, 74.4364
6.94286, -4172.36, -3632.43
4.25508, -342.382, 358.782
6.72991, 274.52, 301.923
3.84659, 843.355, -276.122
4.83959, -242.983, 666.771
3.2686, 109.506, 76.9296
2.66527, 820.489, -505.569
7.2768, -1422.23, -997.882
6.95369, 195.502, 20.9855
3.29884, -295.269, 417.649
3.15214, 1748.88, -949.168
2.515, 3336.96, -596.367
6.0491, -104.792, -64.7855
3.40448, 580.458, 38.2767
5.76029, -1008.19, 273.39
4.42907, -95.9647, 156.068
3.23766, 1377.28, 1478.39
5.45054, 871.23, 353.268
3.24076, 3015.33, -1426.68
3.2091, -2487.43, -1433.6
4.94257, -314.538, -193.529
3.13015, 333.146, -609.976
5.64635, 1075.98, 201.488
5.60817, 378.506, -92.7005
4.88216, 3838.33, -5293.85
2.64188, -567.239, -161.337
3.21011, 4610.97, -673.221
3.15594, 512.889, 18.4905
3.31099, 1611.42, -2444.35
3.76529, -319.227, 170.113
4.77654, -5344.3, 2591.9
6.54472, -121.899, -1030.68
3.57624, 200.344, 107.496
3.75063, 207.617, 0.658462
5.02978, -1205.79, -2147.04
6.27922, 232.205, -7.15041
5.66369, -1832.74, -3709.45
5.9449, -2353.31, -1736.14
7.27207, 242.059, -488.169
5.18713, 5524.89, -2800.17
4.57014, 124.042, -2392.6
4.70019, -401.54, -510.037
6.07821, -1925.85, -1850.68
6.20858, -2799.46, -2097.44
5.12494, -3611, 2894.27
6.06711, 250.381, -96.687
5.91025, 399.922, 116.131
6.82941, 2178.68, -1741.36
3.19597, 490.835, 1779.3
3.57766, 201.025, 162.297
5.0733, 1310.03, 2317.78
4.83766, 255.036, 56.5557
3.55759, 4113.36, -4175.44
5.65244, -255.948, 428.378
2.5044, 3249.12, -4676.05
4.09589, -831.78, -2877.53
5.90281, 196.586, 23.7568
6.0446, 149.654, -220.088
2.90869, 285.676, 77.5498
3.56926, -304.632, -514.828
4.44412, 167.372, -224.193
4.44927, -4170.49, -1412.47
3.92018, 68.7129, 656.589
4.6123, 176.39, -179.78
2.55658, -2352.83, -150.25
3.72027, -5742.95, 3038.31
4.49072, -2223.66, -3766.66
6.64177, 741.853, 231.145
3.78584, 616.968, -445.745
3.59705, -1234.06, 582.819
6.47385, 229.04, -18.9394
5.8476, 1379.89, -390.298
5.49108, 431.519, 843.073
5.99917, 2741.93, 1805.44
5.13062, 222.424, 105.671
4.14833, 157.169, -163.211
3.30844, 6348.1, 1107.42
6.56633, 301.901, -164.206
4.08004, 81.889, -684.339
4.05369, 775.409, 380.31
4.65424, 221.173, 42.1928
4.46509, 525.779, 200.278
4.43916, 321.448, -338.946
4.34871, 186.617, -155.037
5.88118, 299.149, 138.876
6.10384, 338.481, -411.183
7.20082, -2437.16, 988.435
5.08573, 50.2774, 44.0282
5.5282, -488.635, -206.322
5.85049, 1636.84, -2462.37
5.11404, 269.582, -138.506
3.87105, 410.212, 199.826
7.08924, 112.272, -7.57742
3.73367, 468.423, 42.468
4.77876, 507.917, -311.059
3.30374, 375.214, 43.5004
4.68319, 72.9962, -115.215
7.45767, 846.661, -329.225
6.26931, 4121.98, -4013.35
4.97846, 71.5826, -838.369
7.01651, 203.853, -71.1678
4.68213, -336.21, 196.389
5.09239, 2223.4, -1755.87
4.44866, -1910.73, -3112.46
5.63431, 43.0013, -1.34934
5.19331, 185.31, -79.3461
4.35955, 119.26, 1132.88
2.54674, -149.825, -798.103
6.3794, 319.231, -60.1396
2.85317, -495.181, -588.086
3.98511, 521.289, 85.3586
4.78581, 137.764, 1580.51
3.25156, 611.893, 203.12
5.97819, 108.579, -585.151
4.15587, -505.148, -578.507
5.21197, -3539.01, 6283.06
2.64678, -3463.7, -2233.01
5.38086, 247.879, -124.138
5.18133, -15.9128, -53.1306
7.36678, 668.968, 259.859
5.57063, 208.106, 16.0347
5.26431, 2745.31, -4736.42
6.69051, 1221.8, -192.183
3.75764, 446.238, -1151.11
6.98957, 119.309, -82.6235
5.97428, 180.667, 139.883
5.82752, -485.855, 2417.88
3.06838, 550.314, -695.592
3.37987, -1678.73, -751.852
2.91253, -1782.16, 2882.36
6.68103, 498.944, 112.11
2.64818, 646.906, 3821.83
6.34719, 322.934, -58.0131
4.29829, 229.631, -3685.95
6.24626, -918.892, -329.034
6.28385, 321.186, -100.21
3.60834, 2512.93, -1396.5
5.58305, -341.76, 235.299
3.66846, 582.363, 295.658
6.22052, -29.5431, -3649.21
5.80997, -281.387, -807.966
4.9209, -3473.88, 6287.94
2.58972, 763.467, 388.694
4.98291, 4.90127, 392.2
5.09587, 257.055, 35.0528
4.71395, 698.343, 3383
4.14528, -2451.65, 1518.45
3.52671, 180.406, -43.2681
7.19863, -1.35363, 1155.85
2.85168, 1155.03, 3077.67
3.30042, 424.181, -1197.13
6.70788, 59.2315, 111.623
4.13614, -16.5399, -53.7036
6.85942, 18.4956, -40.2097
5.99896, 460.85, -8.50128
5.52801, 628.947, -37.5678
4.77536, 695.905, -241.246
2.91543, -162.482, 904.279
3.94883, -3478.74, -894.198
6.51009, -41.9812, 28.4616
6.81821, 217.845, -1268.99
3.81831, -4804.97, 377.289
4.79881, 738.449, 307.938
4.95672, 205.501, -23.572
5.82344, 1598.41, -2447.08
7.31738, 244.784, -124.999
7.23022, 272.755, 68.5852
2.81902, 1661.63, 58.4598
5.04829, -731.854, -612.351
6.13222, 335.833, -267.066
5.65882, 168.122, 71.1192
3.26658, -346.439, -507.072
5.09652, 697.336, 3383.83
3.52281, 6074.56, -1912.77
6.03231, 123.414, 134.366
6.05786, -1287.3, 6472.99
3.66304, 250.786, 439.4
6.80594, 118.686, -155.746
2.67122, 186.237, 202.973
6.26587, 917.905, -114.498
4.14789, 354.428, 825.415
4.65309, 5478.6, -1416.99
7.33455, 99.0975, -315.775
4.05803, -1805.83, -1754.59
5.69762, -6323.5, -72.4094
5.95386, 306.576, -158.678
5.36403, -485.459, 348.337
6.60667, -3561.77, 6280.08
4.21807, -3834.94, 1483.47
5.09387, -157.546, -140.068
6.78438, 202.83, 942.524
6.18587, 115.364, 808.659
3.45992, 1594.51, -732.458
2.83145, 297.657, 3.69237
3.60828, -4544.6, 2872.88
3.33656, 254.425, -233.931
6.31172, 140.128, -126.368
5.44905, 1681.84, -2251.26
4.65223, -6625.43, -468.187
7.09618, 1660, -15.5837
5.09668, -1005.76, -1533.38
7.38058, -571.389, 67.5104
5.15714, -45.8674, -107.844
2.98716, -1165.64, 663.869
5.83983, -642.569, -609.257
5.44444, -597.515, 2868.17
5.01137, 318.847, 152.999
2.75808, 460.139, 1433.38
2.6753, -198.237, 324.759
4.41484, 162.727, 565.867
5.55555, -2808.74, -3121.79
5.06574, -6625.17, -462.624
5.98498, 185.914, 25.9861
4.89891, 304.72, -249.824
3.88323, -6789.3, 41.4291
6.01685, -304.983, 3114.07
3.67701, 194.745, -185.388
6.41501, 261.387, -51.3316
6.60589, 578.534, 447.282
3.21842, 4223.73, 3639.9
5.75757, -398.356, -335.078
3.87677, -1366.71, -1826.23
7.26215, 3076.72, -1203.82
4.58238, 479.699, 303.068
3.03869, 211.426, -391.089
4.70633, 350.276, -347.692
6.28811, 116.525, -563.225
2.77803, 86.9704, -44.0834
3.51241, 167.117, -81.4198
6.82305, 314.361, -269.922
6.52456, 407.821, 162.527
2.78861, 680.158, 2007.08
4.40304, 158.015, 125.404
4.56124, 25.238, -1.05347
2.80071, -1316.01, -561.158
7.09746, -1182.69, -1026.66
3.35398, 159.048, -14.801
6.51634, 235.208, -512.287
3.88599, 2751.87, -745.643
4.44586, 134.822, -78.135
7.19936, -2066.22, 1130.78
6.24573, 106.955, 3163.68
3.44774, 4577.17, -4652.6
6.89581, 252.72, 17.0275
6.8953, 249.446, -23.8196
3.30515, 197.228, -1724.15
5.87346, 365.319, 248.957
6.89096, 172.35, -48.8309
6.98262, -770.328, 4187.44
3.06535, 248.467, 39.3039
5.93789, -1845.25, -1417.13
3.21651, 144.816, -613.988
3.6901, -882.896, 296.3
5.64383, 3248.1, -2223.88
4.312, 144.861, -11.9026
4.64437, -2050.97, -1889.28
4.91936, 1737.01, -2041.98
6.20379, 84.7184, 1790.13
3.23098, 322.255, -356.805
7.36238, 122.423, -101.296
7.3158, 373.307, -63.4071
3.14741, 2877.74, -1791.79
5.3784, 216.614, 174.762
4.66439, 156.924, -803.279
5.50066, 452.64, 27.4459
5.85098, 257.772, 448.87
4.5137, -3401.34, -1165.98
6.46691, -1935.7, -1668.32
4.89889, -4009, 1974.56
5.72449, -8.92966, 381.338
4.28836, 6357.78, -995.326
5.96794, 105.894, -923.957
5.83428, 1024.46, 538.509
3.22071, 64.5997, 15.9996
7.10415, 168.273, -4.55372
4.22228, 1242.03, 4325.61
6.66824, 113.606, -188.583
2.74349, 172.916, -1022.22
3.27936, 1450.79, -2398.4
2.55765, 593.332, -362.368
3.94327, 244.95, -106.618
5.07295, 107.884, 280.029
3.65948, 1242.17, -3891.26
2.75022, 598.636, -331.224
5.33091, 572.158, 148.156
6.69774, 628.221, -226.023
4.28763, 574.016, 27.4494
4.3452, 191.185, -972.904
7.22226, 220.259, -39.7435
4.72425, -1414.18, 17.2046
6.82086, 204.71, -196.143
5.82654, 264.683, 64.3973
5.79297, 376.975, 250.203
7.10736, 2890.77, -2114.81
5.11536, -3615.7, 2898.28
5.45229, -51.5975, 868.267
5.79944, -231.794, -2947.75
4.24765, -1723.37, 1147.09
4.11714, 462.777, 405.571
7.08984, 232.662, 830.247
3.08619, -5332.36, 2064.95
7.31268, -430.223, 333.647
5.17978, 248.922, -139.86
5.81447, 1816.57, 1012.32
5.48362, -5525.81, 2634.68
6.93363, 75.6131, -1156.17
6.67999, 227.117, -60.0538
6.69339, 160.033, -71.9423
6.85642, -347.668, -347.324
2.5002, -433.661, 2463.99
4.77274, -1109.98, -3341.85
4.25696, 1676.58, 133.538
5.80713, 5581.69, -4268.67
6.22234, -170.279, 259.59
3.3821, -1079.69, -4795.57
7.4621, -1325.12, 1541.58
5.95466, 455.58, -164.573
6.97862, -481.864, 52.7656
3.51579, -1362.62, -515.723
7.2356, 769.703, 498.161
4.88476, -5090.15, 2767.43
6.78578, -4545.04, 2871.08
6.41237, -194.807, 1.16308
5.70687, -3482.29, 3386.01
3.14521, 424.217, -123.723
5.77944, 153.908, -572.742
3.09199, 307.035, 30.7278
3.88793, 2931.08, 811.391
6.65548, 99.867, 2727.33
6.14153, 4277.7, 5508.34
6.74348, 4772.03, -3569.48
3.43989, -447.039, 339.452
6.09602, 81.7403, -23.6274
4.25586, -3.99811, -646.734
3.34555, 345.643, 209.024
4.52383, -5117.45, 587.365
4.20924, 258.692, 108.287
6.67141, -235.366, 190.108
3.9111, -3941.36, -6389.94
5.16766, 4047.87, 2331.69
6.25085, 1204.92, -2147.29
4.62554, 549.261, 286.4
4.66964, 884.086, 151.526
3.03022, -3767.84, -2728.63
6.4639, 242.689, 203.042
3.91232, 457.539, -39.6552
7.14264, 4234.21, 6547.34
5.37926, 415.205, 164.834
3.4895, -417.993, -250.934
5.99081, 206.882, -1.73476
3.07265, 833.663, -35.4239
4.22945, 25.3614, -834.52
4.15646, 90.1232, -212.463
6.42735, -5570.12, 2680.01
6.65775, 133.013, -202.831
4.21712, 107.263, -78.6772
4.2603, -712.448, -86.0654
6.38197, -17.6482, 7.4901
6.58658, 252.478, -335.822
4.26157, -233.807, -565.898
7.09559, 252.431, 97.3724
3.2877, 572.937, -35.5576
5.56029, -98.2593, -129.3
5.54222, 200.557, -173.218
3.16647, 3136.49, 3211.79
3.51409, 4016.06, 5471.26
4.79457, 200.782, -177.087
3.48759, -365.636, 1580.87
6.77118, 450.295, 339.394
6.54562, 1084.17, 952.77
2.80131, 2696.08, -1800.08
6.50584, 1708.35, -5013.81
5.49597, 414.166, 2.39059
7.43182, 4.1923, -74.3199
2.65919, -463.491, -62.4373
6.8356, -3397.24, 4069.25
3.69109, -1956.23, -719.986
3.6127, 2108.82, 904.837
4.73907, 7000.19, 3265.2
2.61231, -229.16, -22.0322
6.79755, 132.397, -66.9307
4.15902, 482.918, -4190.59
5.72195, 819.989, -449.477
7.43521, 74.6007, -18.4804
5.30162, 232.169, -13.6349
4.74553, 211.988, -161.911
5.213, 75.7844, -367.21
2.90797, -2407.23, 840.776
3.99606, 1589.55, 3017.34
6.63964, -3820.21, -704.333
6.48936, -4386.87, 1886.9
5.71048, 468.66, -197.835
4.84105, 85.5729, 128.494
7.15326, 584.941, 2012.06
5.08798, 308.653, -778.85
7.42924, -4540.41, 2820.77
5.94567, -289.441, -213.955
6.19966, 184.529, 112.092
3.46323, 1225.65, 1507.41
6.08881, 3021.88, -1741.68
6.11146, 932.477, -489.373
6.49298, 225.008, -130.773
4.23216, -5171.47, 337.953
5.1481, -2148.75, -1182.74
3.19001, 1241.43, -275.009
6.73218, 119.543, -212.277
6.32766, -374.288, -536.549
7.5, -5527.25, 2642.34
4.24891, -7930.58, -2573.92
5.50367, -560.173, -131.867
3.50808, -486.956, 3454.97
6.2385, -3609.1, 573.231
6.49225, 940.058, -250.318
3.03505, -878.799, -321.432
5.35813, 245.137, 77.926
2.84683, -5165.14, 1718.26
4.16036, 350.584, 761.38
5.80945, 186.481, 139.884
5.27726, 424.181, 3955.65
7.12415, 413.656, 578.443
2.69832, 331.409, 2802.13
2.62083, 770.377, 1012.43
4.61923, 255.162, -191.606
4.36987, -923.395, 401.569
2.93303, 3659.28, 3609.73
3.05403, 201.322, -54.8111
5.31992, -5005.37, 154.968
7.37269, 231.544, -34.3539
3.05066, 136.741, -3825.78
5.99352, -3087.09, -3397.75
2.79674, 39.9231, 542.891
4.69755, 671.129, -560.665
5.24651, 1196.07, 548.331
3.45129, -22.7592, 171.176
7.36597, 333.961, -24.4928
3.19593, 245.202, -184.859
5.48978, -3089.49, 274.823
7.12812, 299.654, 570.508
3.91116, -1524.03, 348.601
6.8307, 508.671, -413.315
6.29598, 868.572, -1294.3
6.10793, 248.734, -100.534
3.34241, 282.426, 26.9731
3.32882, 1375.7, -2580.6
3.39076, 302.684, -117.043
5.87226, 145.721, 93.5079
4.83484, -338.022, 619.769
6.85219, 56.1261, 10.9121
5.76023, -590.738, 285.548
5.80464, 1807.66, 1013.19
2.58037, 123.698, 186.576
4.30596, 5921.34, 3340.51
3.72747, 128.489, 962.584
6.93086, 90.2039, 72.3332
5.23701, -7523.18, 137.22
6.57209, -530.304, -332.901
5.24453, 255.851, -58.3735
4.16156, 863.885, -342.517
4.40213, -1826, -3281.81
2.52389, 2052.77, 410.701
6.95226, 203.162, 43.2899
6.16955, 881.99, 260.211
6.04239, -253.035, 211.056
5.1278, 1972.05, -2834.57
6.41065, 157.628, 240.163
3.42484, 349.806, 54.7914
5.72673, 229.752, -35.5772
3.42178, 1.16516, -134.99
3.31214, -1066.22, 693.997
2.65594, 1246.22, 1473.42
7.42716, 58.5781, 21.3512
4.04559, 556.872, 153.361
4.11075, -178.024, -5.28734
5.51155, 270.115, -40.0368
2.89107, 5733.57, -1038.84
3.93936, -579.449, -40.7851
5.79307, -93.7659, 528.175
7.36348, -93.8616, -64.7071
7.27758, 4101.9, 1642.25
7.42745, 420.974, -179.282
7.30478, 200.086, -44.7168
3.0073, 944.978, 140.501
3.71505, 133.811, -39.16
6.91151, 761.974, 58.5642
5.28805, 375.184, -7.57766
6.7669, 45.0088, 19.5887
7.49145, 94.8641, -88.7142
3.99751, -4843.28, 1941.26
6.33157, -8730.33, -2837.47
4.81901, 912.475, -1206.57
6.8168, -138.989, -89.0325
6.99018, 129.797, 24.209
7.377, 799.77, -25.0582
2.77405, 651.224, -240.664
6.32605, -190.72, -426.415
5.09219, 1571.64, -2469.17
3.46574, -612.877, 175.86
6.98252, 90.4824, -28.5601
6.38492, 214.087, -3.61318
2.75968, 794.372, -1609.13
7.47331, 1608.72, -2551.38
5.93659, 235.223, -0.859311
5.94854, 1784.96, 986.851
6.57666, 3003.77, -1437.94
7.05426, -135.93, -20.1892
3.34218, 2658.51, 5154.95
5.24183, 2914.76, -2185.35
6.53351, 107.286, 56.9578
4.17803, 388.331, -78.5683
5.53435, 16.9115, 561.919
6.59602, 1700.05, -2286.59
7.3485, 194.684, 162.091
6.29349, 649.677, 471.261
3.72113, 61.5283, -1151.47
5.80589, 556.824, -125.326
4.21574, 185.452, -103.597
7.27146, 266.932, 95.8998
2.60828, 3076.23, -3341.39
4.54979, 200.706, -58.1283
2.55789, -4278.62, 3921.85
3.04964, 328.553, 1611.33
5.28259, 332.272, -253.868
4.45466, 177.231, 16.8381
7.20539, 216.342, -184.223
2.55572, -262.828, -31.2976
6.22897, 1090.22, -2591.37
3.84293, 80.1801, -252.584
4.27153, 122.302, 18.189
3.45835, 6361.28, -6503.56
5.14832, 515.737, 251.326
4.39478, -946.62, -5438.03
3.16407, 279.023, 103.151
4.26563, 89.6649, -147.237
4.2497, -5130.41, 2652.82
7.41084, -2368.35, -1766.53
5.25961, 394.018, 21.4813
4.99918, -1991.53, -563.892
3.58531, 1493.87, -2203.79
4.37311, -269.318, -839.579
6.78251, 3324.6, 2992.47
6.45578, -3121.43, 6342.68
3.9204, 2941.54, -3728.01
5.07645, -155.162, 30.6557
6.79238, 437.274, -25.0333
7.07844, 167.926, -10.5773
7.48941, -1947.27, -1638.18
6.53177, 227.542, -234.498
5.22718, 229.78, -579.62
7.3461, 848.51, 330.946
5.31931, 1181.59, 397.764
4.03031, -196.066, -521.731
5.41853, 150.875, 90.4771
2.91197, 158.634, -418.064
5.47382, 327.441, 269.667
3.31968, 2886.71, 5624.85
6.46527, 399.348, 101.33
2.95373, -418.674, 1631.32
6.3072, 74.0219, -743.562
6.83996, 121.083, 48.8811
6.40105, 229.684, 55.3044
6.61399, -1925.69, -289.416
6.70974, 220.416, 0.128943
4.48328, 367.829, 547.678
6.508, 208.212, -184.268
6.56811, 366.3, 116.311
5.43493, 454.652, 1046.91
4.64621, 179.558, 680.484
2.5002, -1217.95, 445.768
5.31153, 117.342, -82.5245
6.22632, -624.508, 645.98
3.89846, 3433.88, 2062.31
2.93406, -850.366, -4873.37
3.5733, 857.564, 1048.71
3.93296, 784.618, 4.64203
4.86595, -34.8717, -96.6251
6.95893, -1916.54, -1652.19
5.91955, -520.458, 274.478
3.54376, -246.944, -143.504
6.67533, 315.432, 53.5634
7.09218, 236.787, -612.497
4.48244, 478.567, 305.866
6.37858, 1735.75, 99.9859
5.68161, 712.699, 218.341
6.64746, -254.1, -189.237
3.40204, 1710.54, 472.369
7.45927, 247.168, -108.67
6.70558, 118.191, -74.0534
4.65177, 387.846, -716.135
4.38589, 167.636, -63.0192
2.70802, 512.107, -586.185
6.80715, -685.886, -1062.54
6.62116, -4475.11, 2685.75
6.25052, 1803.72, 1246.23
3.55801, 106.01, 150.562
4.31029, -422.331, -311.234
4.43545, -261.854, -305.249
7.32918, -3264.28, -2045.46
6.5872, 486.971, 67.5499
4.5755, 2027.37, -311.02
5.83759, -246.496, 582.727
2.52101, -4355.31, 4577.78
6.98048, 274.918, 29.5717
3.68416, -278.36, 1066.42
3.79415, 266.684, 48.5567
5.4939, 1204.75, 160.842
6.89823, 563.045, -114.698
6.16299, 145.21, -264.092
6.0773, 746.017, -296.56
3.57724, 6371.13, -284.553
6.30413, -4332.35, 3413.62
3.85351, -124.896, -408.453
2.75246, 354.81, 36.6291
4.78866, -1873.48, 496.957
2.58759, 50.836, 237.848
3.01129, 6507.96, -4137.37
2.639, 3092.48, -1860.42
5.65921, 132.22, 201.613
6.34425, 210.769, -114.277
2.74132, 466.921, -34.2245
6.6924, 357.263, 629.312
6.76899, 294.179, -90.5957
6.57649, -238.705, 737.224
6.85188, 458.205, -4565.37
5.27222, 944.064, -282.511
6.12646, 56.6829, 600.394
3.20424, -4709.52, 4018.9
6.6115, 143.99, 3.87173
5.51185, -2806.84, -3118.71
4.93856, 215.391, -627.973
6.14942, 466.292, 259.467
4.05164, -1795.46, 1178.5
3.93925, 198.151, -484.081
5.45857, 2229.45, -2777.49
5.34055, -3238.76, 1735
5.41059, 2716.02, 2209.98
2.84132, -471.494, 312.198
4.34304, -1684.69, -519.808
6.28475, -428.639, 141.561
6.35297, 620.101, 3099.55
4.27217, 333.482, 488.137
5.98913, 411.502, -67.1376
5.08005, 1789.25, 1169.28
5.94494, 708.151, 236.851
6.18066, -1719.13, -1316.78
2.56231, -2889.18, -1776.92
7.16549, 153.182, 46.4603
5.37826, -156.08, -283.814
3.05587, 994.155, 243.067
4.87388, -17.189, -252.764
3.24247, 1839.28, -960.443
4.22594, -9137.39, -2034.11
7.04476, 204.671, -175.25
4.54571, 2908.36, -1419.32
5.96642, 211.214, 31.5856
3.35865, 278.457, 23.9624
6.21715, -4971.38, 1730.39
4.16319, 209.155, 131.357
4.62157, 0.16915, -42.7739
2.79523, 297.011, 93.0651
5.09005, 89.9077, -135.576
5.94425, 326.919, -122.147
5.01149, 312.518, 149.036
6.56617, 220.793, 135.111
3.07974, 108.099, -498.488
5.24841, 909.169, -416.257
5.06046, 698.589, -9.08325
6.02649, -1907.97, -1683.72
5.65083, 177.059, -220.601
4.0207, 115.789, -173.686
6.74719, 162.452, -110.524
3.39619, 1680.29, -2335.1
2.61737, 336.69, 1008.06
4.19467, -79.4733, -140.722
3.43818, -1935.55, -1565.2
6.60467, 93.7144, -149.752
6.72507, 128.738, 3170.24
6.78031, -3224.77, 1782.28
7.37454, 98.7547, 124.529
2.99587, 13.1937, 582.841
2.56182, -4109.49, -3069.63
2.58614, 659.414, 720.149
2.64527, -282.338, -283.552
4.1031, -1791.15, -1712.35
6.17815, -3308.44, 1963.66
3.14876, 829.209, 120.269
2.5161, -3078.27, -624.297
6.91905, -794.216, -611.229
3.70482, 150.577, 140.983
4.38481, 224.823, 1301.06
4.44879, -5.63504, -162.382
2.81534, 3802.09, 1443.68
7.30792, 77.1917, -97.1793
3.75349, 331.167, 25.8761
6.85376, 361.192, 110.761
2.85991, 3166.56, -4277.87
2.70653, 4135, -2554.99
3.46378, -588.102, 289.104
3.86708, -2151.05, -1963.01
7.4007, 228.576, -136.246
3.60607, 1257.62, -5233.29
6.43119, 1640.36, -2457.1
4.42306, -295.437, 1597.88
3.78593, -2993.71, 3455.83
3.91087, 168.609, 275.824
7.33834, 1205.55, 461.428
4.22841, 299.36, -50.4089
3.45922, -591.505, -782.123
5.05037, -27.1096, 140.624
5.21857, 1167.44, -4674.79
5.72333, 1033.1, -229.891
3.89738, -935.218, 163.635
3.41887, 287.082, -403.971
2.71579, 2273.38, -2639.78
3.98408, 63.4673, -61.11
4.25548, 917.336, -565.417
7.09372, 163.838, -48.4688
5.81225, 173.351, 559.943
5.08041, -1966.98, -1629.1
4.03763, 167.281, -48.5585
3.0007, 1890.06, 2030.47
3.47502, 169.853, 93.1413
4.11407, 3227.51, 3286.02
5.56182, 82.0726, -146.142
5.13511, 2948.3, -1404.1
3.45653, 87.3727, 526.115
4.7178, 5676.04, 3333.93
4.48693, 6543.82, -1276.68
6.28051, 35.9941, -478.909
6.6213, 764.393, -342.001
5.51573, -160.306, 415.334
3.04573, 121.142, -533.5
4.11797, 2413.63, -709.663
5.03403, 195.296, 39.158
4.76521, 386.134, -459.563
4.77315, 694.684, 244.807
4.91125, 45.7767, -15.9698
5.07896, -4483.62, 779.525
4.50207, -2203.26, -974.931
4.22945, -519.035, -351.902
6.64533, 34.3823, -407.934
3.02204, 2284.44, -1540.17
6.40057, 191.721, 54.2386
3.19919, 933.084, -589.188
2.62171, 3958.42, 4474.17
6.0664, -56.8855, 1189.13
7.15538, 225.341, -16.9742
7.47667, 256.447, -61.2818
3.86264, 121.518, 118.902
3.6923, -1918.27, 196.673
3.87328, -449.133, -3138.99
5.70836, -600.997, -689.88
5.17637, 164.64, -128.102
6.8967, -2867.59, 5047.03
6.75968, -243.804, 12.2853
2.98004, -109.354, -458.992
4.66818, 219.45, -277.133
3.17045, -88.6533, 260.943
5.86802, 250.124, 83.6077
5.34964, 207.262, -599.249
3.66474, 73.4186, -820.522
5.50306, 982.847, 251.293
2.6551, 194.793, 132.614
7.08512, 208.1, -86.8169
3.82958, 420.52, -703.408
6.50016, 189.624, -28.0581
5.46389, 171.658, -138.821
5.0822, 740.036, 67.2271
5.2567, 2261.04, -1176.72
3.47225, 662.089, -212.559
5.36152, -2995.77, -6.41508
3.81992, -637.353, 6908.93
4.41648, 2835.76, -5848.03
2.73626, -529.555, -329.186
4.22823, 543.203, -29.8753
3.61594, -3053.19, 7364.95
3.81264, 155.258, -162.182
3.05141, 74.7134, 30.8192
7.40088, 236.055, -199.317
5.93794, 716.064, -331.705
5.82158, 455.215, 8.13711
5.99501, 669.458, 248.169
2.68746, 268.194, 2.36033
3.6706, 384.175, -95.9025
3.95397, -5707.02, -8586.74
3.50543, 293.503, -216.344
2.7177, -2683.19, 4030.14
2.56571, -1087.59, 107.521
6.07297, 6075.32, -1916.9
6.88348, 610.475, 120.438
5.35088, 1832.24, -3390.06
6.92743, -3082.87, -3527.84
5.20042, -1617.79, -536.992
3.31357, -1727.24, 148.541
3.30492, -2807.67, -2095.63
7.19182, 82.0113, 156.794
3.45628, 51.0632, 535.615
3.15761, -2976.36, -360.867
4.41122, 602.372, -513.095
6.12674, -585.107, 2880.44
2.50651, -6614.83, -466.517
4.60222, 4704.96, -2662.71
5.18984, -688.069, -73.9157
4.86596, -1306.44, -650.238
6.33003, -141.818, -275.998
2.9396, -914.486, -931.255
7.04284, 35.496, 297.424
3.20818, -61.3074, -456.422
2.54782, 226.504, 568.375
2.82267, 39.2082, 643.867
4.96742, 66.9351, 247.874
5.40914, 135.351, -57.0292
4.03373, 3903.93, -6821.26
4.57091, 377.224, 65.699
4.33401, 1659.76, 1915.5
3.42687, 438.862, -2387.87
2.76788, -2780.9, -2504.1
4.47222, 242.46, 28.138
3.98388, -1330.37, -1461.23
5.05388, 351.023, -110.217
3.75392, 2339.56, -3776.86
5.01589, -1363.68, 2363.74
2.51168, 210.099, -496.932
7.01807, -5533.64, 2637.66
2.79181, 3375.15, 3515.35
5.17506, 227.799, 3171
3.95754, 2745.67, -1109.15
7.3023, 178.892, -57.7004
4.73406, -3282.74, -1249.52
5.08479, 146.637, -42.8269
5.93861, 833.746, -681.346
2.72187, 47.2796, 42.5377
7.2946, 3771.9, -2730.88
5.70852, 119.6, 7.98052
2.80215, 244.901, -147.983
3.33964, 597.927, -7.28076
5.76491, 233.276, 27.2507
6.19864, -474.865, 2426.52
3.57011, 211.981, -634.273
4.31441, 788.465, -1893.32
6.56981, -247.482, 428.052
5.32057, 320.805, 49.7569
7.45886, 266.602, -245.632
6.5669, 220.858, 348.468
3.49157, 3421.56, -4341.06
2.50003, 2.93845, 405.048
4.62608, -3406.34, 4044.2
4.07406, 1834.05, 1137.29
5.56218, -3583, 601.031
3.83351, 351.963, -28.7509
4.39881, 1564.86, 428.717
5.43397, 167.138, -45.6652
5.95636, -2115.42, 37.1212
7.26736, 219.071, 34.0629
4.89785, 108.247, 865.363
3.60319, 375.801, 771.787
5.33741, 910.536, 690.241
6.09873, -196.709, -127.601
4.4953, 1831.03, 88.8475
3.48326, 149.84, 260.366
6.66971, 508.945, -128.173
5.59561, 19.2189, -152.357
7.26866, -229.437, 195.065
3.23222, -564.409, 460.011
5.38953, -284.202, -196.53
7.26796, 185.051, -87.0957
3.62331, -5597.49, 2764.6
7.25137, 90.3523, 40.9466
3.07874, 1007.22, -433.631
2.58372, 301.966, -94.3188
3.90465, -60.2549, 86.7879
7.15042, 189.222, -441.075
3.04796, -483.828, -286.259
6.77266, 307.658, 73.5455
5.68532, 240.972, -46.0442
5.63853, 243.692, -72.8419
3.80589, -680.286, 1358.76
5.13936, -908.353, 219.841
7.16608, 2116.47, 886.903
3.98055, -1202.22, 54.7422
4.78006, 230.052, -44.3093
6.35659, -1095.28, 4662.04
4.17193, -1997.16, -3258.88
6.31775, 566.881, 347.719
6.65892, -2200.86, 2515.03
2.64618, 2429.83, -1567.19
4.31315, -67.0323, -1027.2
4.16221, 295.218, 121.066
3.17675, 1950.62, 2034.71
3.00839, 1289.79, -3974.85
5.11327, 80.878, -254.852
3.52046, 859.067, -257.507
5.00728, 31.3177, -477.026
5.1371, -4928.36, 3324.88
4.13422, 340.592, 175.219
4.75888, 292.539, 163.019
6.85263, -378.147, 214.387
4.72884, 448.926, -120.542
6.03726, 421.44, 115.25
6.83171, -1797.52, 351.158
6.5822, 553.557, -743.237
2.67504, -3823.6, -1488.17
3.8644, -885.69, 2073.21
5.21858, -1465.58, 977.483
3.19942, 4381.75, -688.953
5.57408, 159.508, 116.71
3.29182, 788.261, -366.164
4.41129, 706.689, 387.164
5.94997, -700.47, -308.507
3.21128, 3885.69, 13.0648
5.65284, 293.19, -200.698
3.15973, -3292.59, -1582.45
7.13583, 55.1053, 9.29541
5.53465, 5397.69, -8237.59
5.50388, 599.664, 753.454
3.33635, 1076.9, -216.427
3.301, -1583.26, 2137.19
5.91628, 142.614, -195.216
5.1456, -192.682, 603.508
3.65264, -1975.85, 1095.34
6.55373, 422.134, -63.6886
5.76477, 448.29, 183.261
4.08597, -108.739, 754.882
2.53953, 102.707, -187.51
3.49176, 700.435, 4.71684
3.78831, 24.3118, 255.591
3.03825, 274.361, -1192.16
3.49545, 24.3419, -739.724
6.75079, -5757.86, 3040.98
6.63912, 252.066, 595.239
6.76813, 444.695, -10.1994
5.71027, 201.03, -207.64
3.6787, -2881.01, 2986.48
6.80638, 127.461, -96.2187
5.4745, 33.7097, 161.616
2.52745, -1758.91, -1292.72
6.84925, -279.255, -809.584
7.37729, 41.893, 42.5839
5.59653, -1914.94, -1654.35
3.85574, -130.314, -419.315
7.46973, 276.97, -52.6172
4.60751, -907.211, -684.885
4.20537, 396.696, -9.85454
4.80717, 165.356, 78.8733
4.44822, -1062.14, -2931.24
4.613, -4760.25, -892.112
2.84879, 26.9038, 488.087
5.5153, 82.2033, 79.1507
7.36114, 108.353, -112.373
5.07406, 205.325, 67.5167
7.45461, 205.723, -36.5177
5.84906, -2618.58, -6092.4
4.01716, 289.769, 185.884
3.47371, 748.258, -292.312
4.0109, -1145.82, -75.1478
4.93946, -240.657, -121.314
4.72438, 823.13, 111.042
5.7844, -460.073, 197.251
3.74227, 5920.31, 3339.93
4.72007, -1283.89, -1025.3
5.75894, 62.5883, -159.484
6.67472, 120.811, 132.879
6.03698, 78.0113, 889.694
4.93928, -36.0186, -986.082
6.72039, 705.699, 78.7099
7.00296, 856.424, -705.507
6.33082, 336.284, -108.025
5.29453, 691.46, 1147
2.70603, -722.517, 497.536
5.46749, 155.284, -98.392
2.68674, -32.0803, -3896.1
4.53488, -1146.49, 1164.03
2.84243, 3.80941, -533.027
7.38558, 179.966, -296.17
2.5956, 1897.13, 3092.39
6.60363, 135.118, 46.7339
5.2195, 3880.69, -3307.7
5.72828, -75.2162, 329.212
3.62934, -246.867, 190.325
2.733, 649.441, 3247.83
3.63154, 421.494, -185.043
4.58371, -110.277, -2610.77
6.40126, -274.159, -182.268
3.72852, 1697.13, -2283.62
4.81411, -119.758, -276.969
6.14756, -1169.8, -560.396
5.35237, 5485.9, -749.986
5.45997, 648.061, 221.34
4.98425, -1052.08, -72.4369
3.951, 270.539, 203.969
4.71107, 159.234, -54.7871
2.53669, -3149.94, 6940.98
7.41683, 139.469, -36.4161
2.52822, 244.496, -74.8707
4.8676, 2071.14, 632.34
5.86497, 3752.28, 6427.46
