6.27803, -772.814, 354.787
3.5948, 296.297, 664.873
5.89648, 530.817, -319.922
5.09708, 54.9393, 167.482
2.76731, 1182.38, -1364.73
2.53849, 436.326, -201.824
4.58743, 1713.66, 958.321
7.15218, 186.463, -178.198
2.95982, -39.5013, 382.156
6.00595, 579.419, 541.357
3.81226, 214.862, 111.22
4.14117, -16.4878, -65.6114
7.45519, -422.657, -576.269
7.41275, -68.2045, 201.115
5.75759, 89.5933, 509.707
6.92354, 34.1412, -294.434
6.33247, 49.294, 67.1979
3.87453, -632.977, 196.102
4.93259, -19.8495, 263.497
2.80282, -1376.98, 86.54
5.08146, -0.599021, 362.448
4.96988, -1090.28, 348.171
7.23882, -318.538, -118.235
4.42071, 10.0857, 295.498
5.14874, -849.027, 407.466
2.75042, -277.251, 1073.61
6.63909, 278.021, 538.401
5.94228, -363.086, -109.221
6.18112, -85.9802, 198.406
6.94286, -930.357, -1056.23
4.25508, -30.9209, -5.97438
6.72991, 121.623, 378.31
3.84659, -71.6267, -51.4482
4.83959, 629.058, 132.436
3.2686, -37.904, -371.032
2.66527, 4.42549, 170.175
7.2768, -563.23, -614.831
6.95369, 299.096, 213.85
3.29884, -795.357, -27.1595
3.15214, -698.127, -324.19
2.515, 561.286, -9.51881
6.0491, -87.0168, -301.99
3.40448, 674.831, -184.242
5.76029, 49.146, -297.754
4.42907, 40.6867, -264.468
3.23766, 358.797, 669.781
5.45054, 197.25, 320.365
3.24076, 825.06, -356.884
3.2091, -735.381, -655.332
4.94257, -244.109, -367.754
3.13015, -658.453, -43.5611
5.64635, -556.447, -75.4599
5.60817, -169.274, -30.855
4.88216, 849.696, -1172.64
2.64188, 484.057, 746.142
3.21011, 1035.19, -307.127
3.15594, -23.9031, 181.347
3.31099, 587.242, -854.461
3.76529, 476.953, -173.848
4.77654, -1319.26, 731.086
6.54472, 121.527, 80.6903
3.57624, 72.0052, 256.602
3.75063, 95.6973, 637.24
5.02978, 249.03, 482.413
6.27922, 134.175, 3.56924
5.66369, -378.246, -929.077
5.9449, -876.596, -580.186
7.27207, -738.31, -301.298
5.18713, 1058.91, -573.953
4.57014, 145.582, 712.931
4.70019, 174.853, 476.092
6.07821, -710.36, -813.933
6.20858, -573.746, -791.842
5.12494, -957.985, 852.465
6.06711, -48.8096, -8.28184
5.91025, 221.003, -53.8796
6.82941, 681.435, -519.071
3.19597, 654.232, 262.699
3.57766, -191.979, -14.9902
5.0733, -144.437, -357.795
4.83766, 226.667, 419.026
3.55759, 550.14, -830.964
5.65244, 572.298, -402.941
2.5044, 673.952, -922.027
4.09589, -24.7482, -1362.34
5.90281, 67.8427, 160.785
6.0446, -77.8879, -344.672
2.90869, 2.39514, 173.396
3.56926, 212.526, 131.484
4.44412, -173.863, -100.114
4.44927, -1193.76, -491.531
3.92018, 216.736, -204.406
4.6123, 162.688, 328.273
2.55658, 642.834, -3.98989
3.72027, -1105.03, 627.774
4.49072, -219.169, -1061.39
6.64177, -109.561, 141.773
3.78584, -534.129, 387.934
3.59705, -430.818, -381.663
6.47385, 338.218, 350.774
5.8476, -478.24, -379.767
5.49108, -136.552, -494.003
5.99917, 913.027, 396.289
5.13062, -74.142, -26.0152
4.14833, 15.2184, 1.4759
3.30844, 857.937, 112.79
6.56633, -227.06, -25.885
4.08004, 606.282, 270.315
4.05369, -44.913, -190.196
4.65424, -69.0772, 150.806
4.46509, 529.33, 114.369
4.43916, 231.412, -400.259
4.34871, -15.6063, 146.266
5.88118, -528.789, -448.563
6.10384, 634.308, 2.13175
7.20082, -772.239, -5.1852
5.08573, -101.676, -68.3043
5.5282, 586.038, 530.895
5.85049, 590.354, -852.213
5.11404, -448.231, 140.389
3.87105, 334.437, 109.3
7.08924, 256.037, 370.034
3.73367, 96.9607, 120.926
4.77876, -408.431, 295.473
3.30374, 104.144, -277.715
4.68319, -98.6986, -356.897
7.45767, 295.906, -225.794
6.26931, 656.918, -925.763
4.97846, -80.9691, -14.5948
7.01651, 4.32715, -11.7356
4.68213, 279.616, 390.702
5.09239, 750.412, -580.44
4.44866, -720.963, -733.883
5.63431, -67.8606, -33.0898
5.19331, 67.5313, -115.436
4.35955, 333.297, -115.213
2.54674, -171.71, -63.4542
6.3794, -60.2139, -194.846
2.85317, 9.89239, 149.989
3.98511, 16.3565, -337.078
4.78581, -114.14, 38.3577
3.25156, 55.4771, 83.3404
5.97819, 375.854, 281.744
4.15587, 245.951, -277.348
5.21197, -736.396, 1215.71
2.64678, -1025.32, -165.259
5.38086, -272.204, -500.564
5.18133, 220.639, -206.454
7.36678, -437.689, 565.784
5.57063, 55.2133, 49.0622
5.26431, 688.595, -836.396
6.69051, -140.689, 196.664
3.75764, 70.4985, 459.047
6.98957, 134.299, 37.2173
5.97428, 421.879, -177.163
5.82752, 297.569, 834.046
3.06838, 429.043, 340.748
3.37987, 455.383, 80.2567
2.91253, 168.055, -107.069
6.68103, -288.94, 547.532
2.64818, -390.336, -14.7997
6.34719, -127.258, -104.222
4.29829, 214.26, -991.686
6.24626, 741.693, -323.618
6.28385, 169.445, 51.6411
3.60834, 796.144, 94.4376
5.58305, -109.237, -80.1416
3.66846, -33.6626, 194.543
6.22052, 142.515, -914.643
5.80997, 356.732, 564.418
4.9209, -650.962, 1258.21
2.58972, -631.132, 231.695
4.98291, 59.6264, 448.598
5.09587, -17.4608, -166.998
4.71395, 640.331, 845.282
4.14528, -735.34, -12.3332
3.52671, 202.98, -257.023
7.19863, -253.617, 629.644
2.85168, 808.042, 603.962
3.30042, 21.4677, -321.534
6.70788, 1.58595, -112.246
4.13614, 386.388, 293.062
6.85942, 109.187, 475.749
5.99896, -416.158, -247.142
5.52801, 77.6758, 209.729
4.77536, 445.026, 508.033
2.91543, 994.427, -120.135
3.94883, -724.944, -706.327
6.51009, -289.118, -63.6862
6.81821, 495.144, 449.298
3.81831, -1211.17, 159.414
4.79881, 27.805, -278.414
4.95672, -97.4153, -308.945
5.82344, 544.298, -713.081
7.31738, -84.7873, 137.694
7.23022, 287.914, -34.0879
2.81902, -10.7691, -509.311
5.04829, -49.3506, -21.5035
6.13222, -327.08, -46.9995
5.65882, 316.092, -31.9029
3.26658, -144.967, -262.2
5.09652, 640.975, 843.56
3.52281, 1370.28, -516.342
6.03231, -60.5935, -311.18
6.05786, -116.701, 1433.66
3.66304, 309.186, 137.536
6.80594, -289.479, -136.852
2.67122, -361.106, -644.873
6.26587, 17.8666, 361.234
4.14789, -23.2666, 44.3472
4.65309, 1191.13, -101.936
7.33455, 296.274, 389.89
4.05803, -577.428, -656.265
5.69762, -1389.94, 181.286
5.95386, 33.4335, -49.2037
5.36403, 28.8667, -96.7817
6.60667, -740.549, 1243.64
4.21807, -876.551, 563.011
5.09387, 139.721, 309.457
6.78438, 657.789, -0.690466
6.18587, 594.057, 393.512
3.45992, -11.7975, -105.706
2.83145, 53.9899, 121.701
3.60828, -1105.4, 692.03
3.33656, 92.1349, 51.1329
6.31172, 75.0096, -59.619
5.44905, 292.189, -831.126
4.65223, -1503.32, -277.393
7.09618, 686.047, -333.11
5.09668, -258.837, 340.391
7.38058, -473.517, 207.269
5.15714, 389.249, 294.569
2.98716, -231.756, 994.719
5.83983, 261.991, 396.86
5.44444, -350.88, 814.218
5.01137, 13.6944, 209.409
2.75808, 759.291, -144.214
2.6753, 671.448, -223.886
4.41484, 87.6678, -10.0042
5.55555, -621.311, -950.766
5.06574, -1483.43, -254.076
5.98498, -128.035, -134.385
4.89891, -120.759, -289.468
3.88323, -1375.14, -44.1694
6.01685, -2.20291, 1010.3
3.67701, -123.703, 81.7812
6.41501, -6.71598, 47.3326
6.60589, 662.772, -441.651
3.21842, 616.361, 841.024
5.75757, 621.721, -520.535
3.87677, -263.932, 346.289
7.26215, 209.045, -405.064
4.58238, 3.88677, -36.8783
3.03869, 105.793, 336.849
4.70633, 267.372, -76.4191
6.28811, 203.382, -8.34595
2.77803, 564.221, 514.645
3.51241, 125.732, 173.71
6.82305, -239.954, 310.287
6.52456, -212.625, 2.87186
2.78861, 278.913, 801.802
4.40304, -93.0605, 101.828
4.56124, 257.512, 144.098
2.80071, -529.146, -109.974
7.09746, -590.929, -578.548
3.35398, -223.775, -183.94
6.51634, -151.317, 204.337
3.88599, 423.499, 413.692
4.44586, -137.827, -41.3668
7.19936, -815.536, -210.212
6.24573, -12.4991, 958.73
3.44774, 522.262, -759.763
6.89581, 180.115, 23.3137
6.8953, 55.5609, -173.598
3.30515, -163.104, -136.598
5.87346, -42.0885, 335.487
6.89096, 183.864, -72.8516
6.98262, -450.088, 964.438
3.06535, -101.274, 58.8866
5.93789, 303.649, 528.202
3.21651, -206.304, -422.332
3.6901, 341.921, -118.032
5.64383, 580.569, -533.368
4.312, 312.7, 345.941
4.64437, -721.655, -572.423
4.91936, 517.973, -380.447
6.20379, -253.485, -359.934
3.23098, 680.031, -367.616
7.36238, -247.98, -157.275
7.3158, -11.1358, 9.66336
3.14741, 419.402, -395.796
5.3784, -428.987, -323.583
4.66439, -361.362, 188.764
5.50066, -2.65155, 229.049
5.85098, 16.4861, -136.387
4.5137, -945.012, -350.388
6.46691, -740.225, -597.076
4.89889, -797.454, 722.181
5.72449, -632.438, 307.585
4.28836, 1199.36, -288.665
5.96794, -78.2587, 600.303
5.83428, 280.935, 459.853
3.22071, 593.403, -336.544
7.10415, 22.9348, 143.157
4.22228, 527.461, 1100.62
6.66824, -248.965, -238.248
2.74349, 375.937, -246.835
3.27936, 244.499, -81.2116
2.55765, 506.231, -329.837
3.94327, -39.0792, 59.9138
5.07295, 304.121, -230.302
3.65948, 97.5947, -1098.59
2.75022, 361.204, -217.718
5.33091, 15.7023, 210.373
6.69774, -145.02, 207.528
4.28763, 422.289, 633.292
4.3452, 316.429, 345.399
7.22226, 269.732, 218.88
4.72425, -625.091, 386.62
6.82086, 70.1439, 30.8958
5.82654, 333.257, -478.142
5.79297, -461.849, -437.205
7.10736, 877.02, -626.493
5.11536, -945.044, 850.665
5.45229, -658.776, -274.815
5.79944, -217.379, -965.169
4.24765, -732.851, 327.928
4.11714, 429.416, -30.3052
7.08984, 301.804, 357.135
3.08619, -1017.92, 432.986
7.31268, 286.884, -99.6008
5.17978, 300.35, -248.921
5.81447, -525.255, -164.479
5.48362, -1096.92, 476.255
6.93363, -79.5151, 277.907
6.67999, -184.7, -207.386
6.69339, 244.569, 372.66
6.85642, -61.1307, -269.408
2.5002, 352.659, 706.641
4.77274, 76.7667, 473.751
4.25696, 897.646, -113.566
5.80713, 971.484, -975.128
6.22234, 224.489, -159.519
3.3821, -380.21, -1093.97
7.4621, -511.732, 737.472
5.95466, 425.519, -299.9
6.97862, 35.4384, -28.4566
3.51579, -94.798, -194.857
7.2356, 166.639, 623.294
4.88476, -1131.96, 523.168
6.78578, -1111.65, 692.082
6.41237, -315.331, -444.637
5.70687, -940.02, 861.889
3.14521, -260.791, 466.564
5.77944, 122.718, -615.548
3.09199, 50.4983, -37.3334
3.88793, 903.757, 14.1257
6.65548, 292.948, 954.225
6.14153, 1030.67, 1250.11
6.74348, 1012.73, -758.285
3.43989, -2.29599, -571.895
6.09602, -31.0687, -444.248
4.25586, -381.959, 475.56
3.34555, 550.887, 684.658
4.52383, -962.067, 175.504
4.20924, 65.0769, 291.022
6.67141, 44.4616, 159.252
3.9111, -758.269, -1227.05
5.16766, 457.099, 412.657
6.25085, -345.045, 342.822
4.62554, -32.0763, 161.92
4.66964, 931.092, -124.452
3.03022, -1080.11, -313.941
6.4639, -163.572, -289.889
3.91232, -207.832, -190.538
7.14264, 964.344, 1077.75
5.37926, 260.27, 372.898
3.4895, 44.1287, -541.21
5.99081, 95.2164, 261.314
3.07265, -278.841, -410.325
4.22945, 541.032, 576.604
4.15646, -166.625, -306.265
6.42735, -1106.94, 545.821
6.65775, 309.879, 380.493
4.21712, 756.425, -446.287
4.2603, 57.073, 241.048
6.38197, -207.234, 109.885
6.58658, -405.276, -397.214
4.26157, 20.5411, -274.98
7.09559, -181.409, 31.3553
3.2877, 603.357, 413.724
5.56029, 616.723, -512.771
5.54222, 51.5287, -21.2818
3.16647, 746.456, 987.767
3.51409, 862.862, 1282.88
4.79457, -34.3108, -15.1088
3.48759, -545.369, 304.319
6.77118, 145.749, -219.792
6.54562, -405.952, -216.871
2.80131, 525.177, -769.424
6.50584, 467.029, -1222.4
5.49597, -35.2289, 77.1061
7.43182, -108.537, 93.445
2.65919, -696.04, 20.511
6.8356, -802.852, 979.916
3.69109, -55.342, 446.163
3.6127, 209.014, -682.647
4.73907, 1437.03, 669.952
2.61231, 390.81, -203.345
6.79755, -104.744, 33.347
4.15902, 384.962, -1543.82
5.72195, -401.312, -317.372
7.43521, 583.073, -91.91
5.30162, 155.747, -448.464
4.74553, -2.5686, 98.3021
5.213, 131.882, 27.4369
2.90797, -91.5204, 27.3752
3.99606, 965.838, 731.004
6.63964, -1107.79, -284.534
6.48936, -805.675, 155.684
5.71048, 46.4134, 82.9744
4.84105, -299.478, -234.749
7.15326, 327.846, 895.614
5.08798, -254.858, -238.972
7.42924, -1086.29, 743.61
5.94567, -73.0951, 54.8509
6.19966, 44.8612, 38.3838
3.46323, 713.802, 390.008
6.08881, 937.844, -656.051
6.11146, 171.624, 430.638
6.49298, -251.501, -252.668
4.23216, -1108.99, 197.585
5.1481, 204.454, 550.88
3.19001, 182.006, -600.134
6.73218, -45.5696, -21.8731
6.32766, 349.167, -219.744
7.5, -1107.53, 485.904
4.24891, -1504.14, -635.81
5.50367, 863.164, -53.9555
3.50808, 1.58347, 1137.81
6.2385, -886.096, 164.013
6.49225, 334.762, 406.341
3.03505, -479.267, 504.86
5.35813, -28.7853, 241.507
2.84683, -1401.35, 535.663
4.16036, -129.066, -241.529
5.80945, -28.4606, 138.312
5.27726, 270.936, 1027.25
7.12415, 162.241, 8.2202
2.69832, 227.826, 515.485
2.62083, 701.46, 646.846
4.61923, 101.932, 272.209
4.36987, -27.1918, 358.692
2.93303, 724.233, 528.122
3.05403, 130.856, -145.862
5.31992, -951.483, 165.261
7.37269, -12.2248, 266.948
3.05066, 56.7408, -1109.32
5.99352, -875.472, -1034.21
2.79674, 299.652, 874.266
4.69755, 187.877, 42.7724
5.24651, -615.83, -505.173
3.45129, 49.0652, -112.396
7.36597, 8.85112, -310.994
3.19593, -70.2315, -456.365
5.48978, -858.863, 298.944
7.12812, 198.575, -771.246
3.91116, 90.4407, 374.829
6.8307, -177.113, -66.641
6.29598, 541.428, -541.729
6.10793, 123.642, -350.068
3.34241, 397.686, 528.8
3.32882, -400.71, -626.711
3.39076, -140.697, -254.579
5.87226, 9.16785, -260.349
4.83484, -30.6805, -143.346
6.85219, -26.7927, 239.777
5.76023, -80.1875, -310.275
5.80464, -530.849, -167.262
2.58037, 200.244, 329.811
4.30596, 1315.2, 848.844
3.72747, -47.0579, -413.842
6.93086, 671.677, 666.246
5.23701, -1601.02, 10.0966
6.57209, 134.873, -290.305
5.24453, -363.322, -636.217
4.16156, 51.0018, 394.666
4.40213, -550.477, -864.467
2.52389, -541.315, -18.4939
6.95226, 194.544, 9.08455
6.16955, 566.031, -62.9648
6.04239, 251.168, 436.735
5.1278, 719.093, -615.766
6.41065, 46.0917, -72.0501
3.42484, -130.152, 264.514
5.72673, -18.1018, 154.252
3.42178, -119.917, 153.991
3.31214, -785.568, 218.448
2.65594, 651.815, -23.9183
7.42716, -115.52, 20.7195
4.04559, -31.9232, -105.813
4.11075, -35.5531, 248.616
5.51155, 135.884, -40.6995
2.89107, 1086.27, 68.4978
3.93936, -271.341, 228.78
5.79307, 623.762, -382.342
7.36348, -201.257, 53.1218
7.27758, 839.926, 265.833
7.42745, -316.892, -249.375
7.30478, -14.3044, 137.041
3.0073, 21.603, -314.8
3.71505, -21.9616, 342.909
6.91151, -185.007, -82.6977
5.28805, 368.562, 318.334
6.7669, 135.057, 22.8513
7.49145, 671.378, -376.599
3.99751, -923.722, 813.01
6.33157, -1695.02, -657.522
4.81901, -737.26, 40.6017
6.8168, 2.53853, -19.7552
6.99018, 236.564, 83.9636
7.377, -150.856, -135.637
2.77405, 241.254, 44.2095
6.32605, -298.631, 190.611
5.09219, 684.257, -817.755
3.46574, -0.254282, 341.089
6.98252, -204.579, -111.208
6.38492, -183.818, 169.419
2.75968, 153.42, -102.6
7.47331, 528.128, -850.612
5.93659, 186.162, -138.293
5.94854, -523.397, -168.734
6.57666, 851.202, -496.654
7.05426, -101.83, 232.846
3.34218, 414.877, 1298.84
5.24183, 848.516, -616.455
6.53351, -54.7784, 147.526
4.17803, 84.9847, -33.0749
5.53435, 275.682, -367.816
6.59602, 377.5, -816.807
7.3485, 299.452, 5.46124
6.29349, -7.86368, -245.82
3.72113, 328.722, -274.562
5.80589, 196.664, -176.854
4.21574, 318.926, 117.89
7.27146, -160.578, -119.865
2.60828, 387.167, -974.71
4.54979, 651.639, -290.336
2.55789, -126.552, 889.232
3.04964, 179.222, -141.513
5.28259, 538.767, -774.867
4.45466, -161.914, 100.729
7.20539, 3.31618, -149.33
2.55572, -545.632, -106.247
6.22897, 134.484, 463.961
3.84293, 138.404, -41.321
4.27153, -325.664, -54.3296
3.45835, 1231.76, -1333.88
5.14832, -70.7574, -65.7996
4.39478, -255.805, -1099.35
3.16407, -87.5992, -145.037
4.26563, 377.725, 5.66923
4.2497, -1280.85, 514.91
7.41084, -881.117, -595.079
5.25961, 81.1039, 338.868
4.99918, -833.053, -241.445
3.58531, 529.234, -718.471
4.37311, 6.40168, -173.441
6.78251, 396.407, 296.262
6.45578, -645.372, 1051.81
3.9204, 867.024, -874.955
5.07645, 314.753, -583.564
6.79238, 70.4169, -92.7058
7.07844, 269.734, -450.595
7.48941, -685.586, -614.695
6.53177, -436.055, -465.626
5.22718, -91.9283, -349.9
7.3461, 401.19, -257.695
5.31931, -241.225, 239.1
4.03031, 621.261, -462.947
5.41853, 338.126, -91.5837
2.91197, -36.9693, -493.306
5.47382, 127.922, -139.362
3.31968, 605.26, 825.376
6.46527, 257.394, 534.191
2.95373, -574.071, 248.518
6.3072, -189.647, 36.9523
6.83996, 79.5972, 30.0324
6.40105, 289.059, 89.7122
6.61399, -789.351, -446.717
6.70974, 183.184, 86.8683
4.48328, 602.654, 248.393
6.508, 152.221, -45.0794
6.56811, 331.99, 44.5168
5.43493, 522.155, 802.99
4.64621, 53.2676, -164.701
2.5002, 448.294, -534.428
5.31153, 131.222, -316.617
6.22632, 307.177, 356.527
3.89846, 934.302, 444.117
2.93406, -87.3644, -1295.19
3.5733, -515.541, 34.7998
3.93296, -264.419, -40.4601
4.86595, 399.441, -305.682
6.95893, -770.301, -628.826
5.91955, 274.59, -167.622
3.54376, 16.7265, -60.7486
6.67533, 50.8206, -45.2637
7.09218, -521.357, -336.002
4.48244, 609.918, 283.695
6.37858, -4.65005, 344.394
5.68161, -229.657, -156.412
6.64746, -228.548, 209.903
3.40204, 9.86423, -326.912
7.45927, 269.19, -57.9355
6.70558, 292.056, -499.412
4.65177, -510.203, 123.32
4.38589, -581.406, 135.766
2.70802, 186.733, -27.0617
6.80715, -304.504, -286.556
6.62116, -978.251, 722.502
6.25052, 98.0725, 463.383
3.55801, 75.9456, 214.579
4.31029, -198.182, 177.295
4.43545, 299.131, 465.76
7.32918, -990.71, -694.672
6.5872, -168.322, 27.3019
4.5755, -557.155, -49.4976
5.83759, 268.273, -34.683
2.52101, -1108.83, 683.428
6.98048, -103.711, 87.7
3.68416, 563.383, 542.348
3.79415, 16.4954, -190.477
5.4939, 289.991, -171.345
6.89823, -764.99, 114.26
6.16299, 689.782, 201.693
6.0773, -625.01, -282.777
3.57724, 1451.37, -99.3112
6.30413, -1176.28, 750.541
3.85351, -140.847, -205.964
2.75246, -300.798, -235.82
4.78866, 200.536, -173.405
2.58759, 341.816, -161.977
3.01129, 1052.17, -825.376
2.639, -489.287, 198.431
5.65921, -159.277, -314.765
6.34425, -133.287, 53.4602
2.74132, -705.948, -310.411
6.6924, -274.81, -265.718
6.76899, -32.674, 168.115
6.57649, 563.026, -524.077
6.85188, -179.888, -946.996
5.27222, 8.98096, 261.569
6.12646, 51.1378, 786.228
3.20424, -1253.4, 596.406
6.6115, 7.93877, -256.209
5.51185, -622.847, -956.07
4.93856, 47.4503, -195.217
6.14942, -60.7467, 227.5
4.05164, -852.274, 481.104
3.93925, 127.486, -540.735
5.45857, 722.491, -964.418
5.34055, -976.36, 269.064
5.41059, 1141.52, 495.081
2.84132, 382.583, -715.987
4.34304, -554.369, 404.474
6.28475, -107.034, -118.109
6.35297, 743.649, 860.786
4.27217, 5.33084, -24.2207
5.98913, -153.822, -4.67693
5.08005, 817.225, 442.819
5.94494, -198.144, 76.5158
6.18066, -818.783, -810.581
2.56231, -833.191, -670.327
7.16549, 8.2372, 138.97
5.37826, -577.332, -299.691
3.05587, -74.6007, -354.882
4.87388, -33.6527, -106.52
3.24247, 33.3795, -268.576
4.22594, -1960.3, -506.581
7.04476, -318.424, -144.354
4.54571, 849.365, -499.889
5.96642, -150.827, 140.409
3.35865, -115.568, -191.047
6.21715, -867.666, 463.829
4.16319, -16.3374, 95.1177
4.62157, 61.178, 43.5325
2.79523, 471.586, -317.859
5.09005, 244.076, 465.95
5.94425, -144.016, -354.31
5.01149, -36.5304, -237.274
6.56617, -184.581, -259.442
3.07974, -105.497, 61.2715
5.24841, 59.6183, 483.159
5.06046, 169.736, 84.8533
6.02649, -739.846, -598.796
5.65083, -151.05, -17.5583
4.0207, -72.247, 67.2656
6.74719, 0.215932, 5.54822
3.39619, 437.251, -752.598
2.61737, -247.331, 44.3622
4.19467, 279.307, -370.814
3.43818, -680.138, -598.556
6.60467, 51.2023, -12.5011
6.72507, -3.21365, 954.449
6.78031, -840.289, 568.843
7.37454, 393.561, -247.01
2.99587, 253.559, -350.609
2.56182, -611.644, -688.414
2.58614, 194.483, -915.11
2.64527, 217.149, -214.287
4.1031, -782.111, -761.884
6.17815, -778.133, 356.653
3.14876, 2.39443, 345.701
2.5161, 271.458, -454.994
6.91905, 255.419, -287.383
3.70482, 16.5849, -531.004
4.38481, 267.077, -131.517
4.44879, -97.0977, 75.5325
2.81534, 599.671, 276.888
7.30792, 357.367, 299.576
3.75349, 372.413, 13.5308
6.85376, -103.78, -300.346
2.85991, 513.344, -630.328
2.70653, 123.427, -475.93
3.46378, -20.1572, -32.519
3.86708, -241.151, -892.439
7.4007, -38.2705, -88.5562
3.60607, 210.297, -1152.19
6.43119, 580.072, -852.564
4.42306, 184.454, -132.824
3.78593, -928.332, 728.647
3.91087, 18.6102, 248.529
7.33834, -245.508, -305.204
4.22841, -40.3243, 22.8194
3.45922, 82.0722, 311.085
5.05037, -190.994, 77.8357
5.21857, 343.523, -1025.48
5.72333, -60.1457, -80.2135
3.89738, 401.858, -472.01
3.41887, -143.963, -528.867
2.71579, 728.342, -900.96
3.98408, -108.884, 209.237
4.25548, 767.728, 204.414
7.09372, 606.207, -201.372
5.81225, 20.6384, -108.807
5.08041, -659.981, -606.37
4.03763, -565.337, -170.368
3.0007, 617.963, 602.634
3.47502, 27.1176, -337.277
4.11407, 735.891, 993.32
5.56182, 68.5061, 55.8173
5.13511, -418.058, 255.145
3.45653, -325.555, 840.915
4.7178, 1413.06, 789.552
4.48693, 1476.07, -295.123
6.28051, 82.6612, -28.1739
6.6213, -84.748, 17.6887
5.51573, -240.623, -388.214
3.04573, 77.7582, 152.845
4.11797, 678.344, -58.9057
5.03403, 163.012, -29.819
4.76521, 446.851, 468.804
4.77315, 33.976, 9.6025
4.91125, -320.593, -128.465
5.07896, -1274.79, 243.663
4.50207, -501.959, -895.108
4.22945, -522.859, -165.071
6.64533, 58.5304, -186.563
3.02204, 898.377, 90.5192
6.40057, 113.861, 438.147
3.19919, -55.8747, -74.9679
2.62171, 842.46, 1098.92
6.0664, 5.67059, -464.803
7.15538, -27.4718, -170.03
7.47667, 161.368, 140.067
3.86264, -33.7018, 157.462
3.6923, -474.686, 459.21
3.87328, -57.5899, -625.545
5.70836, 435.881, 416.943
5.17637, 173.963, 4.83955
6.8967, -805.757, 1186.49
6.75968, 230.154, 433.214
2.98004, -189.989, 295.494
4.66818, 23.4944, -315.347
3.17045, -177.608, -148.788
5.86802, 259.117, -111.01
5.34964, -400.546, -24.0304
3.66474, 160.232, -668.079
5.50306, 192.931, 159.89
2.6551, -306.781, -173.98
7.08512, 71.9108, 96.0666
3.82958, 488.614, 89.1406
6.50016, 44.3522, 30.0014
5.46389, -87.4899, -86.7658
5.0822, 54.009, -23.7491
5.2567, 390.523, 2.40582
3.47225, 26.0572, -2.53124
5.36152, -534.36, -443.816
3.81992, -242.111, 1024.65
4.41648, 454.734, -1175.21
2.73626, -96.1263, 110.373
4.22823, 47.5658, -259.4
3.61594, -922.803, 1694.4
3.81264, 88.0194, 271.824
3.05141, -248.401, -187.761
7.40088, 84.1274, 32.0678
5.93794, -614.809, -285.081
5.82158, -21.4663, -64.5425
5.99501, -92.7841, 227.164
2.68746, 81.6622, -322.888
3.6706, -217.278, -254.343
3.95397, -1072.41, -1633.8
3.50543, -120.312, 190.798
2.7177, -722.09, 726.7
2.56571, 589.828, -557.388
6.07297, 1368.64, -508.98
6.88348, 19.4806, 154.382
5.35088, 443.011, -810.36
6.92743, -436.979, -393.554
5.20042, -168.111, 70.307
3.31357, -626.96, 453.629
3.30492, -568.137, -781.949
7.19182, 133.259, -66.349
3.45628, 268.637, -388.4
3.15761, -741.883, 332.503
4.41122, 351.153, -500.284
6.12674, -351.839, 820.48
2.50651, -1483.66, -253.993
4.60222, 954.082, -660.914
5.18984, 391.522, 120.774
4.86596, -211.444, 243.931
6.33003, -18.712, 58.6094
2.9396, 637.466, 137.682
7.04284, 361.501, 326.967
3.20818, 336.816, -293.718
2.54782, 23.7238, -17.9157
2.82267, 92.2633, 137.337
4.96742, 347.658, 356.452
5.40914, 3.35411, -83.667
4.03373, 796.079, -1518.55
4.57091, -18.8185, 399.33
4.33401, -370.522, -140.755
3.42687, 18.5088, -1089.47
2.76788, -472.65, -714.624
4.47222, 51.9987, 108.351
3.98388, 585.005, 539.335
5.05388, 367.105, 359.769
3.75392, 528.491, -996.819
5.01589, 93.9313, -293.528
2.51168, 602.391, 46.1386
7.01807, -1104.74, 491.521
2.79181, 967.951, 857.086
5.17506, 22.5643, 725.57
3.95754, 865.763, -398.356
7.3023, -215.235, 87.9322
4.73406, -955.602, -592.895
5.08479, 148.05, -60.5564
5.93861, -145.442, -454.263
2.72187, 32.4352, -23.5768
7.2946, 960.136, -799.464
5.70852, 10.7944, 356.537
2.80215, 252.895, -298.674
3.33964, 82.2948, 340.626
5.76491, 84.2531, 392.582
6.19864, 352.894, 700.439
3.57011, 230.902, -533.81
4.31441, -56.5737, -475.774
6.56981, 571.682, -402.499
5.32057, 270.954, -14.1057
7.45886, -96.5415, -73.7903
6.5669, 159.047, -93.4054
3.49157, 664.782, -1029.25
2.50003, -26.1328, -89.581
4.62608, -812.684, 977.029
4.07406, 645.221, 252.916
5.56218, -1001.43, 163.578
3.83351, 96.6087, -72.9785
4.39881, -197.581, -461.774
5.43397, -313.726, -681.34
5.95636, -230.106, 293.762
7.26736, 143.288, 14.804
4.89785, 189.13, -526.713
3.60319, -748.076, 385.857
5.33741, 99.9875, 6.85586
6.09873, -2.09924, -20.8562
4.4953, 887.79, -274.216
3.48326, 665.45, -371.944
6.66971, -180.355, -94.7108
5.59561, 663.56, 5.59651
7.26866, 151.35, 388.643
3.23222, 516.897, 529.201
5.38953, -27.8522, 59.7698
7.26796, 158.456, -297.113
3.62331, -1133.31, 531.17
7.25137, -106.586, 0.481321
3.07874, 391.076, -62.2574
2.58372, -142.275, -385.718
3.90465, -84.2166, -304.367
7.15042, -127.849, 237.628
3.04796, -806.696, -267.106
6.77266, 145.567, 295.615
5.68532, -1.28094, -421.527
5.63853, 40.8389, -269.468
3.80589, -60.2975, 420.762
5.13936, 549.398, -538.872
7.16608, 47.4218, 152.634
3.98055, 271.083, -114.93
4.78006, -451.998, -307.02
6.35659, 24.7762, 917.742
4.17193, -405.222, -1399.06
6.31775, -18.9781, 166.146
6.65892, -735.791, 325.097
2.64618, 718.816, -685.888
4.31315, -115.22, -364.849
4.16221, -170.353, 509.115
3.17675, -14.2361, -12.5171
3.00839, 289.871, -927.675
5.11327, 530.883, 87.6715
3.52046, 157.186, -282.091
5.00728, -213.097, -278.32
5.1371, -1037.01, 406.911
4.13422, -259.979, 130.705
4.75888, 181.805, -186.451
6.85263, -71.3448, -13.9782
4.72884, 59.4362, -199.766
6.03726, 246.976, -153.289
6.83171, -737.084, 283.206
6.5822, 168.082, -103.079
2.67504, -605.342, -298.425
3.8644, 71.7334, 819.809
5.21858, 119.802, 36.9833
3.19942, -380.556, 161.164
5.57408, 139.558, 84.7188
3.29182, 317.609, -422.818
4.41129, 386.72, -159.259
5.94997, 195.105, 279.901
3.21128, 1115.6, -131.796
5.65284, 283.029, -27.8963
3.15973, -559.852, -836.681
7.13583, -144.477, -4.24925
5.53465, 1027.78, -1601.8
5.50388, 705.604, -365.542
3.33635, 205.305, 12.1772
3.301, 295.234, -242.796
5.91628, -36.5257, 62.0005
5.1456, -40.6701, -281.376
3.65264, -757.256, 14.4528
6.55373, -9.0881, 253.455
5.76477, -135.59, -218.792
4.08597, 30.8658, 397.381
2.53953, -99.072, 86.996
3.49176, -128.266, -840.298
3.78831, -397.604, 481.48
3.03825, 21.5918, -329.197
3.49545, -634.514, -37.8241
6.75079, -1105.54, 586.78
6.63912, -136.313, -6.15912
6.76813, 227.558, 437.167
5.71027, 177.912, 76.7555
3.6787, -811.802, 771.865
6.80638, 193.994, 18.2601
5.4745, -278.888, 570.386
2.52745, -825.543, -784.49
6.84925, 361.176, 560.722
7.37729, 350.491, 353.806
5.59653, -734.754, -602.37
3.85574, 451.9, -152.961
7.46973, -164.703, -73.354
4.60751, -334.694, 454.228
4.20537, 363.549, 629.086
4.80717, 317.571, -113.225
4.44822, -325.447, -928.069
4.613, -1197.5, -313.567
2.84879, 61.9484, 25.1381
5.5153, 243.731, -19.0601
7.36114, 308.878, -149.732
5.07406, 6.23673, 153.866
7.45461, -108.784, 182.982
5.84906, -443.35, -1298.43
4.01716, -329.467, 135.118
3.47371, -624.438, -284.257
4.0109, -184.023, -313.719
4.93946, -72.5028, -72.7394
4.72438, -491.867, -386.779
5.7844, -21.0079, -132.629
3.74227, 1314.93, 847.507
4.72007, -728.153, -677.669
5.75894, -134.236, -112.817
6.67472, 416.586, -385.934
6.03698, 271.202, 221.571
4.93928, 166.487, 201.821
6.72039, 250.435, 309.197
7.00296, -114.588, 236.013
6.33082, 58.1751, 365.389
5.29453, -755.961, -320.445
2.70603, 706.439, 105.007
5.46749, 294.256, -502.928
2.68674, 251.979, -954.31
4.53488, 193.326, 108.216
2.84243, 274.451, -334.22
7.38558, 3.55176, -170.361
2.5956, 923.954, 904.182
6.60363, 123.996, 287.098
5.2195, 1001.37, -573.395
5.72828, -175.448, 391.676
3.62934, -111.944, -158.968
2.733, -197.738, 378.454
3.63154, 24.6048, -63.8267
4.58371, 447.347, -482.137
6.40126, -317.004, -83.8945
3.72852, 382.695, -814.896
4.81411, 50.1646, -14.8028
6.14756, 26.0718, -514.305
5.35237, 1043.6, -224.495
5.45997, -399.034, -576.268
4.98425, 137.21, -296.738
3.951, -80.316, -146.246
4.71107, 108.639, 14.644
2.53669, -574.272, 1062.09
7.41683, -59.7634, -60.5674
2.52822, -304.874, -166.824
4.8676, -10.3182, 350.223
5.86497, 860.919, 1275.95
