6.27803, -3655.69, 2153.31
3.5948, -90.0638, 972.534
5.89648, 479.766, 222.07
5.09708, 568.665, 59.3973
2.76731, 7125.21, -7302.83
2.53849, -2529.16, 3182.23
4.58743, 10007, 5944.77
7.15218, 66.7794, -75.3097
2.95982, 918.075, -556.108
6.00595, 384.369, 139.599
3.81226, -286.73, 20.5239
4.14117, 90.6422, 50.5394
7.45519, 684.734, -834.716
7.41275, 119.607, 124.372
5.75759, -539.077, -205.115
6.92354, 214.181, -115.304
6.33247, 205.412, 178.526
3.87453, -2692.86, -1034.57
4.93259, -1367.02, -1176.8
2.80282, -9090.98, 2340.37
5.08146, 465.038, -121.154
4.96988, -6326.3, 2398.28
7.23882, 60.9353, -31.9659
4.42071, 178.729, -88.5818
5.14874, -4735.74, 1223.18
2.75042, -322.38, 6324.13
6.63909, 601.834, 227.778
5.94228, 775.342, -276.049
6.18112, 605.936, 135.611
6.94286, -4662.18, -4017.9
4.25508, -98.2492, 109.027
6.72991, 142.465, -192.206
3.84659, 913.305, -383.339
4.83959, -104.708, 467.726
3.2686, -42.0919, -352.817
2.66527, 1007.05, -636.873
7.2768, -1434.81, -985.955
6.95369, 163.125, 119.596
3.29884, 158.111, 373.311
3.15214, 2136.84, -1281.72
2.515, 3675.92, -679.425
6.0491, 260.6, 28.717
3.40448, -227.827, 148.579
5.76029, -1144.36, 162.172
4.42907, 235.536, -105.12
3.23766, 1413.53, 1455.36
5.45054, 765.292, 84.3185
3.24076, 3231.24, -1575.03
3.2091, -2670.94, -1533.29
4.94257, 130.929, 15.6676
3.13015, 567.163, -142.333
5.64635, 1118.67, 296.069
5.60817, 57.3151, -46.2745
4.88216, 4302.13, -5928.85
2.64188, -970.271, -3.63392
3.21011, 5131.95, -729.07
3.15594, 703.858, -147.988
3.31099, 1712.34, -2652.89
3.76529, 256.075, -22.5706
4.77654, -6054.58, 2888.52
6.54472, -212.292, -1235.21
3.57624, 249.144, -149.031
3.75063, 151.781, -118.647
5.02978, -1469.48, -2515.39
6.27922, 201.08, -69.8505
5.66369, -2059.34, -4093.98
5.9449, -2489.19, -1878.92
7.27207, 20.1024, -43.2923
5.18713, 6209, -3145.05
4.57014, 145.78, -2862.57
4.70019, -304.313, -302.464
6.07821, -2074.41, -1827.27
6.20858, -3091.1, -2260.83
5.12494, -4022.51, 3190.52
6.06711, 250.589, -23.6343
5.91025, 312.647, 345.833
6.82941, 2368.24, -1896.35
3.19597, 381.671, 1838.78
3.57766, 206.593, -85.4639
5.0733, 1501.21, 2613.55
4.83766, 148.544, 154.957
3.55759, 4622.59, -4671.23
5.65244, -91.8444, 167.279
2.5044, 3649.78, -5252.72
4.09589, -946.15, -3039.3
5.90281, 158.176, -118.088
6.0446, 279.286, -63.4565
2.90869, 267.388, -193.115
3.56926, 50.318, -510.219
4.44412, 258.859, 302.043
4.44927, -4591.71, -1541.48
3.92018, 117.114, 483.518
4.6123, 400.034, 221.27
2.55658, -2781.52, -215.453
3.72027, -6451.19, 3390.66
4.49072, -2524.58, -4130.47
6.64177, 1031.41, 332.275
3.78584, 722.399, -525.15
3.59705, -1126.83, 721.13
6.47385, 252.494, -38.0679
5.8476, 1775.64, -384.318
5.49108, 612.276, 974.431
5.99917, 2961.85, 1992.88
5.13062, 388.433, 633.331
4.14833, 250.63, 182.448
3.30844, 7198.42, 1260.24
6.56633, -35.8746, 112.942
4.08004, 84.3847, -636.194
4.05369, 780.971, 441.312
4.65424, 199.868, -117.72
4.46509, 218.528, 158.759
4.43916, 262.567, 226.487
4.34871, 237.994, 20.3547
5.88118, 175.14, -87.4989
6.10384, 614.772, -128.117
7.20082, -2595.17, 1121.86
5.08573, 874.875, -457.671
5.5282, -531.294, -140.373
5.85049, 1729.99, -2624.05
5.11404, 28.6665, -11.702
3.87105, -42.5675, -107.585
7.08924, 257.753, -144.814
3.73367, -128.773, 190.858
4.77876, 193.891, -712.152
3.30374, -43.0849, -23.12
4.68319, 316.048, -55.1515
7.45767, 912.55, -406.965
6.26931, 4666.34, -4484.67
4.97846, -8.4225, -748.478
7.01651, 340.121, -51.2953
4.68213, 307.08, 6.93453
5.09239, 2361.22, -1838.39
4.44866, -2073.4, -3443
5.63431, 273.294, 33.0385
5.19331, 122.898, 10.8822
4.35955, 224.477, 1083.2
2.54674, 157.956, -921.408
6.3794, 157.035, -43.953
2.85317, -351.608, -373.613
3.98511, 1018.49, 176.645
4.78581, 8.94059, 1946.03
3.25156, 230.766, 11.8007
5.97819, 53.1869, -522.797
4.15587, -327.543, -357.146
5.21197, -4003.52, 7031.58
2.64678, -3781.22, -2538.05
5.38086, 634.089, -624.568
5.18133, 259.843, -456.903
7.36678, 412.557, 349.784
5.57063, 11.1154, -156.541
5.26431, 3062.4, -5317.54
6.69051, 1019.68, -310.192
3.75764, 566.192, -1167.43
6.98957, 397.373, 137.061
5.97428, 194.071, -197.785
5.82752, -594.56, 2582.99
3.06838, 737.682, -588.473
3.37987, -1884.71, -711.571
2.91253, -2042.58, 3253.39
6.68103, 412.441, -58.6655
2.64818, 887.374, 4300.65
6.34719, 143.864, -12.1643
4.29829, 210.316, -4061.78
6.24626, -1151.6, -413.151
6.28385, 220.667, 88.0243
3.60834, 2613.72, -1545.01
5.58305, -256.843, 195.903
3.66846, 382.688, 214.596
6.22052, -44.1036, -4027.68
5.80997, -61.2325, -599.263
4.9209, -3930.61, 7128.15
2.58972, 519.438, 179.746
4.98291, -94.9385, 498.823
5.09587, 207.163, -64.8199
4.71395, 678.227, 3694.34
4.14528, -2633.32, 1717.87
3.52671, 376.672, -23.6987
7.19863, 7.25579, 965.599
2.85168, 1164.16, 3400.82
3.30042, 308.346, -1262.65
6.70788, -34.0414, 171.498
4.13614, 395.45, 122.708
6.85942, -115.533, 176.952
5.99896, 236.218, 46.1395
5.52801, 698.265, 395.858
4.77536, 618.457, 139.135
2.91543, -465.986, 644.498
3.94883, -3823.05, -904.649
6.51009, 63.2791, -90.1412
6.81821, 310.734, -1636.73
3.81831, -5347.06, 419.31
4.79881, 809.126, 682.906
4.95672, 181.281, -68.3052
5.82344, 1712.87, -2676.77
7.31738, 116.547, -266.066
7.23022, 599.601, 50.3728
2.81902, 1681.54, 219.566
5.04829, -496.631, -562.886
6.13222, 394.347, -369.992
5.65882, 298.582, -216.765
3.26658, -419.882, -762.952
5.09652, 679.58, 3697.62
3.52281, 6797.96, -2129.1
6.03231, 151.945, -54.1312
6.05786, -1471.1, 7258.05
3.66304, 433.284, 404.583
6.80594, 301.691, 226.87
2.67122, 501.787, -338.749
6.26587, 1099.99, -160.691
4.14789, 398.779, 1189.45
4.65309, 6146.97, -1623.15
7.33455, 23.1771, -706.429
4.05803, -1945.48, -1757.88
5.69762, -7083.09, -100.762
5.95386, -92.6463, 25.4202
5.36403, -423.247, 39.3236
6.60667, -3959.53, 7065.63
4.21807, -4261.34, 1613.52
5.09387, 386.673, -89.3053
6.78438, 332.516, 1143.82
6.18587, -48.4813, 458.902
3.45992, 2176.74, -932.97
2.83145, 80.6546, -150.978
3.60828, -5101.84, 3188.92
3.33656, 158.851, 98.236
6.31172, 328.484, -46.7524
5.44905, 1915.48, -2476.3
4.65223, -7424.31, -493.258
7.09618, 1572.19, 97.047
5.09668, -1154.49, -1640.31
7.38058, -316.426, 82.2376
5.15714, 492.496, 84.1202
2.98716, -1172.4, 460.026
5.83983, -517.988, -467.163
5.44444, -585.524, 3109.46
5.01137, 69.2089, -17.6462
2.75808, 345.041, 1487.7
2.6753, 127.435, -49.8476
4.41484, 21.023, 451.878
5.55555, -3134.6, -3412.99
5.06574, -7423.13, -484.985
5.98498, 588.485, 40.7885
4.89891, 122.375, 267.184
3.88323, -7647.04, 28.5513
6.01685, -343.096, 3375.81
3.67701, 217.847, 480.546
6.41501, 147.816, 85.1926
6.60589, 104.825, 22.0378
3.21842, 4768.28, 4055.05
5.75757, -225.565, -539.867
3.87677, -1668.19, -1988.23
7.26215, 3394.79, -1247.73
4.58238, 206.613, -153.618
3.03869, -202.439, -787.52
4.70633, 387.683, -600.547
6.28811, 229.833, 29.0768
2.77803, 733.976, 34.2006
3.51241, 142.565, 10.511
6.82305, 682.318, -285.764
6.52456, 145.016, -147.102
2.78861, 789.714, 2039.29
4.40304, -178.68, 287.983
4.56124, 466.829, -123.198
2.80071, -1894.05, -911.964
7.09746, -1192.58, -948.194
3.35398, 337.532, -129.595
6.51634, 358.572, -0.500724
3.88599, 3280.46, -841.018
4.44586, 195.223, 64.4967
7.19936, -2163.74, 1302.37
6.24573, 180.513, 3441.86
3.44774, 5202.33, -5226.54
6.89581, 187.223, -17.1133
6.8953, -21.7183, -7.76382
3.30515, 260.778, -1982.23
5.87346, -32.7908, -432.869
6.89096, 295.661, 49.541
6.98262, -804.143, 4653.75
3.06535, 522.465, -81.5566
5.93789, -2228.2, -1638.53
3.21651, -156.137, -147.415
3.6901, -943.441, 366.902
5.64383, 3569.86, -2454.61
4.312, 447.201, 383.389
4.64437, -2257.85, -2064.61
4.91936, 1852, -2247.75
6.20379, 152.311, 2022.98
3.23098, -164.627, -456.296
7.36238, 318.269, -44.8356
7.3158, 482.668, -12.8744
3.14741, 3147.63, -1931.26
5.3784, 302.745, -284.782
4.66439, 307.165, -1083.94
5.50066, 255.555, -74.5475
5.85098, 476.508, 317.653
4.5137, -3731.9, -1300.43
6.46691, -2070.76, -1762.1
4.89889, -4491.67, 2146.34
5.72449, 460.704, -48.314
4.28836, 7157.08, -1109.73
5.96794, 199.729, -959.273
5.83428, 1172.31, 689.798
3.22071, 396.894, -21.8378
7.10415, 230.395, 23.3268
4.22228, 1339.48, 4791.18
6.66824, 470.422, 268.81
2.74349, 269.198, -1045.1
3.27936, 1553.87, -2668.78
2.55765, 924.499, -244.946
3.94327, 470.074, -290.657
5.07295, 179.832, 793.353
3.65948, 1432.37, -4290.57
2.75022, 207.662, -400.478
5.33091, 296.233, 80.8896
6.69774, 379.426, -537.201
4.28763, 813.006, -306.137
4.3452, 183.601, -808.439
7.22226, 251.586, -90.0577
4.72425, -1295.34, -27.8267
6.82086, 44.4467, 137.452
5.82654, -22.3726, -749.471
5.79297, 794.938, 190.277
7.10736, 3117.91, -2310.3
5.11536, -4015.75, 3190.39
5.45229, -75.9925, 770.766
5.79944, -209.959, -3195.19
4.24765, -1805.07, 1188.44
4.11714, 534.054, 66.4095
7.08984, 234.432, 943.554
3.08619, -5948.83, 2355.68
7.31268, -426.783, 466.118
5.17978, -78.1005, 443.686
5.81447, 1990.05, 1160.81
5.48362, -6200.04, 2985.49
6.93363, 218.524, -978.131
6.67999, 727.097, -59.6942
6.69339, 222.328, 17.812
6.85642, -540.691, -517.638
2.5002, -617.673, 2645.62
4.77274, -1322.94, -3915.69
4.25696, 1629.81, 136.022
5.80713, 6301.48, -4779.77
6.22234, -392.995, -57.4506
3.3821, -1175.42, -5347.33
7.4621, -1371.51, 1565.74
5.95466, 431.971, -489.04
6.97862, -561.185, 203.397
3.51579, -1362.81, -611.121
7.2356, 661.301, 621.206
4.88476, -5660.6, 3102.97
6.78578, -5105.51, 3188.46
6.41237, -30.8413, 189.584
5.70687, -3866.21, 3757.75
3.14521, -256.707, -11.6222
5.77944, 251.036, -626.28
3.09199, 259.294, 91.4096
3.88793, 3153.58, 915.789
6.65548, 41.1438, 2934.12
6.14153, 4788.2, 6179.41
6.74348, 5342.45, -3999.4
3.43989, 22.4355, 375.942
6.09602, 297.354, -1.42968
4.25586, 160.852, -399.322
3.34555, 68.0715, -256.57
4.52383, -5739.48, 637.9
4.20924, 122.156, -353.192
6.67141, -204.147, 210.592
3.9111, -4442.88, -7203.54
5.16766, 4564.44, 2599.25
6.25085, 1371.28, -2428.32
4.62554, 400.623, 171.331
4.66964, 331.46, 117.147
3.03022, -4143.92, -3089.1
6.4639, 333.503, 360.171
3.91232, -18.0491, -38.5895
7.14264, 4735.9, 7409.71
5.37926, 66.0945, 66.1518
3.4895, -458.923, -667.338
5.99081, 152.998, -122.94
3.07265, 1360.22, -269.439
4.22945, 249.082, -1254.15
4.15646, 383.133, 181.08
6.42735, -6219.38, 3022.09
6.65775, 729.533, 150.874
4.21712, 346.112, 156.537
4.2603, -542.821, 25.0786
6.38197, 354.472, -184.635
6.58658, 294.243, 376.617
4.26157, -621.038, -535.264
7.09559, 208.82, 149.612
3.2877, 733.318, -171.908
5.56029, -23.8076, -489.835
5.54222, 179.07, 150.378
3.16647, 3513.55, 3528.42
3.51409, 4525.55, 6131.25
4.79457, 497.096, 234.668
3.48759, -222.749, 1637.45
6.77118, 133.222, -69.8121
6.54562, 1371.21, 1192.44
2.80131, 2995.99, -1923.82
6.50584, 1895.24, -5580.44
5.49597, 222.574, -79.0011
7.43182, 432.388, 147.706
2.65919, -44.2774, -274.299
6.8356, -3801.96, 4507.58
3.69109, -2483.5, -829.884
3.6127, 2496.92, 1009.49
4.73907, 7877.11, 3676.78
2.61231, -402.056, -324.098
6.79755, 231.542, 143.685
4.15902, 492.265, -4563.46
5.72195, 575.652, -411.34
7.43521, -500.579, -163.319
5.30162, 271.043, -41.4623
4.74553, 153.801, 133.162
5.213, 264.167, -583.971
2.90797, -2960.08, 1037.21
3.99606, 1647.38, 3323.75
6.63964, -4191.25, -766.84
6.48936, -4925.43, 2152.6
5.71048, 196.627, -210.776
4.84105, 19.7226, 610.097
7.15326, 553.187, 2054.98
5.08798, 170.685, -728.839
7.42924, -5070.59, 3137.61
5.94567, -169.473, 101.163
6.19966, 345.936, -510.978
3.46323, 1155.86, 1658.7
6.08881, 3307.94, -1858.46
6.11146, 594.958, -638.484
6.49298, 212.317, 72.9801
4.23216, -5759.79, 361.404
5.1481, -2554.02, -1458.6
3.19001, 1060.32, -68.1419
6.73218, 76.3087, 103.492
6.32766, -55.4123, -253.056
7.5, -6199.58, 2975.28
4.24891, -8954.54, -2880.23
5.50367, -1051.31, -373.065
3.50808, -549.884, 3741.49
6.2385, -3961.22, 676.48
6.49225, 1207.01, -512.596
3.03505, -929.31, -99.2138
5.35813, 234.427, -1.11986
2.84683, -5723.06, 1896.51
4.16036, 574.12, 1227.92
5.80945, 156.609, 56.4015
5.27726, 440.106, 4349.89
7.12415, 430.838, 671.455
2.69832, 371.105, 3028.03
2.62083, 621.385, 835.259
4.61923, 342.236, 131.075
4.36987, -789.045, 501.231
2.93303, 4099.68, 4049.35
3.05403, 158.878, 284.377
5.31992, -5614.89, 179.706
7.37269, 179.041, 173.631
3.05066, 177.63, -4187.67
5.99352, -3375.32, -3748.01
2.79674, 83.7342, -91.0864
4.69755, 1052.33, -669.866
5.24651, 1268.97, 512.471
3.45129, 363.857, -352.462
7.36597, -128.416, 4.67039
3.19593, 85.6638, 240.259
5.48978, -3367.73, 260.384
7.12812, 205.176, 216.223
3.91116, -1816.38, 422.129
6.8307, 298.86, -0.81784
6.29598, 805.407, -1222
6.10793, -110.377, 488.354
3.34241, 125.763, -50.2727
3.32882, 1665.35, -2793.02
3.39076, 235.706, 219.947
5.87226, 301.07, -73.4255
4.83484, -556.157, 860.537
6.85219, 378.545, -15.9465
5.76023, -503.483, 475.883
5.80464, 1981.8, 1162.83
2.58037, 307.667, -570.283
4.30596, 6631.33, 3718.76
3.72747, 109.023, 1490.78
6.93086, 371.964, -459.529
5.23701, -8452.51, 157.303
6.57209, -357.265, -166.143
5.24453, 1192.25, -70.2141
4.16156, 688.038, -331.538
4.40213, -1982.5, -3559.14
2.52389, 2414.04, 485.721
6.95226, 58.7028, 108.358
6.16955, 608.422, 176.407
6.04239, 212.555, -208.137
5.1278, 2107.88, -3114.09
6.41065, 97.7397, -301.869
3.42484, 92.9204, 148.353
5.72673, 268.527, 112.587
3.42178, 230.908, -63.663
3.31214, -937.626, 671.941
2.65594, 1271.79, 1468.66
7.42716, 559.174, -178.915
4.04559, 653.365, 20.0671
4.11075, 760.928, 35.2558
5.51155, 20.5354, 93.6306
2.89107, 6466.71, -1203.19
3.93936, -807.996, 67.442
5.79307, -198.917, 898.769
7.36348, 553.728, -35.9354
7.27758, 4563.02, 1845.28
7.42745, 305, 258.178
7.30478, 225.712, 92.8196
3.0073, 830.432, -129.635
3.71505, -433.639, -37.5289
6.91151, 465.768, 145.562
5.28805, 25.5592, -30.4535
6.7669, 290.772, -134.552
7.49145, 656.231, 57.3606
3.99751, -5455.54, 2113.14
6.33157, -9853.01, -3183.02
4.81901, 941.196, -1666.53
6.8168, -418.239, -306.758
6.99018, 174.508, -321.007
7.377, 591.648, -95.7012
2.77405, 654.342, 180.015
6.32605, -424.334, -157.076
5.09219, 1746.05, -2603.43
3.46574, -485.089, 469.786
6.98252, 150.145, 50.134
6.38492, 175.259, -24.6894
2.75968, 875.403, -2011.92
7.47331, 1717.06, -2590.19
5.93659, 121.339, -53.0413
5.94854, 2020.87, 1188.03
6.57666, 3256.98, -1566.44
7.05426, 110.915, -134.651
3.34218, 3011.21, 5745.32
5.24183, 3226.65, -2377.95
6.53351, 59.6264, -79.942
4.17803, 175.653, 136.955
5.53435, 491.24, 451.854
6.59602, 1846.29, -2487.2
7.3485, 186.808, -246.657
6.29349, 787.763, 648.088
3.72113, 110.1, -1320.58
5.80589, 265.187, -78.5305
4.21574, -226.34, 103.017
7.27146, 45.558, 71.3169
2.60828, 3480.37, -3672.78
4.54979, 251.83, 42.5296
2.55789, -4926.43, 4377.35
3.04964, 329.544, 1853.65
5.28259, -37.0094, 267.978
4.45466, 343.936, 169.755
7.20539, 178.435, 142.485
2.55572, 86.6237, 102.023
6.22897, 1338.5, -3106.5
3.84293, 171.401, -146.6
4.27153, 409.022, 424.328
3.45835, 7193.48, -7309.07
5.14832, -94.092, -194.549
4.39478, -1048.71, -6091.73
3.16407, 222.404, -218.017
4.26563, 436.316, -982.268
4.2497, -5732.59, 2948.71
7.41084, -2484.75, -1911.68
5.25961, 423.13, -396.572
4.99918, -2013.04, -587.251
3.58531, 1618.53, -2336.21
4.37311, -196.095, -852.528
6.78251, 3738.61, 3384.47
6.45578, -3529.6, 7175.74
3.9204, 3239.32, -4150.71
5.07645, -376.334, -458.262
6.79238, 381.875, 62.9008
7.07844, 270.166, -67.6128
7.48941, -2070.3, -1776.95
6.53177, 167.466, 23.8059
5.22718, 283.243, -616.732
7.3461, 920.894, 22.6058
5.31931, 1014.6, 527.183
4.03031, -120.994, -61.4532
5.41853, 275.254, -188.153
2.91197, 127.151, -154.18
5.47382, 62.6079, -90.7571
3.31968, 3237, 6368.37
6.46527, 916.195, -26.3682
2.95373, -246.404, 1752.79
6.3072, 122.805, -734.745
6.83996, 390.41, -19.2991
6.40105, 226.671, -85.3279
6.61399, -1954.65, -267.546
6.70974, 187.985, 95.2953
4.48328, 311.866, 767.244
6.508, 173.649, 130.541
6.56811, 18.7324, 104.279
5.43493, 308.606, 773.833
4.64621, 264.155, 779.934
2.5002, -1405.37, 447.476
5.31153, 335.007, -46.1425
6.22632, -974.947, 774.277
3.89846, 3772.94, 2296.48
2.93406, -972.963, -5403.86
3.5733, 1013.34, 1234.99
3.93296, 784.228, 255.601
4.86595, 713.521, 199.324
6.95893, -2041.69, -1696.47
5.91955, -730.063, 243.051
3.54376, 132.329, 49.5176
6.67533, 190.88, -15.349
7.09218, 456.7, -1123.54
4.48244, 594.696, -227.336
6.37858, 1701.71, -38.0773
5.68161, 771.462, 538.988
6.64746, -390.721, 125.013
3.40204, 2143.86, 572.619
7.45927, 277.68, -79.991
6.70558, 261.537, -19.3888
4.65177, 43.5601, -678.124
4.38589, 175.116, -87.3042
2.70802, 377.245, -665.512
6.80715, -702.981, -1105.42
6.62116, -4996.22, 2978.44
6.25052, 1966.65, 1158.29
3.55801, 184.078, 8.37288
4.31029, -405.615, -169.977
4.43545, 104.103, -261.671
7.32918, -3563.58, -2221.46
6.5872, -86.9321, -138.78
4.5755, 2666.29, -377.426
5.83759, -254.358, 265.884
2.52101, -4855.18, 5167.96
6.98048, 309.511, 4.53177
3.68416, -185.07, 1392.62
3.79415, 274.695, -140.12
5.4939, 1537.76, 231.905
6.89823, 367.371, -78.5824
6.16299, 340.064, 258.172
6.0773, 736.537, -329.403
3.57724, 7132.67, -318.874
6.30413, -4815.61, 3795.14
3.85351, 109.675, -239.277
2.75246, 39.5191, -201.924
4.78866, -2090.81, 451.999
2.58759, 316.439, -42.0856
3.01129, 7364.52, -4658.54
2.639, 3764.4, -2288.14
5.65921, 217.664, -271.773
6.34425, 223.564, 43.7542
2.74132, -228.774, -117.347
6.6924, 179.071, 133.086
6.76899, 176.777, 2.64805
6.57649, -156.28, 641.081
6.85188, 559.316, -5087.98
5.27222, 1218.19, -527.768
6.12646, 156.024, 12.2806
3.20424, -5232.74, 4532.09
6.6115, 299.319, -27.5666
5.51185, -3131.74, -3417.55
4.93856, 202.116, -876.125
6.14942, 616.471, 337.941
4.05164, -1821.84, 1261.21
3.93925, 34.6742, -449.409
5.45857, 2398.56, -2998.73
5.34055, -3570.57, 1890.07
5.41059, 2909.83, 2435.91
2.84132, -510.837, 142.255
4.34304, -1659.12, -707.256
6.28475, -385.716, -54.8997
6.35297, 556.266, 3403.2
4.27217, 383.628, -13.2718
5.98913, 13.8689, 95.7345
5.08005, 1843.26, 1233.87
5.94494, 633.373, 422.846
6.18066, -1721.57, -1410.82
2.56231, -3203.52, -1848.42
7.16549, 259.709, -52.2303
5.37826, -176.939, -235.643
3.05587, 1019.18, -90.8928
4.87388, 307.35, 119.968
3.24247, 1934.28, -1220.5
4.22594, -10283, -2278.9
7.04476, 245.569, 99.3774
4.54571, 3236.69, -1595.64
5.96642, 166.679, -100.704
3.35865, 143.619, -288.642
6.21715, -5595.31, 1935.52
4.16319, 299.419, -420.069
4.62157, 359.199, 64.4202
2.79523, 76.0464, -319.745
5.09005, 413.582, 84.5776
5.94425, 501.493, -704.988
5.01149, 737.618, 203.794
6.56617, -54.1676, -128.546
3.07974, 187.382, -169.222
5.24841, 562.545, -588.314
5.06046, 746.959, -227.059
6.02649, -2059.51, -1681.68
5.65083, 170.07, 129.878
4.0207, -279.422, 178.568
6.74719, 150.056, 0.698038
3.39619, 1980.91, -2491.56
2.61737, 467.102, 1642.2
4.19467, 636.728, 164.575
3.43818, -2033.48, -1861.27
6.60467, 453.086, 108.441
6.72507, 93.1645, 3433.26
6.78031, -3576.65, 2000.22
7.37454, 289.522, -62.4344
2.99587, 67.694, 257.374
2.56182, -4623.94, -3419.58
2.58614, 686.71, 651.078
2.64527, 60.0999, -726.314
4.1031, -1863.31, -1893.39
6.17815, -3641.04, 2181.1
3.14876, 859.431, 1.8329
2.5161, -3575.4, -751.378
6.91905, -1253.34, -904.945
3.70482, -168.352, 46.8047
4.38481, 96.8872, 1433.36
4.44879, 361.071, 59.982
2.81534, 4250.75, 1611.59
7.30792, 356.949, 37.6592
3.75349, 685.576, -327.91
6.85376, 161.544, -106.302
2.85991, 3582.01, -4813.34
2.70653, 4728.53, -2838.83
3.46378, -567.008, 341.821
3.86708, -2404.36, -1988.4
7.4007, 251.112, 53.7671
3.60607, 1421.32, -5841.65
6.43119, 1732.34, -2619.89
4.42306, -430.612, 1819.31
3.78593, -3313.7, 3856.28
3.91087, 168.856, -376.883
7.33834, 1389.7, 693.79
4.22841, -161.94, -143.566
3.45922, -607.536, -797.927
5.05037, 451.957, -136.072
5.21857, 1289.5, -5211.15
5.72333, 917.136, -480.446
3.89738, -1159.59, 119.791
3.41887, 67.0797, 41.3155
2.71579, 2452.64, -2853.83
3.98408, -341.937, 301.78
4.25548, 592.748, -368.44
7.09372, 216.162, -111.313
5.81225, 15.5547, 457.513
5.08041, -2090.89, -1754.95
4.03763, 358.724, -130.569
3.0007, 2026.39, 2164.04
3.47502, 372.122, -24.1707
4.11407, 3590.69, 3606.49
5.56182, 68.8034, -634.719
5.13511, 3416.46, -1705.93
3.45653, 375.89, 93.2561
4.7178, 6360.92, 3748
4.48693, 7325.65, -1429.13
6.28051, 209.514, -38.4225
6.6213, 769.319, -284.652
5.51573, -523.394, 654.39
3.04573, 82.0815, -607.737
4.11797, 2548.61, -809.055
5.03403, 96.0329, -129.498
4.76521, 777.938, -674.657
4.77315, 400.413, 332.346
4.91125, 427.127, -2.75444
5.07896, -4953.89, 856.062
4.50207, -2371.79, -947.455
4.22945, -269.325, -149.169
6.64533, -316.427, -503.657
3.02204, 2385.92, -1714.85
6.40057, 294.578, -328.398
3.19919, 866.994, -617.175
2.62171, 4439.92, 4993.41
6.0664, 79.6906, 1093.44
7.15538, -194.086, 651.156
7.47667, -78.0057, -194.401
3.86264, 181.3, 120.32
3.6923, -1986.7, 68.9451
3.87328, -510.711, -3428.14
5.70836, -838.676, -938.869
5.17637, 96.1552, -183.488
6.8967, -3186.68, 5642.93
6.75968, 71.9208, -9.72702
2.98004, 35.1375, -108
4.66818, 274.081, 159.756
3.17045, 370.541, -388.72
5.86802, 235.903, -3.93125
5.34964, 519.571, -403.469
3.66474, 20.3497, -405.657
5.50306, 1304.46, 336.16
2.6551, 325.38, -337.907
7.08512, 159.886, 93.3388
3.82958, 456.442, -628.185
6.50016, 362.302, -50.0646
5.46389, 219.669, 7.74116
5.0822, 480.594, 154.059
5.2567, 2714.12, -1414.97
3.47225, 203.909, 26.1748
5.36152, -3300.49, 77.3427
3.81992, -703.797, 7829.15
4.41648, 3206.9, -6568.85
2.73626, -358.173, -163.025
4.22823, 559.001, -367.941
3.61594, -3391.05, 8259.48
3.81264, 76.0391, 73.3776
3.05141, 494.371, -277.566
7.40088, -106.154, 78.8817
5.93794, 721.404, -288.265
5.82158, 120.439, 299.244
5.99501, 622.67, 24.1987
2.68746, 197.885, -112.746
3.6706, 50.4757, -41.2706
3.95397, -6450.43, -9701.83
3.50543, 105.901, 326.659
2.7177, -2987.35, 4522.66
2.56571, -1729.16, 31.3486
6.07297, 6805.67, -2132.08
6.88348, 821.069, 125.121
5.35088, 2035.03, -3721.03
6.92743, -3463.07, -3956.72
5.20042, -1853.74, -767.274
3.31357, -1781.18, 55.4599
3.30492, -3071.99, -2247.96
7.19182, 251.008, -56.0924
3.45628, 317.73, 705.241
3.15761, -3225.35, -465.544
4.41122, 713.674, -716.647
6.12674, -594.042, 3119.81
2.50651, -7420.12, -484.535
4.60222, 5263.45, -2967.87
5.18984, -768.262, -159.227
4.86596, -1521.92, -655.039
6.33003, -282.062, 217.603
2.9396, -934.903, -1136.25
7.04284, 288.769, -121.712
3.20818, 522.863, -509.459
2.54782, 398.284, 255.288
2.82267, -80.6376, 795.87
4.96742, 291.987, -347.041
5.40914, 375.783, -25.3154
4.03373, 4396.93, -7658.19
4.57091, -115.769, -290.691
4.33401, 1931.45, 2171.84
3.42687, 502.323, -2483.71
2.76788, -3119.84, -2711.22
4.47222, 28.6955, -17.6045
3.98388, -1671.28, -1730.19
5.05388, 12.8014, -127.324
3.75392, 2609.14, -4163.73
5.01589, -1648.53, 2795.57
2.51168, -36.3356, -199.859
7.01807, -6195.22, 2974.12
2.79181, 3711.04, 3932.35
5.17506, 261.673, 3442.95
3.95754, 3030.86, -1125.29
7.3023, 225.959, -13.4022
4.73406, -3592.35, -1314.36
5.08479, 166.171, -149.204
5.93861, 1128.96, -927.036
2.72187, 366.9, -303.705
7.2946, 4185.7, -3008.36
5.70852, 434.168, 430.842
2.80215, 26.6222, 135.256
3.33964, 397.445, 270.955
5.76491, 341.642, 361.902
6.19864, -564.466, 2579.5
3.57011, 503.356, -379.54
4.31441, 917.472, -1928.25
6.56981, -82.0901, 166.94
5.32057, 182.739, -4.84836
7.45886, 305.602, 104.564
6.5669, 78.2111, 608.886
3.49157, 3833.64, -4832.45
2.50003, -1.3898, 886.84
4.62608, -3798.93, 4526.45
4.07406, 1857.05, 1123.76
5.56218, -3950.16, 623.536
3.83351, -52.5688, 0.511433
4.39881, 1703.08, 298.209
5.43397, 281.148, -52.5469
5.95636, -2497.14, 209.841
7.26736, 245.6, -17.2533
4.89785, 254, 592.421
3.60319, 600.585, 1221.48
5.33741, 804.558, 615.49
6.09873, 268.058, 49.5131
4.4953, 1748.81, 161.847
3.48326, -25.8163, -91.9767
6.66971, 497.122, -135.147
5.59561, 541.479, 132.382
7.26866, -157.154, 61.8269
3.23222, -459.976, 695.966
5.38953, -497.717, -376.576
7.26796, 224.024, -70.3754
3.62331, -6228.94, 3163.61
7.25137, 181.505, -248.021
3.07874, 663.926, -374.445
2.58372, -433.574, -2.56355
3.90465, 510.677, -92.9426
7.15042, 535.336, -309.247
3.04796, 36.2693, -163.177
6.77266, 194.468, -227.583
5.68532, -383.913, 353.45
5.63853, 223.679, -138.871
3.80589, -675.05, 1305.02
5.13936, -1049.62, 177.493
7.16608, 2479.57, 1044.03
3.98055, -1153.17, -25.412
4.78006, 299.687, -86.0816
6.35659, -1261.71, 5207.06
4.17193, -2241.11, -3543.47
6.31775, 461.987, 182.402
6.65892, -2428.33, 2784.27
2.64618, 2641.26, -1767.06
4.31315, 124.469, -1108.39
4.16221, 385.258, 198.719
3.17675, 2141.66, 2361.02
3.00839, 1416.3, -4389.92
5.11327, 361.997, -251.136
3.52046, 994.184, -728.499
5.00728, 72.2139, -820.807
5.1371, -5518.52, 3761.5
4.13422, 291.128, -169.089
4.75888, 146.106, -552.071
6.85263, -851.479, 561.285
4.72884, 459.817, 273.437
6.03726, 163.703, -108.307
6.83171, -1838.17, 354.403
6.5822, 365.524, -607.583
2.67504, -4260.29, -1656.1
3.8644, -985.307, 2155.59
5.21858, -1616.75, 1078.58
3.19942, 5167.88, -781.625
5.57408, 292.612, -337.142
3.29182, 808.782, -601.247
4.41129, 532.888, 565.669
5.94997, -826.565, -283.075
3.21128, 4263.02, 31.3647
5.65284, 425.668, 265.98
3.15973, -3653.69, -1660.34
7.13583, 391.16, -21.9016
5.53465, 6097.41, -9298.74
5.50388, 794.293, 852.895
3.33635, 1402.16, -227.748
3.301, -1855.93, 2355.35
5.91628, 406.187, -216.405
5.1456, -379.066, 866.337
3.65264, -2103.55, 1152.54
6.55373, -113.975, 43.7983
5.76477, 337.948, -136.062
4.08597, -182.748, 627.514
2.53953, 564.525, -554.36
3.49176, 367.404, -134.991
3.78831, 263.411, -32.7479
3.03825, 471.34, -1626.38
3.49545, -174.073, -633.662
6.75079, -6449.8, 3384.66
6.63912, 102.721, 625.541
6.76813, 235.971, 26.8275
5.71027, 237.847, 83.2457
3.6787, -3194.92, 3306.41
6.80638, 528.579, -46.5076
5.4745, 512.476, -58.8307
2.52745, -1862.43, -1350.43
6.84925, -62.1546, -594.989
7.37729, 447.892, -148.282
5.59653, -2044.15, -1698.71
3.85574, -432.427, -702.36
7.46973, 228.305, 106.112
4.60751, -674.164, -796.054
4.20537, 937.386, 89.5134
4.80717, 283.297, -129.746
4.44822, -1144.43, -3177.42
4.613, -5285.11, -974.629
2.84879, 157.161, 933.119
5.5153, -233.225, -187.25
7.36114, 86.9374, 159.183
5.07406, -67.5871, 62.6514
7.45461, 268.472, 102.862
5.84906, -2958.83, -6838.45
4.01716, 775.231, 692.747
3.47371, 739.285, -327.421
4.0109, -1641.18, 32.4634
4.93946, -82.076, -124.125
4.72438, 1025.1, 106.382
5.7844, -129.864, 162.113
3.74227, 6631.73, 3720.1
4.72007, -1289.94, -1012.07
5.75894, 465.782, 111.764
6.67472, 366.02, -98.5784
6.03698, 73.328, 1081.03
4.93928, -187.341, -1282.58
6.72039, 853.599, 101.371
7.00296, 735.81, -619.244
6.33082, 97.4802, 238.623
5.29453, 783.439, 1527.47
2.70603, -643.09, 670.88
5.46749, 328.499, -32.2707
2.68674, -80.5966, -4261.56
4.53488, -1600.87, 1548.49
2.84243, -322.958, -657.938
7.38558, 96.2348, 158.637
2.5956, 2008.7, 3384.94
6.60363, 339.041, -107.045
5.2195, 4296.52, -3717.22
5.72828, -198.65, 838.477
3.62934, 257.629, 66.6169
2.733, 765.163, 3622.49
3.63154, -85.8667, -388.417
4.58371, -197.615, -2828.66
6.40126, -362.07, -212.611
3.72852, 1842.23, -2486.08
4.81411, -46.9361, -469.662
6.14756, -1446.18, -827.301
5.35237, 6138.05, -843.058
5.45997, 871.832, 89.3351
4.98425, -1135.29, 8.76459
3.951, 199.721, -132.591
4.71107, 590.771, -537.313
2.53669, -3566.79, 7858.41
7.41683, 267.044, 22.8602
2.52822, -142.465, -394.265
4.8676, 2192.32, 604.513
5.86497, 4214.27, 7235.08
