6.27803, -3459.81, 2033.85
3.5948, -85.5879, 1122.9
5.89648, 425.66, 141.112
5.09708, 590.544, 124.737
2.76731, 6697.12, -6858.3
2.53849, -2377.51, 2897.46
4.58743, 9399.67, 5579.53
7.15218, 223.01, -119.197
2.95982, 645.127, -429.871
6.00595, 389.288, 28.273
3.81226, -97.2423, -70.6887
4.14117, 335.919, -91.4949
7.45519, 744.943, -796.424
7.41275, 241.949, -40.7542
5.75759, -539.861, -280.033
6.92354, 311.5, 45.0281
6.33247, 43.3781, 162.46
3.87453, -2584.37, -965.838
4.93259, -1385.46, -1138.67
2.80282, -8533.28, 2175.98
5.08146, 266.699, 22.1223
4.96988, -5952.86, 2237.93
7.23882, 238.499, 113.756
4.42071, 232.082, -145.254
5.14874, -4475.67, 1163.54
2.75042, -320.764, 5955.6
6.63909, 518.638, 135.825
5.94228, 811.889, -224.698
6.18112, 725.622, 101.896
6.94286, -4403.06, -3814.03
4.25508, -250.327, 268.148
6.72991, 289.589, 143.201
3.84659, 896.94, -382.23
4.83959, -192.744, 591.662
3.2686, -51.7598, -146.811
2.66527, 922.959, -566.309
7.2768, -1433.25, -994.003
6.95369, 59.8044, 197.95
3.29884, -85.4983, 423.576
3.15214, 1938.1, -1099.06
2.515, 3497.96, -635.388
6.0491, -11.2033, 67.9902
3.40448, 226.519, -78.9036
5.76029, -1083.32, 226.014
4.42907, 131.021, 119.55
3.23766, 1397.72, 1471.2
5.45054, 858.849, 247.625
3.24076, 3115.77, -1510.77
3.2091, -2576.29, -1480.94
4.94257, -144.768, -143.473
3.13015, 499.277, -435.105
5.64635, 1112.93, 247.187
5.60817, 322.199, -186.578
4.88216, 4056.55, -5592.68
2.64188, -775.812, -96.5256
3.21011, 4857.74, -698.395
3.15594, 677.063, -48.4402
3.31099, 1661.7, -2554.11
3.76529, -129.378, 135.867
4.77654, -5675.93, 2730.03
6.54472, -159.358, -1149.27
3.57624, 250.378, -95.3417
3.75063, 321.145, 12.3647
5.02978, -1330.49, -2322.33
6.27922, 238.733, -115.681
5.66369, -1939.54, -3891.29
5.9449, -2408.53, -1815.45
7.27207, 119.458, -332.811
5.18713, 5846.86, -2962.46
4.57014, 134.3, -2615.79
4.70019, -348.752, -429.217
6.07821, -1998.86, -1850.55
6.20858, -2939.41, -2179.18
5.12494, -3801.66, 3033.86
6.06711, 183.435, 48.1749
5.91025, 419.595, 271.508
6.82941, 2282.1, -1814.67
3.19597, 441.139, 1812.06
3.57766, 326.291, 25.2999
5.0733, 1400.86, 2458.81
4.83766, 243.861, -128.189
3.55759, 4352.94, -4409.7
5.65244, -191.143, 340.175
2.5044, 3437.73, -4947.7
4.09589, -885.785, -2955.08
5.90281, 243.78, -9.85637
6.0446, 153.093, 15.3181
2.90869, 100.071, -152.122
3.56926, -144.424, -541.788
4.44412, 325.054, 86.6915
4.44927, -4369.49, -1473.41
3.92018, 111.547, 599.946
4.6123, 288.749, 16.6282
2.55658, -2556.74, -180.951
3.72027, -6063.72, 3184.39
4.49072, -2365.64, -3938.62
6.64177, 897.682, 301.92
3.78584, 677.751, -501.628
3.59705, -1191.27, 652.501
6.47385, 161.2, 80.9685
5.8476, 1573.69, -390.013
5.49108, 525.442, 916.422
5.99917, 2846.69, 1894.39
5.13062, 305.363, 411.079
4.14833, 141.427, -144.403
3.30844, 6748.11, 1179.33
6.56633, 180.886, -17.9957
4.08004, 62.7909, -692.974
4.05369, 792.306, 432.175
4.65424, 137.797, -8.0877
4.46509, 396.255, 241.194
4.43916, 126.28, -160.683
4.34871, 179.725, -229.881
5.88118, 262.552, 161.679
6.10384, 502.923, -290.116
7.20082, -2513.28, 1052.09
5.08573, 441.017, -237.859
5.5282, -534.892, -173.467
5.85049, 1665.83, -2518.12
5.11404, 26.8835, -171.871
3.87105, 146.945, 174.006
7.08924, 292.285, -94.419
3.73367, 188.937, 184.232
4.77876, 373.184, -536.531
3.30374, 158.136, 137.535
4.68319, 341.767, 48.625
7.45767, 900.653, -375.995
6.26931, 4378.28, -4234.8
4.97846, 25.0219, -820.184
7.01651, 116.308, 1.6722
4.68213, -95.9703, 149.362
5.09239, 2272.16, -1797.91
4.44866, -1987.72, -3267.91
5.63431, 137.963, 133.54
5.19331, 213.511, 69.3054
4.35955, 170.817, 1122.79
2.54674, -13.2793, -876.141
6.3794, 281.789, 45.667
2.85317, -461.104, -502.924
3.98511, 803.912, 146.239
4.78581, 76.3432, 1756.58
3.25156, 501.93, 169.339
5.97819, 80.9237, -585.596
4.15587, -429.768, -495.389
5.21197, -3776.44, 6628.73
2.64678, -3614.13, -2377.17
5.38086, 454.447, -428.02
5.18133, 68.2255, -304.748
7.36678, 581.188, 328.16
5.57063, 191.292, 33.2941
5.26431, 2894.55, -5010.12
6.69051, 1142.72, -255.403
3.75764, 506.915, -1168.97
6.98957, 190.232, -28.1295
5.97428, 85.3648, -126.488
5.82752, -538.461, 2509.85
3.06838, 636.597, -675.054
3.37987, -1782.63, -735.828
2.91253, -1905.14, 3057.93
6.68103, 533.131, 83.3781
2.64818, 760.34, 4048.16
6.34719, 100.826, -75.8738
4.29829, 221.236, -3863.25
6.24626, -1037.59, -371.389
6.28385, 172.939, -12.6756
3.60834, 2562.24, -1467.22
5.58305, -335.627, 208.802
3.66846, 507.743, 306.061
6.22052, -36.859, -3828
5.80997, -191.636, -726.889
4.9209, -3682.35, 6687.39
2.58972, 668.78, 326.294
4.98291, -67.945, 467.711
5.09587, 179.254, -17.0843
4.71395, 690.025, 3533.54
4.14528, -2538.44, 1613.24
3.52671, 96.8381, -26.6355
7.19863, -1.20268, 1075.09
2.85168, 1160.05, 3230.94
3.30042, 371.929, -1238.68
6.70788, -49.6133, 200.646
4.13614, 50.2845, 119.244
6.85942, -142.442, 40.1748
5.99896, 449.933, -36.1798
5.52801, 680.434, 191.486
4.77536, 677.663, -64.9216
2.91543, -317.268, 797.893
3.94883, -3641.82, -899.193
6.51009, -70.399, -67.5716
6.81821, 261.175, -1450.6
3.81831, -5060.15, 397.056
4.79881, 776.391, 497.4
4.95672, 199.758, -171.596
5.82344, 1692.77, -2559.13
7.31738, 139.285, -290.79
7.23022, 489.937, 111.093
2.81902, 1685.6, 135.28
5.04829, -637.153, -602.691
6.13222, 400.271, -380.378
5.65882, 316.265, 39.879
3.26658, -397.591, -645.143
5.09652, 688.679, 3532.4
3.52281, 6420.12, -2016.69
6.03231, 11.942, 140.755
6.05786, -1373.74, 6842.3
3.66304, 358.605, 475.522
6.80594, 365.769, 74.065
2.67122, 413.622, -86.9786
6.26587, 1026.81, -131.055
4.14789, 375.018, 1012.32
4.65309, 5793.17, -1514.03
7.33455, 37.6121, -533.5
4.05803, -1868.49, -1760.02
5.69762, -6680.74, -85.6457
5.95386, 227.359, -65.2444
5.36403, -478.685, 212.917
6.60667, -3738.97, 6651.28
4.21807, -4036.13, 1544.76
5.09387, 72.4226, -215.223
6.78438, 265.012, 1050.95
6.18587, 29.4663, 670.055
3.45992, 1872.11, -828.363
2.83145, 222.381, -118.659
3.60828, -4812.61, 3028.92
3.33656, 251.453, -26.0197
6.31172, 251.358, -235.182
5.44905, 1790.91, -2383.75
4.65223, -6997.91, -468.961
7.09618, 1623.53, 34.6732
5.09668, -1077.35, -1587.02
7.38058, -469.149, 52.4213
5.15714, 107.183, 54.414
2.98716, -1173.61, 570.007
5.83983, -593.044, -554.36
5.44444, -590.05, 2979.36
5.01137, 286.049, 37.1626
2.75808, 406.959, 1466.49
2.6753, -142.329, 157.085
4.41484, 90.481, 541.281
5.55555, -2959.24, -3262.12
5.06574, -7000.1, -481.792
5.98498, 472.863, 109.043
4.89891, 287.153, 49.9569
3.88323, -7192.9, 35.521
6.01685, -323.245, 3238.93
3.67701, 210.086, 169.386
6.41501, 210.903, 14.1799
6.60589, 361.883, 341.201
3.21842, 4480.13, 3835.38
5.75757, -349.347, -438.22
3.87677, -1508.9, -1905.05
7.26215, 3228.36, -1224.04
4.58238, 434.337, 134.732
3.03869, -13.5725, -611.53
4.70633, 379.315, -503.553
6.28811, 169.459, -367.933
2.77803, 500.611, -26.175
3.51241, 167.372, -52.0333
6.82305, 534.826, -294.923
6.52456, 101.498, 71.9527
2.78861, 734.003, 2025.8
4.40304, -72.2632, 243.646
4.56124, 198.338, 75.9222
2.80071, -1591.88, -728.563
7.09746, -1189.12, -993.201
3.35398, 368.626, -117.039
6.51634, 311.045, -358.889
3.88599, 3002.3, -790.416
4.44586, 150.541, -80.95
7.19936, -2115.03, 1213.54
6.24573, 147.824, 3285.6
3.44774, 4871.31, -4922.71
6.89581, 222.879, -135.547
6.8953, -11.6088, 8.324
3.30515, 227.047, -1850.37
5.87346, 123.142, -60.8603
6.89096, 73.3287, 0.3958
6.98262, -786.391, 4407.5
3.06535, 505.312, -43.233
5.93789, -2028.9, -1517.17
3.21651, -18.5241, -433.595
3.6901, -920.946, 333.541
5.64383, 3400.76, -2333.36
4.312, 232.394, 287.89
4.64437, -2149.66, -1975.44
4.91936, 1792.81, -2138.21
6.20379, 116.353, 1904.84
3.23098, 60.2996, -452.81
7.36238, 150.443, -33.9794
7.3158, 509.877, -73.4426
3.14741, 3005.39, -1858.72
5.3784, 128.655, -123.187
4.66439, 222.873, -955.521
5.50066, 438.648, -106.005
5.85098, 373.907, 422.048
4.5137, -3558.87, -1229.21
6.46691, -2001.98, -1707.8
4.89889, -4236.37, 2055.61
5.72449, 222.845, 257.313
4.28836, 6733.83, -1048.98
5.96794, 146.447, -955.947
5.83428, 1103.18, 618.69
3.22071, 252.403, -72.3077
7.10415, 193.168, -201.526
4.22228, 1288.12, 4545.31
6.66824, 312.755, 19.3362
2.74349, 222.476, -1052.03
3.27936, 1494.59, -2526.94
2.55765, 782.011, -342.083
3.94327, 437.453, -230.156
5.07295, 161.678, 539.968
3.65948, 1331.56, -4078.62
2.75022, 444.097, -378.1
5.33091, 500.378, 102.818
6.69774, 536.428, -381.046
4.28763, 732.914, -127.831
4.3452, 212.995, -909.753
7.22226, 186.271, 21.9505
4.72425, -1369.03, -18.263
6.82086, 219.407, -22.9526
5.82654, 132.727, -389.527
5.79297, 610.258, 261.573
7.10736, 2997.13, -2206.25
5.11536, -3807.32, 3036.09
5.45229, -70.8147, 841.039
5.79944, -221.68, -3065.86
4.24765, -1762.27, 1166.09
4.11714, 507.676, 266.948
7.08984, 234.468, 899.384
3.08619, -5622.54, 2201.4
7.31268, -443.832, 409.588
5.17978, 4.94923, 189
5.81447, 1903.67, 1083.27
5.48362, -5845.91, 2797.94
6.93363, 146.486, -1088.65
6.67999, 544.077, -72.7711
6.69339, 211.485, 17.6478
6.85642, -471.101, -438.183
2.5002, -512.211, 2507.18
4.77274, -1210.4, -3612.8
4.25696, 1655.45, 140.861
5.80713, 5920.28, -4509.1
6.22234, -323.588, 128.736
3.3821, -1125.1, -5055.51
7.4621, -1348.89, 1555.82
5.95466, 481.395, -375.541
6.97862, -543.801, 130.372
3.51579, -1367.47, -559.49
7.2356, 726.707, 588.398
4.88476, -5358.05, 2926.32
6.78578, -4809.47, 3027.51
6.41237, -170.208, 122.792
5.70687, -3663.1, 3561.32
3.14521, 88.1762, -171.966
5.77944, 196.566, -628.365
3.09199, 137.035, -56.0185
3.88793, 3037.67, 861.008
6.65548, 72.1902, 2826.19
6.14153, 4518.04, 5823.99
6.74348, 5040.59, -3771.82
3.43989, -247.983, 388.638
6.09602, 197.972, -129.538
4.25586, 64.1327, -561.582
3.34555, 331.791, -47.9857
4.52383, -5410.52, 611.477
4.20924, 189.627, -7.61037
6.67141, -245.891, 222.133
3.9111, -4177.21, -6772.54
5.16766, 4291.38, 2457.88
6.25085, 1282.95, -2281.08
4.62554, 524.393, 260.267
4.66964, 674.867, 187.402
3.03022, -3945.35, -2898.52
6.4639, 351.86, 328.799
3.91232, 322.288, 74.3635
7.14264, 4470.2, 6952.88
5.37926, 337.778, 2.1021
3.4895, -442.266, -447.637
5.99081, 314.594, 13.4303
3.07265, 1093.65, -162.37
4.22945, 119.276, -1049.63
4.15646, 280.177, -105
6.42735, -5886.23, 2853.47
6.65775, 480.767, -75.3778
4.21712, 390.88, 22.0444
4.2603, -646.711, -37.1134
6.38197, 35.1656, -117.655
6.58658, 121.631, 40.595
4.26157, -428.548, -569.625
7.09559, 170.532, 234.989
3.2877, 681.656, -72.9792
5.56029, -75.9276, -336.538
5.54222, 171.218, -61.6595
3.16647, 3312.96, 3360.54
3.51409, 4255.35, 5781.64
4.79457, 448.418, 22.4766
3.48759, -299.539, 1609.68
6.77118, 351.564, 226.824
6.54562, 1223.76, 1070.56
2.80131, 2837.64, -1859.34
6.50584, 1796.43, -5280.77
5.49597, 426.605, -134.502
7.43182, 317.277, -77.4676
2.65919, -305.78, -158.52
6.8356, -3594.93, 4273.99
3.69109, -2206.92, -771.872
3.6127, 2284.03, 977.519
4.73907, 7412.57, 3458.73
2.61231, -371.303, -176.892
6.79755, 184.226, -99.6121
4.15902, 487.418, -4366.82
5.72195, 716.997, -452.201
7.43521, -229.322, -84.6443
5.30162, 180.975, 83.0029
4.74553, 143.796, 100.983
5.213, 162.503, -526.284
2.90797, -2669.38, 933.131
3.99606, 1617.42, 3162.67
6.63964, -3995.84, -733.774
6.48936, -4640.56, 2011.9
5.71048, 376.053, -276.05
4.84105, 23.9408, 416.196
7.15326, 570.59, 2036.22
5.08798, 232.464, -792.352
7.42924, -4787.13, 2961.93
5.94567, -286.57, -67.3103
6.19966, 242.899, -299.679
3.46323, 1194.55, 1583.38
6.08881, 3158.41, -1797.81
6.11146, 793.014, -580.148
6.49298, 123.053, -69.7294
4.23216, -5449, 348.946
5.1481, -2341.67, -1312.62
3.19001, 1181.3, -173.042
6.73218, 274.167, -40.9703
6.32766, -246.373, -426.678
7.5, -5844.67, 2804.1
4.24891, -8411.95, -2717.95
5.50367, -807.944, -247.816
3.50808, -516.986, 3591.26
6.2385, -3765.64, 626.632
6.49225, 1078.67, -395.871
3.03505, -914.865, -217.975
5.35813, 115.453, -34.9082
2.84683, -5428.97, 1801.69
4.16036, 478.551, 988.613
5.80945, 187.049, 226.778
5.27726, 431.673, 4142.26
7.12415, 433.341, 645.817
2.69832, 350.658, 2909.81
2.62083, 706.837, 941.434
4.61923, 74.5484, -111.004
4.36987, -870.919, 453.33
2.93303, 3866.83, 3816.91
3.05403, 304.436, 193.781
5.31992, -5292.38, 166.106
7.37269, 125.191, -93.8368
3.05066, 156.042, -3997.92
5.99352, -3223.13, -3562.29
2.79674, 20.0553, 321.452
4.69755, 865.184, -633.152
5.24651, 1236.94, 537.607
3.45129, 248.658, -91.3522
7.36597, 91.2391, 128.405
3.19593, 210.72, 12.5949
5.48978, -3221.84, 268.531
7.12812, 237.305, 462.736
3.91116, -1664.2, 385.157
6.8307, 465.349, -285.299
6.29598, 841.869, -1267.01
6.10793, 25.5835, 210.853
3.34241, 148.509, -36.0076
3.32882, 1510.01, -2685.5
3.39076, 378.934, 4.36421
5.87226, 283.245, -141.274
4.83484, -451.639, 744.775
6.85219, 294.546, -13.5932
5.76023, -569.026, 382.758
5.80464, 1915.96, 1091.23
2.58037, 293.981, -201.108
4.30596, 6255.92, 3518.9
3.72747, 120.891, 1219.83
6.93086, 225.351, -290.731
5.23701, -7960.29, 146.668
6.57209, -470.34, -267.591
5.24453, 747.569, -80.6396
4.16156, 821.538, -338.543
4.40213, -1899.34, -3413.74
2.52389, 2226.88, 446.181
6.95226, 252.755, -13.0247
6.16955, 784.585, 239.833
6.04239, -94.0969, 26.4657
5.1278, 2036.75, -2967.87
6.41065, 128.819, -91.4109
3.42484, 232.897, 253.44
5.72673, 283.438, 162.513
3.42178, -12.4131, -109.429
3.31214, -1012.47, 688.174
2.65594, 1260.8, 1474.38
7.42716, 278.337, -186.3
4.04559, 636.818, 90.2206
4.11075, 157.638, -10.836
5.51155, 144.879, 10.3348
2.89107, 6078.69, -1116.13
3.93936, -704.182, 14.1935
5.79307, -159.063, 721.792
7.36348, 151.189, -64.4149
7.27758, 4319.55, 1738
7.42745, 424.336, 38.4985
7.30478, 97.2289, -56.5109
3.0073, 921.94, 9.84533
3.71505, -231.839, -73.213
6.91151, 663.438, 128.085
5.28805, 290.276, 45.9054
6.7669, 124.738, 87.4038
7.49145, 471.858, 16.7005
3.99751, -5131.27, 2022.45
6.33157, -9258.09, -2999.94
4.81901, 930.106, -1428.61
6.8168, -319.675, -183.236
6.99018, 236.313, -260.633
7.377, 744.91, -72.3693
2.77405, 704.875, -70.904
6.32605, -298.151, -316.873
5.09219, 1617.25, -2548.04
3.46574, -570.924, 320.135
6.98252, 302.954, -84.6657
6.38492, 180.388, 135.91
2.75968, 831.574, -1801.12
7.47331, 1679.7, -2591.88
5.93659, 69.0559, -158.054
5.94854, 1883.13, 1066.98
6.57666, 3130.55, -1486.42
7.05426, -108.044, -90.0047
3.34218, 2824.45, 5432.82
5.24183, 3064.35, -2279.38
6.53351, 188.39, -36.8109
4.17803, 170.727, -59.381
5.53435, 251.635, 546.237
6.59602, 1773.11, -2360.73
7.3485, 120.521, -101.388
6.29349, 739.283, 565.572
3.72113, 81.7747, -1244.61
5.80589, 470.92, -151.359
4.21574, -93.1201, -15.7398
7.27146, 99.8838, 207.008
2.60828, 3266.77, -3497.79
4.54979, 62.6634, 20.8361
2.55789, -4583.33, 4136.47
3.04964, 329.062, 1729.94
5.28259, 115.922, 99.2122
4.45466, 396.623, 57.0177
7.20539, 173.437, -69.7012
2.55572, -167.061, 14.7973
6.22897, 1206.75, -2835.76
3.84293, 82.6634, -299.125
4.27153, 294.058, 269.516
3.45835, 6755.22, -6883.45
5.14832, 299.191, 54.6917
4.39478, -994.711, -5745.88
3.16407, 351.248, 84.5135
4.26563, 255.828, -584.641
4.2497, -5413.53, 2791.21
7.41084, -2435.19, -1827.01
5.25961, 495.76, -208.405
4.99918, -2005.39, -575.197
3.58531, 1552.01, -2265.86
4.37311, -244.026, -863.444
6.78251, 3519.99, 3176.95
6.45578, -3312.99, 6734.53
3.9204, 3081.97, -3927.37
5.07645, -292.596, -214.469
6.79238, 520.176, 16.5996
7.07844, 198.726, -201.602
7.48941, -1983.48, -1709.57
6.53177, 124.754, 16.899
5.22718, 261.55, -635.672
7.3461, 918.102, 191.255
5.31931, 1114.92, 465.156
4.03031, -179.54, -322.932
5.41853, 72.0401, -117.519
2.91197, 103.23, -378.274
5.47382, 239.604, 222.01
3.31968, 3051.49, 5974.67
6.46527, 684.512, 41.0038
2.95373, -341.829, 1686.3
6.3072, 90.7311, -768.188
6.83996, 275.278, -6.02725
6.40105, 102.259, -96.6645
6.61399, -1942.98, -279.116
6.70974, 196.128, 188.727
4.48328, 348.531, 675.043
6.508, 205.925, -7.15698
6.56811, 214.564, -47.5112
5.43493, 390.233, 934.098
4.64621, 225.382, 751.624
2.5002, -1312.32, 448.696
5.31153, 226.693, -170.604
6.22632, -796.705, 713.528
3.89846, 3594.16, 2172.94
2.93406, -907.862, -5123.46
3.5733, 935.235, 1143.21
3.93296, 824.392, 130.15
4.86595, 359.885, 62.0813
6.95893, -1998.72, -1664.55
5.91955, -634.837, 255.452
3.54376, -146.43, -85.6632
6.67533, 165.117, -34.1685
7.09218, 348.238, -873.303
4.48244, 582.668, 70.5127
6.37858, 1729.44, 32.6115
5.68161, 776.287, 381.867
6.64746, -342.245, -28.9248
3.40204, 1918.68, 520.768
7.45927, 123.201, 34.5492
6.70558, 233.132, -169.329
4.65177, 233.816, -718.73
4.38589, 272.851, -102.196
2.70802, 469.4, -640.613
6.80715, -698.197, -1089.59
6.62116, -4719.44, 2821.67
6.25052, 1883.97, 1216.51
3.55801, 178.553, 232.088
4.31029, -449.839, -244.355
4.43545, -125.174, -312.264
7.32918, -3406.18, -2128.8
6.5872, 182.816, 0.106894
4.5755, 2331.17, -342.621
5.83759, -266.948, 456.974
2.52101, -4590.52, 4855.59
6.98048, 413.563, 87.4104
3.68416, -238.8, 1228.15
3.79415, 189.824, -144.613
5.4939, 1372.01, 196.109
6.89823, 554.135, -148.869
6.16299, 172.743, 54.4121
6.0773, 774.278, -329.231
3.57724, 6729.48, -300.603
6.30413, -4559.75, 3593.54
3.85351, -90.0464, -368.188
2.75246, 241.4, 68.8791
4.78866, -1979.46, 477.377
2.58759, 3.14043, 105.168
3.01129, 6910.78, -4382.45
2.639, 3410.04, -2062.01
5.65921, 99.9522, 30.0196
6.34425, 167.391, -48.3566
2.74132, 77.671, 7.02279
6.6924, 270.553, 452.316
6.76899, 115.73, -14.4123
6.57649, -214.49, 702.701
6.85188, 505.72, -4811.95
5.27222, 1099.37, -392.029
6.12646, 79.2849, 376.681
3.20424, -4955.84, 4260.59
6.6115, 173.467, -111.029
5.51185, -2963.32, -3256.94
4.93856, 215.068, -760.176
6.14942, 557.281, 349.039
4.05164, -1811.99, 1221.67
3.93925, 123.932, -492.983
5.45857, 2310.17, -2883.31
5.34055, -3395.75, 1803.28
5.41059, 2808.19, 2317.26
2.84132, -501.171, 248.736
4.34304, -1675.53, -603.549
6.28475, -456.287, 71.6779
6.35297, 590.603, 3243.23
4.27217, 346.387, 314.28
5.98913, 138.66, -13.9814
5.08005, 1810.77, 1205.81
5.94494, 700.307, 348.978
6.18066, -1720.88, -1362.45
2.56231, -3038.39, -1810.98
7.16549, 158.74, -43.8774
5.37826, -201.324, -281.04
3.05587, 1030.34, 86.6848
4.87388, 64.3096, -150.218
3.24247, 1883.34, -1092.84
4.22594, -9675.95, -2149.16
7.04476, 172.266, -64.7128
4.54571, 3053.48, -1505.1
5.96642, 350.779, 13.6118
3.35865, 150.791, -201.343
6.21715, -5264.9, 1826.57
4.16319, 323.589, -170.409
4.62157, 243.582, -36.7084
2.79523, 144.445, -218.874
5.09005, 217.152, 53.1735
5.94425, 433.133, -438.353
5.01149, 554.552, 209.284
6.56617, 18.6475, 70.6971
3.07974, 157.635, -421.611
5.24841, 759.359, -502.931
5.06046, 756.122, -138.939
6.02649, -2019.58, -1671.86
5.65083, 234.731, -101.793
4.0207, -126.531, 25.1246
6.74719, 219.745, 81.51
3.39619, 1834.32, -2417.34
2.61737, 400.571, 1314.83
4.19467, 228.013, -24.1257
3.43818, -1987.63, -1701.74
6.60467, 291.808, 58.7161
6.72507, 102.918, 3305.2
6.78031, -3389.99, 1887.18
7.37454, 93.4109, 92.5844
2.99587, 19.4976, 444.341
2.56182, -4351.9, -3234.46
2.58614, 680.438, 705.975
2.64527, -146.076, -488.026
4.1031, -1817.76, -1802.45
6.17815, -3468.35, 2080.48
3.14876, 855.06, 90.4586
2.5161, -3313.31, -684.158
6.91905, -1016.54, -751.79
3.70482, -63.7003, 139.687
4.38481, 161.156, 1374.41
4.44879, 79.7664, -101.7
2.81534, 4013.79, 1522.81
7.30792, 346.505, -43.185
3.75349, 544.503, -170.449
6.85376, 383.603, 46.0431
2.85991, 3361.95, -4529.99
2.70653, 4414.72, -2688.68
3.46378, -604.668, 317.587
3.86708, -2272.81, -1978.31
7.4007, 122.592, 11.9252
3.60607, 1334.59, -5519.95
6.43119, 1667.54, -2521.12
4.42306, -359.829, 1713.4
3.78593, -3144.36, 3644.68
3.91087, 46.2275, -35.6946
7.33834, 1305.13, 576.125
4.22841, -9.0068, -149.999
3.45922, -604.954, -799.513
5.05037, 87.6359, 46.481
5.21857, 1224.94, -4927.63
5.72333, 1001.04, -350.062
3.89738, -1050.49, 140.277
3.41887, 117.867, -273.316
2.71579, 2359.34, -2740.77
3.98408, -189.147, 115.907
4.25548, 782.627, -499.4
7.09372, 147.293, 97.0654
5.81225, 82.1182, 541.18
5.08041, -1965.57, -1726.94
4.03763, 344.507, -110.39
3.0007, 1955.56, 2094.64
3.47502, 93.1869, -27.6129
4.11407, 3399.27, 3438.12
5.56182, 31.94, -416.709
5.13511, 3173.37, -1551.14
3.45653, 235.68, 371.087
4.7178, 5997.73, 3528.74
4.48693, 6911.8, -1348.48
6.28051, 96.7877, -358.229
6.6213, 774.36, -318.384
5.51573, -348.323, 542.325
3.04573, 57.8452, -627.172
4.11797, 2479.74, -756.944
5.03403, 202.401, -94.9052
4.76521, 585.814, -598.645
4.77315, 591.958, 355.689
4.91125, 366.898, 22.7793
5.07896, -4705.41, 815.487
4.50207, -2284.98, -962.737
4.22945, -422.509, -244.574
6.64533, -153.954, -490.975
3.02204, 2333.75, -1622.27
6.40057, 364.898, -173.746
3.19919, 920.131, -614.826
2.62171, 4185.01, 4718.56
6.0664, 5.34286, 1160.41
7.15538, 11.5513, 349.133
7.47667, 13.3219, -216.926
3.86264, 60.59, 190.151
3.6923, -1954.47, 136.789
3.87328, -478.49, -3276.6
5.70836, -720.388, -814.976
5.17637, 34.438, -271.053
6.8967, -3017.72, 5327.54
6.75968, -159.611, 48.0662
2.98004, -87.2451, -324.456
4.66818, 179.908, -170.417
3.17045, 146.178, 71.2962
5.86802, 125.271, -36.1395
5.34964, 343.386, -523.907
3.66474, 59.6054, -650.273
5.50306, 1150.55, 299.783
2.6551, 120.894, -65.816
7.08512, 204.076, -75.3118
3.82958, 441.23, -710.124
6.50016, 221.035, -172.652
5.46389, 191.467, -240.695
5.0822, 669.7, 88.2595
5.2567, 2475.79, -1289.01
3.47225, 528.269, -139.502
5.36152, -3140.48, 32.7212
3.81992, -668.563, 7341.74
4.41648, 3010.33, -6187.22
2.73626, -471.477, -268.55
4.22823, 587.907, -233.815
3.61594, -3212.02, 7785.69
3.81264, 253.687, -3.02358
3.05141, 387.921, -178.058
7.40088, 1.08019, -126.92
5.93794, 720.639, -320.002
5.82158, 329.471, 226.658
5.99501, 689.634, 157.597
2.68746, 168.956, 14.1422
3.6706, 329.402, -175.705
3.95397, -6056.43, -9110.85
3.50543, 228.562, -42.0572
2.7177, -2826.34, 4262.24
2.56571, -1396.7, 75.5115
6.07297, 6416.03, -2016.98
6.88348, 744.793, 139.073
5.35088, 1928.04, -3546.93
6.92743, -3262.35, -3731.02
5.20042, -1732.03, -648.751
3.31357, -1756.58, 104.831
3.30492, -2929.93, -2160.8
7.19182, 84.0185, 151.808
3.45628, 152.113, 645.464
3.15761, -3095.01, -410.186
4.41122, 669.897, -615.2
6.12674, -592.383, 2998.26
2.50651, -7001, -478.874
4.60222, 4968.04, -2806.38
5.18984, -741.901, -107.68
4.86596, -1413.55, -654.353
6.33003, -249.068, -39.1567
2.9396, -928.524, -1032.87
7.04284, 80.1838, 165.916
3.20818, 201.825, -509.65
2.54782, 304.206, 458.056
2.82267, -21.5685, 736.501
4.96742, 184.344, -11.0988
5.40914, 295.951, 7.02865
4.03373, 4135.74, -7214.83
4.57091, 110.746, -217.738
4.33401, 1788.44, 2037.84
3.42687, 468.94, -2435.61
2.76788, -2941.11, -2602.51
4.47222, -16.1228, 8.5866
3.98388, -1491.48, -1589.89
5.05388, 182.857, -197.095
3.75392, 2466.7, -3959.58
5.01589, -1498.44, 2568.25
2.51168, 52.162, -402.515
7.01807, -5834.15, 2778.25
2.79181, 3533.51, 3712.18
5.17506, 247.63, 3300.83
3.95754, 2881.36, -1116.87
7.3023, 119.142, 72.6987
4.73406, -3428.63, -1280.66
5.08479, 269.8, -87.9643
5.93861, 981.311, -811.693
2.72187, 255.833, -254.222
7.2946, 3967.1, -2861.79
5.70852, 296.121, 283.783
2.80215, 257.286, -104.98
3.33964, 554.741, 119.174
5.76491, 287.941, 291.641
6.19864, -520.388, 2506.79
3.57011, 370.397, -563.127
4.31441, 851.612, -1914.35
6.56981, -199.072, 343.018
5.32057, 182.749, -35.5758
7.45886, 366.015, -135.079
6.5669, 136.533, 508.62
3.49157, 3615.76, -4572.5
2.50003, -1.77586, 654.216
4.62608, -3580.55, 4274.15
4.07406, 1842.22, 1133.32
5.56218, -3767.97, 606.474
3.83351, 136.128, -187.699
4.39881, 1636.84, 370.345
5.43397, 350.327, 6.294
5.95636, -2297.79, 118.587
7.26736, 126.669, -15.5344
4.89785, 184.325, 756.847
3.60319, 467.75, 1001.39
5.33741, 875.873, 668.575
6.09873, -77.6809, -15.9819
4.4953, 1802.62, 124.695
3.48326, 21.7261, 106.446
6.66971, 581.902, -138.296
5.59561, 280.072, 117.467
7.26866, -251.691, 138.151
3.23222, -528.373, 583.403
5.38953, -409.477, -301.142
7.26796, 143.188, 68.1922
3.62331, -5896, 2957.41
7.25137, 214.215, 17.4304
3.07874, 875.656, -373.015
2.58372, -83.6342, -71.2346
3.90465, 221.902, -123.042
7.15042, 364.692, -408.079
3.04796, -274.044, -247.683
6.77266, 87.6263, -118.034
5.68532, -106.17, 176.29
5.63853, 137.135, 103.191
3.80589, -681.182, 1338.42
5.13936, -981.331, 202.619
7.16608, 2296.07, 950.828
3.98055, -1189.37, 17.1708
4.78006, 391.425, -144.2
6.35659, -1173.69, 4918.95
4.17193, -2113.16, -3393.95
6.31775, 548.421, 311.691
6.65892, -2308.55, 2642.4
2.64618, 2531.29, -1662.39
4.31315, 19.5444, -1080.29
4.16221, 385.093, 245.707
3.17675, 2042.61, 2190.38
3.00839, 1349.81, -4172.57
5.11327, 208.528, -350.275
3.52046, 948.871, -490.408
5.00728, 71.493, -658.935
5.1371, -5206.17, 3530.73
4.13422, 440.123, 20.9227
4.75888, 295.454, -244.104
6.85263, -617.156, 396.684
4.72884, 528.901, 53.0497
6.03726, 337.42, 7.53083
6.83171, -1820.76, 353.405
6.5822, 472.848, -700.016
2.67504, -4029.84, -1567.54
3.8644, -933.905, 2114.3
5.21858, -1539.44, 1026.87
3.19942, 4750.92, -733.678
5.57408, 193.399, -52.427
3.29182, 820.578, -508.136
4.41129, 634.883, 501.247
5.94997, -772.177, -302.931
3.21128, 4064.24, 21.7696
5.65284, 446.619, 69.0138
3.15973, -3463.58, -1619.69
7.13583, 291.768, 4.9363
5.53465, 5726.58, -8736.39
5.50388, 699.321, 814.318
3.33635, 1244.47, -220.227
3.301, -1712.64, 2241.14
5.91628, 296.085, -289.977
5.1456, -296.509, 738.542
3.65264, -2037.15, 1121.91
6.55373, 216.111, -67.8013
5.76477, 417.757, 112.676
4.08597, -145.125, 725.758
2.53953, 335.741, -421.128
3.49176, 595.073, -83.9089
3.78831, 198.147, 225.552
3.03825, 369.812, -1404.29
3.49545, -62.7426, -704.5
6.75079, -6091.15, 3214.67
6.63912, 178.714, 650.832
6.76813, 465.814, 10.2606
5.71027, 110.285, 0.89133
3.6787, -3028.98, 3137.48
6.80638, 334.418, 48.3708
5.4745, 288.172, 152.774
2.52745, -1811.95, -1319.02
6.84925, -190.379, -731.174
7.37729, 247.986, 44.1876
5.59653, -1994.94, -1662.99
3.85574, -285.957, -572.102
7.46973, 209.84, 27.4436
4.60751, -805.679, -743.205
4.20537, 708.696, 18.2413
4.80717, 335.437, -35.0827
4.44822, -1101.61, -3048.56
4.613, -5007.68, -931.071
2.84879, 80.7292, 720.987
5.5153, -122.84, -26.2086
7.36114, 214.002, -50.4038
5.07406, -21.3897, 118.999
7.45461, 272.38, 158.518
5.84906, -2778.63, -6443.37
4.01716, 536.172, 451.384
3.47371, 773.218, -326.965
4.0109, -1380.68, -9.64029
4.93946, -212.776, -152.48
4.72438, 951.481, 114.367
5.7844, -341.282, 219.281
3.74227, 6254.91, 3518.22
4.72007, -1290.97, -1022.73
5.75894, 301.876, 64.6576
6.67472, 152.445, -85.5511
6.03698, 74.9463, 991.275
4.93928, -126.29, -1121.07
6.72039, 832.169, 72.0913
7.00296, 815.253, -680.117
6.33082, 309.837, 132.643
5.29453, 737.651, 1332.88
2.70603, -695.507, 587.001
5.46749, 344.183, -183.714
2.68674, -55.3975, -4069.6
4.53488, -1362.64, 1346.83
2.84243, -165.382, -613.592
7.38558, 233.464, -44.9727
2.5956, 1950.41, 3231.09
6.60363, 130.57, -26.5592
5.2195, 4076.67, -3500.66
5.72828, -136.846, 588.42
3.62934, -70.5907, 192.521
2.733, 705.327, 3422.83
3.63154, 199.191, -350.499
4.58371, -151.717, -2715.23
6.40126, -347.043, -213.628
3.72852, 1764.33, -2364.06
4.81411, -95.1451, -405.441
6.14756, -1303.35, -688.192
5.35237, 5792.9, -793.66
5.45997, 779.041, 185.024
4.98425, -1097.68, -35.3948
3.951, 153.617, 134.273
4.71107, 397.025, -354.589
2.53669, -3345.92, 7372.47
7.41683, 214.997, -199.16
2.52822, 16.546, -282.589
4.8676, 2132.3, 620.409
5.86497, 3969.42, 6807.26
