6.27803, -3759.08, 2232.36
3.5948, -83.5734, 856.373
5.89648, 395.869, 201.552
5.09708, 488.503, -41.628
2.76731, 7411.07, -7596.12
2.53849, -2628.3, 3368.65
4.58743, 10407.2, 6185.39
7.15218, 79.5921, -6.27044
2.95982, 1073.59, -629.556
6.00595, 308.11, 84.3742
3.81226, -356.701, 76.7497
4.14117, -31.202, 120.478
7.45519, 635.1, -837.948
7.41275, 200.509, 109.824
5.75759, -509.217, -127.168
6.92354, 70.8624, -35.5356
6.33247, 281.842, -60.5406
3.87453, -2761.48, -1079.4
4.93259, -1351.07, -1196.39
2.80282, -9458.2, 2448.64
5.08146, 513.22, -176.525
4.96988, -6571.44, 2504.31
7.23882, 149.111, -68.4781
4.42071, 192.242, -7.07611
5.14874, -4906.28, 1262.28
2.75042, -323.448, 6566.37
6.63909, 605.342, 238.874
5.94228, 661.879, -291.001
6.18112, 449.444, 110.024
6.94286, -4832.36, -4151.72
4.25508, 11.0785, -26.4544
6.72991, 60.5477, -292.38
3.84659, 908.115, -399.154
4.83959, 28.5843, 376.046
3.2686, 3.61949, -463.548
2.66527, 1053.89, -678.416
7.2768, -1428.83, -977.035
6.95369, 299.507, -31.5054
3.29884, 325.327, 263.302
3.15214, 2264.32, -1400.13
2.515, 3791.19, -708.482
6.0491, 359.898, -60.2468
3.40448, -459.012, 279.999
5.76029, -1175.81, 109.61
4.42907, 226.629, -52.5345
3.23766, 1419.88, 1440.17
5.45054, 672.832, -49.3163
3.24076, 3324.88, -1652.63
3.2091, -2729.04, -1566.55
4.94257, 328.435, 56.8256
3.13015, 498.222, 90.1706
5.64635, 1099.09, 324.605
5.60817, -1.56753, 123.634
4.88216, 4463.67, -6149.91
2.64188, -1086.19, 56.793
3.21011, 5312.13, -752.714
3.15594, 668.265, -198.797
3.31099, 1734.96, -2668.46
3.76529, 601.763, -254.104
4.77654, -6307.01, 2995.28
6.54472, -258.315, -1288
3.57624, 199.312, -44.7028
3.75063, 95.7466, -129.693
5.02978, -1560.17, -2640.27
6.27922, 294.619, 61.5384
5.66369, -2137.89, -4226.29
5.9449, -2518.16, -1939.82
7.27207, 112.799, 171.43
5.18713, 6447.11, -3265.12
4.57014, 153.213, -3022.66
4.70019, -252.585, -201.517
6.07821, -2131.15, -1780.7
6.20858, -3180.74, -2307.3
5.12494, -4161.61, 3291.71
6.06711, 369.994, -131.325
5.91025, 251.002, 345.706
6.82941, 2421.48, -1938.37
3.19597, 338.391, 1852.1
3.57766, 87.877, -63.5814
5.0733, 1566.22, 2713.27
4.83766, 158.118, 287.164
3.55759, 4800.03, -4842.21
5.65244, 31.2035, 10.1995
2.5044, 3789.15, -5453
4.09589, -985.6, -3093.08
5.90281, 297.493, -55.5123
6.0446, 228.005, -72.3695
2.90869, 369.44, -57.2123
3.56926, 184.36, -474.956
4.44412, 216.766, 335.087
4.44927, -4736.95, -1585.99
3.92018, 113.292, 362.535
4.6123, 443.259, 262.688
2.55658, -2927.14, -238.141
3.72027, -6670.48, 3528.19
4.49072, -2628.69, -4255.79
6.64177, 1101.67, 337.939
3.78584, 731.203, -526.229
3.59705, -1075.42, 762.361
6.47385, 361.923, -61.0918
5.8476, 1900.81, -378.236
5.49108, 663.552, 997.768
5.99917, 3036.12, 2056.78
5.13062, 448.061, 743.277
4.14833, 282.358, 267.705
3.30844, 7494.71, 1313.46
6.56633, -45.937, 148.828
4.08004, 91.5038, -564.17
4.05369, 756.655, 433.711
4.65424, 364.495, 2.51449
4.46509, 124.315, -88.443
4.43916, 441.42, 325.784
4.34871, 216.214, 92.6542
5.88118, 170.508, -189.997
6.10384, 619.892, 1.64071
7.20082, -2646.89, 1166.92
5.08573, 1137.66, -578.253
5.5282, -493.102, -129.395
5.85049, 1782.96, -2685.7
5.11404, 163.698, 72.685
3.87105, -46.6913, -294.247
7.08924, 210.36, 13.1003
3.73367, -239.414, 141.265
4.77876, 57.9321, -785.006
3.30374, -59.6316, -125.435
4.68319, 177.08, -110.79
7.45767, 888.981, -405.091
6.26931, 4855.59, -4649.33
4.97846, -19.7613, -662.851
7.01651, 293.693, -22.0884
4.68213, 522.672, -183.84
5.09239, 2420.89, -1875.76
4.44866, -2129.06, -3558.3
5.63431, 218.197, -124.717
5.19331, 127.905, -13.3724
4.35955, 258.751, 1040.56
2.54674, 293.589, -917.152
6.3794, 102.895, -102.85
2.85317, -229.426, -251.96
3.98511, 1127.59, 181.417
4.78581, -33.8655, 2066.11
3.25156, -33.7716, -123.903
5.97819, 40.5669, -437.809
4.15587, -238.731, -257.722
5.21197, -4142.14, 7305.39
2.64678, -3890.03, -2643.17
5.38086, 733.297, -721.782
5.18133, 393.488, -495.538
7.36678, 268.631, 272.284
5.57063, -48.5314, -194.601
5.26431, 3172.76, -5519.44
6.69051, 912.58, -340.171
3.75764, 598.429, -1153.17
6.98957, 429.425, 190.841
5.97428, 192.217, -105.568
5.82752, -600.161, 2629.33
3.06838, 798.668, -516.253
3.37987, -1941.52, -697.237
2.91253, -2132.49, 3380.84
6.68103, 199.023, -56.4839
2.64818, 970.644, 4465.61
6.34719, 357.712, 71.8821
4.29829, 202.336, -4192.11
6.24626, -1214.23, -437.658
6.28385, 385.972, 86.9169
3.60834, 2645.84, -1594.96
5.58305, -165.043, 160.078
3.66846, 276.208, 12.6884
6.22052, -48.3079, -4158.21
5.80997, 42.0934, -474.371
4.9209, -4098.61, 7410.44
2.58972, 347.237, 25.6748
4.98291, -120.6, 475.696
5.09587, 283.628, 50.5787
4.71395, 671.511, 3798.74
4.14528, -2694.23, 1785.59
3.52671, 388.071, 20.5289
7.19863, 12.5953, 878.13
2.85168, 1166.03, 3511.17
3.30042, 261.583, -1266.75
6.70788, 23.4899, 57.3671
4.13614, 610.708, 58.1242
6.85942, -13.7831, 225.897
5.99896, 95.4075, 86.1158
5.52801, 675.036, 501.379
4.77536, 483.963, 246.65
2.91543, -554.894, 531.148
3.94883, -3941, -908.087
6.51009, 326.331, -0.422609
6.81821, 343.615, -1751.21
3.81831, -5535.64, 433.959
4.79881, 842.83, 777.149
4.95672, 237.704, 22.6899
5.82344, 1748.93, -2719.06
7.31738, 139.16, -112.865
7.23022, 601.731, -11.3037
2.81902, 1668.47, 270.278
5.04829, -386.455, -514.134
6.13222, 356.291, -307.514
5.65882, 247.304, -254.028
3.26658, -423.912, -819.429
5.09652, 672.766, 3802.47
3.52281, 7058.91, -2205.74
6.03231, 290.542, -122.964
6.05786, -1535.2, 7531.59
3.66304, 505.429, 292.383
6.80594, 202.035, 205.671
2.67122, 572.554, -439.427
6.26587, 1124.45, -174.017
4.14789, 408.47, 1290.98
4.65309, 6379.58, -1694.88
7.33455, 47.4864, -783.626
4.05803, -2007.6, -1753.23
5.69762, -7347.93, -110.828
5.95386, -195.552, 100.187
5.36403, -349.08, -86.3937
6.60667, -4109.4, 7337.44
4.21807, -4408.82, 1658.62
5.09387, 416.913, 129.55
6.78438, 375.778, 1191.68
6.18587, -84.4374, 285.373
3.45992, 2373.7, -1000.46
2.83145, 109.982, -57.8214
3.60828, -5290.43, 3285.63
3.33656, 283.272, 114.976
6.31172, 234.453, 56.6029
5.44905, 1983.91, -2537.92
4.65223, -7685.25, -499.876
7.09618, 1532.91, 140.979
5.09668, -1203.36, -1671.56
7.38058, -168.479, 111.732
5.15714, 690.375, 37.4534
2.98716, -1163.02, 384.007
5.83983, -477.066, -384.32
5.44444, -580.741, 3203.29
5.01137, 14.8392, -53.2601
2.75808, 303.712, 1492.94
2.6753, 398.243, -37.7949
4.41484, -21.3019, 361.495
5.55555, -3245.1, -3518.8
5.06574, -7710.51, -495.502
5.98498, 606.434, 9.0429
4.89891, 20.1823, 251.651
3.88323, -7945.73, 23.7941
6.01685, -355.792, 3463.84
3.67701, 215.85, 625.831
6.41501, 293.449, 29.8582
6.60589, 63.3938, -279.336
3.21842, 4957.62, 4199.37
5.75757, -132.554, -601.377
3.87677, -1773.09, -2039.53
7.26215, 3502.1, -1263.52
4.58238, 20.2216, -98.3776
3.03869, -300.863, -877.085
4.70633, 368.758, -623.808
6.28811, 358.56, 275.256
2.77803, 802.001, 87.465
3.51241, 276.243, 1.85707
6.82305, 741.888, -266.581
6.52456, 318.868, -55.1338
2.78861, 824.242, 2043.78
4.40304, -193.206, 290.664
4.56124, 581.499, -211.461
2.80071, -2089.18, -1029.59
7.09746, -1194.23, -913.455
3.35398, 176.308, 8.74216
6.51634, 313.093, 256.15
3.88599, 3461.57, -874.488
4.44586, 217.001, 137.224
7.19936, -2192.88, 1358.58
6.24573, 200.787, 3542.9
3.44774, 5420.07, -5426.33
6.89581, 243.316, 150.013
6.8953, 114.065, -57.1597
3.30515, 283.109, -2063.6
5.87346, -90.2176, -630.89
6.89096, 256.276, -73.93
6.98262, -815.653, 4814.96
3.06535, 449.444, -82.3216
5.93789, -2352.72, -1721.39
3.21651, -217.881, 59.8784
3.6901, -946.678, 384.656
5.64383, 3679.77, -2533.33
4.312, 553.009, 397.428
4.64437, -2327.72, -2119.02
4.91936, 1889.07, -2320.72
6.20379, 175.792, 2095.03
3.23098, -278.879, -419.08
7.36238, 382.07, 52.8041
7.3158, 344.691, 27.074
3.14741, 3240.25, -1977.34
5.3784, 399.81, -308.817
4.66439, 353.383, -1150.24
5.50066, 130.523, 31.0291
5.85098, 510.845, 218.703
4.5137, -3843.24, -1347.12
6.46691, -2111.48, -1783.17
4.89889, -4659.28, 2205.78
5.72449, 524.541, -257.494
4.28836, 7435.5, -1149.89
5.96794, 260.06, -935.213
5.83428, 1207.73, 727.266
3.22071, 231.796, -69.0782
7.10415, 309.025, 153.591
4.22228, 1373.01, 4952.17
6.66824, 506.722, 325.299
2.74349, 301.265, -1018.1
3.27936, 1598.42, -2758.83
2.55765, 982.483, -176.61
3.94327, 452.936, -291.496
5.07295, 193.208, 936.645
3.65948, 1498.33, -4430.6
2.75022, 19.4059, -369.764
5.33091, 142.799, 62.0878
6.69774, 286.377, -611.507
4.28763, 818.151, -405.026
4.3452, 129.969, -714.32
7.22226, 210.987, -59.8208
4.72425, -1236.65, -33.1971
6.82086, -40.0471, 113.803
5.82654, -114.078, -937.441
5.79297, 869.67, 109.083
7.10736, 3197.68, -2378.41
5.11536, -4158.53, 3293.08
5.45229, -62.5538, 711.685
5.79944, -202.041, -3278.25
4.24765, -1831.23, 1204.61
4.11714, 494.452, -76.7548
7.08984, 231.178, 954.26
3.08619, -6163.29, 2457.56
7.31268, -405.416, 489.345
5.17978, -111.253, 549.983
5.81447, 2024.92, 1221.23
5.48362, -6434.73, 3108.72
6.93363, 235.894, -888.565
6.67999, 791.775, -44.3031
6.69339, 312.937, 42.7325
6.85642, -541.977, -573.606
2.5002, -659.285, 2731.2
4.77274, -1396.73, -4113.91
4.25696, 1601.01, 130.869
5.80713, 6552.31, -4957.85
6.22234, -391.269, -173.945
3.3821, -1208.04, -5538.91
7.4621, -1384.33, 1569.04
5.95466, 362.596, -485.639
6.97862, -545.091, 243.782
3.51579, -1354.64, -644.645
7.2356, 616.897, 618.576
4.88476, -5860.07, 3218.21
6.78578, -5291.38, 3283.82
6.41237, 118.123, 131.681
5.70687, -3999.61, 3886.51
3.14521, -407.48, 118.79
5.77944, 322.365, -571.499
3.09199, 225.597, 88.1931
3.88793, 3227.59, 951.237
6.65548, 20.7682, 3003.27
6.14153, 4965.72, 6413.28
6.74348, 5540.82, -4149.02
3.43989, 225.845, 317.098
6.09602, 228.636, 30.3636
4.25586, 238.102, -223.382
3.34555, -89.6158, -277.536
4.52383, -5955.39, 654.895
4.20924, 114.436, -519.409
6.67141, -137.222, 159
3.9111, -4617.77, -7487.28
5.16766, 4743.54, 2691.92
6.25085, 1430.07, -2523.45
4.62554, 272.046, 26.6007
4.66964, 118.608, -26.7584
3.03022, -4273.9, -3214.14
6.4639, 295.887, 284.804
3.91232, -112.036, -127.039
7.14264, 4910.73, 7710.42
5.37926, -64.9213, 140.895
3.4895, -462.9, -808.722
5.99081, 181.281, -35.1752
3.07265, 1522.16, -334.66
4.22945, 338.473, -1370.13
4.15646, 344.738, 263.954
6.42735, -6434.82, 3086.72
6.65775, 824.163, 313.211
4.21712, 264.634, 123.848
4.2603, -443.755, 61.4856
6.38197, 517.877, -81.3865
6.58658, 412.589, 497.287
4.26157, -725.713, -499.127
7.09559, 233.194, -89.73
3.2877, 711.404, -264.379
5.56029, 15.4909, -544.588
5.54222, 256.448, -16.9308
3.16647, 3646.79, 3639.37
3.51409, 4703.8, 6361.4
4.79457, 410.853, 295.062
3.48759, -170.409, 1650.58
6.77118, 27.4901, -227.185
6.54562, 1463.72, 1267.81
2.80131, 3099.83, -1965.05
6.50584, 1960.07, -5777.15
5.49597, 191.463, 55.5223
7.43182, 417.392, 209.387
2.65919, 155.356, -307.488
6.8356, -3947.8, 4665.42
3.69109, -2662.46, -868.468
3.6127, 2620.13, 1057.61
4.73907, 8182.92, 3820.33
2.61231, -402.567, -366.95
6.79755, 170.622, 180.802
4.15902, 495.334, -4691.85
5.72195, 471.854, -338.927
7.43521, -637.995, -218.158
5.30162, 409.65, -68.9707
4.74553, 315.022, -50.2041
5.213, 306.493, -595.595
2.90797, -3149.48, 1105.24
3.99606, 1666.34, 3428.36
6.63964, -4318.57, -788.554
6.48936, -5112.5, 2245.14
5.71048, 136.333, 39.3782
4.84105, 36.3227, 699.357
7.15326, 540.652, 2062.4
5.08798, 139.117, -685.164
7.42924, -5265.1, 3264.63
5.94567, -2.4958, 180.503
6.19966, 401.439, -594.55
3.46323, 1127.82, 1703.1
6.08881, 3404.3, -1896.62
6.11146, 450.193, -643.635
6.49298, 304.58, -8.7542
4.23216, -5963.38, 369.587
5.1481, -2691.86, -1555.01
3.19001, 948.787, -0.480184
6.73218, 51.6056, 52.7712
6.32766, 149.005, -96.7824
7.5, -6434.43, 3118.42
4.24891, -9311.9, -2987.08
5.50367, -1204.5, -452.66
3.50808, -571.023, 3838.58
6.2385, -4086.88, 697.046
6.49225, 1268.9, -604.252
3.03505, -925.287, -19.3835
5.35813, 306.049, 29.0817
2.84683, -5914.37, 1959.71
4.16036, 646.115, 1356.47
5.80945, 166.749, -150.766
5.27726, 445.625, 4485.21
7.12415, 409.818, 664.112
2.69832, 383.95, 3104.2
2.62083, 557.625, 747.542
4.61923, 474.845, 216.971
4.36987, -721.943, 531.175
2.93303, 4252.48, 4201.86
3.05403, -5.21338, 234.652
5.31992, -5826.81, 189.256
7.37269, 241.68, 160.693
3.05066, 191.742, -4309.95
5.99352, -3474.99, -3870.04
2.79674, 171.465, -396.392
4.69755, 1151.64, -674.364
5.24651, 1278.04, 489.733
3.45129, 421.012, -423.909
7.36597, -163.511, -76.7929
3.19593, 53.4535, 181.183
5.48978, -3461.92, 254.185
7.12812, 234.035, -85.4888
3.91116, -1914.04, 440.406
6.8307, 130.653, 176.851
6.29598, 775.998, -1182.67
6.10793, -163.728, 656.127
3.34241, 276.476, 7.14379
3.32882, 1768.98, -2855.51
3.39076, 118.038, 214.664
5.87226, 137.415, 77.6247
4.83484, -614.749, 924.74
6.85219, 258.728, -28.1347
5.76023, -415.513, 525.035
5.80464, 2028.39, 1214.05
2.58037, 330.26, -764.938
4.30596, 6878.22, 3851.65
3.72747, 84.6418, 1660.55
6.93086, 436.049, -529.593
5.23701, -8776.45, 164.299
6.57209, -261.303, -109.696
5.24453, 1460.1, -64.1208
4.16156, 579.234, -291.039
4.40213, -2037.66, -3652.93
2.52389, 2532.63, 511.418
6.95226, 69.7744, 154.252
6.16955, 478.879, 77.2497
6.04239, 454.287, -266.944
5.1278, 2153.79, -3208.23
6.41065, 136.556, -316.412
3.42484, 30.0586, -34.4664
5.72673, 227.149, -38.4645
3.42178, 444.323, -95.778
3.31214, -879.668, 654.936
2.65594, 1276.32, 1459.89
7.42716, 682.452, -117.375
4.04559, 594.137, -1.61989
4.11075, 1092.03, 110.949
5.51155, 50.5224, 139.985
2.89107, 6721.76, -1260.52
3.93936, -859.905, 100.561
5.79307, -218.987, 986.426
7.36348, 684.329, -82.0613
7.27758, 4722.4, 1915.58
7.42745, 250.537, 305.663
7.30478, 315.985, -22.2798
3.0073, 729.127, -216.316
3.71505, -513.717, 5.00806
6.91151, 231.044, 136.909
5.28805, -16.391, -103.595
6.7669, 261.253, -185.609
7.49145, 688.632, 93.353
3.99751, -5669.02, 2172.36
6.33157, -10244.8, -3303.56
4.81901, 945.769, -1818.08
6.8168, -437.756, -383.247
6.99018, 131.195, -253.678
7.377, 442.525, -70.3284
2.77405, 532.588, 301.264
6.32605, -504.189, -57.4122
5.09219, 1835.82, -2615.17
3.46574, -440.382, 549.527
6.98252, 102.448, 77.0001
6.38492, 359.007, -88.9113
2.75968, 907.288, -2145.38
7.47331, 1708.57, -2642.41
5.93659, 344.786, 70.9686
5.94854, 2067.08, 1241.42
6.57666, 3331.31, -1627.29
7.05426, 382.379, -39.1873
3.34218, 3134.07, 5950.76
5.24183, 3330.44, -2440.23
6.53351, 109.025, -11.7907
4.17803, 327.053, 157.036
5.53435, 619.999, 338.291
6.59602, 1895.52, -2573.35
7.3485, 298.842, -159.903
6.29349, 782.716, 690.837
3.72113, 130.974, -1357.45
5.80589, 148.089, 77.0902
4.21574, -263.142, 137.77
7.27146, 151.462, -70.0305
2.60828, 3620.44, -3787.35
4.54979, 213.562, -23.0992
2.55789, -5152.25, 4535.5
3.04964, 332.775, 1928.41
5.28259, -86.5172, 291.207
4.45466, 260.699, 130.013
7.20539, 222.675, 18.709
2.55572, 344.461, 104.99
6.22897, 1425.29, -3282.39
3.84293, 191.494, 71.5956
4.27153, 476.594, 457.705
3.45835, 7478.99, -7588.99
5.14832, -268.039, -281.842
4.39478, -1084.16, -6318.91
3.16407, 114.121, -347.14
4.26563, 547.546, -1225.24
4.2497, -5942.63, 3053.1
7.41084, -2529.32, -1950.76
5.25961, 340.278, -478.798
4.99918, -2013.26, -595.137
3.58531, 1662.65, -2382.82
4.37311, -154.17, -824.379
6.78251, 3881.63, 3520.97
6.45578, -3672.63, 7466.08
3.9204, 3342.47, -4297.09
5.07645, -412.612, -587.414
6.79238, 171.288, 33.5803
7.07844, 273.916, 121.043
7.48941, -2132.19, -1791.53
6.53177, 265.318, -60.9484
5.22718, 301.723, -564.108
7.3461, 879.073, -87.9912
5.31931, 932.715, 557.126
4.03031, -34.1467, 114.84
5.41853, 364.446, -47.8756
2.91197, 297.832, 75.888
5.47382, -69.8668, -246.043
3.31968, 3359.07, 6627.35
6.46527, 1032.38, -53.6611
2.95373, -182.197, 1790.15
6.3072, 144.555, -668.161
6.83996, 236.373, -57.2266
6.40105, 335.637, -6.63373
6.61399, -1957.86, -259.756
6.70974, 280.918, -68.1069
4.48328, 238.976, 783.933
6.508, 242.007, 16.7698
6.56811, 12.067, 205.369
5.43493, 276.496, 644.841
4.64621, 299.508, 787.347
2.5002, -1459.81, 444.103
5.31153, 124.842, 50.1958
6.22632, -1085.24, 806.109
3.89846, 3889.68, 2377.23
2.93406, -1016.07, -5587.72
3.5733, 1060.14, 1288.16
3.93296, 721.527, 299.76
4.86595, 892.402, 244.285
6.95893, -2083.09, -1722.07
5.91955, -774.299, 229.688
3.54376, 404.783, 31.7196
6.67533, 307.898, 44.3645
7.09218, 523.044, -1271.99
4.48244, 529.791, -395.73
6.37858, 1673.18, -82.0721
5.68161, 753.693, 621.759
6.64746, -400.994, 199.976
3.40204, 2282.58, 622.345
7.45927, 357.794, -148.153
6.70558, 239.387, 14.7336
4.65177, -78.9441, -626.338
4.38589, 203.903, 21.2088
2.70802, 292.19, -633.104
6.80715, -701.234, -1107.66
6.62116, -5179.23, 3083.42
6.25052, 2058.26, 1123.3
3.55801, 153.97, -98.0287
4.31029, -302.358, -94.913
4.43545, 288.701, -170.493
7.32918, -3665.86, -2281.8
6.5872, -147.366, -147.28
4.5755, 2883.7, -400.151
5.83759, -207.241, 100.895
2.52101, -5029.26, 5373.3
6.98048, 149.412, -53.5789
3.68416, -146.224, 1492.43
3.79415, 219.755, 69.1524
5.4939, 1638.73, 251.377
6.89823, 136.668, 82.8221
6.16299, 411.333, 269.966
6.0773, 705.038, -268.301
3.57724, 7397.83, -331.002
6.30413, -4983.9, 3927.3
3.85351, 326.567, -33.8763
2.75246, 22.1348, -327.943
4.78866, -2159.83, 433.892
2.58759, 472.674, -158.851
3.01129, 7663.19, -4840.3
2.639, 3996.07, -2436.68
5.65921, 283.705, -376.108
6.34425, 286.031, 8.78928
2.74132, -367.976, -195.536
6.6924, 131.371, -168.83
6.76899, 298.608, 56.8718
6.57649, -128.265, 583.935
6.85188, 594.63, -5268.78
5.27222, 1287.79, -582.602
6.12646, 326.412, -219.068
3.20424, -5414.71, 4710.39
6.6115, 222.645, 16.6181
5.51185, -3246.49, -3515.51
4.93856, 211.428, -928.389
6.14942, 617.221, 294.381
4.05164, -1824.48, 1281.3
3.93925, -14.6565, -388.134
5.45857, 2455.4, -3072.63
5.34055, -3685.13, 1950.61
5.41059, 2975.54, 2512.81
2.84132, -491.989, 61.5458
4.34304, -1643.4, -774.821
6.28475, -304.117, -151.895
6.35297, 532.91, 3507.35
4.27217, 269.643, -162.191
5.98913, 100.104, 117.885
5.08005, 1865.98, 1245.16
5.94494, 562.609, 435.403
6.18066, -1720.56, -1441
2.56231, -3310.66, -1872.55
7.16549, 207.854, -4.5229
5.37826, -106.477, -177.249
3.05587, 985.168, -205.54
4.87388, 348.208, 259.574
3.24247, 1964.98, -1302.4
4.22594, -10682.9, -2364.38
7.04476, 273.886, 42.454
4.54571, 3353.97, -1618.66
5.96642, 99.8113, -126.593
3.35865, 245.637, -200.969
6.21715, -5812.9, 2007.47
4.16319, 299.752, -529.836
4.62157, 213.966, -19.6469
2.79523, 113.316, -289.847
5.09005, 492.11, 39.9838
5.94425, 530.895, -845.62
5.01149, 807.497, 205.367
6.56617, -8.98827, -239.715
3.07974, 275.818, 80.3496
5.24841, 418.214, -621.022
5.06046, 711.095, -302.914
6.02649, -2075.82, -1739.49
5.65083, 127.825, 105.739
4.0207, -330.849, 255.606
6.74719, 308.742, -25.9178
3.39619, 2064.11, -2536.95
2.61737, 508.409, 1850.95
4.19467, 834.829, 250.582
3.43818, -2072.11, -1937.14
6.60467, 424.987, 111.576
6.72507, 92.8501, 3515.66
6.78031, -3699.44, 2073.45
7.37454, 282.829, -50.4808
2.99587, 160.34, 74.3699
2.56182, -4802.48, -3541.16
2.58614, 675.319, 581.958
2.64527, 195.826, -892.052
4.1031, -1895.67, -1947.99
6.17815, -3778.16, 2243.23
3.14876, 861.929, -63.7587
2.5161, -3746.7, -795.646
6.91905, -1403.94, -1006.34
3.70482, -161.695, 8.80674
4.38481, 70.1913, 1462.17
4.44879, 423.487, 102.716
2.81534, 4405.95, 1669.84
7.30792, 208.317, 4.53578
3.75349, 786.838, -415.446
6.85376, 105.972, -128.049
2.85991, 3726.9, -4999.51
2.70653, 4934.48, -2937.43
3.46378, -520.237, 349.266
3.86708, -2490.6, -1989.26
7.4007, 212.385, -37.7577
3.60607, 1478.43, -6052.77
6.43119, 1783.57, -2689.33
4.42306, -474.352, 1883.63
3.78593, -3424.98, 3994.97
3.91087, 280.82, -513.754
7.33834, 1435.58, 765.032
4.22841, -173.072, -97.7499
3.45922, -604.582, -790.467
5.05037, 577.028, -193.025
5.21857, 1331.88, -5397.1
5.72333, 834.676, -541.351
3.89738, -1214.07, 113.762
3.41887, 70.4931, 231.253
2.71579, 2512.1, -2927.88
3.98408, -403.649, 408.261
4.25548, 426.08, -256.443
7.09372, 221.378, -144.587
5.81225, -17.9115, 366.372
5.08041, -2126.33, -1808.94
4.03763, 197.272, -19.1289
3.0007, 2069.25, 2208.34
3.47502, 381.296, 30.2363
4.11407, 3715.56, 3715.48
5.56182, 137.878, -743.431
5.13511, 3572.53, -1806.64
3.45653, 275.313, -168.499
4.7178, 6600.45, 3892.21
4.48693, 7597.74, -1482.09
6.28051, 314.845, 229.761
6.6213, 708.817, -266.075
5.51573, -625.185, 719.802
3.04573, 92.2437, -585.787
4.11797, 2590.84, -842.683
5.03403, 180.207, -12.9504
4.76521, 874.357, -669.419
4.77315, 240.986, 279.546
4.91125, 244.878, -63.9709
5.07896, -5116.75, 882.817
4.50207, -2426.4, -936.36
4.22945, -149.043, -61.5558
6.64533, -400.244, -476.544
3.02204, 2418.32, -1776.9
6.40057, 216.313, -401.845
3.19919, 810.297, -602.104
2.62171, 4607.54, 5174.09
6.0664, 100.467, 1023.36
7.15538, -305.702, 821.026
7.47667, -74.821, -116.951
3.86264, 266.268, -47.7754
3.6923, -2002.8, 23.9548
3.87328, -531.47, -3526.05
5.70836, -909.333, -1013.57
5.17637, 256.476, 28.4755
6.8967, -3297.8, 5850.24
6.75968, 317.177, -95.3715
2.98004, 207.199, 90.9901
4.66818, 206.885, 293.97
3.17045, 443.3, -635.943
5.86802, 310.414, 50.7508
5.34964, 625.337, -312.208
3.66474, 15.1513, -210.676
5.50306, 1390.87, 355.453
2.6551, 424.63, -424.941
7.08512, 296.43, 41.8104
3.82958, 446.995, -529.862
6.50016, 267.878, 45.0707
5.46389, 313.018, 164.886
5.0822, 270.02, 112.286
5.2567, 2868.86, -1497.84
3.47225, -27.9651, 37.7
5.36152, -3404.32, 107.279
3.81992, -727.03, 8149.93
4.41648, 3336.26, -6819.84
2.73626, -262.366, -111.631
4.22823, 474.956, -384.58
3.61594, -3508.98, 8571.28
3.81264, 17.3459, 96.2146
3.05141, 497.885, -314.061
7.40088, -68.1838, 197.388
5.93794, 683.353, -286.987
5.82158, 10.1843, 218.508
5.99501, 520.882, -87.4217
2.68746, 360.177, -10.2841
3.6706, -0.292623, 116.995
3.95397, -6709.99, -10091.2
3.50543, 32.8178, 464.273
2.7177, -3093.22, 4693.54
2.56571, -1941.12, 5.37942
6.07297, 7054.65, -2206.12
6.88348, 831.559, 95.3977
5.35088, 2104.94, -3834.26
6.92743, -3594.4, -4103.97
5.20042, -1932.96, -842.482
3.31357, -1790.51, 20.1693
3.30492, -3181.08, -2315.98
7.19182, 450.628, -104.479
3.45628, 436.3, 713.554
3.15761, -3309.34, -501.87
4.41122, 735.177, -776.737
6.12674, -595.087, 3188.88
2.50651, -7713.67, -487.602
4.60222, 5457.41, -3073.98
5.18984, -768.438, -191.762
4.86596, -1587.61, -655.219
6.33003, -238.344, 363.975
2.9396, -934.21, -1197.94
7.04284, 354.339, -179.501
3.20818, 718.755, -469.117
2.54782, 472.036, 58.6574
2.82267, -133.425, 797.538
4.96742, 326.18, -403.366
5.40914, 327.042, -71.7707
4.03373, 4568.91, -7950.05
4.57091, -209.9, -262.657
4.33401, 2025.69, 2257.78
3.42687, 524.073, -2512.15
2.76788, -3236.55, -2781.65
4.47222, 149.999, -82.1483
3.98388, -1789.8, -1820.4
5.05388, 71.6568, -13.0453
3.75392, 2702.49, -4297.24
5.01589, -1746.47, 2943.7
2.51168, -67.4447, -12.6338
7.01807, -6430.04, 3114.12
2.79181, 3827.48, 4076.48
5.17506, 265.1, 3534.51
3.95754, 3127.44, -1130.69
7.3023, 233.841, -136.172
4.73406, -3699.97, -1336.04
5.08479, 220.817, -29.2482
5.93861, 1216.96, -993.383
2.72187, 429.472, -231.739
7.2946, 4328.9, -3104.36
5.70852, 476.912, 433.893
2.80215, -23.4294, 214.006
3.33964, 239.795, 349.517
5.76491, 378.213, 310.771
6.19864, -632.173, 2625.76
3.57011, 570.091, -239.211
4.31441, 956.653, -1933.42
6.56981, 25.9944, 18.3025
5.32057, 273.972, 12.6256
7.45886, 177, 83.7785
6.5669, 65.3791, 639.591
3.49157, 3976.58, -5003.18
2.50003, 15.8884, 1022.09
4.62608, -3928.06, 4685.26
4.07406, 1870.1, 1118.49
5.56218, -4071.08, 648.162
3.83351, -30.4227, 152.636
4.39881, 1736.07, 244.721
5.43397, 184.136, -142.126
5.95636, -2625.38, 269.59
7.26736, 274.872, 33.749
4.89785, 285.698, 456.968
3.60319, 667.562, 1374.86
5.33741, 712.962, 574.593
6.09873, 461.161, -69.4235
4.4953, 1700.41, 186.436
3.48326, 3.64812, -140.634
6.66971, 338.017, -126.569
5.59561, 632.301, 130.06
7.26866, -3.77391, 21.0225
3.23222, -401.126, 750.435
5.38953, -525.345, -416.08
7.26796, 300.237, -54.5705
3.62331, -6447.14, 3294.5
7.25137, 176.749, -234.42
3.07874, 489.534, -312.413
2.58372, -634.089, 28.2193
3.90465, 578.459, -29.1059
7.15042, 608.244, -216.632
3.04796, 341.847, -21.4712
6.77266, 291.487, -175.287
5.68532, -536.267, 444.522
5.63853, 292.695, -187.463
3.80589, -666.742, 1276.7
5.13936, -1087.96, 156.882
7.16608, 2603.57, 1089.69
3.98055, -1113.02, -44.5364
4.78006, 129.101, 99.4118
6.35659, -1319.49, 5396.05
4.17193, -2323.92, -3640.6
6.31775, 364.296, 22.5356
6.65892, -2506.33, 2876.7
2.64618, 2711.29, -1834.52
4.31315, 198.742, -1109.13
4.16221, 285.278, 33.9742
3.17675, 2205.05, 2471.17
3.00839, 1460.04, -4530.09
5.11327, 378.761, -83.9448
3.52046, 1011.15, -871.911
5.00728, 81.6857, -891.729
5.1371, -5723.85, 3912.84
4.13422, 75.0559, -120.318
4.75888, 47.2243, -705.123
6.85263, -994.718, 660.799
4.72884, 376.955, 382.718
6.03726, 138.84, -34.7538
6.83171, -1844.42, 356.171
6.5822, 285.645, -500.241
2.67504, -4411.02, -1713.93
3.8644, -1017.49, 2180.01
5.21858, -1664.74, 1110.71
3.19942, 5441.34, -809.674
5.57408, 372.893, -401.669
3.29182, 779.443, -645.715
4.41129, 453.67, 574.446
5.94997, -847.535, -264.713
3.21128, 4392.61, 37.567
5.65284, 382.447, 316.328
3.15973, -3777.5, -1686.35
7.13583, 288.003, -53.3716
5.53465, 6341.69, -9669.17
5.50388, 846.987, 861.709
3.33635, 1489.9, -231.808
3.301, -1949.01, 2429
5.91628, 420.35, -81.4192
5.1456, -423.779, 935.578
3.65264, -2144.87, 1172.69
6.55373, -237.529, 120.247
5.76477, 220.379, -191.31
4.08597, -165.031, 533.396
2.53953, 716.342, -611.897
3.49176, 109.539, -39.7014
3.78831, 223.803, -174.431
3.03825, 535.577, -1765
3.49545, -234.187, -573.269
6.75079, -6704.26, 3494.18
6.63912, 39.3941, 579.315
6.76813, 125.065, -78.4924
5.71027, 212.374, -69.8166
3.6787, -3303.76, 3416.99
6.80638, 546.277, -75.2611
5.4745, 587.01, -161.15
2.52745, -1892.08, -1371
6.84925, 45.2856, -476.738
7.37729, 442.211, -171.451
5.59653, -2078.43, -1723.04
3.85574, -509.253, -762.245
7.46973, 320.975, 36.1974
4.60751, -573.162, -819.194
4.20537, 1039.42, 139.058
4.80717, 199.179, -32.6185
4.44822, -1171.73, -3260.38
4.613, -5467.05, -1003.13
2.84879, 212.22, 1053.28
5.5153, -255.722, -279.557
7.36114, 74.5995, 90.5739
5.07406, -11.743, 5.37125
7.45461, 233.272, -46.7377
5.84906, -3077.4, -7098.39
4.01716, 919.029, 829.749
3.47371, 707.051, -264.03
4.0109, -1809.7, 59.7509
4.93946, 130.407, -115.005
4.72438, 1037.05, 94.8186
5.7844, 87.6781, 76.612
3.74227, 6879.11, 3851.38
4.72007, -1285.21, -997.636
5.75894, 432.108, 90.2758
6.67472, 388.251, -15.4431
6.03698, 104.388, 1132.03
4.93928, -202.917, -1368.09
6.72039, 802.339, 106.833
7.00296, 661.205, -556.708
6.33082, -18.9688, 227.519
5.29453, 810.696, 1648.71
2.70603, -592.35, 711.375
5.46749, 151.945, 85.7803
2.68674, -96.6138, -4386
4.53488, -1754.81, 1678.9
2.84243, -411.876, -667.272
7.38558, 68.3298, 81.626
2.5956, 2046.15, 3484.91
6.60363, 291.431, -5.53763
5.2195, 4440.76, -3859.36
5.72828, -231.546, 992.315
3.62934, 398.103, -162.833
2.733, 801.058, 3754.93
3.63154, -241.708, -367.062
4.58371, -227.364, -2901.14
6.40126, -333.988, -171.097
3.72852, 1899.97, -2567.63
4.81411, 22.8066, -481.152
6.14756, -1534.71, -917.471
5.35237, 6364.88, -875.672
5.45997, 912.53, 48.6292
4.98425, -1155.56, 34.359
3.951, 266.53, -36.0825
4.71107, 676.08, -614.894
2.53669, -3712.23, 8178.25
7.41683, 151.008, 117.702
2.52822, -209.642, -431.765
4.8676, 2230.6, 581.13
5.86497, 4375.58, 7516.7
