6.27803, -733.662, -976.637
3.5948, 46.7804, -105.88
5.89648, 367.831, -897.051
5.09708, -259.963, 889.22
2.76731, -956.077, 650.115
2.53849, 350.655, 45.9881
4.58743, -828.784, -237.373
7.15218, 180.681, 385.722
2.95982, 44.006, 691.918
6.00595, -168.458, 311.547
3.81226, 534.175, 807.022
4.14117, 470.804, -892.244
7.45519, 501.418, 257.618
7.41275, -492.669, -253.838
5.75759, 497.139, 438.262
6.92354, 260.245, -840.505
6.33247, -122.444, -458.105
3.87453, -486.191, -63.0251
4.93259, -651.457, -279.355
2.80282, 815.828, 774.67
5.08146, -2.42227, 788.881
4.96988, 954.965, -365.838
7.23882, -804.939, -471.221
4.42071, -12.4032, -838.99
5.14874, 812.992, -459.688
2.75042, 866.598, -40.0682
6.63909, 555.739, 544.298
5.94228, -941.274, -737.66
6.18112, 258.559, 731.31
6.94286, 954.814, 440.152
4.25508, -356.185, -535.045
6.72991, 183.136, 24.6264
3.84659, 655.673, -159.389
4.83959, 62.5633, -185.944
3.2686, -653.993, -454.255
2.66527, 636.051, 131.843
7.2768, -16.4311, 87.6201
6.95369, 112.481, 486.878
3.29884, 667.482, 241.063
3.15214, 427.183, -567.575
2.515, -455.685, -811.145
6.0491, -909.713, -175.425
3.40448, -501.634, 853.86
5.76029, 768.554, -351.886
4.42907, 375.314, -697.592
3.23766, -16.2336, -236.972
5.45054, 654.813, 166.4
3.24076, 147.214, 903.94
3.2091, -178.355, 952.769
4.94257, -485.348, 121.096
3.13015, 874.178, -50.5435
5.64635, -349.983, -587.951
5.60817, 294.728, -732.54
4.88216, -486.982, 588.822
2.64188, -548.746, -250.958
3.21011, -124.709, 798.599
3.15594, -185.22, 878.092
3.31099, -840.171, 743.052
3.76529, -265.092, -838.713
4.77654, 555.538, -750.96
6.54472, -91.9373, -296.868
3.57624, 300.052, 844.966
3.75063, 817.621, 368.864
5.02978, -60.1112, 717.045
6.27922, 635.263, 150.753
5.66369, 878.201, -58.1016
5.9449, 611.523, -125.505
7.27207, 957.714, 426.694
5.18713, -398.846, 709.401
4.57014, -773.539, 27.5882
4.70019, 753.466, 165.158
6.07821, 729.723, 456.084
6.20858, 396.467, 588.18
5.12494, 766.254, -952.85
6.06711, -854.691, -76.8366
5.91025, 328.82, -20.7213
6.82941, 827.709, -593.355
3.19597, 76.7266, 761.768
3.57766, 949.945, -106.431
5.0733, -352.038, -123.709
4.83766, -101.992, 728.13
3.55759, -253.748, 604.347
5.65244, -687.16, 969.073
2.5044, -949.806, 214.57
4.09589, 447.144, 537.442
5.90281, 374.567, -119.899
6.0446, 664.216, -580.684
2.90869, -801.845, 647.419
3.56926, 259.806, 497.911
4.44412, -824.906, -567.434
4.44927, 922.093, 911.286
3.92018, 377.881, -459.592
4.6123, 547.896, 542.527
2.55658, -632.704, -425.04
3.72027, 917.026, -627.424
4.49072, -711.156, 654.271
6.64177, -652.007, 199.481
3.78584, 967.534, -699.496
3.59705, -784.709, -525.63
6.47385, 383.795, 266.78
5.8476, 493.481, 389.309
5.49108, -883.553, 290.252
5.99917, -373.239, -533.201
5.13062, 533.655, -750.036
4.14833, 190.496, 107.653
3.30844, -717.325, 393.495
6.56633, 711.419, -25.0364
4.08004, 468.197, 123.955
4.05369, 43.7527, -745.699
4.65424, 29.4839, 146.758
4.46509, -227.291, -470.128
4.43916, -54.7351, -151.478
4.34871, -821.068, -450.108
5.88118, 341.501, -499.69
6.10384, 440.071, 28.9161
7.20082, -72.9139, 881.505
5.08573, -80.4692, -360.519
5.5282, -189.367, 323.885
5.85049, -686.751, 973.145
5.11404, 72.2626, -299.16
3.87105, -921.264, 617.456
7.08924, 102.056, 282.833
3.73367, 916.827, -445.773
4.77876, 373.752, 670.316
3.30374, -944.81, 647.91
4.68319, 405.794, 394.004
7.45767, 480.149, 185.398
6.26931, -433.593, 389.597
4.97846, -968.119, -648.768
7.01651, -655.585, -818.492
4.68213, 490.218, 549.454
5.09239, 164.509, -967.34
4.44866, 88.9318, -846.593
5.63431, -208.57, -569.071
5.19331, 403.777, 319.229
4.35955, 636.021, -434.702
2.54674, -361.942, 360.949
6.3794, 38.3361, -776.513
2.85317, -880.669, -567.401
3.98511, 436.969, -680.509
4.78581, -49.9461, -864.497
3.25156, -106.781, 26.4382
5.97819, 666.471, -433.568
4.15587, 370.786, 149.917
5.21197, 961.476, -867.246
2.64678, 724.313, -964.979
5.38086, -8.51415, -244.016
5.18133, 374.903, 466.152
7.36678, -768.022, -921.436
5.57063, -308.396, -603.993
5.26431, -730.171, 204.791
6.69051, -266.459, 879.849
3.75764, -498.131, 915.194
6.98957, 599.742, -132.062
5.97428, 496.592, -488.68
5.82752, -474.585, -91.964
3.06838, -586.009, -791.733
3.37987, -961.273, 97.809
2.91253, -137.947, 182.451
6.68103, -238.74, 361.101
2.64818, 909.234, -765.696
6.34719, -17.7201, -829.385
4.29829, -509.405, 859.409
6.24626, 16.2746, 518.922
6.28385, 355.59, 337.67
3.60834, -534.084, -908.846
5.58305, 305.668, 143.784
3.66846, -552.452, -239.187
6.22052, -674.723, 294.353
5.80997, -890.69, -675.832
4.9209, 935.543, -766.143
2.58972, 830.417, 224.786
4.98291, 446.944, 192.021
5.09587, -89.0168, -868.759
4.71395, -855.544, 530.397
4.14528, -48.816, 931.544
3.52671, 479.726, -104.093
7.19863, -233.206, -632.409
2.85168, -506.041, 917.529
3.30042, 48.8456, -718.969
6.70788, -772.026, 30.5008
4.13614, -154.812, -261.259
6.85942, 169.12, 429.024
5.99896, 664.951, 513.995
5.52801, 864.528, -214.172
4.77536, 76.8472, -230.872
2.91543, -487.168, -213.058
3.94883, -42.4266, -127.104
6.51009, -584.069, -778.448
6.81821, 346.603, 42.9346
3.81831, 415.117, -505.929
4.79881, -834.129, -234.681
4.95672, 621.994, -520.402
5.82344, -465.562, -974.033
7.31738, -627.13, -173.399
7.23022, 579.07, -750.785
2.81902, 219.752, -651.191
5.04829, -435.651, -292.52
6.13222, 663.662, 669.656
5.65882, 588.053, -331.424
3.26658, -908.883, -907.317
5.09652, -861.121, 519.92
3.52281, -547.602, 842.419
6.03231, 403.052, -819.115
6.05786, -462.668, -40.6451
3.66304, -553.165, -234.643
6.80594, -49.0123, -130.219
2.67122, -103.696, 935.135
6.26587, -931.245, 69.3285
4.14789, 626.82, 140.752
4.65309, 64.569, -525.645
7.33455, 943.944, -198.388
4.05803, 732.105, 689.041
5.69762, 957.131, -689.496
5.95386, 885.539, -61.7966
5.36403, 55.5359, 621.538
6.60667, 902.508, -699.737
4.21807, -894.472, -678.964
5.09387, -829.846, -745.515
6.78438, 120.374, -936.158
6.18587, 328.239, 67.2347
3.45992, -890.523, 367.156
2.83145, -307.595, 334.352
3.60828, 846.378, -709.524
3.33656, 164.213, -215.4
6.31172, 373.403, -914.673
5.44905, -836.796, 411.821
4.65223, 867.712, 864.56
7.09618, 652.732, 12.6576
5.09668, 445.183, 183.964
7.38058, -685.11, -30.4528
5.15714, -451.316, 140.583
2.98716, 335.3, 375.81
5.83983, 199.113, 98.5088
5.44444, 140.667, -29.9689
5.01137, -681.411, -115.37
2.75808, -916.564, 448.432
2.6753, -339.914, 30.7768
4.41484, -798.974, -531.707
5.55555, 189.74, 102.249
5.06574, 546.777, 860.357
5.98498, 313.651, -24.6979
4.89891, -19.8561, -188.818
3.88323, 66.407, 426.377
6.01685, -436.999, 202.952
3.67701, 869.142, 40.8092
6.41501, 160.75, -177.631
6.60589, 351.798, 823.382
3.21842, -517.416, 47.5571
5.75757, -489.136, 799.232
3.87677, 861.437, -970.32
7.26215, -396.612, 710.258
4.58238, -743.468, 15.8009
3.03869, -125.489, 397.031
4.70633, -790.238, 529.094
6.28811, -421.166, -288.818
2.77803, -339.389, -308.628
3.51241, -22.2962, 139.091
6.82305, 915.657, -744.803
6.52456, -253.526, 8.69841
2.78861, -673.65, -663.141
4.40304, -70.562, -710.188
4.56124, -122.94, 752.592
2.80071, -374.724, 302.36
7.09746, 808.973, 659.297
3.35398, 533.064, 813.883
6.51634, -924.672, 181.505
3.88599, 731.631, 52.0452
4.44586, 168.918, 736.438
7.19936, 66.9955, 622.61
6.24573, 180.641, -191.496
3.44774, -329.729, 753.653
6.89581, 429.528, 480.917
6.8953, 408.045, -834.687
3.30515, -798.734, -261.75
5.87346, -796.079, -163.095
6.89096, 632.412, 137.705
6.98262, 235.837, 512.206
3.06535, -17.3408, 746.576
5.93789, -233.55, -242.176
3.21651, -790.915, -786.811
3.6901, 409.606, -44.4102
5.64383, 924.577, -225.573
4.312, 816.842, 371.624
4.64437, 584.522, 719.763
4.91936, -7.88842, -837.868
6.20379, -0.0232699, -110.166
3.23098, -365.291, 863.317
7.36238, -821.572, -756.355
7.3158, -507.237, -190.77
3.14741, -591.918, 657.713
5.3784, -301.142, -607.503
4.66439, 166.969, -136.52
5.50066, -223.538, -227.441
5.85098, -686.142, -101.657
4.5137, 397.903, 976.925
6.46691, 645.361, 680.048
4.89889, -960.511, -247.655
5.72449, 309.181, 281.177
4.28836, -255.832, 605.778
5.96794, -326.74, -219.819
5.83428, -415.834, -681.829
3.22071, -418.9, 713.163
7.10415, -944.349, 207.868
4.22228, 30.2293, -240.277
6.66824, -403.349, -464.519
2.74349, 277.991, -734.062
3.27936, -242.808, -53.0561
2.55765, 328.555, 497.784
3.94327, 117.672, 585.157
5.07295, -349.942, -165.471
3.65948, 677.586, 435.503
2.75022, -257.148, -82.0536
5.33091, -598.089, -824.477
6.69774, -147.843, 659.465
4.28763, -634.231, -447.416
4.3452, 172.225, 857.275
7.22226, 258.527, -71.4093
4.72425, -888.543, -170.09
6.82086, 485.5, 162.985
5.82654, -783.246, -729.761
5.79297, 174.295, 660.535
7.10736, -951.954, 953.808
5.11536, 958.608, -626.365
5.45229, 438.819, -441.048
5.79944, 665.814, 651.471
4.24765, 273.068, 462.463
4.11714, 345.72, 28.8349
7.08984, -109.638, 730.363
3.08619, 911.449, -440.349
7.31268, 648.573, -154.303
5.17978, 60.3714, -315.625
5.81447, 832.451, 629.246
5.48362, 898.937, -500.272
6.93363, -506.798, -736.819
6.67999, -653.721, -606.744
6.69339, 247.972, 197.413
6.85642, -197.087, 325.677
2.5002, -769.383, 332.495
4.77274, 263.482, 343.711
4.25696, -922.941, 182.478
5.80713, -256.074, 703.337
6.22234, -875.502, 153.449
3.3821, -129.994, -471.666
7.4621, 794.995, -798.147
5.95466, -923.635, 183.068
6.97862, 148.108, -8.89102
3.51579, 360.349, -130.198
7.2356, -471.219, -29.0253
4.88476, 871.948, -494.861
6.78578, 921.804, -749.622
6.41237, -958.035, -557.047
5.70687, 896.519, -905.832
3.14521, -717.936, 155.264
5.77944, 6.39423, 653.572
3.09199, 54.3516, 5.77844
3.88793, 325.272, 794.882
6.65548, -224.969, -236.066
6.14153, -746.659, -510.648
6.74348, -599.676, 294.2
3.43989, -748.189, -903.198
6.09602, 553.771, -286.613
4.25586, 143.812, 321.532
3.34555, -418.834, -706.92
4.52383, 320.121, -518.034
4.20924, 161.395, 760.028
6.67141, 356.323, -140.827
3.9111, 697.727, 585.358
5.16766, -655.203, -463.127
6.25085, 975.01, -849.223
4.62554, -680.029, -750.144
4.66964, -550.992, 558.425
3.03022, 853.171, -924.914
6.4639, -54.9599, -460.951
3.91232, -580.469, -476.081
7.14264, -579.327, -234.839
5.37926, 258.278, 523.011
3.4895, 832.602, -298.582
5.99081, 569.828, -738.455
3.07265, 492.229, -939.318
4.22945, 284.577, 768.859
4.15646, -574.486, -234.578
6.42735, 827.019, -949.856
6.65775, 458.199, -211.614
4.21712, -735.223, 751.838
4.2603, -272.574, 912.476
6.38197, 147.693, -792.44
6.58658, -8.23044, 686.113
4.26157, -137.737, 283.927
7.09559, -405.937, -300.648
3.2877, 523.184, 252.89
5.56029, -482.537, 570.857
5.54222, -419.047, 713.939
3.16647, -248.057, -733.613
3.51409, -734.375, -486.533
4.79457, -851.525, 504.39
3.48759, -501.012, 912.344
6.77118, -851.881, 384.315
6.54562, -763.626, -675.293
2.80131, -895.36, 873.907
6.50584, -719.387, 637.948
5.49597, -185.201, -535.329
7.43182, -883.505, 279.022
2.65919, -150.167, 654.451
6.8356, 930.376, -750.531
3.69109, 654.685, 326.627
3.6127, 157.001, 431.673
4.73907, -932.842, -563.376
2.61231, 858.658, -181.793
6.79755, -268.42, -0.295952
4.15902, 215.408, 578.312
5.72195, 301.896, 275.094
7.43521, -931.835, -489.229
5.30162, 284.594, -579.732
4.74553, -755.952, -246.835
5.213, 146.864, -730.004
2.90797, 775.038, -33.8583
3.99606, -819.98, -269.864
6.63964, 806.062, 644.726
6.48936, 619.997, 918.911
5.71048, -107.056, 680.624
4.84105, 626.308, 378.499
7.15326, -211.717, -590.585
5.08798, -242.665, -62.6744
7.42924, 794.816, -509.618
5.94567, -65.5941, -702.573
6.19966, -174.632, -466.223
3.46323, -394.841, -919.426
6.08881, -460.983, 610.333
6.11146, 570.15, -171.508
6.49298, 270.379, 151.826
4.23216, 253.857, -982.067
5.1481, -17.4954, -78.7335
3.19001, 721.384, -344.176
6.73218, -235.87, -250.448
6.32766, -70.6616, -869.751
7.5, 922.537, -441.24
4.24891, 471.356, 969.026
5.50367, -601.219, 577.27
3.50808, -493.951, 76.4827
6.2385, 36.7041, 162.518
6.49225, 959.386, 217.564
3.03505, -702.33, 107.835
5.35813, -507.898, 46.5696
2.84683, 365.076, -352.807
4.16036, 711.908, 688.035
5.80945, 479.224, -702.04
5.27726, 160.557, -175.149
7.12415, 228.488, -11.2881
2.69832, -477.72, 219.334
2.62083, -303.629, 232.581
4.61923, 220.426, -651.044
4.36987, 466.727, 125.935
2.93303, -229.8, -225.425
3.05403, -152.389, 171.378
5.31992, 358.812, -339.566
7.37269, 46.2315, 733.491
3.05066, -47.2197, -867.713
5.99352, 99.3046, 963.725
2.79674, -53.5095, -725.273
4.69755, 832.991, -99.2767
5.24651, 979.92, 710.646
3.45129, 684.275, -743.567
7.36597, 323.441, 319.427
3.19593, -676.5, -72.8451
5.48978, 906.643, -423.7
7.12812, -865.406, 702.814
3.91116, -68.724, 885.319
6.8307, -164.39, -91.6254
6.29598, -205.211, -592.435
6.10793, 360.978, 603.84
3.34241, -365.117, 362.925
3.32882, 799.682, 359.523
3.39076, -647.514, -974.897
5.87226, 329.062, -592.316
4.83484, -340.442, 31.6762
6.85219, -801.38, -357.111
5.76023, -686.588, -125.007
5.80464, 745.662, 863.035
2.58037, -646.49, -596.09
4.30596, -763.775, -674.67
3.72747, 912.681, 96.4804
6.93086, -920.604, -936.804
5.23701, 820.814, 781.179
6.57209, -38.4242, -629.866
5.24453, 167.438, 859.756
4.16156, 502.995, -46.851
4.40213, 14.9599, -652.538
2.52389, 918.713, 645.111
6.95226, -88.4423, -398.03
6.16955, -486.22, 678.903
6.04239, -159.278, 642.219
5.1278, 75.8329, -176.973
6.41065, -183.394, -804.062
3.42484, -400.888, -468.312
5.72673, 263.165, 503.471
3.42178, -675.634, -326.421
3.31214, 47.4395, -99.8963
2.65594, -182.315, 844.254
7.42716, 132.125, -667.89
4.04559, -324.928, -704.008
4.11075, -675.273, -304.819
5.51155, 280.299, -228.19
2.89107, -327.533, -911.537
3.93936, -4.44066, 70.2424
5.79307, -139.835, -493.867
7.36348, -971.02, -350.996
7.27758, -362.701, -784.113
7.42745, -668.929, -303.219
7.30478, -898.938, -738.295
3.0073, -555.643, 542.65
3.71505, -142.043, -490.998
6.91151, 104.459, -423.662
5.28805, 338.735, 685.121
6.7669, 796.078, 518.507
7.49145, -527.373, 532.795
3.99751, -254.193, -483.925
6.33157, 951.941, 465.074
4.81901, 292.295, -154.569
6.8168, -637.305, -780.362
6.99018, 852.427, -6.95341
7.377, 255.831, -409.101
2.77405, 639.869, 112.805
6.32605, 917.783, -620.481
5.09219, -923.327, 736.998
3.46574, 922.991, -222.03
6.98252, 212.046, -551.725
6.38492, -843.135, 95.0853
2.75968, 410.006, 535.814
7.47331, -835.563, 753.529
5.93659, -23.4928, -452.43
5.94854, 880.602, 496.098
6.57666, -653.602, 804.348
7.05426, -44.6624, -459.853
3.34218, -201.405, 390.168
5.24183, -584.236, 798.289
6.53351, -506.169, -268.386
4.17803, 340.771, -543.008
5.53435, -104.334, 33.2196
6.59602, -927.707, 334.037
7.3485, 77.1367, -252.415
6.29349, 572.567, 497.365
3.72113, -141.121, -93.2693
5.80589, -571.262, 396.384
4.21574, -454.867, -192.411
7.27146, 370.721, -391.122
2.60828, 797.445, 551.351
4.54979, -887.986, 935.704
2.55789, 576.469, -671.297
3.04964, 830.791, 197.842
5.28259, -819.574, 100.674
4.45466, -10.342, -219.85
7.20539, 116.617, -183.437
2.55572, 179.667, 369.39
6.22897, -209.967, -445.107
3.84293, 124.81, 121.688
4.27153, -669.709, -755.513
3.45835, -439.986, 629.507
5.14832, 291.299, -156.062
4.39478, -46.8825, -875.867
3.16407, -8.36207, -809.594
4.26563, -139.581, -549.718
4.2497, 780.947, 973.086
7.41084, 632.389, -140.61
5.25961, 145.669, -375.236
4.99918, 23.6492, -723.47
3.58531, -833.038, 441.673
4.37311, -253.134, -638.448
6.78251, -657.091, -469.859
6.45578, 795.807, -533.868
3.9204, -507.461, 912.4
5.07645, 435.794, 108.792
6.79238, -276.07, -5.6151
7.07844, -924.153, -177.749
7.48941, 128.641, 900.002
6.53177, 159.938, -177.604
5.22718, -902.968, -169.457
7.3461, 161.069, -713.155
5.31931, -582.632, 362.838
4.03031, -434.762, 644.384
5.41853, 943.661, 932.578
2.91197, 49.9701, -318.315
5.47382, 356.636, 609.874
3.31968, -593.159, -590.209
6.46527, -626.356, -429.909
2.95373, 589.031, 712.28
6.3072, -500.824, -678.987
6.83996, -255.562, 21.5806
6.40105, 180.709, -333.99
6.61399, 908.487, 946.027
6.70974, 370.563, 548.462
4.48328, 477.925, 256.059
6.508, -155.757, 167.653
6.56811, 375.463, -41.6945
5.43493, -406.392, 97.2032
4.64621, 786.482, -41.1541
2.5002, -38.2913, -444.378
5.31153, -808.64, 320.938
6.22632, 349.436, 336.262
3.89846, 951.483, 280.32
2.93406, -968.52, 561.765
3.5733, 853.258, -875.278
3.93296, -490.004, 573.697
4.86595, -389.64, 462.969
6.95893, 840.633, 819.458
5.91955, 522.002, -505.615
3.54376, -37.6162, -81.3642
6.67533, 785.816, 6.30285
7.09218, 905.922, 895.6
4.48244, -480.745, -691.541
6.37858, 542.56, 520.702
5.68161, -146.572, -93.7709
6.64746, 482.007, 273.657
3.40204, 545.091, -474.679
7.45927, 570.987, -725.823
6.70558, -155.112, -836.744
4.65177, 879.791, 259.164
4.38589, 594.995, 876.26
2.70802, 641.625, -501.377
6.80715, -770.506, -514.019
6.62116, 914.097, -885.253
6.25052, 21.7783, 728.627
3.55801, -166.418, 971.584
4.31029, -780.537, -188.774
4.43545, -579.398, -769.416
7.32918, 791.001, 635.624
6.5872, -147.229, 659.79
4.5755, -78.0701, 445.161
5.83759, 190.414, 167.439
2.52101, 475.52, 955.701
6.98048, -730.066, 233.024
3.68416, -346.147, 353.063
3.79415, 351.217, -94.2866
5.4939, 396.57, -706.895
6.89823, -824.828, 361.783
6.16299, -559.853, -582.43
6.0773, 892.203, 567.352
3.57724, -600.223, 481.951
6.30413, 681.326, -950.895
3.85351, -169.82, -542.561
2.75246, 655.727, 335.529
4.78866, 281.64, 248.964
2.58759, 439.205, -765.773
3.01129, 61.7883, -188.742
2.639, -139.165, 288.316
5.65921, -348.116, -521.813
6.34425, 75.612, -252.83
2.74132, 528.089, -830.367
6.6924, -41.4623, -631.925
6.76899, -259.576, -294.409
6.57649, -461.732, 579.362
6.85188, 790.729, 397.562
5.27222, -620.938, -146.717
6.12646, -279.176, 40.6485
3.20424, -500.125, 915.55
6.6115, 581.062, -522.75
5.51185, 720.148, -193.088
4.93856, 499.323, -907.536
6.14942, -279.967, 922.37
4.05164, 756.411, -664.43
3.93925, -700.373, 345.981
5.45857, -932.515, 784.169
5.34055, 629.255, 853.679
5.41059, -922.912, -567.59
2.84132, -684.001, 284.642
4.34304, 147.482, -366.841
6.28475, -934.385, -563.026
6.35297, -450.438, -859.256
4.27217, -393.186, -259.177
5.98913, 231.559, 918.846
5.08005, -662.925, -287.903
5.94494, 377.452, 142.454
6.18066, -81.1984, 619.044
2.56231, -337.802, -666.071
7.16549, 638.269, -138.262
5.37826, 118.244, 120.571
3.05587, 489.614, 985.855
4.87388, -96.5123, 32.0036
3.24247, 214.732, 103.414
4.22594, 49.3533, 437.339
7.04476, -915.419, 149.545
4.54571, 5.76423, 532.937
5.96642, -672.5, -64.1168
3.35865, 374.189, -914.827
6.21715, 874.718, -501.915
4.16319, -423.79, 657.668
4.62157, 651.023, 317.447
2.79523, -147.65, -88.9448
5.09005, 290.483, -214.636
5.94425, 466.46, -575.624
5.01149, -267.053, -6.39632
6.56617, -172.021, -743.501
3.07974, 87.2038, -923.487
5.24841, 291.445, 458.67
5.06046, 394.538, 19.6407
6.02649, 966.324, 449.756
5.65083, -241.436, 870.716
4.0207, -33.3042, -652.165
6.74719, 401.598, 358.48
3.39619, 624.906, -31.0299
2.61737, -520.362, -99.1613
4.19467, 709.455, 43.245
3.43818, 353.356, -101.322
6.60467, -291.066, 164.126
6.72507, -899.544, -182.744
6.78031, 843.694, -708.168
7.37454, -943.398, 650.361
2.99587, 455.104, -444.713
2.56182, 565.45, 648.296
2.58614, 223.98, 569.611
2.64527, 241.583, 100.434
4.1031, 144.41, -378.014
6.17815, 621.152, 298.342
3.14876, 327.91, 479.596
2.5161, -371.161, 499.006
6.91905, 143.317, -789.748
3.70482, 223.18, -560.306
4.38481, -808.933, 773.448
4.44879, 647.684, 172.421
2.81534, 599.706, 291.173
7.30792, 187.319, 929.797
3.75349, 717.962, -349.268
6.85376, -681.329, -74.3095
2.85991, -906.764, 410.085
2.70653, -607.275, 562.523
3.46378, 341.954, -519.274
3.86708, -305.773, 303.429
7.4007, -944.935, -362.505
3.60607, 328.971, -541.457
6.43119, -871.1, 846.718
4.42306, 290.215, -416.325
3.78593, 471.696, -632.647
3.91087, -920.064, 52.2171
7.33834, 868.812, -55.7436
4.22841, 741.111, 156.085
3.45922, -965.068, 732.948
5.05037, -546.809, -375.933
5.21857, -549.768, 625.079
5.72333, -667.503, -592.618
3.89738, 6.45703, 790.599
3.41887, -298.185, -706.318
2.71579, -823.73, 366.517
3.98408, -485.98, -248.476
4.25548, -230.571, 136.792
7.09372, -419.55, 694.823
5.81225, 489.103, -353.508
5.08041, 864.671, 574.521
4.03763, 602.46, 575.686
3.0007, -344.428, 150.554
3.47502, 374.656, -878.867
4.11407, 29.9603, -116.883
5.56182, 942.224, 88.5947
5.13511, 951.537, -972.054
3.45653, 275.917, 274.668
4.7178, -623.5, -440.623
4.48693, -695.53, 837.615
6.28051, -600.076, 744.672
6.6213, 732.127, 602.641
5.51573, 144.413, -353.608
3.04573, 600.51, -813.558
4.11797, 479.969, -165.008
5.03403, 13.363, 314.04
4.76521, -669.056, 803.215
4.77315, -177.165, -448.354
4.91125, 932.279, 913.108
5.07896, 365.835, -649.575
4.50207, 197.696, 817.36
4.22945, 971.916, 469.968
6.64533, 926.897, -220.423
3.02204, -720.346, -782.651
6.40057, 568.731, 550.767
3.19919, -295.373, -236.705
2.62171, -798.308, -534.217
6.0664, 401.791, -733.006
7.15538, 137.639, -818.906
7.47667, 205.924, 174.659
3.86264, -882.357, 154.208
3.6923, -500.862, -247
3.87328, 945.715, 614.941
5.70836, -897.925, -730.605
5.17637, 304.097, 135.85
6.8967, 811.807, -291.978
6.75968, -659.624, -817.807
2.98004, 871.02, -68.5372
4.66818, -728.805, 233.682
3.17045, -194.94, -746.866
5.86802, -173.286, 309.485
5.34964, -39.7949, -448.94
3.66474, -592.196, 580.579
5.50306, 262.121, -678.703
2.6551, -788.199, -23.106
7.08512, 560.566, -302.344
3.82958, 856.122, -175.562
6.50016, -177.281, -513.978
5.46389, 134.875, -734.157
5.0822, 324.737, 630.994
5.2567, 340.907, 621.521
3.47225, 479.714, -239.366
5.36152, 147.487, -728.89
3.81992, 202.005, 396.27
4.41648, -768.898, 535.932
2.73626, -766.758, -893.45
4.22823, 581.997, -675.251
3.61594, 647.833, -425.509
3.81264, 16.1094, -714.199
3.05141, -423.618, -410.725
7.40088, -699.989, 9.24002
5.93794, 784.345, 628.654
5.82158, -547.107, -373.324
5.99501, -594.865, -668.633
2.68746, -819.386, -756.159
3.6706, -634.843, -747.964
3.95397, 741.52, 680.959
3.50543, 3.63616, -234.643
2.7177, 337.126, 334.538
2.56571, -539.176, 539.636
6.07297, -517.984, 764.896
6.88348, -859.671, -608.511
5.35088, -884.171, 298.23
6.92743, 856.445, 842.193
5.20042, -359.848, -275.817
3.31357, 925.592, -631.737
3.30492, 958.523, 442.682
7.19182, 301.732, 266.25
3.45628, 544.029, -836.618
3.15761, -0.366962, -111.898
4.41122, -276.941, -11.6717
6.12674, 262.542, -247.424
2.50651, 546.438, 858.599
4.60222, 17.2131, 726.638
5.18984, 281.675, -226.131
4.86596, -235.505, 243.28
6.33003, 542.253, 864.742
2.9396, 553.239, -454.649
7.04284, 149.095, 323.989
3.20818, -856.723, -399.236
2.54782, 400.66, -43.472
2.82267, 258.493, 524.471
4.96742, 378.873, 221.219
5.40914, 523.188, 965.821
4.03373, -935.848, 542.294
4.57091, 878.593, -50.5898
4.33401, -585.365, -675.488
3.42687, 160.874, 658.823
2.76788, 602.925, 196.493
4.47222, 530.155, -63.3488
3.98388, -346.326, -132.466
5.05388, -393.257, 814.594
3.75392, -716.146, 226.2
5.01589, 938.14, 894.137
2.51168, 5.36124, 770.287
7.01807, 974.223, -445.263
2.79181, -915.426, -935.006
5.17506, -646.771, 803.489
3.95754, -384.314, 857.895
7.3023, -792.848, -259.822
4.73406, 328.251, -108.127
5.08479, 878.333, 171.219
5.93861, -250.774, 32.3836
2.72187, -159.825, 68.855
7.2946, -790.74, 601.583
5.70852, 366.599, 147.261
2.80215, 611.847, -767.533
3.33964, 58.1169, 265.947
5.76491, 491.189, -233.088
6.19864, -769.789, 335.408
3.57011, 849.837, 207.483
4.31441, 149.696, -847.719
6.56981, -646.123, 924.732
5.32057, 809.545, -466.906
7.45886, -46.9732, -870.078
6.5669, -762.788, 385.576
3.49157, -978.469, -21.0956
2.50003, -134.099, -822.227
4.62608, 914.35, -749.216
4.07406, 863.741, 224.072
5.56218, 603.859, -922.115
3.83351, -194.351, -537.951
4.39881, -593.032, -66.0327
5.43397, 934.84, 299.3
5.95636, -132.617, -480.759
7.26736, -447.942, -564.18
4.89785, -293.984, -938.619
3.60319, 393.333, -707.724
5.33741, -711.004, -458.281
6.09873, 405.422, 358.75
4.4953, -489.864, 559.449
3.48326, -685.045, 974.351
6.66971, -664.214, -755.651
5.59561, -448.665, -864.351
7.26866, -281.044, 186.864
3.23222, -12.7782, -247.213
5.38953, 31.0957, -452.932
7.26796, -401.649, 711.532
3.62331, 711.166, -967.253
7.25137, -492.633, 793.167
3.07874, 786.09, -503.548
2.58372, 27.1803, -232.757
3.90465, -341.486, -171.129
7.15042, 624.971, 176.55
3.04796, 770.192, 875.565
6.77266, 18.875, 805.237
5.68532, -717.771, -725.425
5.63853, 397.341, -708.296
3.80589, 726.546, 717.455
5.13936, -963.022, 211.609
7.16608, -255.564, 888.658
3.98055, 911.154, 118.518
4.78006, 169.105, 420.913
6.35659, -663.605, -608.577
4.17193, 132.661, 122.171
6.31775, -40.7051, -909.513
6.65892, -31.1568, 936.695
2.64618, -723.882, 564.873
4.31315, 708.596, -264.209
4.16221, 261.968, 471.73
3.17675, -506.628, -273.135
3.00839, -301.656, 620.98
5.11327, -602.902, 800.363
3.52046, 30.8192, -523.887
5.00728, -863.521, -606.852
5.1371, -12.2232, 964.753
4.13422, -259.395, -301.602
4.75888, 229.405, -432.308
6.85263, -9.18328, 945.81
4.72884, 634.534, 857.339
6.03726, -455.563, -897.096
6.83171, 892.131, -690.288
6.5822, 838.696, 199.541
2.67504, 870.863, 844.055
3.8644, -642.248, -241.964
5.21858, -418.776, -428.88
3.19942, -938.717, -558.765
5.57408, -758.595, -907.758
3.29182, -633.153, -616.224
4.41129, 102.312, 218.798
5.94997, -95.5883, 187.094
3.21128, -405.941, 476.41
5.65284, -783.471, 779.649
3.15973, 177.841, 939.59
7.13583, -734.467, 240.757
5.53465, -934.806, 788.451
5.50388, -922.105, 375.941
3.33635, 575.485, -516.983
3.301, -851.891, -402.387
5.91628, 603.261, -23.1815
5.1456, -693.75, -8.14672
3.65264, -141.111, 777.068
6.55373, -504.24, -54.2084
5.76477, -416.41, -554.177
4.08597, -579.736, -590.393
2.53953, -258.036, -805.743
3.49176, 721.182, 726.733
3.78831, -2.55837, 378.759
3.03825, 867.6, 44.6289
3.49545, 119.887, -418.363
6.75079, 803.707, -768.068
6.63912, -952.795, 206.856
6.76813, -961.585, -546.228
5.71027, 298.775, 777.363
3.6787, 720.707, -978.021
6.80638, -502.986, -796.241
5.4745, 33.5528, -113.506
2.52745, 503.258, -50.2743
6.84925, -661.357, -464.544
7.37729, 643.471, 100.302
5.59653, 371.6, 18.8993
3.85574, -916.166, 361.169
7.46973, -167.898, -617.089
4.60751, -709.064, -520.44
4.20537, -789.534, -610.741
4.80717, 366.613, -125.524
4.44822, 258.567, -387.697
4.613, -40.7565, 513.079
2.84879, 128.225, 295.394
5.5153, -42.7309, -116.026
7.36114, -49.9837, 223.786
5.07406, -700.7, -522.874
7.45461, 939.775, -136.016
5.84906, 604.674, -126.49
4.01716, -603.275, 66.4437
3.47371, 856.791, 581.672
4.0109, -717.49, -921.414
4.93946, -338.123, 457.62
4.72438, 526.441, 973.454
5.7844, 325.283, -924.119
3.74227, -762.356, -673.706
4.72007, 53.0502, 551.279
5.75894, -693.624, 36.3725
6.67472, -721.461, 199.645
6.03698, 189.625, 806.89
4.93928, -858.511, -631.194
6.72039, 395.907, -230.821
7.00296, -515.591, -198.102
6.33082, -656.874, -514.231
5.29453, 641.505, 868.642
2.70603, -1.42002, 66.7074
5.46749, 559.554, 68.9725
2.68674, -662.095, 808.456
4.53488, 40.2726, 437.097
2.84243, -962.848, -875.302
7.38558, -760.384, -887.621
2.5956, -502.205, -248.146
6.60363, -163.375, -270.797
5.2195, -387.378, 853.446
5.72828, 781.284, -334.789
3.62934, -244.119, 17.3976
2.733, 852.506, -716.307
3.63154, 198.944, -539.313
4.58371, -633.859, 133.061
6.40126, 262.273, -624.82
3.72852, -926.832, 382.56
4.81411, 629.516, 119.953
6.14756, 927.068, 288.939
5.35237, -332.703, 807.757
5.45997, 914.063, 910.648
4.98425, -921.266, 277.821
3.951, 464.787, 128.544
4.71107, -16.5452, -235.685
2.53669, 846.289, -399.139
7.41683, 502.295, -358.612
2.52822, -789.412, -180.964
4.8676, -120.178, 750.598
5.86497, -314.849, -124.651
