6.27803, -3495.77, 2053.7
3.5948, -87.8481, 1097.63
5.89648, 447.277, 170.584
5.09708, 597.824, 120.939
2.76731, 6774.43, -6939
2.53849, -2405.2, 2949.43
4.58743, 9510.13, 5645.95
7.15218, 181.838, -134.236
2.95982, 699.261, -449.79
6.00595, 413.178, 67.3856
3.81226, -153.095, -57.9395
4.14117, 305.646, -82.3113
7.45519, 735.392, -806.318
7.41275, 191.191, 15.3957
5.75759, -544.427, -267.883
6.92354, 330.428, -14.9379
6.33247, 59.3362, 189.305
3.87453, -2604.5, -978.389
4.93259, -1382.66, -1146.37
2.80282, -8634.74, 2205.88
5.08146, 327.999, -10.1391
4.96988, -6020.9, 2267.04
7.23882, 186.093, 81.9612
4.42071, 213.637, -147.21
5.14874, -4523.08, 1174.41
2.75042, -321.058, 6022.7
6.63909, 543.09, 162.577
5.94228, 813.131, -233.99
6.18112, 714.017, 110.895
6.94286, -4450.26, -3851.18
4.25508, -225.698, 244.084
6.72991, 275.409, 90.9333
3.84659, 915.726, -383.26
4.83959, -180.862, 572.035
3.2686, -60.7458, -188.955
2.66527, 939.041, -579.906
7.2768, -1434.38, -992.9
6.95369, 75.1348, 200.943
3.29884, -41.5475, 423.305
3.15214, 1974.9, -1132.61
2.515, 3530.6, -643.393
6.0491, 30.8216, 84.8714
3.40448, 124.568, -46.0407
5.76029, -1096.23, 215.373
4.42907, 188.231, 73.3003
3.23766, 1401.16, 1468.94
5.45054, 847.766, 223.282
3.24076, 3144.49, -1522.8
3.2091, -2593.96, -1490.55
4.94257, -102.687, -122.329
3.13015, 524.964, -388.791
5.64635, 1116.57, 256.729
5.60817, 282.384, -175.735
4.88216, 4101.25, -5653.88
2.64188, -813.62, -79.4163
3.21011, 4908.01, -703.591
3.15594, 697.725, -67.252
3.31099, 1667.34, -2582.84
3.76529, -79.3413, 123.26
4.77654, -5744.4, 2758.6
6.54472, -164.588, -1169.99
3.57624, 269.238, -118.724
3.75063, 302.113, -7.41446
5.02978, -1355.89, -2357.78
6.27922, 225.921, -124.796
5.66369, -1961.38, -3928.33
5.9449, -2424.59, -1834.76
7.27207, 94.0463, -289.962
5.18713, 5912.79, -2995.7
4.57014, 136.402, -2661.03
4.70019, -342.89, -408.392
6.07821, -2013.43, -1848.71
6.20858, -2962.8, -2193.36
5.12494, -3846.45, 3062.32
6.06711, 148.215, 52.0621
5.91025, 405.838, 291.864
6.82941, 2298.8, -1832.22
3.19597, 430.678, 1817.74
3.57766, 334.606, -28.5492
5.0733, 1419.27, 2487.27
4.83766, 212.823, -121.125
3.55759, 4402.02, -4457.46
5.65244, -181.329, 318.898
2.5044, 3476.34, -5003.26
4.09589, -896.805, -2970.64
5.90281, 222.042, -54.4056
6.0446, 180.438, 31.3725
2.90869, 103.046, -178.517
3.56926, -108.75, -540.459
4.44412, 323.769, 148.833
4.44927, -4410.07, -1485.84
3.92018, 115.581, 585.397
4.6123, 311.4, 64.7629
2.55658, -2597.99, -187.233
3.72027, -6132.87, 3217.08
4.49072, -2394.63, -3973.66
6.64177, 925.472, 309.465
3.78584, 687.63, -508.077
3.59705, -1180.61, 665.674
6.47385, 144.71, 72.2674
5.8476, 1611.6, -389.347
5.49108, 542.154, 928.952
5.99917, 2867.86, 1912.44
5.13062, 322.016, 457.51
4.14833, 163.743, -97.6191
3.30844, 6830.06, 1194.05
6.56633, 116.881, 13.1576
4.08004, 62.1218, -686.625
4.05369, 788.866, 438.375
4.65424, 109.193, -39.657
4.46509, 366.683, 237.916
4.43916, 100.719, -83.019
4.34871, 196.223, -212.72
5.88118, 255.083, 129.036
6.10384, 530.085, -264.086
7.20082, -2528.48, 1064.91
5.08573, 523.145, -286.174
5.5282, -538.807, -167.218
5.85049, 1675.7, -2536.22
5.11404, 9.99891, -152.33
3.87105, 91.3268, 141.135
7.08924, 299.314, -119.536
3.73367, 122.556, 195.999
4.77876, 341.092, -572.743
3.30374, 106.593, 134.413
4.68319, 347.024, 47.1236
7.45767, 900.165, -383.637
6.26931, 4430.74, -4280.23
4.97846, 17.0958, -811.392
7.01651, 161.567, -9.52662
4.68213, -37.8156, 140.559
5.09239, 2287.49, -1802.31
4.44866, -2003.39, -3299.77
5.63431, 170.963, 145.431
5.19331, 213.028, 77.1979
4.35955, 180.48, 1117.8
2.54674, 16.6514, -887.81
6.3794, 282.824, 43.523
2.85317, -445.795, -484.305
3.98511, 849.978, 155.425
4.78581, 63.8898, 1791.67
3.25156, 468.167, 151.529
5.97819, 75.9889, -579.015
4.15587, -413.591, -471.762
5.21197, -3819.47, 6700.86
2.64678, -3644.71, -2406.55
5.38086, 491.161, -469.683
5.18133, 99.9538, -342.921
7.36678, 550.848, 338.429
5.57063, 164.935, -7.81462
5.26431, 2925.1, -5066.12
6.69051, 1123.34, -266.187
3.75764, 518.379, -1170.47
6.98957, 235.745, 6.58023
5.97428, 113.036, -151.972
5.82752, -549.243, 2528.99
3.06838, 651.86, -666.097
3.37987, -1802.9, -731.905
2.91253, -1930.23, 3093.67
6.68103, 525.833, 60.8007
2.64818, 783.506, 4094.28
6.34719, 71.0341, -70.709
4.29829, 219.364, -3899.45
6.24626, -1059.73, -379.417
6.28385, 172.399, -3.76607
3.60834, 2571.91, -1481.56
5.58305, -331.04, 207.326
3.66846, 487.816, 300.25
6.22052, -38.255, -3864.46
5.80997, -170.69, -711.538
4.9209, -3726.6, 6768.51
2.58972, 647.333, 306.357
4.98291, -78.8124, 476.554
5.09587, 175.182, -41.1652
4.71395, 687.625, 3561.51
4.14528, -2555.93, 1632.44
3.52671, 135.551, -41.8045
7.19863, -0.644075, 1056.94
2.85168, 1160.91, 3262.06
3.30042, 360.729, -1244.9
6.70788, -54.5025, 205.965
4.13614, 99.4725, 143.902
6.85942, -152.306, 60.6634
5.99896, 428.067, -40.7953
5.52801, 690.398, 234.142
4.77536, 673.594, -26.3042
2.91543, -346.713, 772.178
3.94883, -3674.98, -900.202
6.51009, -60.6217, -86.7024
6.81821, 270.139, -1485.73
3.81831, -5112.39, 401.105
4.79881, 780.393, 531.593
4.95672, 203.119, -170.646
5.82344, 1699.61, -2580.39
7.31738, 130.039, -300.01
7.23022, 509.004, 102.662
2.81902, 1687.19, 151.671
5.04829, -614.344, -598.475
6.13222, 405.347, -394.691
5.65882, 320.335, -6.35072
3.26658, -403.582, -669.342
5.09652, 687.307, 3564.46
3.52281, 6488.11, -2040.97
6.03231, 17.5368, 115.191
6.05786, -1391.45, 6917.96
3.66304, 374.037, 471.346
6.80594, 368.594, 123.463
2.67122, 434.242, -144.132
6.26587, 1043.23, -136.989
4.14789, 380.058, 1046.65
4.65309, 5857.58, -1533.9
7.33455, 29.15, -570.345
4.05803, -1881.27, -1760.08
5.69762, -6753.95, -88.3798
5.95386, 160.56, -54.0498
5.36403, -472.896, 182.88
6.60667, -3778.49, 6726.89
4.21807, -4077.21, 1557.29
5.09387, 136.854, -221.429
6.78438, 277.496, 1069.95
6.18587, 13.2692, 636.364
3.45992, 1928.1, -847.615
2.83145, 175.77, -134.702
3.60828, -4866.55, 3057.75
3.33656, 217.057, 36.6706
6.31172, 280.731, -217.656
5.44905, 1816.78, -2401.39
4.65223, -7077.03, -481.749
7.09618, 1615.04, 45.6554
5.09668, -1091.65, -1597.26
7.38058, -442.468, 56.0176
5.15714, 185.688, 89.5248
2.98716, -1174.49, 550.44
5.83983, -580.551, -541.618
5.44444, -593.821, 3004.25
5.01137, 261.359, 17.1569
2.75808, 395.695, 1471.67
2.6753, -121.236, 112.848
4.41484, 69.1999, 529.497
5.55555, -2995.44, -3287.45
5.06574, -7075.86, -478.008
5.98498, 521.172, 103.701
4.89891, 261.047, 121.351
3.88323, -7275.56, 34.277
6.01685, -326.911, 3264.12
3.67701, 213.845, 237.963
6.41501, 190.55, 25.4005
6.60589, 314.243, 301.415
3.21842, 4532.6, 3875.39
5.75757, -328.89, -457.953
3.87677, -1537.92, -1920.63
7.26215, 3258.96, -1228.3
4.58238, 409.491, 78.2085
3.03869, -56.0551, -648.213
4.70633, 381.662, -527.687
6.28811, 181.021, -316.167
2.77803, 563.07, -21.7326
3.51241, 157.314, -0.0238762
6.82305, 567.114, -294.807
6.52456, 69.9491, 16.5529
2.78861, 744.466, 2028.85
4.40304, -101.781, 252.339
4.56124, 255.777, 53.584
2.80071, -1647.32, -762.452
7.09746, -1190.08, -985.646
3.35398, 379.363, -119.326
6.51634, 327.326, -312.973
3.88599, 3053.2, -799.604
4.44586, 199.445, -45.3942
7.19936, -2124.34, 1230.03
6.24573, 154.502, 3314.04
3.44774, 4931.56, -4978.02
6.89581, 218.496, -152.058
6.8953, -34.5264, 12.4837
3.30515, 233.171, -1875.14
5.87346, 81.3147, -143.872
6.89096, 102.073, 18.065
6.98262, -789.646, 4452.43
3.06535, 529.229, -55.6561
5.93789, -2066.02, -1538.5
3.21651, -48.025, -387.384
3.6901, -926.674, 340.229
5.64383, 3431.74, -2355.58
4.312, 265.469, 315.475
4.64437, -2169.54, -1992.28
4.91936, 1803.85, -2158.04
6.20379, 122.906, 1927.18
3.23098, 13.4014, -461.9
7.36238, 191.125, -38.1507
7.3158, 515.571, -68.7835
3.14741, 3031.4, -1872.15
5.3784, 155.283, -175.86
4.66439, 239.752, -981.173
5.50066, 424.581, -110.655
5.85098, 396.243, 408.853
4.5137, -3590.7, -1242.18
6.46691, -2018.22, -1719.53
4.89889, -4282.88, 2072.16
5.72449, 274.062, 215.003
4.28836, 6810.87, -1060.01
5.96794, 155.441, -958.811
5.83428, 1117.22, 633.064
3.22071, 303.803, -49.034
7.10415, 187.498, -189.56
4.22228, 1297.5, 4590.17
6.66824, 335.718, 81.5525
2.74349, 231.43, -1054.36
3.27936, 1504.57, -2553.07
2.55765, 815.728, -323.323
3.94327, 455.493, -245.151
5.07295, 166.383, 589.667
3.65948, 1349.92, -4117.11
2.75022, 402.372, -378.843
5.33091, 473.67, 109.324
6.69774, 510.086, -407.112
4.28763, 756.653, -157.586
4.3452, 211.469, -894.886
7.22226, 213.225, 17.2135
4.72425, -1356.52, -20.1596
6.82086, 219.073, 22.296
5.82654, 107.96, -460.788
5.79297, 648.797, 254.066
7.10736, 3019.04, -2225.18
5.11536, -3840.72, 3064.32
5.45229, -73.4681, 831.557
5.79944, -219.574, -3089.68
4.24765, -1770.2, 1170
4.11714, 519.045, 231.526
7.08984, 234.554, 910.008
3.08619, -5681.95, 2229.42
7.31268, -442.946, 421.979
5.17978, -18.1236, 251.101
5.81447, 1926.3, 1100.23
5.48362, -5910.71, 2834.25
6.93363, 160.201, -1071.13
6.67999, 587.201, -71.7486
6.69339, 237.134, 7.09076
6.85642, -488.762, -451.514
2.5002, -546.566, 2521.13
4.77274, -1230.92, -3668.08
4.25696, 1651.37, 140.313
5.80713, 5989.65, -4558.36
6.22234, -343.838, 96.2
3.3821, -1134.32, -5108.68
7.4621, -1353.29, 1558.12
5.95466, 478.65, -408.303
6.97862, -551.131, 144.397
3.51579, -1367.31, -568.782
7.2356, 714.803, 598.586
4.88476, -5413.05, 2958.62
6.78578, -4863.42, 3058.66
6.41237, -153.513, 140.342
5.70687, -3700.09, 3597.14
3.14521, 8.14411, -146.693
5.77944, 205.392, -632.598
3.09199, 113.81, -50.0761
3.88793, 3059.08, 871.06
6.65548, 66.5324, 2846.09
6.14153, 4567.24, 5888.66
6.74348, 5095.56, -3813.25
3.43989, -202.568, 393.239
6.09602, 230.064, -119.144
4.25586, 83.7265, -538.383
3.34555, 308.149, -109.832
4.52383, -5470.46, 616.341
4.20924, 167.065, -77.1792
6.67141, -244.705, 224.529
3.9111, -4225.54, -6850.95
5.16766, 4341.15, 2483.66
6.25085, 1298.97, -2308.13
4.62554, 508.177, 254.761
4.66964, 620.759, 186.47
3.03022, -3981.58, -2933.25
6.4639, 358.803, 342.453
3.91232, 258.35, 69.6566
7.14264, 4518.55, 7035.99
5.37926, 288.141, -8.61858
3.4895, -447.808, -489.27
5.99081, 295.209, -9.33328
3.07265, 1144.69, -182.473
4.22945, 141.103, -1090.36
4.15646, 292.428, -45.4694
6.42735, -5948.59, 2886.53
6.65775, 535.755, -36.4343
4.21712, 393.815, 62.7274
4.2603, -631.287, -25.6935
6.38197, 76.8745, -138.411
6.58658, 147.851, 126.722
4.26157, -465.977, -566.209
7.09559, 170.85, 244.83
3.2877, 693.201, -81.6214
5.56029, -67.9324, -372.051
5.54222, 160.714, -12.0135
3.16647, 3349.3, 3391.05
3.51409, 4304.46, 5845.24
4.79457, 473.357, 74.1411
3.48759, -285.749, 1615.33
6.77118, 324.62, 187.982
6.54562, 1251.28, 1093.49
2.80131, 2866.52, -1871.25
6.50584, 1814.44, -5335.37
5.49597, 398.297, -151.069
7.43182, 360.105, -38.6712
2.65919, -264.72, -182.12
6.8356, -3636.23, 4321.16
3.69109, -2257.66, -782.383
3.6127, 2321.97, 985.775
4.73907, 7497.08, 3498.4
2.61231, -386.824, -207.774
6.79755, 213.709, -64.1809
4.15902, 488.317, -4402.74
5.72195, 693.155, -448.686
7.43521, -284.565, -100.383
5.30162, 171.223, 61.1034
4.74553, 133.911, 141.889
5.213, 181.11, -541.598
2.90797, -2722.59, 952.121
3.99606, 1622.98, 3192.18
6.63964, -4031.58, -739.797
6.48936, -4692.46, 2037.51
5.71048, 347.609, -280.09
4.84105, 19.832, 459.209
7.15326, 567.549, 2040.3
5.08798, 215.735, -787.117
7.42924, -4838.15, 2992.69
5.94567, -273.985, -37.1241
6.19966, 265.56, -355.173
3.46323, 1187.84, 1597.82
6.08881, 3185.94, -1809.07
6.11146, 759.365, -593.097
6.49298, 116.986, -14.6361
4.23216, -5505.69, 351.21
5.1481, -2380.67, -1339.19
3.19001, 1163.04, -153.668
6.73218, 252.021, 14.8986
6.32766, -217.1, -399.277
7.5, -5911.73, 2828.7
4.24891, -8510.64, -2747.47
5.50367, -854.299, -271.075
3.50808, -523.044, 3618.85
6.2385, -3801.52, 638.558
6.49225, 1100.59, -417.311
3.03505, -919.586, -196.493
5.35813, 114.342, -35.6447
2.84683, -5482.74, 1818.86
4.16036, 501.374, 1039
5.80945, 179.542, 220.336
5.27726, 433.21, 4180.23
7.12415, 434.45, 654.289
2.69832, 354.468, 2931.55
2.62083, 692.379, 924.369
4.61923, 80.8549, -57.6815
4.36987, -858.04, 462.625
2.93303, 3909.26, 3859.27
3.05403, 290.408, 226.443
5.31992, -5351.12, 168.499
7.37269, 143.064, -54.8198
3.05066, 159.979, -4032.78
5.99352, -3250.89, -3596.09
2.79674, 33.0394, 266.949
4.69755, 902.266, -644.026
5.24651, 1244.36, 533.756
3.45129, 283.078, -158.455
7.36597, 34.2173, 115.823
3.19593, 183.006, 90.0269
5.48978, -3248.63, 267.142
7.12812, 227.217, 430.976
3.91116, -1692.18, 392.312
6.8307, 446.122, -243.54
6.29598, 835.897, -1260.04
6.10793, -1.71801, 261.418
3.34241, 117.971, -37.2504
3.32882, 1537.96, -2706.03
3.39076, 363.931, 59.8515
5.87226, 305.136, -155.499
4.83484, -472.28, 767.659
6.85219, 317.464, -24.316
5.76023, -560.066, 402.6
5.80464, 1924.53, 1100.11
2.58037, 295.545, -276.654
4.30596, 6324.38, 3555.53
3.72747, 120.188, 1269.79
6.93086, 256.853, -332.986
5.23701, -8049.86, 148.603
6.57209, -455.039, -251.813
5.24453, 833.646, -79.4408
4.16156, 805.431, -337.293
4.40213, -1914.43, -3440.45
2.52389, 2261.61, 453.408
6.95226, 224.94, -10.3151
6.16955, 758.623, 233.548
6.04239, -53.8877, -20.5615
5.1278, 2049.82, -2994.77
6.41065, 118.836, -161.467
3.42484, 204.334, 253.173
5.72673, 287.388, 172.708
3.42178, 7.74776, -97.4888
3.31214, -1000.13, 685.901
2.65594, 1263.18, 1473.97
7.42716, 338.88, -198.189
4.04559, 644.183, 76.4345
4.11075, 275.015, -13.5465
5.51155, 96.2316, 27.3781
2.89107, 6149.34, -1131.97
3.93936, -725.707, 24.2534
5.79307, -168.208, 758.037
7.36348, 243.675, -45.6138
7.27758, 4363.97, 1757.57
7.42745, 407.897, 91.7577
7.30478, 119.94, -29.8476
3.0073, 910.352, -16.0925
3.71505, -274.036, -67.5723
6.91151, 638.999, 139.2
5.28805, 247.383, 55.215
6.7669, 185.518, 88.7254
7.49145, 519.01, 23.9137
3.99751, -5190.27, 2039.01
6.33157, -9366.29, -3033.25
4.81901, 932.574, -1472.72
6.8168, -345.337, -202.443
6.99018, 225.587, -285.946
7.377, 723.42, -85.248
2.77405, 706.825, -24.1383
6.32605, -314.382, -289.81
5.09219, 1632.35, -2562.67
3.46574, -556.971, 347.08
6.98252, 292.901, -70.8185
6.38492, 173.305, 128.575
2.75968, 838.908, -1839.72
7.47331, 1693.92, -2593.7
5.93659, 49.351, -153.362
5.94854, 1908.75, 1088.8
6.57666, 3151.28, -1499.9
7.05426, -90.0298, -94.9531
3.34218, 2858.44, 5489.71
5.24183, 3094.34, -2297.77
6.53351, 170.148, -66.5225
4.17803, 140.853, -32.3988
5.53435, 297.901, 536.628
6.59602, 1782.85, -2382.19
7.3485, 131.494, -147.962
6.29349, 754.834, 584.41
3.72113, 86.6766, -1260.4
5.80589, 447.071, -144.963
4.21574, -125.719, 7.29802
7.27146, 69.7676, 199.75
2.60828, 3305.71, -3529.72
4.54979, 83.1532, 37.7838
2.55789, -4645.76, 4180.36
3.04964, 329.039, 1753.15
5.28259, 79.5626, 152.967
4.45466, 410.249, 63.7717
7.20539, 159.174, -4.23252
2.55572, -131.337, 27.8067
6.22897, 1230.7, -2885.36
3.84293, 91.9274, -293.736
4.27153, 325.9, 307.756
3.45835, 6835.37, -6960.99
5.14832, 225.001, -8.12576
4.39478, -1004.55, -5808.87
3.16407, 346.689, 42.9612
4.26563, 291.232, -661.076
4.2497, -5471.57, 2819.76
7.41084, -2443.98, -1836.49
5.25961, 489.424, -248.995
4.99918, -2007.43, -577.438
3.58531, 1564.05, -2278.63
4.37311, -236.768, -864.126
6.78251, 3559.88, 3214.73
6.45578, -3352.33, 6814.82
3.9204, 3110.66, -3968.1
5.07645, -315.691, -263.873
6.79238, 506.81, 21.9264
7.07844, 218.781, -204.034
7.48941, -2001.43, -1721.31
6.53177, 145.097, 48.7804
5.22718, 266.463, -638.837
7.3461, 924.603, 161.367
5.31931, 1098.69, 477.736
4.03031, -170.721, -276.327
5.41853, 100.887, -159.216
2.91197, 96.0201, -355.303
5.47382, 221.983, 189.836
3.31968, 3085.24, 6046.33
6.46527, 731.328, 27.2701
2.95373, -324.413, 1699.1
6.3072, 96.6236, -767.054
6.83996, 298.494, -4.98296
6.40105, 95.6437, -106.197
6.61399, -1945.72, -277.015
6.70974, 186.579, 191.237
4.48328, 342.959, 695.306
6.508, 194.749, 52.0253
6.56811, 148.934, -67.4778
5.43493, 376.257, 907.795
4.64621, 233.15, 761.076
2.5002, -1330.24, 448.835
5.31153, 269.224, -177.861
6.22632, -830.208, 725.686
3.89846, 3626.82, 2195.5
2.93406, -919.676, -5174.57
3.5733, 950.127, 1160.98
3.93296, 821.983, 156.467
4.86595, 438.236, 88.0902
6.95893, -2008.87, -1660.51
5.91955, -655.107, 253.86
3.54376, -114.57, -68.1214
6.67533, 134.338, -57.0995
7.09218, 368.981, -921.377
4.48244, 592.204, 17.1726
6.37858, 1725.9, 19.3093
5.68161, 782.31, 411.673
6.64746, -351.538, 0.973426
3.40204, 1960.25, 530.337
7.45927, 107.892, 52.5842
6.70558, 254.566, -146.794
4.65177, 199.678, -715.14
4.38589, 261.413, -102.409
2.70802, 458.097, -647.177
6.80715, -699.757, -1093.61
6.62116, -4769.68, 2849.93
6.25052, 1898.9, 1208.38
3.55801, 200.098, 206.654
4.31029, -451.17, -225.557
4.43545, -89.8798, -308.143
7.32918, -3435.01, -2145.75
6.5872, 101.117, -40.1523
4.5755, 2392.64, -348.994
5.83759, -268.449, 426.273
2.52101, -4638.7, 4912.47
6.98048, 422.059, 82.3884
3.68416, -229.612, 1259.38
3.79415, 213.22, -172.331
5.4939, 1403.65, 202.973
6.89823, 534.045, -145.708
6.16299, 208.309, 115.036
6.0773, 768.662, -338.967
3.57724, 6802.87, -303.913
6.30413, -4606.32, 3630.3
3.85351, -66.6336, -352.692
2.75246, 192.411, 32.9355
4.78866, -2000.33, 472.985
2.58759, 25.6274, 70.2868
3.01129, 6993.33, -4432.68
2.639, 3474.75, -2103.19
5.65921, 126.493, -29.8772
6.34425, 160.092, -16.7925
2.74132, 9.36877, -19.4812
6.6924, 250.19, 405.775
6.76899, 119.767, -37.9733
6.57649, -206.866, 691.486
6.85188, 515.466, -4862.3
5.27222, 1128.67, -419.179
6.12646, 86.5299, 323.432
3.20424, -5006.26, 4310.05
6.6115, 204.762, -111.922
5.51185, -2989.79, -3288.47
4.93856, 216.785, -782.757
6.14942, 574.823, 351.903
4.05164, -1814.42, 1229.64
3.93925, 104.552, -489.73
5.45857, 2326.44, -2904.6
5.34055, -3427.65, 1818.49
5.41059, 2826.85, 2339.01
2.84132, -506.085, 231.593
4.34304, -1673, -622.322
6.28475, -457.034, 50.2316
6.35297, 584.448, 3272.49
4.27217, 355.007, 266.83
5.98913, 80.3808, 18.4928
5.08005, 1816.23, 1212.08
5.94494, 692.147, 366.928
6.18066, -1721.18, -1371.47
2.56231, -3068.65, -1817.87
7.16549, 195.804, -60.1126
5.37826, -203.395, -277.175
3.05587, 1032.39, 54.502
4.87388, 109.799, -116.957
3.24247, 1892.89, -1116.36
4.22594, -9786.37, -2172.76
7.04476, 157.138, -10.012
4.54571, 3084.87, -1522.64
5.96642, 335.988, 15.2632
3.35865, 126.842, -239.107
6.21715, -5325.02, 1846.35
4.16319, 316.054, -230.227
4.62157, 297.404, -45.6333
2.79523, 129.419, -247.646
5.09005, 258.129, 81.7682
5.94425, 448.485, -493.161
5.01149, 594.444, 211.622
6.56617, -9.61831, 32.6138
3.07974, 162.557, -390.079
5.24841, 726.085, -522.619
5.06046, 755.329, -159.084
6.02649, -2021, -1679.32
5.65083, 244.717, -50.1617
4.0207, -161.774, 67.2758
6.74719, 210.113, 71.4592
3.39619, 1863.19, -2431.74
2.61737, 413.166, 1375.45
4.19467, 312.744, 29.7694
3.43818, -1998.25, -1743.14
6.60467, 345.939, 84.2154
6.72507, 99.8933, 3328.98
6.78031, -3423.95, 1908
7.37454, 111.837, 57.4324
2.99587, 26.8492, 413.283
2.56182, -4401.47, -3268.18
2.58614, 682.726, 699.844
2.64527, -115.689, -532.366
4.1031, -1825.48, -1819.86
6.17815, -3499.8, 2101.21
3.14876, 848.638, 83.8493
2.5161, -3361.18, -696.396
6.91905, -1060.35, -779.977
3.70482, -91.8217, 128.665
4.38481, 148.062, 1387.37
4.44879, 141.805, -78.5154
2.81534, 4057.02, 1538.99
7.30792, 373.529, -23.4089
3.75349, 574.349, -201.619
6.85376, 357.616, 23.4615
2.85991, 3401.99, -4581.59
2.70653, 4471.9, -2716.03
3.46378, -600.984, 322.86
3.86708, -2297.1, -1980.71
7.4007, 121.845, 27.4155
3.60607, 1350.37, -5578.57
6.43119, 1678.34, -2531.28
4.42306, -373.33, 1733.64
3.78593, -3175.19, 3683.26
3.91087, 50.2322, -108.687
7.33834, 1322.12, 598.52
4.22841, -47.6988, -156.191
3.45922, -606.542, -800.754
5.05037, 157.637, 17.0664
5.21857, 1236.7, -4979.31
5.72333, 990.177, -375.704
3.89738, -1071.85, 136.009
3.41887, 93.7204, -229.662
2.71579, 2376.59, -2761.39
3.98408, -224.402, 150.811
4.25548, 752.269, -480.894
7.09372, 149.652, 88.7773
5.81225, 73.9285, 530.195
5.08041, -1979.56, -1734.7
4.03763, 357.262, -128.4
3.0007, 1968.79, 2107.52
3.47502, 150.3, -50.2527
4.11407, 3434.25, 3468.99
5.56182, 33.0497, -460.549
5.13511, 3218.34, -1579.69
3.45653, 268.575, 331.228
4.7178, 6063.74, 3568.65
4.48693, 6987.14, -1363.17
6.28051, 119.14, -323.929
6.6213, 779.055, -308.466
5.51573, -382.152, 564.542
3.04573, 59.7643, -630.89
4.11797, 2492.71, -766.519
5.03403, 173.266, -125.934
4.76521, 623.656, -621.63
4.77315, 567.819, 365.433
4.91125, 404.86, 15.3822
5.07896, -4750.72, 822.864
4.50207, -2301.16, -960.114
4.22945, -393.132, -235.637
6.64533, -186.997, -498.887
3.02204, 2343.51, -1639.06
6.40057, 367.299, -216.558
3.19919, 912.76, -616.639
2.62171, 4231.42, 4768.6
6.0664, 18.4355, 1151.08
7.15538, -28.0854, 408.013
7.47667, -13.3165, -219.984
3.86264, 55.2425, 187.165
3.6923, -1961.01, 124.477
3.87328, -484.417, -3304.43
5.70836, -743.008, -838.783
5.17637, 31.5801, -269.176
6.8967, -3048.48, 5384.96
6.75968, -125.962, 46.6325
2.98004, -71.0289, -292.981
4.66818, 192.745, -117.876
3.17045, 185.489, -25.3995
5.86802, 108.358, -37.3404
5.34964, 372.158, -503.049
3.66474, 54.324, -608.217
5.50306, 1181.06, 307.259
2.6551, 150.836, -134.662
7.08512, 202.39, -55.4397
3.82958, 446.046, -705.234
6.50016, 243.715, -170.154
5.46389, 190.035, -216.526
5.0822, 639.663, 97.2073
5.2567, 2519.43, -1311.93
3.47225, 492.849, -114.702
5.36152, -3169.81, 40.7859
3.81992, -674.967, 7430.43
4.41648, 3046.09, -6256.68
2.73626, -455.957, -249.588
4.22823, 594.247, -266.518
3.61594, -3244.58, 7871.9
3.81264, 225.789, 13.6796
3.05141, 423.881, -201.696
7.40088, -33.9102, -88.2159
5.93794, 721.588, -314.864
5.82158, 291.9, 255.824
5.99501, 684.36, 137.837
2.68746, 129.234, -17.1325
3.6706, 294.339, -177.78
3.95397, -6128.08, -9218.33
3.50543, 208.57, 21.5667
2.7177, -2855.65, 4309.7
2.56571, -1458.42, 67.9831
6.07297, 6487.41, -2035.73
6.88348, 763.387, 136.54
5.35088, 1947.58, -3578.8
6.92743, -3298.98, -3772.29
5.20042, -1754.39, -670.299
3.31357, -1761.75, 95.8736
3.30492, -2964.19, -2178.36
7.19182, 92.8632, 129.764
3.45628, 182.08, 658.935
3.15761, -3118.98, -420.273
4.41122, 680.932, -631.541
6.12674, -588.837, 3019.82
2.50651, -7076.97, -473.345
4.60222, 5021.86, -2835.79
5.18984, -749.046, -117.325
4.86596, -1434.24, -654.621
6.33003, -262.598, 9.11033
2.9396, -930.385, -1052.55
7.04284, 99.0457, 110.007
3.20818, 260.799, -515.927
2.54782, 317.703, 433.842
2.82267, -31.6187, 750.307
4.96742, 219.01, -92.9674
5.40914, 327.951, -18.1248
4.03373, 4183.25, -7295.49
4.57091, 57.3807, -241.484
4.33401, 1814.57, 2062.5
3.42687, 475.048, -2444.81
2.76788, -2973.76, -2622.45
4.47222, -17.8187, -0.669977
3.98388, -1524.27, -1615.75
5.05388, 132.744, -202.808
3.75392, 2492.67, -3996.85
5.01589, -1525.88, 2609.83
2.51168, 31.0219, -374.214
7.01807, -5895.82, 2816.75
2.79181, 3565.87, 3752.35
5.17506, 250.862, 3327
3.95754, 2908.82, -1118.42
7.3023, 148.743, 86.1071
4.73406, -3458.45, -1286.88
5.08479, 248.035, -117.103
5.93861, 1009.62, -834.21
2.72187, 278.707, -280.353
7.2946, 4006.97, -2888.53
5.70852, 319.689, 325.598
2.80215, 220.118, -49.5872
3.33964, 535.244, 147.231
5.76491, 293.115, 316.468
6.19864, -522.014, 2519.85
3.57011, 397.588, -537.578
4.31441, 864.313, -1917.74
6.56981, -176.107, 317.549
5.32057, 137.124, -65.339
7.45886, 376.081, -93.8486
6.5669, 124.343, 530.456
3.49157, 3655.47, -4619.85
2.50003, -2.19058, 699.947
4.62608, -3614.97, 4313.33
4.07406, 1843.94, 1131.6
5.56218, -3801.14, 606.423
3.83351, 92.2881, -167.892
4.39881, 1650.08, 357.782
5.43397, 377.448, -6.22473
5.95636, -2334.5, 135.232
7.26736, 95.0626, -35.1182
4.89785, 200.983, 729.601
3.60319, 487.351, 1037.83
5.33741, 866.257, 661.322
6.09873, -35.9699, 13.2848
4.4953, 1794.51, 131.654
3.48326, -0.828092, 69.5497
6.66971, 577.376, -142.469
5.59561, 341.853, 136.805
7.26866, -244.262, 123.835
3.23222, -518.192, 606.116
5.38953, -429.573, -317.655
7.26796, 140.074, 68.7032
3.62331, -5956.76, 2995.69
7.25137, 216.898, -42.4597
3.07874, 841.558, -378.234
2.58372, -145.326, -56.8688
3.90465, 301.437, -126.653
7.15042, 396.213, -391.322
3.04796, -226.437, -237.43
6.77266, 84.6386, -158.079
5.68532, -161.549, 214.703
5.63853, 142.044, 97.2715
3.80589, -680.635, 1333.18
5.13936, -994.757, 198.5
7.16608, 2330.66, 966.85
3.98055, -1184.96, 9.3376
4.78006, 396.16, -149.245
6.35659, -1189.73, 4971.46
4.17193, -2136.64, -3421.35
6.31775, 537.292, 296.908
6.65892, -2330.46, 2668.34
2.64618, 2551.63, -1681.64
4.31315, 37.6871, -1087.75
4.16221, 393.482, 250.025
3.17675, 2060.91, 2221.76
3.00839, 1361.95, -4212.53
5.11327, 238.593, -344.471
3.52046, 961.078, -534.746
5.00728, 73.0169, -693.956
5.1371, -5263.04, 3572.8
4.13422, 439.873, -24.0142
4.75888, 268.395, -311.614
6.85263, -661.782, 428.114
4.72884, 530.577, 90.047
6.03726, 303.837, -39.9973
6.83171, -1824.69, 353.657
6.5822, 452.747, -686.258
2.67504, -4071.91, -1583.71
3.8644, -943.484, 2122.2
5.21858, -1553.94, 1036.57
3.19942, 4826.6, -742.795
5.57408, 220.745, -132.409
3.29182, 821.881, -527.428
4.41129, 617.291, 519.304
5.94997, -783.895, -300.157
3.21128, 4100.59, 23.5314
5.65284, 448.417, 120.739
3.15973, -3498.36, -1627.19
7.13583, 334.145, -1.01649
5.53465, 5794.03, -8838.67
5.50388, 718.006, 823.51
3.33635, 1275.66, -221.96
3.301, -1738.89, 2262.14
5.91628, 320.561, -282.931
5.1456, -312.659, 764.1
3.65264, -2049.51, 1127.45
6.55373, 146.958, -40.417
5.76477, 395.117, 81.2989
4.08597, -155.75, 714.264
2.53953, 381.262, -452.125
3.49176, 560.807, -98.1726
3.78831, 225.113, 181.582
3.03825, 388.721, -1445.88
3.49545, -77.7271, -692.297
6.75079, -6157.33, 3248.47
6.63912, 161.274, 653.134
6.76813, 440.751, 23.2253
5.71027, 141.416, 61.489
3.6787, -3059.23, 3168.31
6.80638, 392.263, 27.0112
5.4745, 337.802, 117.869
2.52745, -1821.71, -1324.7
6.84925, -170.114, -707.537
7.37729, 309.933, 16.3876
5.59653, -2008.72, -1663.94
3.85574, -314.64, -598.506
7.46973, 190.104, 9.646
4.60751, -783.216, -753.575
4.20537, 760.104, 28.2393
4.80717, 351.892, -65.2769
4.44822, -1109.53, -3072.26
4.613, -5058.26, -939.021
2.84879, 94.0495, 762.946
5.5153, -149.738, -55.2202
7.36114, 220.605, 28.098
5.07406, -42.9811, 113.495
7.45461, 279.828, 164.919
5.84906, -2811.42, -6515.27
4.01716, 583.099, 495.032
3.47371, 770.011, -335.492
4.0109, -1429.17, -2.08191
4.93946, -199.783, -150.633
4.72438, 970.382, 113.219
5.7844, -306.896, 214.047
3.74227, 6323.42, 3554.66
4.72007, -1291.49, -1021.48
5.75894, 338.65, 77.4474
6.67472, 185.45, -98.6039
6.03698, 74.9227, 1009.17
4.93928, -144.795, -1147.66
6.72039, 848.708, 74.2862
7.00296, 803.767, -672.16
6.33082, 273.403, 169.534
5.29453, 746.427, 1369.33
2.70603, -687.635, 603.697
5.46749, 361.817, -168.479
2.68674, -60.0624, -4104.8
4.53488, -1406.41, 1383.79
2.84243, -196.699, -624.539
7.38558, 222.157, 39.2643
2.5956, 1961.15, 3259.26
6.60363, 186.223, -68.4123
5.2195, 4116.74, -3540.12
5.72828, -146.669, 636.657
3.62934, -25.8951, 185.098
2.733, 716.585, 3458.89
3.63154, 144.388, -369.968
4.58371, -160.132, -2736.19
6.40126, -354.134, -215.948
3.72852, 1781.03, -2386.5
4.81411, -92.3053, -422.565
6.14756, -1329.95, -713.881
5.35237, 5855.75, -802.633
5.45997, 798.787, 168.586
4.98425, -1105.27, -27.5468
3.951, 132.745, 82.2349
4.71107, 438.161, -398.066
2.53669, -3386.09, 7460.89
7.41683, 252.658, -171.732
2.52822, -18.5176, -308.965
4.8676, 2143.94, 617.734
5.86497, 4013.94, 6885.09
