6.27803, -1037.84, 535.102
3.5948, 289.637, 855.962
5.89648, 677.096, -380.304
5.09708, 35.227, 217.22
2.76731, 1645.72, -1816.38
2.53849, 418.944, -175.032
4.58743, 2328.7, 1327.73
7.15218, 96.3593, 20.5324
2.95982, -190.54, 544.477
6.00595, 662.227, 563.634
3.81226, 446.556, 183.625
4.14117, 94.5348, 9.45296
7.45519, -476.479, -585.164
7.41275, -1.33748, -81.6777
5.75759, 314.569, 487.483
6.92354, 188.734, -208.832
6.33247, 49.9381, 13.5144
3.87453, -894.638, 85.2577
4.93259, 30.2419, -47.205
2.80282, -1972.93, 254.263
5.08146, 149.377, 203.993
4.96988, -1512.23, 480.984
7.23882, -220.528, -271.463
4.42071, -63.1212, -59.9469
5.14874, -1192.09, 460.072
2.75042, -294.502, 1498.49
6.63909, 343.835, 497.856
5.94228, -568.646, -153.522
6.18112, 118.119, 187.035
6.94286, -1239.48, -1306.13
4.25508, -65.5771, 109.997
6.72991, 110.281, 228.281
3.84659, -4.36876, 252.757
4.83959, 725.558, 0.408924
3.2686, 21.5925, -287.711
2.66527, -216.852, 30.2541
7.2768, -799.565, -772.944
6.95369, 406.413, 363.132
3.29884, -915.386, 0.343276
3.15214, -707.489, -304.835
2.515, 895.704, -127.688
6.0491, -167.416, -164.131
3.40448, 892.695, -113.808
5.76029, -17.2419, -122.58
4.42907, -5.01582, -228.169
3.23766, 542.05, 803.937
5.45054, 226.29, 521.797
3.24076, 1060.92, -494.899
3.2091, -954.202, -795.348
4.94257, -321.279, -366.098
3.13015, -794.775, -103.105
5.64635, -636.279, 44.4633
5.60817, 220.563, -72.5753
4.88216, 1123.21, -1554.2
2.64188, 536.108, 839.202
3.21011, 1390.01, -348.633
3.15594, 275.489, 313.586
3.31099, 738.07, -1061.19
3.76529, 406.788, -176.335
4.77654, -1709.95, 917.784
6.54472, -123.363, 40.5968
3.57624, 201.955, 157.418
3.75063, 196.163, 688.027
5.02978, 384.327, 534.627
6.27922, 84.7935, -202.146
5.66369, -516.815, -1222.64
5.9449, -1101.99, -702.705
7.27207, -760.801, -314.301
5.18713, 1482.26, -776.625
4.57014, 143.507, 727.79
4.70019, 353.583, 464.292
6.07821, -870.076, -1015.36
6.20858, -792.675, -973.874
5.12494, -1200.97, 1077.15
6.06711, 33.0988, -5.08374
5.91025, 25.1852, -25.6301
6.82941, 881.177, -702.563
3.19597, 771.933, 484.935
3.57766, 144.307, 5.93071
5.0733, -31.0182, -316.546
4.83766, 396.614, 472.021
3.55759, 876.096, -1153.52
5.65244, 689.637, -393.519
2.5044, 879.076, -1210.36
4.09589, -103.014, -1553.68
5.90281, 53.4547, 191.861
6.0446, -77.6523, -89.7712
2.90869, 104.379, 453.505
3.56926, 216.15, 92.873
4.44412, 3.43993, -189.186
4.44927, -1499.73, -588.457
3.92018, 225.999, -28.3114
4.6123, 180.872, 143.93
2.55658, 651.17, 0.696903
3.72027, -1526.46, 804.686
4.49072, -399.196, -1355.23
6.64177, -77, 233.624
3.78584, -557.715, 512.585
3.59705, -665.905, -396.527
6.47385, 404.954, 339.955
5.8476, -574.88, -247.551
5.49108, -223.046, -409.121
5.99917, 1136.98, 546.477
5.13062, 43.1423, 149.391
4.14833, 141.079, -60.0544
3.30844, 1372.91, 207.689
6.56633, -134.808, -116.859
4.08004, 708.168, 348.255
4.05369, 161.355, -220.094
4.65424, -73.9386, 147.949
4.46509, 525.662, 28.3212
4.43916, 348.969, -386.067
4.34871, 147.349, -46.2163
5.88118, -461.027, -539.176
6.10384, 715.999, -49.1361
7.20082, -998.061, 85.9863
5.08573, 101.921, 4.68613
5.5282, 653.999, 562.707
5.85049, 732.556, -1054.21
5.11404, -374.293, 15.0515
3.87105, 99.8547, 244.468
7.08924, 370.296, 411.756
3.73367, 103.122, -16.2819
4.77876, -387.299, 502.989
3.30374, -93.7426, -228.962
4.68319, -120.687, -331.884
7.45767, 301.262, -328.838
6.26931, 1005.17, -1232.73
4.97846, 121.433, -41.72
7.01651, -2.58415, 9.45752
4.68213, 369.741, 183.474
5.09239, 936.076, -700.521
4.44866, -834.258, -1017.86
5.63431, 120.758, 96.9141
5.19331, 194.588, 34.6781
4.35955, 330.338, -295.256
2.54674, 119.286, -42.066
6.3794, -131.211, -156.911
2.85317, -157.681, -135.813
3.98511, 151.115, -127.582
4.78581, 86.6058, -38.4134
3.25156, 230.118, 103.657
5.97819, 319.149, 441.619
4.15587, 408.532, -131.46
5.21197, -996.904, 1689.1
2.64678, -1264.34, -347.989
5.38086, -219.767, -603.15
5.18133, 253.886, -113.033
7.36678, -618.833, 553.557
5.57063, -26.208, 53.234
5.26431, 888.482, -1219.38
6.69051, 23.7195, 453.439
3.75764, 101.226, 587.169
6.98957, -41.6104, -104.597
5.97428, 479.946, -201.872
5.82752, 236.574, 1059.26
3.06838, 212.988, 359.069
3.37987, 342.984, -233.934
2.91253, -16.0097, 326.747
6.68103, -235.694, 676.379
2.64818, -417.642, 440.927
6.34719, -11.4142, -84.1498
4.29829, 219.922, -1272.68
6.24626, 863.869, -263.58
6.28385, -4.65604, 155.333
3.60834, 1096.45, -63.4039
5.58305, 74.682, -26.206
3.66846, 1.27233, -75.451
6.22052, 125.346, -1210.5
5.80997, 281.945, 502.924
4.9209, -909.666, 1739.91
2.58972, -603.383, 152.06
4.98291, 64.4363, 485.411
5.09587, -119.189, 32.8402
4.71395, 665.533, 1135.69
4.14528, -1006.87, 140.654
3.52671, 189.627, -391.653
7.19863, -261.181, 826.805
2.85168, 890.291, 878.721
3.30042, -165.161, -417.324
6.70788, 6.2986, 171.205
4.13614, 297.696, 306.704
6.85942, 355.992, 559.866
5.99896, -321.91, -252.496
5.52801, -196.297, 177.678
4.77536, 418.728, 636.117
2.91543, 1068.85, 60.9175
3.94883, -1066.39, -788.02
6.51009, -382.151, -108.857
6.81821, 524.411, 613.541
3.81831, -1567.2, 157.148
4.79881, 163.683, -115.168
4.95672, -40.7305, -150.238
5.82344, 628.461, -949.52
7.31738, 49.2216, -34.0722
7.23022, 71.3548, 32.1596
2.81902, 281.608, -611.906
5.04829, 165.854, -32.2349
6.13222, -59.1967, 21.8621
5.65882, 180.812, 10.9717
3.26658, 50.6485, -382.036
5.09652, 664.501, 1136.39
3.52281, 1800.86, -645.776
6.03231, 93.9389, -182.09
6.05786, -219.67, 1891.93
3.66304, 212.718, 246.294
6.80594, -237.723, 32.2086
2.67122, -521.204, -580.848
6.26587, 36.868, 453.895
4.14789, 256.108, 150.06
4.65309, 1574.49, -200.942
7.33455, 189.235, 352.322
4.05803, -812.137, -775.011
5.69762, -1857.48, 149.524
5.95386, -78.0866, 66.3121
5.36403, 21.9604, 158.685
6.60667, -987.29, 1673.62
4.21807, -1177.21, 670.94
5.09387, -142.683, 112.76
6.78438, 780.933, -18.5627
6.18587, 727.038, 545.852
3.45992, -13.7711, 152.668
2.83145, -106.788, -50.8397
3.60828, -1409.03, 917.193
3.33656, -40.8521, -92.5891
6.31172, -0.367428, -41.4348
5.44905, 417.774, -1041.22
4.65223, -1956.11, -283.757
7.09618, 934.24, -327.804
5.09668, -101.592, 324.012
7.38058, -472.591, 239.466
5.15714, 293.614, 306.974
2.98716, -352.176, 1059.12
5.83983, 319.723, 465.4
5.44444, -394.342, 1067.08
5.01137, -19.8198, -29.9527
2.75808, 875.27, 60.318
2.6753, 754.534, -385.474
4.41484, -100.929, 20.0327
5.55555, -839.453, -1202.92
5.06574, -1953.96, -290.748
5.98498, 88.1331, 76.1243
4.89891, 66.4934, -323.542
3.88323, -1838.41, -19.9918
6.01685, -41.563, 1271.56
3.67701, 73.0751, 95.9935
6.41501, 94.56, -130.882
6.60589, 869.863, -386.484
3.21842, 964.655, 1133.2
5.75757, 641.501, -551.123
3.87677, -19.1893, 330.346
7.26215, 514.366, -605.979
4.58238, 43.4067, 15.7618
3.03869, 35.4895, 176.082
4.70633, -34.0478, -20.2998
6.28811, 50.0902, 106.516
2.77803, 671.035, 580.518
3.51241, 55.72, -80.002
6.82305, -64.2974, 132.121
6.52456, 117.338, 67.9657
2.78861, 315.955, 1011.51
4.40304, -97.721, 33.7382
4.56124, 272.456, 119.163
2.80071, -527.519, -110.663
7.09746, -708.426, -669.204
3.35398, 135.782, -5.01909
6.51634, -114.669, 122.214
3.88599, 355.012, 317.653
4.44586, 253.659, -141.08
7.19936, -974.816, -93.9026
6.24573, 16.8298, 1234.47
3.44774, 899.668, -1226.44
6.89581, 97.9673, -12.4321
6.8953, 192.968, 9.59245
3.30515, 48.9233, -288.006
5.87346, -142.175, 130.954
6.89096, -19.3877, -174.819
6.98262, -498.178, 1291.17
3.06535, 98.2135, 77.7429
5.93789, 343.384, 584.458
3.21651, -168.289, -335.316
3.6901, 554.177, -219.578
5.64383, 897.09, -705.445
4.312, 447.482, 328.52
4.64437, -833.486, -744.503
4.91936, 652.27, -643.839
6.20379, -216.082, -485.067
3.23098, 674.718, -428.47
7.36238, -288.701, -117.933
7.3158, 120.261, -36.2064
3.14741, 758.874, -618.691
5.3784, -404.804, -329.283
4.66439, -330.652, -87.2821
5.50066, 8.18754, -98.1819
5.85098, -223.591, 17.099
4.5137, -1239.38, -428.149
6.46691, -907.36, -710.518
4.89889, -1098.03, 862.464
5.72449, -678.7, 403.333
4.28836, 1676.44, -353.291
5.96794, -104.897, 581.445
5.83428, 209.815, 301.234
3.22071, 716.537, -413.075
7.10415, -92.9267, -44.8601
4.22228, 604.974, 1425.74
6.66824, -114.581, -184.922
2.74349, 558.2, -128.151
3.27936, 464.058, -404.785
2.55765, 605.72, -267.592
3.94327, -59.4656, -41.8958
5.07295, 146.381, -220.137
3.65948, 198.473, -1400.35
2.75022, 167.983, -203.668
5.33091, -17.037, -55.7392
6.69774, 138.491, 208.329
4.28763, 477.424, 612.943
4.3452, 416.979, 395.828
7.22226, 469.359, 208.416
4.72425, -828.58, 416.739
6.82086, 3.3437, 154.254
5.82654, 315.217, -504.966
5.79297, -605.101, -249.586
7.10736, 1093.21, -794.264
5.11536, -1194.09, 1082.97
5.45229, -595.618, -381.825
5.79944, -240.592, -1199.98
4.24765, -908.355, 447.049
4.11714, 529.241, -127.072
7.08984, 412.16, 370.173
3.08619, -1425.31, 547.243
7.31268, 64.2766, -193.23
5.17978, 195.427, -31.2802
5.81447, -495.274, -148.336
5.48362, -1555.68, 665.366
6.93363, -361.419, 80.8767
6.67999, -81.1734, -219.848
6.69339, 339.008, 490.082
6.85642, 136.005, -240.468
2.5002, 275.35, 948.021
4.77274, 95.5158, 420.541
4.25696, 1095.26, -114.726
5.80713, 1389.44, -1280.12
6.22234, 87.5454, -95.7993
3.3821, -455.235, -1457.17
7.4621, -636.318, 881.759
5.95466, 374.142, -286.049
6.97862, 224.812, 73.3881
3.51579, -424.844, -265.76
7.2356, 36.4227, 708.424
4.88476, -1509.04, 695.456
6.78578, -1412.67, 920.402
6.41237, -216.43, -528.833
5.70687, -1185.53, 1094.63
3.14521, -273.98, 638.993
5.77944, 180.64, -572.101
3.09199, -82.6876, 67.3704
3.88793, 1171, 101.552
6.65548, 298.99, 1194.22
6.14153, 1297.73, 1636.09
6.74348, 1374.4, -1024.47
3.43989, -180.652, -699.74
6.09602, -66.6793, -347.497
4.25586, -315.044, 604.789
3.34555, 531.611, 799.808
4.52383, -1368.83, 229.814
4.20924, 244.371, 109.576
6.67141, 5.67146, 99.827
3.9111, -1042.07, -1688.44
5.16766, 848.07, 629.702
6.25085, -269.721, 263.051
4.62554, -31.2344, -6.02929
4.66964, 1075.42, -86.1341
3.03022, -1367.11, -542.349
6.4639, -313.042, -404.648
3.91232, -64.3328, -48.553
7.14264, 1287.79, 1555.62
5.37926, 370.818, 415.535
3.4895, 212.59, -622.803
5.99081, 191.697, 264.862
3.07265, -414.41, -548.49
4.22945, 551.786, 686.475
4.15646, -23.1441, -456.753
6.42735, -1483.91, 718.978
6.65775, 365.18, 342.592
4.21712, 892.915, -486.02
4.2603, 312.985, 251.019
6.38197, -71.169, -29.0135
6.58658, -469.137, -277.473
4.26157, -64.0199, 80.0092
7.09559, -72.2854, -34.2202
3.2877, 689.681, 566.711
5.56029, 641.577, -572.944
5.54222, -30.6175, 6.52444
3.16647, 954.53, 1214.52
3.51409, 1129.08, 1648.06
4.79457, -280.094, 77.5419
3.48759, -607.81, 501.989
6.77118, 0.0779269, 5.44061
6.54562, -518.929, -376.038
2.80131, 742.116, -893.722
6.50584, 579.457, -1590.8
5.49597, 12.0698, 151.846
7.43182, -103.763, 44.0115
2.65919, -826.832, 79.172
6.8356, -1041.85, 1277.19
3.69109, 52.554, 579.088
3.6127, 56.9151, -625.669
4.73907, 1932.34, 896.366
2.61231, 491.515, -198.432
6.79755, -99.2191, -50.3416
4.15902, 394.746, -1816.74
5.72195, -456.1, -243.983
7.43521, 535.924, -93.389
5.30162, 311.716, -362.405
4.74553, 13.8015, -78.5432
5.213, -41.1874, 76.66
2.90797, 283.625, 6.74299
3.99606, 1063.3, 970.18
6.63964, -1396.77, -325.475
6.48936, -1136.33, 326.746
5.71048, -49.9274, -74.9471
4.84105, -79.2728, -101.71
7.15326, 394.848, 1092.29
5.08798, -474.475, -211.25
7.42924, -1417.15, 912.54
5.94567, -48.6037, 289.202
6.19966, 47.0336, 17.1125
3.46323, 870.134, 546.732
6.08881, 1150.07, -826.802
6.11146, 320.543, 609.521
6.49298, -169.57, 33.7933
4.23216, -1512.59, 215.349
5.1481, 219.306, 525.115
3.19001, 356.15, -719.888
6.73218, 30.7852, -60.2526
6.32766, 172.213, -62.237
7.5, -1548.24, 665.513
4.24891, -2064.52, -808.131
5.50367, 986.857, -18.2242
3.50808, -43.334, 1412.31
6.2385, -1188.21, 197.387
6.49225, 247.16, 455.264
3.03505, -274.751, 430.967
5.35813, -63.41, -63.233
2.84683, -1779.95, 643.902
4.16036, -67.5983, -103.254
5.80945, -4.50438, 206.997
5.27726, 295.457, 1347.09
7.12415, 87.1267, -44.1533
2.69832, 234.912, 830.087
2.62083, 796.876, 793.683
4.61923, 203.633, 211.966
4.36987, 151.438, 326.481
2.93303, 1018.44, 831.05
3.05403, 43.5762, -66.7321
5.31992, -1357.89, 146.014
7.37269, -98.0505, 79.7337
3.05066, 32.6492, -1425.2
5.99352, -1098.84, -1277.23
2.79674, 337.709, 992.711
4.69755, -90.0312, -100.669
5.24651, -626.391, -521.213
3.45129, 12.3468, -18.1556
7.36597, 165.904, -128.648
3.19593, 61.0447, -472.775
5.48978, -1139.68, 297.779
7.12812, 224.549, -835.608
3.91116, 191.719, 410.9
6.8307, 122.703, -60.8449
6.29598, 644.939, -731.898
6.10793, 166.449, -232.264
3.34241, 372.084, 586.257
3.32882, -258.979, -869.22
3.39076, 4.75806, -137.155
5.87226, 103.227, -25.5974
4.83484, -230.736, 52.1038
6.85219, -67.0177, -62.5248
5.76023, -201.022, -333.798
5.80464, -499.773, -150.891
2.58037, 41.2712, 175.121
4.30596, 1727.75, 1084.62
3.72747, 36.1104, -194.917
6.93086, 708.395, 787.675
5.23701, -2130.9, 20.9497
6.57209, -47.788, -201.669
5.24453, -536.285, -606.32
4.16156, 191.248, 193.382
4.40213, -686.458, -1141.99
2.52389, -589.188, -23.9672
6.95226, 262.483, 64.1924
6.16955, 477.378, -59.4198
6.04239, 381.472, 304.794
5.1278, 901.07, -867.625
6.41065, -157.908, 40.9738
3.42484, -106.974, -89.7421
5.72673, -54.0359, 30.4119
3.42178, -158.719, -149.057
3.31214, -940.706, 292.254
2.65594, 848.892, 179.583
7.42716, -7.45194, 124.967
4.04559, 12.0936, 17.9382
4.11075, -24.7589, 104.281
5.51155, -47.6982, 30.7636
2.89107, 1510.7, -20.8697
3.93936, -56.5243, 195.046
5.79307, 702.636, -585.095
7.36348, 33.2343, -35.5148
7.27758, 1186.55, 399.149
7.42745, -375.362, -92.422
7.30478, -224.724, 46.6338
3.0073, -102.698, -101.371
3.71505, -183.02, 44.2721
6.91151, 120.235, 29.9318
5.28805, 342.038, 420.147
6.7669, 118.627, 107.43
7.49145, 794.935, -337.146
3.99751, -1260.1, 912.56
6.33157, -2305.99, -849.198
4.81901, -750.7, 63.4261
6.8168, 119.891, -54.0433
6.99018, 211.072, -8.79566
7.377, 39.9998, 130.592
2.77405, 47.0247, -58.4459
6.32605, -62.9627, 207.216
5.09219, 830.317, -1036.79
3.46574, -14.5543, 526.322
6.98252, 184.939, -65.1749
6.38492, -332.505, 293.444
2.75968, 268.473, -149.329
7.47331, 683.463, -1041.87
5.93659, 168.223, 131.474
5.94854, -497.389, -148.797
6.57666, 1105.65, -577.055
7.05426, -120.503, -62.8394
3.34218, 614.712, 1661.98
5.24183, 1125.43, -751.035
6.53351, -100.488, -108.564
4.17803, 222.697, 309.648
5.53435, 160.873, -577.557
6.59602, 486.712, -1010.59
7.3485, -51.6586, -64.6611
6.29349, -0.0535026, -231.197
3.72113, 144.177, -393.966
5.80589, -22.6808, -40.6972
4.21574, 587.015, 205.237
7.27146, 100.561, 80.9486
2.60828, 632.354, -1238.89
4.54979, 699.352, -356.046
2.55789, -501.324, 1188.11
3.04964, 77.2714, -146.592
5.28259, 603.475, -867.902
4.45466, 90.0465, -29.4643
7.20539, -41.8161, -120.343
2.55572, -574.775, 114.597
6.22897, 82.736, 562.098
3.84293, 281.841, 38.9117
4.27153, -187.114, 63.4891
3.45835, 1665.43, -1778.35
5.14832, -139.453, 45.8776
4.39478, -323.439, -1517.32
3.16407, 13.6858, -192.358
4.26563, 128.753, 40.1009
4.2497, -1665.04, 754.531
7.41084, -1086.18, -711.317
5.25961, 252.707, 367.342
4.99918, -1060.07, -290.292
3.58531, 654.136, -968.825
4.37311, 315.763, -193.379
6.78251, 744.912, 579.252
6.45578, -854.684, 1522.64
3.9204, 1087.92, -1145.98
5.07645, 530.861, -584.575
6.79238, -69.5824, 73.4119
7.07844, 398.515, -388.311
7.48941, -819.848, -764.392
6.53177, -570.751, -480.121
5.22718, -98.5735, -328.889
7.3461, 304.092, -438.806
5.31931, -290.89, 209.795
4.03031, 681.074, -612.949
5.41853, 519.246, -140.436
2.91197, 24.6125, -310.606
5.47382, 276.32, -166.016
3.31968, 827.757, 1267.24
6.46527, 157.076, 440.004
2.95373, -632.121, 460.567
6.3072, 77.2262, -63.3245
6.83996, 1.71403, 154.058
6.40105, -2.46663, 116.434
6.61399, -995.936, -428.76
6.70974, -115.456, -70.8582
4.48328, 721.634, 386.63
6.508, -46.9119, 35.7248
6.56811, 212.434, -34.6988
5.43493, 569.823, 956.325
4.64621, -0.88403, -108.082
2.5002, 467.711, -628.296
5.31153, -14.0367, -260.066
6.22632, 375.355, 347.711
3.89846, 1214.7, 607.609
2.93406, -155.88, -1647.26
3.5733, -551.237, -87.2305
3.93296, 6.84395, 85.3672
4.86595, 555.484, -224.15
6.95893, -871.518, -702.858
5.91955, 190.721, -154.284
3.54376, -11.7342, 48.7582
6.67533, 111.676, 14.1761
7.09218, -550.364, -299.773
4.48244, 657.32, 122.428
6.37858, 346.048, 474.78
5.68161, -56.4271, -103.959
6.64746, 105.866, 95.8883
3.40204, -179.494, -473.052
7.45927, -17.6169, 9.95653
6.70558, 402.427, -549.098
4.65177, -443.157, 332.719
4.38589, -562.56, 202.395
2.70802, -12.6557, -183.393
6.80715, -225.684, -237.585
6.62116, -1292.07, 952.137
6.25052, 283.3, 720.447
3.55801, 283.227, 57.7345
4.31029, -90.618, -139.505
4.43545, 193.179, 321.463
7.32918, -1248.71, -849.355
6.5872, 132.782, 154.722
4.5755, -680.618, 29.9738
5.83759, 193.963, 74.0216
2.52101, -1416.41, 1071.39
6.98048, -162.716, 73.0754
3.68416, 687.346, 506.017
3.79415, 74.6444, 50.4681
5.4939, 374.57, -82.3677
6.89823, -874.168, 124.996
6.16299, 674.337, 155.907
6.0773, -755.48, -287.362
3.57724, 1902.07, -111.547
6.30413, -1482.39, 1029.66
3.85351, -6.36369, 29.4563
2.75246, -79.5296, -106.989
4.78866, 237.373, -96.6498
2.58759, 441.451, -50.1436
3.01129, 1545.66, -1124.25
2.639, -509.241, 193.693
5.65921, -93.8192, -82.9405
6.34425, -32.7119, -24.2342
2.74132, -734.123, -425.14
6.6924, -149.833, -108.927
6.76899, 9.5931, -92.6722
6.57649, 672.171, -549.563
6.85188, -120.79, -1306.98
5.27222, 5.50965, -32.4146
6.12646, 41.6526, 925.641
3.20424, -1593.08, 930.078
6.6115, 118.897, -17.1374
5.51185, -835.806, -1198.91
4.93856, 141.15, -101.084
6.14942, 154.884, 238.409
4.05164, -1030.96, 520.312
3.93925, 220.293, -490.091
5.45857, 913.633, -1157.36
5.34055, -1229.25, 449.97
5.41059, 1334.71, 678.57
2.84132, 417.035, -781.824
4.34304, -788.441, 385.128
6.28475, 3.87942, -63.2011
6.35297, 781.082, 1099.8
4.27217, 122.309, -55.995
5.98913, 8.24422, 12.7494
5.08005, 1003.29, 553.615
5.94494, -73.3744, -113.299
6.18066, -1025.48, -871.344
2.56231, -1012.73, -846.077
7.16549, -104.844, 6.11371
5.37826, -575.243, -289.353
3.05587, -390.104, -311.442
4.87388, 85.5618, 42.0167
3.24247, -115.426, -21.4434
4.22594, -2582.11, -638.537
7.04476, -334.901, -272.421
4.54571, 1096.94, -566.415
5.96642, -96.9731, -10.5447
3.35865, 5.31739, -110.643
6.21715, -1259.86, 584.193
4.16319, -39.735, -76.3527
4.62157, -103.923, 23.4391
2.79523, 446.076, -405.76
5.09005, 286.606, 391.537
5.94425, -74.3555, -549.586
5.01149, 52.1072, -100.544
6.56617, -79.2087, -294.579
3.07974, -92.6833, -175.805
5.24841, 397.368, 523.272
5.06046, -121.807, -61.2767
6.02649, -905.015, -711.787
5.65083, 11.9281, 23.8642
4.0207, 25.0123, -7.62513
6.74719, -29.2903, -92.2119
3.39619, 521.106, -959.385
2.61737, -138.726, -58.7475
4.19467, 318.603, -255.965
3.43818, -755.058, -796.451
6.60467, 180.212, -211.177
6.72507, 10.8632, 1200.8
6.78031, -1080.44, 724.525
7.37454, 372.08, -160.846
2.99587, 215.577, -261.803
2.56182, -973.909, -928.269
2.58614, 158.595, -948.161
2.64527, 134.89, -7.3421
4.1031, -951.696, -936.926
6.17815, -1011.93, 531.129
3.14876, 207.169, 253.581
2.5161, 270.52, -301.26
6.91905, 194.971, -176.249
3.70482, 212.333, -554.969
4.38481, -19.4505, 30.6935
4.44879, -66.0177, -158.205
2.81534, 962.244, 409.567
7.30792, 487.909, 233.883
3.75349, 471.58, -209.78
6.85376, -11.6243, -190.728
2.85991, 715.397, -1020.46
2.70653, 506.891, -749.697
3.46378, -49.9559, 105.904
3.86708, -422.024, -1064.22
7.4007, 39.5908, -12.3078
3.60607, 305.447, -1548.2
6.43119, 722.829, -1055.76
4.42306, 163.645, -6.63968
3.78593, -1112.29, 993.083
3.91087, -195.991, 365.401
7.33834, 70.0638, -329.027
4.22841, -20.6694, -229.354
3.45922, -111.57, 86.0553
5.05037, 36.8822, -77.3333
5.21857, 425.101, -1390.48
5.72333, -15.6545, 143.959
3.89738, 598.657, -562.817
3.41887, -309.391, -550.669
2.71579, 922.719, -1122.35
3.98408, 0.776573, -97.1506
4.25548, 922.154, 101.889
7.09372, 596.38, -214.268
5.81225, 8.89854, 85.3341
5.08041, -851.151, -727.613
4.03763, -473.984, -78.6924
3.0007, 813.383, 783.403
3.47502, 24.356, -325.51
4.11407, 993.665, 1243.62
5.56182, -156.79, 230.167
5.13511, -306.091, 176.414
3.45653, -403.175, 933.806
4.7178, 1795.28, 999.153
4.48693, 1940.25, -382.096
6.28051, 170.602, -53.8877
6.6213, 158.509, 137.399
5.51573, -253.26, -629.706
3.04573, -91.2775, 144.484
4.11797, 955.906, -112.173
5.03403, -47.1652, 27.3559
4.76521, 441.371, 686.646
4.77315, -91.7669, 8.52437
4.91125, -64.2452, -13.7821
5.07896, -1597.6, 301.799
4.50207, -691.852, -994.072
4.22945, -501.368, -151.375
6.64533, 176.27, -272.345
3.02204, 1125.88, -43.9012
6.40057, 237.638, 229.631
3.19919, -30.5884, 99.5039
2.62171, 1128, 1411.44
6.0664, 52.0244, -277.737
7.15538, 122.71, 29.735
7.47667, -125.027, 8.86046
3.86264, 7.41522, -14.4166
3.6923, -622.928, 567.156
3.87328, -112.428, -932.018
5.70836, 256.594, 323.079
5.17637, -17.6252, -52.0882
6.8967, -999.703, 1535.57
6.75968, 101.598, 283.726
2.98004, -195.509, 502.562
4.66818, -237.595, -121.71
3.17045, -99.0057, -98.5587
5.86802, 68.3009, 12.6099
5.34964, -360.526, -133.169
3.66474, 159.433, -851.461
5.50306, -15.728, 68.3986
2.6551, -106.17, -417.276
7.08512, -169.124, 93.3961
3.82958, 647.127, 227.165
6.50016, -51.063, 30.9385
5.46389, 69.4052, 32.8128
5.0822, -31.201, 4.08038
5.2567, 114.66, -43.0108
3.47225, 23.1136, -306.521
5.36152, -836.52, -452.681
3.81992, -273.618, 1563.58
4.41648, 677.502, -1608.02
2.73626, -231.877, -145.525
4.22823, 69.5899, -203.394
3.61594, -1110.46, 2193.23
3.81264, 77.2066, 24.8373
3.05141, -65.8712, 7.56717
7.40088, 142.571, -274.382
5.93794, -751.657, -286.251
5.82158, 62.222, -68.1796
5.99501, -26.7872, -71.7831
2.68746, -117.824, -60.9126
3.6706, -64.7016, -120.347
3.95397, -1470.8, -2231.83
3.50543, 5.64683, -50.5695
2.7177, -901.006, 1047.32
2.56571, 634.276, -581.647
6.07297, 1801.27, -639.045
6.88348, -161.281, -129.079
5.35088, 572.615, -1117.77
6.92743, -723.073, -734.792
5.20042, 68.2556, -205.886
3.31357, -800.765, 500.738
3.30492, -787.055, -929.008
7.19182, -53.5949, 11.7758
3.45628, 152.143, -439.302
3.15761, -1028.14, 280.751
4.41122, 295.838, -467.433
6.12674, -403.655, 1071.38
2.50651, -1955.04, -292.13
4.60222, 1333.64, -856.146
5.18984, 613.798, 126.841
4.86596, -107.35, 437.72
6.33003, 378.207, 59.4717
2.9396, 707.286, 72.7495
7.04284, 274.449, 386.659
3.20818, 428.375, 24.7834
2.54782, -92.4754, -29.5922
2.82267, -133.814, -55.3216
4.96742, 401.799, 337.314
5.40914, 7.80556, 182.105
4.03373, 1068.22, -1988.28
4.57091, -49.3677, 321.029
4.33401, -266.403, -290.678
3.42687, 41.8312, -1270.99
2.76788, -661.433, -953.59
4.47222, -99.8803, 7.59196
3.98388, 593.361, 567.094
5.05388, 218.565, 260.819
3.75392, 699.745, -1300.58
5.01589, 221.831, -385.511
2.51168, 822.298, -61.4688
7.01807, -1549.06, 672.872
2.79181, 1221.31, 1101.94
5.17506, 26.3521, 1024.78
3.95754, 1142.45, -506.408
7.3023, -26.4765, -191.068
4.73406, -1229.88, -676.415
5.08479, -73.1305, 11.9153
5.93861, -309.156, -521.666
2.72187, 70.7269, -55.648
7.2946, 1234.25, -1000.59
5.70852, 70.3645, 353.178
2.80215, 207.042, -189.276
3.33964, 37.0748, 162.863
5.76491, 144.037, 221.66
6.19864, 281.137, 952.159
3.57011, 345.919, -464.256
4.31441, 1.93105, -774.123
6.56981, 692.742, -393.229
5.32057, 72.8077, -63.1677
7.45886, -95.6337, 87.366
6.5669, -134.251, 48.5818
3.49157, 927.91, -1367.64
2.50003, 56.4581, -29.6669
4.62608, -1050.04, 1283.09
4.07406, 867.167, 378.454
5.56218, -1273.19, 184.151
3.83351, 92.4081, 50.8139
4.39881, -258.774, -415.827
5.43397, -257.259, -650.38
5.95636, -168.99, 364.914
7.26736, 64.2715, -9.82945
4.89785, 159.817, -487.253
3.60319, -682.151, 405.95
5.33741, -220.043, -81.3926
6.09873, -20.1987, 76.4295
4.4953, 1077.18, -285.067
3.48326, 780.881, -425.934
6.66971, -119.579, 158.441
5.59561, 689.522, -185.291
7.26866, 90.6271, 248.299
3.23222, 626.293, 619.521
5.38953, -82.6892, -8.2535
7.26796, -35.5539, -258.604
3.62331, -1504.87, 816.495
7.25137, -120.496, -17.2465
3.07874, 658.626, -207.12
2.58372, -3.68011, -263.358
3.90465, -8.66554, -463.275
7.15042, -151.293, 230.093
3.04796, -934.972, -319.076
6.77266, 253.314, 213.6
5.68532, -116.709, -301.7
5.63853, 34.5365, -229.026
3.80589, -208.58, 639.557
5.13936, 603.633, -558.286
7.16608, 61.8597, 219.598
3.98055, 295.444, -202.439
4.78006, -294.606, -192.342
6.35659, -98.2503, 1301.49
4.17193, -558.768, -1600.72
6.31775, -19.9443, -59.4769
6.65892, -902.123, 575.91
2.64618, 954.454, -758.006
4.31315, 179.791, -382.258
4.16221, -41.4322, 559.621
3.17675, -107.269, -184.089
3.00839, 390.194, -1247.55
5.11327, 479.184, 178.665
3.52046, -29.217, 31.7111
5.00728, -192.565, -361.245
5.1371, -1392.94, 668.7
4.13422, -181.423, 21.3737
4.75888, 160.347, -269.761
6.85263, -216.094, -28.9356
4.72884, 82.9628, -30.1791
6.03726, 90.5935, -334.284
6.83171, -909.912, 269.326
6.5822, -95.7923, -1.02741
2.67504, -958.559, -442.646
3.8644, -48.8719, 1030.48
5.21858, 315.986, -38.105
3.19942, -353.479, 105.488
5.57408, -0.979948, -81.4039
3.29182, 217.196, -570.047
4.41129, 483.767, -160.722
5.94997, 192.053, 212.304
3.21128, 1412.01, -115.725
5.65284, -42.7156, -38.6823
3.15973, -853.327, -951.902
7.13583, -138.874, -77.488
5.53465, 1404.81, -2175.98
5.50388, 696.818, -474.963
3.33635, -55.4089, -130.62
3.301, 302.878, 168.217
5.91628, -111.271, -44.426
5.1456, 50.207, -321.837
3.65264, -911.569, 210.608
6.55373, -85.0851, -76.4156
5.76477, 11.4921, -165.749
4.08597, -200.089, 286.913
2.53953, -163.986, 71.7123
3.49176, -110.447, -928.135
3.78831, -341.539, 578.532
3.03825, 376.438, -261.807
3.49545, -695.18, 67.3859
6.75079, -1557.54, 832.728
6.63912, -150.304, -90.1321
6.76813, 109.28, 285.488
5.71027, -154.672, 52.9378
3.6787, -1000.52, 996.051
6.80638, -13.8287, -80.4944
5.4745, -233.652, 669.68
2.52745, -889.535, -904.58
6.84925, 277.648, 505.199
7.37729, 403.526, 335.811
5.59653, -904.46, -704.287
3.85574, 325.858, -213.095
7.46973, -75.577, -15.3397
4.60751, -555.552, 404.424
4.20537, 376.553, 569.074
4.80717, 171.944, -217.416
4.44822, -406.087, -1166.05
4.613, -1550.23, -372.791
2.84879, -84.4075, 26.8711
5.5153, 15.239, -94.3147
7.36114, 139.82, -143.983
5.07406, -88.5325, -45.883
7.45461, 60.342, -16.3438
5.84906, -640.639, -1737.01
4.01716, -451.986, 2.07653
3.47371, -754.287, -283.691
4.0109, -271.11, -250.212
4.93946, 78.5055, 43.4716
4.72438, -416.017, -304.926
5.7844, -42.7171, 111.067
3.74227, 1727.84, 1085.92
4.72007, -777.507, -761.42
5.75894, -16.6978, -170.337
6.67472, 383.796, -265.611
6.03698, 386.651, 210.064
4.93928, 118.98, -157.591
6.72039, 495.054, 389.016
7.00296, -92.1324, -26.9666
6.33082, -178.054, 323.612
5.29453, -848.573, -316.517
2.70603, 773.539, 100.266
5.46749, 502.853, -549.34
2.68674, 252.993, -1292.44
4.53488, -101.48, -46.8183
2.84243, 152.098, -399.253
7.38558, 173.521, -41.7136
2.5956, 1046.63, 1125.88
6.60363, -51.3139, -12.1631
5.2195, 1296.51, -822.681
5.72828, -34.7423, 254.901
3.62934, -193.093, 143.793
2.733, -146.839, 748.657
3.63154, -98.3535, 102.31
4.58371, 404.668, -786.274
6.40126, -123.112, -278.097
3.72852, 488.556, -1005.81
4.81411, 27.7607, -61.5088
6.14756, 199.023, -542.634
5.35237, 1497.77, -283.788
5.45997, -424.038, -714.351
4.98425, -51.0235, -199.836
3.951, -2.10455, 82.6995
4.71107, -163.411, 50.0461
2.53669, -786.458, 1597.01
7.41683, 14.9542, 73.4029
2.52822, -266.198, -223.534
4.8676, 374.919, 479.638
5.86497, 1116.09, 1745.97
