6.27803, -468.874, 165.758
3.5948, 297.465, 395.848
5.89648, 339.6, -251.225
5.09708, -53.4365, -42.9738
2.76731, 736.31, -916.354
2.53849, 279.854, -191.291
4.58743, 1114.86, 599.514
7.15218, 69.7635, -217.238
2.95982, 54.8616, 81.0649
6.00595, 431.473, 489.449
3.81226, -60.5433, -64.1469
4.14117, 40.3832, 25.8871
7.45519, -318.936, -493.124
7.41275, -37.99, 264.078
5.75759, -93.7139, 272.652
6.92354, -166.135, -256.669
6.33247, -47.5191, -108.758
3.87453, -328.02, 285.363
4.93259, -14.4531, 297.802
2.80282, -777.066, -69.5192
5.08146, -51.8841, 210.166
4.96988, -637.378, 222.296
7.23882, -207.696, -23.6943
4.42071, 114.786, 418.784
5.14874, -465.959, 341.757
2.75042, -241.681, 627.83
6.63909, 133.976, 389.336
5.94228, -28.5015, -24.5532
6.18112, -120.471, -23.582
6.94286, -620.676, -767.443
4.25508, 21.0933, -193
6.72991, 48.9113, 350.057
3.84659, 82.7739, -143.96
4.83959, 486.767, 218.673
3.2686, -123.665, -234.256
2.66527, 95.8435, 94.7013
7.2768, -336.241, -418.848
6.95369, 89.0748, -1.73157
3.29884, -592.795, -25.0515
3.15214, -678.562, -270.49
2.515, 154.905, 127.155
6.0491, 49.2493, -283.451
3.40448, 374.171, -218.316
5.76029, 2.39232, -280.022
4.42907, -10.5358, -142.364
3.23766, 168.943, 455.814
5.45054, 55.3471, 99.6102
3.24076, 541.105, -245.68
3.2091, -561.138, -444.491
4.94257, -94.0637, -194.171
3.13015, -449.78, -0.574219
5.64635, -423.452, -181.677
5.60817, -350.947, 106.569
4.88216, 572.863, -783.521
2.64188, 414.65, 601.041
3.21011, 648.04, -255.918
3.15594, -168.413, 31.3736
3.31099, 380.752, -609.754
3.76529, 392.652, -101.026
4.77654, -916.098, 536.393
6.54472, 222.281, 110.143
3.57624, -126.512, 220.95
3.75063, 5.22988, 463.574
5.02978, 19.6789, 300.523
6.27922, 56.7282, 118.409
5.66369, -221, -613.31
5.9449, -623.262, -462.797
7.27207, -614.955, -272.966
5.18713, 600.923, -350.847
4.57014, 125.016, 603.755
4.70019, 30.9025, 267.521
6.07821, -532.808, -564.979
6.20858, -314.907, -548.365
5.12494, -690.576, 609.938
6.06711, -106.26, -53.5702
5.91025, 253.236, -20.3096
6.82941, 394.314, -309.458
3.19597, 449.459, 15.8061
3.57766, -324.238, 20.9138
5.0733, -130.78, -154.165
4.83766, 12.0398, 264.782
3.55759, 240.814, -535.729
5.65244, 443.637, -378.841
2.5044, 449.6, -649.058
4.09589, 48.0027, -1152.26
5.90281, -129.755, 13.4834
6.0446, -128.426, -374.821
2.90869, 24.5902, -197.91
3.56926, 102.325, 19.5769
4.44412, -194.402, 109.632
4.44927, -871.981, -387.151
3.92018, 140.172, -248.408
4.6123, 43.5935, 303.703
2.55658, 596.563, 45.8398
3.72027, -731.403, 410.347
4.49072, -48.5183, -740.358
6.64177, 71.042, -6.84254
3.78584, -477.938, 241.117
3.59705, -177.049, -368.232
6.47385, 200.517, 319.473
5.8476, -344.44, -504.026
5.49108, -4.0967, -449.98
5.99917, 650.308, 249.685
5.13062, -113.927, -208.377
4.14833, -190.552, -53.8124
3.30844, 298.118, 6.7065
6.56633, -85.1476, 69.7026
4.08004, 413.264, 110.747
4.05369, -77.2739, -75.3326
4.65424, -33.1399, -67.1305
4.46509, 486.557, 193.622
4.43916, 29.1961, -252.174
4.34871, -15.2389, 311.572
5.88118, -514.597, -251.984
6.10384, 530.762, 13.2477
7.20082, -514.856, -106.183
5.08573, -115.358, -42.2224
5.5282, 443.842, 497.005
5.85049, 376.445, -613.886
5.11404, -451.396, 211.704
3.87105, 386.905, -75.9482
7.08924, 134.335, 294.507
3.73367, -174.111, 189.264
4.77876, -368.072, 46.8672
3.30374, 279.326, -206.756
4.68319, -20.5077, -161.33
7.45767, 170.672, -55.6123
6.26931, 309.508, -552.684
4.97846, -45.722, 178.221
7.01651, -8.66356, -34.7281
4.68213, -28.0607, 304.948
5.09239, 514.356, -410.985
4.44866, -590.907, -413.735
5.63431, -101.385, -210.694
5.19331, -172, -158.092
4.35955, 99.0282, 69.9358
2.54674, -218.257, 16.2466
6.3794, 26.7639, 50.8723
2.85317, 208.174, 247.794
3.98511, -190.482, -250.212
4.78581, -232.381, 208.239
3.25156, -166.14, -30.3169
5.97819, 186.904, 322.145
4.15587, -25.0054, -354.14
5.21197, -481.485, 792.124
2.64678, -757.696, 10.135
5.38086, -261.467, -281.356
5.18133, 62.4228, -214.205
7.36678, -221.498, 512.72
5.57063, -46.064, -155.136
5.26431, 467.467, -423.185
6.69051, -90.2566, -143.471
3.75764, 117.108, 245.412
6.98957, 230.151, 6.77846
5.97428, 191.464, -163.566
5.82752, 347.604, 561.542
3.06838, 509.346, 341.721
3.37987, 451.591, 341.244
2.91253, 192.756, -415.589
6.68103, -263.759, 378.606
2.64818, -214.745, -446.647
6.34719, -70.5176, -65.9082
4.29829, 202.005, -680.6
6.24626, 521.597, -386.122
6.28385, 136.781, -103.35
3.60834, 458.524, 237.323
5.58305, -125.875, -167.009
3.66846, 27.1892, 250.785
6.22052, 180.072, -583.899
5.80997, 361.671, 476.447
4.9209, -408.005, 770.388
2.58972, -616.253, 278.865
4.98291, 52.6213, 291.221
5.09587, 124.611, -196.707
4.71395, 593.138, 528.393
4.14528, -400.457, -99.1122
3.52671, 123.385, 11.9321
7.19863, -233.789, 355.627
2.85168, 684.521, 313.593
3.30042, 132.947, 22.597
6.70788, -77.7153, -224.478
4.13614, 374.045, 313.413
6.85942, -62.3208, 137.368
5.99896, -407.254, -195.101
5.52801, 229.116, 33.7395
4.77536, 380.88, 311.021
2.91543, 859.587, -299.95
3.94883, -364.866, -557.678
6.51009, -36.6859, 11.6771
6.81821, 363.08, 247.878
3.81831, -838.644, 165.959
4.79881, -215.919, -188.252
4.95672, -19.2403, -179.684
5.82344, 436.599, -430.799
7.31738, -46.694, 215.856
7.23022, 243.521, -55.3758
2.81902, -245.109, -257.17
5.04829, -102.315, 148.112
6.13222, -312.709, -207.974
5.65882, 233.916, -158.506
3.26658, -158.901, -92.7116
5.09652, 592.098, 525.403
3.52281, 932.487, -384.776
6.03231, -207.142, -185.653
6.05786, -16.8275, 973.269
3.66304, 222.42, -39.5874
6.80594, -228.808, -307.775
2.67122, -174.723, -645.726
6.26587, -50.1432, 127.586
4.14789, -131.123, -176.181
4.65309, 786.727, -11.1217
7.33455, 302.817, 248.447
4.05803, -310.401, -489.725
5.69762, -908.755, 199.553
5.95386, 180.842, -51.8577
5.36403, -121.566, -288.279
6.60667, -493.876, 764.812
4.21807, -555.148, 381.043
5.09387, 342.331, 325.01
6.78438, 489.6, 5.14854
6.18587, 399.324, 247.058
3.45992, 108.274, -319.196
2.83145, 79.6781, 231.444
3.60828, -800.412, 455.298
3.33656, 75.8645, 144.307
6.31172, -42.7598, -24.4515
5.44905, 170.905, -588.999
4.65223, -1009.34, -250.504
7.09618, 386.868, -349.816
5.09668, -345.805, 201.728
7.38058, -366.907, 166.464
5.15714, 371.626, 311.733
2.98716, -122.05, 890.926
5.83983, 163.218, 276.222
5.44444, -306.843, 552.928
5.01137, 86.0453, 326.507
2.75808, 569.211, -351.318
2.6753, 510.401, -69.3586
4.41484, 200.675, 5.45113
5.55555, -393.4, -675.845
5.06574, -1037.61, -224.923
5.98498, -274.489, -150.593
4.89891, -170.723, -85.1892
3.88323, -907.513, -64.3485
6.01685, 27.1685, 675.304
3.67701, -26.228, -232.54
6.41501, -111.629, 151.5
6.60589, 412.953, -454.136
3.21842, 304.533, 405.528
5.75757, 528.498, -428.434
3.87677, -331.417, 273.099
7.26215, -101.452, -54.9971
4.58238, -16.013, 124.422
3.03869, 110.848, 376.567
4.70633, 394.491, -100.657
6.28811, 92.7439, -58.6997
2.77803, 435.7, 503.112
3.51241, 3.29242, 217.103
6.82305, -272.204, 354.536
6.52456, -73.0122, -57.7522
2.78861, 244.648, 561.075
4.40304, 78.4464, 22.633
4.56124, 53.6282, 55.2142
2.80071, -451.612, -175.855
7.09746, -451.772, -469.212
3.35398, -307.855, -321.362
6.51634, 43.4509, 99.7665
3.88599, 357.512, 488.055
4.44586, -430.589, 99.6669
7.19936, -590.011, -304.518
6.24573, 22.9839, 641.135
3.44774, 159.237, -290.121
6.89581, 75.4489, 122.392
6.8953, -152.991, -198.509
3.30515, -216.511, 87.841
5.87346, 154.765, 383.738
6.89096, 90.058, 84.5026
6.98262, -391.95, 616.517
3.06535, -269.575, -60.2719
5.93789, 233.643, 478.048
3.21651, -188.309, -375.291
3.6901, 54.1931, 96.265
5.64383, 240.985, -353.818
4.312, 26.696, 360.386
4.64437, -533.504, -473.349
4.91936, 321.439, -95.3378
6.20379, -166.998, -155.906
3.23098, 541.891, -274.596
7.36238, -65.5687, -190.361
7.3158, -63.2214, 177.902
3.14741, 27.287, -74.236
5.3784, -377.82, -256.892
4.66439, -250.936, 419.691
5.50066, 71.5313, 360.185
5.85098, 243.857, 20.741
4.5137, -605.727, -273.644
6.46691, -545.572, -466.578
4.89889, -499.257, 566.995
5.72449, -569.985, 169.931
4.28836, 707.859, -219.097
5.96794, -25.4931, 524.858
5.83428, 280.418, 433.118
3.22071, 414.936, -247.954
7.10415, 201.829, 158.94
4.22228, 442.072, 757.458
6.66824, -311.893, -234.866
2.74349, 96.1245, -255.443
3.27936, -116.897, 210.796
2.55765, 357.096, -331.932
3.94327, 12.4969, -55.1645
5.07295, 361.704, -167.525
3.65948, 22.8022, -803.433
2.75022, 380.966, -161.105
5.33091, 73.9029, 359.898
6.69774, -292.022, -2.13069
4.28763, 299.647, 576.267
4.3452, 146.81, 420.635
7.22226, -17.5736, 225.978
4.72425, -388.066, 306.266
6.82086, 131.826, -187.25
5.82654, 325.282, -301.982
5.79297, -233.455, -508.842
7.10736, 640.393, -460.781
5.11536, -691.42, 600.149
5.45229, -621.606, -138.091
5.79944, -188.586, -688.122
4.24765, -559.923, 268.768
4.11714, 212.027, 79.2479
7.08984, 107.447, 299.464
3.08619, -670.036, 312.953
7.31268, 313.911, -13.9389
5.17978, 275.023, -310.916
5.81447, -481.325, -180.645
5.48362, -680.192, 322.589
6.93363, 243.501, 230.011
6.67999, -163.399, -125.408
6.69339, 217.157, 318.11
6.85642, -224.572, -200.311
2.5002, 424.395, 388.645
4.77274, 99.8752, 291.644
4.25696, 691.036, -86.8897
5.80713, 548.094, -656.702
6.22234, 249.785, -143.595
3.3821, -297.036, -708.398
7.4621, -369.649, 564.38
5.95466, 383.091, -272.29
6.97862, -214.875, -49.6738
3.51579, 246.498, 33.5844
7.2356, 287.189, 435.433
4.88476, -658.208, 384.442
6.78578, -798.223, 458.347
6.41237, -326.142, -252.43
5.70687, -682.846, 595.488
3.14521, -197.166, 230.192
5.77944, 69.417, -544.147
3.09199, 44.9599, 71.8402
3.88793, 587.241, -80.1951
6.65548, 274.386, 658.377
6.14153, 760.344, 864.73
6.74348, 625.93, -482.45
3.43989, 169.172, -319.995
6.09602, -17.9628, -389.199
4.25586, -384.34, 311.992
3.34555, 528.297, 518.887
4.52383, -498.963, 115.131
4.20924, -94.0565, 218.512
6.67141, -86.4935, -50.9875
3.9111, -475.516, -761.69
5.16766, -17.4522, 162.071
6.25085, -332.077, 344.154
4.62554, 12.1846, 234.887
4.66964, 718.522, -163.467
3.03022, -788, -88.3224
6.4639, 38.9146, -103.774
3.91232, -129.813, -202.851
7.14264, 637.627, 601.632
5.37926, 140.951, 297.28
3.4895, -150.565, -377.944
5.99081, -79.7314, 205.545
3.07265, -51.7085, -152.811
4.22945, 484.052, 399.037
4.15646, -152.561, -97.3539
6.42735, -725.057, 345.738
6.65775, 119.076, 411.997
4.21712, 556.452, -384.879
4.2603, -188.58, 145.057
6.38197, -108.149, 96.4803
6.58658, -333.812, -450.487
4.26157, 146.806, -413.857
7.09559, -23.0425, 198.099
3.2877, 422.892, 210.957
5.56029, 544.667, -426.642
5.54222, 144.361, -47.4081
3.16647, 511.177, 704.235
3.51409, 664.76, 865.5
4.79457, 268.803, -145.097
3.48759, -436.108, 85.7792
6.77118, 220.367, -274.54
6.54562, -168.202, -36.3671
2.80131, 369.511, -637.309
6.50584, 353.738, -828.734
5.49597, -59.2677, -194.604
7.43182, 61.9673, 14.5543
2.65919, -545.99, -87.3529
6.8356, -572.047, 665.961
3.69109, -49.1761, 174.311
3.6127, 349.301, -660.885
4.73907, 945.196, 449.708
2.61231, 187.859, -136.042
6.79755, 62.5525, -102.29
4.15902, 372.051, -1263.58
5.72195, -292.389, -349.166
7.43521, 562.744, -35.9687
5.30162, -10.5544, -407.118
4.74553, -42.2911, 179.473
5.213, 117.136, -72.6169
2.90797, -361.752, -42.5009
3.99606, 844.468, 486.649
6.63964, -792.48, -241.333
6.48936, -480.626, -41.3652
5.71048, 102.777, 105.796
4.84105, -280.339, -323.604
7.15326, 239.343, 681.99
5.08798, 38.6558, -207.046
7.42924, -771.67, 523.693
5.94567, 71.0558, -175.84
6.19966, -57.5411, -196.601
3.46323, 496.39, 212.344
6.08881, 674.379, -488.503
6.11146, 124.136, 146.812
6.49298, -211.598, -378.753
4.23216, -669.072, 179.325
5.1481, 172.972, 521.294
3.19001, -17.4665, -397.194
6.73218, -95.1508, 150.515
6.32766, 361.861, -295.633
7.5, -661.133, 312.729
4.24891, -952.709, -463.19
5.50367, 685.901, -100.803
3.50808, 45.2692, 834.413
6.2385, -557.749, 154.125
6.49225, 294.892, 286.354
3.03505, -632.637, 523.428
5.35813, 69.8862, 361.054
2.84683, -1009.94, 425.452
4.16036, -145.96, -312.836
5.80945, 44.6622, -85.249
5.27726, 240.425, 657.644
7.12415, 45.7577, 136.41
2.69832, 213.455, 86.5819
2.62083, 550.955, 506.257
4.61923, -183.727, 320.852
4.36987, -22.8017, 111.35
2.93303, 369.353, 239.89
3.05403, 79.1026, 35.2915
5.31992, -528.76, 134.072
7.37269, 52.3254, 197.971
3.05066, 47.6836, -731.067
5.99352, -637.369, -808.935
2.79674, 265.056, 676.132
4.69755, 206.884, 34.0153
5.24651, -554.59, -500.932
3.45129, -32.4882, 7.87606
7.36597, -121.436, -266.308
3.19593, -189.201, -275.011
5.48978, -525.484, 263.33
7.12812, 171.247, -650.619
3.91116, -19.5175, 151.527
6.8307, -222.552, 71.9112
6.29598, 480.763, -295.616
6.10793, 55.2656, -265.712
3.34241, 335.842, 421.045
3.32882, -470.673, -299.536
3.39076, -252.253, -174.671
5.87226, -107.856, -290.177
4.83484, 183.091, -71.2033
6.85219, 70.6474, 367.17
5.76023, -24.6119, -90.2202
5.80464, -431.298, -149.89
2.58037, 355.609, 303.412
4.30596, 907.109, 609.502
3.72747, -96.16, -503.55
6.93086, 594.709, 497.303
5.23701, -1073.9, -0.476333
6.57209, 230.568, -246.502
5.24453, -192.945, -606.303
4.16156, -82.2955, 359.841
4.40213, -386.839, -538.639
2.52389, -438.956, -43.9271
6.95226, -97.7753, -69.122
6.16955, 538.307, -117.096
6.04239, 33.9912, 387.174
5.1278, 461.777, -335.699
6.41065, 66.8473, 37.353
3.42484, -42.106, 324.523
5.72673, 20.492, 104.734
3.42178, 97.1173, 232.967
3.31214, -579.432, 128.85
2.65594, 390.187, -171.962
7.42716, -30.8524, -150.371
4.04559, 2.61728, -175.455
4.11075, 140.792, 318.04
5.51155, 217.285, 26.7351
2.89107, 638.705, 147.283
3.93936, -318.509, 108.732
5.79307, 504.512, -180.715
7.36348, -71.9316, 248.432
7.27758, 420.002, 143.83
7.42745, -166.118, -319.914
7.30478, 210.543, 242.345
3.0073, 84.5211, -400.652
3.71505, 175.596, 353.081
6.91151, -109.745, -258.277
5.28805, 272.361, 225.024
6.7669, -61.4716, -36.6511
7.49145, 487.325, -392.864
3.99751, -612.365, 704.246
6.33157, -1096.97, -468.352
4.81901, -666.154, 23.1348
6.8168, -37.9064, 164.208
6.99018, 19.6703, 88.6443
7.377, -235.904, -282.961
2.77405, 6.20239, 119.252
6.32605, -368.868, 146.563
5.09219, 495.463, -606.194
3.46574, 68.7574, 120.903
6.98252, -373.031, -67.1883
6.38492, 101.532, -10.9687
2.75968, -34.6138, 12.6655
7.47331, 423.284, -600.451
5.93659, 242.974, -287.548
5.94854, -468.982, -181.086
6.57666, 553.171, -409.365
7.05426, 127.975, 335.912
3.34218, 218.282, 925.656
5.24183, 553.8, -400.551
6.53351, 120.998, 261.778
4.17803, -207.07, -175.788
5.53435, 334.205, -145.604
6.59602, 272.494, -582.647
7.3485, 352.499, 63.9315
6.29349, -12.8582, 14.4658
3.72113, 426.098, -73.4752
5.80589, 257.525, -225.276
4.21574, -73.2966, -48.3057
7.27146, -130.487, -129.963
2.60828, 147.922, -672.056
4.54979, 546.769, -247.116
2.55789, 246.363, 545.106
3.04964, 214.201, 47.1928
5.28259, 416.637, -626.963
4.45466, -196.092, 210.523
7.20539, -24.0532, -36.5172
2.55572, -354.795, -321.925
6.22897, 195.006, 262.754
3.84293, -168.57, 2.30159
4.27153, -235.781, -127.604
3.45835, 800.447, -902.142
5.14832, -12.9364, -164.071
4.39478, -168.034, -654.852
3.16407, -90.3058, 22.2539
4.26563, 469.169, 36.8611
4.2497, -890.03, 284.97
7.41084, -621.793, -467.797
5.25961, -68.4949, 180.478
4.99918, -528.177, -223.144
3.58531, 413.301, -513.377
4.37311, -247.61, 0.68551
6.78251, -86.6575, 79.3195
6.45578, -432.333, 577.789
3.9204, 630.163, -585.832
5.07645, 79.9443, -478.729
6.79238, 226.254, -104.095
7.07844, 131.221, -436.792
7.48941, -562.585, -497.865
6.53177, -271.024, -373.658
5.22718, -32.0262, -174.895
7.3461, 354.069, -24.8421
5.31931, -61.4446, 95.8405
4.03031, 493.764, -319.04
5.41853, 30.6373, -25.7603
2.91197, -19.7176, -452.037
5.47382, -87.5634, 51.5316
3.31968, 327.065, 445.82
6.46527, 340.316, 418.049
2.95373, -472.62, 32.3433
6.3072, -250.237, 92.338
6.83996, 108.446, -115.789
6.40105, 289.775, -49.6201
6.61399, -533.525, -466.576
6.70974, 218.478, 124.803
4.48328, 453.927, 138.324
6.508, 220.022, 65.5289
6.56811, 267.616, 87.4506
5.43493, 454.81, 600.867
4.64621, -19.9479, -17.0207
2.5002, 370.848, -350.627
5.31153, 264.257, -240.335
6.22632, 121.214, 302.505
3.89846, 619.88, 251.394
2.93406, -16.3417, -930.212
3.5733, -417.283, 132.17
3.93296, -250.383, -223.764
4.86595, 132.139, -210.632
6.95893, -543.776, -454.216
5.91955, 271.684, -37.5668
3.54376, -56.3613, 175.237
6.67533, 12.8383, 60.9943
7.09218, -407.052, -338.236
4.48244, 480.267, 427.128
6.37858, -244.345, 137.239
5.68161, -145.637, -173.158
6.64746, -371.332, 176.642
3.40204, 120.248, 25.1094
7.45927, 233.183, -69.5647
6.70558, 125.594, -431.8
4.65177, -520.984, -81.7892
4.38589, -531.129, 59.7913
2.70802, 200.069, 176.594
6.80715, -218.443, -200.104
6.62116, -659.617, 457.525
6.25052, -56.6464, 106.667
3.55801, -189.356, 125.531
4.31029, -0.302605, 340.086
4.43545, 378.226, 455.488
7.32918, -701.972, -521.593
6.5872, -290.414, -175.18
4.5755, -347.907, -171.834
5.83759, 174.937, -5.81086
2.52101, -663.557, 346.162
6.98048, 97.5368, 7.64654
3.68416, 425.227, 412.01
3.79415, -86.8495, -119.151
5.4939, 106.344, -211.416
6.89823, -562.271, 137.261
6.16299, 635.766, 219.724
6.0773, -462.668, -310.597
3.57724, 997.18, -88.8024
6.30413, -838.46, 453.461
3.85351, -83.8709, -293.641
2.75246, -282.389, -321.516
4.78866, 139.897, -277.229
2.58759, 36.954, -196.42
3.01129, 537.306, -534.659
2.639, -340.283, 110.774
5.65921, -119.068, -335.752
6.34425, 93.0237, 25.5304
2.74132, -611.841, -194.693
6.6924, -290.479, -255.44
6.76899, -112.043, 238.999
6.57649, 434.776, -417.851
6.85188, -225.797, -549.048
5.27222, 55.3384, 330.589
6.12646, 69.4983, 603.024
3.20424, -871.073, 258.796
6.6115, -99.6858, -295.73
5.51185, -396.32, -671.399
4.93856, -187.965, -172.149
6.14942, -129.16, -25.5573
4.05164, -648.114, 399.652
3.93925, 42.8463, -472.062
5.45857, 513.165, -705.585
5.34055, -707.549, 92.0554
5.41059, 927.79, 309.675
2.84132, 332.594, -593.707
4.34304, -264.817, 344.583
6.28475, -115.371, -66.3909
6.35297, 672.828, 615.382
4.27217, -50.7925, 164.578
5.98913, -88.584, 84.9076
5.08005, 593.078, 312.476
5.94494, -2.46822, 240.569
6.18066, -577.096, -700.409
2.56231, -605.159, -485.593
7.16549, 7.12205, 228.344
5.37826, -451.674, -249.821
3.05587, 301.47, -140.963
4.87388, -32.8658, -192.17
3.24247, 104.026, -238.594
4.22594, -1354.7, -377.785
7.04476, -142.78, 28.5168
4.54571, 559.708, -417.56
5.96642, 81.913, 240.6
3.35865, -161.592, -97.1093
6.21715, -472.819, 320.496
4.16319, -43.0591, 19.7191
4.62157, 102.843, 124.923
2.79523, 444.166, -180.322
5.09005, 109.742, 362.284
5.94425, -224.324, -7.91271
5.01149, -66.9665, -190.592
6.56617, -136.296, -91.3265
3.07974, 66.9924, 114.733
5.24841, -184.183, 234.949
5.06046, 276.516, 126.114
6.02649, -545.789, -466.234
5.65083, -196.095, -63.8176
4.0207, -77.0091, 74.2739
6.74719, -17.5809, 54.9727
3.39619, 320.329, -536.98
2.61737, -55.514, 38.2897
4.19467, 121.548, -318.245
3.43818, -539.551, -518.478
6.60467, -145.542, 162.379
6.72507, -29.5659, 709.6
6.78031, -600.245, 417.048
7.37454, 332.7, -314.919
2.99587, 202.767, -294.945
2.56182, -296.624, -359.44
2.58614, 249.323, -831.324
2.64527, 94.1088, -192.273
4.1031, -579.75, -562.906
6.17815, -460.456, 160.322
3.14876, -172.827, 298.838
2.5161, 222.605, -408.177
6.91905, 221.663, -242.307
3.70482, -120.057, -318.45
4.38481, 246.537, -280.568
4.44879, 33.91, 163.004
2.81534, 214.856, 33.9981
7.30792, 98.7847, 343.52
3.75349, 132.94, 190.516
6.85376, -124.659, -324.508
2.85991, 315.817, -213.508
2.70653, -210.928, -70.2868
3.46378, 3.26758, -152.871
3.86708, -96.0685, -723.123
7.4007, 23.8535, -184.023
3.60607, 116.239, -734.379
6.43119, 399.963, -611.442
4.42306, 85.5069, -284.826
3.78593, -744.124, 505.642
3.91087, 129.208, -10.5936
7.33834, -379.67, -121.319
4.22841, 50.6886, 294.919
3.45922, 250.061, 303.121
5.05037, -102.559, 262.743
5.21857, 252.738, -622.53
5.72333, -30.6966, -249.199
3.89738, 178.806, -367.364
3.41887, 4.39918, -330.684
2.71579, 491.969, -666.794
3.98408, 3.89876, 253.114
4.25548, 558.183, 266.375
7.09372, 546.391, -197.259
5.81225, -65.6721, -176.76
5.08041, -498.413, -402.126
4.03763, -611.449, -178.967
3.0007, 408.133, 353.82
3.47502, -42.6488, -33.3347
4.11407, 485.365, 751.945
5.56182, 4.46292, -181.319
5.13511, -431.68, 274.852
3.45653, -141.233, 644.239
4.7178, 1028.22, 581.704
4.48693, 1009.62, -209.447
6.28051, -67.3563, 28.2745
6.6213, -264.461, -185.137
5.51573, -122.734, -22.4994
3.04573, 111.951, 74.9793
4.11797, 319.536, -2.1462
5.03403, 208.435, -42.4546
4.76521, 413.148, 209.795
4.77315, 39.9122, -51.0172
4.91125, -317.682, -172.325
5.07896, -943.425, 193.705
4.50207, -320.281, -754.424
4.22945, -468.329, -178.855
6.64533, -221.407, -7.34684
3.02204, 632.948, 211.933
6.40057, -49.3422, 438.923
3.19919, -157.148, -55.5826
2.62171, 556.109, 778.337
6.0664, -108.263, -438.449
7.15538, -153.292, -130.157
7.47667, 235.834, 55.4152
3.86264, 184.902, 28.7221
3.6923, -300.785, 357.782
3.87328, -7.61308, -243.593
5.70836, 503.522, 351.08
5.17637, 197.893, 32.5031
6.8967, -597.782, 835.835
6.75968, 340.008, 450.752
2.98004, -112.361, -9.72766
4.66818, 166.018, -238.623
3.17045, -95.0454, -34.5892
5.86802, 294.606, -19.8408
5.34964, -269.233, 43.6744
3.66474, 154.724, -399.506
5.50306, 215.903, 64.6966
2.6551, -151.757, 157.997
7.08512, 147.286, -31.3321
3.82958, 238.057, -87.2893
6.50016, -59.2913, 14.8479
5.46389, -124.229, -68.3403
5.0822, 142.871, -44.6162
5.2567, 367.5, -27.8937
3.47225, 208.955, 331.123
5.36152, -222.407, -393.274
3.81992, -209.92, 472.481
4.41648, 229.625, -741.021
2.73626, 238.491, 193.444
4.22823, -46.7717, -271.447
3.61594, -737.939, 1206.61
3.81264, 48.8662, 400.211
3.05141, -227.247, -280.634
7.40088, -97.7612, 235.519
5.93794, -450.366, -302.502
5.82158, -35.0814, 203.39
5.99501, -5.27001, 284.249
2.68746, 225.522, -297.751
3.6706, -273.283, -224.499
3.95397, -685.189, -1051.9
3.50543, -19.2743, 269.694
2.7177, -540.723, 393.379
2.56571, 504.682, -399.912
6.07297, 932.878, -377.308
6.88348, 215.411, 245.175
5.35088, 317.93, -468.06
6.92743, -36.8065, -44.8397
5.20042, -183.933, 260.689
3.31357, -424.151, 353.789
3.30492, -348.807, -639.791
7.19182, 149.915, -133.158
3.45628, 354.418, -210.053
3.15761, -389.686, 308.178
4.41122, 329.027, -391.067
6.12674, -323.753, 556.947
2.50651, -1036.03, -223.482
4.60222, 545.424, -449.938
5.18984, 42.0776, 70.5053
4.86596, -172.039, -43.1529
6.33003, -340.282, 4.79884
2.9396, 430.751, 212.398
7.04284, 273.153, 214.048
3.20818, 161.54, -537.534
2.54782, 110.091, -51.0341
2.82267, 253.297, 157.446
4.96742, 193.974, 317.846
5.40914, -190.912, -242.81
4.03373, 529.58, -1053.95
4.57091, 35.5509, 212.211
4.33401, -268.986, 50.4504
3.42687, 7.54424, -879.566
2.76788, -296.583, -421.47
4.47222, 158.736, -47.7233
3.98388, 416.5, 433.315
5.05388, 416.312, 257.638
3.75392, 355.902, -654.429
5.01589, -205.856, -170.054
2.51168, 295.577, 98.8653
7.01807, -665.737, 308.081
2.79181, 698.173, 608.91
5.17506, 54.1305, 367.62
3.95754, 533.75, -282.544
7.3023, -65.6728, 250.471
4.73406, -627.519, -493.796
5.08479, 215.015, 74.5329
5.93861, 34.873, -273.325
2.72187, -54.9842, 70.752
7.2946, 676.039, -564.326
5.70852, 43.8883, 208.24
2.80215, 217.13, -253.926
3.33964, 73.933, 399.65
5.76491, 94.0599, 378.515
6.19864, 417.943, 390.855
3.57011, 93.8019, -491.725
4.31441, -24.7168, -50.7545
6.56981, 447.191, -378.605
5.32057, 200.625, -79.378
7.45886, 71.2899, -135.396
6.5669, 259.567, -197.266
3.49157, 396.537, -655.024
2.50003, 0.367187, -175.106
4.62608, -558.72, 665.847
4.07406, 388.231, 165.527
5.56218, -679.236, 182.474
3.83351, -18.3271, -173.053
4.39881, -79.7048, -385.507
5.43397, -356.798, -634.633
5.95636, -185.195, 107.737
7.26736, 7.36774, 62.0135
4.89785, 196.417, -468.838
3.60319, -775.07, 330.653
5.33741, 236.901, 164.969
6.09873, 0.777823, -79.1691
4.4953, 653.915, -257.208
3.48326, 573.277, -342.644
6.66971, 16.7003, -247.615
5.59561, 439.709, 172.349
7.26866, 106.969, 361.163
3.23222, 387.978, 384.778
5.38953, 97.4015, -73.9634
7.26796, 259.098, -232.516
3.62331, -590.074, 261.732
7.25137, 108.53, 20.991
3.07874, -30.5854, 56.7013
2.58372, -115.469, -309.824
3.90465, -164.392, -163.493
7.15042, 32.2763, 34.1214
3.04796, -656.771, -216.795
6.77266, -80.9092, 259.16
5.68532, 99.1668, -374.854
5.63853, -2.03936, -153.627
3.80589, 100.157, 83.6452
5.13936, 441.782, -424.313
7.16608, -52.9208, -39.0489
3.98055, 72.5355, 5.99715
4.78006, -516.731, -391.294
6.35659, 113.717, 500.632
4.17193, -256.758, -1181.55
6.31775, -99.3485, 116.439
6.65892, -555.341, 102.312
2.64618, 497.019, -583.668
4.31315, -332.324, -133.209
4.16221, -254.826, 383.908
3.17675, 23.2105, 168.902
3.00839, 179.282, -583.126
5.11327, 440.088, 7.47354
3.52046, 199.711, -342.278
5.00728, -113.577, -59.1746
5.1371, -672.747, 157.009
4.13422, -67.4849, 140.184
4.75888, 184.461, 42.4998
6.85263, 231.661, -100.627
4.72884, -141.928, -205.575
6.03726, 236.853, 111.232
6.83171, -572.803, 270.218
6.5822, 248.279, 12.6111
2.67504, -200.579, -111.817
3.8644, 201.182, 563.182
5.21858, -131.754, -76.2107
3.19942, -263.827, 134.583
5.57408, 64.7403, 16.9623
3.29182, 357.838, -247.379
4.41129, 178.417, -89.0626
5.94997, 95.4358, 328.443
3.21128, 793.645, -148.037
5.65284, 375.109, -131.088
3.15973, -356.684, -716.703
7.13583, 95.9916, 36.6329
5.53465, 660.193, -1040.92
5.50388, 607.889, -222.301
3.33635, 160.746, 154.164
3.301, 149.696, -524.776
5.91628, 40.7396, -12.3347
5.1456, 1.24024, -114.652
3.65264, -550.799, -199.165
6.55373, 55.0126, 355.653
5.76477, -225.736, -113.386
4.08597, 248.076, 360.215
2.53953, 99.5552, -2.55903
3.49176, -148.427, -712.352
3.78831, -429.326, 276.814
3.03825, -289.147, -163.852
3.49545, -514.28, -138.156
6.75079, -678.375, 333.777
6.63912, 89.2126, 35.8664
6.76813, 335.704, 457.003
5.71027, 280.046, -127.915
3.6787, -617.07, 525.45
6.80638, 149.284, -110.158
5.4745, -312.153, 374.227
2.52745, -735.398, -626.699
6.84925, 362.538, 479.983
7.37729, 191.651, 315.614
5.59653, -546.404, -443.366
3.85574, 432.079, -153.79
7.46973, -83.2154, -44.0648
4.60751, -71.944, 424.156
4.20537, 340.878, 580.397
4.80717, 213.237, 11.0459
4.44822, -247.415, -649.34
4.613, -821.408, -248.571
2.84879, 253.641, -58.4052
5.5153, 264.129, -80.9412
7.36114, 221.351, 1.8991
5.07406, 213.861, 250.838
7.45461, -174.747, 209.061
5.84906, -244.763, -854.01
4.01716, -104.502, 221.175
3.47371, -460.152, -311.122
4.0109, 29.884, -277.454
4.93946, -147.715, -63.4312
4.72438, -484.253, -338.214
5.7844, -58.6203, -226.289
3.74227, 906.146, 609.56
4.72007, -626.961, -503.981
5.75894, -49.1064, -1.68644
6.67472, 344.719, -438.944
6.03698, 52.9441, 126.545
4.93928, 118.835, 456.677
6.72039, -70.4782, 205.916
7.00296, 62.0861, 221.581
6.33082, 282.839, 282.051
5.29453, -632.883, -289.79
2.70603, 563.725, 95.415
5.46749, 23.4408, -359.342
2.68674, 235.371, -572.653
4.53488, 224.899, -10.0604
2.84243, 369.357, -252.508
7.38558, -153.486, -136.806
2.5956, 782.916, 671.112
6.60363, 146.33, 437.222
5.2195, 680.255, -349.786
5.72828, -265.11, 406.155
3.62934, 30.8699, -142.326
2.733, -81.094, -66.121
3.63154, 63.2386, -170.413
4.58371, 446.499, -134.681
6.40126, -334.143, 102.143
3.72852, 275.552, -581.068
4.81411, -20.2026, -130.248
6.14756, -148.276, -369.609
5.35237, 566.178, -162.637
5.45997, -388.294, -432.877
4.98425, 234.821, -248.282
3.951, -183.33, -317.517
4.71107, 316.221, -75.4496
2.53669, -358.981, 521.954
7.41683, -18.9726, -270.016
2.52822, -277.784, -67.5186
4.8676, -267.363, 102.762
5.86497, 568.843, 835.472
