6.27803, 94.8195, -14.0946
3.5948, 64.0607, 54.1551
5.89648, -0.934097, 22.9271
5.09708, -16.8287, -269.14
2.76731, 124.36, -260.169
2.53849, -101.389, -102.8
4.58743, 253.283, 119.033
7.15218, -163.225, -74.2243
2.95982, 38.1037, -259.546
6.00595, 78.4295, 151.461
3.81226, -272.75, -112.875
4.14117, -53.9636, -16.3106
7.45519, -73.8972, -207.105
7.41275, 108.884, 222.494
5.75759, -187.656, -240.873
6.92354, -272.196, 63.7477
6.33247, -41.4222, -76.063
3.87453, 174.099, 136.591
4.93259, 100.37, 185.079
2.80282, 153.551, -113.21
5.08146, -8.04422, -248.974
4.96988, 88.3637, 59.3815
7.23882, 196.866, 72.204
4.42071, 124.402, 125.772
5.14874, 194.806, 58.8362
2.75042, -150.253, -106.231
6.63909, -42.9233, -44.6459
5.94228, 244.54, 98.5649
6.18112, 59.1307, -283.418
6.94286, -174.071, -278.36
4.25508, -34.3196, -73.5652
6.72991, 29.9091, -20.1085
3.84659, 45.1139, -8.46219
4.83959, 50.7231, 210.263
3.2686, 94.5226, 136.882
2.66527, -177.621, -151.709
7.2768, 87.0408, 66.4214
6.95369, -289.559, -173.891
3.29884, -160.01, -19.075
3.15214, -436.712, -71.8683
2.515, -426.144, 98.515
6.0491, 71.9666, 100.956
3.40448, -236.52, -131.695
5.76029, -135.648, 5.77451
4.42907, -219.93, -3.93947
3.23766, -73.5785, -138.644
5.45054, -119.056, -174.244
3.24076, -42.1736, -73.0489
3.2091, -288.113, -327.753
4.94257, 108.128, 155.999
3.13015, 2.73071, -36.5738
5.64635, -21.4466, -108.592
5.60817, -300.437, 221.294
4.88216, 87.9038, -158.862
2.64188, 236.172, 236.094
3.21011, -52.2708, -145.488
3.15594, -96.0171, -248.577
3.31099, 141.622, -170.769
3.76529, -28.4901, 78.6563
4.77654, -298.932, 206.411
6.54472, 84.5921, -5.38772
3.57624, 9.49569, -134.23
3.75063, -53.5608, -123.275
5.02978, -146.515, -115.393
6.27922, -52.8074, -110.178
5.66369, 7.91942, 9.71824
5.9449, -135.653, -156.434
7.27207, -273.996, -139.495
5.18713, -158.563, 38.8284
4.57014, 51.3443, 164.716
4.70019, -43.0407, -131.328
6.07821, -172.554, -161.81
6.20858, 37.7627, -13.1226
5.12494, -273.152, 171.326
6.06711, 0.562629, -1.16734
5.91025, -65.5212, 22.8103
6.82941, -63.1777, 92.2013
3.19597, -50.2156, -193.247
3.57766, -371.658, 99.253
5.0733, 114.844, 153.621
4.83766, -143.664, -111.961
3.55759, -133.747, -7.72518
5.65244, 178.299, -185.43
2.5044, 125.122, -98.5401
4.09589, 138.696, -822.786
5.90281, -104.805, -229.736
6.0446, -195.039, -61.981
2.90869, 60.4048, -138.738
3.56926, -88.8738, 14.154
4.44412, 30.0228, 249.336
4.44927, -346.378, -225.198
3.92018, -71.9959, -30.2633
4.6123, -122.203, -116.715
2.55658, 320.381, 85.8011
3.72027, -115.548, -1.19792
4.49072, 160.915, -155.217
6.64177, 215.635, -20.7679
3.78584, -206.728, 82.1536
3.59705, 153.888, -89.4833
6.47385, -128.203, 45.9223
5.8476, -58.4911, -485.632
5.49108, 184.289, -193.785
5.99917, 81.7921, 15.8649
5.13062, 12.7336, -116.18
4.14833, -1.49961, -132.779
3.30844, -408.785, 38.1039
6.56633, 34.3463, -128.272
4.08004, -77.892, -133.471
4.05369, 39.1104, -9.40433
4.65424, -227.532, -134.239
4.46509, 120.943, 285.243
4.43916, -200.607, 34.9378
4.34871, 184.66, 216.432
5.88118, -217.148, 81.6982
6.10384, 109.146, -34.7414
7.20082, 12.5435, -217.347
5.08573, -27.7773, -14.1338
5.5282, 83.6201, 154.632
5.85049, 64.3701, -141.666
5.11404, -266.891, 146.769
3.87105, 150.253, -226.831
7.08924, -94.3832, 98.9663
3.73367, -187.031, 190.119
4.77876, -119.62, -312.75
3.30374, 156.21, -173.877
4.68319, 53.1211, 278.824
7.45767, -156.597, 45.5091
6.26931, -161.209, 83.663
4.97846, 83.0441, 160.401
7.01651, 9.87994, 89.2532
4.68213, -116.768, -111.768
5.09239, 161.931, -48.8045
4.44866, -176.06, 1.66625
5.63431, -35.24, -91.6015
5.19331, -276.925, -147.779
4.35955, -174.031, 219.621
2.54674, -80.7072, -10.6607
6.3794, 7.25093, 247.193
2.85317, 359.377, 220.474
3.98511, -268.716, 14.4697
4.78581, -149.992, 273.604
3.25156, 38.7914, -108.279
5.97819, -136.233, 295.846
4.15587, -289.733, -150.535
5.21197, -119.209, 41.9281
2.64678, -265.602, 219.76
5.38086, -41.1496, 89.6648
5.18133, -165.418, -80.3533
7.36678, 117.055, 230.937
5.57063, -147.87, -118.434
5.26431, -49.4835, 122.705
6.69051, 19.2849, -287.651
3.75764, 152.914, -132.014
6.98957, -90.9846, 25.8285
5.97428, -154.322, 100.361
5.82752, 296.721, 64.0035
3.06838, 347.491, 198.878
3.37987, 244.695, 540.473
2.91253, 124.549, -573.268
6.68103, -25.6406, -64.6465
2.64818, 101.423, -721.58
6.34719, 56.3723, 12.4242
4.29829, 151.28, -98.3683
6.24626, 68.5148, -246.448
6.28385, -96.2963, -108.22
3.60834, -139.845, 263.834
5.58305, -71.0481, -99.101
3.66846, 23.2066, 177.295
6.22052, 152.664, 89.7533
5.80997, 273.317, 295.889
4.9209, -73.7355, -3.34014
2.58972, -436.986, 313.627
4.98291, -78.0344, -65.2617
5.09587, 212.75, -53.622
4.71395, 352.563, 41.8355
4.14528, 186.663, -147.284
3.52671, -237.787, 60.5636
7.19863, -132.615, -74.399
2.85168, 356.592, -99.8403
3.30042, -29.6806, 330.785
6.70788, 25.9986, -67.3016
4.13614, 224.507, 159.94
6.85942, 26.1356, -376.56
5.99896, -129.892, -166.809
5.52801, -11.3484, -129.7
4.77536, 61.9499, 48.1296
2.91543, 538.96, -434.616
3.94883, 179.755, -74.976
6.51009, 261.692, 58.9831
6.81821, -75.4351, -40.5339
3.81831, -248.4, 199.996
4.79881, -115.58, 64.8687
4.95672, -106.415, 166.401
5.82344, 226.647, 19.7614
7.31738, 74.646, 212.241
7.23022, -156.94, -6.19743
2.81902, -269.185, 123.556
5.04829, 100.806, 195.311
6.13222, -82.4556, -217.316
5.65882, -114.106, -75.4792
3.26658, 121.704, 52.9735
5.09652, 353.369, 45.6835
3.52281, 285.623, -199.886
6.03231, -224.271, 90.8744
6.05786, 123.68, 280.424
3.66304, -18.0134, -83.0478
6.80594, -69.8788, -186.545
2.67122, 58.3975, -540.422
6.26587, 67.4754, -143.498
4.14789, -28.531, -77.9138
4.65309, 81.5255, 76.6483
7.33455, -23.7308, -156.353
4.05803, 54.3305, -11.9078
5.69762, -171.1, 115.962
5.95386, 53.5859, -85.8868
5.36403, -67.3822, -196.319
6.60667, -73.8323, 77.8931
4.21807, -66.9968, 16.5082
5.09387, 261.92, 176.304
6.78438, 67.1578, -43.7502
6.18587, -100.339, -21.9658
3.45992, 171.633, -214.719
2.83145, 24.8603, -4.75135
3.60828, -279.088, 94.343
3.33656, -59.2705, 146.02
6.31172, 1.79521, -35.2178
5.44905, 36.9316, -92.8358
4.65223, -312.64, -206.282
7.09618, -38.8272, -142.602
5.09668, -324.046, -110.345
7.38058, -78.2979, 62.314
5.15714, 221.461, 160.087
2.98716, 32.8537, 671.03
5.83983, -131.702, 49.8997
5.44444, -219.852, 62.3023
5.01137, 136.233, 153.179
2.75808, 115.309, -526.126
2.6753, 54.1878, 138.809
4.41484, 11.0529, 95.2083
5.55555, -75.0958, -82.8996
5.06574, -343.598, -172.379
5.98498, -103.845, -159.758
4.89891, 129.391, 112.096
3.88323, -169.962, -56.9748
6.01685, 88.395, 22.5159
3.67701, 28.3942, -330.553
6.41501, 105.409, 20.6695
6.60589, 132, -350.34
3.21842, -60.5712, -306.199
5.75757, 134.323, -166.719
3.87677, -283.099, 88.3001
7.26215, -332.416, 411.504
4.58238, 52.5834, 99.3886
3.03869, -30.5089, -6.95295
4.70633, 150.562, -178.675
6.28811, -34.5355, 46.5158
2.77803, 173.706, 299.67
3.51241, -86.3781, 117.404
6.82305, -181.998, 127.385
6.52456, 74.0527, -26.7565
2.78861, 108.4, 51.696
4.40304, 174.266, -63.5237
4.56124, -197.255, -112.33
2.80071, -106.892, -275.3
7.09746, -172.307, -194.003
3.35398, -134.728, -240.097
6.51634, 138.276, -101.946
3.88599, 75.8988, 112.356
4.44586, -558.41, 246.117
7.19936, -164.102, -319.262
6.24573, 22.8453, 55.2456
3.44774, -258.291, 315.253
6.89581, -165.389, 40.3546
6.8953, -172.678, 83.199
3.30515, -53.0605, 113.553
5.87346, 142.17, 164.322
6.89096, -147.169, 44.3704
6.98262, -236.488, 19.438
3.06535, -197.145, -238.388
5.93789, 148.995, 184.12
3.21651, -58.334, -39.1734
3.6901, -204.057, 63.0572
5.64383, -252.021, 27.16
4.312, -55.8305, -118.068
4.64437, -201.462, -163.448
4.91936, -211.242, 195.858
6.20379, 136.602, 112.117
3.23098, 116.103, -119.731
7.36238, 178.619, -27.1852
7.3158, 78.3447, 202.011
3.14741, -353.994, 393.324
5.3784, -58.4548, -58.8312
4.66439, -39.9577, 514.395
5.50066, 189.208, 184.008
5.85098, 156.146, 82.8967
4.5137, 21.233, -263.237
6.46691, -181.565, -161.645
4.89889, -46.0425, 222.666
5.72449, -285.48, -127.516
4.28836, -130.225, -109.58
5.96794, 127.853, 163.437
5.83428, 263.639, 255.46
3.22071, 107.164, -187.489
7.10415, 223.902, -5.01487
4.22228, 245.836, 212.584
6.66824, -11.917, -52.0039
2.74349, -207.837, 87.8344
3.27936, -421.372, 371.755
2.55765, 9.12577, -236.098
3.94327, 70.0783, -269.238
5.07295, 163.925, -10.3169
3.65948, -35.353, -269.297
2.75022, 166.704, -5.15449
5.33091, 190.075, 173.305
6.69774, -194.704, -253.037
4.28763, 108.19, 345.896
4.3452, -31.5521, -68.1384
7.22226, -293.759, -13.6414
4.72425, -62.0656, 158.044
6.82086, -27.4649, -172.511
5.82654, 183.509, 12.0379
5.79297, 49.8816, -412.376
7.10736, 145.681, -158.802
5.11536, -285.331, 177.301
5.45229, -381.493, 14.0237
5.79944, -131.215, -62.5035
4.24765, -209.227, 75.5661
4.11714, -158.988, -64.738
7.08984, -148.636, -118.314
3.08619, 24.2951, -14.4427
7.31268, -31.2899, -79.3049
5.17978, 120.148, -91.2861
5.81447, -158.235, -137.575
5.48362, 34.0334, 5.14374
6.93363, 374.503, 45.4453
6.67999, 123.792, 47.9128
6.69339, -152.122, 71.9294
6.85642, -111.674, 65.6206
2.5002, 378.088, -33.3959
4.77274, 44.6651, -61.1519
4.25696, 334.204, -95.0195
5.80713, -88.7861, -84.9034
6.22234, 205.393, -60.8395
3.3821, -169.213, -104.995
7.4621, -136.398, 181.059
5.95466, 165.128, -121.662
6.97862, -164.63, -18.483
3.51579, 464.553, 268.804
7.2356, 312.93, -24.4802
4.88476, 75.2805, -4.29825
6.78578, -283.47, 90.6801
6.41237, 78.9015, 56.4538
5.70687, -274.127, 151.421
3.14521, -53.6249, -47.3254
5.77944, -9.49178, -201.183
3.09199, -46.7189, 179.516
3.88793, -46.2112, -190.687
6.65548, 124.426, 115.548
6.14153, 354.481, 301.47
6.74348, -21.0528, 32.3534
3.43989, 193.427, 153.644
6.09602, -3.3601, -116.513
4.25586, -213.268, -18.4105
3.34555, 404.991, 178.342
4.52383, 201.412, 23.3216
4.20924, -158.976, -92.0217
6.67141, -181.053, -117.593
3.9111, -17.0487, -31.0275
5.16766, -489.916, -166.674
6.25085, -104.803, 123.503
4.62554, 91.9663, 130.467
4.66964, 263.568, -174.685
3.03022, -245.126, 164.36
6.4639, 205.874, 65.366
3.91232, 194.902, -13.2502
7.14264, 117.655, -125.525
5.37926, -95.4715, 105.163
3.4895, -215.813, 22.8314
5.99081, -147.763, -52.6536
3.07265, 300.805, 147.143
4.22945, 137.916, 17.9571
4.15646, 145.153, 72.2788
6.42735, 17.8074, 10.2936
6.65775, -165.243, 17.3298
4.21712, 86.5612, -249.128
4.2603, -57.7084, -159.056
6.38197, 70.0648, 9.52012
6.58658, -174.864, -367.166
4.26157, 258.836, -365.02
7.09559, 125.199, 202.444
3.2877, -31.7011, -113.929
5.56029, 129.444, -156.086
5.54222, 141.801, -85.709
3.16647, 158.206, 220.744
3.51409, 352.666, 251.157
4.79457, 183.172, -211.769
3.48759, 17.3894, -186.462
6.77118, 210.378, -68.8108
6.54562, 230.51, 77.6086
2.80131, 134.675, -239.28
6.50584, 128.147, -143.912
5.49597, -43.409, -60.4484
7.43182, 179.442, -21.0824
2.65919, -86.2709, -290.14
6.8356, -177.751, 156.932
3.69109, -18.1823, -185.107
3.6127, 514.846, -442.262
4.73907, 211.197, 143.229
2.61231, -184.172, 167.112
6.79755, 60.2765, 7.94907
4.15902, 343.065, -857.96
5.72195, -43.86, -109.512
7.43521, 360.885, 49.2986
5.30162, -168.318, 39.7014
4.74553, 141.484, 220.308
5.213, 98.5588, -45.9562
2.90797, -253.258, -181.586
3.99606, 609.32, 136.661
6.63964, -255.074, -159.087
6.48936, 144.601, -204.42
5.71048, -104.312, -97.548
4.84105, -72.7857, -182.607
7.15326, 189.404, 219.033
5.08798, 76.0407, 76.0072
7.42924, -284.763, 95.4899
5.94567, -9.9133, -111.177
6.19966, -42.4929, -51.9352
3.46323, -94.2917, -36.8727
6.08881, 127.504, -146.696
6.11146, -50.4846, -225.14
6.49298, -77.7862, -168.048
4.23216, 68.1963, 132.772
5.1481, 86.4473, 184.798
3.19001, -293.99, 31.2277
6.73218, 109.201, 192.433
6.32766, 119.638, -124.639
7.5, 8.29274, -12.6598
4.24891, -126.071, -154.594
5.50367, 201.108, -134.392
3.50808, 92.7039, 316.297
6.2385, -12.7882, 81.752
6.49225, -24.7556, -102.464
3.03505, -754.535, 491.307
5.35813, 188.562, 168.615
2.84683, -420.886, 249.164
4.16036, -90.6496, -208.577
5.80945, -116.317, -184.726
5.27726, 70.8751, -3.23666
7.12415, -65.4564, -153.092
2.69832, 153.945, -407.531
2.62083, 248.189, 255.962
4.61923, -336.701, 260.121
4.36987, -143.593, -99.725
2.93303, -229.986, -161.027
3.05403, -29.9558, 195.509
5.31992, 206.758, -19.2732
7.37269, -106.676, -48.2763
3.05066, 32.6634, -60.0881
5.99352, -209.458, -441.024
2.79674, 152.427, 96.4713
4.69755, 23.5291, -97.2984
5.24651, -163.132, -245.917
3.45129, -240.616, 122.333
7.36597, -131.232, -69.2017
3.19593, -121.96, 69.2981
5.48978, 45.4216, -81.0075
7.12812, 115.407, -313.818
3.91116, 24.8502, -229.595
6.8307, -63.726, 123.124
6.29598, 228.913, -33.3371
6.10793, -179.79, 9.1115
3.34241, 83.7635, 135.287
3.32882, -243.161, 255.899
3.39076, -71.8052, -1.65328
5.87226, -232.232, 0.210137
4.83484, 151.372, 89.3152
6.85219, 201.76, 153.481
5.76023, -6.36217, 203.091
5.80464, -182.906, -161.44
2.58037, 387.143, 222.159
4.30596, 304.938, 242.786
3.72747, -228.355, -415.02
6.93086, 412.999, 193.205
5.23701, -293.942, -15.5651
6.57209, 64.1225, -27.0595
5.24453, 31.5077, -414.584
4.16156, -1.6095, -96.5053
4.40213, -81.7546, 4.22677
2.52389, 14.0899, -92.6333
6.95226, -142.782, -11.7587
6.16955, 209.48, -185.543
6.04239, -118.158, -87.2984
5.1278, -97.075, 53.8787
6.41065, -23.8385, -52.0841
3.42484, 186.285, -47.8429
5.72673, -20.711, -47.912
3.42178, 117.058, 181.596
3.31214, 53.0208, -5.29168
2.65594, -209.531, -86.0992
7.42716, 67.7954, -171.247
4.04559, -30.3453, -75.898
4.11075, 111.196, 187.513
5.51155, -58.919, 4.09426
2.89107, -81.4477, 175.096
3.93936, -172.947, -113.905
5.79307, 156.627, 47.0185
7.36348, 185.868, 174.273
7.27758, -279.348, -151.449
7.42745, 37.1442, 63.9367
7.30478, 315.179, 199.141
3.0073, 78.4483, -263.639
3.71505, 164.93, 33.8084
6.91151, 49.7383, -142.342
5.28805, -11.3574, 11.5404
6.7669, -144.897, -182.015
7.49145, 154.295, -142.483
3.99751, -166.363, 471.846
6.33157, -241.815, -171.79
4.81901, -402.629, 15.0185
6.8168, 95.8844, 182.483
6.99018, -125.426, -25.2058
7.377, -121.509, -89.404
2.77405, -295.973, 49.4365
6.32605, -227.023, 85.5904
5.09219, 72.9474, -183.18
3.46574, -21.766, -239.645
6.98252, -254.544, 11.0562
6.38492, 186.355, -24.2724
2.75968, -53.7171, -105.377
7.47331, 67.5894, -168.526
5.93659, 209.401, -65.5181
5.94854, -156.08, -138.468
6.57666, 40.6113, -181.013
7.05426, 122.812, 149.464
3.34218, -48.234, 328.028
5.24183, -148.964, -110.345
6.53351, 106.285, 191.704
4.17803, -269.218, 2.51946
5.53435, 175.129, 121.381
6.59602, 62.5488, -84.3457
7.3485, 101.683, 20.2795
6.29349, -96.7166, 101.857
3.72113, 193.893, 127.744
5.80589, 219.711, -165.635
4.21574, -532.075, -207.82
7.27146, 104.042, -0.294228
2.60828, -100.743, 14.9011
4.54979, 230.296, -173.179
2.55789, 571.734, 77.2156
3.04964, 27.4212, 7.7507
5.28259, 122.346, -146.047
4.45466, 105.991, 130.891
7.20539, 7.22189, 106.844
2.55572, -4.54337, -430.849
6.22897, 121.013, -113.833
3.84293, -323.68, -51.489
4.27153, -3.89909, -134.783
3.45835, 179.108, -281.513
5.14832, -146.906, -115.223
4.39478, -20.9417, 10.0591
3.16407, 63.0267, 48.4334
4.26563, 335.612, -0.865088
4.2497, -301.727, -61.1842
7.41084, -133.05, -162.659
5.25961, 18.1027, -129.169
4.99918, 16.8414, -77.8017
3.58531, 198.077, -130.206
4.37311, -131.737, 175.286
6.78251, -542.286, -236.898
6.45578, -33.1622, -152.933
3.9204, 158.297, -131.377
5.07645, -198.788, -82.4057
6.79238, 226.146, 99.9196
7.07844, -15.4373, -73.6238
7.48941, -163.56, -365.34
6.53177, 54.4356, 29.8097
5.22718, 42.0583, 170.097
7.3461, 56.3966, 287.812
5.31931, 142.849, -102.942
4.03031, 116.607, -124.664
5.41853, -293.916, -34.3044
2.91197, -78.2152, -33.6392
5.47382, -180.952, 159.755
3.31968, -41.4343, -258.253
6.46527, 348.951, 201.452
2.95373, -54.7947, -240.618
6.3072, 76.6481, 30.2174
6.83996, 35.1057, 19.107
6.40105, -126.663, -105.501
6.61399, -277.269, -346.935
6.70974, 14.4997, -76.2812
4.48328, 21.3027, 37.5347
6.508, 34.0159, 80.4057
6.56811, -63.6975, 26.5547
5.43493, 195.141, 172.285
4.64621, 88.663, 52.477
2.5002, 64.169, 57.8885
5.31153, 141.63, -99.1768
6.22632, -127.738, 36.6884
3.89846, 63.3653, -49.2364
2.93406, 22.9163, -342.682
3.5733, -149.684, 93.644
3.93296, -5.25719, -328.137
4.86595, -270.646, 204.293
6.95893, -184.004, -170.893
5.91955, -73.7674, 191.216
3.54376, -68.0415, 176.716
6.67533, -39.6035, -39.4806
7.09218, -197.363, -231.44
4.48244, 165.171, 460.18
6.37858, -211.353, -276.752
5.68161, 112.107, -24.632
6.64746, -259.294, -53.3394
3.40204, -92.1031, 242.158
7.45927, -157.34, -0.674943
6.70558, -94.8362, -6.967
4.65177, -373.216, -276.868
4.38589, -228.945, -49.5498
2.70802, -16.3526, 169.449
6.80715, 56.9247, 36.2554
6.62116, -115.257, -3.78061
6.25052, -1.50882, -284.837
3.55801, -115.572, -169.044
4.31029, 154.538, 133.978
4.43545, 282.673, 249.396
7.32918, -145.17, -151.496
6.5872, -156.994, -312.085
4.5755, 184.326, -82.3811
5.83759, -72.6592, 14.5668
2.52101, -76.1456, -70.1761
6.98048, 203.244, -22.0904
3.68416, 81.9549, 127.753
3.79415, -5.2486, -39.418
5.4939, -203.768, -29.9695
6.89823, -90.7569, 128.385
6.16299, 356.088, 204.491
6.0773, -135.958, -197.248
3.57724, 309.446, -80.3531
6.30413, -232.791, 62.9014
3.85351, -72.5889, -182.146
2.75246, -71.5152, -179.994
4.78866, -78.767, -146.202
2.58759, -268.541, 135.215
3.01129, -140.842, -16.5937
2.639, 83.46, -154.605
5.65921, 5.64438, 32.4633
6.34425, 137.892, 23.8926
2.74132, -350.048, -0.586846
6.6924, -67.1383, -42.243
6.76899, 148.955, 166.004
6.57649, 229.895, -156.5
6.85188, -127.107, 153.755
5.27222, 135.815, 190.559
6.12646, 121.67, 154.323
3.20424, -175.943, -161.835
6.6115, -221.387, -7.70582
5.51185, -76.8897, -85.7149
4.93856, -295.081, -22.173
6.14942, 58.7564, -293.791
4.05164, -272.693, 188.878
3.93925, -32.5019, -37.1946
5.45857, 128.682, -196.915
5.34055, -192.451, -105.902
5.41059, 569.867, 55.4303
2.84132, 144.042, -157.652
4.34304, 247.491, 162.12
6.28475, 23.4613, 100.33
6.35297, 467.579, 216.829
4.27217, 72.9313, 203.519
5.98913, 109.944, -124.089
5.08005, 105.561, 44.3898
5.94494, -52.5078, 96.1793
6.18066, -227.158, -470.209
2.56231, -189.448, -88.8798
7.16549, -0.316193, -41.7766
5.37826, -30.0976, -48.0015
3.05587, 596.566, 231.405
4.87388, 15.1953, -76.3481
3.24247, -37.7834, 80.2974
4.22594, -522.677, -198.665
7.04476, 141.086, 18.7636
4.54571, 68.2672, -251.61
5.96642, 121.053, 142.852
3.35865, 80.1991, -41.9041
6.21715, 111.508, -39.8937
4.16319, 96.8189, -133.023
4.62157, -113.918, -60.0173
2.79523, 187.325, 5.4755
5.09005, -117.42, -103.715
5.94425, -76.6188, 256.936
5.01149, -48.8094, 111.248
6.56617, 73.1185, 12.2469
3.07974, 101.271, -60.9281
5.24841, -110.825, -314.491
5.06046, -46.173, -33.8713
6.02649, -186.753, -157.327
5.65083, -4.51467, -186.862
4.0207, 120.948, 0.38484
6.74719, -27.1458, -65.6881
3.39619, 18.6007, -95.3503
2.61737, 235.205, -24.9023
4.19467, -88.9062, -115.998
3.43818, -167.487, -192.197
6.60467, -96.1978, 57.1356
6.72507, -15.953, 202.004
6.78031, -218.736, 87.7903
7.37454, 158.003, -197.1
2.99587, 8.87099, 54.0339
2.56182, 210.453, 267.663
2.58614, 316.892, -605.958
2.64527, -133.769, -153.801
4.1031, -109.919, -52.4
6.17815, 126.326, -64.2965
3.14876, -256.202, -78.4894
2.5161, 70.1678, -151.893
6.91905, 100.279, -8.89677
3.70482, -62.9392, 142.194
4.38481, 89.2946, -254.701
4.44879, -11.2591, -50.177
2.81534, -259.483, -172.006
7.30792, -76.8218, -19.5681
3.75349, -179.212, 234.733
6.85376, -31.4881, 2.431
2.85991, -37.1143, 340.577
2.70653, -328.315, 400.868
3.46378, -209.451, -7.22544
3.86708, 31.9068, -385.321
7.4007, 171.118, -27.2658
3.60607, -10.2985, -10.6221
6.43119, 119.068, -175.938
4.42306, -86.8769, -179.651
3.78593, -355.267, 247.232
3.91087, 138.96, -62.9609
7.33834, -407.292, 108.173
4.22841, 291.026, 377.371
3.45922, 139.237, -29.002
5.05037, 85.2072, 141.747
5.21857, 121.655, 71.1034
5.72333, 86.5331, 32.5015
3.89738, -143.042, -115.928
3.41887, -86.2755, 165.766
2.71579, 57.0036, -162.123
3.98408, 162.146, 193.661
4.25548, 111.105, 152.16
7.09372, 195.794, -178.648
5.81225, 10.755, -135.827
5.08041, -179.995, -77.2591
4.03763, -481.581, -209.472
3.0007, -28.7199, -8.53062
3.47502, 104.957, 274.532
4.11407, 124.351, 275.768
5.56182, -142.786, -135.18
5.13511, -311.394, 163.136
3.45653, 128.545, 186.356
4.7178, 469.71, 275.992
4.48693, 305.907, -83.1347
6.28051, 51.1102, -108.754
6.6213, -185.035, -274.366
5.51573, 205.988, 300.268
3.04573, -15.0873, -34.9676
4.11797, -215.116, 21.7338
5.03403, -45.6581, 0.781808
4.76521, 152.61, -74.0079
4.77315, -145.682, -86.3323
4.91125, -158.819, -190.014
5.07896, -412.203, 174.915
4.50207, -73.9865, -413.289
4.22945, -155.017, -138.709
6.64533, -369.238, 90.4362
3.02204, 161.62, 378.047
6.40057, -145.148, 119.458
3.19919, -11.1012, -120.26
2.62171, 159.089, 230.456
6.0664, -208.754, -40.1703
7.15538, -43.9886, -3.12909
7.47667, 23.2962, -35.1837
3.86264, 194.283, -62.5952
3.6923, 44.3735, 167.468
3.87328, 48.7365, 369.53
5.70836, 408.31, 223.976
5.17637, -94.5226, -132.194
6.8967, -272.719, 295.231
6.75968, 273.146, 286.279
2.98004, -1.32322, -149.186
4.66818, 254.438, -90.6963
3.17045, 48.2398, 11.5589
5.86802, 21.2266, 91.0851
5.34964, 77.0564, 86.7791
3.66474, -11.5411, 243.109
5.50306, -12.8113, -105.066
2.6551, 220.422, 272.738
7.08512, -9.20964, -86.1756
3.82958, -252.202, -198.268
6.50016, 20.4975, -3.55046
5.46389, 76.9122, 26.635
5.0822, 7.68563, -78.7459
5.2567, -46.1089, -40.8709
3.47225, 309.454, 526.605
5.36152, 125.144, -0.525249
3.81992, -102.569, -264.629
4.41648, -112.982, 19.2808
2.73626, 335.687, 242.704
4.22823, -139.147, 66.5274
3.61594, -477.973, 540.642
3.81264, 88.7458, -31.0701
3.05141, -67.3061, -169.176
7.40088, 18.5907, 82.0037
5.93794, -155.157, -237.574
5.82158, 91.5174, 137.203
5.99501, 94.1811, 129.69
2.68746, 187.503, 25.8663
3.6706, -75.76, 15.3427
3.95397, -124.32, -221.234
3.50543, 67.1892, 129.454
2.7177, -237.808, -78.4295
2.56571, 138.675, -130.456
6.07297, 281.932, -191.333
6.88348, 314.107, 202.857
5.35088, 107.231, 102.418
6.92743, 398.702, 353.142
5.20042, 4.5339, 213.729
3.31357, 6.30661, -46.6282
3.30492, -41.6669, -174.099
7.19182, -11.061, -79.1139
3.45628, 162.497, -22.6696
3.15761, 157.22, 43.0237
4.41122, 79.1531, 11.6944
6.12674, -219.621, 58.4438
2.50651, -341.881, -170.942
4.60222, -89.9772, -13.4568
5.18984, -215.85, -143.137
4.86596, 79.1924, -289.435
6.33003, -346.067, -81.6588
2.9396, -19.5776, 218.561
7.04284, 30.0095, 29.104
3.20818, -87.7261, -724.852
2.54782, -145.362, 59.707
2.82267, -30.3138, -2.62812
4.96742, -125.338, 36.9003
5.40914, -189.932, -161.46
4.03373, 156.389, -382.379
4.57091, -59.6713, -164.738
4.33401, 90.8684, 82.5111
3.42687, 35.294, -485.75
2.76788, 26.0093, 113.921
4.47222, 26.9586, -94.8352
3.98388, 55.0806, 119.592
5.05388, 216.023, -11.9486
3.75392, 134.835, 1.93617
5.01589, -202.079, -139.386
2.51168, -141.133, -65.5869
7.01807, 30.5324, 10.4786
2.79181, 262.305, 290.398
5.17506, 86.6519, -163.215
3.95754, -140.176, 26.2236
7.3023, 160.574, 201.118
4.73406, -133.372, -134.49
5.08479, 0.769598, 39.5479
5.93861, 80.3546, 90.1565
2.72187, 93.7712, 54.4967
7.2946, 99.0387, -83.9656
5.70852, -86.106, -202.95
2.80215, -23.3571, 0.600055
3.33964, -49.7934, -63.5827
5.76491, -49.2841, -57.0203
6.19864, 375.498, -32.4917
3.57011, -113.327, -247.611
4.31441, 81.0334, 340.461
6.56981, 172.754, -185.39
5.32057, -87.9429, -3.16944
7.45886, 78.3526, -78.8107
6.5669, 245.763, -168.299
3.49157, -27.6517, -43.1135
2.50003, -91.4489, -13.2242
4.62608, -182.524, 153.74
4.07406, -25.6653, -99.5521
5.56218, 26.2101, 96.1303
3.83351, -9.17323, -94.9027
4.39881, 31.8007, 57.2388
5.43397, -303.814, -488.947
5.95636, 168.025, -89.3394
7.26736, -23.676, -29.1048
4.89785, 152.391, -125.051
3.60319, -670.181, 158.266
5.33741, 203.639, 213.675
6.09873, -10.7824, -48.7041
4.4953, 110.844, -94.9841
3.48326, 178.211, -205.647
6.66971, 158.207, 56.2451
5.59561, -134.042, 263.622
7.26866, -3.7549, 121.479
3.23222, 40.6443, 33.5498
5.38953, 82.0642, -50.2963
7.26796, 168.295, -150.72
3.62331, 238.443, 16.0678
7.25137, 140.687, -83.7364
3.07874, -318.035, 201.858
2.58372, 22.8597, 110.06
3.90465, -11.6842, 54.1004
7.15042, 65.9062, -119.443
3.04796, -252.152, -165.62
6.77266, -134.188, -206.368
5.68532, 223.237, -68.1927
5.63853, -222.56, -10.571
3.80589, 10.8856, -267.678
5.13936, 192.569, -134.812
7.16608, -11.8784, -268.039
3.98055, -255.961, 82.9727
4.78006, -336.1, -476.134
6.35659, 142.939, -241.989
4.17193, -55.4188, -847.534
6.31775, 97.2707, -71.9029
6.65892, -186.518, -146.57
2.64618, 167.539, -315.655
4.31315, -407.865, 102.339
4.16221, -214.792, 0.581719
3.17675, 97.9603, 146.937
3.00839, -129.736, -5.9614
5.11327, 144.258, -115.681
3.52046, 129.697, -98.6712
5.00728, 101.816, 99.1027
5.1371, -62.618, -130.392
4.13422, 343.993, -131.819
4.75888, 112.602, 34.557
6.85263, 210.964, -232.522
4.72884, -223.536, -194.127
6.03726, -186.928, 240.866
6.83171, -204.335, 129.964
6.5822, -217.754, -24.6591
2.67504, 386.645, 217.95
3.8644, 326.773, 65.7083
5.21858, -32.3151, -83.0539
3.19942, 201.343, -63.7644
5.57408, -50.0849, 29.4701
3.29182, 177.838, 132.003
4.41129, -218.108, 45.5929
5.94997, 2.95944, 141.437
3.21128, 198.934, -172.381
5.65284, 124.264, -187.289
3.15973, -71.3472, -441.613
7.13583, 162.918, -54.0602
5.53465, 140.243, -231.925
5.50388, 261.313, -39.2969
3.33635, -84.3129, 253.526
3.301, -84.8986, -720.339
5.91628, -7.47615, 43.453
5.1456, 73.2219, 95.9533
3.65264, -166.11, -357.048
6.55373, 170.247, 171.74
5.76477, -51.4071, 3.48864
4.08597, 340.194, 102.844
2.53953, 301.553, -0.0897304
3.49176, -139.463, -405.726
3.78831, -373.799, -49.8014
3.03825, -362.515, 135.729
3.49545, -70.2078, -108.522
6.75079, 119.24, -56.1934
6.63912, 153.87, -48.1359
6.76813, 270.122, 295.076
5.71027, 153.015, -281.08
3.6787, -228.821, 96.9161
6.80638, 0.221157, 14.028
5.4745, -132.847, 42.7948
2.52745, -531.857, -353.769
6.84925, 272.726, 294.942
7.37729, -127.26, 39.0629
5.59653, -185.628, -126.85
3.85574, 130.138, -140.354
7.46973, 44.8119, -22.409
4.60751, 230.701, -3.2427
4.20537, 252.341, 296.811
4.80717, 77.2838, 40.4701
4.44822, -120.713, -105.765
4.613, -160.343, -125.132
2.84879, 160.957, -48.0809
5.5153, -35.41, 48.778
7.36114, 16.1038, 29.1409
5.07406, 327.578, 192.104
7.45461, -4.67056, -46.0898
5.84906, 10.9858, -105.621
4.01716, 275.15, 175.9
3.47371, -129.433, -215.077
4.0109, 102.53, 120.862
4.93946, 48.2936, -150.392
4.72438, -286.741, -173.035
5.7844, -45.1887, -87.2471
3.74227, 304.223, 241.55
4.72007, -209.583, -108.672
5.75894, 56.9275, 84.0567
6.67472, 183.569, -322.961
6.03698, -79.7402, -224.261
4.93928, 125.043, 443.616
6.72039, -298.965, -3.53963
7.00296, 123.527, 139.815
6.33082, 351.574, 125.95
5.29453, -304.217, -248.723
2.70603, 167.18, 67.8886
5.46749, -248.495, 52.4245
2.68674, 112.328, 64.568
4.53488, -28.7933, -31.5307
2.84243, 343.825, -142.434
7.38558, -27.3231, 34.6382
2.5956, 529.527, 308.056
6.60363, 107.901, 198.005
5.2195, 37.6582, -33.1063
5.72828, -330.975, 160.832
3.62934, -4.68048, 83.3099
2.733, 304.68, -467.784
3.63154, -98.0718, -44.2328
4.58371, 187.515, 297.87
6.40126, -133.577, 280.979
3.72852, 55.0808, -80.4412
4.81411, -61.0455, -212.64
6.14756, -291.674, 20.7833
5.35237, -197.853, -7.40296
5.45997, -133.542, -156.823
4.98425, 222.757, -138.404
3.951, -42.7812, -179.976
4.71107, 157.973, -59.3647
2.53669, 104.856, -216.63
7.41683, -16.5699, -172.268
2.52822, 73.5922, -12.452
4.8676, -175.289, -268.423
5.86497, 112.722, 136.999
