6.27803, -2258.41, 1244.04
3.5948, 146.693, 1365.18
5.89648, 764.734, -249.564
5.09708, 167.565, -53.9022
2.76731, 4007.93, -4189.91
2.53849, -1120.61, 1215.11
4.58743, 5648.08, 3323.48
7.15218, -16.0727, -59.8795
2.95982, -431.631, 728.705
6.00595, 541.865, 335.92
3.81226, -31.6426, -156.974
4.14117, 200.838, 157.537
7.45519, 236.641, 83.6919
7.41275, 17.0204, 75.2027
5.75759, 788.599, 109.941
6.92354, 115.691, 3.80124
6.33247, 72.3968, -54.7555
3.87453, -1768.89, -516.937
4.93259, -1052.36, -787.783
2.80282, -5076.75, 1158.75
5.08146, 359.933, -6.71636
4.96988, -3581.63, 1254.77
7.23882, 116.777, -144.93
4.42071, 183.572, -56.9801
5.14874, -2824.09, 786.897
2.75042, -310.616, 3647.27
6.63909, -489.05, 85.1535
5.94228, -438.206, -267.205
6.18112, -254.851, -72.431
6.94286, -2772.41, -2527.64
4.25508, -256.502, 556.712
6.72991, 243.747, 162.442
3.84659, -330.811, -207.928
4.83959, -53.513, 324.409
3.2686, -6.24191, -263.674
2.66527, 232.296, 472.669
7.2768, -1320.73, -925.844
6.95369, 271.09, -634.015
3.29884, -1010.59, 222.005
3.15214, 234.208, 49.0091
2.515, 2298.22, -366.118
6.0491, -117.151, -222.426
3.40448, 1228.93, 222.351
5.76029, -16.9756, 231.348
4.42907, 561.268, 281.745
3.23766, 1107.73, 1366.34
5.45054, 29.8021, -245.252
3.24076, 2210.59, -1086.36
3.2091, -1851.04, -1146.89
4.94257, 447.205, 72.4186
3.13015, -675.907, -476.335
5.64635, -265.678, 119.648
5.60817, 219.314, 12.2676
4.88216, 2525.18, -3492.12
2.64188, 613.954, 554.648
3.21011, 3095.26, -521.056
3.15594, -172.114, -326.728
3.31099, 1223.21, -1885.83
3.76529, -772.896, 168.308
4.77654, -3469.21, 1835.08
6.54472, 283.028, 290.971
3.57624, 191.994, 32.8203
3.75063, -67.8428, -136.007
5.02978, -432.204, -954.78
6.27922, 116.488, -2.16962
5.66369, -1186.35, -2568.1
5.9449, -1884.7, -1311.38
7.27207, 53.1036, 40.5483
5.18713, 3582.36, -1822.33
4.57014, 76.4106, -895.753
4.70019, -331.76, -541.211
6.07821, -1459.23, -1629.37
6.20858, -1946.74, -1591.25
5.12494, -2455.2, 2045.75
6.06711, 128.986, -166.592
5.91025, 5.19762, -52.9999
6.82941, 1674.6, -1278.23
3.19597, 742.178, 1404.47
3.57766, 73.871, 92.9508
5.0733, 710.066, 1365.79
4.83766, 150.094, -171.481
3.55759, 2645.43, -2702.99
5.65244, 314.079, -192.402
2.5044, 2109.67, -3023.34
4.09589, -500.003, -2340.06
5.90281, 79.9495, -84.7216
6.0446, -156.592, 15.4703
2.90869, 524.504, 214.085
3.56926, -787.958, -244.761
4.44412, 401.907, -93.9759
4.44927, -2935.15, -1033.49
3.92018, 199.591, -152.621
4.6123, 129.709, 19.9714
2.55658, -972.567, 24.6947
3.72027, -3728.16, 2018.56
4.49072, -1349.03, -2689.66
6.64177, -481.464, -316.646
3.78584, -296.727, 638.086
3.59705, -1230.59, 69.7562
6.47385, 73.1581, 27.2757
5.8476, -343.156, 172.439
5.49108, 181.147, -332.541
5.99917, 2052.51, 1237.39
5.13062, 222.091, 71.8489
4.14833, 270.017, 529.844
3.30844, 3943.77, 674.298
6.56633, 72.725, -71.0353
4.08004, 397.683, 394.19
4.05369, -417.57, 114.612
4.65424, 50.3596, -194.944
4.46509, -148.818, 268.475
4.43916, 295.481, 0.483776
4.34871, -82.3502, 743.076
5.88118, 340.581, 218.015
6.10384, 565.284, -83.322
7.20082, -1884.03, 574.375
5.08573, -58.263, -19.077
5.5282, 545.316, 345.387
5.85049, 1222.12, -1880.32
5.11404, 151.135, -121.061
3.87105, 531.417, -606.437
7.08924, 75.3309, 18.5563
3.73367, -74.354, 19.1079
4.77876, 273.224, 863.373
3.30374, -6.978, -233.784
4.68319, 291.661, -56.1652
7.45767, 58.4642, -130.181
6.26931, 2585.22, -2703.17
4.97846, 147.109, 115.546
7.01651, 65.0252, -13.561
4.68213, -762.982, 86.1316
5.09239, 1633.69, -1388.13
4.44866, -1422.54, -2165.86
5.63431, 103.929, -171.164
5.19331, 15.7461, -37.4467
4.35955, -158.011, 722.865
2.54674, -374.739, 186
6.3794, 358.087, -167.555
2.85317, -456.782, -470.276
3.98511, 168.05, 472.599
4.78581, 425.177, 107.131
3.25156, -136.979, 34.2983
5.97819, 160.676, -235.42
4.15587, -427.869, -440.441
5.21197, -2272.08, 4042.51
2.64678, -2491.73, -1340.19
5.38086, 17.6942, 259.313
5.18133, 503.955, -229.171
7.36678, -434.383, -4.18191
5.57063, 206.631, -39.2019
5.26431, 1845.44, -3074.03
6.69051, 1158.52, 220.44
3.75764, 4.58598, -535.681
6.98957, 165.758, -179.996
5.97428, -61.6699, -55.2459
5.82752, -121.708, 1873.51
3.06838, 36.2583, 118.843
3.37987, -897.291, -790.882
2.91253, -1015.68, 1773.96
6.68103, 242.277, 182.545
2.64818, -38.7601, 2401.84
6.34719, 556.449, -202.525
4.29829, 254.209, -2581.26
6.24626, 669.865, 12.5151
6.28385, 105.547, 19.8672
3.60834, 2138.8, -864.45
5.58305, -0.231197, -66.3731
3.66846, -415.89, 115.564
6.22052, 31.9918, -2536.85
5.80997, -416.884, -786.576
4.9209, -2341.04, 4091.83
2.58972, 743.043, -73.4158
4.98291, 115.65, -106.08
5.09587, 102.204, -29.917
4.71395, 717.271, 2400.16
4.14528, -1865.21, 905.203
3.52671, 188.951, -121.928
7.19863, -116.827, 1315.83
2.85168, 1089.69, 2097.35
3.30042, 506.773, -398.758
6.70788, 430.144, -777.585
4.13614, 203.191, -454.169
6.85942, 992.977, 199.22
5.99896, 236.847, -52.2952
5.52801, -128.106, 253.382
4.77536, -48.7673, 33.446
2.91543, 775.326, 859.716
3.94883, -2416.87, -871.349
6.51009, 91.9212, -33.4256
6.81821, 142.634, 457.147
3.81831, -3264.86, 256.871
4.79881, -496.642, -340.104
4.95672, -15.0425, -216.408
5.82344, 1237.95, -1919.57
7.31738, 143.625, -200.539
7.23022, 428.479, 205.057
2.81902, 1351.86, -395.426
5.04829, -891.569, -394.589
6.13222, 423.57, -22.8918
5.65882, 142.139, 78.7535
3.26658, 213.503, -171.35
5.09652, 718.177, 2404.41
3.52281, 4006.84, -1301.7
6.03231, 411.83, -27.9145
6.05786, -769.09, 4253.87
3.66304, 222.283, -610.241
6.80594, -115.439, 21.6482
2.67122, -880.688, 85.2845
6.26587, -298.441, 24.8175
4.14789, -256.963, -295.396
4.65309, 3580.03, -830.195
7.33455, 403.903, 279.095
4.05803, -1467.07, -1312.37
5.69762, -4180.73, 3.43019
5.95386, 115.178, 0.23428
5.36403, 395.529, -194.416
6.60667, -2270.35, 4039.09
4.21807, -2596.62, 1110.81
5.09387, 402.209, -194.44
6.78438, 356.441, -327.691
6.18587, 623.905, 1048.9
3.45992, -275.92, 171.736
2.83145, 115.122, -15.72
3.60828, -3046.98, 1901.06
3.33656, 34.0794, -95.0619
6.31172, 254.247, -41.7987
5.44905, 1176.42, -1684.53
4.65223, -4360.66, -392.069
7.09618, 1603.98, -219.447
5.09668, -483.334, -1048.62
7.38058, 28.8258, 32.6006
5.15714, 207.409, -452.099
2.98716, -927.197, 1047.62
5.83983, -463.502, -538.928
5.44444, -541.923, 2102.68
5.01137, 419.123, 134.425
2.75808, 831.793, 985.074
2.6753, 39.0255, -114.351
4.41484, 287.607, -48.5356
5.55555, -1868.59, -2259.35
5.06574, -4359.8, -389.584
5.98498, 70.0047, 178.053
4.89891, 118.575, -153.486
3.88323, -4358.76, 69.7664
6.01685, -174.999, 2287.66
3.67701, 17.1804, -174.459
6.41501, 188.64, 58.2187
6.60589, 1250.05, 137.695
3.21842, 2670.72, 2454.9
5.75757, 282.785, -51.4765
3.87677, -443.706, -1221.74
7.26215, 1969.49, -1062.75
4.58238, 160.233, -229.386
3.03869, -376.337, -118.079
4.70633, -13.1647, -0.512643
6.28811, 56.4111, -152.465
2.77803, 445.478, -18.92
3.51241, 152.24, -154.75
6.82305, 10.598, 56.7321
6.52456, -129.831, 72.2951
2.78861, 461.536, 1683.89
4.40304, 218.079, -106.312
4.56124, -209.22, -408.243
2.80071, 623.11, -2.43118
7.09746, -1095.88, -1046.78
3.35398, 89.3072, -52.726
6.51634, 256.177, 79.0637
3.88599, 1127.19, -419.447
4.44586, 234.1, -171.759
7.19936, -1634.45, 590.522
6.24573, 124.499, 2296.24
3.44774, 2806.09, -3022.42
6.89581, 220.041, 93.6095
6.8953, 129.822, 30.634
3.30515, -64.404, -640.413
5.87346, 945.21, 359.758
6.89096, -77.7732, -68.0884
6.98262, -664.741, 2832.84
3.06535, 98.2734, -134.801
5.93789, -687.542, -690.886
3.21651, 703.58, -140.204
3.6901, 460.043, -121.473
5.64383, 2258.25, -1527.6
4.312, 60.7422, -215.655
4.64437, -1434.59, -1265.87
4.91936, 1320.99, -1451.94
6.20379, 56.7045, 833.133
3.23098, -83.5046, -167.805
7.36238, 75.5191, -4.58533
7.3158, 318.533, -64.7223
3.14741, 2107.1, -1400.08
5.3784, 205.12, 10.5274
4.66439, 522.948, 268.164
5.50066, 105.341, 15.2819
5.85098, -13.608, 218.082
4.5137, -2412.53, -783.069
6.46691, -1466.28, -1366.2
4.89889, -2625.65, 1471.74
5.72449, -681.011, 696.274
4.28836, 4095.77, -679.424
5.96794, 142.538, 273.227
5.83428, -282.132, -314.8
3.22071, 409.282, -168.564
7.10415, 11.7983, 92.226
4.22228, 953.076, 2972.29
6.66824, 184.844, 50.7098
2.74349, 116.196, 73.5728
3.27936, 1042.88, -1555.39
2.55765, -32.6891, -35.0649
3.94327, 276.428, -128.649
5.07295, 529.552, -452.293
3.65948, 727.466, -2749.02
2.75022, 500.216, 552.757
5.33091, 38.3517, -68.474
6.69774, -261.839, 254.244
4.28763, -287.288, -445.958
4.3452, 15.2153, -647.429
7.22226, -60.2387, -3.87567
4.72425, -1451.93, 224.192
6.82086, 274.963, -109.888
5.82654, -35.9807, 699.967
5.79297, 333.033, -110.204
7.10736, 2130.38, -1594.19
5.11536, -2452.76, 2050.03
5.45229, 284.659, 241.841
5.79944, -289.295, -2175.1
4.24765, -1470.49, 950.355
4.11714, 72.5879, -300.305
7.08984, -11.7068, -393.831
3.08619, -3596.7, 1272.14
7.31268, 519.548, -137.04
5.17978, 61.0012, 277.832
5.81447, 1024.36, 372.213
5.48362, -3669.2, 1672.76
6.93363, -363.721, -1045.89
6.67999, 121.704, 22.1739
6.69339, 148.067, -218.246
6.85642, 223.904, -371.867
2.5002, -124.199, 1858.16
4.77274, -494.605, -1649.85
4.25696, 1661.07, 47.6227
5.80713, 3547.83, -2823.47
6.22234, 727.102, -268.451
3.3821, -793.334, -3213.7
7.4621, -1094.65, 1354.01
5.95466, -588.148, 94.9637
6.97862, 217.18, 290.119
3.51579, -1173.52, -295.732
7.2356, -151.573, -23.8257
4.88476, -3411.75, 1789.37
6.78578, -3051.01, 1901.11
6.41237, 536.588, 345.855
5.70687, -2386.48, 2309.8
3.14521, 262.291, 803.607
5.77944, -14.7225, -160.809
3.09199, 101.979, -91.5822
3.88793, 2204.12, 491.84
6.65548, 251.11, 2099.57
6.14153, 2826.28, 3614.74
6.74348, 3146.99, -2348.12
3.43989, -801.487, -473.681
6.09602, 74.1687, -130.807
4.25586, 155.083, 142.952
3.34555, 144.134, 180.086
4.52383, -3333.92, 426.62
4.20924, 173.923, 4.54154
6.67141, 115.413, -250.781
3.9111, -2528.22, -4098.04
5.16766, 2557.32, 1556.04
6.25085, 703.756, -1246.32
4.62554, -220.323, 127.118
4.66964, 1351.11, -32.0632
3.03022, -2669.89, -1692.15
6.4639, -18.5933, 80.8021
3.91232, -218.264, 288.184
7.14264, 2816.62, 4117.7
5.37926, 139.534, 8.3275
3.4895, 433.967, 144.333
5.99081, -312.728, -253.145
3.07265, -613.563, -110.509
4.22945, 149.168, 691.466
4.15646, 51.6744, -160.011
6.42735, -3664.44, 1667.79
6.65775, 301.024, 87.1715
4.21712, 862.841, -408.578
4.2603, -450.647, -82.5347
6.38197, 135.851, 291.623
6.58658, 803.741, -258.275
4.26157, 102.456, 420.146
7.09559, 37.5972, -103.216
3.2877, 465.592, 333.386
5.56029, 952.914, -164.482
5.54222, 177.667, -136.888
3.16647, 2120.05, 2319.47
3.51409, 2593.95, 3610.14
4.79457, -144.444, 125.601
3.48759, -682.429, 1214.64
6.77118, -83.0236, -255.168
6.54562, -208.199, -333.528
2.80131, 1806.73, -1389.67
6.50584, 1171.38, -3389.17
5.49597, 275.768, -188.912
7.43182, 151.564, 47.4929
2.65919, -951.582, 286.434
6.8356, -2260.3, 2749.64
3.69109, -235.918, -361.822
3.6127, 865.233, 504.433
4.73907, 4529.48, 2106.75
2.61231, -220.831, -157.554
6.79755, 160.81, 55.287
4.15902, 445.484, -3098.93
5.72195, 762.616, -142.988
7.43521, -422.597, -56.2524
5.30162, 266.05, -34.1789
4.74553, 164.591, -91.9021
5.213, -47.5939, -115.313
2.90797, -684.346, 293.811
3.99606, 1389.75, 2091.21
6.63964, -2716.16, -525.503
6.48936, -2844.66, 1135.74
5.71048, -178.194, 0.469161
4.84105, 142.395, -329.72
7.15326, 579.133, 1739.99
5.08798, -225.387, 168.432
7.42924, -2956.52, 1883.71
5.94567, 100.889, 193.774
6.19966, 282.13, 298.523
3.46323, 1216.28, 1137.95
6.08881, 2087.86, -1354.3
6.11146, 1090.65, 331.521
6.49298, 60.2719, -116.27
4.23216, -3465.89, 277.539
5.1481, -835.158, -379.336
3.19001, 1073.46, -747.433
6.73218, 162.384, -144.096
6.32766, -739.317, -463.767
7.5, -3646.42, 1678
4.24891, -5054.72, -1711.92
5.50367, 1036.95, 18.2936
3.50808, -288.407, 2566.69
6.2385, -2538.49, 427.514
6.49225, -310.269, -300.495
3.03505, -262.83, -653.175
5.35813, 132.803, -2.00473
2.84683, -3552.51, 1238.41
4.16036, 314.098, -288.543
5.80945, 45.7196, -284.995
5.27726, 376.1, 2775.13
7.12415, 60.9859, -389.315
2.69832, 219.461, 2004.88
2.62083, 974.409, 1113.57
4.61923, 392.793, 117.904
4.36987, -779.891, -77.9731
2.93303, 2382.63, 2333.13
3.05403, 415.25, 269.672
5.31992, -3263.22, 111.567
7.37269, 126.157, -6.2528
3.05066, 17.1716, -2748.29
5.99352, -2185.73, -2421.48
2.79674, 244.294, 1164.11
4.69755, -244.367, 131.557
5.24651, 482.359, 191.572
3.45129, 107.216, -207.951
7.36597, 379.698, -68.3262
3.19593, 245.886, -186.304
5.48978, -2231.84, 300.573
7.12812, 151.04, -218.512
3.91116, -366.465, 42.9859
6.8307, -16.3363, 78.5415
6.29598, 911.108, -1226.08
6.10793, 389.911, -137.236
3.34241, -77.0032, -594.795
3.32882, 601.209, -1830.94
3.39076, 312.713, -119.393
5.87226, -11.5175, -222.759
4.83484, 428.265, -28.001
6.85219, 326.841, 237.156
5.76023, 404.453, -119.725
5.80464, 1020.88, 381.64
2.58037, -179.997, 585.355
4.30596, 3897.14, 2266.1
3.72747, 240.88, -650.424
6.93086, 594.082, 924.508
5.23701, -4900.2, 80.4547
6.57209, -214.162, -406.913
5.24453, -871.953, -181.931
4.16156, -155.996, 154.755
4.40213, -1347.02, -2346.65
2.52389, 754.01, 116.052
6.95226, 38.3165, -131.645
6.16955, 406.25, 108.995
6.04239, -573.364, 222.684
5.1278, 1541.52, -1955.67
6.41065, 205.641, -369.926
3.42484, 304.796, 20.27
5.72673, 231.045, 0.95544
3.42178, 323.165, -6.24345
3.31214, -1197.02, 604.681
2.65594, 1225.93, 1048.15
7.42716, 182.72, -129.656
4.04559, 58.7379, 67.027
4.11075, -436.394, 60.0444
5.51155, 224.82, -67.3526
2.89107, 3643.98, -570.243
3.93936, 259.774, 285.711
5.79307, 430.24, -851.104
7.36348, 422.155, -24.9646
7.27758, 2756.99, 1055.52
7.42745, 59.6587, -155.462
7.30478, 228.848, -68.944
3.0073, 172.836, 556.174
3.71505, 914.362, -284.966
6.91151, -421.804, 122.454
5.28805, -123.979, -246.1
6.7669, 187.839, -166.174
7.49145, 492.743, -77.8241
3.99751, -3107.6, 1443.18
6.33157, -5578.27, -1865.31
4.81901, 112.385, 295.725
6.8168, 634.505, 131.896
6.99018, 142.413, 114.573
7.377, -393.204, -182.07
2.77405, 267.381, 60.6534
6.32605, 298.655, 215.064
5.09219, 1205.66, -1845.6
3.46574, 222.963, -341.307
6.98252, 14.6085, -522.445
6.38492, 469.414, 20.1409
2.75968, 427.174, -97.5426
7.47331, 1310.63, -1891.97
5.93659, 145.155, -418.497
5.94854, 1047.52, 424.169
6.57666, 2121.95, -938.135
7.05426, 356.289, -124.927
3.34218, 1662.27, 3478.35
5.24183, 2079.77, -1445.21
6.53351, 125.763, 91.6242
4.17803, 423.402, 214.519
5.53435, -416.254, -246.434
6.59602, 1027.1, -1784.06
7.3485, 494.181, 89.5918
6.29349, 230.182, 332.418
3.72113, 150.884, 227.716
5.80589, 168.174, 93.6207
4.21574, 972.278, 401.561
7.27146, -40.7929, -77.6522
2.60828, 1911.18, -2378.25
4.54979, 735.352, -245.414
2.55789, -2446.1, 2614.7
3.04964, 257.307, 545.054
5.28259, 718.371, -974.301
4.45466, 360.669, -1.80864
7.20539, 216.045, 85.7909
2.55572, 355.595, 370.724
6.22897, 382.462, -1006.27
3.84293, 221.63, -146.157
4.27153, 248.986, -227.122
3.45835, 4076.09, -4184.22
5.14832, 453.373, 305.421
4.39478, -653.917, -3570.47
3.16407, 257.783, -100.798
4.26563, 84.912, -150.786
4.2497, -3513.25, 1753.94
7.41084, -1890.02, -1278.32
5.25961, -431.717, -280.63
4.99918, -1763.87, -468.621
3.58531, 1260.2, -1946.77
4.37311, -158.413, -77.6891
6.78251, 2125.07, 1871.39
6.45578, -1991.84, 3992.63
3.9204, 2080.01, -2504.46
5.07645, 893.128, -156.477
6.79238, 139.128, -190.141
7.07844, -234.086, -59.6967
7.48941, -1471.72, -1370.7
6.53177, -397.319, 32.608
5.22718, 659.87, 420.575
7.3461, -12.3634, 489.331
5.31931, 1043.35, -75.1552
4.03031, 410.86, -999.059
5.41853, -12.6421, -39.9034
2.91197, -160.702, 421.032
5.47382, 337.458, -93.7575
3.31968, 1895.46, 3519.14
6.46527, -179.401, -689.12
2.95373, -701.746, 1194.32
6.3072, 17.4638, 255.433
6.83996, 69.5406, 13.2951
6.40105, 379.306, -172.492
6.61399, -1668.16, -343.106
6.70974, 154.677, -263.052
4.48328, 411.069, 190.076
6.508, 230.272, -121.319
6.56811, 137.176, 7.56468
5.43493, 623.404, 1309.63
4.64621, 157.478, -84.6197
2.5002, -281.671, 193.939
5.31153, 331.539, -16.9408
6.22632, 169.449, -452.491
3.89846, 2432.63, 1376.3
2.93406, -508.321, -3346.44
3.5733, 26.0625, -242.605
3.93296, -432.675, 29.4609
4.86595, -452.241, -14.5781
6.95893, -1480.04, -1301.38
5.91955, 26.6542, -47.7925
3.54376, 161.937, -95.6471
6.67533, -60.3327, 93.1962
7.09218, 591.622, 411.115
4.48244, -125.793, -121.439
6.37858, 1433.08, 411.272
5.68161, -171.014, 0.740845
6.64746, 126.008, 103.3
3.40204, -38.839, 5.52786
7.45927, 143.897, -132.811
6.70558, 164.153, 36.2717
4.65177, 567.703, 194.625
4.38589, 441.718, -30.3891
2.70802, 215.483, -209.813
6.80715, -347.52, -600.528
6.62116, -2955.23, 1983.34
6.25052, 1200.08, 1222.42
3.55801, 386.265, -341.03
4.31029, 16.7434, 133.797
4.43545, 285.287, -4.42384
7.32918, -2365.27, -1516.64
6.5872, -175.233, -256.329
4.5755, -198.941, 73.1004
5.83759, 115.016, 499.208
2.52101, -2938.33, 2899.19
6.98048, 268.521, -2.38517
3.68416, 238.489, -224.906
3.79415, -445.65, 71.3421
5.4939, -390.915, -267.287
6.89823, -801.7, 22.6027
6.16299, 131.389, -266.109
6.0773, -499.012, -137.397
3.57724, 4212.62, -192.874
6.30413, -2962.28, 2308.47
3.85351, 594.91, 168.81
2.75246, 136.307, 10.0879
4.78866, -1104.71, 499.13
2.58759, -10.2031, -363.818
3.01129, 4093.41, -2669.32
2.639, 1133.29, -605.545
5.65921, -44.3286, 295.562
6.34425, 172.469, -51.9621
2.74132, -166.837, -142.188
6.6924, 551.442, 837.48
6.76899, -82.4123, 47.8804
6.57649, 32.002, 28.1789
6.85188, 179.476, -3043.26
5.27222, 189.581, 27.459
6.12646, 0.680169, 1162.1
3.20424, -3221.21, 2552.49
6.6115, 226.056, 176.595
5.51185, -1872.02, -2256.64
4.93856, 112.151, -203.485
6.14942, -465.325, -256.376
4.05164, -1562.8, 877.247
3.93925, -217.915, 474.997
5.45857, 1681.91, -2044.83
5.34055, -2212.73, 1207.97
5.41059, 2115.99, 1521.94
2.84132, 178.378, -66.2337
4.34304, -1533.59, -40.962
6.28475, 439.194, -157.88
6.35297, 762.782, 2200.13
4.27217, 96.5218, 538.651
5.98913, 138.426, -14.9726
5.08005, 1617.25, 954.537
5.94494, 22.7881, 20.3594
6.18066, -1525.81, -1070.29
2.56231, -1924.5, -1568.7
7.16549, 57.8107, -144.593
5.37826, 628.09, 223.951
3.05587, -56.7551, 660.62
4.87388, 64.9005, -79.2307
3.24247, 1367.38, -34.5018
4.22594, -5920.64, -1347.98
7.04476, 163.6, -136.859
4.54571, 2127.47, -918.114
5.96642, 69.7757, -87.7552
3.35865, 246.258, 149.736
6.21715, -3196.92, 1166.79
4.16319, 11.109, 66.7914
4.62157, 196.445, -236.361
2.79523, 62.8555, 655.753
5.09005, 210.885, 1.81105
5.94425, 28.6566, 276.451
5.01149, 306.996, 280.981
6.56617, 125.581, 158.96
3.07974, 285.755, -67.205
5.24841, 1117.18, 211.92
5.06046, 84.5676, -270.138
6.02649, -1499.06, -1348.67
5.65083, 176.387, 76.5177
4.0207, 678.94, 515.467
6.74719, 97.8383, -72.0194
3.39619, 1060.15, -1730.14
2.61737, 137.017, 247.537
4.19467, 521.175, -72.6057
3.43818, -1558.36, -1135.85
6.60467, 297.749, -118.472
6.72507, 75.7478, 2369.73
6.78031, -2262.4, 1360.17
7.37454, 353.782, -314.018
2.99587, 495.087, 234.832
2.56182, -2632.14, -2066.52
2.58614, 71.8819, -214.456
2.64527, 145.484, 521.019
4.1031, -1483.51, -1511.51
6.17815, -2268.61, 1250.06
3.14876, -358.588, -460.552
2.5161, -1588.74, -259.47
6.91905, 542.224, 102.417
3.70482, 112.132, 218.691
4.38481, 442.924, 331.155
4.44879, 116.621, 10.5052
2.81534, 2496.6, 959.878
7.30792, 125.077, 18.0436
3.75349, 71.7591, -50.9035
6.85376, 112.195, -91.6414
2.85991, 1989.95, -2749.73
2.70653, 2422.38, -1749.58
3.46378, 314.822, -218.088
3.86708, -1331.63, -1698.16
7.4007, 184.86, -156.555
3.60607, 797.057, -3486.72
6.43119, 1217.4, -1881.57
4.42306, 142.341, 549.201
3.78593, -2083.67, 2298.08
3.91087, 483.734, -228.279
7.33834, -190.3, -23.6208
4.22841, 70.8551, -174.781
3.45922, -98.7211, -17.3769
5.05037, 381.799, -25.1961
5.21857, 817.694, -3128.87
5.72333, 338.632, 345.46
3.89738, 437.532, -197.794
3.41887, 77.0295, 114.658
2.71579, 1692.05, -2053.76
3.98408, 155.047, 301.942
4.25548, 1254.7, -522.657
7.09372, -16.9726, -69.1498
5.81225, -252.034, -57.1648
5.08041, -1459.33, -1302.73
4.03763, 49.9241, 48.563
3.0007, 1464.14, 1540.42
3.47502, 202.377, 1.66586
4.11407, 2145.41, 2320.36
5.56182, 645.32, 91.4518
5.13511, 1540.25, -794.08
3.45653, -394.32, 1036.08
4.7178, 3767.91, 2168.28
4.48693, 4323.54, -842.503
6.28051, 294.179, 272.675
6.6213, -312.698, 139.026
5.51573, 15.8043, -856.014
3.04573, 298.736, -313.809
4.11797, 1899.05, -439.886
5.03403, 191.756, 67.2528
4.76521, 195.73, 832.684
4.77315, -127.731, 274.896
4.91125, -71.2812, -35.3398
5.07896, -3125.03, 563.522
4.50207, -1590.89, -1034.1
4.22945, -62.5002, -269.412
6.64533, 52.6119, 686.217
3.02204, 1870.31, -874.051
6.40057, 318.92, -6.30974
3.19919, 332.657, 56.4826
2.62171, 2592.54, 2999.21
6.0664, -217.128, 1019.76
7.15538, 73.6273, 282.69
7.47667, 58.0549, -173.806
3.86264, 77.989, 60.3353
3.6923, -1478.19, 513.946
3.87328, -252.521, -2219.9
5.70836, 347.743, 263.359
5.17637, 20.4016, -45.4729
6.8967, -1964.28, 3352.87
6.75968, 249.924, 305.592
2.98004, 104.554, 485.374
4.66818, 116.938, 8.92265
3.17045, -350.76, -80.7968
5.86802, 188.213, -30.7555
5.34964, -168.524, -394.229
3.66474, 118.665, -1222.51
5.50306, 111.938, -169.643
2.6551, 590.214, 93.1799
7.08512, 84.6793, -335.664
3.82958, 345.495, 401.961
6.50016, 110.978, -124.157
5.46389, 188.528, 128.618
5.0822, -294.189, 0.606021
5.2567, 843.584, -488.859
3.47225, -50.0588, 199.794
5.36152, -2067.1, -245.218
3.81992, -452.905, 4311.53
4.41648, 1787.98, -3804.57
2.73626, -216.028, -402.174
4.22823, 76.5269, 61.6477
3.61594, -2103.53, 4841.6
3.81264, 325.077, 125.134
3.05141, 327.527, 28.9563
7.40088, 68.2631, -445.938
5.93794, -496.383, -135.946
5.82158, -118.147, 136.174
5.99501, 190.101, -245.605
2.68746, 120.665, -31.2527
3.6706, 111.673, -35.1529
3.95397, -3622.99, -5460.7
3.50543, 320.3, -57.3849
2.7177, -1820.59, 2615.19
2.56571, 692.16, -265.038
6.07297, 4013.93, -1302.62
6.88348, -281.81, -340.618
5.35088, 1238.99, -2390.13
6.92743, -2019.2, -2233.51
5.20042, -724.292, 173.301
3.31357, -1424.02, 405.804
3.30492, -1938.12, -1570.11
7.19182, 130.088, 18.411
3.45628, 318.601, -343.248
3.15761, -2168.86, -50.8808
4.41122, -298.073, 396.243
6.12674, -560.305, 2112.69
2.50651, -4359.33, -397.107
4.60222, 3106.41, -1793.9
5.18984, 649.167, 65.5717
4.86596, -339.603, -464.195
6.33003, 678.424, -602.126
2.9396, -503.704, -90.9702
7.04284, 12.3543, -50.1553
3.20818, -368.71, 543.854
2.54782, 160.215, -25.1932
2.82267, -19.6379, -450.14
4.96742, 148.563, 64.9881
5.40914, 227.983, -106.989
4.03373, 2516.84, -4463.48
4.57091, -47.5046, -119.059
4.33401, 827.474, 1047.21
3.42687, 249.003, -1986.16
2.76788, -1782.56, -1863.17
4.47222, 121.091, 91.7773
3.98388, -261.906, -442.047
5.05388, -327.366, -206.823
3.75392, 1560.52, -2642.84
5.01589, -521.97, 1017.53
2.51168, 1074.25, -533.266
7.01807, -3657.71, 1682.81
2.79181, 2409.33, 2317.55
5.17506, 66.9818, 2268.08
3.95754, 2002.03, -937.878
7.3023, 293.698, -229.696
4.73406, -2370.27, -1027.62
5.08479, 217.394, 103.447
5.93861, -480.739, -45.5206
2.72187, 63.6083, 558.683
7.2946, 2573.96, -1923.27
5.70852, -5.10542, 23.8623
2.80215, 5.83994, -256.818
3.33964, 207.01, 44.6653
5.76491, -105.172, 125.565
6.19864, -130.963, 1859.33
3.57011, -419.349, 99.6385
4.31441, 389.011, -1612.85
6.56981, 308.826, -192.3
5.32057, 175.131, -41.5678
7.45886, 197.179, -162.356
6.5669, 118.602, 203.25
3.49157, 2239.67, -2935.93
2.50003, -132.951, -37.9439
4.62608, -2271.83, 2746.92
4.07406, 1519.35, 903.859
5.56218, -2518.56, 360.64
3.83351, 72.7792, -16.5004
4.39881, 881.04, 603.08
5.43397, 301.717, 233.851
5.95636, -846.253, -426.138
7.26736, 188.645, 65.2496
4.89785, -223.455, 814.9
3.60319, 328.4, -405.769
5.33741, 689.762, 383.507
6.09873, 118.534, -78.4514
4.4953, 1679.71, -125.202
3.48326, 409.897, -169.452
6.66971, 339.236, 28.3075
5.59561, 285.392, -823.297
7.26866, 247.155, -19.0354
3.23222, 488.611, -82.3076
5.38953, 26.3591, 15.0964
7.26796, 35.3807, -169.949
3.62331, -3489.38, 1747.68
7.25137, 116.704, -76.0032
3.07874, 1186.43, -568.307
2.58372, 237.985, 184.129
3.90465, -170.878, 528.695
7.15042, 394.505, -187.818
3.04796, -1060.29, -484.158
6.77266, -364.788, -436.545
5.68532, 572.589, 378.572
5.63853, 306.989, 208.654
3.80589, -535.168, 1295.45
5.13936, 142.301, -4.83893
7.16608, 863.483, 506.991
3.98055, -944.736, 230.92
4.78006, 158.844, -166.191
6.35659, -618.202, 3089.72
4.17193, -1300.91, -2485.39
6.31775, 189.649, 48.8202
6.65892, -1619.84, 1651.39
2.64618, 1824.67, -1093.36
4.31315, -195.708, 107.152
4.16221, 138.454, -361.218
3.17675, 1272.48, 1033.41
3.00839, 884.06, -2717.36
5.11327, 146.961, -228.055
3.52046, 73.1345, -226.204
5.00728, 283.11, 612.119
5.1371, -3247.76, 2062.47
4.13422, 113.103, -34.6842
4.75888, -212.966, 717.741
6.85263, 807.466, -175.061
4.72884, -6.16974, 50.3715
6.03726, 415.786, 171.044
6.83171, -1509.77, 303.315
6.5822, 558.917, -277.728
2.67504, -2538.62, -993.646
3.8644, -544.443, 1720.45
5.21858, -867.24, 563.786
3.19942, 2130.5, -415.98
5.57408, 230.739, -103.358
3.29182, -347.398, -191.491
4.41129, -23.9768, -390.102
5.94997, 359.815, 171.095
3.21128, 2763.02, -43.9316
5.65284, -16.1937, 160.467
3.15973, -2212.18, -1336.4
7.13583, 325.93, 239.511
5.53465, 3435.16, -5260.33
5.50388, 271.205, -476.344
3.33635, -140.577, 89.2247
3.301, -744.83, 1432.81
5.91628, 21.9097, -140.804
5.1456, -27.6161, -410.809
3.65264, -1541.46, 823.803
6.55373, 66.401, 138.482
5.76477, 95.4767, -136.904
4.08597, 374.028, 112.365
2.53953, 295.135, 364.126
3.49176, -84.9787, -669.955
3.78831, 392.383, 182.57
3.03825, 422.465, 428.982
3.49545, 124.984, 270.578
6.75079, -3764.29, 2024.45
6.63912, 237.248, 8.4128
6.76813, 105.478, 7.61267
5.71027, 34.8026, -41.2146
3.6787, -1979.38, 2055.47
6.80638, 145.276, -22.606
5.4745, 297.704, 75.6484
2.52745, -1562.35, -1148.68
6.84925, -418.399, -788.947
7.37729, 146.56, 27.3069
5.59653, -1475.32, -1299.19
3.85574, 596.316, 25.9387
7.46973, 220.174, -113.681
4.60751, -1165.28, -164.196
4.20537, -482.144, 52.3695
4.80717, 156.706, -276.871
4.44822, -780.794, -2168.06
4.613, -3247.52, -651.138
2.84879, 245.59, -217.201
5.5153, -143.563, 177.816
7.36114, 124.742, -40.0695
5.07406, 79.9355, 258.402
7.45461, 154.319, -86.6156
5.84906, -1657.53, -3982.83
4.01716, 390.306, 287.656
3.47371, -503.203, -138.015
4.0109, 555.435, 220.033
4.93946, 365.604, -236.43
4.72438, 7.94733, -46.8386
5.7844, -153.065, 3.26743
3.74227, 3896.81, 2264.76
4.72007, -1085.26, -977.295
5.75894, -53.9275, -178.582
6.67472, 276.954, 65.4796
6.03698, -115.344, -321.185
4.93928, -150.72, 312.966
6.72039, -22.6751, -285.26
7.00296, 359.524, -362.95
6.33082, 118.71, 234.106
5.29453, -198.395, -363.568
2.70603, -274.934, -127.644
5.46749, 930.09, -186.976
2.68674, 126.992, -2752.32
4.53488, 277.757, -304.182
2.84243, 603.009, 341.99
7.38558, 316.262, -150.082
2.5956, 1538.41, 2208.84
6.60363, 122.138, -178.335
5.2195, 2683.48, -2131.52
5.72828, 632.416, -40.0745
3.62934, -261.676, -218.893
2.733, 313.821, 2134.24
3.63154, -71.7766, 581.294
4.58371, 145.882, -1886.9
6.40126, -37.8577, -74.6031
3.72852, 1032.31, -1787.93
4.81411, 247.132, -118.61
6.14756, 128.575, 200.183
5.35237, 3632.11, -497.105
5.45997, -308.825, -719.356
4.98425, -262.341, -307.313
3.951, 64.1507, -54.204
4.71107, 194.555, 304.685
2.53669, -1980.31, 4350.9
7.41683, 135.135, -91.4077
2.52822, 238.512, 55.9621
4.8676, 1511.46, 663.809
5.86497, 2457.45, 4150.8
