6.27803, -2055.18, 1087.13
3.5948, 178.82, 1317.5
5.89648, 849.709, -317.078
5.09708, 137.474, 227.886
2.76731, 3540.94, -3708.8
2.53849, -861.408, 915.718
4.58743, 4994.41, 2930.4
7.15218, 129.847, 113.405
2.95982, -444.385, 768.47
6.00595, 652.826, 426.183
3.81226, -36.3652, -101.135
4.14117, 179.265, -201.726
7.45519, -193.061, -64.3192
7.41275, 117.58, -115.957
5.75759, 827.009, 150.14
6.92354, 167.103, -77.1378
6.33247, -8.03653, -175.931
3.87453, -1598.49, -412.504
4.93259, -924.629, -715.445
2.80282, -4471.11, 981.083
5.08146, 299.721, 60.0731
4.96988, -3179.93, 1111.35
7.23882, -80.3678, 170.891
4.42071, 54.7975, 84.0582
5.14874, -2524.4, 719.89
2.75042, -308.676, 3236.36
6.63909, -330.546, -17.2526
5.94228, -597.124, -327.261
6.18112, -332.649, -175.634
6.94286, -2480.48, -2296.39
4.25508, -100.443, 460.613
6.72991, 172.953, 109.469
3.84659, -310.023, -307.827
4.83959, 101.601, -119.841
3.2686, -133.861, 36.4956
2.66527, 291.448, 471.624
7.2768, -1269.5, -889.695
6.95369, 157.544, -491.219
3.29884, -1060.76, 187.332
3.15214, -277.037, 0.991036
2.515, 2062.84, -322.743
6.0491, -38.1434, -350.931
3.40448, 1247.88, 168.882
5.76029, 253.368, -97.8104
4.42907, 521.78, 373.698
3.23766, 1024.61, 1303.19
5.45054, 77.2274, -170.21
3.24076, 2005.59, -998.504
3.2091, -1694.85, -1093.25
4.94257, 517.164, 164.4
3.13015, -796.405, -335.276
5.64635, -509.908, 194.534
5.60817, 89.3714, -215.413
4.88216, 2254.5, -3119.58
2.64188, 576.29, 705.881
3.21011, 2775.24, -489.256
3.15594, 21.3004, -171.617
3.31099, 1151.87, -1712.7
3.76529, -712.398, 112.097
4.77654, -3151.94, 1666.18
6.54472, 223.634, 310.833
3.57624, 20.3745, -228.033
3.75063, 276.105, -56.4169
5.02978, -270.579, -640.45
6.27922, 21.5408, 95.6341
5.66369, -1055.27, -2319.04
5.9449, -1782.83, -1195.62
7.27207, -332.034, -4.82554
5.18713, 3180.22, -1620.44
4.57014, 73.668, -494.442
4.70019, -240.727, -378.072
6.07821, -1351.12, -1544.53
6.20858, -1731.73, -1464.18
5.12494, -2210.29, 1874.32
6.06711, -16.2007, 19.4868
5.91025, -0.595008, 169.02
6.82941, 1547.41, -1172.38
3.19597, 784.998, 1263.23
3.57766, -223.763, 3.08466
5.0733, 557.033, 1147.2
4.83766, 51.5685, -232.841
3.55759, 2313.53, -2388.05
5.65244, 545.933, -348.923
2.5044, 1874.2, -2676.63
4.09589, -427.405, -2208.88
5.90281, -26.5302, -32.7453
6.0446, 180.581, -148.577
2.90869, 544.932, 396.636
3.56926, -758.891, -173.839
4.44412, 433.021, -168.124
4.44927, -2670.16, -951.815
3.92018, -5.15458, -307.588
4.6123, 85.2907, 41.7126
2.55658, -618.709, 21.9271
3.72027, -3341.12, 1789.15
4.49072, -1162.94, -2453.31
6.64177, -472.559, -263.996
3.78584, -413.302, 684.672
3.59705, -1169.37, -47.2478
6.47385, 163.672, -22.351
5.8476, -505.056, 190.273
5.49108, 325.869, -292.918
5.99917, 1894.59, 1112.01
5.13062, 210.32, -18.1057
4.14833, 175.303, 379.669
3.30844, 3448.61, 584.817
6.56633, 100.386, 100.899
4.08004, 559.09, 508.212
4.05369, -444.264, 112.734
4.65424, 107.374, -67.4496
4.46509, -225.725, 319.457
4.43916, -80.5115, 98.6114
4.34871, -128.785, 689.543
5.88118, 148.691, -3.76604
6.10384, 709.262, -177.427
7.20082, -1743.97, 483.22
5.08573, 147.64, 65.4695
5.5282, 659.13, 433.796
5.85049, 1147.07, -1714.9
5.11404, 163.348, -208.581
3.87105, 386.039, -623.728
7.08924, 164.123, -21.9853
3.73367, -139.72, -4.57252
4.77876, 132.954, 895.737
3.30374, 214.909, -32.1953
4.68319, 179.417, -109.391
7.45767, 257.726, 121.649
6.26931, 2281.97, -2435.55
4.97846, 154.705, 206.682
7.01651, 146.588, -123.651
4.68213, -704.965, 22.8524
5.09239, 1508.62, -1291.19
4.44866, -1314.62, -1962.91
5.63431, 339.236, 35.512
5.19331, 105.455, 63.7432
4.35955, -175.971, 505.627
2.54674, -127.094, 343.684
6.3794, 63.8817, -204.476
2.85317, -270.477, -304.753
3.98511, 137.313, 575.036
4.78581, 69.7823, -213.889
3.25156, 111.669, 85.0118
5.97819, 85.0578, -29.8689
4.15587, -232.163, -290.81
5.21197, -2025.03, 3568.88
2.64678, -2272.62, -1152.95
5.38086, 238.357, -76.669
5.18133, 133.455, -233.773
7.36678, -610.894, 176.246
5.57063, 115.87, -19.4271
5.26431, 1659.54, -2726.3
6.69051, 1014.86, 329.795
3.75764, 31.7066, -174.898
6.98957, 35.6697, -241.538
5.97428, -222.754, 120.29
5.82752, -72.9348, 1748.47
3.06838, 224.689, 77.1055
3.37987, -695.583, -773.583
2.91253, -848.222, 1528.66
6.68103, 127.796, 433.992
2.64818, -166.055, 2070.67
6.34719, 418.713, -161.303
4.29829, 253.509, -2341.57
6.24626, 842.562, -36.4257
6.28385, -12.3729, 95.5574
3.60834, 1974.23, -706.762
5.58305, 185.869, 91.7726
3.66846, -564.694, 113.363
6.22052, 48.1042, -2296.59
5.80997, -382.211, -671.238
4.9209, -2067.03, 3658.94
2.58972, 520.71, -223.997
4.98291, 43.9821, -316.088
5.09587, -70.5792, 110.658
4.71395, 714.683, 2177.95
4.14528, -1725.53, 768.003
3.52671, 105.498, -55.702
7.19863, -159.606, 1273.61
2.85168, 1065.88, 1879.56
3.30042, 391.904, -46.7168
6.70788, 358.076, -760.723
4.13614, 141.482, -458.691
6.85942, 969.072, 257.058
5.99896, 152.795, 138.402
5.52801, 45.1252, 327.526
4.77536, -5.94347, 354.45
2.91543, 898.982, 728.55
3.94883, -2167.79, -859.047
6.51009, -43.6077, 69.0408
6.81821, 269.95, 644.215
3.81831, -2945.42, 231.106
4.79881, -568.593, -160.617
4.95672, -70.9442, -202.668
5.82344, 1105.76, -1806.03
7.31738, 198.257, 93.0834
7.23022, 457.011, 231.136
2.81902, 1223.94, -470.635
5.04829, -837.006, -328.066
6.13222, 93.6278, 96.4118
5.65882, 59.0613, 80.0142
3.26658, -73.212, 77.6752
5.09652, 714.866, 2181.78
3.52281, 3581.49, -1174.73
6.03231, 133.815, -41.833
6.05786, -662.551, 3797.36
3.66304, 207.818, -595.998
6.80594, 264.977, 24.0593
2.67122, -905.234, -53.6458
6.26587, -190.703, -106.049
4.14789, -265.611, -267.348
4.65309, 3186.71, -707.988
7.33455, 123.483, -15.6535
4.05803, -1392.84, -1225.92
5.69762, -3741.55, 18.6517
5.95386, -39.5985, 72.0597
5.36403, 425.846, -386.233
6.60667, -2021.51, 3576.93
4.21807, -2333.86, 1032.92
5.09387, 267.224, -373.011
6.78438, 594.91, -271.456
6.18587, 698.706, 1008.68
3.45992, -399.883, 159.882
2.83145, -22.1786, 89.1395
3.60828, -2747.65, 1716.72
3.33656, 214.514, -37.1223
6.31172, 151.431, 109.144
5.44905, 1046.16, -1579.63
4.65223, -3893.89, -372.824
7.09618, 1536.55, -247.227
5.09668, -325.016, -908.572
7.38058, 364.333, -111.743
5.15714, 144.533, -454.948
2.98716, -842.494, 1088.19
5.83983, -273.009, -378.11
5.44444, -531.377, 1919
5.01137, 474.785, 79.5783
2.75808, 897.417, 843.924
2.6753, 359.714, -436.5
4.41484, 348.56, 70.418
5.55555, -1675.71, -2069.25
5.06574, -3893.32, -377.693
5.98498, 177.626, -101.25
4.89891, -101.497, -33.288
3.88323, -3856.05, 73.277
6.01685, -143.029, 2103.53
3.67701, 285.516, -87.7097
6.41501, 367.197, 57.1084
6.60589, 1247.48, 23.3829
3.21842, 2347.07, 2207.5
5.75757, 512.084, -273.795
3.87677, -231.908, -1043.26
7.26215, 1698.85, -1001.32
4.58238, -19.0305, -16.9877
3.03869, -403.151, -311.397
4.70633, 100.679, 80.757
6.28811, 231.904, 164.393
2.77803, 640.538, 220.195
3.51241, 48.0192, 75.3191
6.82305, 203.57, 92.9423
6.52456, -218.729, 98.1149
2.78861, 438.002, 1585.6
4.40304, 202.641, -110.694
4.56124, -275.438, -472.667
2.80071, 648.479, -12.8156
7.09746, -1057.31, -995.122
3.35398, -190.928, -105.725
6.51634, 326.764, -32.3404
3.88599, 733.112, -322.747
4.44586, 29.8068, 8.66528
7.19936, -1515.16, 470.131
6.24573, 76.6534, 2082.43
3.44774, 2440.31, -2684.33
6.89581, 357.788, 9.56086
6.8953, 230.058, -36.81
3.30515, -94.6957, -236.086
5.87346, 903.849, 273.948
6.89096, -33.2711, -117.461
6.98262, -639.385, 2545.71
3.06535, 154.015, 129.988
5.93789, -405.287, -486.271
3.21651, 596.914, 54.3553
3.6901, 683.628, -125.575
5.64383, 2029.55, -1375.16
4.312, -43.9805, -362.455
4.64437, -1409.36, -1241.1
4.91936, 1215.69, -1319.39
6.20379, 80.6999, 527.193
3.23098, 126.608, -386.076
7.36238, 66.667, 29.9395
7.3158, 280.737, 24.09
3.14741, 1856.56, -1310.48
5.3784, 447.641, -6.6097
4.66439, 602.052, 44.8281
5.50066, 154.94, -183.424
5.85098, -69.2709, 238.853
4.5137, -2208.21, -711.893
6.46691, -1345.11, -1198.96
4.89889, -2335.48, 1362.89
5.72449, -726.01, 686.811
4.28836, 3629.6, -615.822
5.96794, 114.188, 275.748
5.83428, -315.14, -469.235
3.22071, 613.446, -350.692
7.10415, 256.423, 22.6205
4.22228, 890.112, 2684.47
6.66824, 59.7225, -30.8627
2.74349, 308.695, 287.626
3.27936, 931.276, -1381.98
2.55765, -74.0388, 24.9932
3.94327, 308.869, 38.2988
5.07295, 431.413, -278.271
3.65948, 624.867, -2503.39
2.75022, 295.44, 611.292
5.33091, 269.391, -63.457
6.69774, -361.003, -30.3198
4.28763, -177.609, -311.14
4.3452, -78.4363, -405.269
7.22226, -137.579, 32.64
4.72425, -1417.39, 277.358
6.82086, 13.6439, -43.7929
5.82654, -72.5142, 572.456
5.79297, 137.219, 249.494
7.10736, 1952.15, -1465.48
5.11536, -2215.15, 1864.38
5.45229, 220.354, -222.418
5.79944, -292.295, -2009.46
4.24765, -1405.45, 881.801
4.11714, 327.835, -450.127
7.08984, -96.1231, -309.9
3.08619, -3169.65, 1092.79
7.31268, 464.962, -15.9672
5.17978, 130.973, 280.062
5.81447, 776.108, 225.494
5.48362, -3270.67, 1493.46
6.93363, -434.203, -922.208
6.67999, -5.45011, -220.844
6.69339, -58.6236, -224.589
6.85642, -63.6719, -228.779
2.5002, -38.1738, 1700.86
4.77274, -362.082, -1279.06
4.25696, 1603.09, 23.4829
5.80713, 3129.61, -2525.85
6.22234, 565.145, -316.669
3.3821, -731.252, -2882.25
7.4621, -1026.39, 1289.45
5.95466, -536.464, 129.457
6.97862, 80.7, 167.102
3.51579, -1133.01, -279.416
7.2356, -280.43, 304.951
4.88476, -3040.9, 1600.92
6.78578, -2745.79, 1718.83
6.41237, 387.595, 332.591
5.70687, -2158.59, 2081.16
3.14521, 100.812, 874.172
5.77944, -152.848, 35.7157
3.09199, 61.8065, 82.8362
3.88793, 2031.37, 420.908
6.65548, 269.413, 1958.05
6.14153, 2526.1, 3226.55
6.74348, 2809.22, -2095.07
3.43989, -741.883, -592.769
6.09602, 228.38, 158.366
4.25586, 56.7413, 453.382
3.34555, 297.65, 462.227
4.52383, -2960.17, 389.28
4.20924, 227.394, -55.0747
6.67141, 63.0157, 148.906
3.9111, -2238.72, -3628.65
5.16766, 2241.44, 1390.19
6.25085, 585.152, -1020.42
4.62554, -108.134, -16.6997
4.66964, 1361.29, -40.5373
3.03022, -2433.79, -1474.23
6.4639, -291.142, -136.751
3.91232, -69.0535, 290.416
7.14264, 2525.14, 3620.1
5.37926, 159.215, -255.159
3.4895, 583.944, -105.903
5.99081, -433.076, -309.633
3.07265, -669.073, -315.558
4.22945, 250.163, 784.361
4.15646, 52.7816, 190.649
6.42735, -3265.12, 1456.79
6.65775, 5.51579, -34.1095
4.21712, 967.623, -462.518
4.2603, -159.663, -18.4223
6.38197, 245.805, 101.462
6.58658, 712.723, -104.27
4.26157, -90.8204, 212.444
7.09559, 140.053, -73.6582
3.2877, 584.816, 537.031
5.56029, 935.132, -294.07
5.54222, 16.218, -22.2682
3.16647, 1908.61, 2094.99
3.51409, 2305.28, 3228.31
4.79457, 264.883, 14.612
3.48759, -701.467, 1126.48
6.77118, -11.8667, -178.306
6.54562, -391.332, -507.005
2.80131, 1607.65, -1288.68
6.50584, 1058.8, -3048.86
5.49597, 76.3958, 135.119
7.43182, 302.522, -104.153
2.65919, -995.769, 273.879
6.8356, -2026.58, 2472.89
3.69109, 192.207, -189.558
3.6127, 527.388, 389.999
4.73907, 4023.39, 1869.87
2.61231, -230.998, 67.3551
6.79755, 53.4744, 53.0733
4.15902, 434.4, -2864.04
5.72195, 524.64, -61.0631
7.43521, -464.249, -54.0355
5.30162, 2.48851, -110.407
4.74553, 5.49143, 119.573
5.213, -192.148, 73.4481
2.90797, -246.179, 126.926
3.99606, 1339.34, 1887.2
6.63964, -2475.95, -487.972
6.48936, -2521.22, 980.95
5.71048, 60.2278, -128.23
4.84105, 243.247, -247.363
7.15326, 557.549, 1648.11
5.08798, -449.006, 69.8864
7.42924, -2642.51, 1689.7
5.94567, 16.3617, -113.997
6.19966, 295.773, -17.5303
3.46323, 1187.18, 1052.96
6.08881, 1895.9, -1260.81
6.11146, 1005.6, 470.49
6.49298, 250.17, -318.368
4.23216, -3103.64, 266.92
5.1481, -434.04, -225.195
3.19001, 974.296, -794.623
6.73218, 217.803, -1.02827
6.32766, -711.856, -398.934
7.5, -3246.34, 1478.24
4.24891, -4468.19, -1535.6
5.50367, 1102.23, 22.437
3.50808, -243.033, 2365.15
6.2385, -2298.29, 372.655
6.49225, -203.62, -317.755
3.03505, -57.7917, -611.247
5.35813, 161.629, 22.8591
2.84683, -3244.82, 1125.32
4.16036, 180.282, -49.3669
5.80945, 204.554, -23.7781
5.27726, 364.122, 2516.7
7.12415, 53.0408, -132.799
2.69832, 232.085, 1800.53
2.62083, 975.574, 1084.52
4.61923, 319.884, 13.2051
4.36987, -622.702, -178
2.93303, 2122.85, 2044.54
3.05403, 337.208, 280.596
5.31992, -2899.65, 110.241
7.37269, 17.2069, 87.3509
3.05066, 0.794586, -2517.53
5.99352, -1983.91, -2210.85
2.79674, 277.608, 1185.64
4.69755, -62.9073, 62.2039
5.24651, 41.4552, -67.8064
3.45129, 342.608, 6.69414
7.36597, 14.9569, -70.6773
3.19593, 69.6162, -53.4852
5.48978, -2039.21, 303.817
7.12812, 231.291, -539.411
3.91116, 47.6274, -59.2748
6.8307, 12.2832, 387.859
6.29598, 889.599, -1168.54
6.10793, 123.733, -314.026
3.34241, -63.3764, -477.911
3.32882, 442.639, -1648.72
3.39076, 33.4476, 4.29677
5.87226, -123.046, -26.9492
4.83484, 84.2708, 151.575
6.85219, 192.585, 6.44153
5.76023, 500.651, -39.1581
5.80464, 782.368, 215.746
2.58037, -72.1062, 515.229
4.30596, 3477.47, 2042.77
3.72747, 248.625, -615.102
6.93086, 637.817, 956.504
5.23701, -4361.78, 68.7954
6.57209, 24.4104, -163.508
5.24453, -893.841, -239.134
4.16156, -299.334, 159.831
4.40213, -1224.02, -2129.34
2.52389, 355.53, -28.5619
6.95226, 220.176, 65.0615
6.16955, -43.6276, -84.5229
6.04239, -467.424, 123.953
5.1278, 1439.22, -1758.1
6.41065, 235.72, -497.333
3.42484, 302.356, -141.063
5.72673, 13.5056, 68.3792
3.42178, 68.0255, -45.3511
3.31214, -1176.56, 557.264
2.65594, 1201.98, 909.471
7.42716, 57.629, -70.8075
4.04559, 120.256, -23.0483
4.11075, -250.19, 27.3663
5.51155, 141.562, 125.714
2.89107, 3211.63, -459.299
3.93936, 101.17, 121.384
5.79307, 492.704, -899.655
7.36348, 148.924, -36.851
7.27758, 2469.11, 931.713
7.42745, 273.346, -31.2842
7.30478, 96.5719, 87.238
3.0073, -51.6097, 327.577
3.71505, 809.959, -316.908
6.91151, -447.225, 108.995
5.28805, -94.5025, -317.677
6.7669, 19.5305, -1.42579
7.49145, 698.924, -152.137
3.99751, -2748.65, 1339.11
6.33157, -4935.74, -1666.59
4.81901, -237.214, 319.418
6.8168, 389.834, 146.591
6.99018, 304.771, 175.535
7.377, -412.819, -191.502
2.77405, 27.3316, -113.967
6.32605, 3.93148, 230.652
5.09219, 1144.41, -1766.48
3.46574, 411.47, -8.39252
6.98252, -73.2268, -347.111
6.38492, 318.181, 2.88469
2.75968, 142.361, 277.026
7.47331, 1239.38, -1734.35
5.93659, 196.749, -528.679
5.94854, 768.32, 214.364
6.57666, 1953.23, -848.367
7.05426, 15.4303, 31.02
3.34218, 1458.3, 3131.15
5.24183, 1936.98, -1293.57
6.53351, 60.9688, -18.767
4.17803, 465.709, 417.867
5.53435, -302.018, -492.398
6.59602, 911.366, -1661.85
7.3485, 580.954, 37.6047
6.29349, 205.622, 486.589
3.72113, 1.89222, 319.549
5.80589, -87.1075, 67.4486
4.21574, 1005.02, 413.286
7.27146, 119.478, 86.8984
2.60828, 1666.6, -2172.73
4.54979, 868.763, -337.578
2.55789, -2066.4, 2341.83
3.04964, 196.636, 69.3463
5.28259, 730.691, -1003.55
4.45466, 302.458, -6.93349
7.20539, 167.619, -125.755
2.55572, 106.92, 525.718
6.22897, 232.137, -606.211
3.84293, -65.8348, -345.345
4.27153, 57.6665, 169.349
3.45835, 3605.85, -3724.61
5.14832, 210.02, 74.9457
4.39478, -592.371, -3180.69
3.16407, 223.208, -259.465
4.26563, -172.853, -313.659
4.2497, -3156.26, 1584.07
7.41084, -1750.53, -1181.11
5.25961, -237.292, -243.081
4.99918, -1678.2, -451.487
3.58531, 1105, -1792.98
4.37311, 222.107, 112.088
6.78251, 1871.12, 1634.42
6.45578, -1765.37, 3511.17
3.9204, 1896.62, -2245.75
5.07645, 957.797, -302.914
6.79238, 160.317, -213.165
7.07844, -290.828, 33.5547
7.48941, -1347.24, -1204.62
6.53177, -533.137, -178.185
5.22718, 639.548, 459.517
7.3461, -182.558, 251.434
5.31931, 874.447, -167.112
4.03031, 531.977, -962.769
5.41853, 327.15, -206.171
2.91197, -193.768, 484.271
5.47382, 86.1017, 71.7066
3.31968, 1690.43, 3084.85
6.46527, -137.541, -674.567
2.95373, -713.851, 1075.54
6.3072, 26.5172, 139.364
6.83996, 135.186, -37.4283
6.40105, 260.574, -402.378
6.61399, -1582.12, -350.433
6.70974, 88.608, -42.634
4.48328, 562.559, 406.617
6.508, 171.001, -135.213
6.56811, 3.76511, 96.2123
5.43493, 628.203, 1291.32
4.64621, 14.0917, 143.58
2.5002, 124.164, -80.5555
5.31153, 177.58, 1.9106
6.22632, 85.6876, -356.054
3.89846, 2215.64, 1230.33
2.93406, -438.466, -3025.95
3.5733, -184.938, -405.121
3.93296, -425.488, 35.1199
4.86595, -246.526, 47.852
6.95893, -1336.27, -1262.73
5.91955, -243.069, 64.1498
3.54376, 240.36, -22.6875
6.67533, 160.656, -41.3046
7.09218, 535.019, 266.686
4.48244, 145.093, -346.661
6.37858, 1305.34, 454.801
5.68161, 171.428, -67.1964
6.64746, 47.6127, -284.534
3.40204, -331.428, -204.036
7.45927, 83.44, -58.3145
6.70558, 423.002, -276.712
4.65177, 362.423, 457.35
4.38589, 377.762, -151.192
2.70802, 255.426, -254.378
6.80715, -169.862, -380.549
6.62116, -2622.1, 1803.87
6.25052, 1046.23, 1177.52
3.55801, 102.098, 1.91632
4.31029, 157.721, -128.919
4.43545, -5.60871, -66.7359
7.32918, -2167.05, -1398.48
6.5872, -265.21, -337.315
4.5755, -439.124, 92.6296
5.83759, 175.313, 304.163
2.52101, -2645.57, 2551.02
6.98048, 110.05, -204.69
3.68416, 552.112, -82.5381
3.79415, -247.169, 177.229
5.4939, -419.61, -287.99
6.89823, -891.234, 48.0526
6.16299, 41.3554, 10.5239
6.0773, -677.891, -226.226
3.57724, 3767.02, -175.403
6.30413, -2679.13, 2073.14
3.85351, 477.917, 35.5389
2.75246, 406.902, 203.998
4.78866, -905.919, 468.197
2.58759, -184.079, -166.276
3.01129, 3598.35, -2368.64
2.639, 695.257, -314.86
5.65921, 49.6037, 70.2128
6.34425, 37.9834, 78.9753
2.74132, -383.317, -314.379
6.6924, 570.608, 744.72
6.76899, -106.655, -73.0088
6.57649, 326.37, -312.041
6.85188, 124.819, -2718.64
5.27222, 442.25, 46.8895
6.12646, 4.92388, 1174.17
3.20424, -2912.36, 2246.22
6.6115, 128.244, -16.9249
5.51185, -1677.13, -2073.42
4.93856, 207.406, -29.5462
6.14942, -407.401, -264.899
4.05164, -1462.32, 823.676
3.93925, -235.55, 431.009
5.45857, 1540.03, -1890.11
5.34055, -2053.14, 1113.85
5.41059, 1980.1, 1369.77
2.84132, 295.65, -447.998
4.34304, -1460.52, 58.2403
6.28475, 237.936, -374.492
6.35297, 782.107, 2002.45
4.27217, 169.408, 319.488
5.98913, -14.2425, 89.1673
5.08005, 1533.53, 897.232
5.94494, 324.805, -108.546
6.18066, -1466.58, -1029.9
2.56231, -1788.77, -1485.25
7.16549, 200.508, -190.644
5.37826, 563.106, 115.118
3.05587, -329.178, 536.067
4.87388, 129.796, 174.921
3.24247, 1170.07, 142.54
4.22594, -5264.89, -1208.39
7.04476, 23.9842, -92.9619
4.54571, 1961.92, -859.503
5.96642, 198.227, -170.063
3.35865, -17.6558, 49.9369
6.21715, -2827.78, 1053.71
4.16319, 70.6707, 70.4925
4.62157, 45.108, 68.9972
2.79523, -22.9191, 466.872
5.09005, 216.866, 45.1317
5.94425, 232.56, -10.0956
5.01149, 136.85, -48.4279
6.56617, 84.7736, -84.094
3.07974, 131.826, -160.63
5.24841, 1073.34, 323.316
5.06046, 159.63, -121.138
6.02649, -1383, -1228.73
5.65083, 25.5216, -37.4082
4.0207, 601.06, 492.776
6.74719, -66.8605, -87.9705
3.39619, 943.916, -1590.28
2.61737, 178.71, 146.985
4.19467, 278.566, -140.836
3.43818, -1447.15, -1072.94
6.60467, 89.224, 71.744
6.72507, 65.5987, 2191.17
6.78031, -2040.74, 1256.98
7.37454, 105.872, -9.91965
2.99587, 399.35, -54.1567
2.56182, -2321.93, -1855.76
2.58614, 49.6135, -546.699
2.64527, 305.166, 406.656
4.1031, -1402.82, -1440.26
6.17815, -1995.36, 1096.92
3.14876, -371.282, -480.794
2.5161, -1251.85, -191.493
6.91905, 393.643, 38.2288
3.70482, 450.115, 84.232
4.38481, 230.961, -110.431
4.44879, 70.7287, -255.314
2.81534, 2217.46, 857.51
7.30792, -88.1676, 27.5365
3.75349, 210.3, -400.538
6.85376, 203.748, -251.902
2.85991, 1746.26, -2430.33
2.70653, 2061.07, -1581.5
3.46378, 387.922, -97.6925
3.86708, -1157.76, -1601.52
7.4007, 26.3263, -0.0940464
3.60607, 702.879, -3120.25
6.43119, 1143.04, -1718
4.42306, 239.416, 129.772
3.78593, -1895.45, 2053.24
3.91087, 192.599, -281.812
7.33834, -201.594, 207.145
4.22841, 322.176, 191.328
3.45922, 348.375, 45.8466
5.05037, 148.523, -36.6931
5.21857, 744.237, -2802.92
5.72333, 42.8323, 260.619
3.89738, 650.753, -315.04
3.41887, -287.268, -66.5905
2.71579, 1578.99, -1891.55
3.98408, 7.65536, -68.4532
4.25548, 1240.75, -411.217
7.09372, -250.937, 61.7006
5.81225, -164.134, 67.5622
5.08041, -1377.22, -1230.75
4.03763, 233.36, -206.033
3.0007, 1358.88, 1417.2
3.47502, 77.3766, -25.7949
4.11407, 1919.58, 2139.35
5.56182, 416.009, -81.0726
5.13511, 1218.28, -681.573
3.45653, -427.741, 1062.13
4.7178, 3382.21, 1932.3
4.48693, 3864.27, -752.832
6.28051, 242.778, 96.7323
6.6213, -374.626, -1.3301
5.51573, -69.8308, -909.5
3.04573, 296.328, -273.462
4.11797, 1761.08, -380.236
5.03403, 45.2555, -30.938
4.76521, 262.283, 901.448
4.77315, 2.88781, 376.991
4.91125, -113.483, -37.1345
5.07896, -2838.82, 518.221
4.50207, -1431.27, -1073.16
4.22945, 281.45, 32.4757
6.64533, 6.68011, 676.314
3.02204, 1756.92, -713.876
6.40057, 168.003, -3.98707
3.19919, -60.314, -54.6708
2.62171, 2310.35, 2693.94
6.0664, -212.58, 901.494
7.15538, 163.422, 265.359
7.47667, 244.606, 198.776
3.86264, 31.5719, -267.014
3.6923, -1342.49, 556.351
3.87328, -218.587, -1992.06
5.70836, 171.742, 111.402
5.17637, 324.315, -30.4228
6.8967, -1778.21, 3002.08
6.75968, 170.629, 178.091
2.98004, 35.3029, 655.161
4.66818, 45.1117, -28.7023
3.17045, -84.9469, -180.158
5.86802, 107.68, -125.201
5.34964, 6.88122, -112.98
3.66474, 130.769, -1211.36
5.50306, 337.414, 57.4857
2.6551, 684.284, -47.1444
7.08512, 103.377, -315.343
3.82958, 521.036, 466.413
6.50016, 185.394, -20.7707
5.46389, 146.277, -119.591
5.0822, -186.911, 90.3475
5.2567, 494.986, -320.957
3.47225, 1.25219, 297.225
5.36152, -1858.95, -292.708
3.81992, -416.346, 3777.98
4.41648, 1572.78, -3382.45
2.73626, 27.0038, -159.58
4.22823, 210.631, -178.532
3.61594, -1909.45, 4324.46
3.81264, 126.51, -134.818
3.05141, 218.599, 174.28
7.40088, 93.5279, -307.473
5.93794, -673.551, -224.458
5.82158, 153.419, 51.1384
5.99501, 253.302, -81.413
2.68746, -39.4358, -167.195
3.6706, 30.3409, 118.214
3.95397, -3199.05, -4824.77
3.50543, 127.934, -175.061
2.7177, -1642.61, 2318.21
2.56571, 764.106, -315.119
6.07297, 3587.34, -1175.6
6.88348, -138.272, -247.387
5.35088, 1112.61, -2167.64
6.92743, -1792.34, -1959.2
5.20042, -434.022, 292.614
3.31357, -1335.84, 446.478
3.30492, -1724.84, -1480.77
7.19182, 173.672, -152.43
3.45628, 406.07, -83.231
3.15761, -1974.33, 12.6475
4.41122, -323.663, 333.093
6.12674, -535.495, 1939.58
2.50651, -3896.05, -371.631
4.60222, 2772.25, -1613.71
5.18984, 779.351, 150.911
4.86596, -13.7902, -318.469
6.33003, 777.431, -490.249
2.9396, -162.778, 52.2737
7.04284, 139.137, 177.049
3.20818, -209.896, 664.931
2.54782, 89.0844, -264.098
2.82267, -152.14, -239.173
4.96742, 229.578, -132.286
5.40914, 58.7158, -15.3287
4.03373, 2233.33, -3980.66
4.57091, -123.31, -383.634
4.33401, 633.104, 817.473
3.42687, 206.691, -1873.52
2.76788, -1567.73, -1716.34
4.47222, 210.535, -99.5454
3.98388, 80.3536, -85.3825
5.05388, -238.657, -384.879
3.75392, 1396.37, -2398.88
5.01589, -345.214, 675.363
2.51168, 1105.49, -462.101
7.01807, -3255.23, 1465.08
2.79181, 2193.4, 2087.2
5.17506, 92.0314, 2068.52
3.95754, 1859.68, -884.566
7.3023, -31.0911, 26.3578
4.73406, -2170.32, -972.851
5.08479, 354.172, -9.86362
5.93861, -571.084, -195.841
2.72187, 190.275, 379.007
7.2946, 2319.86, -1751.37
5.70852, -121.997, -243.841
2.80215, 171.943, -185.799
3.33964, 342.604, -38.5422
5.76491, -281.253, 30.9893
6.19864, -34.7051, 1709.07
3.57011, -334.947, 285.853
4.31441, 304.304, -1515.8
6.56981, 540.113, -348.922
5.32057, 72.6171, -68.0862
7.45886, 36.5152, -36.7605
6.5669, 326.784, 338.138
3.49157, 1992.04, -2642.65
2.50003, 91.8816, 48.4998
4.62608, -2036.08, 2472.78
4.07406, 1432.94, 820.353
5.56218, -2293.29, 336.745
3.83351, 167.283, -152.667
4.39881, 678.533, 554.069
5.43397, 255.712, 317.906
5.95636, -527.756, -417.29
7.26736, 293.598, 34.7708
4.89785, -226.285, 674.702
3.60319, 241.568, -156.111
5.33741, 464.841, 230.712
6.09873, 114.557, -43.7163
4.4953, 1585.5, -170.756
3.48326, 610.877, -351.242
6.66971, 162.853, 207.752
5.59561, 414.748, -767.756
7.26866, 302.212, 172.849
3.23222, 664.555, 188.482
5.38953, 107.353, 15.7126
7.26796, 326.189, -63.2956
3.62331, -3077.35, 1546.35
7.25137, 155.974, 136.659
3.07874, 1155, -560.207
2.58372, 23.6236, -106.599
3.90465, -64.8428, 441.087
7.15042, 440.472, -378.097
3.04796, -1092.61, -472.385
6.77266, -383.329, -452.208
5.68532, 560.477, 388.768
5.63853, 242.341, 434.331
3.80589, -485.251, 1231.93
5.13936, 416.053, -239.291
7.16608, 548.949, 379.741
3.98055, -789.806, 201.991
4.78006, 217.642, -59.1796
6.35659, -518.834, 2756.7
4.17193, -1171.41, -2328.13
6.31775, 186.052, -13.6205
6.65892, -1493.5, 1458.27
2.64618, 1711.65, -1001.02
4.31315, 119.006, 244.03
4.16221, 311.762, -306.678
3.17675, 1091.87, 809.419
3.00839, 792.092, -2446.66
5.11327, -137.074, -19.9164
3.52046, 301.399, -81.8275
5.00728, 313.057, 574.627
5.1371, -2897.4, 1794.17
4.13422, 193.523, -9.59146
4.75888, -216.921, 654.012
6.85263, 806.35, -123.848
4.72884, 100.467, 84.6581
6.03726, 293.799, 349.336
6.83171, -1404.49, 280.835
6.5822, 316.435, -19.7393
2.67504, -2257.18, -886.484
3.8644, -462.105, 1619.89
5.21858, -693.072, 439.119
3.19942, 1649.3, -359.233
5.57408, 45.6623, -59.3902
3.29182, -308.291, -408.061
4.41129, -141.517, -233.636
5.94997, 178.309, 121.274
3.21128, 2518.03, -56.7654
5.65284, 261.342, -20.7705
3.15973, -1974.66, -1280.15
7.13583, 192.592, 1.88616
5.53465, 3035.66, -4653.97
5.50388, 418.549, -600.378
3.33635, 52.7607, -147.234
3.301, -555.548, 1258.36
5.91628, 198.885, 139.064
5.1456, -228.658, -202.3
3.65264, -1451.17, 724.932
6.55373, 88.9461, -60.1201
5.76477, 104.572, 159.319
4.08597, 221.546, -269.438
2.53953, 288.097, -16.9095
3.49176, -96.2509, -813.924
3.78831, 282.52, 482.976
3.03825, 664.75, 404.397
3.49545, -229.782, 298.765
6.75079, -3328.58, 1812.46
6.63912, 377.812, -2.4637
6.76813, 106.584, -16.179
5.71027, 302.67, 119.192
3.6787, -1790.97, 1857.49
6.80638, -4.91194, 65.0075
5.4745, 137.671, 423.519
2.52745, -1474.07, -1045.76
6.84925, -383.945, -667.741
7.37729, 106.302, -226.685
5.59653, -1332.39, -1259.8
3.85574, 378.878, -73.4856
7.46973, -4.05829, -31.1212
4.60751, -1110.14, -36.2756
4.20537, -297.622, 5.48521
4.80717, 312.963, -247.406
4.44822, -713.754, -1993.73
4.613, -2928.77, -599.612
2.84879, 124.348, 119.976
5.5153, -103.977, 167.207
7.36114, -252.78, 45.1302
5.07406, 137.075, 280.019
7.45461, 128.451, -240.725
5.84906, -1460.07, -3548.59
4.01716, 324.462, 66.1105
3.47371, -682.89, -226.214
4.0109, 544.993, 310.624
4.93946, 120.293, -4.48626
4.72438, 342.992, 1.99227
5.7844, 272.644, -9.76318
3.74227, 3476.9, 2041.46
4.72007, -1010.62, -965.059
5.75894, 170.856, -223.704
6.67472, 150.359, -257.524
6.03698, -179.586, -247.955
4.93928, -352.11, 210.8
6.72039, 263.128, 33.4012
7.00296, 65.9444, 9.1658
6.33082, 303.835, -6.33436
5.29453, -484.374, -369.123
2.70603, 101.822, -110.107
5.46749, 973.519, -333.959
2.68674, 154.623, -2490.6
4.53488, 196.206, -552.19
2.84243, 420.589, 419.489
7.38558, 278.433, -377.717
2.5956, 1453.83, 2013.16
6.60363, 203.742, 85.8733
5.2195, 2430.34, -1883.73
5.72828, 439.617, 106.725
3.62934, 58.0552, -232.41
2.733, 218.611, 1893.68
3.63154, -201.253, 436.556
4.58371, 200.527, -1711.94
6.40126, 83.4499, 131.217
3.72852, 913.646, -1663.93
4.81411, -27.6847, 19.3938
6.14756, 447.539, 91.7157
5.35237, 3246.65, -455.603
5.45997, -372.297, -807.758
4.98425, 25.81, -196.464
3.951, 151.37, -127.855
4.71107, 171.737, -35.6982
2.53669, -1742.69, 3818.22
7.41683, 105.218, -114.976
2.52822, 74.7741, 20.5614
4.8676, 1349.59, 651.889
5.86497, 2194, 3683.83
