6.27803, -3276.3, 1943.67
3.5948, -59.0415, 1239.05
5.89648, 195.197, -87.2062
5.09708, 458.434, 138.056
2.76731, 6295.28, -6436.85
2.53849, -2230.99, 2622.7
4.58743, 8819.58, 5230.68
7.15218, 285.88, 16.4717
2.95982, 345.087, -269.151
6.00595, 123.127, -187.133
3.81226, 355.361, -56.757
4.14117, 243.514, -66.1373
7.45519, 786.447, -723.034
7.41275, 190.746, -155.101
5.75759, -463.226, -306.472
6.92354, 122.424, 103.22
6.33247, 108.611, -59.8471
3.87453, -2475.52, -899.564
4.93259, -1395.84, -1092.04
2.80282, -8000.26, 2018.9
5.08146, 0.345016, 48.8659
4.96988, -5594.5, 2085.46
7.23882, 454.79, 142.361
4.42071, 262.742, -43.3528
5.14874, -4225.77, 1106.24
2.75042, -319.223, 5602.58
6.63909, 259.99, -55.9305
5.94228, 767.232, -170.449
6.18112, 755.532, 73.0667
6.94286, -4154.57, -3618.42
4.25508, -347.884, 364.415
6.72991, 273.286, 306.758
3.84659, 838.529, -269.093
4.83959, -247.101, 670.24
3.2686, 130.417, 88.738
2.66527, 811.656, -501.221
7.2768, -1421, -998.122
6.95369, 219.842, -0.202641
3.29884, -311.63, 421.193
3.15214, 1734.25, -938.265
2.515, 3324.44, -593.365
6.0491, -102.939, -77.5725
3.40448, 597.303, 49.3101
5.76029, -1001.54, 276.742
4.42907, -107.372, 152.091
3.23766, 1375.45, 1478.68
5.45054, 869.297, 358.883
3.24076, 3009.66, -1422.88
3.2091, -2480.41, -1429.93
4.94257, -323.698, -192.697
3.13015, 319.096, -620.987
5.64635, 1071.54, 197.915
5.60817, 374.143, -81.6172
4.88216, 3821.52, -5270.83
2.64188, -552.611, -164.514
3.21011, 4591.89, -671.285
3.15594, 495.055, 24.4437
3.31099, 1609.21, -2435.8
3.76529, -332.731, 172.795
4.77654, -5318.92, 2581.34
6.54472, -118.244, -1020.45
3.57624, 199.274, 110.428
3.75063, 186.518, -8.65734
5.02978, -1196.13, -2133.37
6.27922, 211.494, -3.49097
5.66369, -1824.5, -3695.36
5.9449, -2349.9, -1731.3
7.27207, 249.879, -497.316
5.18713, 5500.08, -2787.67
4.57014, 123.257, -2375.24
4.70019, -403.797, -515.135
6.07821, -1920.14, -1850.17
6.20858, -2789.6, -2094.11
5.12494, -3598.84, 2882.91
6.06711, 238.477, -106.177
5.91025, 390.112, 99.6018
6.82941, 2171.61, -1736.77
3.19597, 494.577, 1776.44
3.57766, 187.091, 162.999
5.0733, 1302.96, 2306.77
4.83766, 245.995, 67.0162
3.55759, 4094.9, -4157.31
5.65244, -254.913, 433.945
2.5044, 3234.59, -4655.1
4.09589, -827.606, -2871.44
5.90281, 188.107, 17.5913
6.0446, 159.929, -226.247
2.90869, 302.143, 86.6628
3.56926, -316.179, -511.058
4.44412, 145.488, -233.725
4.44927, -4155.09, -1407.76
3.92018, 64.114, 658.952
4.6123, 176.681, -185.408
2.55658, -2336.94, -147.883
3.72027, -5721.69, 3028.25
4.49072, -2212.69, -3753.36
6.64177, 726.88, 224.172
3.78584, 611.044, -439.81
3.59705, -1236.7, 577.226
6.47385, 223.556, -25.7568
5.8476, 1364.28, -390.075
5.49108, 423.352, 836.24
5.99917, 2733.76, 1798.53
5.13062, 215.805, 71.2383
4.14833, 169.831, -145.381
3.30844, 6317.3, 1101.88
6.56633, 303.199, -164.346
4.08004, 83.9017, -682.198
4.05369, 771.123, 374.838
4.65424, 208.902, 30.5713
4.46509, 533.263, 193.855
4.43916, 335.834, -343.806
4.34871, 190.633, -134.115
5.88118, 297.014, 126.776
6.10384, 323.491, -416.777
7.20082, -2431.15, 983.445
5.08573, 29.2941, 55.1802
5.5282, -483.273, -209
5.85049, 1636.71, -2454.4
5.11404, 289.056, -125.91
3.87105, 427.067, 193.48
7.08924, 100.727, -8.28305
3.73367, 482.606, 24.6147
4.77876, 516.408, -290.842
3.30374, 383.531, 32.2132
4.68319, 56.3949, -134.466
7.45767, 842.682, -322.266
6.26931, 4102.23, -3996.32
4.97846, 75.4721, -837.291
7.01651, 225.243, -72.1473
4.68213, -350.31, 201.987
5.09239, 2218.21, -1750.95
4.44866, -1904.77, -3100.48
5.63431, 48.9125, -9.87125
5.19331, 189.472, -77.8244
4.35955, 115.041, 1132.62
2.54674, -159.777, -790.818
6.3794, 312.859, -73.8252
2.85317, -499.523, -596.489
3.98511, 495.076, 80.3722
4.78581, 142.522, 1566.57
3.25156, 617.174, 203.45
5.97819, 113.363, -580.99
4.15587, -507.792, -581.921
5.21197, -3521.89, 6255.08
2.64678, -3452.03, -2221.85
5.38086, 224.602, -92.1913
5.18133, -14.4765, -30.6551
7.36678, 672.923, 248.38
5.57063, 206.309, 12.8919
5.26431, 2733.81, -4715.31
6.69051, 1226.8, -186.953
3.75764, 441.168, -1149.12
6.98957, 137.489, -86.5399
5.97428, 202.033, 153.295
5.82752, -480.992, 2410.87
3.06838, 542.683, -696.075
3.37987, -1670.44, -752.924
2.91253, -1772.65, 2868.76
6.68103, 490.668, 108.428
2.64818, 638.143, 3804.32
6.34719, 325.511, -52.5362
4.29829, 230.226, -3672.25
6.24626, -908.79, -325.502
6.28385, 330.086, -97.4592
3.60834, 2508.99, -1391.02
5.58305, -340.493, 235.909
3.66846, 585.066, 292.384
6.22052, -28.9449, -3635.38
5.80997, -286.498, -816.597
4.9209, -3458.4, 6257.05
2.58972, 770.82, 390.573
4.98291, 11.1816, 384.058
5.09587, 261.728, 29.3708
4.71395, 697.742, 3369.91
4.14528, -2444.86, 1511.08
3.52671, 202.199, -56.1861
7.19863, -1.40974, 1161.6
2.85168, 1154.59, 3065.76
3.30042, 428.062, -1193.02
6.70788, 76.8395, 100.74
4.13614, -7.98909, -69.2164
6.85942, 39.8562, -45.6969
5.99896, 451.196, -10.1717
5.52801, 621.932, -55.0166
4.77536, 694.154, -254.336
2.91543, -149.947, 911.314
3.94883, -3466.1, -893.811
6.51009, -31.8717, 33.3979
6.81821, 214.516, -1254.18
3.81831, -4785.3, 375.766
4.79881, 733.757, 291.744
4.95672, 204.871, -1.2078
5.82344, 1590.82, -2442.78
7.31738, 255.886, -100.183
7.23022, 245.583, 58.546
2.81902, 1659.46, 52.6872
5.04829, -738.201, -612.553
6.13222, 326.598, -250.856
5.65882, 152.714, 60.2364
3.26658, -339.374, -497.968
5.09652, 699.047, 3373.45
3.52281, 6045.36, -1906.14
6.03231, 136.896, 116.738
6.05786, -1280.65, 6444.54
3.66304, 237.223, 437.1
6.80594, 94.5144, -159.853
2.67122, 160.209, 216.669
6.26587, 907.095, -113.57
4.14789, 352.959, 809.433
4.65309, 5454.36, -1409.52
7.33455, 105.461, -295.103
4.05803, -1800.77, -1753.35
5.69762, -6295.99, -71.3976
5.95386, 296.966, -164.036
5.36403, -484.154, 355.816
6.60667, -3546.75, 6252.68
4.21807, -3819.39, 1478.74
5.09387, -170.213, -131.947
6.78438, 197.876, 932.95
6.18587, 122.352, 817.989
3.45992, 1572.79, -724.902
2.83145, 283.001, 14.5938
3.60828, -4526.87, 2858.96
3.33656, 250.007, -235.678
6.31172, 141.324, -107.121
5.44905, 1676.73, -2241.28
4.65223, -6597.13, -463.621
7.09618, 1662.41, -19.1504
5.09668, -1000.12, -1528.99
7.38058, -577.073, 69.0295
5.15714, -45.5575, -114.027
2.98716, -1164.78, 670.812
5.83983, -645.663, -612.986
5.44444, -594.962, 2859.38
5.01137, 312.214, 154.96
2.75808, 464.094, 1430.31
2.6753, -200.695, 335.1
4.41484, 171.834, 562.998
5.55555, -2799.14, -3108.39
5.06574, -6592.54, -465.11
5.98498, 164.231, 1.18406
4.89891, 296.712, -261.352
3.88323, -6758.22, 41.8725
6.01685, -303.55, 3104.32
3.67701, 205.768, -203.685
6.41501, 256.046, -61.5699
6.60589, 593.969, 452.323
3.21842, 4203.97, 3624.83
5.75757, -400.703, -327.432
3.87677, -1355.71, -1819.97
7.26215, 3064.88, -1202.32
4.58238, 483.41, 310.908
3.03869, 228.235, -369.716
4.70633, 346.322, -332.135
6.28811, 112.371, -575.185
2.77803, 60.1194, -44.2882
3.51241, 158.109, -67.471
6.82305, 294.508, -264.004
6.52456, 431.249, 158.922
2.78861, 675.759, 2005.38
4.40304, 181.689, 108.686
4.56124, 30.8957, -17.0393
2.80071, -1294.29, -548.158
7.09746, -1182.1, -1028.98
3.35398, 146.531, -4.77333
6.51634, 228.368, -518.679
3.88599, 2732.44, -742.196
4.44586, 147.548, -71.7838
7.19936, -2062.19, 1124.26
6.24573, 105.098, 3156.7
3.44774, 4554.51, -4631.78
6.89581, 245.304, 33.0913
6.8953, 277.652, -27.209
3.30515, 194.936, -1714.04
5.87346, 381.624, 262.404
6.89096, 180.702, -55.3335
6.98262, -769.079, 4170.44
3.06535, 215.467, 41.7431
5.93789, -1830.98, -1409.58
3.21651, 156.098, -623.602
3.6901, -879.319, 293.04
5.64383, 3236.23, -2215.38
4.312, 151.109, -43.3172
4.64437, -2043.2, -1882.36
4.91936, 1732.57, -2034.59
6.20379, 82.3159, 1780.91
3.23098, 342.382, -344.692
7.36238, 135.615, -101.968
7.3158, 354.29, -62.8622
3.14741, 2867.87, -1786.54
5.3784, 228.534, 184.271
4.66439, 151.981, -790.116
5.50066, 443.128, 45.9313
5.85098, 251.44, 446.137
4.5137, -3389.06, -1161.12
6.46691, -1931.69, -1670.14
4.89889, -3991.46, 1968.29
5.72449, -24.9746, 387.601
4.28836, 6328.82, -991.206
5.96794, 102.812, -920.05
5.83428, 1017.61, 531.622
3.22071, 70.4427, 34.2609
7.10415, 162.175, 18.7866
4.22228, 1238.46, 4308.63
6.66824, 105.003, -190.226
2.74349, 168.89, -1018.52
3.27936, 1447.73, -2388.44
2.55765, 577.55, -361.384
3.94327, 225.721, -86.9919
5.07295, 104.35, 256.515
3.65948, 1235.31, -3876.85
2.75022, 607.826, -325.31
5.33091, 572.7, 148.457
6.69774, 633.232, -212.233
4.28763, 556.541, 39.9229
4.3452, 188.506, -976.478
7.22226, 221.075, -33.8155
4.72425, -1417.01, 19.9887
6.82086, 199.381, -197.942
5.82654, 269.235, 99.1851
5.79297, 355.761, 246.961
7.10736, 2882.61, -2107.89
5.11536, -3598.38, 2888.22
5.45229, -49.6373, 869.124
5.79944, -232.561, -2938.52
4.24765, -1720.38, 1145.6
4.11714, 458.444, 412.739
7.08984, 232.349, 823.676
3.08619, -5310, 2054.46
7.31268, -428.15, 328.143
5.17978, 267.148, -161.918
5.81447, 1809.79, 1005.18
5.48362, -5511.68, 2626.74
6.93363, 69.0697, -1160.4
6.67999, 191.88, -55.0975
6.69339, 168.885, -73.7762
6.85642, -336.817, -337.548
2.5002, -429.007, 2459.61
4.77274, -1102.23, -3320.9
4.25696, 1677.99, 132.337
5.80713, 5555.62, -4250.15
6.22234, -155.417, 266.074
3.3821, -1076.17, -4775.52
7.4621, -1323.13, 1540.28
5.95466, 447.886, -145.716
6.97862, -475.63, 46.3337
3.51579, -1361.79, -512.486
7.2356, 771.591, 489.432
4.88476, -5069.56, 2755.1
6.78578, -4522.93, 2858.93
6.41237, -191.736, -9.91118
5.70687, -3468.35, 3372.48
3.14521, 441.781, -109.607
5.77944, 150.265, -565.843
3.09199, 315.353, 21.9149
3.88793, 2922.72, 807.531
6.65548, 102.003, 2719.59
6.14153, 4259.18, 5484.03
6.74348, 4751.33, -3553.89
3.43989, -461.267, 330.332
6.09602, 87.604, -15.0456
4.25586, -7.50277, -651.056
3.34555, 342.724, 218.904
4.52383, -5094.84, 585.482
4.20924, 257.956, 101.286
6.67141, -234.423, 196.868
3.9111, -3923.2, -6360.49
5.16766, 4029.07, 2321.95
6.25085, 1198.9, -2136.86
4.62554, 548.369, 287.65
4.66964, 897.388, 147.716
3.03022, -3754.12, -2715.52
6.4639, 232.374, 184.76
3.91232, 458.058, -52.3852
7.14264, 4216.03, 6516.12
5.37926, 413.501, 165.539
3.4895, -416.277, -235.773
5.99081, 189.76, -14.7902
3.07265, 812.321, -24.3894
4.22945, 19.1427, -816.288
4.15646, 82.7891, -207.686
6.42735, -5544.78, 2665.7
6.65775, 103.131, -201.332
4.21712, 84.3149, -69.6862
4.2603, -717.129, -86.8053
6.38197, -11.8392, 14.4749
6.58658, 267.801, -350.514
4.26157, -217.997, -563.81
7.09559, 257.411, 76.5442
3.2877, 561.026, -32.7058
5.56029, -96.0233, -110.2
5.54222, 205.579, -171.434
3.16647, 3122.97, 3200.34
3.51409, 3997.67, 5447.37
4.79457, 170.884, -185.685
3.48759, -370.484, 1578.62
6.77118, 456.646, 343.471
6.54562, 1073.01, 943.245
2.80131, 2685.13, -1795.43
6.50584, 1701.55, -4993.21
5.49597, 407.797, 11.6227
7.43182, -11.4647, -65.1714
2.65919, -473.137, -55.3328
6.8356, -3383.68, 4052.18
3.69109, -1936.7, -715.907
3.6127, 2096.27, 896.286
4.73907, 6968.44, 3250.3
2.61231, -213.625, -9.74276
6.79755, 138.808, -63.0414
4.15902, 482.563, -4176.95
5.72195, 827.231, -447.664
7.43521, 107.967, -14.5464
5.30162, 228.364, -28.4499
4.74553, 219.765, -168.578
5.213, 70.0978, -350.743
2.90797, -2386.89, 833.718
3.99606, 1587.36, 3006.06
6.63964, -3806.61, -702.063
6.48936, -4367.31, 1877.27
5.71048, 472.161, -186.893
4.84105, 99.5287, 99.1814
7.15326, 586.039, 2009.9
5.08798, 314.26, -775.706
7.42924, -4521.53, 2810.74
5.94567, -286.119, -223.736
6.19966, 185.822, 137.869
3.46323, 1228.02, 1501.05
6.08881, 3011.21, -1737.3
6.11146, 941.004, -480.829
6.49298, 229.16, -134.571
4.23216, -5150.04, 337.112
5.1481, -2133.71, -1172.71
3.19001, 1244.1, -282.548
6.73218, 105.117, -219.394
6.32766, -384.203, -541.837
7.5, -5499.18, 2628.24
4.24891, -7893.53, -2562.84
5.50367, -538.296, -123.289
3.50808, -484.61, 3444.35
6.2385, -3596.3, 571.037
6.49225, 926.434, -239.711
3.03505, -875.503, -329.363
5.35813, 247.49, 82.5834
2.84683, -5144.73, 1711.86
4.16036, 341.331, 744.171
5.80945, 186.271, 119.028
5.27726, 423.606, 3941.18
7.12415, 410.763, 571.292
2.69832, 329.877, 2793.72
2.62083, 774.867, 1017.18
4.61923, 265.141, -179.171
4.36987, -926.723, 397.106
2.93303, 3643.27, 3593.74
3.05403, 176.539, -74.7574
5.31992, -4983.24, 154.148
7.37269, 246.307, -32.5001
3.05066, 135.245, -3812.39
5.99352, -3076.57, -3385.13
2.79674, 42.5436, 558.571
4.69755, 655.315, -553.657
5.24651, 1192.46, 548.248
3.45129, -36.1014, 180.753
7.36597, 337.824, -47.1464
3.19593, 235.613, -189.314
5.48978, -3079.18, 275.277
7.12812, 304.166, 576.201
3.91116, -1512.93, 345.678
6.8307, 508.529, -420.327
6.29598, 870.565, -1295.85
6.10793, 261.852, -124.544
3.34241, 270.36, 33.7903
3.32882, 1365.49, -2572.24
3.39076, 286.342, -116.375
5.87226, 147.693, 103.969
4.83484, -328.184, 609.098
6.85219, 37.2648, 5.59905
5.76023, -586.384, 276.555
5.80464, 1797.22, 1007.49
2.58037, 111.72, 201.152
4.30596, 5894.75, 3325.93
3.72747, 129.372, 941.707
6.93086, 88.345, 103.64
5.23701, -7489.52, 136.492
6.57209, -534.844, -336.861
5.24453, 213.957, -49.8717
4.16156, 862.296, -344.509
4.40213, -1820.38, -3271.54
2.52389, 2039.03, 407.944
6.95226, 203.718, 31.3702
6.16955, 887.374, 261.906
6.04239, -264.955, 218.606
5.1278, 1967, -2824.16
6.41065, 158.862, 255.701
3.42484, 355.117, 30.7612
5.72673, 232.387, -61.9451
3.42178, 10.759, -132.133
3.31214, -1069.97, 694.082
2.65594, 1244.79, 1473.32
7.42716, 54.9761, 39.9964
4.04559, 546.976, 159.637
4.11075, -196.319, -4.77678
5.51155, 258.501, -45.0099
2.89107, 5706.98, -1032.89
3.93936, -568.438, -45.2429
5.79307, -87.9225, 511.766
7.36348, -108.007, -65.3514
7.27758, 4085.08, 1634.86
7.42745, 415.33, -193.02
7.30478, 204.905, -37.7952
3.0073, 944.401, 150.643
3.71505, 176.555, -29.047
6.91151, 765.721, 54.8835
5.28805, 373.455, -12.8953
6.7669, 56.4816, 7.50729
7.49145, 63.2924, -92.2272
3.99751, -4821.1, 1934.98
6.33157, -8689.71, -2824.96
4.81901, 910.567, -1189.11
6.8168, -121.022, -81.7081
6.99018, 113.317, 44.4094
7.377, 800.999, -20.7347
2.77405, 644.7, -250.207
6.32605, -180.34, -433.11
5.09219, 1570.12, -2462.32
3.46574, -613.561, 164.242
6.98252, 77.2048, -17.6219
6.38492, 231.068, -19.9995
2.75968, 791.388, -1594.03
7.47331, 1603.17, -2546.98
5.93659, 244.546, 7.05917
5.94854, 1778.73, 982.108
6.57666, 2991.55, -1432.4
7.05426, -133.584, -13.7196
3.34218, 2645.73, 5133.54
5.24183, 2903.02, -2177.72
6.53351, 105.917, 49.9123
4.17803, 397.503, -72.2512
5.53435, 0.572268, 561.738
6.59602, 1693.21, -2283.22
7.3485, 204.47, 172.366
6.29349, 641.956, 462.332
3.72113, 62.2011, -1143.15
5.80589, 561.609, -119.776
4.21574, 218.608, -102.66
7.27146, 277.5, 72.6523
2.60828, 3061.52, -3329.3
4.54979, 220.87, -55.9941
2.55789, -4255.15, 3905.29
3.04964, 328.447, 1601.79
5.28259, 343.131, -275.494
4.45466, 157.063, 21.1863
7.20539, 205.239, -180.339
2.55572, -265.32, -34.8622
6.22897, 1081.27, -2572.39
3.84293, 84.548, -244.584
4.27153, 107.455, -13.8187
3.45835, 6330.75, -6474.16
5.14832, 527.774, 262.26
4.39478, -942.91, -5414.3
3.16407, 267.37, 94.1584
4.26563, 86.9184, -109.375
4.2497, -5108.62, 2642.23
7.41084, -2362.17, -1760.7
5.25961, 375.7, 36.1489
4.99918, -1990.19, -563.005
3.58531, 1489.45, -2199.03
4.37311, -270.811, -835.269
6.78251, 3309.51, 2978.26
6.45578, -3106.72, 6312.51
3.9204, 2930.7, -3712.62
5.07645, -141.115, 48.1566
6.79238, 426.946, -26.4872
7.07844, 181.292, 15.122
7.48941, -1940.1, -1635.19
6.53177, 241.655, -244.164
5.22718, 225.001, -572.68
7.3461, 841.019, 341.364
5.31931, 1185.87, 392.368
4.03031, -195.737, -535.232
5.41853, 169.072, 103.244
2.91197, 164.123, -418.172
5.47382, 331.522, 266.476
3.31968, 2874.03, 5597.91
6.46527, 371.754, 106.092
2.95373, -423.987, 1626.76
6.3072, 74.0591, -740.123
6.83996, 112.248, 53.3113
6.40105, 229.162, 66.7972
6.61399, -1924.09, -290.212
6.70974, 214.843, -32.5084
4.48328, 368.268, 536.105
6.508, 203.187, -176.377
6.56811, 368.421, 124.826
5.43493, 459.244, 1054.45
4.64621, 175.905, 673.109
2.5002, -1210.19, 445.392
5.31153, 118.526, -58.3333
6.22632, -610.578, 640.128
3.89846, 3421.47, 2053.75
2.93406, -845.948, -4854.06
3.5733, 851.185, 1040.84
3.93296, 777.999, -5.00662
4.86595, -54.953, -105.844
6.95893, -1909.55, -1645.19
5.91955, -510.665, 276.331
3.54376, -248.325, -147.751
6.67533, 315.961, 48.4147
7.09218, 226.204, -589.711
4.48244, 465.24, 318.95
6.37858, 1735.46, 105.22
5.68161, 703.914, 206.496
6.64746, -246.315, -202.576
3.40204, 1694.09, 468.495
7.45927, 249.496, -108.279
6.70558, 129.168, -55.9037
4.65177, 398.919, -714.246
4.38589, 152.159, -51.536
2.70802, 514.46, -580.247
6.80715, -684.6, -1059.93
6.62116, -4456.36, 2675.43
6.25052, 1797.16, 1247.82
3.55801, 104.725, 130.746
4.31029, -418.221, -315.201
4.43545, -270.695, -302.699
7.32918, -3253.27, -2039
6.5872, 500.818, 69.704
4.5755, 2003.67, -308.537
5.83759, -243.873, 590.957
2.52101, -4337.2, 4556.37
6.98048, 252.295, 22.264
3.68416, -280.996, 1053.29
3.79415, 279.195, 49.7347
5.4939, 1190.82, 158.017
6.89823, 555.608, -111.382
6.16299, 153.111, -277.214
6.0773, 743.055, -292.52
3.57724, 6343.53, -283.325
6.30413, -4314.83, 3399.73
3.85351, -123.865, -411.068
2.75246, 357.631, 23.9395
4.78866, -1865.04, 498.315
2.58759, 61.8076, 246.245
3.01129, 6476.95, -4118.5
2.639, 3067.88, -1844.81
5.65921, 139.071, 202.049
6.34425, 210.832, -102.542
2.74132, 482.43, -33.3622
6.6924, 363.322, 640.062
6.76899, 307.648, -99.8893
6.57649, -239.809, 738.266
6.85188, 454.55, -4546.32
5.27222, 931.992, -271.683
6.12646, 55.482, 615.952
3.20424, -4690.54, 4000.27
6.6115, 148.294, 9.26787
5.51185, -2792.72, -3110.61
4.93856, 218.733, -616.365
6.14942, 457.409, 249.147
4.05164, -1793.86, 1174.92
3.93925, 202.339, -481.403
5.45857, 2223.15, -2769.21
5.34055, -3226.5, 1730.36
5.41059, 2708.84, 2201.65
2.84132, -468.162, 318.453
4.34304, -1684.76, -513.872
6.28475, -424.95, 146.813
6.35297, 622.335, 3088.43
4.27217, 331.302, 498.753
5.98913, 425.165, -62.4232
5.08005, 1787.87, 1166.16
5.94494, 705.873, 225.785
6.18066, -1719.08, -1313.11
2.56231, -2877.58, -1774.27
7.16549, 158.187, 48.6885
5.37826, -149.094, -281.62
3.05587, 988.889, 255.887
4.87388, -18.8982, -256.106
3.24247, 1835.44, -949.323
4.22594, -9095.95, -2025.26
7.04476, 201.804, -176.241
4.54571, 2897.89, -1412.64
5.96642, 186.03, 33.7317
3.35865, 275.904, 41.6974
6.21715, -4948.76, 1723.01
4.16319, 189.485, 145.327
4.62157, -5.81047, -40.707
2.79523, 304.306, 123.581
5.09005, 91.9093, -137.353
5.94425, 311.941, -91.0517
5.01149, 290.731, 137.253
6.56617, 232.002, 125.265
3.07974, 103.752, -501.846
5.24841, 918.769, -409.428
5.06046, 691.091, 3.10134
6.02649, -1900.09, -1682.96
5.65083, 176.662, -213.825
4.0207, 142.721, -183.889
6.74719, 161.895, -119.384
3.39619, 1668.01, -2327.71
2.61737, 331.6, 983.459
4.19467, -93.8066, -142.346
3.43818, -1932.6, -1557.56
6.60467, 80.4749, -156.154
6.72507, 129.774, 3157.37
6.78031, -3212.14, 1773.81
7.37454, 103.879, 117.642
2.99587, 16.5626, 590.484
2.56182, -4090.79, -3056.92
2.58614, 656.913, 720.281
2.64527, -290.146, -266.466
4.1031, -1790.07, -1705.49
6.17815, -3294.88, 1953.21
3.14876, 819.968, 126.421
2.5161, -3060.07, -619.674
6.91905, -776.313, -600.23
3.70482, 172.014, 132.142
4.38481, 229.672, 1294.71
4.44879, -2.50473, -160.306
2.81534, 3785.74, 1437.58
7.30792, 68.4702, -93.3299
3.75349, 307.27, 42.8665
6.85376, 352.547, 111.881
2.85991, 3151.51, -4258.44
2.70653, 4113.42, -2544.68
3.46378, -591.142, 287.148
3.86708, -2141.45, -1961.56
7.4007, 242.848, -135.395
3.60607, 1251.7, -5211.17
6.43119, 1634.05, -2452.29
4.42306, -290.723, 1588.33
3.78593, -2982.09, 3441.25
3.91087, 177.354, 291.68
7.33834, 1196.72, 452.319
4.22841, 311.934, -36.6072
3.45922, -590.029, -779.84
5.05037, -27.0069, 144.99
5.21857, 1163.01, -4655.27
5.72333, 1033.8, -221.04
3.89738, -925.484, 165.673
3.41887, 300.513, -409.541
2.71579, 2266.64, -2631.99
3.98408, 91.0278, -76.7547
4.25548, 927.706, -568.863
7.09372, 181.214, -70.3811
5.81225, 178.056, 560.706
5.08041, -1966.12, -1624.44
4.03763, 150.38, -57.6012
3.0007, 1885.05, 2025.44
3.47502, 185.498, 91.1286
4.11407, 3214.21, 3274.21
5.56182, 97.9649, -117.063
5.13511, 2931.74, -1393.31
3.45653, 76.4676, 536.471
4.7178, 5651.31, 3318.92
4.48693, 6515.47, -1271.15
6.28051, 31.1565, -485.575
6.6213, 761.887, -340.685
5.51573, -144.731, 403.762
3.04573, 128.69, -525.288
4.11797, 2408.34, -705.987
5.03403, 198.857, 30.8798
4.76521, 369.286, -446.325
4.77315, 701.877, 235.058
4.91125, 36.0936, -23.8784
5.07896, -4466.5, 776.758
4.50207, -2196.78, -975.844
4.22945, -518.43, -358.548
6.64533, 50.8012, -399.125
3.02204, 2280.53, -1533.82
6.40057, 172.049, 59.2485
3.19919, 932.434, -585.742
2.62171, 3940.96, 4455.34
6.0664, -61.4881, 1190.51
7.15538, 250.522, -48.1441
7.47667, 275.639, -38.8282
3.86264, 139.652, 116.16
3.6923, -1915.18, 201.268
3.87328, -446.841, -3128.27
5.70836, -591.12, -679.548
5.17637, 185.515, -105.96
6.8967, -2856.02, 5025.41
6.75968, -245.565, 8.66154
2.98004, -109.615, -466.606
4.66818, 218.773, -274.467
3.17045, -104.563, 266.908
5.86802, 252.227, 86.4866
5.34964, 198.296, -604.434
3.66474, 72.632, -832.171
5.50306, 968.978, 246.241
2.6551, 202.175, 130.692
7.08512, 206.229, -75.9054
3.82958, 418.014, -701.266
6.50016, 192.549, -11.6014
5.46389, 170.983, -115.722
5.0822, 736.132, 63.9003
5.2567, 2244.37, -1168.02
3.47225, 669.318, -216.716
5.36152, -2984.51, -9.41771
3.81992, -634.954, 6875.61
4.41648, 2822.31, -5821.9
2.73626, -533.678, -339.928
4.22823, 538.379, -13.0259
3.61594, -3040.97, 7332.55
3.81264, 143.917, -174.088
3.05141, 49.2117, 44.2658
7.40088, 252.607, -184.083
5.93794, 715.612, -331.015
5.82158, 458.229, -13.1685
5.99501, 665.636, 258.882
2.68746, 256.534, -1.15871
3.6706, 376.968, -76.4959
3.95397, -5680.13, -8546.42
3.50543, 288.542, -218.379
2.7177, -2672.17, 4012.23
2.56571, -1063.21, 109.707
6.07297, 6050.56, -1908.39
6.88348, 596.792, 117.291
5.35088, 1824.83, -3377.89
6.92743, -3069.01, -3512.05
5.20042, -1608.96, -527.91
3.31357, -1724.7, 151.91
3.30492, -2796.28, -2084.83
7.19182, 89.2905, 148.764
3.45628, 42.2189, 523.295
3.15761, -2967.11, -357.064
4.41122, 596.2, -503.528
6.12674, -587.212, 2871.32
2.50651, -6591.93, -465.85
4.60222, 4684.67, -2651.63
5.18984, -681.598, -74.0096
4.86596, -1297.83, -649.627
6.33003, -131.706, -293.129
2.9396, -913.035, -923.041
7.04284, 34.7928, 300.664
3.20818, -79.1501, -449.604
2.54782, 220.948, 576.724
2.82267, 45.0349, 634.652
4.96742, 62.9623, 258.494
5.40914, 141.158, -75.5191
4.03373, 3886.08, -6790.96
4.57091, 386.724, 88.553
4.33401, 1649.76, 1905.93
3.42687, 436.525, -2383.99
2.76788, -2768.5, -2496.45
4.47222, 272.789, 22.7737
3.98388, -1317.86, -1451.13
5.05388, 352.178, -96.3672
3.75392, 2329.74, -3762.74
5.01589, -1353.23, 2347.88
2.51168, 228.319, -500.007
7.01807, -5506.9, 2626.05
2.79181, 3362.92, 3500.14
5.17506, 225.971, 3160.87
3.95754, 2735.11, -1108.55
7.3023, 195.331, -62.5107
4.73406, -3271.47, -1247.06
5.08479, 138.058, -38.7228
5.93861, 824.208, -667.944
2.72187, 36.2366, 69.8301
7.2946, 3756.83, -2720.76
5.70852, 104.881, -18.2728
2.80215, 229.87, -130.457
3.33964, 598.737, -15.3993
5.76491, 222.491, -4.83404
6.19864, -471.452, 2420.33
3.57011, 195.538, -633.443
4.31441, 783.532, -1891.41
6.56981, -252.731, 430.278
5.32057, 324.487, 50.8166
7.45886, 254.634, -243.411
6.5669, 227.439, 331.858
3.49157, 3406.57, -4323.21
2.50003, 3.58992, 381.643
4.62608, -3390.45, 4028.34
4.07406, 1832.94, 1137.43
5.56218, -3569.43, 598.439
3.83351, 358.208, -8.27309
4.39881, 1558.81, 433.018
5.43397, 160.785, -75.0618
5.95636, -2101.14, 30.8355
7.26736, 214.991, 27.8158
4.89785, 102.364, 872.327
3.60319, 367.164, 751.838
5.33741, 912.44, 691.008
6.09873, -200.398, -135.37
4.4953, 1832.41, 86.0135
3.48326, 160.941, 263.928
6.66971, 498.388, -124.27
5.59561, 9.99162, -177.148
7.26866, -221.668, 194.115
3.23222, -566.141, 449.595
5.38953, -268.831, -185.713
7.26796, 187.432, -106.433
3.62331, -5574.3, 2749.29
7.25137, 82.7795, 32.6553
3.07874, 1014.79, -438.112
2.58372, 332.647, -88.9946
3.90465, -71.9906, 103.967
7.15042, 174.165, -441.324
3.04796, -497.997, -290.432
6.77266, 323.14, 76.0038
5.68532, 259.808, -63.0716
5.63853, 250.259, -88.0405
3.80589, -679.974, 1359.97
5.13936, -902.164, 220.945
7.16608, 2101.73, 883.318
3.98055, -1202.59, 57.5968
4.78006, 206.689, -29.6671
6.35659, -1089.23, 4642.22
4.17193, -1988.12, -3248.38
6.31775, 565.942, 346.987
6.65892, -2192.52, 2505.18
2.64618, 2421.86, -1559.77
4.31315, -73.8389, -1021.42
4.16221, 282.099, 103.31
3.17675, 1943.26, 2022.54
3.00839, 1285.1, -3959.45
5.11327, 75.0215, -237.77
3.52046, 848.828, -239.542
5.00728, 32.998, -461.049
5.1371, -4906.95, 3308.99
4.13422, 325.513, 180.353
4.75888, 284.365, 192.401
6.85263, -357.95, 199.925
4.72884, 435.582, -131.451
6.03726, 422.025, 117.461
6.83171, -1795.46, 350.915
6.5822, 559.034, -744.8
2.67504, -3807.65, -1482.03
3.8644, -881.876, 2069.87
5.21858, -1459.67, 973.525
3.19942, 4353.3, -685.503
5.57408, 164.828, 116.034
3.29182, 784.615, -352.511
4.41129, 711.145, 376.49
5.94997, -693.766, -308.525
3.21128, 3871.86, 12.3869
5.65284, 272.06, -215.828
3.15973, -3279.33, -1579.54
7.13583, 41.6577, 2.0429
5.53465, 5372.38, -8199.21
5.50388, 591.429, 747.546
3.33635, 1062.93, -216.565
3.301, -1573.21, 2129.08
5.91628, 130.318, -173.605
5.1456, -182.719, 592.938
3.65264, -1971.1, 1093.31
6.55373, 424.093, -62.8126
5.76477, 444.241, 184.237
4.08597, -105.488, 755.661
2.53953, 91.5194, -158.153
3.49176, 704.744, 10.7741
3.78831, 13.089, 251.34
3.03825, 266.791, -1175.15
3.49545, 32.289, -740.82
6.75079, -5730.22, 3026.87
6.63912, 257.517, 588.448
6.76813, 433.031, -14.5129
5.71027, 208.72, -204.332
3.6787, -2869.6, 2974.81
6.80638, 124.326, -114.702
5.4745, 18.6298, 153.2
2.52745, -1754.25, -1290.95
6.84925, -286.172, -812.385
7.37729, 42.7854, 36.2379
5.59653, -1912.2, -1649.37
3.85574, -118.01, -404.102
7.46973, 271.932, -52.0637
4.60751, -914.41, -679.69
4.20537, 368.752, -5.7493
4.80717, 158.109, 75.674
4.44822, -1059.04, -2922.09
4.613, -4741.16, -889.101
2.84879, 25.321, 468.415
5.5153, 107.921, 79.9141
7.36114, 104.972, -98.8404
5.07406, 226.257, 52.768
7.45461, 199.119, -59.9681
5.84906, -2606.26, -6065.37
4.01716, 270.091, 158.406
3.47371, 742.428, -295.18
4.0109, -1127.24, -80.1359
4.93946, -242.67, -116.282
4.72438, 813.454, 107.855
5.7844, -466.951, 195.145
3.74227, 5895.45, 3327.16
4.72007, -1283.04, -1025.28
5.75894, 57.5682, -174.419
6.67472, 130.226, 143.014
6.03698, 78.7649, 880.513
4.93928, -28.7225, -975.408
6.72039, 693.032, 78.0819
7.00296, 856.197, -708.438
6.33082, 325.124, -126.03
5.29453, 687.647, 1132.06
2.70603, -723.745, 490.105
5.46749, 131.755, -79.914
2.68674, -30.2443, -3882.61
4.53488, -1129.64, 1149.75
2.84243, 18.3539, -524.455
7.38558, 172.016, -303.708
2.5956, 1892.97, 3081.63
6.60363, 149.255, 38.6828
5.2195, 3865.57, -3292.82
5.72828, -68.8806, 307.182
3.62934, -260.838, 184.76
2.733, 645.111, 3234.35
3.63154, 434.277, -161.933
4.58371, -107.064, -2602.57
6.40126, -267.467, -181.169
3.72852, 1688.47, -2274.36
4.81411, -121.517, -264.804
6.14756, -1159.19, -550.411
5.35237, 5462.24, -746.631
5.45997, 638.748, 220.807
4.98425, -1047.97, -75.2203
3.951, 275.751, 199.862
4.71107, 143.739, -17.7353
2.53669, -3134.85, 6907.76
7.41683, 148.264, -19.2871
2.52822, 257.578, -41.9237
4.8676, 2066.13, 633.193
5.86497, 3735.57, 6398.22
