6.27803, 177.349, -39.5295
3.5948, -41.8777, -63.0194
5.89648, -72.4217, 66.0126
5.09708, 25.8132, -233.272
2.76731, -2.58309, -52.5086
2.53849, -108.013, -94.6819
4.58743, 25.4022, 9.24813
7.15218, -156.412, -57.7824
2.95982, 4.11865, -228.084
6.00595, 5.67547, -2.81746
3.81226, -224.264, -118.257
4.14117, -1.67553, -70.0655
7.45519, -28.5041, -26.2848
7.41275, 139.476, 87.4112
5.75759, -160.249, -309.354
6.92354, -215.055, 113.948
6.33247, 20.6694, -31.6467
3.87453, 232.567, 32.4978
4.93259, 142.797, 97.4998
2.80282, 304.634, -27.5979
5.08146, 3.91789, -282.648
4.96988, 220.341, -34.076
7.23882, 204.711, 97.2174
4.42071, 87.0757, 57.94
5.14874, 299.448, -44.5899
2.75042, -62.9013, -253.472
6.63909, -40.7588, -173.053
5.94228, 220.6, 125.656
6.18112, 82.7231, -253.412
6.94286, -32.4323, -110.078
4.25508, 29.3796, -32.274
6.72991, -65.0824, -96.2617
3.84659, -21.5294, 25.2338
4.83959, -90.3392, 128.088
3.2686, 157.552, 134.821
2.66527, -142.362, -146.575
7.2768, 130.864, 179.305
6.95369, -264.276, -201.773
3.29884, 2.83853, 18.2792
3.15214, -337.572, -22.0092
2.515, -483.346, 45.8089
6.0491, 70.9043, 146.909
3.40448, -340.113, -30.5151
5.76029, -137.9, 47.1827
4.42907, -186.373, 21.0089
3.23766, -129.809, -226.866
5.45054, -96.4976, -184.263
3.24076, -144.431, 57.2709
3.2091, -190.982, -288.633
4.94257, 148.585, 135.908
3.13015, 63.8863, -78.3124
5.64635, 33.5024, -6.54926
5.60817, -223.153, 214.471
4.88216, -74.1226, 11.0002
2.64188, 165.59, 107.763
3.21011, -206.547, -59.965
3.15594, -48.1438, -229.748
3.31099, 40.3335, 37.5826
3.76529, -119.119, 92.3097
4.77654, -129.581, 96.7243
6.54472, -31.0067, -53.2487
3.57624, 32.6862, -162.859
3.75063, -63.8747, -224.48
5.02978, -87.9296, -203.794
6.27922, -54.749, -133.524
5.66369, 10.8838, 144.626
5.9449, -20.6776, 3.00935
7.27207, -134.037, -121.031
5.18713, -285.349, 130.727
4.57014, 44.799, -7.80558
4.70019, -67.02, -94.887
6.07821, -0.202883, -56.1009
6.20858, 96.2109, 110.813
5.12494, -171.972, 39.9204
6.06711, 33.5411, 26.3832
5.91025, -110.973, -40.0669
6.82941, -99.5938, 141.238
3.19597, -161.892, -86.1134
3.57766, -338.72, 90.595
5.0733, 164.557, 108.905
4.83766, -90.181, -202.244
3.55759, -162.253, 157.196
5.65244, 46.6123, -77.0147
2.5044, 14.1825, 59.613
4.09589, 155.82, -741.978
5.90281, -76.7293, -203.03
6.0446, -161.902, 32.0458
2.90869, 11.2108, -22.1157
3.56926, -55.5391, -23.9843
4.44412, 113.066, 194.469
4.44927, -188.672, -169.063
3.92018, -90.9188, 28.2214
4.6123, -127.817, -187.312
2.55658, 209.513, 78.7896
3.72027, 56.5766, -125.875
4.49072, 147.545, 18.4262
6.64177, 123.153, -33.3795
3.78584, -106.343, 23.7229
3.59705, 152.664, 26.13
6.47385, -155.035, -56.9976
5.8476, 14.6446, -439.013
5.49108, 164.064, -52.5823
5.99917, -94.7842, -72.3367
5.13062, -0.0589652, -19.0219
4.14833, -9.93899, -52.57
3.30844, -496.015, 67.5221
6.56633, 22.0888, -148.549
4.08004, -160.402, -156.333
4.05369, 37.3159, -2.9236
4.65424, -180.807, -126.012
4.46509, 19.6008, 234.852
4.43916, -162.438, 22.837
4.34871, 192.488, 111.175
5.88118, -83.0432, 123.201
6.10384, -69.5609, -66.5616
7.20082, 135.098, -159.651
5.08573, 29.1161, -10.3021
5.5282, 10.2648, -1.2593
5.85049, -25.5816, -5.75214
5.11404, -195.647, 95.3242
3.87105, 33.381, -150.985
7.08924, -94.3973, -21.515
3.73367, -160.144, 100.861
4.77876, -31.8041, -341.988
3.30374, 79.0148, -108.419
4.68319, 106.994, 320.2
7.45767, -174.99, 20.8093
6.26931, -227.836, 180.129
4.97846, 142.737, 18.8501
7.01651, 87.9665, 79.2594
4.68213, -117.135, -189.437
5.09239, 0.734425, 40.5865
4.44866, -16.4936, 63.4948
5.63431, 3.83037, -10.2912
5.19331, -229.76, -106.451
4.35955, -207.961, 199.551
2.54674, 20.7344, -100.555
6.3794, -19.0371, 196.997
2.85317, 335.359, 185.372
3.98511, -210.485, 56.3165
4.78581, -101.502, 218.273
3.25156, 41.5783, -15.1051
5.97819, -181.709, 218.21
4.15587, -257.654, -58.9675
5.21197, 20.7958, -147.361
2.64678, -108.381, 222.017
5.38086, 38.9644, 102.244
5.18133, -151.206, -50.9236
7.36678, 163.516, 67.2831
5.57063, -91.8122, -46.9868
5.26431, -180.282, 174.473
6.69051, 15.6083, -225.894
3.75764, 96.4943, -161.086
6.98957, -117.728, -57.7869
5.97428, -188.976, 96.0766
5.82752, 226.353, -56.9367
3.06838, 272.761, 157.867
3.37987, 186.622, 560.266
2.91253, 98.5875, -573.304
6.68103, 79.1089, -157.353
2.64818, 165.357, -748.487
6.34719, 38.7366, -13.5237
4.29829, 54.8437, 93.7837
6.24626, -42.8831, -150.581
6.28385, -111.842, -60.9662
3.60834, -253.789, 212.549
5.58305, 19.4477, -6.43625
3.66846, 55.1192, 83.4886
6.22052, 70.4976, 216.461
5.80997, 206.78, 209.05
4.9209, 60.4111, -172.683
2.58972, -369.342, 305.484
4.98291, -54.9194, -130.836
5.09587, 119.011, 6.00744
4.71395, 261.234, -63.757
4.14528, 280.988, -90.6856
3.52671, -249.317, 9.39899
7.19863, -36.9694, -156.102
2.85168, 233.706, -179.559
3.30042, -32.2788, 341.376
6.70788, 43.1109, 30.1498
4.13614, 123.825, 104.269
6.85942, 78.8065, -402.03
5.99896, -25.622, -108.696
5.52801, -66.7305, -91.1027
4.77536, -44.3579, -62.5844
2.91543, 451.574, -446.11
3.94883, 229.803, 52.3017
6.51009, 242.799, 63.3577
6.81821, -146.767, -53.3583
3.81831, -105.13, 186.061
4.79881, -27.2928, 50.7286
4.95672, -104.398, 175.185
5.82344, 70.4743, 99.9039
7.31738, 147.114, 90.5113
7.23022, -185.287, 11.3761
2.81902, -185.502, 165.123
5.04829, 135.604, 96.9256
6.13222, -30.5856, -109.96
5.65882, -192.343, -21.47
3.26658, 134.487, 54.2454
5.09652, 261.721, -63.4824
3.52281, 87.1853, -127.117
6.03231, -149.599, 106.409
6.05786, 137.068, 73.1111
3.66304, -59.5363, -24.6318
6.80594, -30.2269, -39.8627
2.67122, 108.039, -494.336
6.26587, 74.9266, -116.271
4.14789, -40.3314, -31.6566
4.65309, -109.158, 35.0518
7.33455, -142.245, -189.593
4.05803, 113.072, 148.573
5.69762, 20.4293, 21.6672
5.95386, -4.3262, -84.4246
5.36403, -41.72, -31.7127
6.60667, 49.5935, -109.06
4.21807, 65.5421, -79.4113
5.09387, 174.12, 121.609
6.78438, -106.076, -65.4031
6.18587, -167.505, -110.533
3.45992, 166.512, -108.611
2.83145, 32.8805, -149.159
3.60828, -122.271, -33.9866
3.33656, -66.4029, 47.96
6.31172, 2.04463, -48.7351
5.44905, -29.5166, 72.3622
4.65223, -121.04, -160.037
7.09618, -116.128, -3.05098
5.09668, -246.862, -177.543
7.38058, 44.1264, -23.7467
5.15714, 117.439, 104.287
2.98716, 65.6805, 608.194
5.83983, -165.461, -52.4643
5.44444, -151.401, -67.1741
5.01137, 71.8241, 46.3067
2.75808, 2.80663, -525.485
2.6753, -90.9471, 120.605
4.41484, -41.0973, 33.4695
5.55555, 9.5897, 86.9445
5.06574, -150.727, -155.291
5.98498, -24.3359, -84.0931
4.89891, 115.699, 136.855
3.88323, 44.477, -55.0937
6.01685, 45.9726, -145.115
3.67701, -1.80967, -272.573
6.41501, 85.4584, -67.2777
6.60589, 67.4078, -273.199
3.21842, -136.283, -360.321
5.75757, 9.28112, -50.4755
3.87677, -183.151, 36.6294
7.26215, -354.435, 475.805
4.58238, 75.0422, -3.95756
3.03869, -57.7592, -158.503
4.70633, 37.2329, -127.581
6.28811, -24.6837, 25.6448
2.77803, 114.056, 179.325
3.51241, -84.9849, 30.218
6.82305, -110.052, 16.9921
6.52456, -5.25294, -1.71669
2.78861, -3.64587, -134.362
4.40304, 62.582, -43.4398
4.56124, -133.242, -145.645
2.80071, 22.4885, -222.201
7.09746, -24.5491, -55.7556
3.35398, -81.1704, -149.536
6.51634, 113.461, -105.517
3.88599, 28.3339, -36.9646
4.44586, -548.295, 270.902
7.19936, -54.3566, -255.724
6.24573, -3.30982, -127.305
3.44774, -307.937, 384.045
6.89581, -142.773, -60.167
6.8953, -110.604, 121.86
3.30515, 38.5273, -8.22639
5.87346, 57.0234, 64.0184
6.89096, -121.755, -74.3729
6.98262, -128.471, -113.241
3.06535, -86.7657, -229.032
5.93789, 103.324, 16.0718
3.21651, 59.4162, 12.9384
3.6901, -201.008, -9.08448
5.64383, -268.098, 110.67
4.312, -66.8256, -221.908
4.64437, -18.7566, -67.8478
4.91936, -287.655, 189.915
6.20379, 124.029, 136.489
3.23098, -28.4632, -71.7078
7.36238, 152.118, 34.2307
7.3158, 150.139, 94.0868
3.14741, -387.561, 446.518
5.3784, 58.3987, 11.3766
4.66439, 9.76825, 502.755
5.50066, 147.489, 100.469
5.85098, 44.3463, 26.3937
4.5137, 170.151, -195.008
6.46691, -7.25683, -61.4409
4.89889, 69.8895, 81.9362
5.72449, -142.121, -179.233
4.28836, -280.053, -11.2916
5.96794, 106.6, 21.4424
5.83428, 204.998, 173.98
3.22071, 62.9654, -116.791
7.10415, 112.193, -60.5162
4.22228, 140.156, 69.326
6.66824, 38.5574, 6.68757
2.74349, -188.541, 131.147
3.27936, -463.328, 367.72
2.55765, -91.0861, -157.147
3.94327, 56.5372, -247.244
5.07295, 28.3463, 17.4272
3.65948, -42.3228, -74.1733
2.75022, 22.8096, 25.3256
5.33091, 140.863, 90.6475
6.69774, -114.419, -237.055
4.28763, 59.5719, 244.403
4.3452, -23.4244, -192.115
7.22226, -264.931, -74.7156
4.72425, -0.828237, 35.5659
6.82086, -114.644, -85.6504
5.82654, 58.8672, 64.0289
5.79297, 84.5207, -351.695
7.10736, -41.6557, -15.9938
5.11536, -165.004, 61.1529
5.45229, -274.566, 42.9913
5.79944, -56.786, 101.181
4.24765, -97.5391, -71.7251
4.11714, -162.494, -91.7218
7.08984, -88.6385, -176.37
3.08619, 178.999, -104.601
7.31268, -92.9735, -99.6833
5.17978, 89.9574, -1.3679
5.81447, -30.8454, -72.5745
5.48362, 183.329, -109.516
6.93363, 333.357, 5.15759
6.67999, 135.133, 50.3412
6.69339, -185.774, -56.1991
6.85642, -23.8876, 50.8983
2.5002, 298.065, -121.341
4.77274, -49.0699, -96.691
4.25696, 208.278, -74.6228
5.80713, -203.004, 56.4723
6.22234, 93.2794, -52.5011
3.3821, -92.7806, 25.9379
7.4621, -46.3484, 27.9795
5.95466, 42.5374, -63.4351
6.97862, -76.798, -33.1454
3.51579, 462.254, 301.881
7.2356, 261.659, -126.45
4.88476, 210.242, -117.11
6.78578, -121.701, -18.1933
6.41237, 143.704, 99.3341
5.70687, -148.688, -1.48693
3.14521, 55.0159, -107.668
5.77944, -56.0305, -28.5812
3.09199, -66.6533, 136.17
3.88793, -189.134, -131.073
6.65548, 28.8252, -33.2939
6.14153, 244.767, 149.009
6.74348, -168.712, 126.785
3.43989, 111.066, 228.505
6.09602, -17.09, 18.5769
4.25586, -114.638, -85.8836
3.34555, 336.333, 109.64
4.52383, 299.936, -27.7072
4.20924, -32.2609, -157.585
6.67141, -67.2952, -90.2351
3.9111, 64.3207, 128.016
5.16766, -536.78, -219.77
6.25085, -21.6715, -36.9577
4.62554, 105.658, 102.206
4.66964, 106.218, -134.063
3.03022, -74.6049, 171.85
6.4639, 145.179, 60.3567
3.91232, 161.991, 80.1711
7.14264, 12.5265, -243.811
5.37926, -95.6668, -18.0724
3.4895, -155.871, 70.7825
5.99081, -63.6505, -113.224
3.07265, 315.448, 198.985
4.22945, -11.2494, -87.9539
4.15646, 144.858, 68.813
6.42735, 174.323, -122.032
6.65775, -140.985, -113.802
4.21712, -15.878, -153.283
4.2603, 33.9783, -172.359
6.38197, 33.8592, -6.7729
6.58658, -115.946, -297.601
4.26157, 261.135, -322.439
7.09559, 139.797, 93.4348
3.2877, -134.875, -126.203
5.56029, -37.4176, -47.1453
5.54222, 58.5548, -98.6117
3.16647, 60.3674, 43.4628
3.51409, 257.317, 102.607
4.79457, 85.8381, -135.117
3.48759, 147.892, -143.16
6.77118, 93.2449, 12.2906
6.54562, 249.578, 47.0259
2.80131, 50.1175, -57.0857
6.50584, 47.84, 69.3577
5.49597, 31.7841, -3.42315
7.43182, 133.321, -36.7137
2.65919, 19.4675, -254.069
6.8356, -77.4331, -9.94502
3.69109, -26.5876, -153.584
3.6127, 535.698, -383.22
4.73907, -1.69069, 81.597
2.61231, -208.37, 180.194
6.79755, -5.33051, 33.1582
4.15902, 333.479, -764.903
5.72195, 28.305, 49.6987
7.43521, 272.601, 75.8917
5.30162, -126.265, 127.941
4.74553, 206.684, 119.732
5.213, 72.335, 51.1375
2.90797, -151.887, -165.741
3.99606, 539.258, 58.9017
6.63964, -78.6695, -123.25
6.48936, 271.624, -156.629
5.71048, -100.739, -159.875
4.84105, -28.3408, -55.0075
7.15326, 138.832, 60.8207
5.08798, 31.083, 117.969
7.42924, -112.056, -39.5944
5.94567, -56.2445, 7.4742
6.19966, 33.6555, 6.22111
3.46323, -241.075, -125.553
6.08881, -37.0991, -26.6435
6.11146, -95.1268, -206.629
6.49298, -45.4121, -58.5839
4.23216, 218.98, 85.5493
5.1481, 86.914, -2.51599
3.19001, -269.042, 93.6988
6.73218, 145.362, 93.7209
6.32766, 43.03, -37.6776
7.5, 175.229, -114.672
4.24891, 77.8626, -37.8698
5.50367, 12.7326, -114.292
3.50808, 86.8325, 153.51
6.2385, 132.913, 15.6245
6.49225, -120.871, -154.438
3.03505, -769.169, 476.785
5.35813, 141.602, 86.3282
2.84683, -271.134, 196.67
4.16036, -19.7972, -110.717
5.80945, -123.955, -115.839
5.27726, -9.06782, -135.236
7.12415, -63.9552, -189.31
2.69832, 110.135, -452.998
2.62083, 147.919, 186.363
4.61923, -320.208, 206.898
4.36987, -106.408, -104.101
2.93303, -274.639, -221.676
3.05403, -26.3552, 159.877
5.31992, 294.752, -90.9889
7.37269, -77.8967, -153.307
3.05066, -9.66483, 85.1662
5.99352, -105.25, -331.279
2.79674, 67.5918, -56.5817
4.69755, -105.523, -26.5319
5.24651, -18.7526, -112.935
3.45129, -219.078, 110.676
7.36597, -63.3556, -38.8833
3.19593, -3.38794, 40.8491
5.48978, 163.197, -192.304
7.12812, 89.5457, -184.935
3.91116, 26.3876, -240.821
6.8307, 2.75143, 55.7488
6.29598, 85.1999, 8.74028
6.10793, -166.799, 31.7268
3.34241, 3.00608, 5.18992
3.32882, -156.992, 348.141
3.39076, 53.6886, -15.2812
5.87226, -163.277, 50.5239
4.83484, 68.6426, 75.8014
6.85219, 164.844, 110.626
5.76023, 45.1892, 176.465
5.80464, -19.6572, -91.9902
2.58037, 361.052, 176.981
4.30596, 142.912, 133.917
3.72747, -243.519, -357.165
6.93086, 331.422, 106.459
5.23701, -74.0996, -14.3435
6.57209, -27.794, 33.8292
5.24453, 78.7279, -323.878
4.16156, 11.5398, -193.86
4.40213, 23.1719, 101.041
2.52389, 170.562, 0.820482
6.95226, -34.3186, -12.7977
6.16955, 46.1365, -119.434
6.04239, -90.6322, -157.686
5.1278, -182.677, 116.687
6.41065, 25.0624, -48.7256
3.42484, 168.151, -116.277
5.72673, -58.7366, -100.309
3.42178, 90.7755, 89.1937
3.31214, 217.659, -71.3362
2.65594, -295.185, -7.60903
7.42716, 56.994, -73.3961
4.04559, -3.59316, -30.3943
4.11075, 111.174, 95.4314
5.51155, -83.3748, -55.1106
2.89107, -217.636, 125.745
3.93936, -28.1768, -147.601
5.79307, -11.3601, 57.7472
7.36348, 145.676, 91.6374
7.27758, -356.091, -204.768
7.42745, 56.9522, 104.017
7.30478, 306.061, 157.472
3.0073, 48.6108, -135.982
3.71505, 65.3649, -60.6499
6.91151, 53.1472, -34.069
5.28805, -73.0252, -99.2184
6.7669, -104.886, -112.948
7.49145, 22.8782, 0.740341
3.99751, -65.5052, 398.89
6.33157, -0.868488, -58.7206
4.81901, -288.827, 11.2089
6.8168, 164.244, 103.745
6.99018, -66.8236, -86.2458
7.377, -82.6152, 25.9881
2.77405, -272.591, 11.9625
6.32605, -87.1944, 36.3774
5.09219, -28.2136, 2.84428
3.46574, -105.272, -250.392
6.98252, -129.538, 15.2598
6.38492, 106.853, -46.0576
2.75968, -39.8301, -85.0475
7.47331, -42.4394, 27.7101
5.93659, 123.423, 5.35153
5.94854, -25.8883, -76.0036
6.57666, -88.5123, -46.0838
7.05426, 83.7847, 33.7218
3.34218, -95.1257, 156.927
5.24183, -271.895, -19.0438
6.53351, 103.637, 74.2082
4.17803, -187.878, 71.0379
5.53435, 48.7079, 126.07
6.59602, -41.2768, 63.5857
7.3485, -29.039, -43.4081
6.29349, -81.6167, 41.1308
3.72113, 40.5013, 111.238
5.80589, 154.266, -116.294
4.21574, -583.274, -242.304
7.27146, 76.1398, 34.7632
2.60828, -79.7998, 181.337
4.54979, 91.6211, -139.124
2.55789, 609.46, -8.05414
3.04964, -19.5933, -52.5794
5.28259, 38.0546, -1.36344
4.45466, 128.629, 44.879
7.20539, 33.4638, 12.4267
2.55572, 74.961, -404.173
6.22897, 63.8364, -218.134
3.84293, -267.488, -90.0015
4.27153, -7.06171, -51.2371
3.45835, 13.8528, -107.365
5.14832, -100.391, -53.3692
4.39478, 65.6286, 115.857
3.16407, 93.947, -11.9313
4.26563, 252.325, -5.45892
4.2497, -116.626, -113.437
7.41084, -19.7099, 2.04875
5.25961, -33.346, -52.2406
4.99918, 74.7713, 55.6127
3.58531, 99.2726, -27.8502
4.37311, -39.9145, 167.067
6.78251, -590.697, -282.852
6.45578, 79.8729, -263.875
3.9204, -48.435, -9.18736
5.07645, -212.105, 20.942
6.79238, 137.154, 104.446
7.07844, -4.08584, 55.3333
7.48941, -75.9601, -281.325
6.53177, 115.315, 138.097
5.22718, 63.6431, 162.237
7.3461, -31.6414, 285.103
5.31931, 88.2699, -57.2011
4.03031, -27.3476, -74.692
5.41853, -264.528, -49.4773
2.91197, -76.0858, 16.9887
5.47382, -158.342, 93.0314
3.31968, -143.482, -350.243
6.46527, 301.137, 132.491
2.95373, 106.353, -235.367
6.3072, 149.582, -47.9429
6.83996, -12.1816, 43.0624
6.40105, -157.023, -81.2812
6.61399, -193.27, -269.877
6.70974, -80.1578, -85.3599
4.48328, -122.318, -19.9514
6.508, -36.502, 25.0817
6.56811, -128.573, -56.4492
5.43493, 51.1829, 42.8429
4.64621, 83.1429, -31.4882
2.5002, -78.7128, 102.766
5.31153, 52.0104, -59.1306
6.22632, -176.283, -49.5947
3.89846, -88.9684, -91.5739
2.93406, 27.556, -154.319
3.5733, -58.9144, 10.0168
3.93296, 53.709, -280.441
4.86595, -314.604, 270.04
6.95893, -8.90416, -61.5866
5.91955, -138.313, 163.853
3.54376, -33.8091, 55.0496
6.67533, -42.5026, -88.4082
7.09218, -103.354, -154.974
4.48244, 83.5939, 427.097
6.37858, -153.57, -296.424
5.68161, 64.0789, 32.1555
6.64746, -153.081, -92.6674
3.40204, -129.966, 217.087
7.45927, -182.672, 11.4999
6.70558, -85.7986, 129.406
4.65177, -305.484, -287.761
4.38589, -68.3886, -94.0903
2.70802, -90.3671, 99.7961
6.80715, 123.659, 34.993
6.62116, 64.6429, -117.74
6.25052, 48.3337, -291.785
3.55801, -28.0728, -193.429
4.31029, 55.3464, 53.8016
4.43545, 237.747, 187.474
7.32918, 27.4912, -19.6242
6.5872, -104.717, -277.708
4.5755, 249.29, 35.9601
5.83759, -138.92, -19.4624
2.52101, 118.275, -86.344
6.98048, 135.648, -27.8596
3.68416, 13.3053, 29.8184
3.79415, -74.6431, -94.6293
5.4939, -193.643, 29.0824
6.89823, 41.0456, 44.1273
6.16299, 239.83, 176.789
6.0773, -26.9845, -66.5479
3.57724, 86.2616, -63.412
6.30413, -49.2161, -51.9885
3.85351, -27.4852, -46.102
2.75246, -28.7116, -56.742
4.78866, -128.031, -35.528
2.58759, -235.576, 206.301
3.01129, -196.258, 93.8805
2.639, 152.81, -207.854
5.65921, 73.9389, 65.4232
6.34425, 25.5552, 16.4414
2.74132, -234.771, 43.1642
6.6924, 63.8033, 23.0991
6.76899, 169.916, 107.363
6.57649, 86.4245, -73.2243
6.85188, -47.7596, 265.227
5.27222, 112.774, 105.094
6.12646, 96.7422, -5.09198
3.20424, -10.7554, -193.106
6.6115, -160.767, 79.4829
5.51185, 7.382, 82.7252
4.93856, -230.278, 21.052
6.14942, 79.926, -243.278
4.05164, -146.61, 85.4198
3.93925, -65.7478, 98.2171
5.45857, 9.03776, 9.38233
5.34055, 19.6952, -127.125
5.41059, 472.825, 2.33038
2.84132, 89.9753, 36.5961
4.34304, 310.077, 163.284
6.28475, 72.4596, 67.2882
6.35297, 391.961, 122.942
4.27217, 149.032, 99.94
5.98913, 123.016, -168.574
5.08005, -39.8445, -57.5727
5.94494, -85.3481, -3.4736
6.18066, -142.525, -397.051
2.56231, -11.9517, -4.80642
7.16549, -78.0375, -104.364
5.37826, 114.474, 37.165
3.05587, 625.421, 305.697
4.87388, 30.0699, -35.2999
3.24247, -78.5236, 81.5041
4.22594, -327.427, -156.9
7.04476, 80.8415, -41.9644
4.54571, -43.0418, -156.77
5.96642, 96.9114, 82.9249
3.35865, 59.0298, -38.2437
6.21715, 227.818, -163.483
4.16319, 78.8792, -92.0302
4.62157, -119.834, -102.031
2.79523, 16.6374, 19.1207
5.09005, -134.002, -192.974
5.94425, -11.1903, 241.755
5.01149, -50.0443, 92.4578
6.56617, 28.8679, -7.80162
3.07974, 89.7985, -46.8917
5.24841, -58.2461, -366.673
5.06046, -147.293, -126.579
6.02649, -14.4655, -56.5971
5.65083, 34.6249, -190.269
4.0207, 121.506, -13.2028
6.74719, -45.895, -80.6321
3.39619, -58.7482, 45.684
2.61737, 164.831, -45.1361
4.19467, -65.8475, -90.0592
3.43818, -12.4574, -36.966
6.60467, -76.9112, 5.56985
6.72507, 12.5343, 16.2281
6.78031, -93.2515, -21.7992
7.37454, 75.4895, -98.7488
2.99587, -91.0359, 91.8509
2.56182, 288.871, 333.383
2.58614, 323.332, -541.381
2.64527, -112.813, -129.067
4.1031, 89.0666, 17.5169
6.17815, 226.178, -84.2925
3.14876, -189.342, -159.206
2.5161, 8.24688, -19.4631
6.91905, -28.9532, 43.1268
3.70482, 2.45314, 185.852
4.38481, 39.3953, -147.33
4.44879, -72.5178, -95.9383
2.81534, -282.149, -203.49
7.30792, -49.5121, -169.337
3.75349, -195.814, 178.326
6.85376, 46.6829, 31.2394
2.85991, -129.164, 385.215
2.70653, -351.249, 449.313
3.46378, -200.621, 30.0284
3.86708, 41.0562, -269.991
7.4007, 173.078, 35.9866
3.60607, -73.0263, 115.143
6.43119, 10.6082, -7.36558
4.42306, -81.8301, -84.2827
3.78593, -232.944, 176.587
3.91087, 76.8752, -42.8722
7.33834, -365.899, 141.932
4.22841, 324.725, 340.285
3.45922, 56.8731, -107.102
5.05037, 133.87, 41.5889
5.21857, 75.2441, 229.407
5.72333, 39.9425, 117.619
3.89738, -224.761, 27.985
3.41887, -130.558, 187.519
2.71579, -37.8096, 30.3879
3.98408, 144.987, 152.73
4.25548, 8.64179, 50.1406
7.09372, 15.1251, -128.385
5.81225, 6.02689, -1.80651
5.08041, -21.0716, -18.756
4.03763, -418.12, -214.198
3.0007, -73.952, -155.945
3.47502, 197.434, 247.732
4.11407, 39.2165, 111.695
5.56182, -101.082, -69.9027
5.13511, -251.789, 121.126
3.45653, 94.8471, -4.3826
4.7178, 330.451, 195.685
4.48693, 110.957, -57.8196
6.28051, 61.5401, -108.42
6.6213, -129.228, -197.106
5.51573, 253.04, 303.403
3.04573, -2.65633, -38.3879
4.11797, -254.999, 18.6423
5.03403, -132.846, -22.7326
4.76521, 31.1364, -121.914
4.77315, -98.8432, -80.8061
4.91125, -66.9255, -94.0256
5.07896, -267.02, 156.567
4.50207, -31.6644, -300.295
4.22945, -26.648, -75.0799
6.64533, -344.422, 110.869
3.02204, 42.6893, 383.568
6.40057, -133.273, -15.8818
3.19919, 41.1591, -68.0224
2.62171, 71.849, 48.1453
6.0664, -171.312, 64.9725
7.15538, 45.6847, -11.2037
7.47667, -55.7477, -47.0268
3.86264, 99.2341, -48.7804
3.6923, 150.864, 33.3397
3.87328, 92.4165, 443.208
5.70836, 344.951, 180.03
5.17637, -170.85, -104.965
6.8967, -185.969, 148.803
6.75968, 213.069, 223.737
2.98004, -2.89354, -16.8171
4.66818, 182.879, -53.9536
3.17045, 54.4865, -13.6385
5.86802, -28.3511, 22.9242
5.34964, 138.345, 38.3787
3.66474, -51.5139, 352.77
5.50306, -116.229, -53.4971
2.6551, 219.946, 242.548
7.08512, -87.9608, -23.7939
3.82958, -291.113, -156.971
6.50016, 58.9241, -7.81911
5.46389, 94.462, 17.7613
5.0822, -95.665, -69.6974
5.2567, -131.808, -43.8365
3.47225, 316.798, 527.048
5.36152, 126.334, 114.267
3.81992, -45.2041, -315.183
4.41648, -195.768, 169.622
2.73626, 308.729, 208.23
4.22823, -126.639, 131.904
3.61594, -416.203, 392.012
3.81264, -27.9173, -151.323
3.05141, -45.8959, -48.585
7.40088, 75.3986, -24.7125
5.93794, -55.4766, -143.728
5.82158, 139.207, 39.2988
5.99501, 102.654, 91.9803
2.68746, 51.8598, 78.4339
3.6706, 52.8338, 49.7288
3.95397, 22.1026, 5.21745
3.50543, 91.6525, 34.8552
2.7177, -110.432, -149.045
2.56571, -36.6561, -40.7556
6.07297, 92.1369, -126.851
6.88348, 304.917, 155.536
5.35088, 34.5465, 215.77
6.92743, 452.476, 412.28
5.20042, 50.2444, 113.775
3.31357, 123.822, -160.657
3.30492, 26.2513, 22.5434
7.19182, -74.2327, -40.3584
3.45628, 20.8483, -0.365638
3.15761, 230.986, -62.5595
4.41122, -41.936, 81.5297
6.12674, -185.188, -74.0398
2.50651, -152.669, -155.822
4.60222, -212.391, 80.1629
5.18984, -176.372, -196.587
4.86596, 75.6406, -246.439
6.33003, -270.387, -97.2332
2.9396, -84.6482, 160.795
7.04284, -20.5433, -62.8775
3.20818, -137.262, -741.079
2.54782, -213.089, 53.6355
2.82267, -130.125, -42.6855
4.96742, -162.019, -53.1959
5.40914, -87.6782, -77.378
4.03373, 54.8413, -206.256
4.57091, -114.875, -184.969
4.33401, 118.467, 38.1377
3.42687, 38.293, -367.332
2.76788, 103.725, 199.452
4.47222, -65.5861, -71.3501
3.98388, 1.12315, -13.0319
5.05388, 86.2237, -91.1245
3.75392, 43.3073, 136.982
5.01589, -78.2997, -97.0639
2.51168, -105.011, -144.963
7.01807, 178.306, -117.101
2.79181, 155.916, 203.894
5.17506, 43.5912, -175.192
3.95754, -265.72, 108.322
7.3023, 110.625, 98.0695
4.73406, -14.7356, -18.513
5.08479, -79.6092, -67.5722
5.93861, 12.9021, 80.7689
2.72187, 156.378, -30.4236
7.2946, -65.49, 73.9957
5.70852, -136.563, -186.833
2.80215, -87.9575, 9.23768
3.33964, -50.1653, -154.049
5.76491, -39.7277, -152.285
6.19864, 300.923, -117.942
3.57011, -126.927, -116.345
4.31441, 121.423, 333.01
6.56981, 44.4733, -77.244
5.32057, -121.535, 45.3976
7.45886, -5.25092, -36.6099
6.5669, 168.472, -123.495
3.49157, -72.5351, 110.728
2.50003, -34.1531, 82.7868
4.62608, -45.2754, 0.194452
4.07406, -143.404, -145.256
5.56218, 185.426, 2.28775
3.83351, 18.7379, -20.3981
4.39881, 66.4669, 122.911
5.43397, -281.31, -425.689
5.95636, 185.397, -62.8358
7.26736, -8.50007, -32.8794
4.89785, 68.1854, -9.22535
3.60319, -629.21, 117.05
5.33741, 131.21, 144.119
6.09873, -25.9941, -68.613
4.4953, -63.6082, -8.36458
3.48326, 43.9265, -71.2518
6.66971, 92.4408, 148.598
5.59561, -268.109, 207
7.26866, -0.923709, -24.0617
3.23222, -83.7205, -75.6022
5.38953, 31.2806, 29.3159
7.26796, 57.0685, -89.6051
3.62331, 354.802, -69.9123
7.25137, 55.3122, -96.7335
3.07874, -321.674, 204.328
2.58372, 61.1314, 201.765
3.90465, 65.1421, -16.0171
7.15042, 6.08265, -77.2522
3.04796, -82.0908, -99.088
6.77266, -69.6958, -232.573
5.68532, 148.159, 57.4877
5.63853, -190.464, 39.1179
3.80589, -39.7707, -226.383
5.13936, 71.2184, -70.9131
7.16608, 31.0468, -231.236
3.98055, -245.136, 34.6405
4.78006, -265.935, -469.278
6.35659, 94.1962, -351.235
4.17193, -12.5492, -766.507
6.31775, 52.6718, -64.1819
6.65892, -28.2728, -165.077
2.64618, 67.6319, -183.801
4.31315, -367.02, 135.94
4.16221, -131.909, -108.532
3.17675, 118.856, 19.4271
3.00839, -166.379, 155.599
5.11327, 2.25006, -105.177
3.52046, 74.7524, 5.07175
5.00728, 136.54, 59.5003
5.1371, 97.2145, -126.878
4.13422, 368.698, -183.239
4.75888, -29.7629, 28.9116
6.85263, 115.615, -204.816
4.72884, -164.813, -152.497
6.03726, -272.557, 196.486
6.83171, -73.2379, 17.5729
6.5822, -269.55, -22.1183
2.67504, 459.896, 269.355
3.8644, 300.073, -51.2627
5.21858, 22.0354, -28.859
3.19942, 240.937, -48.4846
5.57408, 4.55871, 19.5692
3.29182, 78.8441, 169.184
4.41129, -248.022, 14.535
5.94997, 0.99962, 4.54728
3.21128, 5.81308, -152.054
5.65284, 60.6331, -118.223
3.15973, -7.93895, -356.958
7.13583, 66.606, -48.3943
5.53465, 12.5078, -0.194979
5.50388, 86.5404, -5.22431
3.33635, -132.002, 221.512
3.301, -133.912, -737.845
5.91628, -5.31604, -68.59
5.1456, 94.9939, 56.2768
3.65264, -77.0316, -328.882
6.55373, 98.3416, 102.436
5.76477, 41.348, -13.688
4.08597, 285.329, 42.5127
2.53953, 270.603, 1.61905
3.49176, -117.867, -286.501
3.78831, -298.192, -124.473
3.03825, -315.057, 176.695
3.49545, 82.0307, 2.44276
6.75079, 265.749, -118.243
6.63912, 63.6301, -56.7047
6.76813, 220.656, 189.017
5.71027, 134.599, -249.756
3.6787, -64.4515, -58.9778
6.80638, -5.77759, 11.1456
5.4745, 11.3288, -63.7872
2.52745, -471.485, -284.115
6.84925, 236.462, 213.64
7.37729, -169.916, -52.1724
5.59653, -6.58931, -22.9592
3.85574, 22.5239, -71.6882
7.46973, 59.5673, 16.3723
4.60751, 200.681, -153.029
4.20537, 241.123, 180.298
4.80717, -29.8738, -10.0023
4.44822, -75.566, 46.3482
4.613, 31.6117, -80.2324
2.84879, 31.0209, -44.3722
5.5153, -142.873, 29.1274
7.36114, -26.088, -66.5802
5.07406, 296.661, 162.127
7.45461, 25.4492, -109.89
5.84906, 27.6172, 106.052
4.01716, 284.636, 164.179
3.47371, -10.0106, -85.173
4.0109, 35.2416, 190.054
4.93946, 93.2799, -69.0212
4.72438, -169.24, -107.473
5.7844, 20.747, -27.4533
3.74227, 143.134, 135.228
4.72007, -1.88206, -50.2979
5.75894, 51.2499, 85.0463
6.67472, 127.667, -239.037
6.03698, -35.3645, -229.623
4.93928, 121.301, 398.42
6.72039, -245.259, -84.8904
7.00296, 97.3103, 112.06
6.33082, 313.409, 82.775
5.29453, -188.086, -204.386
2.70603, 39.3226, 63.1088
5.46749, -238.879, 119.668
2.68674, 19.7017, 197.203
4.53488, -73.3825, -69.5734
2.84243, 284.408, -96.1916
7.38558, 78.3369, 2.04244
2.5956, 456.445, 218.151
6.60363, 95.7033, 8.75066
5.2195, -131.483, 61.9542
5.72828, -287.391, 72.1769
3.62934, 31.1915, 24.8823
2.733, 359.668, -502.736
3.63154, -116.632, 64.4261
4.58371, 84.1418, 357.475
6.40126, -68.5908, 269.417
3.72852, -43.0298, 66.9105
4.81411, -101.043, -118.898
6.14756, -279.411, 97.6834
5.35237, -315.84, 42.278
5.45997, -29.5259, -60.0706
4.98425, 111.968, -125.285
3.951, -8.58208, -28.8489
4.71107, 45.5099, 0.48793
2.53669, 208.026, -300.553
7.41683, -45.1221, -33.5367
2.52822, 101.368, 43.2702
4.8676, -93.2268, -307.105
5.86497, -8.45786, -57.6878
