6.27803, -544.249, -404.457
3.5948, 42.2941, -197.833
5.89648, 378.652, -498.449
5.09708, -213.485, 554.564
2.76731, -681.262, 689.952
2.53849, 178.078, 24.0797
4.58743, -596.3, -327.131
7.15218, 289.491, 313.27
2.95982, 96.3684, 455.513
6.00595, -164.685, 166.907
3.81226, 580.998, 545.831
4.14117, 347.866, -516.77
7.45519, 288.467, 159.358
7.41275, -403.176, -199.567
5.75759, 224.717, 295.912
6.92354, 221.65, -504.951
6.33247, -181.047, -326.376
3.87453, -500.511, -252.763
4.93259, -389.971, -142.535
2.80282, 820.55, 654.114
5.08146, 20.6674, 537.524
4.96988, 611.609, -535.211
7.23882, -602.903, -463.865
4.42071, 41.6158, -464.384
5.14874, 598.086, -426.607
2.75042, 713.156, -269.66
6.63909, 418.31, 401.163
5.94228, -450.913, -506.028
6.18112, 204.22, 543.317
6.94286, 621.94, 427.68
4.25508, -287.554, -450.999
6.72991, 318.123, 31.8729
3.84659, 424.603, -51.368
4.83959, -64.1919, -181.267
3.2686, -577.828, -533.62
2.66527, 441.678, 59.0341
7.2768, 102.949, 45.1325
6.95369, 330.091, 273.928
3.29884, 396.58, 77.1508
3.15214, 298.562, -499.311
2.515, -453.587, -520.924
6.0491, -524.266, -177.118
3.40448, -380.326, 575.635
5.76029, 595.435, -301.992
4.42907, 308.39, -492.659
3.23766, 40.0425, -194.6
5.45054, 477.49, 50.8261
3.24076, 90.0021, 552.182
3.2091, -101.277, 556.946
4.94257, -358.705, -86.1061
3.13015, 531.342, -42.1297
5.64635, -167.256, -390.389
5.60817, 299.736, -393.972
4.88216, -435.933, 638.332
2.64188, -420.97, -169.998
3.21011, -77.061, 585.192
3.15594, -169.478, 673.532
3.31099, -739.82, 610.898
3.76529, -67.866, -450.5
4.77654, 444.969, -658.934
6.54472, 45.9583, -177.798
3.57624, 164.592, 544.884
3.75063, 521.733, 262.595
5.02978, -38.9317, 618.469
6.27922, 435.009, 36.743
5.66369, 570.971, -60.1079
5.9449, 373.052, -92.7586
7.27207, 600.176, 480.557
5.18713, -391.999, 524.187
4.57014, -513.371, -202.939
4.70019, 506.37, 89.9608
6.07821, 522.056, 391.537
6.20858, 239.382, 238.209
5.12494, 669.377, -682.301
6.06711, -468.683, -183.431
5.91025, 269.584, 80.7431
6.82941, 587.005, -391.69
3.19597, -42.0413, 581.739
3.57766, 562.708, -121.344
5.0733, -245.025, -183.376
4.83766, -27.4832, 615.072
3.55759, -208.196, 626.425
5.65244, -518.075, 623.133
2.5044, -695.809, 217.887
4.09589, 272.34, 309.664
5.90281, 217.024, -9.91851
6.0446, 450.103, -375.342
2.90869, -643.318, 543.851
3.56926, 280.602, 301.738
4.44412, -387.553, -604.29
4.44927, 697.844, 693.105
3.92018, 235.315, -453.914
4.6123, 424.874, 400.324
2.55658, -609.536, -411.379
3.72027, 737.46, -623.526
4.49072, -651.214, 507.338
6.64177, -560.064, 159.592
3.78584, 684.612, -572.252
3.59705, -606.665, -531.5
6.47385, 254.57, 175.912
5.8476, 219.247, 317.666
5.49108, -679.709, 236.051
5.99917, -180.129, -337.017
5.13062, 377.581, -576.914
4.14833, 232.283, 128.703
3.30844, -848.252, 275.839
6.56633, 450.685, 50.2615
4.08004, 356.695, 98.4461
4.05369, -36.041, -568.345
4.65424, 51.7488, 15.9567
4.46509, -214.727, -587.021
4.43916, 251.098, -276.746
4.34871, -671.978, -532.605
5.88118, 248.753, -459.665
6.10384, 87.0088, -162.058
7.20082, 13.6384, 515.445
5.08573, -204.722, -401.81
5.5282, -146.515, 176.36
5.85049, -516.797, 613.177
5.11404, 41.2998, -146.891
3.87105, -595.028, 561.527
7.08924, 273.437, 297.727
3.73367, 609.846, -366.577
4.77876, 198.967, 262.759
3.30374, -661.223, 588.275
4.68319, 262.849, 46.2709
7.45767, 221.861, 131.665
6.26931, -315.614, 385.619
4.97846, -565.78, -510.906
7.01651, -594.164, -405.714
4.68213, 421.069, 405.66
5.09239, 68.5469, -473.506
4.44866, 271.97, -440.325
5.63431, -213.592, -402.392
5.19331, 277.605, 10.7427
4.35955, 377.963, -354.613
2.54674, -192.978, 233.233
6.3794, 23.3235, -574.515
2.85317, -540.129, -535.631
3.98511, 279.731, -542.693
4.78581, 13.2757, -583.592
3.25156, -122.164, -94.5899
5.97819, 441.688, -394.261
4.15587, 249.949, 101.858
5.21197, 712.765, -608.442
2.64678, 657.606, -683.952
5.38086, -66.6281, -182.59
5.18133, 243.038, 228.363
7.36678, -581.503, -540.48
5.57063, -287.51, -424.806
5.26431, -731.503, 213.802
6.69051, -218.094, 540.371
3.75764, -474.969, 491.214
6.98957, 400.151, -63.8505
5.97428, 447.936, -387.763
5.82752, -388.643, -238.053
3.06838, -602.104, -480.933
3.37987, -463.586, 346.028
2.91253, -177.014, -12.8623
6.68103, -150.475, 157.681
2.64818, 649.574, -784.236
6.34719, -46.4747, -493.497
4.29829, -412.346, 474.305
6.24626, 90.2314, 478.018
6.28385, 242.266, 107.281
3.60834, -489.356, -522.941
5.58305, 277.916, 71.8011
3.66846, -419.402, -153.251
6.22052, -707.245, 295.954
5.80997, -605.67, -410.383
4.9209, 640.645, -570.628
2.58972, 531.755, -31.3257
4.98291, 293.825, 115.523
5.09587, -71.0793, -424.775
4.71395, -611.443, 209.919
4.14528, 109.686, 523.122
3.52671, 219.793, 57.0546
7.19863, 29.7147, -271.793
2.85168, -556.627, 387.456
3.30042, -26.4749, -548.248
6.70788, -517.878, -194.332
4.13614, -235.011, -164.586
6.85942, 284.901, 285.971
5.99896, 511.138, 455.479
5.52801, 555.909, -88.7031
4.77536, 34.8048, -210.166
2.91543, -556.68, -139.826
3.94883, 255.557, 77.583
6.51009, -547.685, -477.512
6.81821, 260.839, 90.4684
3.81831, 226.479, -512.127
4.79881, -560.811, -184.111
4.95672, 408.246, -404.869
5.82344, -508.143, -483.665
7.31738, -387.742, -209.262
7.23022, 349.036, -528.389
2.81902, 279.21, -435.87
5.04829, -537.573, -217.28
6.13222, 643.1, 402.269
5.65882, 387.65, -77.4958
3.26658, -711.497, -653.008
5.09652, -618.764, 200.214
3.52281, -428.642, 513.783
6.03231, 317.524, -499.733
6.05786, -423.173, -199.201
3.66304, -197.55, -222.899
6.80594, 91.0321, -125.894
2.67122, 147.146, 549.285
6.26587, -577.951, 233.931
4.14789, 470.435, 30.4432
4.65309, -223.036, -317.475
7.33455, 637.568, -19.7913
4.05803, 526.329, 487.051
5.69762, 710.381, -653.48
5.95386, 529.745, -21.1616
5.36403, -25.4483, 632.249
6.60667, 733.046, -684.793
4.21807, -460.247, -334.638
5.09387, -510.384, -436.404
6.78438, 50.4763, -498.172
6.18587, 339.284, 127.071
3.45992, -661.893, 156.937
2.83145, -264.811, 206.003
3.60828, 689.404, -624.062
3.33656, 41.6316, -170.044
6.31172, 377.653, -472.909
5.44905, -631.503, 156.043
4.65223, 645.178, 663.651
7.09618, 475.393, 56.2865
5.09668, 323.563, 121.02
7.38058, -506.215, -95.5788
5.15714, -360.414, -53.2536
2.98716, 205.628, 22.4455
5.83983, 278.83, 182.451
5.44444, 292.148, 21.0331
5.01137, -452.094, -92.1995
2.75808, -652.934, -19.7567
2.6753, -69.6575, -133.679
4.41484, -419.796, -524.038
5.55555, 272.018, 9.81844
5.06574, 562.423, 721.762
5.98498, 215.234, 28.6897
4.89891, 75.6878, -197.971
3.88323, 129.021, 404.963
6.01685, -351.88, 35.8169
3.67701, 557.75, 2.32146
6.41501, -72.6287, -155.548
6.60589, 122.146, 526.753
3.21842, -382.011, -69.6336
5.75757, -433.002, 580.85
3.87677, 638.259, -528.897
7.26215, -417.772, 640.74
4.58238, -505.384, -222.615
3.03869, -157.573, 170.874
4.70633, -650.728, 518.522
6.28811, -495.022, -135.475
2.77803, -471.558, -244.794
3.51241, 27.4927, 15.2763
6.82305, 647.789, -607.887
6.52456, -142.532, -114.605
2.78861, -646.295, -528.722
4.40304, -22.8752, -498.215
4.56124, 0.160717, 585.961
2.80071, -176.178, 221.579
7.09746, 634.757, 477.621
3.35398, 574.688, 540.182
6.51634, -581.278, 176.205
3.88599, 425.294, 121.077
4.44586, -54.1754, 554.574
7.19936, -76.3666, 589.246
6.24573, -18.5207, -137.117
3.44774, -506.033, 694.795
6.89581, 293.978, 267.403
6.8953, 305.806, -578.565
3.30515, -393.162, -159.895
5.87346, -484.04, -203.49
6.89096, 389.815, 193.605
6.98262, 280.934, 286.125
3.06535, -22.55, 527.493
5.93789, -254.957, -153.375
3.21651, -358.828, -399.985
3.6901, 260.069, 48.1226
5.64383, 559.206, -135.843
4.312, 521.114, 264.091
4.64437, 636.566, 435.838
4.91936, 41.3775, -454.706
6.20379, 40.7865, -199.539
3.23098, -401.183, 465.603
7.36238, -466.342, -509.138
7.3158, -408.57, -204.846
3.14741, -439.153, 644.592
5.3784, -64.6871, -284.02
4.66439, 183.806, -116.727
5.50066, -273.712, -160.593
5.85098, -390.904, -179.948
4.5137, 463.178, 635.619
6.46691, 612.486, 517.564
4.89889, -406.637, -120.894
5.72449, 274.737, 286.031
4.28836, -355.951, 590.205
5.96794, -246.281, -175.219
5.83428, -412.662, -444.015
3.22071, -435.371, 604.95
7.10415, -607.461, 265.034
4.22228, 66.8358, -199.493
6.66824, -213.81, -455.721
2.74349, 352.152, -470.218
3.27936, -451.493, 125.82
2.55765, 145.171, 463.401
3.94327, 31.4734, 524.874
5.07295, -250.288, -243.488
3.65948, 605.362, 452.343
2.75022, -152.73, -106.824
5.33091, -602.989, -483.503
6.69774, -39.1644, 620.212
4.28763, -603.357, -509.52
4.3452, 73.61, 552.09
7.22226, 259.651, 39.1653
4.72425, -501.321, -218.252
6.82086, 250.175, 108.537
5.82654, -445.474, -530.711
5.79297, 80.4376, 496.401
7.10736, -759.008, 701.373
5.11536, 693.538, -617.91
5.45229, 303.64, -437.016
5.79944, 573.317, 490.079
4.24765, 265.007, 224.159
4.11714, 239.205, 80.2919
7.08984, -7.64958, 589.821
3.08619, 684.758, -469.271
7.31268, 426.505, -53.3556
5.17978, 30.571, -188.621
5.81447, 651.427, 427.722
5.48362, 641.04, -449.503
6.93363, -574.864, -498.788
6.67999, -536.671, -477.022
6.69339, 280.321, 195.264
6.85642, -151.763, 174.697
2.5002, -711.562, 66.7656
4.77274, 280.625, -6.5322
4.25696, -591.37, 206.642
5.80713, -186.51, 595.114
6.22234, -632.379, 252.173
3.3821, -106.083, -284.491
7.4621, 751.778, -532.587
5.95466, -598.305, 212.292
6.97862, 306.299, 26.4769
3.51579, 248.263, 25.2425
7.2356, -406.587, -215.706
4.88476, 646.696, -464.8
6.78578, 655.108, -633.733
6.41237, -472.474, -471.334
5.70687, 708.547, -596.707
3.14521, -626.897, 182.673
5.77944, -29.3577, 576.313
3.09199, 92.2025, -134.851
3.88793, 166.207, 542.105
6.65548, -185.122, -236.008
6.14153, -539.029, -414.051
6.74348, -731.202, 226.336
3.43989, -599.362, -365.691
6.09602, 376.177, -269.667
4.25586, 287.177, 326.206
3.34555, -499.556, -544.125
4.52383, 264.527, -454.398
4.20924, 100.144, 578.759
6.67141, 264.89, 45.944
3.9111, 625.034, 418.937
5.16766, -685.85, -570.201
6.25085, 715.942, -597.031
4.62554, -620.159, -432.54
4.66964, -384.306, 554.036
3.03022, 693.225, -730.011
6.4639, -178.604, -391.618
3.91232, -629.139, -486.332
7.14264, -404.577, -138.023
5.37926, 278.854, 301.921
3.4895, 564.754, -261.068
5.99081, 337.228, -534.446
3.07265, 227.808, -389.767
4.22945, 163.399, 542.825
4.15646, -355.173, -156.925
6.42735, 690.971, -662.336
6.65775, 287.247, -63.129
4.21712, -645.897, 633.108
4.2603, -197.874, 583.814
6.38197, -48.2492, -479.449
6.58658, -41.335, 526.067
4.26157, -140.661, 150.093
7.09559, -391.27, -197.939
3.2877, 482.261, -25.1153
5.56029, -370.72, 532.016
5.54222, -438.956, 607.568
3.16647, -111.948, -420.402
3.51409, -515.923, -344.055
4.79457, -585.479, 444.017
3.48759, -107.173, 557.121
6.77118, -683.894, 122.296
6.54562, -564.06, -418.395
2.80131, -647.14, 615.665
6.50584, -642.042, 489.308
5.49597, -59.2269, -406.045
7.43182, -536.117, 206.041
2.65919, 90.8652, 616.393
6.8356, 664.119, -620.944
3.69109, 397.76, 82.6118
3.6127, 230.541, 247.657
4.73907, -472.122, -512.538
2.61231, 575.171, -131.839
6.79755, -135.528, -104.486
4.15902, 284.483, 296.502
5.72195, 217.999, 38.683
7.43521, -445.263, -511.29
5.30162, 259.161, -437.432
4.74553, -534.331, -159.712
5.213, -58.3578, -467.64
2.90797, 554.671, -77.5314
3.99606, -526.944, -152.866
6.63964, 559.216, 501.36
6.48936, 475.198, 641.27
5.71048, -1.55695, 592.261
4.84105, 394.318, 80.2878
7.15326, -131.367, -379.246
5.08798, -128.241, -99.6864
7.42924, 650.27, -441.733
5.94567, 6.16861, -519.153
6.19966, -178.57, -324.261
3.46323, -534.502, -475.756
6.08881, -423.046, 574.717
6.11146, 541.48, 139.522
6.49298, 311.943, -1.83998
4.23216, 224.02, -606.658
5.1481, 59.273, -193.927
3.19001, 559.525, -218.61
6.73218, -239.042, -163.995
6.32766, -17.6516, -518.322
7.5, 678.256, -490.277
4.24891, 424.62, 712.335
5.50367, -362.061, 559.841
3.50808, -350.995, -24.5577
6.2385, 37.5962, 7.28999
6.49225, 599.837, 205.365
3.03505, -698.939, 228.329
5.35813, -366.47, -109.792
2.84683, 243.608, -347.87
4.16036, 639.714, 442.366
5.80945, 211.403, -532.609
5.27726, 4.12348, -223.114
7.12415, 311.986, 43.4782
2.69832, -337.385, -112.672
2.62083, -216.911, -28.435
4.61923, 301.246, -422.151
4.36987, 223.263, 98.962
2.93303, -219.315, -201.635
3.05403, -60.0658, 25.6091
5.31992, 248.031, -392.742
7.37269, 32.1566, 579.11
3.05066, 12.1806, -520.843
5.99352, 124.614, 487.585
2.79674, 1.04922, -521.103
4.69755, 436.382, 55.6245
5.24651, 660.609, 599.162
3.45129, 489.396, -576.97
7.36597, 263.32, 65.2638
3.19593, -483.99, -130.264
5.48978, 621.24, -460.769
7.12812, -642.901, 606.686
3.91116, -20.0107, 528.288
6.8307, -141.946, -98.6306
6.29598, -135.4, -380.343
6.10793, 258.835, 285.853
3.34241, -183.542, 221.828
3.32882, 665.481, 560.089
3.39076, -612.063, -437.993
5.87226, 253.065, -472.446
4.83484, -193.315, -92.572
6.85219, -546.714, -412.809
5.76023, -509.936, -210.918
5.80464, 649.207, 610.95
2.58037, -565.233, -472.662
4.30596, -519.34, -478.146
3.72747, 551.063, 152.595
6.93086, -679.638, -669.075
5.23701, 757.388, 621.625
6.57209, 1.5082, -507.751
5.24453, 49.3338, 620.924
4.16156, 429.147, -96.7764
4.40213, 8.11328, -602.851
2.52389, 531.104, 476.532
6.95226, -130.271, -388.887
6.16955, -385.826, 559.426
6.04239, -40.5021, 531.524
5.1278, -44.6702, 100.825
6.41065, 48.5661, -454.204
3.42484, -335.52, -365.898
5.72673, 271.967, 295.427
3.42178, -417.058, -166.514
3.31214, 210.202, -427.952
2.65594, -264.621, 699.753
7.42716, 1.18903, -603.428
4.04559, -181.933, -376.484
4.11075, -419.704, -172.947
5.51155, 212.897, 28.4201
2.89107, -335.301, -619.81
3.93936, 56.9065, 10.7871
5.79307, -138.458, -375.552
7.36348, -528.103, -419.652
7.27758, -384.997, -491.316
7.42745, -477.299, -197.828
7.30478, -554.416, -480.14
3.0073, -482.017, 542.577
3.71505, -178.817, -341.006
6.91151, -19.4246, -200.342
5.28805, 239.897, 237.935
6.7669, 538.542, 514.344
7.49145, -403.196, 595.652
3.99751, 116.218, -615.825
6.33157, 632.008, 343.657
4.81901, 232.572, 6.86017
6.8168, -561.642, -380.236
6.99018, 531.009, 50.2266
7.377, 159.599, -365.073
2.77405, 377.809, 232.954
6.32605, 690.232, -694.853
5.09219, -658.583, 497.095
3.46574, 528.665, -106.142
6.98252, 249.704, -473.576
6.38492, -594.819, 193.567
2.75968, 126.256, 419.595
7.47331, -662.655, 504.902
5.93659, -160.295, -382.211
5.94854, 609.317, 377.409
6.57666, -406.128, 526.041
7.05426, -203.773, -398.069
3.34218, -40.6429, 13.4774
5.24183, -383.168, 504.032
6.53351, -423.538, -164.98
4.17803, 252.998, -450.199
5.53435, -155.902, -114.608
6.59602, -643.598, 148.321
7.3485, 77.9285, -193.611
6.29349, 415.207, 292.987
3.72113, -85.4506, -116.988
5.80589, -591.534, 255.162
4.21574, -734.583, -541.617
7.27146, 215.175, -276.688
2.60828, 470.672, 644.027
4.54979, -736.07, 726.827
2.55789, 583.324, -626.351
3.04964, 577.212, 161.477
5.28259, -537.72, 210.864
4.45466, 41.4519, -204.25
7.20539, -62.3664, -166.616
2.55572, 235.982, 285.745
6.22897, -166.006, -346.675
3.84293, 282.722, 161.481
4.27153, -322.196, -498.137
3.45835, -470.081, 653.958
5.14832, 266.361, 5.08533
4.39478, 10.6664, -532.213
3.16407, 8.01023, -438.641
4.26563, -212.048, -398.373
4.2497, 742.635, 668.541
7.41084, 370.446, -87.8467
5.25961, 41.209, -225.478
4.99918, 16.8353, -506.961
3.58531, -609.436, 171.326
4.37311, 74.1633, -356.251
6.78251, -713.14, -509.901
6.45578, 735.288, -377.575
3.9204, -489.122, 504.42
5.07645, 235.383, 140.385
6.79238, -112.863, -94.5905
7.07844, -432.685, -298.498
7.48941, 100.215, 558.699
6.53177, 1.10636, -224.969
5.22718, -530.532, -162.251
7.3461, 2.95019, -602.275
5.31931, -547.028, 278.592
4.03031, -422.934, 574.888
5.41853, 672.813, 648.004
2.91197, 189.29, -218.757
5.47382, 262.052, 291.467
3.31968, -703.317, -554.983
6.46527, -550.747, -526.018
2.95373, 691.057, 389.576
6.3072, -610.033, -464.847
6.83996, -131.304, -107.959
6.40105, 111.488, -115.774
6.61399, 670.997, 678.41
6.70974, 249.59, 263.03
4.48328, 149.457, -19.8124
6.508, -84.2197, 95.4262
6.56811, 250.229, 97.5981
5.43493, -370.427, -29.4534
4.64621, 516.868, -7.47211
2.5002, -51.5284, -305.026
5.31153, -580.747, 212.145
6.22632, 289.532, 119.317
3.89846, 576.97, 168.096
2.93406, -567.706, 430.931
3.5733, 614.732, -577.456
3.93296, -456.327, 586.572
4.86595, -281.01, 393.725
6.95893, 647.138, 724.497
5.91955, 389.704, -371.398
3.54376, 231.809, -301.462
6.67533, 612.903, -85.392
7.09218, 652.718, 628.805
4.48244, -559.728, -574.419
6.37858, 389.888, 363.8
5.68161, -95.1584, -117.811
6.64746, 170.372, 96.5189
3.40204, 385.729, -324.352
7.45927, 355.954, -526.235
6.70558, -6.37404, -479.855
4.65177, 564.953, 260.669
4.38589, 398.788, 701.825
2.70802, 461.311, -355.673
6.80715, -596.149, -529.585
6.62116, 695.478, -572.757
6.25052, -9.46825, 607.653
3.55801, -209.375, 644.085
4.31029, -483.074, -200.568
4.43545, -595.411, -417.048
7.32918, 623.481, 489.493
6.5872, -78.3696, 512.409
4.5755, 48.6937, 359.538
5.83759, 304.61, 180.104
2.52101, 470.493, 654.033
6.98048, -633.03, 221.234
3.68416, -187.287, 227.519
3.79415, 291.358, 63.8316
5.4939, 324.687, -467.373
6.89823, -502.495, 122.984
6.16299, -564.966, -514.914
6.0773, 548.656, 484.283
3.57724, -386.248, 611.979
6.30413, 675.928, -681.109
3.85351, 2.43997, -207.031
2.75246, 402.531, 80.6996
4.78866, 254.14, 195.035
2.58759, 344.464, -549.261
3.01129, -48.046, 98.764
2.639, -139.145, 158.538
5.65921, -280.047, -430.351
6.34425, 44.6796, -203.732
2.74132, 309.394, -481.162
6.6924, 8.46994, -517.864
6.76899, -242.223, -166.926
6.57649, -400.075, 578.495
6.85188, 673.078, 374.692
5.27222, -503.42, -101.22
6.12646, -214.57, -236.971
3.20424, -87.4123, 491.522
6.6115, 377.373, -378.53
5.51185, 335.378, -37.4657
4.93856, 347.433, -514.102
6.14942, -194.25, 560.564
4.05164, 682.55, -635.531
3.93925, -557.571, 165.248
5.45857, -669.165, 576.387
5.34055, 458.092, 655.932
5.41059, -517.947, -525.489
2.84132, -651.406, 241.633
4.34304, 109.448, -102.127
6.28475, -510.314, -479.027
6.35297, -535.631, -456.088
4.27217, -426.394, -212.307
5.98913, 65.6264, 589.919
5.08005, -485.133, -184.934
5.94494, 190.263, 165.459
6.18066, 32.3272, 664.883
2.56231, -173.669, -323.512
7.16549, 415.925, -62.3466
5.37826, 270.392, 196.546
3.05587, 663.001, 850.39
4.87388, -129.019, -97.8532
3.24247, 298.178, 128.668
4.22594, 175.162, 374.442
7.04476, -652.881, 246.591
4.54571, 91.1971, 482.953
5.96642, -506.569, -55.6261
3.35865, 374.125, -473.569
6.21715, 650.58, -432.301
4.16319, -509.997, 473.621
4.62157, 412.791, 182.193
2.79523, -164.872, -86.075
5.09005, 227.077, 38.7727
5.94425, 213.036, -472.311
5.01149, -153.082, -91.6078
6.56617, 23.7533, -494.017
3.07974, 24.8292, -497.311
5.24841, 276.653, 272.215
5.06046, 362.145, 151.806
6.02649, 591.82, 474.217
5.65083, -173.666, 545.226
4.0207, 31.5673, -526.696
6.74719, 250.01, 48.3679
3.39619, 550.088, 36.3013
2.61737, -380.103, 49.3158
4.19467, 416.31, 29.7224
3.43818, 228.93, -54.0729
6.60467, -156.626, 49.7318
6.72507, -470.344, -192.814
6.78031, 704.21, -619.314
7.37454, -660.125, 592.803
2.99587, 343.397, -400.769
2.56182, 629.596, 525.217
2.58614, 222.318, 296.259
2.64527, 326.74, 130.667
4.1031, 91.9757, -123.762
6.17815, 403.928, 203.858
3.14876, 274.004, 299.405
2.5161, -350.982, 322.585
6.91905, 2.23084, -508.198
3.70482, 244.437, -502.236
4.38481, -640.936, 577.68
4.44879, 479.687, -3.25884
2.81534, 450.394, 199.944
7.30792, 197.11, 487.955
3.75349, 585.82, -260.025
6.85376, -509.455, -56.5713
2.85991, -680.639, 398.353
2.70653, -424.187, 627.225
3.46378, 234.563, -418.295
3.86708, -240.884, 300.605
7.4007, -580.859, -331.963
3.60607, 224.289, -539.792
6.43119, -623.405, 537.777
4.42306, 179.314, -260.401
3.78593, 401.027, -595.14
3.91087, -617.042, 260.783
7.33834, 538.778, -129.935
4.22841, 228.872, 73.365
3.45922, -497.377, 634.412
5.05037, -475.586, -142.473
5.21857, -409.505, 594.419
5.72333, -527.449, -546.17
3.89738, -140.123, 624.624
3.41887, -195.644, -332.908
2.71579, -569.028, 158.435
3.98408, -406.405, -161.059
4.25548, -145.268, 66.3296
7.09372, -434.694, 520.105
5.81225, 406.523, -216.241
5.08041, 550.432, 495.603
4.03763, 421.974, 339.176
3.0007, -149.24, 66.1741
3.47502, 264.492, -621.582
4.11407, 110.361, -158.53
5.56182, 544.04, 84.8309
5.13511, 693.507, -548.622
3.45653, 283.679, 82.3633
4.7178, -531.863, -593.111
4.48693, -414.293, 642.689
6.28051, -477.397, 542.26
6.6213, 614.963, 500.15
5.51573, 59.0888, -119.283
3.04573, 355.536, -515.69
4.11797, 337.138, -104.056
5.03403, 191.795, 218.332
4.76521, -373.188, 509.534
4.77315, -208.044, -353.643
4.91125, 656.343, 680.932
5.07896, 247.604, -502.363
4.50207, 118.798, 563.039
4.22945, 629.472, 385.714
6.64533, 556.569, -137.02
3.02204, -643.744, -395.657
6.40057, 368.788, 419.473
3.19919, -249.768, -267.51
2.62171, -552.953, -557.769
6.0664, 297.033, -507.721
7.15538, -4.14461, -508.939
7.47667, 284.483, 167.182
3.86264, -632.536, 251.088
3.6923, -422.509, -166.124
3.87328, 449.541, 604.366
5.70836, -557.669, -479.507
5.17637, 270.726, 110.879
6.8967, 565.305, -302.111
6.75968, -593.595, -406.299
2.98004, 524.967, 26.6522
4.66818, -650.54, 265.74
3.17045, 25.2186, -492.99
5.86802, -147.638, 175.117
5.34964, -179.083, -376.482
3.66474, -317.806, 757.19
5.50306, 247.804, -430.908
2.6551, -540.838, -169.042
7.08512, 385.376, -258.827
3.82958, 628.856, -13.5961
6.50016, -136.69, -367.059
5.46389, -49.1899, -483.904
5.0822, 187.934, 181.297
5.2567, 252.288, 262.812
3.47225, 269.638, -12.4459
5.36152, -74.5766, -552.988
3.81992, 245.773, 251.591
4.41648, -666.692, 496.352
2.73626, -579.801, -563.595
4.22823, 450.184, -590.739
3.61594, 484.156, -379.817
3.81264, -140.277, -513.2
3.05141, -241.621, -433.238
7.40088, -486.16, -67.8091
5.93794, 603.954, 472.201
5.82158, -475.108, -136.339
5.99501, -570.508, -427.018
2.68746, -466.704, -515.289
3.6706, -525.299, -373.447
3.95397, 657.522, 421.152
3.50543, 31.2858, -237.999
2.7177, 252.926, 201.779
2.56571, -407.586, 531.247
6.07297, -428.293, 511.107
6.88348, -519.24, -476.798
5.35088, -614.879, 131.8
6.92743, 756.153, 758.625
5.20042, -421.518, -226.376
3.31357, 637.311, -568.12
3.30492, 590.924, 445.738
7.19182, 242.697, 125.733
3.45628, 330.472, -532.607
3.15761, 248.911, -293.753
4.41122, -137.291, -112.989
6.12674, 224.693, 58.6134
2.50651, 565.111, 721.356
4.60222, -207.669, 486.419
5.18984, 208.856, 20.9214
4.86596, -143.802, 239.131
6.33003, 552.057, 558.511
2.9396, 378.237, -354.253
7.04284, 302.764, 211.759
3.20818, -522.719, -611.271
2.54782, 259.63, 103.502
2.82267, 326.458, 354.941
4.96742, 298.745, 126.674
5.40914, 479.124, 598.88
4.03373, -590.275, 443.25
4.57091, 509.908, -43.2054
4.33401, -610.576, -449.625
3.42687, 96.1717, 526.575
2.76788, 188.43, 104.296
4.47222, 345.855, -39.1493
3.98388, -98.1776, -107.191
5.05388, -457.254, 544.929
3.75392, -645.896, 224.839
5.01589, 662.648, 689.436
2.51168, -74.9301, 508.758
7.01807, 673.507, -447.317
2.79181, -650.992, -734.368
5.17506, -495.968, 502.844
3.95754, -453.874, 506.191
7.3023, -500.179, -190.846
4.73406, 237.193, -35.6494
5.08479, 579.093, 158.951
5.93861, -135.875, -103.959
2.72187, -182.968, -72.2602
7.2946, -623.132, 533.961
5.70852, 277.073, 107.308
2.80215, 297.3, -589.568
3.33964, 305.761, 215.989
5.76491, 344.687, -104.547
6.19864, -714.726, 63.5687
3.57011, 652.353, 255.785
4.31441, 184.03, -323.016
6.56981, -519.849, 622.183
5.32057, 588.744, -333.337
7.45886, -26.1052, -518.601
6.5669, -582.17, 218.447
3.49157, -614.934, 28.2465
2.50003, -28.0516, -485.088
4.62608, 702.078, -620.025
4.07406, 646.697, 176.143
5.56218, 520.838, -630.985
3.83351, -146.562, -396.316
4.39881, -551.996, -187.457
5.43397, 560.564, 131.256
5.95636, -174.761, -392.462
7.26736, -208.013, -401.714
4.89785, -289.83, -559.592
3.60319, 225.99, -445.442
5.33741, -617.202, -498.906
6.09873, 253.97, 48.0549
4.4953, -372.312, 530.63
3.48326, -523.181, 623.716
6.66971, -507.347, -493.696
5.59561, -486.177, -481.007
7.26866, -143.033, 76.3575
3.23222, 13.1891, -61.4455
5.38953, -165.421, -392.857
7.26796, -378.606, 549.047
3.62331, 706.545, -713.969
7.25137, -429.934, 600.988
3.07874, 614.532, -247.43
2.58372, 188.293, -105.319
3.90465, -198.529, -229.834
7.15042, 417.108, -3.23332
3.04796, 660.97, 690.216
6.77266, 77.9299, 381.438
5.68532, -498.611, -487.652
5.63853, 324.594, -468.614
3.80589, 645.831, 471.701
5.13936, -552.258, 202.57
7.16608, -210.08, 542.415
3.98055, 482.569, 30.1323
4.78006, 257.531, 308.33
6.35659, -505.019, -624.499
4.17193, 309.999, 153.261
6.31775, -18.6574, -513.949
6.65892, -20.9476, 504.51
2.64618, -633.892, 526.216
4.31315, 554.806, -178.155
4.16221, 278.335, 291.69
3.17675, -298.007, -62.8292
3.00839, -216.393, 634.212
5.11327, -441.663, 544.26
3.52046, -48.2886, -351.754
5.00728, -534.101, -474.607
5.1371, -19.9823, 516.377
4.13422, 100.1, -221.295
4.75888, 225.016, -263.826
6.85263, 33.7706, 505.563
4.72884, 574.729, 572.589
6.03726, -465.569, -514.843
6.83171, 698.861, -614.591
6.5822, 582.9, 161.938
2.67504, 819.386, 592.564
3.8644, -471.467, -199.796
5.21858, -243.011, -371.231
3.19942, -470.271, -404.674
5.57408, -580.222, -569.203
3.29182, -419.531, -683.753
4.41129, 302.582, 153.191
5.94997, -47.3382, 73.4819
3.21128, -417.891, 659.425
5.65284, -637.238, 563.977
3.15973, 81.0638, 572.945
7.13583, -632.976, 223.251
5.53465, -646.07, 547.414
5.50388, -658.352, 185.106
3.33635, 379.029, -384.96
3.301, -522.393, -605.933
5.91628, 402.307, 1.07149
5.1456, -528.648, -94.1073
3.65264, -74.7878, 519.316
6.55373, -411.46, -239.085
5.76477, -295.409, -379.195
4.08597, -587.403, -396.984
2.53953, -220.31, -489.005
3.49176, 457.636, 508.962
3.78831, 178.379, 304.229
3.03825, 580.442, -151.089
3.49545, 84.6958, -125.706
6.75079, 817.105, -491.754
6.63912, -538.003, 214.575
6.76813, -582.489, -402.052
5.71027, 66.6796, 565.165
3.6787, 727.114, -637.723
6.80638, -604.482, -475.918
5.4745, -217.77, -42.6888
2.52745, 434.923, 14.8333
6.84925, -615.529, -444.68
7.37729, 385.255, 198.915
5.59653, 256.328, 48.3756
3.85574, -613.451, 148.15
7.46973, -175.213, -388.151
4.60751, -595.197, -525.478
4.20537, -581.507, -417.726
4.80717, 260.577, 45.2582
4.44822, 177.009, -243.029
4.613, 178.275, 570.043
2.84879, 346.046, 239.355
5.5153, 76.7089, -209.208
7.36114, -68.7197, 94.4964
5.07406, -611.915, -534.607
7.45461, 549.424, -98.5729
5.84906, 413.433, -55.9467
4.01716, -539.115, -177.179
3.47371, 551.235, 482.613
4.0109, -596.251, -569.126
4.93946, -354.968, 325.538
4.72438, 481.833, 610.588
5.7844, 374.117, -512.32
3.74227, -521.357, -477.532
4.72007, 103.756, 412.694
5.75894, -514.441, -89.5174
6.67472, -613.068, 257.788
6.03698, 114.922, 567.448
4.93928, -369.053, -452.398
6.72039, 287.622, 31.3865
7.00296, -418.916, -154.585
6.33082, -608.265, -546.172
5.29453, 481.977, 641.962
2.70603, 112.821, 57.5243
5.46749, 493.383, 0.516557
2.68674, -415.28, 517.182
4.53488, 285.359, 291.548
2.84243, -662.321, -632.725
7.38558, -583.657, -544.512
2.5956, -551.57, -250.709
6.60363, -276.631, -153.888
5.2195, -454.873, 540.784
5.72828, 641.084, -242.039
3.62934, -154.115, -91.7666
2.733, 721.819, -530.305
3.63154, 298.384, -435.408
4.58371, -630.971, 154.711
6.40126, 268.081, -424.473
3.72852, -632.3, 155.981
4.81411, 459.545, 52.0386
6.14756, 569.467, 131.377
5.35237, -362.966, 603.806
5.45997, 640.79, 674.82
4.98425, -588.056, 147.339
3.951, 195.012, 96.2357
4.71107, 70.8885, -198.86
2.53669, 655.877, -424.984
7.41683, 367.307, -240.466
2.52822, -621.387, -304.197
4.8676, 102.244, 567.969
5.86497, -250.869, -208.657
