6.27803, -558.14, -459.698
3.5948, 59.0579, -218.269
5.89648, 373.971, -517.432
5.09708, -227.885, 583.892
2.76731, -712.063, 697.575
2.53849, 180.327, 12.9597
4.58743, -627.929, -312.419
7.15218, 284.371, 316.401
2.95982, 94.7647, 468.801
6.00595, -152.3, 169.495
3.81226, 574.26, 572.988
4.14117, 382.324, -568.544
7.45519, 283.448, 188.295
7.41275, -416.407, -197.923
5.75759, 225.612, 311.85
6.92354, 217.85, -539.048
6.33247, -180.131, -340.804
3.87453, -512.129, -244.164
4.93259, -387.742, -152.102
2.80282, 828.078, 680.881
5.08146, 19.5157, 559.477
4.96988, 635.186, -532.236
7.23882, -626.988, -490.813
4.42071, 33.6239, -491.102
5.14874, 626.556, -421.374
2.75042, 738.26, -262.182
6.63909, 438.426, 409.918
5.94228, -490.07, -512.042
6.18112, 223.914, 570.233
6.94286, 652.384, 430.105
4.25508, -305.598, -461.77
6.72991, 289.362, 30.1145
3.84659, 455.481, -74.181
4.83959, -53.6885, -185.031
3.2686, -611.185, -546.539
2.66527, 480.961, 53.2976
7.2768, 94.0833, 59.9006
6.95369, 306.977, 280.942
3.29884, 418.146, 84.2977
3.15214, 314.296, -519.672
2.515, -444.62, -569.432
6.0491, -566.163, -174.256
3.40448, -388.582, 560.848
5.76029, 615.559, -304.956
4.42907, 309.013, -522.125
3.23766, 57.5005, -205.852
5.45054, 489.837, 43.8858
3.24076, 126.571, 603.018
3.2091, -108.167, 599.457
4.94257, -369.277, -63.4772
3.13015, 562.88, -44.6814
5.64635, -204.215, -407.523
5.60817, 287.66, -406.744
4.88216, -440.284, 649.48
2.64188, -406.176, -181.695
3.21011, -49.5568, 600.331
3.15594, -175.789, 698.912
3.31099, -757.917, 622.648
3.76529, -90.9497, -486.053
4.77654, 457.206, -668.005
6.54472, 21.8921, -187.698
3.57624, 176.387, 583.195
3.75063, 546.009, 273.558
5.02978, -39.4553, 649.513
6.27922, 444.514, 47.9037
5.66369, 594.874, -59.9438
5.9449, 402.946, -91.4245
7.27207, 628.356, 473.557
5.18713, -375.748, 518.928
4.57014, -530.903, -185.834
4.70019, 530.772, 102.976
6.07821, 539.802, 395.453
6.20858, 235.972, 277.559
5.12494, 665.712, -710.85
6.06711, -510.801, -179.745
5.91025, 272.872, 60.2157
6.82941, 621.415, -401.515
3.19597, -26.754, 589.717
3.57766, 598.305, -111.255
5.0733, -236.913, -164.848
4.83766, -25.1999, 639.182
3.55759, -211.809, 633.25
5.65244, -539.586, 669.294
2.5044, -693.847, 222.498
4.09589, 258.801, 312.631
5.90281, 209.372, -32.5052
6.0446, 484.376, -387.531
2.90869, -668.243, 541.413
3.56926, 277.189, 299.45
4.44412, -434.582, -610.703
4.44927, 711.181, 706.346
3.92018, 255.239, -452.865
4.6123, 431.613, 410.318
2.55658, -614.788, -429.51
3.72027, 754.854, -626.183
4.49072, -648.775, 504.6
6.64177, -601.634, 180.248
3.78584, 706.51, -578.543
3.59705, -623.123, -543.834
6.47385, 246.812, 194.271
5.8476, 240.46, 316.005
5.49108, -682.871, 243.669
5.99917, -211.45, -368.122
5.13062, 392.553, -602.129
4.14833, 230.767, 140.499
3.30844, -850.747, 284.481
6.56633, 474.378, 59.7803
4.08004, 337.02, 111.317
4.05369, -20.6638, -591.611
4.65424, 47.3032, 19.7524
4.46509, -210.918, -594.839
4.43916, 234.958, -285.91
4.34871, -674.221, -546.008
5.88118, 258.405, -482.942
6.10384, 118.743, -151.353
7.20082, 2.76629, 551.134
5.08573, -182.324, -401.898
5.5282, -152.146, 204.841
5.85049, -539.699, 654.082
5.11404, 36.8676, -134.601
3.87105, -609.972, 563.282
7.08924, 281.111, 297.827
3.73367, 624.503, -374.255
4.77876, 217.351, 280.224
3.30374, -678.323, 617.3
4.68319, 281.734, 78.4328
7.45767, 235.662, 128.842
6.26931, -322.576, 385.14
4.97846, -578.203, -523.044
7.01651, -628.344, -439.104
4.68213, 434.59, 430.564
5.09239, 83.4416, -513.151
4.44866, 234.394, -467.485
5.63431, -214.006, -422.242
5.19331, 290.031, 15.2882
4.35955, 396.899, -364.784
2.54674, -215.086, 246.533
6.3794, 10.6552, -579.212
2.85317, -566.667, -545.025
3.98511, 299.198, -576.807
4.78581, 14.899, -580.577
3.25156, -114.77, -77.8483
5.97819, 470.424, -392.422
4.15587, 284.201, 140.668
5.21197, 727.036, -621.443
2.64678, 671.242, -710.896
5.38086, -57.0975, -200.86
5.18133, 243.922, 281.2
7.36678, -605.527, -581.63
5.57063, -294.372, -431.646
5.26431, -729.621, 219.402
6.69051, -215.891, 576.479
3.75764, -501.168, 513.586
6.98957, 417.482, -72.241
5.97428, 456.376, -403.969
5.82752, -406.936, -222.562
3.06838, -638.28, -479.249
3.37987, -504.231, 327.649
2.91253, -189.722, 15.9853
6.68103, -156.911, 175.163
2.64818, 672.97, -772.787
6.34719, -42.8368, -503.197
4.29829, -416.046, 496.727
6.24626, 79.9656, 484.74
6.28385, 271.866, 127.599
3.60834, -473.667, -554.273
5.58305, 252.434, 91.8238
3.66846, -420.689, -151.413
6.22052, -725.921, 284.193
5.80997, -614.393, -433.557
4.9209, 653.502, -590.095
2.58972, 562.037, -18.0497
4.98291, 305.421, 136.144
5.09587, -49.4394, -462.434
4.71395, -627.952, 248.386
4.14528, 69.537, 559.827
3.52671, 247.775, 16.244
7.19863, 14.9506, -293.99
2.85168, -563.107, 421.273
3.30042, -22.861, -597.013
6.70788, -538.809, -187.282
4.13614, -246.786, -171.969
6.85942, 273.784, 322.455
5.99896, 520.763, 460.508
5.52801, 592.626, -102.028
4.77536, 43.9352, -223.448
2.91543, -582.666, -165.551
3.94883, 217.379, 45.7571
6.51009, -578.571, -468.695
6.81821, 280.861, 54.0247
3.81831, 230.339, -504.157
4.79881, -592.479, -188.165
4.95672, 430.634, -415.467
5.82344, -476.35, -533.192
7.31738, -399.723, -229.657
7.23022, 374.687, -542
2.81902, 270.135, -469.523
5.04829, -528.377, -221.364
6.13222, 671.459, 411.575
5.65882, 394.601, -107.968
3.26658, -728.144, -680.605
5.09652, -634.157, 245.873
3.52281, -416.558, 532.531
6.03231, 318.427, -544.446
6.05786, -430.216, -204.613
3.66304, -228.591, -243.408
6.80594, 88.3325, -139.194
2.67122, 141.805, 597.891
6.26587, -595.059, 244.872
4.14789, 483.54, 38.4785
4.65309, -197.797, -318.994
7.33455, 667.877, -32.3655
4.05803, 561.09, 504.215
5.69762, 730.485, -643.979
5.95386, 559.506, -28.7314
5.36403, -28.2382, 620.357
6.60667, 749.507, -680.12
4.21807, -496.782, -351.876
5.09387, -529.018, -438.931
6.78438, 67.5799, -542.998
6.18587, 313.769, 125.313
3.45992, -699.147, 173.49
2.83145, -271.804, 221.668
3.60828, 687.799, -635.303
3.33656, 28.2864, -194.98
6.31172, 392.051, -524.709
5.44905, -649.545, 155.799
4.65223, 675.608, 690.846
7.09618, 506.23, 51.6352
5.09668, 324.016, 129.019
7.38058, -526.794, -86.9407
5.15714, -366.953, -33.5321
2.98716, 227.883, 56.5319
5.83983, 292.284, 173.053
5.44444, 302.84, 2.5621
5.01137, -466.871, -74.1034
2.75808, -654.504, 14.2528
2.6753, -92.8324, -110.581
4.41484, -466.772, -560.029
5.55555, 269.699, 12.3509
5.06574, 566.802, 738.273
5.98498, 229.88, 18.4804
4.89891, 71.7283, -207.786
3.88323, 108.385, 416.426
6.01685, -360.11, 55.4371
3.67701, 588.44, 7.0219
6.41501, -68.0286, -156.923
6.60589, 141.976, 541.144
3.21842, -378.471, -45.0928
5.75757, -419.156, 581.485
3.87677, 675.337, -549.867
7.26215, -414.598, 622.355
4.58238, -535.809, -201.548
3.03869, -149.124, 199.504
4.70633, -667.54, 524.774
6.28811, -491.373, -135.872
2.77803, -468.974, -252.169
3.51241, 16.1862, 21.8924
6.82305, 666.323, -618.569
6.52456, -142.167, -81.6498
2.78861, -646.172, -519.692
4.40304, -15.8145, -540.881
4.56124, -4.10671, 613.735
2.80071, -190.168, 238.234
7.09746, 648.047, 494.891
3.35398, 581.121, 578.947
6.51634, -592.262, 197.068
3.88599, 452.284, 107.095
4.44586, -17.4293, 586.229
7.19936, -68.3563, 591.641
6.24573, -6.80865, -139.212
3.44774, -503.801, 691.341
6.89581, 273.106, 306.878
6.8953, 309.868, -605.982
3.30515, -426.253, -143.889
5.87346, -514.748, -184.295
6.89096, 408.268, 204.258
6.98262, 277.133, 343.296
3.06535, -18.5138, 543.632
5.93789, -265.174, -154.673
3.21651, -381.603, -430.521
3.6901, 251.393, 27.719
5.64383, 583.766, -138.367
4.312, 546.061, 275.342
4.64437, 662.628, 466.623
4.91936, 46.3684, -484.4
6.20379, 60.1669, -213.799
3.23098, -392.465, 478.843
7.36238, -494.009, -515.591
7.3158, -413.899, -193.368
3.14741, -434.651, 619.889
5.3784, -73.1454, -310.734
4.66439, 170.632, -129.328
5.50066, -277.133, -168.501
5.85098, -438.558, -168.252
4.5137, 450.813, 670.871
6.46691, 631.721, 525.574
4.89889, -462.695, -118.187
5.72449, 303.414, 278.554
4.28836, -340.329, 596.26
5.96794, -228.94, -186.081
5.83428, -409.103, -464.941
3.22071, -454.536, 624.119
7.10415, -617.234, 255.362
4.22228, 78.4617, -207.59
6.66824, -239.866, -470.08
2.74349, 346.148, -482.314
3.27936, -445.104, 116.194
2.55765, 153.462, 470.616
3.94327, 39.3058, 527.023
5.07295, -255.826, -237.472
3.65948, 608.432, 440.887
2.75022, -142.045, -84.8796
5.33091, -608.539, -470.728
6.69774, -16.5161, 634.559
4.28763, -593.561, -515.162
4.3452, 87.1036, 585.766
7.22226, 251.447, 39.2667
4.72425, -545.972, -230.619
6.82086, 252.387, 131.123
5.82654, -492.414, -526.843
5.79297, 87.2318, 511.105
7.10736, -773.511, 723.56
5.11536, 722.154, -627.172
5.45229, 322.596, -432.818
5.79944, 568.471, 523.391
4.24765, 255.456, 249.473
4.11714, 233.65, 43.0427
7.08984, 1.0608, 611.834
3.08619, 695.715, -468.142
7.31268, 453.288, -71.5109
5.17978, 65.4692, -212.701
5.81447, 665.248, 430.916
5.48362, 659.229, -445.377
6.93363, -561.835, -545.218
6.67999, -592.642, -484.714
6.69339, 289.015, 198.606
6.85642, -169.911, 184.908
2.5002, -742.862, 84.5561
4.77274, 290.527, 25.9339
4.25696, -607.517, 216.945
5.80713, -186.316, 597.498
6.22234, -642.722, 250.78
3.3821, -127.811, -316.856
7.4621, 773.127, -545.058
5.95466, -601.919, 211.902
6.97862, 317.868, 16.6062
3.51579, 241.693, 11.0773
7.2356, -388.454, -199.176
4.88476, 657.911, -463.036
6.78578, 659.956, -637.511
6.41237, -514.836, -517.782
5.70687, 725.589, -644.44
3.14521, -679.766, 203.227
5.77944, -26.9205, 574.029
3.09199, 88.055, -109.205
3.88793, 182.11, 559.374
6.65548, -187.072, -235.73
6.14153, -535.616, -409.226
6.74348, -731.308, 219.938
3.43989, -604.773, -428.907
6.09602, 388.882, -270.223
4.25586, 279.985, 296.806
3.34555, -488.331, -576.726
4.52383, 240.502, -452.016
4.20924, 118.981, 592.514
6.67141, 264.864, 31.225
3.9111, 642.417, 452.858
5.16766, -678.591, -578.2
6.25085, 721.717, -640.286
4.62554, -648.822, -441.429
4.66964, -395.665, 572.445
3.03022, 709.053, -760.293
6.4639, -159.938, -401.031
3.91232, -652.636, -503.024
7.14264, -414.01, -164.608
5.37926, 276.764, 296.298
3.4895, 590.086, -265.106
5.99081, 379.211, -546.563
3.07265, 241.692, -444.477
4.22945, 189.511, 567.597
4.15646, -351.133, -160.692
6.42735, 720.84, -696.208
6.65775, 303.349, -84.6723
4.21712, -652.851, 650.452
4.2603, -202.898, 607.952
6.38197, -38.2043, -522.936
6.58658, -44.5158, 554.66
4.26157, -157.75, 176.966
7.09559, -424.058, -197.989
3.2877, 507.226, 7.89947
5.56029, -393.137, 542.886
5.54222, -453.24, 623.298
3.16647, -125.653, -454.395
3.51409, -519.613, -357.158
4.79457, -600.629, 450.544
3.48759, -127.682, 585.13
6.77118, -686.89, 134.657
6.54562, -579.564, -433.45
2.80131, -681.973, 611.409
6.50584, -652.085, 509.368
5.49597, -69.6787, -426.156
7.43182, -552.423, 195.416
2.65919, 70.6856, 629.652
6.8356, 685.009, -619.283
3.69109, 415.863, 103.515
3.6127, 217.463, 250.434
4.73907, -474.094, -507.264
2.61231, 587.127, -126.38
6.79755, -149.91, -95.5214
4.15902, 278.311, 313.699
5.72195, 246.143, 68.4593
7.43521, -493.893, -530.43
5.30162, 247.153, -469.312
4.74553, -565.589, -170.707
5.213, -41.1472, -509.999
2.90797, 594.175, -78.9619
3.99606, -530.698, -165.941
6.63964, 572.352, 514.63
6.48936, 481.919, 665.076
5.71048, -3.51777, 608.574
4.84105, 431.119, 107.53
7.15326, -147.333, -373.321
5.08798, -155.072, -99.202
7.42924, 665.012, -443.532
5.94567, -8.62616, -538.001
6.19966, -183.157, -343.179
3.46323, -500.735, -496.755
6.08881, -432.664, 586.811
6.11146, 558.959, 123.052
6.49298, 317.752, 19.439
4.23216, 225.639, -644.224
5.1481, 79.4652, -180.481
3.19001, 584.842, -228.511
6.73218, -245.09, -174.314
6.32766, -21.8205, -524.149
7.5, 691.901, -496.491
4.24891, 425.588, 729.894
5.50367, -396.392, 567.598
3.50808, -356.65, -23.0438
6.2385, 44.0919, 18.7997
6.49225, 632.632, 213.689
3.03505, -676.342, 203.259
5.35813, -378.87, -94.2246
2.84683, 258.199, -348.86
4.16036, 643.342, 458.714
5.80945, 229.761, -554.036
5.27726, 5.06421, -219.998
7.12415, 295.569, 14.2885
2.69832, -351.947, -74.7546
2.62083, -224.998, -6.98471
4.61923, 296.509, -440.806
4.36987, 224.924, 113.297
2.93303, -210.539, -207.055
3.05403, -65.1202, 44.9437
5.31992, 258.087, -386.391
7.37269, 12.4155, 595.335
3.05066, -11.9372, -537.642
5.99352, 128.962, 522.567
2.79674, 15.0808, -538.563
4.69755, 472.863, 54.1419
5.24651, 692.539, 607.946
3.45129, 508.636, -592.307
7.36597, 278.037, 74.4517
3.19593, -514.308, -100.428
5.48978, 652.737, -465.736
7.12812, -666.342, 614.858
3.91116, -19.4577, 563.542
6.8307, -135.652, -117
6.29598, -152.209, -394.602
6.10793, 282.816, 341.751
3.34241, -201.592, 237.924
3.32882, 682.213, 549.321
3.39076, -636.378, -501.03
5.87226, 251.289, -463.198
4.83484, -190.873, -81.1846
6.85219, -570.762, -400.734
5.76023, -537.594, -174.406
5.80464, 655.985, 630.122
2.58037, -588.908, -485.748
4.30596, -558.1, -481.387
3.72747, 594.731, 142.145
6.93086, -701.983, -693.746
5.23701, 768.855, 653.276
6.57209, 17.2177, -561.769
5.24453, 56.9557, 648.377
4.16156, 443.965, -107.465
4.40213, -15.6684, -625.067
2.52389, 562.554, 475.584
6.95226, -111.514, -396.395
6.16955, -394.072, 567.493
6.04239, -41.3486, 538.221
5.1278, -38.9419, 76.6083
6.41065, 41.8312, -484.737
3.42484, -347.052, -370.527
5.72673, 293.696, 331.68
3.42178, -425.499, -162.628
3.31214, 191.318, -412.746
2.65594, -264.63, 721.114
7.42716, 20.5581, -630.857
4.04559, -208.06, -393.008
4.11075, -415.693, -160.526
5.51155, 214.997, -8.90748
2.89107, -331.994, -649.719
3.93936, 42.7715, 25.7076
5.79307, -128.713, -388.385
7.36348, -563.988, -394.043
7.27758, -379.532, -518.037
7.42745, -488.4, -209.216
7.30478, -568.423, -478.908
3.0073, -478.056, 569.363
3.71505, -179.939, -354.995
6.91151, 3.19995, -190.734
5.28805, 245.652, 301.596
6.7669, 556.078, 529.998
7.49145, -419.843, 601.826
3.99751, 85.9776, -638.001
6.33157, 659.836, 346.283
4.81901, 224.285, -24.3831
6.8168, -591.273, -422.37
6.99018, 565.287, 36.7617
7.377, 166.359, -372.79
2.77405, 399.816, 237.658
6.32605, 719.055, -705.196
5.09219, -683.682, 516.548
3.46574, 563.59, -122.557
6.98252, 246.314, -488.363
6.38492, -612.158, 203.846
2.75968, 149.297, 437.483
7.47331, -692.094, 535.204
5.93659, -139.322, -407.841
5.94854, 644.763, 388.587
6.57666, -431.693, 562.674
7.05426, -184.286, -404.83
3.34218, -54.3481, 37.2515
5.24183, -378.521, 528.287
6.53351, -409.853, -165.305
4.17803, 274.742, -466.988
5.53435, -129.062, -83.2716
6.59602, -649.69, 157.007
7.3485, 69.8369, -180.564
6.29349, 427.587, 316.924
3.72113, -94.0772, -116.342
5.80589, -583.154, 271.676
4.21574, -722.49, -551.153
7.27146, 235.802, -279.959
2.60828, 512.859, 642.875
4.54979, -758.386, 749.148
2.55789, 581.405, -641.413
3.04964, 624.472, 164.019
5.28259, -574.206, 229.341
4.45466, 67.049, -173.537
7.20539, -58.0982, -163.22
2.55572, 209.491, 307.813
6.22897, -156.189, -381.354
3.84293, 287.664, 166.155
4.27153, -338.279, -531.374
3.45835, -473.038, 652.409
5.14832, 276.43, 17.8862
4.39478, -15.4922, -546.483
3.16407, 1.56899, -456.963
4.26563, -175.605, -401.469
4.2497, 760.261, 689.072
7.41084, 404.378, -96.9775
5.25961, 48.4152, -253.592
4.99918, -9.10018, -511.895
3.58531, -641.937, 164.7
4.37311, 54.2328, -368.474
6.78251, -696.305, -516.215
6.45578, 753.198, -382.269
3.9204, -515.764, 526.884
5.07645, 249.814, 159.339
6.79238, -144.76, -87.7108
7.07844, -471.225, -297.6
7.48941, 110.626, 593.824
6.53177, -8.82801, -212.726
5.22718, -566.779, -167.259
7.3461, 34.2554, -620.928
5.31931, -545.754, 297.107
4.03031, -443.484, 577.273
5.41853, 699.229, 681.068
2.91197, 174.325, -220.545
5.47382, 280.818, 338.161
3.31968, -706.414, -540.901
6.46527, -562.644, -527.582
2.95373, 691.295, 427.661
6.3072, -597.273, -514.895
6.83996, -154.179, -90.374
6.40105, 101.839, -125.499
6.61399, 671.029, 710.519
6.70974, 268.864, 306.45
4.48328, 155.174, 5.7297
6.508, -76.1434, 104.029
6.56811, 239.764, 70.1986
5.43493, -382.997, -12.1059
4.64621, 554.232, -8.21153
2.5002, -51.7179, -312.468
5.31153, -609.323, 218.968
6.22632, 300.369, 111.473
3.89846, 603.471, 175.1
2.93406, -604.007, 454.585
3.5733, 643.99, -585.962
3.93296, -459.189, 634.166
4.86595, -284.15, 400.457
6.95893, 676.385, 740.631
5.91955, 412.963, -380.269
3.54376, 213.904, -296.202
6.67533, 640.665, -78.8143
7.09218, 665.331, 657.171
4.48244, -544.507, -601.487
6.37858, 410.179, 373.675
5.68161, -85.2091, -115.638
6.64746, 192.714, 95.205
3.40204, 403.825, -332.142
7.45927, 367.773, -548.142
6.70558, 4.86522, -499.164
4.65177, 601.02, 261.054
4.38589, 407.648, 725.482
2.70802, 474.489, -371.203
6.80715, -628.345, -544.888
6.62116, 730.826, -596.376
6.25052, -30.4129, 620.586
3.55801, -214.822, 671.657
4.31029, -517.975, -185.84
4.43545, -598.586, -445.079
7.32918, 647.634, 497.347
6.5872, -83.5214, 526.883
4.5755, 34.6006, 365.81
5.83759, 310.475, 182.98
2.52101, 471.078, 684.855
6.98048, -662.555, 222.998
3.68416, -205.296, 235.598
3.79415, 298.927, 39.9405
5.4939, 335.722, -483.852
6.89823, -548.428, 142.743
6.16299, -594.567, -487.715
6.0773, 570.137, 500.279
3.57724, -383.794, 604.92
6.30413, 676.177, -716.223
3.85351, -7.10398, -236.356
2.75246, 410.197, 101.847
4.78866, 268.921, 221.083
2.58759, 352.995, -552.484
3.01129, -36.9035, 74.6873
2.639, -159.142, 173.083
5.65921, -296.033, -453.438
6.34425, 53.0985, -197.563
2.74132, 337.771, -512.936
6.6924, 17.0331, -556.187
6.76899, -250.453, -161.08
6.57649, -383.145, 589.965
6.85188, 697.291, 366.715
5.27222, -524.417, -82.634
6.12646, -222.046, -237.473
3.20424, -115.84, 527.894
6.6115, 388.617, -389.206
5.51185, 369.02, -47.8999
4.93856, 375.724, -563.505
6.14942, -201.417, 591.868
4.05164, 725.928, -651.628
3.93925, -609.988, 167.716
5.45857, -692.104, 586.755
5.34055, 473.838, 671.715
5.41059, -537.645, -549.149
2.84132, -652.813, 212.89
4.34304, 103.71, -136.193
6.28475, -527.114, -493.806
6.35297, -515.557, -502.529
4.27217, -434.213, -229.292
5.98913, 86.1301, 625.256
5.08005, -483.147, -205.515
5.94494, 209.712, 173.711
6.18066, 22.5913, 684.318
2.56231, -204.686, -346.788
7.16549, 428.273, -63.3962
5.37826, 293.6, 163.266
3.05587, 656.208, 869.008
4.87388, -111.885, -75.0367
3.24247, 317.016, 109.129
4.22594, 162.142, 384.136
7.04476, -663.08, 241.277
4.54571, 78.7373, 476.992
5.96642, -521.034, -45.293
3.35865, 393.461, -522.602
6.21715, 683.772, -434.302
4.16319, -511.124, 482.335
4.62157, 440.568, 206.443
2.79523, -188.68, -74.0241
5.09005, 214.629, 5.47763
5.94425, 239.961, -473.067
5.01149, -148.146, -85.9224
6.56617, -1.60466, -530.566
3.07974, 44.4754, -540.088
5.24841, 277.024, 317.077
5.06046, 350.145, 159.31
6.02649, 629.397, 463.607
5.65083, -185.705, 583.09
4.0207, 30.9746, -538.699
6.74719, 241.911, 76.3968
3.39619, 568.543, 38.5895
2.61737, -385.453, 46.0888
4.19467, 434.935, 22.3145
3.43818, 244.694, -68.3321
6.60467, -167.011, 55.7869
6.72507, -537.084, -198.822
6.78031, 705.221, -625.787
7.37454, -679.595, 614.612
2.99587, 351.022, -405.877
2.56182, 616.922, 519.73
2.58614, 246.738, 311.527
2.64527, 315.778, 160.208
4.1031, 91.6298, -156.045
6.17815, 433.924, 221.007
3.14876, 287.512, 310.5
2.5161, -362.457, 337.556
6.91905, -8.93767, -551.022
3.70482, 255.152, -509.815
4.38481, -656.564, 581.186
4.44879, 507.543, 6.42003
2.81534, 476.865, 212.504
7.30792, 199.001, 517.623
3.75349, 604.548, -266.729
6.85376, -523.244, -52.2058
2.85991, -690.726, 397.83
2.70653, -418.747, 603.58
3.46378, 246.464, -413.775
3.86708, -250.118, 305.357
7.4007, -621.858, -332
3.60607, 217.993, -557.29
6.43119, -668.134, 570.343
4.42306, 180.615, -277.275
3.78593, 401.01, -617.685
3.91087, -644.837, 254.301
7.33834, 577.278, -139.306
4.22841, 279.713, 74.8679
3.45922, -525.721, 641.693
5.05037, -492.76, -161.424
5.21857, -442.246, 571.034
5.72333, -577.215, -536.65
3.89738, -134.818, 621.153
3.41887, -214.568, -372.491
2.71579, -596.369, 171.792
3.98408, -406.688, -175.687
4.25548, -150.678, 76.1527
7.09372, -450.013, 521.172
5.81225, 423.502, -226.606
5.08041, 556.747, 500.897
4.03763, 435.367, 364.808
3.0007, -168.987, 82.111
3.47502, 272.216, -657.564
4.11407, 122.761, -174.57
5.56182, 582.02, 84.8306
5.13511, 720.68, -588.685
3.45653, 317.19, 129.099
4.7178, -558.376, -593.084
4.48693, -433.675, 649.266
6.28051, -503.017, 573.726
6.6213, 627.713, 535.804
5.51573, 53.2906, -147.574
3.04573, 370.347, -564.57
4.11797, 355.301, -120.327
5.03403, 166.504, 228.177
4.76521, -404.615, 533.402
4.77315, -206.389, -356.359
4.91125, 690.399, 704.587
5.07896, 256.774, -533.787
4.50207, 108.12, 600.772
4.22945, 658.74, 380.487
6.64533, 587.358, -131.886
3.02204, -638.246, -458.808
6.40057, 381.876, 439.863
3.19919, -254.612, -256.268
2.62171, -560.697, -551.31
6.0664, 315.301, -514.943
7.15538, -3.72621, -543.751
7.47667, 283.813, 156.052
3.86264, -644.235, 253.013
3.6923, -402.958, -182.432
3.87328, 479.679, 599.255
5.70836, -564.939, -480.18
5.17637, 285.477, 114.876
6.8967, 580.134, -306.378
6.75968, -629.323, -436.903
2.98004, 560.447, 22.84
4.66818, -681.981, 267.401
3.17045, -16.6548, -527.504
5.86802, -138.955, 186.824
5.34964, -171.045, -380.492
3.66474, -331.292, 759.162
5.50306, 263.358, -444.326
2.6551, -558.26, -145.404
7.08512, 402.076, -268.253
3.82958, 672.925, -31.8962
6.50016, -142.971, -385.136
5.46389, -40.9235, -520.171
5.0822, 187.164, 217.399
5.2567, 249.58, 321.414
3.47225, 286.846, -37.3228
5.36152, -63.4076, -588.645
3.81992, 224.963, 257.082
4.41648, -690.853, 489.458
2.73626, -607.151, -605.557
4.22823, 467.492, -611.443
3.61594, 497.659, -394.921
3.81264, -126.6, -548.193
3.05141, -254.954, -450.979
7.40088, -508.099, -56.5694
5.93794, 624.587, 501.463
5.82158, -493.267, -167.598
5.99501, -601.173, -437.116
2.68746, -494.897, -510.622
3.6706, -567.289, -414.413
3.95397, 661.909, 434.495
3.50543, 24.6707, -238.081
2.7177, 263.348, 213.62
2.56571, -413.48, 555.847
6.07297, -418.257, 533.954
6.88348, -531.973, -495.528
5.35088, -645.426, 149.572
6.92743, 763.557, 768.076
5.20042, -441.734, -237.924
3.31357, 657.556, -593.302
3.30492, 623.232, 445.245
7.19182, 274.315, 148.581
3.45628, 358.751, -560.198
3.15761, 238.001, -282.73
4.41122, -167.639, -79.2794
6.12674, 221.17, 57.6266
2.50651, 569.841, 738.385
4.60222, -197.746, 505.113
5.18984, 210.913, -4.92893
4.86596, -144.361, 239.495
6.33003, 555.927, 585.259
2.9396, 397.741, -365.272
7.04284, 287.382, 230.919
3.20818, -539.521, -575.411
2.54782, 264.327, 75.4634
2.82267, 320.073, 374.532
4.96742, 300.771, 120.393
5.40914, 473.108, 629.449
4.03373, -617.486, 453.189
4.57091, 549.824, -38.0401
4.33401, -611.379, -462.899
3.42687, 105.57, 532.383
2.76788, 211.098, 124.076
4.47222, 354.976, -45.5844
3.98388, -112.42, -132.512
5.05388, -427.384, 581.07
3.75392, -658.902, 241.769
5.01589, 680.374, 696.747
2.51168, -88.3734, 532.202
7.01807, 686.544, -454.761
2.79181, -679.647, -751.226
5.17506, -506.612, 529.426
3.95754, -434.493, 535.605
7.3023, -542.843, -209.706
4.73406, 247.115, -59.2711
5.08479, 615.572, 169.631
5.93861, -171.414, -90.5499
2.72187, -183.183, -86.9157
7.2946, -639.324, 527.211
5.70852, 295.165, 142.318
2.80215, 299.688, -610.711
3.33964, 278.22, 220.807
5.76491, 359.905, -126.599
6.19864, -738.259, 86.5198
3.57011, 681.608, 252.993
4.31441, 178.188, -351.733
6.56981, -537.261, 652.405
5.32057, 619.15, -344.99
7.45886, -9.27435, -524.87
6.5669, -611.203, 208.46
3.49157, -648.609, 20.4097
2.50003, -59.6995, -515.129
4.62608, 723.172, -635.084
4.07406, 681.517, 187.665
5.56218, 528.95, -659.95
3.83351, -159.958, -389.743
4.39881, -573.569, -162.4
5.43397, 590.354, 140.597
5.95636, -136.262, -384.391
7.26736, -227.261, -428.882
4.89785, -291.228, -596.086
3.60319, 277.56, -463.325
5.33741, -637.462, -485.849
6.09873, 256.271, 63.5304
4.4953, -390.772, 546.262
3.48326, -534.347, 646.412
6.66971, -505.659, -505.71
5.59561, -484.794, -535.531
7.26866, -159.238, 86.4403
3.23222, 16.8741, -65.857
5.38953, -187.455, -402.038
7.26796, -385.837, 578.446
3.62331, 700.903, -738.279
7.25137, -460.652, 629.256
3.07874, 645.877, -270.311
2.58372, 169.074, -103.946
3.90465, -221.783, -219.358
7.15042, 422.537, 0.382365
3.04796, 682.626, 700.268
6.77266, 82.4825, 399.785
5.68532, -484.935, -515.538
5.63853, 336.567, -483.252
3.80589, 648.659, 502.379
5.13936, -574.57, 217.149
7.16608, -223.32, 571.894
3.98055, 531.685, 42.5851
4.78006, 283.178, 317.229
6.35659, -541.713, -610.078
4.17193, 327.592, 140.171
6.31775, -22.3493, -523.571
6.65892, -46.5198, 543.775
2.64618, -635.122, 528.814
4.31315, 568.331, -189.386
4.16221, 277.191, 339.665
3.17675, -308.313, -65.1247
3.00839, -208.625, 628.227
5.11327, -459.761, 585.031
3.52046, -34.8057, -369.197
5.00728, -536.655, -484.42
5.1371, -47.5624, 540.565
4.13422, 78.5031, -202.565
4.75888, 233.956, -263.15
6.85263, 24.9885, 547.707
4.72884, 577.758, 600.989
6.03726, -463.578, -558.52
6.83171, 720.342, -640.371
6.5822, 603.615, 160.552
2.67504, 826.777, 609.18
3.8644, -492.465, -216.997
5.21858, -262.654, -372.802
3.19942, -499.34, -435.229
5.57408, -603.023, -620.398
3.29182, -419.895, -695.689
4.41129, 266.397, 169.236
5.94997, -52.0347, 87.3342
3.21128, -412.899, 662.111
5.65284, -657.842, 586.92
3.15973, 88.4156, 611.806
7.13583, -664.442, 222.475
5.53465, -670.594, 577.38
5.50388, -668.553, 175.548
3.33635, 382.873, -396.882
3.301, -540.21, -577.693
5.91628, 432.777, -0.711846
5.1456, -540.512, -99.1749
3.65264, -88.1283, 514.828
6.55373, -413.019, -215.751
5.76477, -308.734, -392.549
4.08597, -610.024, -414.239
2.53953, -226.41, -523.913
3.49176, 489.911, 518.191
3.78831, 155.986, 313.217
3.03825, 605.163, -156.302
3.49545, 79.493, -125.905
6.75079, 825.865, -511.261
6.63912, -571.16, 217.348
6.76813, -608.523, -423.234
5.71027, 92.7467, 574.669
3.6787, 726.847, -675.255
6.80638, -605.447, -515.538
5.4745, -219.861, -57.4324
2.52745, 446.095, 4.25034
6.84925, -647.975, -471.051
7.37729, 417.262, 195.097
5.59653, 273.472, 26.2703
3.85574, -623.86, 158.351
7.46973, -183.267, -408.145
4.60751, -625.876, -491.446
4.20537, -570.159, -432.552
4.80717, 270.897, 33.0075
4.44822, 182.322, -262.294
4.613, 168.174, 569.196
2.84879, 328.697, 247.756
5.5153, 68.5909, -209.28
7.36114, -81.9386, 106.705
5.07406, -619.481, -540.252
7.45461, 590.04, -120.334
5.84906, 424.647, -72.023
4.01716, -557.864, -138.597
3.47371, 568.667, 500.793
4.0109, -602.227, -610.505
4.93946, -358.738, 334.616
4.72438, 478.963, 637.328
5.7844, 369.846, -535.213
3.74227, -555.719, -481.155
4.72007, 89.0977, 418.892
5.75894, -545.312, -75.6215
6.67472, -653.757, 263.053
6.03698, 113.957, 594.241
4.93928, -419.681, -462.618
6.72039, 308.508, -10.9154
7.00296, -426.037, -166.685
6.33082, -613.738, -557.23
5.29453, 500.797, 677.289
2.70603, 93.5783, 55.0761
5.46749, 511.153, 21.0393
2.68674, -426.727, 568.033
4.53488, 269.116, 310.904
2.84243, -696.716, -667.134
7.38558, -596.313, -595.608
2.5956, -561.497, -252.332
6.60363, -266.449, -168.032
5.2195, -435.444, 545.327
5.72828, 657.135, -247.633
3.62934, -151.419, -77.649
2.733, 745.555, -533.282
3.63154, 289.118, -443.373
4.58371, -633.431, 132.391
6.40126, 265.019, -444.973
3.72852, -651.144, 153.797
4.81411, 464.827, 58.7788
6.14756, 590.888, 157.432
5.35237, -358.45, 635.595
5.45997, 678.785, 683.33
4.98425, -623.827, 164.013
3.951, 209.405, 130.454
4.71107, 56.3126, -215.172
2.53669, 675.099, -429.794
7.41683, 380.494, -253.118
2.52822, -640.419, -293.53
4.8676, 78.8123, 587.559
5.86497, -258.549, -210.603
