6.27803, -710.76, -764.373
3.5948, 40.9271, -188.556
5.89648, 347.145, -749.674
5.09708, -223.498, 812.689
2.76731, -894.003, 706.084
2.53849, 342.757, -0.45568
4.58743, -754.814, -212.975
7.15218, 201.322, 356.283
2.95982, 25.0004, 582.776
6.00595, -166.12, 260.019
3.81226, 572.596, 757.366
4.14117, 460.94, -786.875
7.45519, 327.141, 217.636
7.41275, -474.79, -221.965
5.75759, 403.019, 371.178
6.92354, 238.954, -730.956
6.33247, -171.857, -495.638
3.87453, -517.535, -121.573
4.93259, -548.494, -267.367
2.80282, 798.569, 817.387
5.08146, -5.93588, 675.536
4.96988, 810.513, -418.343
7.23882, -631.006, -499.844
4.42071, -58.9912, -712.148
5.14874, 812.451, -430.26
2.75042, 866.123, -200.866
6.63909, 493.181, 465.314
5.94228, -765.613, -591.457
6.18112, 290.451, 710.336
6.94286, 827.2, 445.632
4.25508, -359.835, -530.924
6.72991, 180.3, -13.9065
3.84659, 522.473, -112.555
4.83959, 64.1021, -156.14
3.2686, -623.09, -505.278
2.66527, 584.877, 93.0513
7.2768, 20.0575, 73.8761
6.95369, 140.2, 403.002
3.29884, 552.477, 155.387
3.15214, 414.604, -544.854
2.515, -441.008, -741.173
6.0491, -720.302, -218.548
3.40448, -451.268, 725.499
5.76029, 731.877, -290.622
4.42907, 413.911, -624.275
3.23766, 115.027, -193.062
5.45054, 570.67, 91.7136
3.24076, 191.19, 802.034
3.2091, -142.211, 834.003
4.94257, -429.494, 88.0208
3.13015, 735.777, -7.50314
5.64635, -314.347, -497.697
5.60817, 253.75, -610.958
4.88216, -458.05, 556.512
2.64188, -479.102, -231.665
3.21011, -45.1873, 623.664
3.15594, -218.61, 788.804
3.31099, -772.5, 681.777
3.76529, -205.486, -697.229
4.77654, 514.005, -664.073
6.54472, -66.1728, -264.011
3.57624, 235.969, 702.394
3.75063, 693.517, 338.068
5.02978, -42.712, 669.692
6.27922, 573.417, 101.499
5.66369, 742.194, -23.5454
5.9449, 552.833, -131.267
7.27207, 848.211, 455.902
5.18713, -342.599, 586.839
4.57014, -640.643, -40.6717
4.70019, 673.357, 151.623
6.07821, 660.119, 432.071
6.20858, 319.668, 539.243
5.12494, 689.409, -858.943
6.06711, -738.013, -108.301
5.91025, 338.152, 18.7952
6.82941, 788.4, -533.014
3.19597, 36.7282, 678.029
3.57766, 784.616, -174.419
5.0733, -298.607, -126.526
4.83766, -52.9952, 627.662
3.55759, -208.893, 603.327
5.65244, -627.256, 841.421
2.5044, -807.963, 192.678
4.09589, 364.25, 456.392
5.90281, 259.125, -118.852
6.0446, 598.495, -509.202
2.90869, -726.857, 541.056
3.56926, 260.409, 445.414
4.44412, -756.715, -524.181
4.44927, 793.118, 776.199
3.92018, 333.929, -463.499
4.6123, 488.407, 480.6
2.55658, -657.108, -504.521
3.72027, 797.43, -691.141
4.49072, -680.133, 595.314
6.64177, -730.904, 225.094
3.78584, 783.356, -689.499
3.59705, -611.73, -472.621
6.47385, 282.631, 283.416
5.8476, 416.408, 377.751
5.49108, -817.222, 240.33
5.99917, -303.915, -520.432
5.13062, 499.713, -687.135
4.14833, 284.441, 118.834
3.30844, -798.409, 321.489
6.56633, 634.638, 7.51171
4.08004, 315.501, 168.36
4.05369, 33.6259, -679.201
4.65424, 48.2735, 105.234
4.46509, -164.999, -583.033
4.43916, 126.978, -211.158
4.34871, -640.402, -499.345
5.88118, 323.693, -514.126
6.10384, 298.702, -66.3783
7.20082, -33.7964, 823.483
5.08573, -84.4809, -425.739
5.5282, -149.409, 268.195
5.85049, -618.066, 829.791
5.11404, 60.5773, -168.021
3.87105, -763.034, 532.453
7.08924, 165.955, 320.404
3.73367, 751.614, -447.638
4.77876, 327.516, 497.976
3.30374, -835.962, 619.492
4.68319, 312.683, 235.175
7.45767, 398.644, 113.595
6.26931, -378.633, 378.622
4.97846, -751.113, -547.4
7.01651, -630.15, -661.89
4.68213, 502.929, 469.018
5.09239, 111.848, -801.403
4.44866, 152.631, -674.141
5.63431, -191.57, -435.397
5.19331, 269.591, 192.455
4.35955, 563.232, -450.995
2.54674, -301.179, 308.866
6.3794, -1.20127, -640.844
2.85317, -783.604, -497.721
3.98511, 367.48, -707.573
4.78581, -55.2384, -673.217
3.25156, -103.511, 6.66571
5.97819, 589.774, -409.977
4.15587, 358.627, 137.469
5.21197, 839.533, -774.869
2.64678, 717.031, -861.078
5.38086, 73.5496, -174.743
5.18133, 362.989, 448.829
7.36678, -699.691, -819.854
5.57063, -293.405, -495.699
5.26431, -669.674, 236.602
6.69051, -232.608, 807.28
3.75764, -580.619, 717.816
6.98957, 560.389, -139.872
5.97428, 499.637, -450.483
5.82752, -444.138, -88.5804
3.06838, -647.354, -650.792
3.37987, -819.415, 128.566
2.91253, -188.832, 147.886
6.68103, -147.148, 276.847
2.64818, 827.725, -627.357
6.34719, -45.9439, -719.715
4.29829, -460.264, 724.929
6.24626, 38.3306, 506.316
6.28385, 371.416, 277.287
3.60834, -492.681, -763.782
5.58305, 266.638, 119.983
3.66846, -494.05, -245.141
6.22052, -715.948, 219.097
5.80997, -714.747, -608.466
4.9209, 868.054, -714.412
2.58972, 778.573, 97.6388
4.98291, 316.399, 161.087
5.09587, -29.125, -744.028
4.71395, -773.859, 417.609
4.14528, -86.7283, 795.719
3.52671, 427.451, -55.9772
7.19863, -128.99, -440.51
2.85168, -590.598, 686.986
3.30042, 12.1838, -743.88
6.70788, -642.358, -40.3213
4.13614, -226.859, -222.417
6.85942, 192.553, 368.319
5.99896, 602.133, 494.574
5.52801, 786.835, -182.349
4.77536, 53.1639, -165.559
2.91543, -566.358, -236.785
3.94883, 113.998, -150.693
6.51009, -670.245, -636.711
6.81821, 317.469, 0.439995
3.81831, 345.078, -456.766
4.79881, -722.846, -235.128
4.95672, 558.504, -446.582
5.82344, -450.226, -823.847
7.31738, -561.712, -214.57
7.23022, 521.755, -660.391
2.81902, 255.645, -576.743
5.04829, -418.376, -249.298
6.13222, 723.451, 565.023
5.65882, 470.966, -232.296
3.26658, -823.797, -843.054
5.09652, -768.416, 418.482
3.52281, -490.054, 729.43
6.03231, 327.76, -763.836
6.05786, -430.512, -100.896
3.66304, -404.047, -273.107
6.80594, 45.6701, -225.108
2.67122, 19.7806, 809.592
6.26587, -777.909, 155.517
4.14789, 586.181, 85.3112
4.65309, -17.119, -426.146
7.33455, 822.988, -148.921
4.05803, 705.214, 567.727
5.69762, 753.683, -664.93
5.95386, 734.018, 1.62306
5.36403, 38.4018, 592.363
6.60667, 775.048, -665.804
4.21807, -766.758, -606.049
5.09387, -772.081, -610.945
6.78438, 109.786, -787.169
6.18587, 294.565, 90.1257
3.45992, -777.944, 285.588
2.83145, -272.705, 309.803
3.60828, 824.64, -670.322
3.33656, 18.6623, -195.995
6.31172, 378.582, -754.78
5.44905, -740.014, 303.187
4.65223, 829.3, 788.581
7.09618, 596.718, 24.6693
5.09668, 354.494, 144.323
7.38058, -620.802, -58.5541
5.15714, -413.428, 46.4047
2.98716, 330.949, 264.936
5.83983, 211.523, 132.448
5.44444, 207.308, 4.78513
5.01137, -612.145, -20.0141
2.75808, -726.442, 266.398
2.6753, -225.017, -39.9073
4.41484, -769.43, -559.033
5.55555, 251.627, 139.915
5.06574, 578.978, 805.755
5.98498, 333.9, -6.85424
4.89891, 40.6159, -169.915
3.88323, 37.5273, 423.332
6.01685, -415.748, 155.102
3.67701, 704.795, -23.3103
6.41501, 44.1953, -185.348
6.60589, 237.739, 690.718
3.21842, -436.048, 42.6724
5.75757, -492.88, 733.84
3.87677, 828.788, -799.714
7.26215, -455.867, 576.603
4.58238, -608.614, -41.2867
3.03869, -122.746, 326.508
4.70633, -744.88, 532.396
6.28811, -422.824, -223.294
2.77803, -388.93, -206.13
3.51241, 1.80437, 59.0821
6.82305, 831.807, -657.845
6.52456, -236.92, -22.7444
2.78861, -614.929, -549.359
4.40304, -12.2481, -593.456
4.56124, -61.1965, 671.419
2.80071, -319, 323.37
7.09746, 687.336, 594.596
3.35398, 576.396, 758.352
6.51634, -772.328, 186.366
3.88599, 648.882, 30.1082
4.44586, 158.888, 740.37
7.19936, 26.2868, 604.014
6.24573, 145.219, -206.677
3.44774, -386.033, 704.435
6.89581, 362.01, 430.374
6.8953, 375.373, -710.821
3.30515, -663.291, -175.878
5.87346, -751.663, -216.995
6.89096, 547.648, 208.435
6.98262, 257.331, 409.98
3.06535, 4.72985, 718.143
5.93789, -197.982, -246.659
3.21651, -563.041, -680.359
3.6901, 344.181, 12.8204
5.64383, 775.775, -182.289
4.312, 694.146, 337.035
4.64437, 622.159, 621.766
4.91936, -60.0517, -716.041
6.20379, 43.1278, -190.324
3.23098, -365.286, 656.328
7.36238, -751.286, -601.021
7.3158, -465.216, -210.784
3.14741, -486.034, 560.084
5.3784, -212.961, -512.691
4.66439, 11.3114, -201.264
5.50066, -244.991, -226.388
5.85098, -662.241, -53.1321
4.5137, 411.705, 873.299
6.46691, 701.239, 574.363
4.89889, -793.356, -210.96
5.72449, 341.175, 268.638
4.28836, -295.212, 609.429
5.96794, -273.213, -218.729
5.83428, -413.28, -590.077
3.22071, -430.762, 680.278
7.10415, -798.122, 183.604
4.22228, 25.8692, -148.713
6.66824, -369.668, -465.459
2.74349, 307.301, -623.407
3.27936, -341.978, 29.4449
2.55765, 208.915, 493.591
3.94327, 78.12, 554.574
5.07295, -301.796, -166.853
3.65948, 637.135, 421.547
2.75022, -232.137, -25.015
5.33091, -635.809, -669.467
6.69774, -63.5626, 672.202
4.28763, -669.186, -484.881
4.3452, 141.734, 785.81
7.22226, 316.779, -49.9012
4.72425, -774.616, -172.741
6.82086, 407.751, 183.764
5.82654, -758.711, -582.596
5.79297, 151.235, 602.532
7.10736, -873.178, 874.319
5.11536, 813.503, -702.385
5.45229, 410.577, -432.35
5.79944, 580.881, 638.306
4.24765, 288.532, 438.132
4.11714, 324.437, 20.6851
7.08984, -71.0727, 635.714
3.08619, 817.567, -452.121
7.31268, 518.415, -108.315
5.17978, 33.1218, -153.111
5.81447, 710.034, 573.937
5.48362, 810.432, -446.056
6.93363, -523.004, -647.754
6.67999, -649.577, -504.212
6.69339, 240.869, 87.2401
6.85642, -164.989, 281.843
2.5002, -828.519, 269.862
4.77274, 329.205, 246.845
4.25696, -774.301, 191.155
5.80713, -237.82, 652.148
6.22234, -829.26, 179.435
3.3821, -161.275, -495.203
7.4621, 849.148, -639.474
5.95466, -794.387, 212.857
6.97862, 201.226, 0.158264
3.51579, 315.441, -38.2937
7.2356, -469.066, -103.489
4.88476, 789.11, -466.839
6.78578, 860.3, -689.544
6.41237, -758.29, -543.818
5.70687, 843.474, -776.818
3.14521, -747.504, 266.386
5.77944, -2.60368, 705.69
3.09199, 66.7677, -29.2267
3.88793, 259.532, 701.719
6.65548, -256.734, -233.674
6.14153, -582.306, -433.679
6.74348, -623.105, 272.159
3.43989, -662.211, -773.916
6.09602, 500.73, -296.957
4.25586, 167.176, 295.367
3.34555, -438.819, -657.969
4.52383, 273.404, -508.107
4.20924, 142.023, 669.974
6.67141, 292.728, -34.8676
3.9111, 709.08, 640.913
5.16766, -649.984, -503.313
6.25085, 813.03, -817.513
4.62554, -661.403, -666.78
4.66964, -516.699, 554.224
3.03022, 791.81, -893.141
6.4639, -86.245, -393.105
3.91232, -655.858, -510.659
7.14264, -484.309, -218.3
5.37926, 258.805, 440.866
3.4895, 700.123, -313.996
5.99081, 501.703, -671.506
3.07265, 369.09, -750.765
4.22945, 269.908, 695.607
4.15646, -394.183, -216.669
6.42735, 835.652, -817.548
6.65775, 410.128, -165.037
4.21712, -696.711, 712.971
4.2603, -238.626, 731.228
6.38197, 95.3345, -714.888
6.58658, -11.0447, 705.49
4.26157, -218.559, 276.43
7.09559, -386.084, -248.471
3.2877, 547.441, 170.242
5.56029, -456.655, 627.23
5.54222, -431.969, 681.638
3.16647, -210.489, -626.948
3.51409, -603.239, -433.641
4.79457, -752.91, 551.323
3.48759, -295.011, 778.301
6.77118, -755.15, 311.786
6.54562, -733.311, -642.8
2.80131, -832.924, 701.896
6.50584, -680.907, 595.104
5.49597, -191.165, -508.389
7.43182, -807.211, 230.693
2.65919, -83.9531, 689.65
6.8356, 827.524, -649.969
3.69109, 519.804, 223.431
3.6127, 196.892, 348.307
4.73907, -790.383, -564.888
2.61231, 830.742, -141.558
6.79755, -235.747, -27.9311
4.15902, 252.226, 412.685
5.72195, 366.729, 272.49
7.43521, -753.356, -576.348
5.30162, 277.232, -494.786
4.74553, -736.592, -213.094
5.213, 88.976, -713.014
2.90797, 773.793, -82.3952
3.99606, -666.875, -238.934
6.63964, 718.183, 547.895
6.48936, 547.034, 777.812
5.71048, -65.5684, 668.341
4.84105, 579.354, 267.466
7.15326, -181.792, -459.576
5.08798, -227.535, -41.8711
7.42924, 800.307, -445.984
5.94567, -16.6902, -618.625
6.19966, -177.089, -489.874
3.46323, -435.351, -775.176
6.08881, -487.899, 591.751
6.11146, 606.265, -22.5645
6.49298, 265.209, 114.435
4.23216, 241.475, -853.043
5.1481, 51.81, -201.826
3.19001, 727.038, -307.376
6.73218, -216.448, -227.223
6.32766, -13.6549, -724.657
7.5, 769.923, -455.989
4.24891, 467, 865.857
5.50367, -453.402, 577.078
3.50808, -473.481, 21.7031
6.2385, 36.9088, 99.7165
6.49225, 797.411, 243.365
3.03505, -667.172, 100.8
5.35813, -458.945, -4.28091
2.84683, 319.235, -361.44
4.16036, 729.101, 584.193
5.80945, 372.064, -654.205
5.27726, 74.1215, -179.415
7.12415, 214.765, 0.501907
2.69832, -407.932, 116.114
2.62083, -241.736, 132.012
4.61923, 249.464, -579.035
4.36987, 389.112, 172.742
2.93303, -241.315, -235.239
3.05403, -99.2701, 142.552
5.31992, 331.216, -377.02
7.37269, -20.8636, 661.504
3.05066, -4.82714, -728.431
5.99352, 116.15, 800.239
2.79674, -51.2273, -595.443
4.69755, 717.158, 37.8019
5.24651, 870.749, 665.795
3.45129, 618.989, -683.235
7.36597, 309.239, 239.035
3.19593, -628.431, -44.1783
5.48978, 755.535, -430.94
7.12812, -771.949, 684.756
3.91116, -39.0271, 812.674
6.8307, -120.687, -103.886
6.29598, -175.311, -455.044
6.10793, 305.775, 526.559
3.34241, -296.605, 306.091
3.32882, 734.072, 440.019
3.39076, -653.978, -836.57
5.87226, 285.963, -506.679
4.83484, -179.784, -37.4059
6.85219, -712.642, -356.785
5.76023, -612.81, -55.6824
5.80464, 701.115, 764.003
2.58037, -652.233, -499.765
4.30596, -721.284, -625.557
3.72747, 784.381, 125.639
6.93086, -845.864, -842.097
5.23701, 779.468, 789.066
6.57209, -30.7182, -639.391
5.24453, 163.261, 773.213
4.16156, 482.352, -78.2275
4.40213, -75.1419, -629.635
2.52389, 805.854, 551.284
6.95226, -107.281, -418.658
6.16955, -438.236, 642.241
6.04239, -38.9082, 688.741
5.1278, -5.20772, -124.817
6.41065, -99.7717, -708.237
3.42484, -401.793, -398.24
5.72673, 284.43, 446.955
3.42178, -544.156, -260.13
3.31214, 47.8121, -221.007
2.65594, -248.697, 805.624
7.42716, 141.117, -681.706
4.04559, -288.955, -567.754
4.11075, -547.397, -268.413
5.51155, 243.329, -159.29
2.89107, -297.604, -805.041
3.93936, 29.6743, 87.847
5.79307, -186.421, -494.175
7.36348, -800.144, -367.056
7.27758, -361.983, -678.758
7.42745, -599.316, -267.815
7.30478, -729.19, -617.833
3.0073, -468.408, 646.03
3.71505, -169.381, -498.6
6.91151, 149.094, -291.206
5.28805, 334.413, 527.037
6.7669, 739.884, 584.504
7.49145, -440.964, 559.664
3.99751, -108.027, -584.95
6.33157, 825.12, 385.149
4.81901, 264.993, -116.623
6.8168, -629.703, -663.501
6.99018, 750.86, -54.2347
7.377, 215.113, -409.2
2.77405, 577.433, 212.431
6.32605, 824.625, -691.751
5.09219, -827.913, 717.671
3.46574, 835.319, -134.766
6.98252, 255.815, -536.696
6.38492, -783.482, 130.228
2.75968, 313.689, 518.495
7.47331, -788.725, 695.2
5.93659, -101.022, -390.081
5.94854, 813.575, 484.54
6.57666, -551.695, 720.963
7.05426, -73.1588, -412.173
3.34218, -134.745, 224.031
5.24183, -562.606, 741.747
6.53351, -487.039, -230.561
4.17803, 292.051, -527.431
5.53435, -90.9366, -9.64423
6.59602, -748.931, 342.679
7.3485, 64.637, -194.306
6.29349, 499.739, 502.552
3.72113, -120.55, -90.3933
5.80589, -574.673, 331.158
4.21574, -569.944, -392.075
7.27146, 320.824, -327.117
2.60828, 733.147, 523.811
4.54979, -855.776, 846.149
2.55789, 548.455, -714.02
3.04964, 727.91, 183.984
5.28259, -796.756, 143.734
4.45466, 109.39, -168.153
7.20539, 42.7306, -183.476
2.55572, 173.096, 419.535
6.22897, -215.486, -477.009
3.84293, 224.94, 138.071
4.27153, -494.887, -705.787
3.45835, -401.745, 640.555
5.14832, 313.17, -87.0872
4.39478, 18.3407, -727.043
3.16407, -56.202, -740.432
4.26563, -127.613, -454.193
4.2497, 762.545, 859.674
7.41084, 551.735, -125.337
5.25961, 89.4991, -330.09
4.99918, 29.1676, -684.633
3.58531, -788.151, 232.958
4.37311, -137.588, -443.589
6.78251, -655.914, -507.759
6.45578, 797.066, -436.148
3.9204, -583.428, 712.899
5.07645, 393.342, 175.898
6.79238, -247.726, 35.7516
7.07844, -726.566, -227.026
7.48941, 139.816, 778.212
6.53177, 55.8705, -187.717
5.22718, -713.084, -213.785
7.3461, 141.996, -690.097
5.31931, -552.742, 365.493
4.03031, -465.111, 595.619
5.41853, 853.989, 824.366
2.91197, 59.9672, -168.368
5.47382, 305.96, 525.136
3.31968, -568.188, -514.41
6.46527, -653.829, -495.798
2.95373, 604.415, 634.326
6.3072, -501.4, -662.626
6.83996, -241.347, -18.8134
6.40105, 99.0548, -321.075
6.61399, 772.187, 804.991
6.70974, 371.29, 522.269
4.48328, 332.473, 176.192
6.508, -97.4738, 160.863
6.56811, 324.094, 3.09196
5.43493, -387.984, 62.8804
4.64621, 752.371, -48.3332
2.5002, -76.7504, -385.174
5.31153, -786.457, 315.983
6.22632, 322.428, 233.638
3.89846, 772.724, 209.122
2.93406, -819.911, 508.436
3.5733, 867.151, -786.255
3.93296, -425.795, 639.82
4.86595, -318.024, 437.212
6.95893, 851.774, 793.843
5.91955, 498.303, -467.442
3.54376, 42.9532, -211.588
6.67533, 733.232, -36.3547
7.09218, 795.012, 857.663
4.48244, -504.326, -656.814
6.37858, 531.601, 459.358
5.68161, -123.74, -98.9312
6.64746, 440.966, 182.226
3.40204, 506.885, -423.734
7.45927, 496.323, -676.978
6.70558, -107.681, -701.083
4.65177, 808.875, 211.738
4.38589, 493.504, 789.933
2.70802, 598.83, -477.3
6.80715, -611.053, -469.816
6.62116, 825.589, -819.832
6.25052, 21.7107, 665.54
3.55801, -202.888, 792.209
4.31029, -749.694, -214.598
4.43545, -663.854, -634.064
7.32918, 670.326, 588.639
6.5872, -94.3302, 630.015
4.5755, -38.8338, 410.474
5.83759, 247.069, 109.872
2.52101, 458.891, 795.981
6.98048, -684.983, 192.754
3.68416, -309.259, 306.798
3.79415, 292.928, -54.5098
5.4939, 394.299, -636.867
6.89823, -806.688, 312.86
6.16299, -662.811, -543.436
6.0773, 725.581, 565.198
3.57724, -527.649, 502.565
6.30413, 713.253, -884.586
3.85351, -61.513, -385.137
2.75246, 518.449, 221.06
4.78866, 352.905, 321.52
2.58759, 421.437, -610.718
3.01129, -4.29661, -122.325
2.639, -222.548, 272.886
5.65921, -375.442, -502.325
6.34425, 46.785, -163.919
2.74132, 544.891, -710.101
6.6924, -27.72, -651.692
6.76899, -217.129, -224.473
6.57649, -508.621, 573.527
6.85188, 779.939, 355.798
5.27222, -593.568, -107.105
6.12646, -254.557, -132.12
3.20424, -302.752, 780.93
6.6115, 464.552, -446.637
5.51185, 593.852, -148.259
4.93856, 461.232, -798.927
6.14942, -259.909, 740.404
4.05164, 757.801, -628.513
3.93925, -731.157, 268.137
5.45857, -833.309, 700.089
5.34055, 531.329, 776.664
5.41059, -763.454, -549.703
2.84132, -692.051, 197.522
4.34304, 90.2067, -327.904
6.28475, -794.367, -560.114
6.35297, -446.689, -771.996
4.27217, -437.105, -223.617
5.98913, 138.89, 757.294
5.08005, -595.606, -274.31
5.94494, 361.665, 153.037
6.18066, -89.6355, 696.979
2.56231, -290.13, -585.385
7.16549, 556.524, -116.645
5.37826, 249.344, 103.562
3.05587, 593.719, 967.666
4.87388, -102.668, 3.24564
3.24247, 229.017, 96.9367
4.22594, 89.0101, 424.658
7.04476, -807.946, 193.278
4.54571, 47.1646, 502.671
5.96642, -650.8, -70.8469
3.35865, 383.1, -755.507
6.21715, 769.081, -471.969
4.16319, -449.604, 621.084
4.62157, 559.433, 323.17
2.79523, -204.362, -96.4933
5.09005, 237.752, -176.019
5.94425, 389.195, -514.634
5.01149, -216.847, -32.1039
6.56617, -147.778, -679.331
3.07974, 120.861, -811.411
5.24841, 259.408, 440.163
5.06046, 227.175, 79.1338
6.02649, 851.639, 444.801
5.65083, -254.274, 775.206
4.0207, -51.55, -589.044
6.74719, 315.308, 239.511
3.39619, 636.729, -30.5807
2.61737, -432.739, -20.3451
4.19467, 575.293, 3.94254
3.43818, 306.755, -44.5755
6.60467, -233.892, 155.069
6.72507, -823.489, -175.606
6.78031, 825.386, -657.39
7.37454, -837.81, 618.513
2.99587, 381.134, -425.134
2.56182, 574.393, 576.487
2.58614, 248.229, 444.483
2.64527, 223.096, 107.927
4.1031, 112.771, -291.213
6.17815, 581.306, 274.011
3.14876, 255.168, 419.27
2.5161, -375.104, 413.902
6.91905, 64.2918, -642.687
3.70482, 228.529, -483.695
4.38481, -795.887, 672.26
4.44879, 552.582, 103.459
2.81534, 576.849, 288.832
7.30792, 158.676, 729.21
3.75349, 726.565, -311.832
6.85376, -648.047, -64.7285
2.85991, -737.897, 348.015
2.70653, -496.66, 552.913
3.46378, 334.022, -466.547
3.86708, -296.01, 291.11
7.4007, -848.498, -336.842
3.60607, 274.735, -528.006
6.43119, -812.822, 772.765
4.42306, 214.617, -353.34
3.78593, 396.013, -614.694
3.91087, -780.64, 175.537
7.33834, 808.769, -80.2686
4.22841, 582.255, 114.378
3.45922, -747.075, 690.792
5.05037, -540.898, -327.381
5.21857, -508.581, 516.517
5.72333, -632.22, -521.064
3.89738, -38.9315, 610.463
3.41887, -280.519, -595.981
2.71579, -755.691, 297.256
3.98408, -478.586, -230.681
4.25548, -235.495, 110.856
7.09372, -440.394, 648.434
5.81225, 460.916, -311.204
5.08041, 736.683, 544.907
4.03763, 534.503, 472.328
3.0007, -239.592, 120.783
3.47502, 323.982, -844.584
4.11407, 56.7251, -236.086
5.56182, 776.189, 73.9975
5.13511, 862.989, -859.319
3.45653, 314.712, 269.861
4.7178, -647.905, -507.886
4.48693, -553.367, 720.696
6.28051, -577.118, 764.572
6.6213, 696.473, 631.595
5.51573, 104.602, -327.101
3.04573, 514.86, -673.821
4.11797, 437.725, -185.393
5.03403, 62.3806, 278.334
4.76521, -565.464, 764.335
4.77315, -177.588, -535.929
4.91125, 854.866, 849.677
5.07896, 310.158, -647.141
4.50207, 143.882, 782.017
4.22945, 839.229, 387.639
6.64533, 774.467, -179.937
3.02204, -584.16, -711.015
6.40057, 477.686, 523.912
3.19919, -289.001, -203.681
2.62171, -765.477, -577.284
6.0664, 356.025, -591.445
7.15538, 72.4457, -645.573
7.47667, 240.771, 100.356
3.86264, -830.116, 184.278
3.6923, -478.638, -230.527
3.87328, 770.163, 571.442
5.70836, -731.42, -616.995
5.17637, 291.069, 165.922
6.8967, 706.689, -303.676
6.75968, -636.35, -680.249
2.98004, 765.292, -47.8402
4.66818, -652.711, 204.623
3.17045, -162.541, -672.323
5.86802, -199.095, 280.75
5.34964, -96.2882, -380.494
3.66474, -431.804, 691.79
5.50306, 236.286, -574.229
2.6551, -609.357, -2.79503
7.08512, 489.291, -296.313
3.82958, 824.681, -140.517
6.50016, -186.607, -472.188
5.46389, 93.668, -720.71
5.0822, 309.477, 498.284
5.2567, 340.848, 439.678
3.47225, 410.75, -169.992
5.36152, 75.8093, -685.909
3.81992, 212.624, 323.259
4.41648, -776.06, 490.199
2.73626, -712.609, -827.588
4.22823, 546.807, -719.685
3.61594, 599.576, -389.669
3.81264, 25.8461, -691.628
3.05141, -376.07, -516.539
7.40088, -657.6, -68.1854
5.93794, 685.05, 586.127
5.82158, -540.812, -320.805
5.99501, -590.759, -597.563
2.68746, -749.491, -600.175
3.6706, -625.987, -658.001
3.95397, 710.349, 579.136
3.50543, 20.478, -153.602
2.7177, 349.526, 312.76
2.56571, -478.84, 635.757
6.07297, -480.341, 725.251
6.88348, -778.153, -563.432
5.35088, -743.318, 337.839
6.92743, 793.662, 801.564
5.20042, -438.745, -205.121
3.31357, 861.968, -683.622
3.30492, 860.785, 461.918
7.19182, 360.566, 264.459
3.45628, 457.975, -694.813
3.15761, 41.2936, -205.44
4.41122, -216.134, -29.4064
6.12674, 289.962, -101.301
2.50651, 581.779, 805.362
4.60222, -87.2903, 656.23
5.18984, 234.056, -159.053
4.86596, -201.388, 215.874
6.33003, 579.564, 754.13
2.9396, 495.644, -474.421
7.04284, 172.399, 271.807
3.20818, -719.238, -416.493
2.54782, 318.589, -44.9898
2.82267, 260.775, 445.913
4.96742, 349.109, 207.511
5.40914, 478.807, 843.27
4.03373, -814.758, 540.626
4.57091, 725.636, -1.62422
4.33401, -619.001, -566.01
3.42687, 135.705, 601.437
2.76788, 441.549, 155.048
4.47222, 429.244, -67.1671
3.98388, -244.488, -242.21
5.05388, -352.588, 717.994
3.75392, -671.259, 197.994
5.01589, 840.599, 846.034
2.51168, -107.574, 641.805
7.01807, 794.036, -469.012
2.79181, -855.153, -819.666
5.17506, -577.044, 713.742
3.95754, -359.291, 740.022
7.3023, -708.935, -183.945
4.73406, 328.902, -141.804
5.08479, 746.648, 182.201
5.93861, -234.646, -16.7448
2.72187, -148.887, 4.70807
7.2946, -730.794, 561.545
5.70852, 326.958, 155.272
2.80215, 368.266, -651.813
3.33964, 151.345, 253.706
5.76491, 442.325, -181.493
6.19864, -831.884, 273.996
3.57011, 824.91, 215.314
4.31441, 157.291, -593.624
6.56981, -627.651, 869.681
5.32057, 796.641, -481.571
7.45886, -7.83908, -727.159
6.5669, -786.814, 303.587
3.49157, -849.516, -4.96411
2.50003, -128.467, -674.218
4.62608, 840.209, -689.912
4.07406, 836.961, 271.514
5.56218, 576.168, -823.101
3.83351, -162.389, -493.574
4.39881, -607.135, -109.67
5.43397, 802.003, 235.899
5.95636, -46.4001, -427.656
7.26736, -320.601, -487.077
4.89785, -310.884, -809.847
3.60319, 398.514, -642.371
5.33741, -640.882, -432.247
6.09873, 279.03, 233.031
4.4953, -456.397, 628.492
3.48326, -630.387, 842.928
6.66971, -584.519, -700.362
5.59561, -447.704, -753.228
7.26866, -251.817, 117.223
3.23222, 38.9563, -158.547
5.38953, -93.1263, -410.577
7.26796, -456.846, 591.598
3.62331, 702.218, -856.764
7.25137, -485.902, 710.118
3.07874, 822.662, -448.69
2.58372, 8.28037, -170.397
3.90465, -325.42, -171.977
7.15042, 532.153, 56.8584
3.04796, 808.916, 789.937
6.77266, 43.8082, 587.091
5.68532, -592.859, -689.204
5.63853, 396.825, -636.848
3.80589, 692.238, 586.101
5.13936, -773.057, 192.406
7.16608, -213.695, 802.018
3.98055, 802.429, 95.0417
4.78006, 189.856, 362.885
6.35659, -668.528, -471.31
4.17193, 221.782, 121.481
6.31775, 8.4987, -717.921
6.65892, -43.1182, 790.597
2.64618, -732.188, 545.754
4.31315, 651.735, -236.112
4.16221, 256.676, 433.985
3.17675, -387.937, -119.781
3.00839, -242.962, 606.26
5.11327, -559.949, 723.795
3.52046, 31.6179, -466.819
5.00728, -790.679, -567.205
5.1371, -31.1051, 783.87
4.13422, -135.404, -213.049
4.75888, 262.551, -332.114
6.85263, -56.1238, 791.723
4.72884, 590.358, 761.319
6.03726, -484.38, -736.464
6.83171, 839.324, -689.919
6.5822, 749.638, 182.495
2.67504, 825.33, 725.275
3.8644, -602.609, -262.806
5.21858, -353.059, -397.491
3.19942, -774.401, -558.099
5.57408, -695.594, -817.373
3.29182, -469.119, -713.485
4.41129, 139.589, 202.371
5.94997, -99.9246, 144.013
3.21128, -438.787, 525.948
5.65284, -781.967, 693.806
3.15973, 151.333, 739.706
7.13583, -679.757, 190.202
5.53465, -822.271, 692.598
5.50388, -744.731, 304.783
3.33635, 468.28, -440.751
3.301, -716.985, -425.503
5.91628, 528.645, -10.8523
5.1456, -618.107, -119.167
3.65264, -102.813, 644.783
6.55373, -446.363, -94.764
5.76477, -374.69, -506.831
4.08597, -621.914, -600.771
2.53953, -254.28, -714.051
3.49176, 732.892, 591.116
3.78831, 52.0106, 353.409
3.03825, 736.329, -51.8448
3.49545, 104.581, -289.362
6.75079, 806.056, -689.17
6.63912, -786.712, 189.066
6.76813, -718.952, -551.408
5.71027, 260.547, 691.701
3.6787, 689.046, -867.147
6.80638, -519.358, -680.683
5.4745, -129.873, -129.256
2.52745, 483.129, -30.1755
6.84925, -660.975, -508.033
7.37729, 562.661, 198.762
5.59653, 329.24, -56.0476
3.85574, -745.47, 309.564
7.46973, -185.721, -484.059
4.60751, -637.35, -434.391
4.20537, -778.807, -554.517
4.80717, 288.618, -50.2559
4.44822, 227.486, -359.22
4.613, 73.4206, 527.681
2.84879, 167.352, 256.977
5.5153, 32.5667, -175.648
7.36114, -59.0815, 160.613
5.07406, -699.36, -483.727
7.45461, 764.45, -141.306
5.84906, 558.555, -136.449
4.01716, -586.944, 22.2084
3.47371, 725.133, 563.985
4.0109, -698.099, -796.494
4.93946, -380.675, 418.976
4.72438, 478.774, 837.177
5.7844, 391.964, -788.917
3.74227, -722.384, -623.126
4.72007, 28.4947, 476.486
5.75894, -614.807, -57.6517
6.67472, -685.14, 243.657
6.03698, 142.596, 793.869
4.93928, -770.5, -643.899
6.72039, 365.198, -158.226
7.00296, -464.029, -206.755
6.33082, -672.795, -495.381
5.29453, 588.055, 844.829
2.70603, -3.34465, 88.3792
5.46749, 546.838, 103.367
2.68674, -544.91, 717.198
4.53488, 170.591, 394.095
2.84243, -832.759, -826.712
7.38558, -684.094, -775.83
2.5956, -551.417, -199.163
6.60363, -214.054, -226.843
5.2195, -366.776, 744.265
5.72828, 692.522, -318.278
3.62934, -245.252, -58.9107
2.733, 878.707, -605.851
3.63154, 219.86, -548.583
4.58371, -643.246, 119.449
6.40126, 223.232, -597.202
3.72852, -733.013, 311.874
4.81411, 589.62, 86.2171
6.14756, 818.482, 257.108
5.35237, -370.01, 771.088
5.45997, 853.761, 791.707
4.98425, -765.246, 254.492
3.951, 412.623, 199.635
4.71107, 108.848, -185.923
2.53669, 772.113, -469.081
7.41683, 473.935, -313.739
2.52822, -720.477, -251.988
4.8676, -95.4013, 651.71
5.86497, -305.175, -157.523
