6.27803, -1019.48, 524.566
3.5948, 290.476, 844.319
5.89648, 666.718, -374.901
5.09708, 34.4357, 224.377
2.76731, 1613.38, -1785.48
2.53849, 422.421, -175.649
4.58743, 2286.04, 1302.1
7.15218, 114.515, 15.6691
2.95982, -181.53, 536.235
6.00595, 659.167, 561.393
3.81226, 434.06, 179.08
4.14117, 76.7562, -2.66113
7.45519, -473.55, -587.25
7.41275, -7.62981, -55.2455
5.75759, 297.277, 494.977
6.92354, 180.09, -218.41
6.33247, 49.8487, 32.5879
3.87453, -876.872, 92.4639
4.93259, 46.5185, -11.5809
2.80282, -1932.21, 242.574
5.08146, 145.204, 222.47
4.96988, -1483.62, 471.563
7.23882, -231.885, -263.04
4.42071, -62.8413, -41.9647
5.14874, -1168.94, 456.782
2.75042, -293.957, 1469.42
6.63909, 345.802, 503.233
5.94228, -558.859, -147.907
6.18112, 102.645, 196.839
6.94286, -1218.52, -1289.24
4.25508, -63.8186, 113.394
6.72991, 112.208, 246.374
3.84659, -8.86169, 241.287
4.83959, 720.725, 9.94501
3.2686, 20.4941, -299.175
2.66527, -209.257, 48.4173
7.2768, -779.113, -764.465
6.95369, 395.284, 358.473
3.29884, -908.486, -2.22829
3.15214, -707.37, -308.444
2.515, 872.586, -121.548
6.0491, -167.983, -181.405
3.40448, 880.49, -118.768
5.76029, -13.2243, -143.878
4.42907, 5.36992, -235.391
3.23766, 529.305, 792.668
5.45054, 224.148, 511.165
3.24076, 1045.65, -485.337
3.2091, -940.286, -787.066
4.94257, -319.881, -368.925
3.13015, -787.136, -99.1069
5.64635, -631.896, 35.8496
5.60817, 199.654, -80.8216
4.88216, 1104.49, -1528.14
2.64188, 533.188, 834.73
3.21011, 1366.11, -346.009
3.15594, 262.694, 301.766
3.31099, 723.917, -1042.4
3.76529, 416.181, -176.821
4.77654, -1683.52, 905.201
6.54472, -115.461, 44.2018
3.57624, 194.562, 168.791
3.75063, 189.234, 687.771
5.02978, 377.949, 536.979
6.27922, 88.8273, -194.189
5.66369, -507.567, -1203.15
5.9449, -1086.34, -697.803
7.27207, -762.151, -314.72
5.18713, 1453.64, -762.71
4.57014, 143.53, 729.58
4.70019, 342.04, 462.541
6.07821, -860.338, -1003.14
6.20858, -778.193, -963.88
5.12494, -1185.88, 1064.45
6.06711, 33.9436, 1.12799
5.91025, 42.7635, -31.832
6.82941, 869.323, -693.225
3.19597, 765.606, 469.751
3.57766, 118.637, 9.06316
5.0733, -39.139, -326.527
4.83766, 390.001, 473.054
3.55759, 852.929, -1131.73
5.65244, 685.859, -394.346
2.5044, 863.292, -1189.14
4.09589, -97.4627, -1541.05
5.90281, 54.4779, 197.424
6.0446, -74.3065, -113.194
2.90869, 91.7116, 440.334
3.56926, 221.253, 103.4
4.44412, -8.47738, -194.102
4.44927, -1479.14, -581.999
3.92018, 233.827, -41.5794
4.6123, 183.563, 157.53
2.55658, 651.321, 1.16586
3.72027, -1495.49, 791.013
4.49072, -386.81, -1335.57
6.64177, -91.9078, 228.044
3.78584, -556.868, 505.088
3.59705, -652.225, -397.061
6.47385, 402.792, 333.029
5.8476, -568.9, -255.172
5.49108, -217.437, -418.735
5.99917, 1122.39, 536.358
5.13062, 40.7063, 144.994
4.14833, 143.341, -69.6957
3.30844, 1338.13, 201.336
6.56633, -149.935, -116.142
4.08004, 703.302, 343.171
4.05369, 146.565, -222.246
4.65424, -83.1423, 157.152
4.46509, 528.323, 34.0634
4.43916, 345.126, -390.516
4.34871, 148.812, -27.3601
5.88118, -466.476, -535.134
6.10384, 711.967, -46.0585
7.20082, -982.538, 79.8764
5.08573, 94.1231, -0.690077
5.5282, 648.351, 561.562
5.85049, 721.697, -1044.85
5.11404, -383.579, 25.6391
3.87105, 116.882, 236.778
7.08924, 369.264, 412.532
3.73367, 116.628, 3.53276
4.77876, -390.514, 490.143
3.30374, -84.9755, -240.822
4.68319, -123.644, -339.806
7.45767, 303.264, -325.018
6.26931, 982.823, -1211.85
4.97846, 102.715, -46.9583
7.01651, 2.95235, -2.28976
4.68213, 374.323, 200.151
5.09239, 924.909, -692.823
4.44866, -826.451, -998.95
5.63431, 111.506, 99.0946
5.19331, 196.61, 31.3329
4.35955, 333.664, -282.969
2.54674, 96.4224, -68.8767
6.3794, -131.83, -167.168
2.85317, -154.099, -116.996
3.98511, 150.02, -141.551
4.78581, 76.2255, -47.4847
3.25156, 226.985, 102.576
5.97819, 327.446, 431.246
4.15587, 404.495, -146.702
5.21197, -977.884, 1656.51
2.64678, -1248.58, -335.261
5.38086, -226.933, -597.599
5.18133, 256.542, -121.177
7.36678, -610.757, 556.355
5.57063, -12.4485, 61.9146
5.26431, 876.665, -1191.97
6.69051, 9.7981, 440.108
3.75764, 101.594, 579.437
6.98957, -25.3252, -103.131
5.97428, 484.455, -202.789
5.82752, 240.565, 1045.08
3.06838, 228.874, 356.561
3.37987, 357.962, -212.924
2.91253, 0.757166, 301.685
6.68103, -236.515, 665.849
2.64818, -418.257, 410.838
6.34719, -28.5143, -91.6419
4.29829, 219.179, -1254.1
6.24626, 857.333, -267.112
6.28385, 19.7981, 161.26
3.60834, 1076.77, -51.9091
5.58305, 71.2472, -20.7216
3.66846, 0.100621, -58.621
6.22052, 126.442, -1190.82
5.80997, 284.605, 516.659
4.9209, -891.483, 1707.05
2.58972, -607.639, 158.333
4.98291, 62.6879, 487.203
5.09587, -130.176, 9.73274
4.71395, 662.703, 1114.87
4.14528, -992.112, 129.337
3.52671, 193.726, -390.417
7.19863, -261.287, 814.864
2.85168, 885.564, 860.437
3.30042, -155.58, -418.574
6.70788, 6.24602, 157.032
4.13614, 304.07, 304.153
6.85942, 338.286, 558.95
5.99896, -329.675, -256.928
5.52801, -182.468, 188.515
4.77536, 422.706, 628.334
2.91543, 1066.22, 49.1865
3.94883, -1044.93, -784.766
6.51009, -384.357, -106.687
6.81821, 524.046, 603.483
3.81831, -1543.24, 157.102
4.79881, 155.816, -139.612
4.95672, -49.7428, -170.549
5.82344, 620.91, -934.705
7.31738, 32.9222, -14.6095
7.23022, 96.8705, 31.621
2.81902, 262.334, -608.265
5.04829, 162.849, -30.8286
6.13222, -89.6682, 19.2952
5.65882, 198.606, 10.6915
3.26658, 37.1897, -381.103
5.09652, 663.991, 1118.49
3.52281, 1773.48, -634.823
6.03231, 88.4964, -202.69
6.05786, -212.528, 1860.49
3.66304, 225.943, 241.665
6.80594, -250.671, 20.8813
2.67122, -511.733, -582.159
6.26587, 34.7826, 452.463
4.14789, 242.577, 146.811
4.65309, 1548.63, -193.987
7.33455, 194.729, 359.484
4.05803, -797.558, -767.446
5.69762, -1825.35, 151.795
5.95386, -80.1028, 65.402
5.36403, 35.9057, 151.433
6.60667, -971.329, 1644.36
4.21807, -1157.02, 663.961
5.09387, -122.021, 132.73
6.78438, 774.336, -16.4945
6.18587, 721.397, 534.165
3.45992, -29.7074, 147.655
2.83145, -98.4814, -53.414
3.60828, -1397, 904.23
3.33656, -29.9619, -102.006
6.31172, 11.2871, -48.9636
5.44905, 408.688, -1027.92
4.65223, -1920.55, -289.558
7.09618, 919.161, -328.645
5.09668, -115.48, 333.249
7.38058, -475.919, 238.894
5.15714, 304.471, 302.667
2.98716, -343.333, 1056.03
5.83983, 316.563, 468.913
5.44444, -394.487, 1054.56
5.01137, -26.7801, -18.7987
2.75808, 869.294, 46.3545
2.6753, 750.409, -373.73
4.41484, -103.397, 11.5805
5.55555, -826.363, -1184.52
5.06574, -1924.83, -285.062
5.98498, 78.0569, 57.9423
4.89891, 57.6101, -324.079
3.88323, -1806.65, -21.7529
6.01685, -38.631, 1255.41
3.67701, 57.5499, 105.543
6.41501, 96.766, -129.755
6.60589, 857.789, -391.441
3.21842, 941.235, 1114.52
5.75757, 640.559, -550.637
3.87677, -39.0255, 337.943
7.26215, 493.174, -595.069
4.58238, 49.054, 11.6613
3.03869, 50.1632, 190.067
4.70633, -7.82911, -20.7643
6.28811, 71.0039, 105.056
2.77803, 664.263, 582.255
3.51241, 70.2076, -62.1553
6.82305, -76.7663, 156.124
6.52456, 86.5245, 67.5689
2.78861, 313.088, 998.128
4.40304, -107.627, 48.3594
4.56124, 277.902, 122.449
2.80071, -531.419, -108.446
7.09746, -701.282, -662.91
3.35398, 105.203, -17.8668
6.51634, -126.12, 136.172
3.88599, 367.989, 317.559
4.44586, 236.486, -140.357
7.19936, -965.166, -102.093
6.24573, 15.7634, 1217.78
3.44774, 872.156, -1199.2
6.89581, 112.026, -21.9421
6.8953, 196.786, -1.65233
3.30515, 30.3391, -285.28
5.87346, -140.433, 153.112
6.89096, 1.28373, -174.331
6.98262, -495.172, 1269.23
3.06535, 93.358, 79.9117
5.93789, 342.777, 584.039
3.21651, -171.983, -344.953
3.6901, 542.648, -214.436
5.64383, 874.625, -691.366
4.312, 447.337, 327.428
4.64437, -827.953, -733.994
4.91936, 639.811, -628.567
6.20379, -220.078, -480.29
3.23098, 677.344, -424.153
7.36238, -291.257, -121.431
7.3158, 109.605, -52.3871
3.14741, 739.447, -603.321
5.3784, -406.929, -331.807
4.66439, -338.15, -68.1259
5.50066, -8.691, -81.3451
5.85098, -219.479, 0.500631
4.5137, -1219.83, -422.989
6.46691, -893.607, -705.507
4.89889, -1077.36, 853.144
5.72449, -675.621, 396.393
4.28836, 1643.91, -348.914
5.96794, -103.826, 585.775
5.83428, 216.971, 316.08
3.22071, 711.735, -411.743
7.10415, -94.6322, -33.4881
4.22228, 599.832, 1403.85
6.66824, -128.437, -193.717
2.74349, 549.875, -136.955
3.27936, 454.576, -383.096
2.55765, 600.808, -272.994
3.94327, -59.0036, -45.2686
5.07295, 162.289, -229.638
3.65948, 191.489, -1380.29
2.75022, 185.708, -211.638
5.33091, -26.4931, -42.6296
6.69774, 121.291, 213.418
4.28763, 475.938, 617.027
4.3452, 415.851, 392.643
7.22226, 459.538, 208.71
4.72425, -815.79, 415.886
6.82086, 10.6004, 155.8
5.82654, 314.624, -507.433
5.79297, -600.368, -265.578
7.10736, 1077.45, -782.194
5.11536, -1176.04, 1064.78
5.45229, -602.143, -376.114
5.79944, -239.217, -1184.51
4.24765, -896.875, 438.747
4.11714, 525.693, -119.941
7.08984, 410.34, 373.266
3.08619, -1397.06, 538.784
7.31268, 84.9531, -190.203
5.17978, 212.855, -48.7284
5.81447, -505.453, -144.313
5.48362, -1526.93, 652.712
6.93363, -347.384, 98.203
6.67999, -92.5671, -224.557
6.69339, 333.516, 488.41
6.85642, 123.84, -249.344
2.5002, 279.804, 935.083
4.77274, 94.6275, 427.555
4.25696, 1082.51, -116.467
5.80713, 1360.8, -1259.37
6.22234, 104.139, -108.937
3.3821, -450.325, -1432.67
7.4621, -628.245, 872.617
5.95466, 378.156, -289.318
6.97862, 221.074, 73.0942
3.51579, -405.802, -262.662
7.2356, 44.8023, 704.691
4.88476, -1481.96, 677.865
6.78578, -1393.43, 899.918
6.41237, -224.965, -527.094
5.70687, -1168.43, 1079.75
3.14521, -274.474, 628.247
5.77944, 176.184, -580.81
3.09199, -72.86, 72.4059
3.88793, 1154, 95.839
6.65548, 298.728, 1178.78
6.14153, 1279.5, 1609.68
6.74348, 1350.05, -1006.39
3.43989, -168.559, -693.49
6.09602, -63.1199, -360.797
4.25586, -321.63, 598.667
3.34555, 534.695, 796.626
4.52383, -1341.75, 226.944
4.20924, 237.344, 126.715
6.67141, 14.738, 107.885
3.9111, -1022.55, -1656.76
5.16766, 823.19, 615.443
6.25085, -277.711, 272.11
4.62554, -29.6239, 18.3527
4.66964, 1067.2, -87.9149
3.03022, -1347.93, -526.744
6.4639, -304.474, -400.06
3.91232, -82.2046, -65.2355
7.14264, 1265.59, 1522.52
5.37926, 362.906, 419.741
3.4895, 202.238, -620.441
5.99081, 186.277, 271.485
3.07265, -406.558, -540.8
4.22945, 552.325, 681.082
4.15646, -35.3863, -451.657
6.42735, -1457.06, 707.977
6.65775, 374.206, 342.925
4.21712, 885.199, -484.114
4.2603, 301.321, 251.188
6.38197, -95.6534, -11.7149
6.58658, -466.984, -287.582
4.26157, -65.4759, 50.2036
7.09559, -95.9227, -34.2923
3.2877, 683.958, 557.396
5.56029, 638.972, -567.547
5.54222, -21.9042, 8.75421
3.16647, 939.25, 1199.59
3.51409, 1110.26, 1622.3
4.79457, -274.306, 76.505
3.48759, -604.708, 489.185
6.77118, 10.1988, -20.4327
6.54562, -513.908, -366.373
2.80131, 726.807, -886.091
6.50584, 571.496, -1565.99
5.49597, 0.321541, 158.587
7.43182, -115.96, 55.2552
2.65919, -818.874, 76.5026
6.8356, -1026.23, 1259.37
3.69109, 43.741, 573.603
3.6127, 67.3877, -632.562
4.73907, 1898.24, 880.667
2.61231, 484.32, -197.492
6.79755, -112.04, -48.1586
4.15902, 394.14, -1798.27
5.72195, -454.669, -250.177
7.43521, 543.031, -93.0077
5.30162, 302.069, -372.196
4.74553, 22.077, -83.1426
5.213, -20.0914, 84.546
2.90797, 263.776, 7.0343
3.99606, 1057.23, 953.998
6.63964, -1377.47, -322.692
6.48936, -1112.78, 315.309
5.71048, -46.4467, -73.9457
4.84105, -106.158, -123.817
7.15326, 390.826, 1079.94
5.08798, -462.959, -214.191
7.42924, -1388.87, 904.712
5.94567, -51.2701, 282.209
6.19966, 52.4678, 36.2507
3.46323, 860.947, 536.469
6.08881, 1136.4, -815.787
6.11146, 306.636, 602.408
6.49298, -185.069, 8.39865
4.23216, -1485.21, 214.137
5.1481, 218.519, 527.221
3.19001, 344.421, -713.731
6.73218, 24.9779, -68.6809
6.32766, 194.111, -73.3968
7.5, -1521.02, 651.119
4.24891, -2025.78, -796.279
5.50367, 979.538, -20.6075
3.50808, -40.2286, 1394.28
6.2385, -1168.11, 194.919
6.49225, 251.393, 451.275
3.03505, -290.593, 438.075
5.35813, -66.2777, -41.0733
2.84683, -1754.36, 636.454
4.16036, -70.563, -114.373
5.80945, -11.0261, 213.677
5.27726, 293.91, 1325.93
7.12415, 113.349, -51.9189
2.69832, 234.711, 810.944
2.62083, 791.656, 785.495
4.61923, 202.403, 223.448
4.36987, 138.678, 336.384
2.93303, 999.02, 810.521
3.05403, 60.4027, -77.7256
5.31992, -1331.51, 147.333
7.37269, -98.8035, 102.841
3.05066, 34.2591, -1404.18
5.99352, -1083.6, -1260.85
2.79674, 336.476, 985.922
4.69755, -78.4377, -92.548
5.24651, -627.119, -521.122
3.45129, 17.7686, -32.7539
7.36597, 165.469, -152.181
3.19593, 52.9444, -476.173
5.48978, -1122.96, 297.768
7.12812, 223.074, -832.875
3.91116, 183.295, 413.352
6.8307, 99.7996, -78.2288
6.29598, 638.394, -720.717
6.10793, 162.684, -248.449
3.34241, 376.23, 584.418
3.32882, -269.367, -854.212
3.39076, 0.240775, -148.404
5.87226, 105.851, -44.4209
4.83484, -232.292, 35.9762
6.85219, -64.2958, -35.1232
5.76023, -195.973, -335.597
5.80464, -505.596, -149.615
2.58037, 43.4313, 189.233
4.30596, 1699.03, 1069.38
3.72747, 28.1482, -217.918
6.93086, 706.659, 780.575
5.23701, -2094.44, 20.1914
6.57209, -37.0051, -217.498
5.24453, -525.812, -611.752
4.16156, 185.438, 210.266
4.40213, -677.276, -1123.85
2.52389, -587.612, -23.1046
6.95226, 265.783, 63.4985
6.16955, 486.527, -58.4977
6.04239, 372.983, 315.558
5.1278, 890.121, -851.467
6.41065, -159.069, 26.5672
3.42484, -123.419, -61.6016
5.72673, -59.4019, 55.4009
3.42178, -169.055, -128.174
3.31214, -931.772, 287.382
2.65594, 837.868, 165.967
7.42716, -24.3286, 130.061
4.04559, 10.6214, 3.20163
4.11075, -28.8092, 123.672
5.51155, -36.8312, 21.5683
2.89107, 1482, -14.481
3.93936, -80.0523, 207.438
5.79307, 700.228, -571.303
7.36348, 6.91503, -42.5717
7.27758, 1163.55, 390.106
7.42745, -372.91, -103.692
7.30478, -222.36, 58.7889
3.0073, -92.3679, -122.784
3.71505, -182.059, 73.2332
6.91151, 96.8201, 35.0284
5.28805, 339.668, 413.751
6.7669, 126.061, 113.607
7.49145, 788.643, -339.286
3.99751, -1236.32, 905.854
6.33157, -2263.7, -835.966
4.81901, -751.309, 61.1794
6.8168, 115.408, -69.6996
6.99018, 224.048, 2.0971
7.377, 22.2366, 119.31
2.77405, 79.116, -48.6669
6.32605, -80.6254, 216.316
5.09219, 821.255, -1021.87
3.46574, -16.6702, 517.989
6.98252, 162.461, -69.277
6.38492, -328.112, 287.157
2.75968, 270.397, -148
7.47331, 671.601, -1029.59
5.93659, 173.381, 116.83
5.94854, -503.655, -155.706
6.57666, 1089.25, -571.195
7.05426, -137.185, -43.2724
3.34218, 600.934, 1637.28
5.24183, 1108.73, -743.101
6.53351, -110.951, -91.1393
4.17803, 217.736, 288.739
5.53435, 170.621, -566.326
6.59602, 479.242, -995.14
7.3485, -21.6272, -68.5149
6.29349, 3.7782, -247.311
3.72113, 156.76, -385.906
5.80589, -3.41468, -42.0408
4.21574, 571.533, 200.133
7.27146, 95.552, 63.7096
2.60828, 615.406, -1221.59
4.54979, 697.802, -350.471
2.55789, -475.774, 1168.08
3.04964, 89.1117, -152.404
5.28259, 599.561, -861.81
4.45466, 68.4885, -28.1824
7.20539, -40.4392, -132.505
2.55572, -576.396, 100.947
6.22897, 84.0918, 560.39
3.84293, 282.878, 34.8354
4.27153, -207.48, 56.9549
3.45835, 1635.66, -1747.34
5.14832, -150.963, 40.3038
4.39478, -318.829, -1489.08
3.16407, -0.732713, -192.217
4.26563, 156.36, 32.9641
4.2497, -1639.35, 738.023
7.41084, -1074.07, -700.789
5.25961, 242.581, 366.907
4.99918, -1045.75, -287.046
3.58531, 647.845, -951.215
4.37311, 298.488, -194.395
6.78251, 723.573, 559.597
6.45578, -840.265, 1490.23
3.9204, 1073.28, -1127.71
5.07645, 517.505, -586.447
6.79238, -76.5561, 78.5795
7.07844, 392.919, -395.261
7.48941, -810.929, -754.16
6.53177, -562.535, -480.145
5.22718, -101.528, -336.646
7.3461, 311.8, -428.508
5.31931, -290.283, 215.805
4.03031, 680.577, -605.171
5.41853, 507.789, -136.301
2.91197, 16.1293, -332.578
5.47382, 271.766, -167.71
3.31968, 813.318, 1236.83
6.46527, 162.057, 452.37
2.95373, -629.069, 446.431
6.3072, 55.2687, -61.8304
6.83996, 5.52277, 162.421
6.40105, 28.0596, 119.983
6.61399, -983, -430.419
6.70974, -92.9013, -71.933
4.48328, 715.107, 377.833
6.508, -41.2727, 20.2371
6.56811, 230.792, -30.5088
5.43493, 567.133, 946.916
4.64621, 7.88595, -126.651
2.5002, 467.772, -625.246
5.31153, -9.25916, -264.921
6.22632, 370.938, 346.057
3.89846, 1196.28, 596.83
2.93406, -151.336, -1623.51
3.5733, -551.085, -77.7358
3.93296, -22.4389, 82.5076
4.86595, 548.162, -232.5
6.95893, -865.241, -695.243
5.91955, 202.82, -158.371
3.54376, -8.28592, 31.074
6.67533, 119.803, 4.43637
7.09218, -550.101, -304.198
4.48244, 655.457, 133.695
6.37858, 321.155, 466.548
5.68161, -77.8884, -113.97
6.64746, 79.0441, 113.223
3.40204, -165.776, -469.464
7.45927, 5.23254, 6.20163
6.70558, 397.024, -545.114
4.65177, -448.456, 319.242
4.38589, -566.028, 198.5
2.70802, 4.86957, -179.355
6.80715, -234.478, -247.297
6.62116, -1270.87, 936.624
6.25052, 269.678, 706.472
3.55801, 276.175, 72.3994
4.31029, -106.451, -123.42
4.43545, 197.82, 336.564
7.32918, -1231.69, -839.154
6.5872, 113.506, 153.943
4.5755, -675.128, 24.6488
5.83759, 205.207, 66.9023
2.52101, -1396.02, 1045.96
6.98048, -168.378, 82.075
3.68416, 683.132, 511.835
3.79415, 85.8552, 34.2748
5.4939, 373.208, -88.0805
6.89823, -869.408, 124.656
6.16299, 678.327, 159.926
6.0773, -742.291, -282.532
3.57724, 1871.2, -110.659
6.30413, -1462, 1011.08
3.85351, -16.3706, 3.38064
2.75246, -106.578, -118.814
4.78866, 241.591, -102.841
2.58759, 440.63, -56.3207
3.01129, 1511.93, -1103.84
2.639, -511.016, 194.342
5.65921, -111.841, -104.447
6.34425, -54.1787, -16.4943
2.74132, -733.942, -418.086
6.6924, -168.873, -123.064
6.76899, 23.9657, -78.3533
6.57649, 668.016, -549.676
6.85188, -124.861, -1282.87
5.27222, -6.537, -23.3324
6.12646, 42.6349, 917.114
3.20424, -1570.36, 907.396
6.6115, 118.401, -41.3427
5.51185, -819.748, -1184.85
4.93856, 142.528, -107.525
6.14942, 138.952, 247.404
4.05164, -1023.55, 516.844
3.93925, 214.592, -496.606
5.45857, 901.137, -1145.78
5.34055, -1212.8, 437.465
5.41059, 1322.04, 666.12
2.84132, 415.609, -779.778
4.34304, -773.393, 388.46
6.28475, -6.52874, -77.339
6.35297, 779.228, 1083.42
4.27217, 118.806, -64.9778
5.98913, -1.42719, 17.3688
5.08005, 991.497, 546.495
5.94494, -99.1944, -105.076
6.18066, -1012.6, -868.336
2.56231, -1000.05, -832.023
7.16549, -97.1543, 27.616
5.37826, -577.394, -289.503
3.05587, -372.719, -318.878
4.87388, 71.7276, 36.4116
3.24247, -114.219, -52.0233
4.22594, -2539.03, -629.397
7.04476, -340.719, -263.212
4.54571, 1080.63, -563.38
5.96642, -121.405, 4.62759
3.35865, 0.00995111, -120.897
6.21715, -1233.33, 576.215
4.16319, -30.8661, -61.8854
4.62157, -95.3113, 10.5357
2.79523, 450.435, -401.976
5.09005, 286.982, 400.544
5.94425, -79.8499, -540.932
5.01149, 47.3218, -118.039
6.56617, -89.3119, -296.75
3.07974, -101.251, -163.371
5.24841, 377.746, 524.114
5.06046, -100.541, -32.3104
6.02649, -896.338, -702.129
5.65083, -8.12315, 37.4309
4.0207, 20.6902, -12.9149
6.74719, -30.6027, -95.4044
3.39619, 515.581, -945.6
2.61737, -159.781, -48.9573
4.19467, 320.29, -268.169
3.43818, -748.422, -786.449
6.60467, 169.542, -203.415
6.72507, 9.40731, 1182.3
6.78031, -1064.02, 714.366
7.37454, 373.936, -166.186
2.99587, 223.732, -271.704
2.56182, -949.564, -911.348
2.58614, 161.1, -947.255
2.64527, 157.438, -20.3189
4.1031, -941.221, -925.982
6.17815, -994.776, 519.12
3.14876, 194.288, 258.741
2.5161, 271.594, -315.369
6.91905, 204.683, -187.275
3.70482, 200.44, -553.706
4.38481, 13.6312, 33.6145
4.44879, -78.3485, -151.578
2.81534, 939.138, 401.693
7.30792, 484.156, 239.266
3.75349, 467.72, -194.856
6.85376, -22.1033, -203.889
2.85991, 704.796, -992.557
2.70653, 480.652, -732.823
3.46378, -53.2197, 111.986
3.86708, -409.623, -1053.07
7.4007, 34.6895, -5.61237
3.60607, 298.885, -1521.45
6.43119, 717.943, -1042.77
4.42306, 179, -17.5033
3.78593, -1099.57, 975.049
3.91087, -185.156, 365.071
7.33834, 46.0358, -334.991
4.22841, -21.9568, -218.977
3.45922, -102.067, 113.921
5.05037, 13.7891, -72.9521
5.21857, 419.59, -1366
5.72333, -17.6847, 139.292
3.89738, 584.154, -557.641
3.41887, -299.921, -552.858
2.71579, 910.671, -1106.64
3.98408, -6.58941, -53.3808
4.25548, 913.211, 109.502
7.09372, 599.757, -214.09
5.81225, 8.68284, 84.6189
5.08041, -838.128, -717.703
4.03763, -478.478, -85.9502
3.0007, 801.236, 770.619
3.47502, 25.348, -338.382
4.11407, 977.207, 1226.82
5.56182, -140.942, 226.073
5.13511, -317.833, 183.871
3.45653, -400.43, 928.192
4.7178, 1769.11, 984.653
4.48693, 1908.43, -376.088
6.28051, 172.293, -52.8999
6.6213, 151.851, 131.527
5.51573, -250.285, -618.216
3.04573, -78.4939, 158.798
4.11797, 938.459, -108.686
5.03403, -39.7762, 21.8086
4.76521, 442.537, 675.329
4.77315, -100.403, 18.6503
4.91125, -98.9885, -21.2805
5.07896, -1575.9, 297.835
4.50207, -678.559, -988.252
4.22945, -497.428, -159.85
6.64533, 174.949, -273.816
3.02204, 1110.74, -34.6822
6.40057, 233.252, 249.89
3.19919, -42.781, 83.0117
2.62171, 1108.41, 1390.1
6.0664, 53.5945, -297.07
7.15538, 123.356, 12.9126
7.47667, -104.885, 32.9341
3.86264, -1.92104, 11.6782
3.6923, -606.853, 560.455
3.87328, -108.694, -910.533
5.70836, 268.501, 334.803
5.17637, 11.8994, -42.326
6.8967, -986.62, 1511.51
6.75968, 110.148, 301.722
2.98004, -197.033, 491.935
4.66818, -227.286, -143.4
3.17045, -109.663, -109.139
5.86802, 92.371, -0.684987
5.34964, -365.629, -124.254
3.66474, 159.141, -840.509
5.50306, 10.9141, 82.038
2.6551, -124.397, -408.17
7.08512, -158.297, 102.862
3.82958, 638.482, 218.974
6.50016, -41.698, 39.3795
5.46389, 60.1869, 32.6733
5.0822, -22.6078, 4.05531
5.2567, 144.164, -37.2253
3.47225, 13.6868, -297.533
5.36152, -817.018, -452.965
3.81992, -271.238, 1526.96
4.41648, 662.633, -1578.33
2.73626, -230.072, -133.394
4.22823, 65.3744, -219.373
3.61594, -1097.51, 2158.74
3.81264, 86.0548, 45.4456
3.05141, -81.274, -19.4911
7.40088, 143.903, -260.16
5.93794, -750.204, -286.056
5.82158, 59.7314, -81.482
5.99501, -40.7651, -38.0128
2.68746, -107.683, -91.3781
3.6706, -77.7296, -139.032
3.95397, -1443.16, -2190.35
3.50543, -18.5456, -34.1313
2.7177, -888.732, 1025.64
2.56571, 632.158, -584.766
6.07297, 1770.45, -631.372
6.88348, -154.504, -120.252
5.35088, 563.726, -1097.76
6.92743, -703.538, -712.134
5.20042, 47.7545, -195.343
3.31357, -789.491, 498.805
3.30492, -771.485, -918.592
7.19182, -30.5429, 7.79863
3.45628, 160.108, -439.252
3.15761, -1009.58, 284.744
4.41122, 300.763, -472.279
6.12674, -397.02, 1051.17
2.50651, -1924.54, -284.73
4.60222, 1308.32, -843.331
5.18984, 600.912, 126.059
4.86596, -115.937, 429.703
6.33003, 357.608, 63.1615
2.9396, 704.547, 78.1703
7.04284, 284.283, 384.116
3.20818, 425.116, 3.03301
2.54782, -80.4687, -36.9377
2.82267, -142.223, -41.9801
4.96742, 402.198, 343.71
5.40914, 19.0946, 179.032
4.03373, 1049.41, -1955.89
4.57091, -46.6022, 330.31
4.33401, -278.003, -285.198
3.42687, 40.0636, -1259.24
2.76788, -648.292, -937.898
4.47222, -97.6882, 18.0538
3.98388, 592.268, 566.798
5.05388, 229.025, 272.85
3.75392, 688.08, -1280.51
5.01589, 215.793, -382.645
2.51168, 810.893, -54.5195
7.01807, -1515.97, 664.348
2.79181, 1204.28, 1085.31
5.17506, 25.5101, 1005.39
3.95754, 1124.74, -498.859
7.3023, -49.226, -180.109
4.73406, -1212.01, -670.847
5.08479, -59.1597, 11.4555
5.93861, -299.329, -518.281
2.72187, 70.5216, -79.0404
7.2946, 1215.69, -987.195
5.70852, 65.3651, 357.341
2.80215, 214.07, -202.463
3.33964, 51.4017, 178.536
5.76491, 138.278, 232.643
6.19864, 287.049, 935.171
3.57011, 341.706, -475.078
4.31441, -2.34533, -755.876
6.56981, 681.287, -395.476
5.32057, 99.1757, -63.4688
7.45886, -110.372, 86.4639
6.5669, -114.471, 42.2378
3.49157, 909.968, -1345.09
2.50003, 54.5251, -20.2854
4.62608, -1032.66, 1258.89
4.07406, 853.627, 369.827
5.56218, -1254.29, 181.781
3.83351, 102.528, 52.0307
4.39881, -257.07, -420.8
5.43397, -261.878, -655.202
5.95636, -177.746, 361.361
7.26736, 80.0444, -3.6434
4.89785, 161.7, -491.541
3.60319, -689.006, 404.401
5.33741, -202.621, -75.4395
6.09873, -8.70796, 74.4303
4.4953, 1065.43, -284.5
3.48326, 774.947, -422.877
6.66971, -133.896, 146.805
5.59561, 690.404, -172.309
7.26866, 92.6762, 266.102
3.23222, 619.309, 616.132
5.38953, -88.5843, 1.68876
7.26796, -27.2248, -261.935
3.62331, -1481.42, 803.387
7.25137, -127.527, -16.853
3.07874, 643.362, -197.07
2.58372, -17.6733, -279.858
3.90465, -14.0494, -458.032
7.15042, -155.182, 239.605
3.04796, -927.721, -315.629
6.77266, 250.184, 220.909
5.68532, -109.817, -315.527
5.63853, 39.9279, -240.567
3.80589, -199.414, 626.453
5.13936, 601.093, -556.982
7.16608, 61.9736, 228.002
3.98055, 300.147, -200.423
4.78006, -309.696, -200.638
6.35659, -90.7073, 1275.93
4.17193, -548.054, -1587.25
6.31775, -26.1726, -38.0486
6.65892, -891.146, 559.656
2.64618, 937.357, -753.388
4.31315, 161.912, -385.625
4.16221, -51.107, 558.959
3.17675, -106.248, -180.925
3.00839, 383.383, -1226.25
5.11327, 486.532, 172.659
3.52046, -18.136, -3.98458
5.00728, -197.999, -359.141
5.1371, -1368.52, 650.734
4.13422, -197.46, 29.9159
4.75888, 168.649, -272.986
6.85263, -220.386, -29.7133
4.72884, 93.2226, -43.6586
6.03726, 105.04, -329.182
6.83171, -898.354, 270.61
6.5822, -80.0368, -19.6134
2.67504, -935.286, -434.189
3.8644, -40.9922, 1017.51
5.21858, 309.891, -32.8603
3.19942, -360.308, 111.676
5.57408, 19.7005, -78.4094
3.29182, 225.545, -561.848
4.41129, 480.573, -164.342
5.94997, 198.339, 214.55
3.21128, 1392.2, -116.789
5.65284, -13.7168, -53.4415
3.15973, -832.226, -942.563
7.13583, -156.87, -72.4929
5.53465, 1378.68, -2136.21
5.50388, 699.712, -469.419
3.33635, -35.3543, -129.378
3.301, 310.779, 141.036
5.91628, -114.953, -39.4674
5.1456, 41.6846, -326.095
3.65264, -900.003, 198.44
6.55373, -83.8257, -47.8496
5.76477, 2.51959, -181.751
4.08597, -184.112, 297.78
2.53953, -170.641, 84.0893
3.49176, -111.982, -925.522
3.78831, -346.312, 572.349
3.03825, 354.131, -271.413
3.49545, -693.256, 60.8769
6.75079, -1527.35, 814.133
6.63912, -159.687, -82.9859
6.76813, 117.462, 297.837
5.71027, -134.897, 69.6146
3.6787, -987.554, 981.089
6.80638, 19.754, -72.3089
5.4745, -242.417, 669.544
2.52745, -884.734, -898.271
6.84925, 284.669, 512.905
7.37729, 402.621, 337.847
5.59653, -900.74, -698.503
3.85574, 337.937, -209.897
7.46973, -85.9472, -30.1521
4.60751, -541.628, 409.147
4.20537, 378.388, 578.357
4.80717, 191.469, -217.912
4.44822, -400.648, -1150.45
4.613, -1526.47, -368.818
2.84879, -71.7011, 33.8124
5.5153, 41.9695, -95.2422
7.36114, 159.65, -151.818
5.07406, -94.6562, -37.0568
7.45461, 61.1079, 1.723
5.84906, -627.21, -1707.04
4.01716, -446.63, 12.1027
3.47371, -745.272, -287.057
4.0109, -269.647, -254.606
4.93946, 65.2934, 34.9557
4.72438, -424.024, -314.637
5.7844, -38.51, 105.775
3.74227, 1699.64, 1068.62
4.72007, -775.507, -756.82
5.75894, -31.5312, -173.669
6.67472, 391.525, -276.819
6.03698, 380.262, 211.911
4.93928, 135.633, -135.552
6.72039, 484.413, 387.414
7.00296, -109.571, -1.08502
6.33082, -164.988, 332.512
5.29453, -844.49, -317.269
2.70603, 771.007, 101.229
5.46749, 490.661, -547.547
2.68674, 253.747, -1269.91
4.53488, -79.1846, -16.4115
2.84243, 161.265, -401.141
7.38558, 174.986, -60.6168
2.5956, 1038.71, 1110.94
6.60363, -32.0517, 19.0769
5.2195, 1276.78, -805.217
5.72828, -48.2685, 268.632
3.62934, -196.567, 123.126
2.733, -151.256, 725.413
3.63154, -100.581, 95.2259
4.58371, 407.928, -766.772
6.40126, -143.091, -269.505
3.72852, 481.09, -999.295
4.81411, 46.1988, -53.0808
6.14756, 184.488, -543.668
5.35237, 1466.96, -279.756
5.45997, -422.142, -706.517
4.98425, -35.3069, -213.289
3.951, -7.59479, 79.8554
4.71107, -155.982, 58.1891
2.53669, -771.564, 1560.37
7.41683, 12.85, 67.4248
2.52822, -271.926, -219.239
4.8676, 347.643, 475.403
5.86497, 1098.72, 1714.11
