6.27803, -2672.53, 1539.32
3.5948, 82.3582, 1393.27
5.89648, 342.448, 27.4501
5.09708, 247.076, -364.379
2.76731, 4901.68, -5082.45
2.53849, -1575.79, 1754.84
4.58743, 6868.96, 4057.66
7.15218, 167.409, 101.732
2.95982, -323.584, 548.571
6.00595, 36.8206, -62.5028
3.81226, 559.542, 25.8284
4.14117, 241.788, -82.3555
7.45519, 765.186, -260.566
7.41275, 165.636, -138.417
5.75759, 428.264, 23.3209
6.92354, 123.261, -86.7717
6.33247, 613.509, 58.9337
3.87453, -2067.08, -671.14
4.93259, -1243.1, -897.784
2.80282, -6204.51, 1490.19
5.08146, 163.115, 144.232
4.96988, -4373.44, 1578.04
7.23882, 590.279, -274.879
4.42071, 117.932, 24.2293
5.14874, -3372.23, 911.058
2.75042, -314.01, 4406.17
6.63909, -486.365, 49.483
5.94228, 153.674, 28.2653
6.18112, 416.253, 2.61028
6.94286, -3310.15, -2952.68
4.25508, -410.974, 576.582
6.72991, 150.228, -212.896
3.84659, 14.253, 75.5052
4.83959, -223.188, 642.648
3.2686, 544.663, -139.402
2.66527, 92.1398, 78.3029
7.2768, -1384.32, -981.594
6.95369, 370.234, -698.778
3.29884, -846.641, 355.086
3.15214, 969.19, -385.217
2.515, 2711.07, -451.923
6.0491, 254.539, 133.7
3.40448, 1094.39, 259.111
5.76029, -533.999, 369.753
4.42907, 309.45, -109.341
3.23766, 1241.23, 1442.8
5.45054, 381.167, 334.777
3.24076, 2559.14, -1235.11
3.2091, -2116.82, -1254.76
4.94257, -197.994, -115.495
3.13015, -371.676, -700.821
5.64635, 532.234, -33.8684
5.60817, 190.778, 141.215
4.88216, 3026.97, -4181.5
2.64188, 480.439, 70.5941
3.21011, 3680.85, -579.498
3.15594, -324.894, -182.573
3.31099, 1395.45, -2132.7
3.76529, -757.403, 180.84
4.77654, -4135.56, 2094.43
6.54472, 115.074, -320.268
3.57624, 113.633, -206.854
3.75063, 59.7903, -33.4773
5.02978, -730.6, -1450.48
6.27922, 142.741, 9.1731
5.66369, -1433.35, -3015.64
5.9449, -2076.99, -1494.19
7.27207, 480.703, -412.246
5.18713, 4325.95, -2196.27
4.57014, 88.5538, -1515.64
4.70019, -424.258, -652.696
6.07821, -1646.16, -1750.52
6.20858, -2291.49, -1797.11
5.12494, -2902.66, 2376.99
6.06711, 361.64, 158.946
5.91025, 139.661, 61.3656
6.82941, 1891.81, -1471.84
3.19597, 655.901, 1587.09
3.57766, 446.553, -200.59
5.0733, 954.465, 1755.64
4.83766, 191.726, 167.562
3.55759, 3218.59, -3282.4
5.65244, -147.251, 317.072
2.5044, 2546.02, -3659.52
4.09589, -629.049, -2562.85
5.90281, 360.326, 5.3933
6.0446, -79.6947, 258.151
2.90869, 90.4325, -192.116
3.56926, -721.988, -351.769
4.44412, -165.815, -88.8702
4.44927, -3415.92, -1181.25
3.92018, -46.8151, 425.492
4.6123, 187.169, -150.389
2.55658, -1540.44, -39.4123
3.72027, -4516.3, 2419.31
4.49072, -1688.12, -3111.85
6.64177, -229.1, -320.913
3.78584, -31.8997, 322.636
3.59705, -1283.33, 280.457
6.47385, 141.685, -26.617
5.8476, 416.129, -196.533
5.49108, 27.8052, 282.51
5.99917, 2329.44, 1461.71
5.13062, -7.872, -419.993
4.14833, 285.276, 616.513
3.30844, 4862.01, 839.933
6.56633, 163.882, 111.597
4.08004, 237.219, -232.481
4.05369, 61.8237, -48.1065
4.65424, 102.828, -38.052
4.46509, 329.495, -184.07
4.43916, 624.137, -194.135
4.34871, 96.5376, 670.662
5.88118, 213.802, 93.2414
6.10384, -86.3892, -44.2758
7.20082, -2117.25, 737.938
5.08573, 360.473, 20.3781
5.5282, 98.9277, -139.171
5.85049, 1394.79, -2127.56
5.11404, 150.53, 368.904
3.87105, 691.194, -416.761
7.08924, 123.149, -53.7585
3.73367, 482.889, -322.455
4.77876, 499.904, 616.662
3.30374, 201.249, -33.8886
4.68319, 140.416, 49.7759
7.45767, 76.1761, 40.111
6.26931, 3167.89, -3197.56
4.97846, -11.3218, -530.969
7.01651, 125.926, -228.865
4.68213, -755.796, 212.514
5.09239, 1857.18, -1537.63
4.44866, -1615.42, -2532.55
5.63431, -79.2467, 28.5864
5.19331, 209.317, -69.9405
4.35955, -77.86, 979.333
2.54674, -507.315, -276.49
6.3794, 271.497, 293.846
2.85317, -558.33, -635.622
3.98511, 154.491, 24.5379
4.78581, 369.475, 799.498
3.25156, 332.445, -127.863
5.97819, 157.966, 195.514
4.15587, -559.955, -612.294
5.21197, -2757.27, 4910.89
2.64678, -2880.31, -1685.17
5.38086, -167.511, 344.396
5.18133, 669.605, -44.4508
7.36678, 106.35, -299.074
5.57063, 196.149, -11.8957
5.26431, 2189.71, -3713.14
6.69051, 1297.28, 68.4679
3.75764, 175.513, -925.067
6.98957, -5.40797, -93.0034
5.97428, 525.664, 35.3387
5.82752, -259.688, 2100.24
3.06838, 142.117, -491.896
3.37987, -1229.84, -785.735
2.91253, -1315.54, 2210.34
6.68103, -40.7484, -300.318
2.64818, 221.882, 2961.78
6.34719, 359.275, -137.514
4.29829, 250.056, -3013.17
6.24626, -148.038, -82.4141
6.28385, 154.939, 88.0046
3.60834, 2305.8, -1119.52
5.58305, 73.4436, 108.245
3.66846, 69.9433, -18.209
6.22052, 5.05327, -2970.65
5.80997, -412.575, -899.34
4.9209, -2804.1, 4877.8
2.58972, 934.884, 234.155
4.98291, 189.916, -195.171
5.09587, 144.573, -53.1378
4.71395, 717.001, 2793.54
4.14528, -2104.51, 1149.06
3.52671, 225.07, -11.5441
7.19863, -23.4103, 1331.19
2.85168, 1123.04, 2485.33
3.30042, 544.347, -829.97
6.70788, 478.039, -639.534
4.13614, 213.268, 117.28
6.85942, 906.217, 82.2029
5.99896, 201.748, -4.80747
5.52801, -177.728, -230.56
4.77536, 374.203, -474.923
2.91543, 481.45, 1032.91
3.94883, -2850.78, -878.227
6.51009, 491.613, -339.771
6.81821, -19.2923, -316.312
3.81831, -3854.4, 303.513
4.79881, -28.4198, -428.344
4.95672, 239.652, 52.4622
5.82344, 1415.95, -2112.17
7.31738, 162.109, -266.812
7.23022, -59.6419, -224.417
2.81902, 1515.82, -233.971
5.04829, -908.261, -520.594
6.13222, 76.8877, -90.1525
5.65882, 379.608, -304.721
3.26658, 325.296, 146.135
5.09652, 716.298, 2795.47
3.52281, 4805.75, -1538.68
6.03231, 134.093, 40.639
6.05786, -966.738, 5101.08
3.66304, 222.892, -351.572
6.80594, -374.415, -51.4602
2.67122, -669.871, 283.178
6.26587, -63.8974, 134.49
4.14789, 5.60126, -201.47
4.65309, 4306.99, -1055.25
7.33455, 514.318, 429.151
4.05803, -1619.19, -1594.87
5.69762, -4997.86, -24.8517
5.95386, 169.516, 59.0799
5.36403, -85.3142, 377.095
6.60667, -2742.04, 4920.89
4.21807, -3076.25, 1253.99
5.09387, -79.1218, 80.0158
6.78438, -105.366, 196.292
6.18587, 454.95, 1035.46
3.45992, 406.267, -252.431
2.83145, 160.763, 24.447
3.60828, -3586.48, 2278.17
3.33656, 225.21, 30.8518
6.31172, 192.657, -51.9185
5.44905, 1398.18, -1883.25
4.65223, -5221.93, -426.046
7.09618, 1680.46, -153.228
5.09668, -710.427, -1270.4
7.38058, -494.939, 125.422
5.15714, 218.454, 111.851
2.98716, -1052.35, 937.983
5.83983, -641.9, -666.837
5.44444, -581.458, 2412.54
5.01137, 172.186, -212.436
2.75808, 662.413, 1195.59
2.6753, -149.23, 438.133
4.41484, 207.659, -93.8714
5.55555, -2227.77, -2591.44
5.06574, -5226.37, -420.261
5.98498, 216.554, -179.602
4.89891, 352.514, 29.049
3.88323, -5288.24, 60.6482
6.01685, -230.113, 2620.36
3.67701, 221.494, 71.949
6.41501, 14.1119, -69.8141
6.60589, 1128.13, 340.225
3.21842, 3266.79, 2909.97
5.75757, -291.358, -69.8428
3.87677, -817.887, -1489.15
7.26215, 2452.62, -1148.55
4.58238, 187.139, 14.8016
3.03869, -182.865, 199.434
4.70633, 161.243, 5.28266
6.28811, 11.1844, -639.605
2.77803, -205.509, -90.4827
3.51241, 33.1129, -49.1332
6.82305, 224.441, -95.7085
6.52456, 533.678, -78.9339
2.78861, 509.602, 1837.05
4.40304, 50.6843, -22.782
4.56124, 122.851, 44.0705
2.80071, -79.2386, 43.6455
7.09746, -1140.25, -1087.11
3.35398, 42.1879, 75.1166
6.51634, -159.359, -343.203
3.88599, 1780.51, -560.446
4.44586, 45.9474, -60.8256
7.19936, -1825.79, 803.727
6.24573, 142.669, 2696.39
3.44774, 3483.27, -3646.73
6.89581, -82.8064, -266.005
6.8953, 212.297, -56.8706
3.30515, 84.3528, -1151.07
5.87346, 897.216, 441.242
6.89096, 283.637, -83.4413
6.98262, -707.486, 3357.33
3.06535, -139.109, -453.53
5.93789, -1145.97, -1004.81
3.21651, 654.443, -499.597
3.6901, -373.005, 61.1498
5.64383, 2654.73, -1802.03
4.312, 445.898, 50.6034
4.64437, -1618.38, -1438.38
4.91936, 1497.51, -1684.13
6.20379, -0.857976, 1261.38
3.23098, 216.847, 267.705
7.36238, 80.7721, 20.4911
7.3158, -196.265, -139.618
3.14741, 2403.59, -1518.23
5.3784, -24.9092, -149.24
4.66439, 281.577, 288.169
5.50066, 171.939, -173.356
5.85098, 193.598, -234.355
4.5137, -2789.32, -930.607
6.46691, -1710.04, -1487.4
4.89889, -3158.2, 1667.86
5.72449, -529.808, 648.79
4.28836, 4959.98, -798.686
5.96794, 106.963, -421.951
5.83428, 349.247, 105.436
3.22071, 78.5893, -145.6
7.10415, -102.106, -207.016
4.22228, 1066.27, 3496.77
6.66824, 315.143, -31.5055
2.74349, 63.5864, -619.659
3.27936, 1244.87, -1869.66
2.55765, 207.189, 181.189
3.94327, 176.654, 15.5734
5.07295, 526.965, -537.802
3.65948, 919.729, -3192.91
2.75022, 751.92, 217.984
5.33091, -33.456, -133.982
6.69774, 253.278, 415.769
4.28763, -315.648, -209.482
4.3452, 118.398, -887.411
7.22226, 133.792, 38.3006
4.72425, -1480.05, 147.383
6.82086, 119.877, -151.867
5.82654, 56.5401, 738.038
5.79297, 158.338, -472.143
7.10736, 2449.78, -1808.14
5.11536, -2895.38, 2373.49
5.45229, 153.041, 700.228
5.79944, -267.674, -2481
4.24765, -1576.46, 1049.1
4.11714, 61.1537, 363.435
7.08984, 194.639, 39.7463
3.08619, -4252.59, 1563.78
7.31268, -12.0399, -24.5138
5.17978, 267.693, -212.956
5.81447, 1385.27, 701.934
5.48362, -4341.3, 2048.85
6.93363, -216.552, -1170.56
6.67999, 345.501, 12.3902
6.69339, 209.296, -28.4151
6.85642, 471.882, -134.838
2.5002, -266.136, 2125.89
4.77274, -732.497, -2310.58
4.25696, 1715.52, 83.611
5.80713, 4324.18, -3375.41
6.22234, 714.253, 88.6311
3.3821, -905.477, -3822.51
7.4621, -1201.72, 1447.24
5.95466, -403.691, 93.0115
6.97862, 368.033, -16.5655
3.51579, -1249.32, -345.025
7.2356, 558.896, -137.234
4.88476, -4077.53, 2153.86
6.78578, -3582.55, 2275.8
6.41237, 531.509, -17.1585
5.70687, -2806.96, 2726.32
3.14521, 525.715, 569.598
5.77944, 207.734, 167.494
3.09199, 217.677, -83.4673
3.88793, 2501.32, 618.496
6.65548, 205.563, 2334.86
6.14153, 3381.91, 4336.79
6.74348, 3770.17, -2815.81
3.43989, -806.379, -187.097
6.09602, 261.797, 25.4685
4.25586, 94.979, -522.952
3.34555, 151.887, -298.123
4.52383, -4020.29, 491.66
4.20924, 116.527, -82.2668
6.67141, 362.514, -80.8556
3.9111, -3066.77, -4971.37
5.16766, 3133.32, 1856.62
6.25085, 906.718, -1617.51
4.62554, 78.7021, -111.324
4.66964, 1276.46, 17.5305
3.03022, -3096.9, -2091.62
6.4639, 375.561, -339.995
3.91232, -254.98, 182.841
7.14264, 3357.74, 5043.54
5.37926, 203.217, -117.574
3.4895, -52.3025, 357.315
5.99081, 114.559, 43.4445
3.07265, -276.182, 276.93
4.22945, -64.7198, 315.484
4.15646, 518.778, -172.962
6.42735, -4395.98, 2066.65
6.65775, 79.1253, -95.5252
4.21712, 527.509, -148.833
4.2603, -709.952, -111.559
6.38197, 39.4691, -148.905
6.58658, 753.893, -458.346
4.26157, 466.433, 132.654
7.09559, 118.601, 22.9477
3.2877, -66.6901, -258.876
5.56029, 692.804, 142.875
5.54222, 193.896, -9.73805
3.16647, 2494.59, 2659.36
3.51409, 3133.5, 4319.85
4.79457, -380.319, 38.0132
3.48759, -604.438, 1406.3
6.77118, 410.583, 18.4299
6.54562, 439.498, 337.371
2.80131, 2157.43, -1559.18
6.50584, 1378.18, -4014.38
5.49597, 179.128, -458.232
7.43182, 234.221, -170.143
2.65919, -791.388, 252.742
6.8356, -2701.15, 3255.83
3.69109, -962.728, -506.391
3.6127, 1376.77, 622.337
4.73907, 5471.03, 2547.92
2.61231, 129.473, -390.413
6.79755, 108.193, -115.138
4.15902, 463.24, -3523.29
5.72195, 948.888, -291.75
7.43521, 194.204, -19.4272
5.30162, 78.1604, 146.584
4.74553, 182.893, 71.743
5.213, 454.884, 129.758
2.90797, -1390.24, 496.587
3.99606, 1473.68, 2456.62
6.63964, -3148.78, -594.299
6.48936, -3437.96, 1422.56
5.71048, -90.101, 225.082
4.84105, 230.206, 60.3679
7.15326, 605.345, 1876.16
5.08798, 359.956, -199.961
7.42924, -3572.98, 2257.44
5.94567, 248.501, -134.616
6.19966, 296.475, 540.383
3.46323, 1252.67, 1260.96
6.08881, 2468.07, -1527.34
6.11146, 1133.95, 30.3162
6.49298, 216.938, -27.9239
4.23216, -4126.15, 299.047
5.1481, -1388.3, -692.108
3.19001, 1209.62, -602.07
6.73218, 57.8783, -41.6929
6.32766, -691.063, -551.624
7.5, -4397.56, 2057.09
4.24891, -6148.64, -2040.21
5.50367, 751.927, 6.73997
3.50808, -368.175, 2921.67
6.2385, -2960.2, 494.273
6.49225, -134.817, -42.1704
3.03505, -588.87, -589.888
5.35813, 317.499, -70.3591
2.84683, -4170.39, 1414.34
4.16036, 204.416, -367.807
5.80945, 207.831, 53.1928
5.27726, 395.998, 3239.33
7.12415, 83.5159, -285.632
2.69832, 241.723, 2372.22
2.62083, 933.25, 1126.94
4.61923, 172.582, -108.867
4.36987, -934.524, 113.766
2.93303, 2879.47, 2832.16
3.05403, 56.7141, -59.593
5.31992, -3932.82, 122.361
7.37269, 114.096, 19.3465
3.05066, 59.5422, -3162.62
5.99352, -2549.62, -2800.86
2.79674, 171.261, 1043.91
4.69755, -197.383, 110.053
5.24651, 871.315, 433.924
3.45129, -292.928, 184.589
7.36597, 135.09, 70.5817
3.19593, 222.211, -15.8067
5.48978, -2573.21, 292.782
7.12812, 218.969, 456.023
3.91116, -912.684, 184.267
6.8307, 182.569, -530.28
6.29598, 921.886, -1294
6.10793, 166.768, 164.519
3.34241, -20.6482, -575.566
3.32882, 894.13, -2140.96
3.39076, 165.313, 111.636
5.87226, 162.149, 87.4116
4.83484, 366.563, -202.853
6.85219, 426.194, 262.343
5.76023, -203.708, -151.918
5.80464, 1381.02, 703.031
2.58037, -222.289, 588.969
4.30596, 4672.28, 2676.81
3.72747, 213.621, -372.09
6.93086, 428.327, 789.195
5.23701, -5900.73, 102.12
6.57209, -426.035, -489.356
5.24453, -703.538, -60.6814
4.16156, 464.156, -185.764
4.40213, -1565.87, -2745.42
2.52389, 1321.73, 256.991
6.95226, 331.707, -60.8393
6.16955, 819.144, 248.27
6.04239, -595.334, 299.478
5.1278, 1716.21, -2307.83
6.41065, 199.244, 318.95
3.42484, -100.58, -123.32
5.72673, 212.828, -16.789
3.42178, -42.2207, 82.4204
3.31214, -1190.58, 661.236
2.65594, 1237.07, 1290.65
7.42716, 197.648, -15.531
4.04559, 198.561, -237.089
4.11075, -580.524, 23.6896
5.51155, 194.923, 89.9695
2.89107, 4446.36, -751.537
3.93936, 372.349, -15.7536
5.79307, 278.967, -592.318
7.36348, 216.988, 5.81655
7.27758, 3279.44, 1282.16
7.42745, 266.007, 94.4475
7.30478, 166.199, 10.7697
3.0073, 618.852, 551.545
3.71505, 921.625, -180.891
6.91151, 80.6444, -90.9555
5.28805, 335.725, 77.4835
6.7669, 145.22, -41.1796
7.49145, -265.233, -108.572
3.99751, -3771.86, 1635.17
6.33157, -6777, -2235.46
4.81901, 693.68, -244.62
6.8168, 756.493, 1.61911
6.99018, 195.522, -274.291
7.377, 146.883, -13.2087
2.77405, 96.1783, -95.8295
6.32605, 472.586, -281.622
5.09219, 1429.76, -2140.87
3.46574, -301.584, -364.016
6.98252, 161.216, -455.106
6.38492, 4.0703, -26.5854
2.75968, 619.913, -794.471
7.47331, 1358.65, -2189.34
5.93659, 203.366, 149.938
5.94854, 1399.54, 655.674
6.57666, 2435.05, -1119.43
7.05426, 446.431, -226.691
3.34218, 2042.13, 4120.11
5.24183, 2380.84, -1740.34
6.53351, 238.185, -50.059
4.17803, 8.89015, 4.53362
5.53435, -487.312, 178.932
6.59602, 1285.18, -1985.46
7.3485, 32.7025, -37.443
6.29349, 75.8205, -190.459
3.72113, 161.395, -592.584
5.80589, 105.993, -74.4837
4.21574, 912.287, 249.115
7.27146, 274.994, 51.9995
2.60828, 2360.45, -2751.38
4.54979, 353.482, 40.0875
2.55789, -3146.73, 3117.87
3.04964, 306.438, 1054.17
5.28259, 647.194, -845.978
4.45466, 165.027, 145.516
7.20539, 179.147, -222.473
2.55572, 322.552, -190.674
6.22897, 659.361, -1644.42
3.84293, 388.06, 237.163
4.27153, 87.5831, -556.182
3.45835, 4935, -5045.28
5.14832, 650.158, 480.823
4.39478, -766.628, -4287.88
3.16407, 113.338, 36.806
4.26563, 375.877, 367.063
4.2497, -4123.46, 2148.55
7.41084, -2101.08, -1465.49
5.25961, -426.317, -32.7184
4.99918, -1880.05, -512.167
3.58531, 1360.63, -2017.06
4.37311, -430.765, -477.551
6.78251, 2588.84, 2303.53
6.45578, -2418.13, 4888.48
3.9204, 2413.48, -2977.73
5.07645, 705.319, 74.9514
6.79238, 203.222, -11.7287
7.07844, 358.732, -8.74014
7.48941, -1711.12, -1490.96
6.53177, 35.0727, 299.842
5.22718, 430.415, 210.678
7.3461, 359.95, 617.198
5.31931, 1211.83, 116.21
4.03031, 142.758, -969.862
5.41853, 295.936, -145.995
2.91197, 102.828, 75.4427
5.47382, 26.8838, 14.1593
3.31968, 2274.5, 4324.08
6.46527, -224.757, -515.451
2.95373, -601.923, 1350.11
6.3072, 202.842, -172.677
6.83996, 123.411, -49.0023
6.40105, -75.9558, -142.291
6.61399, -1799.06, -325.132
6.70974, 216.497, 97.5824
4.48328, 60.3431, -221.957
6.508, 189.819, -10.5471
6.56811, 128.586, 13.8178
5.43493, 611.369, 1284.95
4.64621, 232.229, -208.704
2.5002, -743.656, 378.109
5.31153, -36.5496, 34.396
6.22632, 185.213, 92.1846
3.89846, 2823.9, 1642.94
2.93406, -638.459, -3934.87
3.5733, 450.125, 525.692
3.93296, -84.6112, -28.6694
4.86595, -504.74, -135.735
6.95893, -1639.62, -1462.65
5.91955, 317.952, -50.2491
3.54376, 270.118, 43.4899
6.67533, 241.132, -165.574
7.09218, 406.685, 425.156
4.48244, -100.842, 427.636
6.37858, 1607.3, 309.62
5.68161, -167.921, 131.266
6.64746, 376.08, -169.715
3.40204, 801.116, 274.288
7.45927, 217.153, 85.4048
6.70558, -61.3777, -105.455
4.65177, 684.141, -322.239
4.38589, -4.96155, 23.1194
2.70802, 126.012, 110.528
6.80715, -555.067, -839.994
6.62116, -3580.99, 2234.14
6.25052, 1456.44, 1261.88
3.55801, 485.804, -531.399
4.31029, 264.266, 66.0259
4.43545, -146.939, -24.6499
7.32918, -2718.86, -1725.93
6.5872, 427.248, 89.3559
4.5755, 786.989, -157.678
5.83759, -50.1367, 715.172
2.52101, -3480.29, 3542.33
6.98048, -15.9996, -143.121
3.68416, -232.745, 256.801
3.79415, -414.265, -139.602
5.4939, 76.144, 40.9574
6.89823, -472.69, -2.84654
6.16299, 190.913, 167.224
6.0773, 74.6748, 76.7931
3.57724, 5037.98, -226.737
6.30413, -3486.32, 2736.51
3.85351, 340.251, 192.831
2.75246, 237.002, -175.196
4.78866, -1425.1, 531.965
2.58759, 410.473, -220.82
3.01129, 5013.88, -3228.71
2.639, 1897.75, -1087.7
5.65921, 15.3569, -80.0038
6.34425, 166.753, -28.9631
2.74132, 495.609, 163.913
6.6924, 522.714, 895.368
6.76899, 188.579, -126.797
6.57649, -200.291, 533.017
6.85188, 283.505, -3634.13
5.27222, -62.1322, -91.942
6.12646, 10.4334, 1061.3
3.20424, -3791.42, 3115.88
6.6115, 71.7444, -196.316
5.51185, -2233.64, -2595.16
4.93856, 48.338, 209.878
6.14942, -324.312, -303.714
4.05164, -1673.96, 977.563
3.93925, -6.39416, 356.338
5.45857, 1907.79, -2352.2
5.34055, -2583.95, 1403.26
5.41059, 2355.66, 1794.2
2.84132, -221.586, 403.858
4.34304, -1628.12, -226.671
6.28475, 108.084, 332.198
6.35297, 716.7, 2553.74
4.27217, 92.8425, 681.691
5.98913, -51.717, -126.298
5.08005, 1729.63, 1036.8
5.94494, 236.589, -308.338
6.18066, -1624.58, -1148.91
2.56231, -2308.44, -1643.72
7.16549, 125.791, 40.2909
5.37826, 491.321, 305.305
3.05587, 469.53, 692.199
4.87388, 307.07, 59.5822
3.24247, 1596.84, -401.692
4.22594, -7144.02, -1608.68
7.04476, 199.078, -39.8887
4.54571, 2439.66, -1054.11
5.96642, 206.619, 67.1394
3.35865, 287.945, -207.552
6.21715, -3877.52, 1379.07
4.16319, 262.68, -284.492
4.62157, 205.542, 184.812
2.79523, 153.098, 765.959
5.09005, 173.191, -88.8049
5.94425, -168.466, 338.044
5.01149, 247.85, 114.171
6.56617, 225.178, -104.164
3.07974, 172.944, 19.3454
5.24841, 1147.63, -64.9697
5.06046, 23.8529, 214.126
6.02649, -1648.45, -1484.45
5.65083, 201.389, 33.7185
4.0207, 689.181, 383.183
6.74719, 196.784, -136.358
3.39619, 1216.16, -1993.88
2.61737, 129.384, -193.868
4.19467, 352.041, 9.9984
3.43818, -1743.5, -1287.94
6.60467, 212.762, 188.866
6.72507, 111.863, 2646.58
6.78031, -2659.04, 1484.05
7.37454, 376.831, -515.502
2.99587, 346.962, 637.49
2.56182, -3201.2, -2452.83
2.58614, 389.692, 480.952
2.64527, -248.578, 399.275
4.1031, -1629.68, -1581.98
6.17815, -2657.19, 1561.61
3.14876, -124.656, -158.201
2.5161, -2179.59, -397.834
6.91905, 385.518, 69.6488
3.70482, 268.249, -248.156
4.38481, 444.478, 845.464
4.44879, 312.245, 358.237
2.81534, 3003.28, 1146.74
7.30792, 23.5106, 25.8638
3.75349, 263.292, 6.49041
6.85376, 336.373, 216.097
2.85991, 2440.26, -3336.72
2.70653, 3083.98, -2056.49
3.46378, -261.642, -46.9787
3.86708, -1656.35, -1841.84
7.4007, 223.98, -0.0938208
3.60607, 972.423, -4159.32
6.43119, 1393.15, -2135.71
4.42306, -47.1888, 1048.42
3.78593, -2432.12, 2745.57
3.91087, 592.113, 202.969
7.33834, 508.471, -64.5177
4.22841, -111.349, -310.223
3.45922, -408.647, -470.559
5.05037, 182.861, -152.828
5.21857, 952.308, -3725.5
5.72333, 810.958, 152.105
3.89738, -307.796, 179.158
3.41887, 625.864, -234.993
2.71579, 1924.86, -2262.39
3.98408, 579.92, 206.805
4.25548, 1203.88, -654.693
7.09372, 267.769, -56.2553
5.81225, 211.028, -97.2484
5.08041, -1646.32, -1461.8
4.03763, 193.277, -50.0296
3.0007, 1641.51, 1748.11
3.47502, 115.542, -166.977
4.11407, 2573.01, 2701.06
5.56182, 712.316, 280.698
5.13511, 2110.19, -987.805
3.45653, -291.652, 915.213
4.7178, 4490.55, 2611.23
4.48693, 5173.37, -1008.74
6.28051, 32.0802, -110.721
6.6213, 106.406, 141.361
5.51573, 215.306, -591.542
3.04573, 21.8787, 69.804
4.11797, 2124.25, -541.158
5.03403, 198.08, -4.43637
4.76521, 47.636, 545.066
4.77315, 22.5092, -198.086
4.91125, 515.491, -83.9278
5.07896, -3649.63, 646.253
4.50207, -1852.3, -1013.76
4.22945, -398.417, -510.564
6.64533, 207.113, 507.29
3.02204, 2065.5, -1169.57
6.40057, 115.433, 71.0271
3.19919, 787.816, -201.264
2.62171, 3115.03, 3563.87
6.0664, -196.464, 1155.68
7.15538, 216.698, -250.372
7.47667, 238.675, 17.0543
3.86264, 219.303, 101.736
3.6923, -1696.82, 412.629
3.87328, -332.396, -2596.67
5.70836, 170.37, 29.6471
5.17637, 137.594, -22.9379
6.8967, -2309.4, 4001.66
6.75968, 99.6046, -153.978
2.98004, 228.167, -267.122
4.66818, 172.889, -134.744
3.17045, -504.391, 212.87
5.86802, 225.371, -52.6702
5.34964, -182.028, -656.067
3.66474, 86.8636, -1164.35
5.50306, -23.602, 3.04488
2.6551, 67.1526, 129.501
7.08512, 152.883, 77.8536
3.82958, 221.175, -306.605
6.50016, 250.639, 102.108
5.46389, 106.434, -164.303
5.0822, -70.9707, -69.6632
5.2567, 1423.37, -739.535
3.47225, 469.991, -290.762
5.36152, -2432.52, -153.007
3.81992, -522.452, 5302.5
4.41648, 2187.73, -4586.09
2.73626, -428.041, -485.68
4.22823, 204.03, -154.11
3.61594, -2465.04, 5803.62
3.81264, -33.892, -129.57
3.05141, -30.1624, -18.8873
7.40088, 181.197, -38.8647
5.93794, 107.786, 23.7083
5.82158, -207.727, -139.157
5.99501, 252.484, 317.783
2.68746, 134.469, 36.9264
3.6706, 220.455, 5.42828
3.95397, -4414.84, -6648.51
3.50543, 133.455, 284.517
2.7177, -2150.44, 3160.24
2.56571, 371.419, -16.154
6.07297, 4797.56, -1536.18
6.88348, -302.799, -329.441
5.35088, 1469.38, -2785.53
6.92743, -2423.76, -2737.2
5.20042, -1134.16, -95.8638
3.31357, -1561.44, 312.8
3.30492, -2272.45, -1793.1
7.19182, 156.746, -161.907
3.45628, 1.55784, -344.543
3.15761, -2505.51, -172.544
4.41122, -65.6887, 266.061
6.12674, -569.804, 2423.29
2.50651, -5225.3, -418.652
4.60222, 3720.99, -2126.86
5.18984, -53.557, -40.2863
4.86596, -805.855, -568.644
6.33003, 398.498, -670.777
2.9396, -757.02, -459.113
7.04284, 223.272, -207.354
3.20818, -524.558, 195.083
2.54782, 90.4942, 552.149
2.82267, 383.13, -193.619
4.96742, 276.419, -151.472
5.40914, 240.206, 63.1302
4.03373, 3044.98, -5361.9
4.57091, 449.756, 334.316
4.33401, 1156.96, 1416.45
3.42687, 323.617, -2164.81
2.76788, -2171.83, -2119.86
4.47222, 150.406, -212.73
3.98388, -698.372, -927.095
5.05388, -367.792, -15.0379
3.75392, 1861.38, -3084.46
5.01589, -846.309, 1573.8
2.51168, 876.964, -622.674
7.01807, -4398.85, 2060.33
2.79181, 2779.75, 2773.16
5.17506, 77.2143, 2629.68
3.95754, 2263.99, -1039.7
7.3023, 122.307, 46.9573
4.73406, -2728.9, -1119.81
5.08479, -158.876, -222.179
5.93861, 65.5659, 170.66
2.72187, -48.5972, 589.393
7.2946, 3037.35, -2237.03
5.70852, 466.217, -97.7663
2.80215, 254.574, 76.5137
3.33964, -37.7027, -142.327
5.76491, 359.783, -284.708
6.19864, -263.161, 2093.44
3.57011, -410.094, -320.656
4.31441, 542.949, -1754.65
6.56981, -147.865, 308.978
5.32057, 307.996, -20.8272
7.45886, 139.622, 6.617
6.5669, 131.824, -369.642
3.49157, 2694.33, -3475.82
2.50003, 308.258, 24.6805
4.62608, -2697.53, 3250.23
4.07406, 1656, 1040.98
5.56218, -2933.79, 442.272
3.83351, 179.74, -130.753
4.39881, 1191.64, 584.342
5.43397, 128.382, -94.1661
5.95636, -1381.97, -268.528
7.26736, 12.2742, -65.304
4.89785, -152.18, 941.47
3.60319, 203.44, -378.397
5.33741, 872.256, 596.222
6.09873, 250.894, 18.4121
4.4953, 1796.11, -44.0041
3.48326, 76.5324, -149.116
6.66971, 27.9851, -254.437
5.59561, 49.6672, -795.537
7.26866, 233.643, -142.275
3.23222, -265.216, -115.838
5.38953, 447.32, -100.176
7.26796, 326.304, -17.8875
3.62331, -4303.3, 2040.67
7.25137, 50.1829, -99.2861
3.07874, 1186.28, -550.124
2.58372, 607.807, 336.578
3.90465, -261.92, 541.811
7.15042, -171.691, -33.7957
3.04796, -936.646, -440.62
6.77266, -151.482, -333.988
5.68532, 275.498, 274.953
5.63853, 148.403, -6.04664
3.80589, -621.015, 1362.32
5.13936, -493.523, 192.45
7.16608, 1368.03, 636.991
3.98055, -1120.21, 183.486
4.78006, 116.252, 113.797
6.35659, -801.699, 3697.35
4.17193, -1537.36, -2759.62
6.31775, 3.85273, -78.9949
6.65892, -1844, 1997.52
2.64618, 2039.95, -1255.75
4.31315, -310.271, -423.103
4.16221, 202.82, 130.358
3.17675, 1558.45, 1436.09
3.00839, 1048.13, -3208.84
5.11327, 460.6, 169.047
3.52046, -7.34778, 207.019
5.00728, 227.022, 486.308
5.1371, -3892.47, 2550.94
4.13422, 206.991, -130.703
4.75888, -121.311, 707.118
6.85263, 655.767, -244.076
4.72884, 120.341, 35.2231
6.03726, -4.9603, -213.857
6.83171, -1656.12, 325.232
6.5822, 685.77, -587.42
2.67504, -3041.04, -1186.72
3.8644, -685.567, 1879.51
5.21858, -1133.16, 752.432
3.19942, 3001.19, -522.099
5.57408, 237.129, 64.3704
3.29182, -10.2293, 173.703
4.41129, 467.476, -279.103
5.94997, -72.1982, -232.594
3.21128, 3203.33, -21.1029
5.65284, -264.729, 23.4885
3.15973, -2636.99, -1434.87
7.13583, 429.712, 263.335
5.53465, 4181.07, -6392.15
5.50388, 101.717, 168.593
3.33635, -28.7385, 121.43
3.301, -1079.08, 1723.41
5.91628, 151.427, -44.7987
5.1456, 311.279, -289.627
3.65264, -1733.13, 976.555
6.55373, 174.875, -175.382
5.76477, 160.06, -51.6371
4.08597, 179.542, 568.109
2.53953, 149.606, 561.903
3.49176, -31.2408, -115.33
3.78831, 125.275, -312.742
3.03825, -79.0607, -67.3295
3.49545, 387.838, -287.655
6.75079, -4523.65, 2417.79
6.63912, -5.70322, -62.0578
6.76813, 212.388, -17.9236
5.71027, 161.038, -88.9934
3.6787, -2326.32, 2416.4
6.80638, 191.575, -146.1
5.4745, -59.8515, -384.094
2.52745, -1643.34, -1227.3
6.84925, -414.6, -899.765
7.37729, 310.299, -72.7276
5.59653, -1635.9, -1459.49
3.85574, 645.226, 181.912
7.46973, 116.506, 28.1249
4.60751, -1155.03, -392.072
4.20537, -489.311, -2.32933
4.80717, 195.146, -47.6788
4.44822, -898.522, -2473.84
4.613, -3831.26, -744.76
2.84879, 377.726, -401.024
5.5153, 276.692, -219.374
7.36114, 587.484, 31.5178
5.07406, 175.09, -281.292
7.45461, 214.499, -28.8257
5.84906, -2024.28, -4788.42
4.01716, 272.414, 281.243
3.47371, 74.4066, 71.9081
4.0109, -30.3609, -215.141
4.93946, 148.506, 24.7816
4.72438, -120.07, 6.35759
5.7844, -509.915, 87.0548
3.74227, 4673.32, 2677.32
4.72007, -1200.05, -1000.95
5.75894, 192.408, 163.431
6.67472, 44.1514, -102.861
6.03698, 221.427, 151.674
4.93928, 301.759, -135.196
6.72039, -164.692, -205.991
7.00296, 682.481, -650.896
6.33082, -237.809, 116.347
5.29453, 386.385, 229.017
2.70603, -631.034, 60.8382
5.46749, 649.235, 97.5345
2.68674, 66.726, -3218.46
4.53488, -247.829, 413.401
2.84243, 659.29, 89.9885
7.38558, 285.464, 244.706
2.5956, 1684.44, 2557.79
6.60363, 66.8963, -29.5161
5.2195, 3145.56, -2584.86
5.72828, 644.153, -220.254
3.62934, -524.303, -135.361
2.733, 444.95, 2575.74
3.63154, 263.323, 599.531
4.58371, 46.7521, -2185.68
6.40126, 461.098, 35.9816
3.72852, 1279.73, -1993.36
4.81411, 416.712, 114.38
6.14756, -540.401, -24.6236
5.35237, 4341.68, -590.437
5.45997, -150.029, -374.761
4.98425, -707.102, -257.676
3.951, 243.664, -83.6821
4.71107, 110.145, 500.291
2.53669, -2424.69, 5339.4
7.41683, 232.472, 43.7741
2.52822, -61.924, -147.422
4.8676, 1767.79, 665.002
5.86497, 2949.42, 5018.79
