6.27803, -3335.25, 1970.46
3.5948, -71.3812, 1204.52
5.89648, 307.049, -19.6953
5.09708, 511.552, 124.124
2.76731, 6428.44, -6576.78
2.53849, -2280.07, 2714.71
4.58743, 9012.98, 5346.99
7.15218, 315.672, -39.9595
2.95982, 449.687, -338.138
6.00595, 236.343, -109.095
3.81226, 184.504, -95.3637
4.14117, 321.682, -98.193
7.45519, 773.9, -751.596
7.41275, 256.075, -147.48
5.75759, -492.809, -309.292
6.92354, 186.854, 132.058
6.33247, 43.6094, 20.2152
3.87453, -2512.4, -921.727
4.93259, -1393.22, -1108.81
2.80282, -8178.01, 2071.28
5.08146, 56.7119, 76.1107
4.96988, -5714.18, 2136.22
7.23882, 389.515, 148.367
4.42071, 265.668, -33.3417
5.14874, -4309.26, 1125.38
2.75042, -319.737, 5720.39
6.63909, 383.124, 8.37568
5.94228, 789.248, -189.613
6.18112, 732.808, 71.7397
6.94286, -4237.53, -3683.74
4.25508, -320.463, 336.507
6.72991, 278.538, 276.499
3.84659, 860.671, -301.823
4.83959, -226.535, 651.958
3.2686, 45.5848, 15.3212
2.66527, 851.836, -519.488
7.2768, -1426.28, -996.97
6.95369, 123.271, 93.9586
3.29884, -229.581, 409.505
3.15214, 1802.37, -988.95
2.515, 3382.69, -607.374
6.0491, -95.9521, -14.5095
3.40448, 512.616, -8.0184
5.76029, -1031.49, 260.747
4.42907, -48.394, 167.036
3.23766, 1383.68, 1477.01
5.45054, 874.536, 328.912
3.24076, 3033.8, -1452.46
3.2091, -2512.96, -1447.02
4.94257, -269.791, -192.624
3.13015, 383.032, -566.864
5.64635, 1090.26, 214.385
5.60817, 392.95, -136.232
4.88216, 3899.93, -5378.22
2.64188, -623.436, -144.647
3.21011, 4680.81, -680.318
3.15594, 570.25, -1.63374
3.31099, 1615.89, -2465.53
3.76529, -267.319, 162.297
4.77654, -5437.5, 2630.69
6.54472, -134.226, -1066.83
3.57624, 199.949, 78.1178
3.75063, 265.619, 16.8042
5.02978, -1241.11, -2196.91
6.27922, 271.038, -33.1716
5.66369, -1862.93, -3760.96
5.9449, -2366.68, -1755.78
7.27207, 210.947, -452.831
5.18713, 5615.8, -2845.99
4.57014, 126.928, -2456.01
4.70019, -390.29, -490.913
6.07821, -1946.7, -1851.96
6.20858, -2845.07, -2116.38
5.12494, -3665.7, 2933.99
6.06711, 276.354, -59.797
5.91025, 424.07, 172.282
6.82941, 2205.37, -1758.37
3.19597, 477.018, 1789.38
3.57766, 240.322, 151.416
5.0733, 1335.84, 2357.96
4.83766, 283.95, -1.36302
3.55759, 4181, -4241.77
5.65244, -239.141, 414.644
2.5044, 3302.39, -4752.8
4.09589, -847.061, -2899.69
5.90281, 246.41, 40.8633
6.0446, 124.385, -168.285
2.90869, 210.408, 19.8083
3.56926, -261.522, -527.088
4.44412, 245.009, -160.925
4.44927, -4226.82, -1429.72
3.92018, 85.3638, 644.622
4.6123, 197.001, -139.321
2.55658, -2410.85, -158.923
3.72027, -5829, 3076.95
4.49072, -2263.81, -3815.36
6.64177, 790.028, 255.562
3.78584, 636.939, -465.453
3.59705, -1223.73, 603.105
6.47385, 214.195, 33.5595
5.8476, 1436.2, -390.78
5.49108, 460.452, 866.399
5.99917, 2771.75, 1830.69
5.13062, 242.007, 214.746
4.14833, 113.412, -201.14
3.30844, 6461.02, 1127.72
6.56633, 295.054, -140.963
4.08004, 75.0855, -690.063
4.05369, 786.72, 399.25
4.65424, 247.63, 38.454
4.46509, 493.038, 221.249
4.43916, 267.45, -316.567
4.34871, 185.678, -221.424
5.88118, 303.659, 165.288
6.10384, 390.168, -384.787
7.20082, -2458.99, 1006.62
5.08573, 135.528, -21.1057
5.5282, -506.102, -196.633
5.85049, 1647.03, -2484.33
5.11404, 177.808, -171.515
3.87105, 343.748, 213.077
7.08924, 177.304, -15.5055
3.73367, 409.674, 104.71
4.77876, 473.916, -382.196
3.30374, 331.238, 79.6964
4.68319, 163.261, -39.532
7.45767, 864.514, -352.166
6.26931, 4194.37, -4075.81
4.97846, 57.3054, -837.501
7.01651, 124.382, -48.0945
4.68213, -281.058, 174.733
5.09239, 2241.09, -1773.33
4.44866, -1932.54, -3156.34
5.63431, 44.5887, 37.6552
5.19331, 175.521, -59.2224
4.35955, 134.6, 1132.7
2.54674, -112.742, -823.337
6.3794, 329.123, -11.9118
2.85317, -488.363, -555.096
3.98511, 609.785, 102.521
4.78581, 120.35, 1631.11
3.25156, 589.931, 200.068
5.97819, 95.0626, -593.748
4.15587, -487.052, -565.544
5.21197, -3609.45, 6383.69
2.64678, -3506.38, -2273.83
5.38086, 314.578, -228.163
5.18133, -4.93178, -134.853
7.36678, 650.912, 290.626
5.57063, 213.213, 15.8861
5.26431, 2787.45, -4813.74
6.69051, 1202.1, -211.402
3.75764, 464.273, -1157.81
6.98957, 92.4283, -78.652
5.97428, 114.294, 73.1695
5.82752, -489.443, 2449.01
3.06838, 577.132, -692.935
3.37987, -1708.79, -747.751
2.91253, -1816.96, 2932.12
6.68103, 520.868, 123.553
2.64818, 678.989, 3885.93
6.34719, 287.38, -72.3179
4.29829, 227.387, -3736.12
6.24626, -954.433, -341.609
6.28385, 273.721, -101.399
3.60834, 2527.2, -1416.56
5.58305, -344.455, 230.528
3.66846, 568.274, 304.343
6.22052, -31.6931, -3699.82
5.80997, -257.696, -789.491
4.9209, -3531.39, 6401.07
2.58972, 737.603, 377.405
4.98291, -19.2186, 418.969
5.09587, 228.388, 49.0268
4.71395, 696.275, 3427.56
4.14528, -2476.4, 1545.39
3.52671, 100.622, -15.0862
7.19863, -1.36306, 1134.16
2.85168, 1156.59, 3121.17
3.30042, 409.83, -1210.87
6.70788, 8.05504, 144.392
4.13614, -24.319, 0.332947
6.85942, -48.9989, -20.1353
5.99896, 466.015, -3.92169
5.52801, 649.21, 27.4173
4.77536, 698.647, -192.211
2.91543, -207.704, 877.13
3.94883, -3524.98, -895.616
6.51009, -66.884, 6.10781
6.81821, 230.025, -1322.16
3.81831, -4877.03, 382.869
4.79881, 752.99, 365.015
4.95672, 208.651, -94.0225
5.82344, 1632.53, -2472.1
7.31738, 200.97, -197.068
7.23022, 356.724, 87.7101
2.81902, 1669.35, 79.6185
5.04829, -707.742, -611.021
6.13222, 362.356, -312.345
5.65882, 216.133, 98.3518
3.26658, -367.945, -547.233
5.09652, 694.879, 3424.67
3.52281, 6171.84, -1939.89
6.03231, 76.6095, 173.485
6.05786, -1311.7, 6577.23
3.66304, 293.021, 460.166
6.80594, 220.267, -123.166
2.67122, 274.211, 133.626
6.26587, 955.078, -117.757
4.14789, 359.692, 881.733
4.65309, 5567.42, -1444.4
7.33455, 78.792, -384.856
4.05803, -1824.38, -1757.81
5.69762, -6424.32, -76.1271
5.95386, 316.771, -144.386
5.36403, -487.073, 318.464
6.60667, -3610.13, 6382.11
4.21807, -3891.84, 1500.79
5.09387, -106.027, -166.896
6.78438, 220.672, 975.985
6.18587, 90.0731, 773.366
3.45992, 1673.66, -759.915
2.83145, 319.016, -38.8155
3.60828, -4618.69, 2918.28
3.33656, 267.137, -216.046
6.31172, 150.934, -196.648
5.44905, 1702.23, -2290.81
4.65223, -6728.34, -471.139
7.09618, 1650.63, -2.1043
5.09668, -1026.27, -1549.16
7.38058, -548.143, 61.724
5.15714, -35.8749, -77.5195
2.98716, -1168.28, 637.996
5.83983, -630.325, -595.02
5.44444, -601.552, 2904.42
5.01137, 329.176, 137.877
2.75808, 445.458, 1444
2.6753, -187.137, 284.189
4.41484, 140.836, 566.779
5.55555, -2854, -3161.34
5.06574, -6728.42, -466.118
5.98498, 277.803, 85.2273
4.89891, 329.861, -195.271
3.88323, -6903.25, 39.7897
6.01685, -310.203, 3149.64
3.67701, 181.049, -102.427
6.41501, 256.495, -12.7394
6.60589, 520.563, 425.737
3.21842, 4296.15, 3695.12
5.75757, -387.358, -361.785
3.87677, -1406.95, -1848.95
7.26215, 3119.92, -1209.41
4.58238, 469.756, 274.636
3.03869, 150.274, -465.862
4.70633, 360.415, -400.286
6.28811, 130.881, -517.698
2.77803, 217.925, -49.9304
3.51241, 211.197, -97.9043
6.82305, 385.989, -283.679
6.52456, 320.049, 171.745
2.78861, 695.914, 2013.01
4.40304, 68.2998, 167.831
4.56124, 38.9138, 55.3568
2.80071, -1395.13, -608.667
7.09746, -1184.76, -1017.81
3.35398, 229.948, -66.1705
6.51634, 257.825, -481.645
3.88599, 2822.91, -758.275
4.44586, 88.2601, -99.7181
7.19936, -2080.62, 1154.51
6.24573, 118.131, 3191.9
3.44774, 4660.21, -4728.86
6.89581, 263.438, -42.7981
6.8953, 133.863, -8.28462
3.30515, 205.635, -1760.71
5.87346, 303.454, 185.478
6.89096, 127.488, -35.8465
6.98262, -774.892, 4249.69
3.06535, 345.562, 21.21
5.93789, -1897.4, -1444.91
3.21651, 103.058, -573.337
3.6901, -895.258, 307.685
5.64383, 3291.45, -2254.95
4.312, 144.1, 105.737
4.64437, -2079.19, -1914.27
4.91936, 1753.09, -2069.07
6.20379, 93.5689, 1823.46
3.23098, 245.528, -391.598
7.36238, 100.977, -71.4672
7.3158, 433.6, -69.9306
3.14741, 2913.88, -1810.92
5.3784, 171.745, 114.234
4.66439, 174.472, -849.491
5.50066, 469.014, -47.9391
5.85098, 285.291, 445.692
4.5137, -3446.16, -1183.81
6.46691, -1938.13, -1660.59
4.89889, -4073.24, 1997.49
5.72449, 53.1343, 357.488
4.28836, 6463.94, -1010.44
5.96794, 117.229, -936.397
5.83428, 1048.51, 562.857
3.22071, 60.7301, -26.1777
7.10415, 193.979, -104.167
4.22228, 1255.08, 4387.75
6.66824, 161.546, -173.028
2.74349, 187.551, -1033.88
3.27936, 1462.37, -2434.81
2.55765, 648.889, -362.979
3.94327, 314.353, -163.295
5.07295, 122.582, 358.822
3.65948, 1267.34, -3944.08
2.75022, 562.665, -351.027
5.33091, 563.027, 138.722
6.69774, 608.351, -274.517
4.28763, 630.252, -18.9913
4.3452, 200.463, -958.417
7.22226, 204.631, -34.0807
4.72425, -1403.21, 6.97405
6.82086, 217.891, -165.501
5.82654, 221.37, -74.3616
5.79297, 450.471, 260.924
7.10736, 2920.7, -2140.36
5.11536, -3668.99, 2936.97
5.45229, -58.1591, 863.638
5.79944, -228.966, -2981.4
4.24765, -1734.34, 1152.51
4.11714, 477.231, 374.988
7.08984, 233.56, 852.764
3.08619, -5414.31, 2103.4
7.31268, -437.828, 357.325
5.17978, 162.542, -47.6896
5.81447, 1836.73, 1034.99
5.48362, -5614.03, 2686.45
6.93363, 96.2597, -1139.15
6.67999, 338.205, -70.5931
6.69339, 144.369, -48.4415
6.85642, -386.917, -380.602
2.5002, -451.652, 2479.03
4.77274, -1138.38, -3418.53
4.25696, 1671.15, 137.311
5.80713, 5677.26, -4336.54
6.22234, -222.833, 232.806
3.3821, -1092.57, -4869.02
7.4621, -1332.22, 1546.09
5.95466, 475.073, -231.319
6.97862, -502.85, 76.3931
3.51579, -1365.02, -527.783
7.2356, 761.18, 528.163
4.88476, -5165.67, 2812.51
6.78578, -4621.05, 2916.98
6.41237, -196.598, 39.9797
5.70687, -3533.36, 3435.58
3.14521, 351.264, -168.988
5.77944, 166.285, -594.944
3.09199, 255.024, 45.0791
3.88793, 2961.53, 825.49
6.65548, 92.0436, 2755.52
6.14153, 4345.58, 5597.43
6.74348, 4847.88, -3626.62
3.43989, -392.167, 359.812
6.09602, 78.2908, -56.2589
4.25586, 10.399, -628.522
3.34555, 352.665, 160.409
4.52383, -5200.26, 594.235
4.20924, 246.456, 106.443
6.67141, -237.147, 199.474
3.9111, -4007.92, -6497.91
5.16766, 4116.7, 2367.37
6.25085, 1226.94, -2185.36
4.62554, 549.825, 278.891
4.66964, 832.184, 164.479
3.03022, -3818.06, -2776.64
6.4639, 280.016, 256.652
3.91232, 442.141, 3.77465
7.14264, 4300.82, 6661.79
5.37926, 414.037, 138.553
3.4895, -423.842, -307.484
5.99081, 271.722, 28.0449
3.07265, 907.413, -74.9766
4.22945, 49.9949, -899.009
4.15646, 130.866, -211.644
6.42735, -5661.52, 2731.09
6.65775, 250.066, -194.659
4.21712, 207.092, -71.602
4.2603, -692.194, -76.8198
6.38197, -25.4897, -23.2428
6.58658, 195.131, -270.874
4.26157, -290.598, -571.102
7.09559, 234.862, 159.436
3.2877, 610.472, -44.0192
5.56029, -99.9435, -195.586
5.54222, 217.886, -177.255
3.16647, 3186.15, 3253.76
3.51409, 4083.54, 5558.86
4.79457, 299.043, -129.224
3.48759, -347.467, 1588.95
6.77118, 426.195, 318.803
6.54562, 1124.53, 987.085
2.80131, 2736.14, -1817
6.50584, 1733.24, -5089.24
5.49597, 434.195, -34.0522
7.43182, 72.5159, -99.6224
2.65919, -425.874, -88.4732
6.8356, -3447.86, 4129.61
3.69109, -2027.53, -734.808
3.6127, 2156.7, 930.758
4.73907, 7116.57, 3319.81
2.61231, -281.611, -65.3033
6.79755, 127.677, -84.5735
4.15902, 484.208, -4240.48
5.72195, 792.195, -454.333
7.43521, -29.6754, -38.2473
5.30162, 216.463, 25.1173
4.74553, 180.353, -120.179
5.213, 98.8292, -422.099
2.90797, -2481.63, 866.717
3.99606, 1597.54, 3058.59
6.63964, -3869.99, -712.65
6.48936, -4458.55, 1922.19
5.71048, 450.005, -229.663
4.84105, 54.4742, 225.957
7.15326, 580.934, 2019.6
5.08798, 287.577, -788.022
7.42924, -4609.74, 2858.8
5.94567, -301.263, -170.529
6.19966, 179.396, -5.22872
3.46323, 1217.05, 1529.93
6.08881, 3060.79, -1757.69
6.11146, 899.308, -519.585
6.49298, 194.705, -130.088
4.23216, -5249.96, 341.044
5.1481, -2203.65, -1219.46
3.19001, 1230.17, -246.629
6.73218, 186.147, -170.924
6.32766, -338.65, -510.604
7.5, -5624.98, 2675.06
4.24891, -8066.39, -2614.56
5.50367, -636.214, -165.442
3.50808, -495.511, 3493.72
6.2385, -3654.88, 582.4
6.49225, 987.952, -290.745
3.03505, -890.784, -292.381
5.35813, 236.3, 50.4793
2.84683, -5239.83, 1741.74
4.16036, 385.625, 823.987
5.80945, 187.41, 196.934
5.27726, 426.292, 4008.54
7.12415, 422.289, 602.181
2.69832, 336.959, 2832.79
2.62083, 753.495, 994.222
4.61923, 198.906, -215.463
4.36987, -910.319, 417.317
2.93303, 3717.94, 3668.28
3.05403, 278.435, 27.6165
5.31992, -5086.45, 158.021
7.37269, 165.518, -51.9379
3.05066, 142.208, -3874.7
5.99352, -3125.59, -3444.09
2.79674, 31.0992, 484.524
4.69755, 727.804, -584.505
5.24651, 1208.42, 547.54
3.45129, 33.7503, 127.043
7.36597, 299.717, 55.8698
3.19593, 268.205, -159.307
5.48978, -3127.11, 273.124
7.12812, 282.339, 547.369
3.91116, -1564.29, 359.183
6.8307, 506.875, -384.313
6.29598, 861.103, -1287.82
6.10793, 183.004, -2.25678
3.34241, 282.673, 10.3955
3.32882, 1413.28, -2610.92
3.39076, 350.379, -105.513
5.87226, 157.267, 28.1141
4.83484, -372.558, 657.508
6.85219, 119.468, 31.4128
5.76023, -590.166, 318.732
5.80464, 1847.91, 1035.56
2.58037, 175.608, 117.63
4.30596, 6014.92, 3390.64
3.72747, 125.534, 1037.35
6.93086, 114.225, -52.715
5.23701, -7646.55, 139.887
6.57209, -509.887, -314.074
5.24453, 407.468, -70.3027
4.16156, 857.301, -335.332
4.40213, -1846.65, -3319.31
2.52389, 2102.71, 420.764
6.95226, 210.259, 39.2078
6.16955, 859.625, 253.667
6.04239, -208.439, 165.824
5.1278, 1990.46, -2872.53
6.41065, 153.433, 173.569
3.42484, 319.399, 133.441
5.72673, 224.255, 58.0893
3.42178, -23.7025, -140.735
3.31214, -1052.05, 693.243
2.65594, 1250.94, 1473.98
7.42716, 82.3483, -54.482
4.04559, 591.972, 135.749
4.11075, -111.504, -8.71577
5.51155, 272.075, -37.4995
2.89107, 5831.04, -1060.65
3.93936, -617.932, -24.5177
5.79307, -113.887, 586.224
7.36348, -41.2525, -64.5051
7.27758, 4163.47, 1669.33
7.42745, 436.316, -128.421
7.30478, 169.775, -67.3935
3.0073, 944.245, 103.293
3.71505, 8.68762, -65.9248
6.91151, 734.647, 83.069
5.28805, 370.796, 9.17012
6.7669, 27.513, 45.9235
7.49145, 227.386, -65.8233
3.99751, -4924.58, 1964.23
6.33157, -8879.23, -2883.32
4.81901, 918.885, -1270.28
6.8168, -200.267, -114.579
6.99018, 188.893, -67.486
7.377, 792.031, -39.4421
2.77405, 671.299, -201.942
6.32605, -226.244, -399.753
5.09219, 1580.01, -2492.93
3.46574, -608.243, 218.263
6.98252, 157.206, -61.5174
6.38492, 187.639, 60.7228
2.75968, 805.151, -1664.06
7.47331, 1629, -2566.17
5.93659, 186.467, -60.0845
5.94854, 1809.6, 1006.19
6.57666, 3048.34, -1451.9
7.05426, -138.543, -44.0913
3.34218, 2705.35, 5233.41
5.24183, 2957.52, -2212.76
6.53351, 124.74, 58.8143
4.17803, 342.533, -97.5052
5.53435, 81.9893, 560.899
6.59602, 1723.71, -2304.03
7.3485, 161.615, 105.847
6.29349, 676.516, 501.467
3.72113, 65.6362, -1181.33
5.80589, 535.203, -137.064
4.21574, 71.0784, -91.0272
7.27146, 213.123, 158.145
2.60828, 3130.09, -3385.63
4.54979, 136.785, -51.4336
2.55789, -4364.62, 3982.49
3.04964, 328.846, 1645.77
5.28259, 276.911, -172.717
4.45466, 273.293, 7.10953
7.20539, 207.674, -173.357
2.55572, -247.146, -18.5395
6.22897, 1123.05, -2660.74
3.84293, 70.6187, -280.82
4.27153, 177.361, 113.923
3.45835, 6472.95, -6611.11
5.14832, 468.214, 207.83
4.39478, -960.207, -5524.99
3.16407, 309.072, 117.476
4.26563, 127.341, -288.638
4.2497, -5210.29, 2691.71
7.41084, -2389.89, -1786.19
5.25961, 453.078, -40.5404
4.99918, -1996.1, -567.128
3.58531, 1510.15, -2221.26
4.37311, -263.907, -850.805
6.78251, 3379.87, 3044.57
6.45578, -3175.42, 6453.28
3.9204, 2981.25, -3784.38
5.07645, -202.127, -36.5438
6.79238, 475.382, -5.12208
7.07844, 144.008, -98.4255
7.48941, -1972.43, -1647.94
6.53177, 172.154, -171.919
5.22718, 241.664, -603.698
7.3461, 874.644, 292.549
5.31931, 1164.87, 417.525
4.03031, -195.85, -469.858
5.41853, 93.5872, 37.6043
2.91197, 140.569, -413.947
5.47382, 310.865, 272.957
3.31968, 2933.22, 5723.61
6.46527, 493.25, 86.9413
2.95373, -398.727, 1647.41
6.3072, 74.0602, -754.138
6.83996, 170.177, 32.9448
6.40105, 216.475, 3.04637
6.61399, -1931.24, -286.5
6.70974, 227.083, 95.2496
4.48328, 365.014, 588.467
6.508, 205.422, -170.892
6.56811, 351.423, 74.5806
5.43493, 437.374, 1018.07
4.64621, 192.949, 705.072
2.5002, -1245.77, 446.964
5.31153, 114.725, -139.433
6.22632, -674.69, 666.574
3.89846, 3479.27, 2093.63
2.93406, -866.568, -4944.06
3.5733, 880.402, 1076.78
3.93296, 805.368, 39.8023
4.86595, 45.9907, -58.6007
6.95893, -1942.02, -1677.88
5.91955, -554.499, 267.422
3.54376, -228.927, -127.109
6.67533, 293.942, 45.8147
7.09218, 270.495, -691.86
4.48244, 517.884, 245.77
6.37858, 1735.87, 80.749
5.68161, 739.094, 266.861
6.64746, -285.068, -140.393
3.40204, 1770.27, 486.369
7.45927, 226.624, -89.2264
6.70558, 118.41, -141.908
4.65177, 347.01, -720.574
4.38589, 221.341, -78.4361
2.70802, 502.301, -605.815
6.80715, -690.175, -1071.44
6.62116, -4543.92, 2723.77
6.25052, 1827.43, 1239.59
3.55801, 118.939, 203.537
4.31029, -434.832, -295.446
4.43545, -228.255, -311.989
7.32918, -3304.54, -2069.09
6.5872, 424.969, 57.0713
4.5755, 2113.82, -320.048
5.83759, -254.496, 551.301
2.52101, -4421.72, 4656.23
6.98048, 340.813, 51.9332
3.68416, -268.169, 1113.68
3.79415, 209.376, 24.1309
5.4939, 1254.4, 171.076
6.89823, 579.625, -131.565
6.16299, 119.907, -199.334
6.0773, 759.066, -301.858
3.57724, 6472.3, -289.066
6.30413, -4396.55, 3464.49
3.85351, -124.179, -402.11
2.75246, 337.936, 78.8577
4.78866, -1904.1, 491.779
2.58759, 18.1715, 202.53
3.01129, 6621.65, -4206.53
2.639, 3182.44, -1917.46
5.65921, 108.729, 185.362
6.34425, 212.343, -142.893
2.74132, 390.288, -22.5404
6.6924, 334.447, 586.639
6.76899, 235.258, -50.1829
6.57649, -233.682, 731.473
6.85188, 471.607, -4635.12
5.27222, 985.754, -319.194
6.12646, 60.2423, 539.753
3.20424, -4779.08, 4087.18
6.6115, 146.638, -22.3033
5.51185, -2848.37, -3157.99
4.93856, 213.158, -671.27
6.14942, 496.532, 294.814
4.05164, -1800.94, 1191.34
3.93925, 182.505, -494.41
5.45857, 2252.46, -2807.69
5.34055, -3283.39, 1752.98
5.41059, 2742.23, 2240.45
2.84132, -481.411, 290.118
4.34304, -1683.56, -541.716
6.28475, -439.943, 122.477
6.35297, 611.866, 3140.24
4.27217, 340.175, 446.488
5.98913, 359.337, -70.7565
5.08005, 1794.54, 1180.35
5.94494, 710.516, 273.736
6.18066, -1719.54, -1329.99
2.56231, -2931.55, -1786.61
7.16549, 131.983, 35.1218
5.37826, -174.483, -286.749
3.05587, 1008.35, 198.74
4.87388, -5.41549, -234.939
3.24247, 1852.85, -1001
4.22594, -9289.34, -2066.57
7.04476, 217.85, -180.814
4.54571, 2947.84, -1443.54
5.96642, 288.285, 27.8248
3.35865, 255.794, -44.2352
6.21715, -5054.25, 1757.48
4.16319, 273.847, 67.7944
4.62157, 35.1062, -40.8192
2.79523, 261.18, -19.4337
5.09005, 84.8857, -113.44
5.94425, 371.048, -221.824
5.01149, 388.002, 178.439
6.56617, 167.384, 154.202
3.07974, 125.452, -483.89
5.24841, 871.903, -440.119
5.06046, 722.487, -48.9429
6.02649, -1943.04, -1671.65
5.65083, 180.064, -216.615
4.0207, 27.1702, -127.736
6.74719, 179.788, -51.4472
3.39619, 1725.27, -2360.83
2.61737, 355.137, 1096.9
4.19467, -20.2125, -129.136
3.43818, -1946.27, -1595.11
6.60467, 145.914, -102.508
6.72507, 121.206, 3214.66
6.78031, -3271.24, 1812.68
7.37454, 93.3914, 136.403
2.99587, 4.89201, 549.901
2.56182, -4177.99, -3116.2
2.58614, 667.347, 718.464
2.64527, -249.139, -344.449
4.1031, -1796.05, -1737.87
6.17815, -3355.53, 1999.74
3.14876, 843.494, 105.74
2.5161, -3144.85, -641.222
6.91905, -858.681, -651.126
3.70482, 75.4751, 150.834
4.38481, 206.955, 1323.48
4.44879, -7.08452, -161.256
2.81534, 3861.97, 1466.05
7.30792, 140.847, -95.0885
3.75349, 405.014, -34.9502
6.85376, 384.848, 103.763
2.85991, 3221.71, -4349.08
2.70653, 4214.06, -2592.75
3.46378, -597.879, 293.452
3.86708, -2185.98, -1967.98
7.4007, 181.304, -112.573
3.60607, 1279.34, -5314.29
6.43119, 1648.33, -2478.92
4.42306, -312.908, 1632.33
3.78593, -3036.25, 3509.23
3.91087, 134.817, 206.06
7.33834, 1236.66, 494.291
4.22841, 222.64, -97.3906
3.45922, -596.241, -789.274
5.05037, -19.1038, 120.422
5.21857, 1183.69, -4746.26
5.72333, 1028.5, -262.077
3.89738, -969.784, 156.532
3.41887, 237.465, -377.862
2.71579, 2297.95, -2668.34
3.98408, -20.2234, 2.04462
4.25548, 878.507, -551.854
7.09372, 131.529, 17.5973
5.81225, 147.689, 560.026
5.08041, -1960.31, -1656.14
4.03763, 232.58, -37.4454
3.0007, 1908.56, 2048.78
3.47502, 118.177, 84.9305
4.11407, 3276.16, 3329.19
5.56182, 53.5941, -236.53
5.13511, 3009.17, -1444.29
3.45653, 126.902, 486.493
4.7178, 5766.75, 3388.92
4.48693, 6647.73, -1296.96
6.28051, 45.2169, -450.255
6.6213, 771.478, -344.355
5.51573, -216.54, 455.383
3.04573, 98.9589, -564.74
4.11797, 2432.78, -723.096
5.03403, 219.235, 48.3105
4.76521, 445.729, -504.323
4.77315, 666.383, 274.401
4.91125, 107.458, 20.6984
5.07896, -4546.33, 789.67
4.50207, -2226.79, -971.565
4.22945, -519.206, -315.652
6.64533, -23.1185, -437.133
3.02204, 2298.63, -1563.39
6.40057, 265.594, 2.34554
3.19919, 933.17, -599.416
2.62171, 4022.4, 4543.18
6.0664, -39.4637, 1183.49
7.15538, 150.337, 99.0965
7.47667, 164.262, -128.453
3.86264, 79.6993, 141.851
3.6923, -1929.22, 179.809
3.87328, -457.494, -3178.13
5.70836, -636.404, -726.757
5.17637, 98.167, -193.04
6.8967, -2909.97, 5126.24
6.75968, -231.468, 23.8046
2.98004, -107.055, -427.406
4.66818, 217.95, -274.317
3.17045, -26.7662, 235.618
5.86802, 235, 41.6895
5.34964, 245.025, -579.522
3.66474, 76.1238, -779.528
5.50306, 1033.38, 267.263
2.6551, 160.435, 127.041
7.08512, 211.362, -103.62
3.82958, 427.9, -709.471
6.50016, 183.092, -86.8581
5.46389, 179.939, -205.273
5.0822, 747.032, 78.6958
5.2567, 2321.97, -1208.52
3.47225, 632.325, -198.26
5.36152, -3036.88, 4.60124
3.81992, -646.154, 7031.09
4.41648, 2885.03, -5943.79
2.73626, -511.224, -311.56
4.22823, 555.142, -90.4492
3.61594, -3098, 7483.7
3.81264, 210.623, -123.77
3.05141, 175.202, -31.9096
7.40088, 160.57, -222.649
5.93794, 717.763, -331.629
5.82158, 437.806, 80.7488
5.99501, 684.4, 215.219
2.68746, 296.886, 21.6245
3.6706, 383.58, -136.881
3.95397, -5805.59, -8734.6
3.50543, 301.159, -196.726
2.7177, -2723.61, 4095.73
2.56571, -1176.22, 99.3214
6.07297, 6171.68, -1946.46
6.88348, 655.742, 131.244
5.35088, 1859.36, -3434.56
6.92743, -3133.64, -3585.51
5.20042, -1650.18, -570.078
3.31357, -1736.21, 136.199
3.30492, -2831.29, -2122.3
7.19182, 63.0764, 173.155
3.45628, 77.28, 579.755
3.15761, -3010.14, -374.802
4.41122, 623.75, -545.936
6.12674, -581.977, 2909.98
2.50651, -6733.24, -468.978
4.60222, 4779.29, -2703.28
5.18984, -711.007, -78.9024
4.86596, -1337.53, -652.059
6.33003, -177.132, -212.437
2.9396, -919.331, -960.882
7.04284, 41.4119, 278.803
3.20818, 6.28935, -478.168
2.54782, 247.337, 536.138
2.82267, 19.7677, 674.538
4.96742, 84.0613, 199.552
5.40914, 144.296, -6.11095
4.03373, 3969.34, -6932.32
4.57091, 325.5, -22.603
4.33401, 1696.3, 1950.39
3.42687, 447.4, -2401.83
2.76788, -2826.27, -2532.07
4.47222, 125.56, 39.0684
3.98388, -1376.07, -1497.99
5.05388, 329.738, -151.711
3.75392, 2375.51, -3828.58
5.01589, -1401.87, 2421.74
2.51168, 148.857, -474.449
7.01807, -5609.84, 2684.27
2.79181, 3419.92, 3571.04
5.17506, 234.101, 3207.99
3.95754, 2784.25, -1111.35
7.3023, 125.562, -16.2972
4.73406, -3323.99, -1258.45
5.08479, 203.259, -49.824
5.93861, 875.489, -725.679
2.72187, 91.7767, -82.5429
7.2946, 3827.1, -2767.9
5.70852, 179.706, 103.803
2.80215, 287.305, -183.097
3.33964, 592.473, 25.2767
5.76491, 259.773, 123.949
6.19864, -500.255, 2444.05
3.57011, 262.044, -621.926
4.31441, 806.464, -1899.97
6.56981, -244.328, 407.283
5.32057, 293.513, 54.5695
7.45886, 303.878, -238.094
6.5669, 196.949, 404.069
3.49157, 3476.44, -4406.44
2.50003, 4.05903, 480.369
4.62608, -3463.24, 4105.49
4.07406, 1837.27, 1136.73
5.56218, -3633.81, 609.24
3.83351, 312.236, -102.728
4.39881, 1586.41, 412.718
5.43397, 207.011, 15.3845
5.95636, -2167.46, 60.1476
7.26736, 231.457, 31.4928
4.89785, 129.414, 838.398
3.60319, 404.956, 842.812
5.33741, 902.656, 686.349
6.09873, -176.79, -98.2276
4.4953, 1824.97, 99.2125
3.48326, 113.511, 235.082
6.66971, 544.84, -137.608
5.59561, 63.9494, -53.3611
7.26866, -252.727, 182.776
3.23222, -556.684, 497.024
5.38953, -327.28, -231.672
7.26796, 174.34, -5.45581
3.62331, -5682.18, 2820.12
7.25137, 133.039, 69.5293
3.07874, 977.307, -416.306
2.58372, 170.061, -100.153
3.90465, -7.87919, 18.9555
7.15042, 244.134, -437.155
3.04796, -428.885, -273.607
6.77266, 223.833, 49.1988
5.68532, 140.854, 20.7112
5.63853, 211.488, -12.5839
3.80589, -681.134, 1353.89
5.13936, -930.296, 215.5
7.16608, 2168.98, 902.581
3.98055, -1200.03, 44.1772
4.78006, 300.902, -84.905
6.35659, -1117.44, 4734.66
4.17193, -2030.14, -3297.24
6.31775, 567.981, 346.311
6.65892, -2231.38, 2551.1
2.64618, 2458.84, -1594.28
4.31315, -41.9389, -1046.05
4.16221, 334.337, 177.981
3.17675, 1977.17, 2079.1
3.00839, 1306.88, -4031.1
5.11327, 109.931, -300.12
3.52046, 892.232, -324.805
5.00728, 39.8488, -533.001
5.1371, -5006.82, 3383.07
4.13422, 389.884, 150.661
4.75888, 324.825, 49.5379
6.85263, -449.08, 266.328
4.72884, 488.41, -76.6212
6.03726, 408.892, 103.005
6.83171, -1804.73, 351.965
6.5822, 532.632, -735.248
2.67504, -3881.98, -1510.64
3.8644, -899.545, 2085.24
5.21858, -1486.98, 991.792
3.19942, 4485.97, -701.593
5.57408, 146.841, 113.786
3.29182, 799.292, -413.137
4.41129, 688.955, 423.832
5.94997, -723.518, -307.998
3.21128, 3936.29, 15.5401
5.65284, 359.255, -134.422
3.15973, -3341.06, -1593.07
7.13583, 122.616, 28.9292
5.53465, 5490.47, -8378.32
5.50388, 629.178, 773.559
3.33635, 1125.73, -215.896
3.301, -1620, 2166.79
5.91628, 183.432, -253.443
5.1456, -228.876, 640.927
3.65264, -1993.24, 1102.78
6.55373, 389.807, -67.5695
5.76477, 455.665, 172.317
4.08597, -120.005, 750.407
2.53953, 163.84, -277.216
3.49176, 681.144, -21.7064
3.78831, 70.1715, 265.884
3.03825, 301.818, -1253.66
3.49545, -2.98147, -733.761
6.75079, -5854.58, 3091.66
6.63912, 232.008, 616.716
6.76813, 484.827, -1.84583
5.71027, 177.201, -187.808
3.6787, -2922.84, 3029.2
6.80638, 136.946, -25.5884
5.4745, 102.337, 179.588
2.52745, -1775.06, -1299.71
6.84925, -255.966, -787.794
7.37729, 66.5233, 53.3154
5.59653, -1941.22, -1680.87
3.85574, -176.06, -467.541
7.46973, 261.504, -37.0513
4.60751, -879.896, -703.314
4.20537, 494.303, -12.6126
4.80717, 215.025, 73.3453
4.44822, -1073.42, -2964.63
4.613, -4830.2, -903.136
2.84879, 36.5337, 558.897
5.5153, 3.54626, 63.3368
7.36114, 132.573, -139.681
5.07406, 128.431, 105.165
7.45461, 245.663, 43.8772
5.84906, -2663.76, -6191.47
4.01716, 362.089, 273.858
3.47371, 759.703, -299.132
4.0109, -1213.04, -56.7248
4.93946, -235.527, -141.259
4.72438, 866.113, 116.872
5.7844, -432.118, 204.538
3.74227, 6015.87, 3390.52
4.72007, -1286.64, -1025.12
5.75894, 108.296, -97.2685
6.67472, 92.5808, 82.1307
6.03698, 76.3606, 921.246
4.93928, -62.7497, -1024.91
6.72039, 755.801, 75.102
7.00296, 849.032, -696.722
6.33082, 359.918, -37.2386
5.29453, 705.107, 1200.92
2.70603, -716.93, 524.086
5.46749, 235.036, -149.767
2.68674, -38.7583, -3945.37
4.53488, -1207.96, 1216.1
2.84243, -47.3096, -560.969
7.38558, 211.033, -255.928
2.5956, 1912.32, 3131.75
6.60363, 93.6945, 60.7179
5.2195, 3936.08, -3362.23
5.72828, -95.9867, 407.058
3.62934, -194.658, 200.014
2.733, 665.299, 3297.17
3.63154, 366.086, -251.441
4.58371, -122.031, -2640.63
6.40126, -299.24, -193.472
3.72852, 1727.46, -2306.1
4.81411, -113.269, -318.502
6.14756, -1208.21, -596.822
5.35237, 5572.6, -762.292
5.45997, 685.885, 224.368
4.98425, -1066.43, -62.1591
3.951, 247.169, 208.423
4.71107, 235.304, -171.123
2.53669, -3205.23, 7062.76
7.41683, 119.432, -110.427
2.52822, 181.141, -177.837
4.8676, 2089.15, 629.144
5.86497, 3813.54, 6534.64
