6.27803, -1750.24, 929.905
3.5948, 216.447, 1225.13
5.89648, 915.907, -370.783
5.09708, 171.075, 139.844
2.76731, 2973.9, -3116.07
2.53849, -516.606, 520.87
4.58743, 4185.57, 2444.04
7.15218, 291.963, 10.8259
2.95982, -419.663, 764.316
6.00595, 724.201, 481.101
3.81226, 281.342, 213.001
4.14117, -48.9443, -324.893
7.45519, -380.63, -314.797
7.41275, 206.221, 0.811963
5.75759, 767.719, 231.457
6.92354, 118.209, -6.7091
6.33247, 160.694, 27.8862
3.87453, -1417.44, -256.147
4.93259, -734.611, -603.088
2.80282, -3719.18, 760.991
5.08146, -74.6364, -14.8906
4.96988, -2697.59, 913.438
7.23882, -13.1259, 273.026
4.42071, 162.477, 20.2835
5.14874, -2145.39, 637.003
2.75042, -306.005, 2721.85
6.63909, 135.675, -39.6424
5.94228, -689.213, -331.545
6.18112, -253.556, -255.28
6.94286, -2114.17, -2005.55
4.25508, 167.982, 77.8555
6.72991, -56.9787, -227.341
3.84659, -109.249, -325.428
4.83959, 476.282, -274.077
3.2686, -115.841, 298.188
2.66527, 384.249, 248.477
7.2768, -1189.89, -841.858
6.95369, 81.0465, -69.3173
3.29884, -1078.37, 134.347
3.15214, -592.749, -119.721
2.515, 1753.44, -268.735
6.0491, 69.1026, -210.345
3.40448, 1219.44, 89.1821
5.76029, 208.706, -270.835
4.42907, 405.723, 441.348
3.23766, 907.179, 1197.79
5.45054, 135.748, 316.419
3.24076, 1732.21, -878.599
3.2091, -1490.76, -1033.1
4.94257, 394.931, 122.836
3.13015, -896.085, -257.504
5.64635, -639.652, 218.683
5.60817, 100.533, -8.01176
4.88216, 1916.93, -2654.08
2.64188, 589.511, 822.679
3.21011, 2371.14, -449.137
3.15594, 398.863, 195.525
3.31099, 1036.69, -1528.56
3.76529, -537.405, 27.298
4.77654, -2752.82, 1435.78
6.54472, 44.2964, -16.7096
3.57624, -139.91, -240.611
3.75063, 384.991, 294.633
5.02978, -31.2293, -104.348
6.27922, 137.973, -156.564
5.66369, -895.636, -2002.33
5.9449, -1592.65, -1046.61
7.27207, -569.86, -129.032
5.18713, 2677.26, -1368.52
4.57014, 123.91, 224.056
4.70019, 109.165, -11.4823
6.07821, -1212.04, -1417.63
6.20858, -1465.25, -1326.33
5.12494, -1915.33, 1644.87
6.06711, 210.126, -21.9468
5.91025, 275.748, -41.2256
6.82941, 1378.97, -1036.6
3.19597, 823.157, 1060.79
3.57766, -361.949, -72.4881
5.0733, 354.222, 843.643
4.83766, 245.765, -0.44321
3.55759, 1884.18, -2014.6
5.65244, 705.339, -434.569
2.5044, 1581.39, -2240.38
4.09589, -334.026, -2032.67
5.90281, 122.895, 47.7317
6.0446, 441.686, -2.07946
2.90869, 537.032, 528.171
3.56926, -633.299, -89.4167
4.44412, 132.001, 11.5561
4.44927, -2332.96, -847.599
3.92018, -229.148, -154.884
4.6123, 167.837, 32.406
2.55658, -58.4018, -38.3079
3.72027, -2811.01, 1481.23
4.49072, -929.602, -2144.24
6.64177, -266.646, -208.155
3.78584, -507.467, 691.86
3.59705, -1047.49, -192.962
6.47385, 101.912, -9.59431
5.8476, -632.796, 83.195
5.49108, 155.881, 72.1308
5.99917, 1687.63, 950.78
5.13062, -132.028, -170.229
4.14833, 127.147, -49.3195
3.30844, 2831.05, 473
6.56633, 29.0353, -144.192
4.08004, 685.199, 551.846
4.05369, -245.857, 36.7846
4.65424, 81.3729, 80.9362
4.46509, -200.691, 152.164
4.43916, -33.9516, 182.896
4.34871, -167.356, 527.353
5.88118, -109.253, -418.806
6.10384, 772.953, -183.717
7.20082, -1552.15, 366.355
5.08573, 114.026, -134.992
5.5282, 723.678, 491.355
5.85049, 1033.5, -1534.07
5.11404, 130.574, 137.196
3.87105, 154.156, -516.111
7.08924, 101.782, -9.40188
3.73367, 223.14, -0.413638
4.77876, -59.2935, 855.356
3.30374, 311.77, 294.819
4.68319, 161.009, 121.112
7.45767, 120.077, 141.944
6.26931, 1909.91, -2087.92
4.97846, 104, -86.0761
7.01651, 114.196, 87.3145
4.68213, -528.524, -39.1844
5.09239, 1353.04, -1145.77
4.44866, -1175.92, -1702.27
5.63431, 75.4425, 39.2161
5.19331, 215.144, -95.3203
4.35955, -138.869, 91.5321
2.54674, 153.934, 407.775
6.3794, -86.229, -83.4547
2.85317, 184.895, 37.8359
3.98511, 97.8784, 570.775
4.78581, -200.173, -227.659
3.25156, 177.966, -51.36
5.97819, 55.9135, 388.255
4.15587, 191.813, 41.1982
5.21197, -1709.06, 3000.75
2.64678, -1988, -915.78
5.38086, 146.708, -428.872
5.18133, -159.8, 54.3525
7.36678, -708.42, 339.002
5.57063, 143.548, -13.7442
5.26431, 1427.57, -2288.46
6.69051, 791.484, 465.263
3.75764, 92.9305, 389.232
6.98957, 155.656, 25.4317
5.97428, -204.238, 95.9649
5.82752, 20.3535, 1537.57
3.06838, 17.4742, -185.016
3.37987, -412.93, -718.736
2.91253, -631.686, 1208.05
6.68103, 19.4027, 608.484
2.64818, -252.386, 1606.19
6.34719, -38.734, 20.1781
4.29829, 249.221, -2034.68
6.24626, 944.819, -104.248
6.28385, 185.641, 79.8007
3.60834, 1751, -518.433
5.58305, 275.66, 36.1635
3.66846, -564.667, 24.1214
6.22052, 69.8638, -1988.99
5.80997, -277.787, -434.562
4.9209, -1716.96, 3103.27
2.58972, 71.1553, -266.69
4.98291, 117.153, 98.5359
5.09587, 120.074, -49.6412
4.71395, 706.801, 1887.64
4.14528, -1537.77, 590.829
3.52671, 24.7809, 169.532
7.19863, -204.162, 1188.62
2.85168, 1028.8, 1598.07
3.30042, -93.0914, 156.031
6.70788, 242.536, -593.915
4.13614, 3.2097, -228.384
6.85942, 870.292, 326.318
5.99896, 110.009, -74.2723
5.52801, 234.467, 57.6135
4.77536, 162.505, 599.273
2.91543, 1012.89, 537.523
3.94883, -1853.94, -844.095
6.51009, 196.109, 5.9334
6.81821, 405.575, 743.686
3.81831, -2543.2, 199.461
4.79881, -506.461, 44.2662
4.95672, 168.419, -18.6771
5.82344, 943.243, -1569.54
7.31738, 109.127, -54.6481
7.23022, 312.856, 61.3121
2.81902, 1009.9, -538.735
5.04829, -680.982, -185.227
6.13222, 4.2672, -24.1637
5.65882, 141.096, -67.3264
3.26658, -32.4431, 175.74
5.09652, 707.481, 1891.9
3.52281, 3055.67, -1011.4
6.03231, -201.052, 94.83
6.05786, -529.522, 3228.45
3.66304, 211.832, -411.744
6.80594, 509.07, 9.55034
2.67122, -864.941, -224.25
6.26587, 173.834, -69.5758
4.14789, -23.8632, -151.01
4.65309, 2694.61, -554.202
7.33455, -48.2489, -299.652
4.05803, -1185.99, -1042.74
5.69762, -3198.27, 39.6288
5.95386, 195.203, 67.1507
5.36403, 354.644, -402.938
6.60667, -1722.87, 2997.64
4.21807, -2001.12, 933.64
5.09387, 64.5811, -520.21
6.78438, 756.781, -156.034
6.18587, 758.815, 915.399
3.45992, -321.343, -31.1233
2.83145, 184.921, -60.2485
3.60828, -2360.43, 1489.7
3.33656, 110.716, 5.88625
6.31172, 164.348, 46.6721
5.44905, 874.429, -1448.08
4.65223, -3311.5, -352.605
7.09618, 1428.38, -269.063
5.09668, -113.803, -696.448
7.38058, 195.108, -102.988
5.15714, -1.25848, -234.199
2.98716, -717.358, 1116.03
5.83983, 163.796, 56.8038
5.44444, -507.172, 1703.97
5.01137, 105.624, -64.9039
2.75808, 947.413, 633.815
2.6753, 584.6, -575.032
4.41484, 49.0695, 28.8059
5.55555, -1434.85, -1826.5
5.06574, -3316.04, -350.252
5.98498, 98.8073, -286.162
4.89891, 6.78176, 174.556
3.88323, -3223.8, 73.3493
6.01685, -125.251, 1878.59
3.67701, 130.226, 185.361
6.41501, 100.112, -127.495
6.60589, 1205.46, -109.494
3.21842, 1940.22, 1895.59
5.75757, 617.852, -480.373
3.87677, 24.9412, -749.555
7.26215, 1366.18, -899.465
4.58238, 188.521, 104.668
3.03869, -406.096, -391.478
4.70633, 131.073, -28.0971
6.28811, 89.1818, -31.0688
2.77803, 739.755, 451.641
3.51241, 253.624, -61.1961
6.82305, 302.825, -251.001
6.52456, -61.7305, 42.6705
2.78861, 408.264, 1445.48
4.40304, -56.0094, 147.113
4.56124, -304.498, -423.689
2.80071, 463.257, -24.8726
7.09746, -979.473, -906.706
3.35398, -204.456, -59.2629
6.51634, -11.2827, -46.0279
3.88599, 118.86, -104.981
4.44586, 48.4321, 12.2726
7.19936, -1343.86, 312.566
6.24573, 54.7635, 1845.5
3.44774, 1983.13, -2260.35
6.89581, -65.7769, -126.934
6.8953, -107.508, 23.5805
3.30515, 192.493, 177.625
5.87346, 759.781, 126.18
6.89096, 299.52, 12.7245
6.98262, -604.131, 2182.33
3.06535, 177.459, 47.8024
5.93789, 42.9926, -90.1562
3.21651, 381.694, 296.72
3.6901, 796.936, -178.51
5.64383, 1722.85, -1178.47
4.312, -45.5096, -115.426
4.64437, -1282.26, -1178.87
4.91936, 1072.91, -1143.64
6.20379, 130.42, -86.3171
3.23098, 389.039, -517.319
7.36238, 258.65, -144.11
7.3158, -128.707, 15.5797
3.14741, 1540.91, -1139.18
5.3784, 405.066, -33.7332
4.66439, 407.806, -226.157
5.50066, 132.478, 19.6335
5.85098, 90.9365, -65.9112
4.5137, -1943.42, -625.848
6.46691, -1225.91, -1073.58
4.89889, -1970.25, 1222.97
5.72449, -746.612, 643.922
4.28836, 3048.03, -537.143
5.96794, 126.78, -81.5037
5.83428, -230.904, -502.104
3.22071, 712.877, -420.714
7.10415, 84.4439, -129.899
4.22228, 809.24, 2319.57
6.66824, 179.784, 5.35058
2.74349, 528.475, 259.63
3.27936, 785.175, -1151.05
2.55765, 305.564, 89.3623
3.94327, -0.761984, 87.5984
5.07295, 17.6574, 19.0595
3.65948, 497.461, -2189.54
2.75022, 22.2462, 518.945
5.33091, 57.1198, 16.8011
6.69774, -150.987, -293.133
4.28763, 114.953, 2.14482
4.3452, 20.3546, 146.054
7.22226, 120.37, -34.1057
4.72425, -1272.4, 352.969
6.82086, 157.664, 163.774
5.82654, -66.0566, 272.352
5.79297, -255.588, 297.778
7.10736, 1723.32, -1290.06
5.11536, -1905.55, 1644.46
5.45229, -76.209, -506.049
5.79944, -284.035, -1790.31
4.24765, -1318.19, 772.109
4.11714, 540.272, -427.618
7.08984, -33.5271, -66.2088
3.08619, -2631.74, 923.349
7.31268, 20.1529, 95.2769
5.17978, 129.678, -138.316
5.81447, 353.705, -41.9569
5.48362, -2736.22, 1242.97
6.93363, -485.768, -698.275
6.67999, 118.529, 22.1745
6.69339, -34.0848, -135.184
6.85642, -118.527, 176.786
2.5002, 59.9897, 1522.94
4.77274, -186.978, -784.892
4.25696, 1500.46, -11.1404
5.80713, 2608.76, -2154.71
6.22234, 233.422, -236.048
3.3821, -651.991, -2465.02
7.4621, -928.636, 1193.33
5.95466, -345.797, 199.745
6.97862, -54.342, -274.887
3.51579, -1043.26, -248.985
7.2356, -272.362, 558.461
4.88476, -2594, 1352.95
6.78578, -2357.23, 1487.03
6.41237, 89.0284, 142.67
5.70687, -1873.1, 1789.99
3.14521, -55.4139, 901.068
5.77944, -17.2076, 219.293
3.09199, -52.8794, -164.529
3.88793, 1801.19, 329.71
6.65548, 287.899, 1757.64
6.14153, 2151.39, 2744.45
6.74348, 2385.84, -1778.39
3.43989, -620.399, -698.683
6.09602, 338.312, 331.813
4.25586, -49.417, 620.322
3.34555, 400.495, 666.045
4.52383, -2489.85, 341.292
4.20924, -119.534, -10.3194
6.67141, 247.156, 274.525
3.9111, -1878.98, -3045.43
5.16766, 1839.28, 1177.18
6.25085, 416.238, -686.346
4.62554, 197.784, -132.838
4.66964, 1329.9, -47.0693
3.03022, -2131.31, -1199.58
6.4639, -445.36, -321.923
3.91232, 209.025, 26.7255
7.14264, 2162.15, 3001.73
5.37926, 82.502, -19.2962
3.4895, 572.037, -371.736
5.99081, -374.21, -303.381
3.07265, -657.285, -502.255
4.22945, 361.591, 820.252
4.15646, 307.237, -110.245
6.42735, -2761.4, 1234.55
6.65775, 158.452, -16.3367
4.21712, 1037.87, -485.675
4.2603, 330.78, 160.658
6.38197, -72.4874, -245.975
6.58658, 425.267, 72.4954
4.26157, 89.5052, -120.246
7.09559, 99.9121, -36.5984
3.2877, 675.916, 655.081
5.56029, 866.987, -434.177
5.54222, 214.436, -6.9966
3.16647, 1620.39, 1829.89
3.51409, 1948.15, 2753.48
4.79457, 387.415, -125.298
3.48759, -713.971, 977.977
6.77118, 175.466, 85.7667
6.54562, -537.644, -552.165
2.80131, 1334.7, -1163.6
6.50584, 917.236, -2620.66
5.49597, -53.1079, -174.658
7.43182, 53.9782, -33.4912
2.65919, -1009.29, 238.876
6.8356, -1732.63, 2126.9
3.69109, 398.759, 301.122
3.6127, -63.7116, 84.2423
4.73907, 3394.57, 1575.94
2.61231, -14.7308, 74.3826
6.79755, 69.4511, -90.9766
4.15902, 420.372, -2563.99
5.72195, -44.5517, 113.318
7.43521, -324.348, -61.7862
5.30162, 63.6063, 200.54
4.74553, 258.925, -71.7018
5.213, -140.889, 131.141
2.90797, 380.862, -49.2605
3.99606, 1270.07, 1625.18
6.63964, -2168.27, -440.563
6.48936, -2112.81, 787.757
5.71048, 426.251, 8.28943
4.84105, 93.6688, 133.914
7.15326, 522.382, 1514.11
5.08798, -593.866, -42.0433
7.42924, -2263.38, 1456.83
5.94567, 141.327, -253.353
6.19966, 36.7719, -52.8747
3.46323, 1129.05, 928.271
6.08881, 1660.33, -1159.91
6.11146, 846.222, 594.104
6.49298, 411.396, -233.147
4.23216, -2643.73, 254.371
5.1481, 252.413, -0.841927
3.19001, 822.139, -822.717
6.73218, 93.601, 71.9404
6.32766, -603.593, -243.437
7.5, -2753.84, 1219.93
4.24891, -3741.32, -1316.66
5.50367, 1127.48, 26.8831
3.50808, -184.202, 2101.85
6.2385, -2005.86, 287.895
6.49225, 149.058, -97.6758
3.03505, 205.4, -428.078
5.35813, 71.6595, -83.9686
2.84683, -2823.16, 974.926
4.16036, -89.4255, -11.6982
5.80945, 109.697, 18.6058
5.27726, 347.455, 2184.91
7.12415, 154.955, 121.146
2.69832, 243.64, 1537.52
2.62083, 958.4, 1030.22
4.61923, -61.223, -206.392
4.36987, -308.312, -337.193
2.93303, 1801.33, 1685.37
3.05403, 54.0127, 137.002
5.31992, -2444.37, 113.974
7.37269, -14.1341, -8.47468
3.05066, -15.0543, -2220.84
5.99352, -1727.09, -1942.05
2.79674, 312.489, 1174.96
4.69755, 362.235, 29.423
5.24651, -359.679, -288.746
3.45129, 73.4192, 41.453
7.36597, -190.842, 236.267
3.19593, -21.9845, 181.643
5.48978, -1788.97, 306.72
7.12812, 250.125, -748.62
3.91116, 467.186, 72.583
6.8307, 118.84, 500.124
6.29598, 846.653, -1074.67
6.10793, -188.953, -121.601
3.34241, 51.4876, -74.3705
3.32882, 241.152, -1402.38
3.39076, -18.5321, 9.36449
5.87226, 190.354, 80.4066
4.83484, -21.0977, -175.175
6.85219, -34.6813, -153.33
5.76023, 327.089, 77.2622
5.80464, 357.677, -35.7452
2.58037, 111.46, 266.458
4.30596, 2952.7, 1760.7
3.72747, 162.748, -388.34
6.93086, 682.634, 958.311
5.23701, -3692.06, 54.3055
6.57209, 272.158, 216.541
5.24453, -836.503, -291.809
4.16156, -357.416, 32.3504
4.40213, -1067.59, -1850.98
2.52389, -271.047, -118.123
6.95226, 77.1923, 1.13485
6.16955, -276.694, -109.681
6.04239, -178.358, -46.6136
5.1278, 1299.83, -1504.91
6.41065, 225.109, -499.068
3.42484, 0.744994, -13.1312
5.72673, 204.083, 0.825465
3.42178, 4.84493, 93.095
3.31214, -1130.67, 483.894
2.65594, 1147.65, 716.637
7.42716, 116.028, 47.8917
4.04559, 237.74, -86.7601
4.11075, 191.386, 35.8252
5.51155, 122.076, -10.7628
2.89107, 2704.21, -315.918
3.93936, -201.948, -159.86
5.79307, 571.571, -896.776
7.36348, -190.41, 92.3178
7.27758, 2102.33, 775.509
7.42745, 266.682, 57.6695
7.30478, -4.09482, -33.8876
3.0073, -14.0212, -129.116
3.71505, 599.397, -370.853
6.91151, -367.329, 59.0612
5.28805, 125.478, -30.5399
6.7669, 175.73, 86.1619
7.49145, 823.899, -234.795
3.99751, -2300.59, 1209.44
6.33157, -4139.76, -1420
4.81901, -498.07, 296.968
6.8168, -80.5894, -59.8032
6.99018, 163.089, -58.6791
7.377, -283.556, -214.917
2.77405, -306.192, -30.7996
6.32605, -149.328, -82.8558
5.09219, 1094.91, -1604.98
3.46574, 346.284, 409.773
6.98252, -5.38112, 68.7571
6.38492, -153.976, 175.401
2.75968, -159.594, 264.394
7.47331, 1102.69, -1528.4
5.93659, 198.867, -403.654
5.94854, 338.825, -22.799
6.57666, 1721.24, -759.374
7.05426, -198.619, 118.082
3.34218, 1205.02, 2696.38
5.24183, 1735.63, -1117.17
6.53351, 137.688, -25.4527
4.17803, 431.05, 562.363
5.53435, -198.904, -669.539
6.59602, 777.355, -1488.81
7.3485, 509.745, -35.1769
6.29349, 139.092, 482.15
3.72113, -114.773, 2.62973
5.80589, 161.029, -12.3197
4.21574, 987.413, 378.466
7.27146, 142.69, -189.518
2.60828, 1358.72, -1909.63
4.54979, 908.657, -352.168
2.55789, -1593.37, 2004.44
3.04964, -40.3684, -157.032
5.28259, 722.29, -1006.08
4.45466, 67.2747, -86.5561
7.20539, 97.2614, 7.31277
2.55572, -201.118, 528.469
6.22897, 83.2185, 109.578
3.84293, -229.194, -364.199
4.27153, -91.9822, 34.9322
3.45835, 3013.83, -3152.27
5.14832, -95.1473, -231.647
4.39478, -514.407, -2690.96
3.16407, -96.1097, 60.6258
4.26563, -337.795, -323.745
4.2497, -2706.2, 1367.47
7.41084, -1595.75, -1052.16
5.25961, 221.149, 73.2075
4.99918, -1541.29, -422.812
3.58531, 958.877, -1605.08
4.37311, 513.491, -74.3444
6.78251, 1549.57, 1333.11
6.45578, -1486.94, 2913.15
3.9204, 1663.56, -1919.5
5.07645, 940.468, -487.302
6.79238, 106.108, 133.701
7.07844, -1.09333, 138.956
7.48941, -1220.9, -1077.78
6.53177, -641.229, -350.072
5.22718, 465.786, 456.711
7.3461, -206.265, -217.887
5.31931, 555.294, -228.651
4.03031, 631.39, -887.438
5.41853, 535.784, -228.799
2.91197, -202.702, 490.236
5.47382, -166.305, 93.9231
3.31968, 1434.06, 2543.42
6.46527, -60.3055, -545.231
2.95373, -706.378, 925.432
6.3072, 120.247, -209.046
6.83996, 118.203, 28.1088
6.40105, 39.6826, -502.755
6.61399, -1437.14, -371.689
6.70974, 130.886, 81.8854
4.48328, 680.302, 533.792
6.508, -55.1092, 28.8224
6.56811, 191.313, 8.01413
5.43493, 627.517, 1233.97
4.64621, 200.204, -93.0004
2.5002, 386.946, -401.78
5.31153, 91.4815, -105.611
6.22632, 46.5234, 121.18
3.89846, 1936.28, 1047.2
2.93406, -352.129, -2622.64
3.5733, -406.8, -410.589
3.93296, -286.052, 25.3579
4.86595, 321.49, 81.5743
6.95893, -1207.75, -1106.04
5.91955, -433.296, 109.692
3.54376, 76.678, 77.8513
6.67533, 28.4499, -103.722
7.09218, 207.637, 50.0528
4.48244, 431.627, -318.46
6.37858, 1109.01, 494.688
5.68161, 345.711, 185.88
6.64746, 144.606, -453.75
3.40204, -494.439, -365.317
7.45927, 174.587, 34.5951
6.70558, 504.576, -465.127
4.65177, 48.2244, 634.922
4.38589, 23.8076, 38.5954
2.70802, 142.669, 154.988
6.80715, 196.452, 52.0097
6.62116, -2214.22, 1565.8
6.25052, 837.724, 1098.38
3.55801, -83.0186, 178.232
4.31029, 84.8809, 74.484
4.43545, -84.1555, -236.037
7.32918, -1910.41, -1245.26
6.5872, -194.07, -344.521
4.5755, -641.102, 117.111
5.83759, 68.9141, -171.572
2.52101, -2279.91, 2115.07
6.98048, -77.5733, -143.295
3.68416, 696.61, 163.527
3.79415, 189.314, 12.8739
5.4939, -317.028, -154.646
6.89823, -943.318, 76.3472
6.16299, 38.3657, 11.1504
6.0773, -806.644, -314.433
3.57724, 3210.88, -154.594
6.30413, -2325.12, 1773.74
3.85351, 26.1344, -145.32
2.75246, 537.516, 233.823
4.78866, -618.949, 404.122
2.58759, -94.6476, 119.671
3.01129, 2982.75, -1994.98
2.639, 19.9302, 90.5814
5.65921, 45.5715, -287.492
6.34425, 217.443, -2.14833
2.74132, -535.582, -480.134
6.6924, 524.112, 571.733
6.76899, 271.78, -64.2597
6.57649, 522.593, -457.357
6.85188, 57.8377, -2305.66
5.27222, 358.688, -75.5953
6.12646, 12.6055, 1151.34
3.20424, -2525.14, 1860.95
6.6115, -9.25889, -262.693
5.51185, -1431.35, -1831.18
4.93856, -50.7158, -74.5383
6.14942, -249.353, -227.757
4.05164, -1314.61, 751.086
3.93925, -127.043, 228.333
5.45857, 1377.83, -1677.68
5.34055, -1836.8, 923.289
5.41059, 1804.06, 1174.27
2.84132, 370.286, -666.575
4.34304, -1343.87, 183.034
6.28475, -14.2452, -356.137
6.35297, 798.609, 1747.73
4.27217, 118.643, -204.025
5.98913, 144.213, -18.4292
5.08005, 1407.22, 812.19
5.94494, 156.055, -101.045
6.18066, -1380.02, -978.949
2.56231, -1589.27, -1321.92
7.16549, -49.5712, 37.4047
5.37826, 165.351, -63.788
3.05587, -592.803, 309.184
4.87388, 119.309, -65.6497
3.24247, 845.433, 328.464
4.22594, -4452.57, -1035.64
7.04476, 194.935, 76.9063
4.54571, 1737.69, -751.009
5.96642, 86.6496, 33.4198
3.35865, 179.425, -118.316
6.21715, -2364.86, 913.724
4.16319, -34.9964, -70.0357
4.62157, 123.558, -25.5529
2.79523, -3.81684, 77.1944
5.09005, 27.3642, -186.522
5.94425, 184.049, -458.502
5.01149, -27.2917, -357.321
6.56617, 109.617, -38.8649
3.07974, 82.7733, 216.21
5.24841, 935.364, 418.487
5.06046, 26.3524, 181.555
6.02649, -1264.18, -1082.19
5.65083, 226.088, 44.1892
4.0207, 448.525, 322.431
6.74719, 151.814, -6.96448
3.39619, 796.716, -1428.12
2.61737, 139.01, -222.034
4.19467, -150.601, -22.6329
3.43818, -1226.31, -1007.33
6.60467, -107.71, 115.702
6.72507, 53.366, 1941.26
6.78031, -1760.12, 1113.77
7.37454, -173.082, 126.302
2.99587, -88.1847, -75.2695
2.56182, -1930.65, -1589.51
2.58614, 80.3581, -779.627
2.64527, 260.307, 6.71432
4.1031, -1289.73, -1331.05
6.17815, -1707.27, 930.081
3.14876, -260.414, -344.18
2.5161, -799.12, -103.46
6.91905, -75.0524, -96.8062
3.70482, 576.048, -205.948
4.38481, -210.642, -278.708
4.44879, 86.6422, 22.6503
2.81534, 1861.42, 727.737
7.30792, 133.356, 9.47157
3.75349, 377.443, -487.626
6.85376, 92.1586, 74.7866
2.85991, 1441.03, -2027.84
2.70653, 1603.63, -1359.26
3.46378, 69.819, 53.7342
3.86708, -940.465, -1465.25
7.4007, 174.934, 74.295
3.60607, 585.801, -2658.51
6.43119, 1039.53, -1533.79
4.42306, -101.447, -260.164
3.78593, -1660.62, 1743.73
3.91087, -212.302, -21.442
7.33834, -35.3571, 319.861
4.22841, 313.14, 348.114
3.45922, 463.853, -183.332
5.05037, -176.087, 153.126
5.21857, 651.376, -2391.35
5.72333, -145.733, -75.4973
3.89738, 751.43, -398.764
3.41887, -481.914, -245.213
2.71579, 1379.5, -1695.9
3.98408, 192.404, -421.955
4.25548, 1188.7, -266.472
7.09372, -129.9, 123.788
5.81225, 138.269, 82.6589
5.08041, -1170.87, -1122.27
4.03763, 330.899, -132.156
3.0007, 1216.4, 1251
3.47502, 145.696, -32.8315
4.11407, 1653.53, 1892.88
5.56182, -142.964, -77.163
5.13511, 789.295, -515.538
3.45653, -451.868, 1063.24
4.7178, 2905.37, 1643.05
4.48693, 3290.66, -641.222
6.28051, -71.0854, -190.56
6.6213, -350.298, -94.1697
5.51573, -159.227, -910.966
3.04573, 78.1567, 60.4151
4.11797, 1565.15, -295.97
5.03403, 177.496, -1.63155
4.76521, 327.707, 924.264
4.77315, 224.85, 285.885
4.91125, 324.108, 91.8461
5.07896, -2478.37, 459.484
4.50207, -1267.91, -1121.44
4.22945, 327.499, 88.8124
6.64533, -14.4596, 543.617
3.02204, 1601.96, -513.793
6.40057, -182.477, -101.921
3.19919, -12.9139, -182.85
2.62171, 1958.04, 2312.43
6.0664, -186.323, 695.922
7.15538, 109.818, -136.544
7.47667, 272.916, 228.229
3.86264, 192.032, -187.449
3.6923, -1155.69, 592.769
3.87328, -188.383, -1697.41
5.70836, -90.8701, -239.024
5.17637, 178.403, 8.79736
6.8967, -1546.32, 2563.85
6.75968, -7.73492, -268.739
2.98004, -50.688, 746.297
4.66818, 296.797, 7.53384
3.17045, 225.466, 80.7789
5.86802, 119.9, 94.2017
5.34964, 223.769, 171.539
3.66474, 144.929, -1158.09
5.50306, 265.163, 178.198
2.6551, 608.545, -221.452
7.08512, 158.517, 120.934
3.82958, 669.956, 450.075
6.50016, 117.849, -120.681
5.46389, 51.5787, -114.433
5.0822, 190.551, 23.8338
5.2567, -64.4325, 73.299
3.47225, 165.804, 106.739
5.36152, -1582.32, -350.748
3.81992, -372.404, 3114.14
4.41648, 1304.95, -2855.18
2.73626, 257.831, 197.562
4.22823, -86.7491, -113.822
3.61594, -1668.58, 3682.09
3.81264, 147.949, -166.297
3.05141, -22.8364, -120.679
7.40088, 116.888, 118.44
5.93794, -800.637, -312.912
5.82158, 289.629, -195.114
5.99501, 15.3452, 130.301
2.68746, 154.021, 24.4423
3.6706, 209.807, -136.396
3.95397, -2674.54, -4037.92
3.50543, -53.8466, 94.7026
2.7177, -1420.8, 1944.21
2.56571, 768.168, -395.27
6.07297, 3051.94, -1019.5
6.88348, 236.188, 73.8396
5.35088, 952.892, -1878.38
6.92743, -1500.44, -1615.19
5.20042, 31.0245, 294.799
3.31357, -1207.38, 488.447
3.30492, -1440.55, -1335.14
7.19182, 98.0624, 69.3945
3.45628, 105.292, 181.42
3.15761, -1718.66, 91.6918
4.41122, -190.992, 166.729
6.12674, -502.403, 1687.49
2.50651, -3312.66, -351.189
4.60222, 2352.04, -1388.36
5.18984, 850.168, 190.683
4.86596, 316.986, 179.724
6.33003, 838.615, -290.525
2.9396, 454.043, -26.6202
7.04284, 90.41, -77.1323
3.20818, 60.4521, 665.227
2.54782, 174.603, 65.2651
2.82267, 54.3128, 188.591
4.96742, 77.183, -25.1172
5.40914, 181.836, 30.2906
4.03373, 1881.58, -3380.9
4.57091, -39.3087, -450.385
4.33401, 362.349, 465.332
3.42687, 153.837, -1714.84
2.76788, -1294.25, -1521.82
4.47222, 75.6422, -9.88417
3.98388, 448.758, 300.307
5.05388, -211.268, -454.029
3.75392, 1189.86, -2087.32
5.01589, -58.9626, 166.946
2.51168, 1096.79, -354.875
7.01807, -2754.38, 1206.63
2.79181, 1913.08, 1795.25
5.17506, 74.6253, 1767.12
3.95754, 1682.34, -809.31
7.3023, -208.44, 96.8001
4.73406, -1912.19, -895.517
5.08479, 30.0391, -32.6481
5.93861, -566.133, -387.407
2.72187, 135.987, -143.632
7.2946, 1999.4, -1535.02
5.70852, -86.4562, -319.604
2.80215, -1.56422, 192.564
3.33964, 63.5279, 34.1573
5.76491, -259.286, -233.688
6.19864, 62.9301, 1529.48
3.57011, -128.762, 293.427
4.31441, 198.683, -1373.78
6.56981, 705.769, -435.36
5.32057, 142.44, 61.4093
7.45886, -37.437, 168.667
6.5669, 375.137, 124.519
3.49157, 1679.48, -2273.59
2.50003, 296.042, 11.1197
4.62608, -1744.75, 2119.24
4.07406, 1305.21, 705.04
5.56218, -1984.58, 324.708
3.83351, 110.819, 108.683
4.39881, 393.355, 352.908
5.43397, 134.813, 61.1051
5.95636, -32.5501, -295.276
7.26736, 32.4868, -98.66
4.89785, -139.564, 419.386
3.60319, -189.588, 267.76
5.33741, -78.3232, 14.242
6.09873, 31.3259, 159.442
4.4953, 1431.69, -239.178
3.48326, 709.645, -423.162
6.66971, 18.1849, -99.8208
5.59561, 534.171, -688.855
7.26866, 52.4219, -67.3104
3.23222, 770.285, 468.189
5.38953, 192.99, -169.392
7.26796, 345.659, 250.208
3.62331, -2574.14, 1316.7
7.25137, 118.954, 10.1891
3.07874, 1073.64, -518.327
2.58372, 150.53, -190.556
3.90465, 158.503, 175.286
7.15042, 372.015, -414.58
3.04796, -1096.63, -443.213
6.77266, -263.124, -464.029
5.68532, 420.303, 375.219
5.63853, 126.067, 501.981
3.80589, -421.932, 1112.8
5.13936, 542.596, -466.982
7.16608, 68.0363, 58.6288
3.98055, -520.797, 137.126
4.78006, -16.3092, 64.625
6.35659, -395.025, 2334.85
4.17193, -1001.06, -2126.27
6.31775, 66.313, -78.5723
6.65892, -1329.25, 1209.68
2.64618, 1520.18, -933.185
4.31315, 491.024, 101.578
4.16221, 388.928, 49.5322
3.17675, 831.379, 506.121
3.00839, 674.692, -2102.28
5.11327, -5.00734, 388.906
3.52046, 212.783, 353.61
5.00728, 305.583, 397.374
5.1371, -2454.08, 1453.67
4.13422, 115.838, -76.6702
4.75888, -234.86, 508.523
6.85263, 683.365, -67.5923
4.72884, 317.105, -22.4258
6.03726, 25.7033, 377.424
6.83171, -1306.77, 242.108
6.5822, -89.9011, -31.1069
2.67504, -1888.34, -752.908
3.8644, -353.075, 1477.81
5.21858, -417.79, 245.423
3.19942, 1028.88, -292.711
5.57408, 163.207, 34.266
3.29182, -186.581, -587.051
4.41129, -62.444, -40.0599
5.94997, -81.901, -250.347
3.21128, 2203.61, -73.33
5.65284, 235.378, -186.696
3.15973, -1665.86, -1203.36
7.13583, -33.2385, -152.465
5.53465, 2541.18, -3903.18
5.50388, 534.002, -656.757
3.33635, 392.055, -13.7341
3.301, -297.593, 1026.78
5.91628, 86.9671, -33.4032
5.1456, -246.686, 92.5664
3.65264, -1322.74, 597.969
6.55373, 168.796, 3.63636
5.76477, 156.021, -22.3935
4.08597, -130.022, -399.568
2.53953, 7.55545, -55.2743
3.49176, -101.491, -923.895
3.78831, 58.3627, 665.221
3.03825, 777.129, 214.884
3.49545, -495.241, 282.466
6.75079, -2803.7, 1550.38
6.63912, 32.3497, -100.039
6.76813, 121.189, 12.6549
5.71027, 274.839, 82.0338
3.6787, -1554.98, 1606.82
6.80638, 269.202, -126.361
5.4745, -37.2724, 622.073
2.52745, -1264.87, -965.047
6.84925, -275.736, -433.958
7.37729, 77.2172, -35.636
5.59653, -1208.95, -1106.98
3.85574, -26.0361, 94.8661
7.46973, 188.87, 52.3148
4.60751, -1003.79, 120.28
4.20537, 127.116, -110.91
4.80717, 358.358, 69.9602
4.44822, -626.627, -1765.53
4.613, -2526.45, -534.117
2.84879, 132.856, 147.94
5.5153, 250.852, -102.742
7.36114, -395.277, 123.308
5.07406, 93.4958, -39.7861
7.45461, 128.409, 115.729
5.84906, -1214.32, -3007.43
4.01716, -25.3697, -324.865
3.47371, -807.575, -310.473
4.0109, 363.429, 306.379
4.93946, -265.39, 65.0795
4.72438, 380.884, 159.694
5.7844, 258.539, 0.195605
3.74227, 2953, 1762.04
4.72007, -930.6, -944.69
5.75894, 99.4217, 120.383
6.67472, -87.341, -241.033
6.03698, 4.56118, 29.7819
4.93928, -444.177, -10.3273
6.72039, 539.623, 278.519
7.00296, -116.536, 117.366
6.33082, 98.9198, -294.596
5.29453, -720.47, -321.855
2.70603, 560.771, 0.914259
5.46749, 917.824, -461.09
2.68674, 187.053, -2154.91
4.53488, 92.599, -629.456
2.84243, 136.802, 400.428
7.38558, -48.5403, -329.195
2.5956, 1341.73, 1760.13
6.60363, 268.107, 163.607
5.2195, 2107.83, -1569.99
5.72828, -38.035, -4.18461
3.62934, 335.576, 127.115
2.733, 91.2014, 1601.09
3.63154, -250.362, 159.917
4.58371, 268.974, -1474.95
6.40126, 392.244, -26.5802
3.72852, 773.918, -1483.15
4.81411, 171.238, -85.3986
6.14756, 565.843, -198.759
5.35237, 2745.44, -409.243
5.45997, -420.106, -856.089
4.98425, 286.77, 228.771
3.951, 118.78, 90.4731
4.71107, -39.3624, -15.4683
2.53669, -1449.45, 3154.39
7.41683, 154.099, 113.267
2.52822, 35.1936, 130.833
4.8676, 1120.32, 621.415
5.86497, 1867.83, 3102.94
