6.27803, 146.024, -86.8338
3.5948, -177.914, -155.639
5.89648, -119.021, -10.6208
5.09708, 37.5592, -35.2424
2.76731, -152.945, 257.522
2.53849, 103.593, 35.0195
4.58743, -241.961, -226.106
7.15218, 28.1078, 5.89543
2.95982, -63.8545, 10.7544
6.00595, 7.80262, -220.48
3.81226, 3.26571, -62.9705
4.14117, -5.03566, 18.5592
7.45519, 125.357, 97.6497
7.41275, 32.3873, -183.796
5.75759, -40.6417, -353.68
6.92354, -33.0822, 102.583
6.33247, 33.3156, 40.7895
3.87453, 191.348, -150.478
4.93259, 41.9966, -163.723
2.80282, 476.754, 125.129
5.08146, 2.60027, -192.48
4.96988, 346.643, -220.075
7.23882, 74.8481, 82.0331
4.42071, -79.0553, -69.4624
5.14874, 420.639, -235.206
2.75042, 127.129, -354.621
6.63909, -18.5244, -168.391
5.94228, 77.6703, 78.0687
6.18112, 20.976, -42.397
6.94286, 213.026, 203.792
4.25508, 62.2269, 12.4733
6.72991, -98.7842, -65.7167
3.84659, -44.387, -60.7851
4.83959, -194.85, -105.951
3.2686, 37.1637, -10.9283
2.66527, 43.3404, 18.4828
7.2768, 191.185, 244.423
6.95369, -133.668, -178.474
3.29884, 219.03, 27.2824
3.15214, -58.2263, 50.7245
2.515, -560.067, -53.3614
6.0491, 75.6599, 25.0284
3.40448, -442.993, 166.61
5.76029, -55.7173, 15.1353
4.42907, 38.0839, 31.506
3.23766, -179.174, -227.095
5.45054, 42.3361, -50.5724
3.24076, -203.255, 212.692
3.2091, 28.7209, -106.905
4.94257, 12.8685, -102.362
3.13015, 13.9026, -5.35231
5.64635, 50.4932, -1.30231
5.60817, -31.6984, 88.1655
4.88216, -279.504, 192.456
2.64188, -93.8242, -152.547
3.21011, -305.254, 136.313
3.15594, 39.6941, -41.8824
3.31099, -184.1, 291.541
3.76529, -172.678, 20.1463
4.77654, 160.72, -186.567
6.54472, -162.446, -168.152
3.57624, -16.5254, -63.071
3.75063, -62.7606, -245.299
5.02978, 69.2855, -172.262
6.27922, -30.2929, 44.6282
5.66369, 32.2884, 207.584
5.9449, 204.431, 72.6628
7.27207, 158.17, 68.7135
5.18713, -411.035, 254.197
4.57014, -121.179, -180.505
4.70019, -68.5022, 96.2509
6.07821, 190.928, 188.43
6.20858, 188.299, 171.194
5.12494, 111.095, -190.052
6.06711, -26.0106, -111.467
5.91025, -53.7639, -174.351
6.82941, -81.3597, 77.5884
3.19597, -185.126, 149.265
3.57766, -206.78, 86.2803
5.0733, 18.4357, -96.825
4.83766, 72.31, -168.042
3.55759, -189.864, 360.759
5.65244, -141.443, 168.429
2.5044, -221.6, 155.074
4.09589, 189.305, -576.741
5.90281, 19.9425, -37.6406
6.0446, -15.1098, 94.2005
2.90869, -107.976, 229.196
3.56926, 43.2973, -209.487
4.44412, 201.954, -35.3632
4.44927, 162.542, 52.8084
3.92018, 28.3842, 25.2842
4.6123, -25.85, -130.536
2.55658, -108.463, -59.3194
3.72027, 288.581, -219.044
4.49072, -75.4852, 237.453
6.64177, -187.566, 36.2032
3.78584, 179.503, -169.871
3.59705, -44.7399, 129.945
6.47385, -8.71668, -179.587
5.8476, 143.212, -295.046
5.49108, -29.6721, 134.17
5.99917, -254.199, -143.145
5.13062, 29.2086, 31.4785
4.14833, 95.6391, 97.4505
3.30844, -614.536, 116.414
6.56633, -22.8641, -44.8473
4.08004, -125.956, -118.892
4.05369, -82.8356, -32.9053
4.65424, 62.8336, -81.0599
4.46509, -154.599, 3.7707
4.43916, 7.31043, -35.1501
4.34871, -36.8465, -118.634
5.88118, 157.151, 23.0328
6.10384, -276.97, -165.338
7.20082, 253.567, 50.934
5.08573, -30.6832, -4.01207
5.5282, -24.6832, -233.339
5.85049, -149.341, 174.063
5.11404, 12.8243, -84.4954
3.87105, -177.504, 139.178
7.08924, 47.7794, -202.657
3.73367, 44.4158, -143.113
4.77876, 118.284, -317.064
3.30374, -124.519, 154.713
4.68319, 204.824, 329.088
7.45767, -99.9895, -35.3066
6.26931, -291.281, 282.264
4.97846, 32.1421, -131.498
7.01651, 47.3527, -86.731
4.68213, -26.2941, -127.674
5.09239, -242.189, -23.0691
4.44866, 252.024, -30.1139
5.63431, 68.4194, 4.75431
5.19331, 40.617, 6.0967
4.35955, -191.849, 78.4341
2.54674, 115.515, -150.359
6.3794, -36.7472, -37.4799
2.85317, 189.168, 38.2459
3.98511, 34.9874, 28.6293
4.78581, -37.0178, -19.5059
3.25156, -54.6074, 30.2784
5.97819, -208.818, 3.05179
4.15587, -98.8591, 92.2319
5.21197, 259.074, -321.551
2.64678, 187.745, 119.841
5.38086, 152.476, -48.8227
5.18133, 29.4782, -2.28546
7.36678, -1.20633, -135.607
5.57063, 93.3091, 2.26982
5.26431, -372.852, 190.412
6.69051, -26.9027, -21.7073
3.75764, -82.0952, -33.4773
6.98957, 8.72683, -170.911
5.97428, -123.126, 26.2943
5.82752, 2.88517, -222.767
3.06838, 56.6148, 18.1293
3.37987, 74.4921, 573.39
2.91253, 46.1708, -545.932
6.68103, 170.918, -166.314
2.64818, 268.077, -787.013
6.34719, -73.7094, -30.4647
4.29829, -117.771, 279.18
6.24626, -94.7163, 128.939
6.28385, 2.12616, -31.8665
3.60834, -435.712, 57.9156
5.58305, 166.235, 91.0391
3.66846, 17.5812, -138.951
6.22052, -95.0164, 323.076
5.80997, 52.1631, -12.4944
4.9209, 243.306, -322.004
2.58972, -226.208, 258.072
4.98291, 22.4533, -60.328
5.09587, -161.658, -32.5892
4.71395, -34.265, -205.957
4.14528, 376.576, 20.5541
3.52671, -141.172, -29.9001
7.19863, 88.5948, -76.3212
2.85168, -56.1599, -218.142
3.30042, -33.675, 296.451
6.70788, 67.3102, -49.3349
4.13614, -91.2156, -117.229
6.85942, 154.721, -382.969
5.99896, 115.448, 163.767
5.52801, -75.4746, 55.2743
4.77536, -170.136, -150.734
2.91543, 274.658, -448.155
3.94883, 292.117, 249.084
6.51009, 45.564, 41.1726
6.81821, -77.8803, -87.0015
3.81831, 170.576, 6.34578
4.79881, 112.443, -130.028
4.95672, -83.2237, 61.9353
5.82344, -251.362, 86.1526
7.31738, 42.4277, -174.081
7.23022, -8.55826, 21.2946
2.81902, 41.4652, 94.6911
5.04829, 52.9132, -148.038
6.13222, 105.81, 161.019
5.65882, -160.836, 59.5663
3.26658, -98.0007, -49.5341
5.09652, -34.9909, -210.709
3.52281, -219.146, 116.253
6.03231, 29.2301, -26.4248
6.05786, 32.0419, -212.676
3.66304, 17.8437, -44.7262
6.80594, 135.077, 38.8646
2.67122, 182.029, -373.594
6.26587, -105.248, 53.3404
4.14789, 57.2858, 6.56089
4.65309, -303.939, -99.276
7.33455, -196.05, -84.1606
4.05803, 231.632, 290.632
5.69762, 249.004, -247.993
5.95386, -28.3122, 85.748
5.36403, -24.9126, 250.052
6.60667, 233.48, -338.762
4.21807, 124.663, -142.173
5.09387, -113.154, -141.402
6.78438, -258.317, -123.281
6.18587, -135.065, -163.754
3.45992, 20.5304, 103.205
2.83145, -27.9997, -237.351
3.60828, 210.59, -223.406
3.33656, 93.7547, -144.44
6.31172, -20.2849, 17.0701
5.44905, -123.999, 209.246
4.65223, 198.017, 134.573
7.09618, -75.7066, 184.132
5.09668, -24.9522, -220.694
7.38058, 84.5909, -137.14
5.15714, -85.6879, -157.261
2.98716, 123.207, 470.98
5.83983, -26.6448, -146.077
5.44444, 149.873, -130.288
5.01137, -78.8614, -144.903
2.75808, -198.016, -487.575
2.6753, -227.975, -29.2501
4.41484, 4.73943, -102.262
5.55555, 214.732, 189.936
5.06574, 204.564, 31.6618
5.98498, 118.227, 116.696
4.89891, 24.6069, 25.9797
3.88323, 265.973, 66.2811
6.01685, -100.373, -314.306
3.67701, 2.00133, -13.4474
6.41501, -81.6137, -128.427
6.60589, -74.4412, 2.90378
3.21842, -255.548, -402.478
5.75757, -205.565, 122.819
3.87677, 90.9584, -134.008
7.26215, -383.634, 566.026
4.58238, -56.6659, -170.611
3.03869, -58.5096, -265.723
4.70633, -107.03, 158.211
6.28811, 57.4691, -118.353
2.77803, 24.3865, -163.545
3.51241, 96.3931, -140.393
6.82305, 151.739, -218.308
6.52456, -7.42379, -87.4491
2.78861, -220.786, -327.962
4.40304, -70.6234, 21.0881
4.56124, 79.266, -80.9559
2.80071, 190.114, -54.2636
7.09746, 207.614, 163.447
3.35398, 64.6052, 104.185
6.51634, -123.631, 22.0677
3.88599, -134.492, -69.6433
4.44586, -509.176, 305.317
7.19936, 73.8902, 24.9713
6.24573, -80.7345, -319.865
3.44774, -381.978, 483.867
6.89581, 45.6562, -173.086
6.8953, 37.4147, 23.3783
3.30515, -41.6696, -185.139
5.87346, -78.9795, -187.505
6.89096, 81.5855, -141.237
6.98262, 115.439, -239.145
3.06535, 73.1342, -99.6626
5.93789, -105.701, -248.365
3.21651, 111.288, 44.3486
3.6901, 1.0182, -163.532
5.64383, -191.204, 170.595
4.312, -58.7876, -244.023
4.64437, 170.731, 188.82
4.91936, -334.539, 83.6489
6.20379, 19.6274, 25.3239
3.23098, -205.18, 165.665
7.36238, -74.0083, -11.399
7.3158, 41.4613, -179.579
3.14741, -428.085, 528.28
5.3784, 104.65, 85.7551
4.66439, 99.7753, 450.248
5.50066, -90.489, -149.54
5.85098, -119.011, -177.318
4.5137, 357.183, 5.45695
6.46691, 175.263, 182.355
4.89889, 148.132, -184.921
5.72449, 153.848, -121.563
4.28836, -413.194, 157.777
5.96794, -115.421, -211.552
5.83428, 33.1053, -36.5514
3.22071, -103.917, 94.8414
7.10415, -187.496, -9.87406
4.22228, -137.928, -115.539
6.66824, -3.2387, -64.063
2.74349, -50.8898, 103.984
3.27936, -520.367, 345.172
2.55765, -161.363, 94.0923
3.94327, -38.8297, -40.3746
5.07295, -134.539, -124.217
3.65948, 58.0878, 223.607
2.75022, -177.358, -118.632
5.33091, -111.356, -106.042
6.69774, 79.249, -51.4372
4.28763, -49.6299, -63.9179
4.3452, -5.70529, -188.065
7.22226, -10.8232, -149.819
4.72425, -11.0202, -210.897
6.82086, -86.9232, 97.9832
5.82654, -182.784, 23.1511
5.79297, 110.297, -155.763
7.10736, -289.323, 223.57
5.11536, 124.434, -181.581
5.45229, 48.1455, 35.7931
5.79944, 117.304, 268.226
4.24765, 93.7389, -226.962
4.11714, 71.1606, -73.5967
7.08984, 44.8243, -86.6573
3.08619, 366.141, -266.731
7.31268, 32.3739, -65.5005
5.17978, -94.9861, -38.5692
5.81447, 203.056, 163.976
5.48362, 347.595, -281.696
6.93363, 168.838, -68.5317
6.67999, -56.3308, -4.67065
6.69339, -28.2245, -146.008
6.85642, 77.2805, -148.204
2.5002, 73.4408, -233.496
4.77274, -100.638, 46.3067
4.25696, -132.579, 44.1107
5.80713, -264.307, 259.318
6.22234, -185.25, 49.4462
3.3821, 143.669, 64.374
7.4621, 167.758, -220.661
5.95466, -180.926, 59.2514
6.97862, 173.052, -0.273947
3.51579, 434.423, 343.433
7.2356, 98.8406, -224.635
4.88476, 330.339, -273.578
6.78578, 203.304, -238.102
6.41237, 85.749, 16.3564
5.70687, 107.597, -263.252
3.14521, 139.758, -53.914
5.77944, -56.7912, 257.171
3.09199, -89.8398, -88.7981
3.88793, -291.023, 40.3277
6.65548, -152.844, -154.835
6.14153, -85.3028, -144.951
6.74348, -378.468, 205.068
3.43989, -76.4574, 250.609
6.09602, 12.7033, 21.5144
4.25586, 163.466, -45.5187
3.34555, 99.8478, -35.8387
4.52383, 395.057, -122.172
4.20924, 163.243, -54.9194
6.67141, 176.298, 60.8689
3.9111, 207.938, 306.672
5.16766, -600.851, -309.792
6.25085, 151.198, -283.446
4.62554, 11.2518, -107.585
4.66964, -243.985, 72.1705
3.03022, 220.073, 14.3383
6.4639, -32.6033, -6.38146
3.91232, -46.806, 123.385
7.14264, -177.646, -332.452
5.37926, 48.4436, -203.706
3.4895, -52.2193, 10.4804
5.99081, 50.3269, 19.2524
3.07265, 296.089, 244.286
4.22945, -202.836, -43.59
4.15646, -51.4526, -92.2657
6.42735, 366.866, -271.741
6.65775, 16.6505, -239.141
4.21712, -154.928, 127.906
4.2603, 99.3292, -71.8887
6.38197, -77.6585, -35.0412
6.58658, 61.2653, -27.4424
4.26157, 226.989, -209.149
7.09559, 29.2523, -148.564
3.2877, -72.7344, -7.84826
5.56029, -266.384, 171.854
5.54222, -149.014, 32.6404
3.16647, -123.979, -123.674
3.51409, -29.956, -146.507
4.79457, -114.328, 126.048
3.48759, 245.022, 38.9305
6.77118, -242.514, 30.3102
6.54562, 164.268, 6.18452
2.80131, -141.7, 147.592
6.50584, -114.987, 319.381
5.49597, 30.2509, 16.0493
7.43182, -155.759, 3.81381
2.65919, 181.096, -44.7532
6.8356, 150.429, -243.556
3.69109, -16.0899, 65.9062
3.6127, 556.818, -266.771
4.73907, -261.328, -134.579
2.61231, -146.234, 102.578
6.79755, 0.156757, -96.0104
4.15902, 309.964, -583.618
5.72195, 167.844, 146.875
7.43521, 0.632088, 65.0393
5.30162, -28.1215, 146.661
4.74553, 182.661, -128.852
5.213, 7.98247, 82.944
2.90797, 107.271, -27.3508
3.99606, 377.797, -85.1138
6.63964, 161.765, 97.6313
6.48936, 412.82, -13.8228
5.71048, 51.6337, -86.8238
4.84105, 114.834, 140.908
7.15326, -76.5305, -96.2795
5.08798, 20.3647, -5.68493
7.42924, 202.352, -208.792
5.94567, -72.3322, 78.8697
6.19966, 48.8369, -7.07433
3.46323, -395.565, -238.732
6.08881, -259.3, 160.053
6.11146, -67.2839, 6.27776
6.49298, 119.312, 85.1854
4.23216, 334.75, -8.76033
5.1481, -87.083, -167.004
3.19001, -122.837, 171.904
6.73218, -30.3037, -108.116
6.32766, -93.1141, 44.8585
7.5, 349.798, -266.235
4.24891, 300.337, 177.166
5.50367, -247.825, 72.7324
3.50808, 10.1912, -182.812
6.2385, 242.492, -96.3222
6.49225, -208.109, -105.847
3.03505, -787.292, 444.963
5.35813, -51.3487, -122.677
2.84683, 37.9015, 37.9657
4.16036, 100.549, 164.605
5.80945, 35.6339, 44.4298
5.27726, -119.365, -162.66
7.12415, 29.2005, -37.136
2.69832, 18.4967, -493.035
2.62083, -44.2982, -57.8436
4.61923, -241.14, 79.3237
4.36987, 110.428, -3.71018
2.93303, -300.973, -270.701
3.05403, -24.9038, -77.3445
5.31992, 356.71, -210.371
7.37269, 6.87523, -171.06
3.05066, -51.367, 84.1972
5.99352, 70.8126, -8.82662
2.79674, -196.515, -137.168
4.69755, -131.231, 111.787
5.24651, 144.045, 225.433
3.45129, -36.4844, -7.09346
7.36597, 170.949, 65.5339
3.19593, 146.244, -112.485
5.48978, 307.928, -311.165
7.12812, -42.278, 142.497
3.91116, -6.71431, -42.4734
6.8307, 71.2912, -132.051
6.29598, -194.022, -28.6685
6.10793, -16.3203, -40.7478
3.34241, 4.68097, -214.816
3.32882, 15.2434, 470.59
3.39076, 126.651, -79.614
5.87226, 32.9683, 17.9496
4.83484, -76.2024, -120.658
6.85219, -112.777, -121.392
5.76023, 119.158, -21.1532
5.80464, 217.226, 200.25
2.58037, 208.055, 59.541
4.30596, -149.983, -156.376
3.72747, -233.386, -206.138
6.93086, 88.0497, -44.812
5.23701, 280.992, 90.7568
6.57209, -150.401, 9.63856
5.24453, 112.093, -74.5102
4.16156, -3.99772, -187.418
4.40213, 169.673, 83.0256
2.52389, 276.301, 173.021
6.95226, 105.072, 10.8951
6.16955, -213.541, 89.2829
6.04239, 57.5695, -86.7485
5.1278, -242.742, 163.298
6.41065, -69.6963, -36.6762
3.42484, 5.96713, -116.11
5.72673, -49.7622, -38.077
3.42178, -61.4825, -132.416
3.31214, 339.387, -172.207
2.65594, -345.261, 143.578
7.42716, -34.4336, 103.412
4.04559, 59.7267, -68.4527
4.11075, 22.4491, -99.0205
5.51155, 9.57518, -79.3732
2.89107, -363.948, -25.1054
3.93936, 188.401, -140.374
5.79307, -231.472, -42.3519
7.36348, -118.05, -106.741
7.27758, -445.162, -273.555
7.42745, 48.0656, -76.7679
7.30478, 189.145, 71.0091
3.0073, -136.324, 154.696
3.71505, -182.848, -151.118
6.91151, -63.1774, 15.0172
5.28805, -45.9798, -43.6016
6.7669, 115.278, 92.3747
7.49145, -204.749, 168.29
3.99751, 120.702, 216.721
6.33157, 238.561, 219.428
4.81901, 50.7818, -6.49319
6.8168, 3.97104, -98.6046
6.99018, 58.4808, -60.0008
7.377, 45.7717, 57.4169
2.77405, -76.0886, -13.0333
6.32605, 224.954, -144.593
5.09219, -154.327, 258.774
3.46574, -174.111, -136.891
6.98252, 162.859, -88.0456
6.38492, -204.386, -31.6659
2.75968, -67.6425, 129.606
7.47331, -155.847, 248.359
5.93659, -149.782, -24.0993
5.94854, 200.586, 166.79
6.57666, -243.518, 172.269
7.05426, -173.582, -106.79
3.34218, -91.6783, -185.976
5.24183, -419.32, 153.064
6.53351, -64.209, -128.402
4.17803, 25.5513, 102.09
5.53435, -129.887, -76.9752
6.59602, -143.479, 206.969
7.3485, -166.183, -149.711
6.29349, 83.89, -170.645
3.72113, -145.857, -88.7124
5.80589, -100.228, 56.6294
4.21574, -654.69, -302.215
7.27146, -68.2557, -75.6119
2.60828, 21.1891, 369.479
4.54979, -226.85, 117.886
2.55789, 655.088, -161.937
3.04964, -2.49503, -180.238
5.28259, -217.586, 101.808
4.45466, -11.2759, -10.7108
7.20539, -44.9707, -205.203
2.55572, 222.078, -311.652
6.22897, -83.4697, -300.029
3.84293, -27.7147, -135.561
4.27153, 45.1034, 64.6046
3.45835, -207.404, 205.727
5.14832, 138.54, 3.60804
4.39478, 138.937, 136.503
3.16407, -95.3257, -10.3881
4.26563, -23.5074, -10.9929
4.2497, 189.668, 85.6495
7.41084, 204.655, 73.3882
5.25961, -19.9299, 95.6264
4.99918, 81.6929, 80.5467
3.58531, -192.007, 28.8945
4.37311, 135.298, 2.37266
6.78251, -659.152, -353.854
6.45578, 238.113, -367.653
3.9204, -229.234, 157.643
5.07645, -65.7103, 169.153
6.79238, -106.285, -113.25
7.07844, 86.3659, 61.8377
7.48941, 56.7691, 26.3845
6.53177, 217.211, 131.493
5.22718, 125.377, -19.8956
7.3461, -170.99, 181.354
5.31931, -160.201, 17.0059
4.03031, -219.394, 148.303
5.41853, -29.571, -62.325
2.91197, 41.8384, -65.4485
5.47382, -25.1373, -35.6549
3.31968, -298.84, -452.489
6.46527, 104.706, 13.8609
2.95373, 325.927, -140.556
6.3072, 143.385, -122.634
6.83996, -1.75775, -111.238
6.40105, 11.1926, -15.4034
6.61399, 70.6582, -27.7517
6.70974, -15.2147, 1.91947
4.48328, -130.315, -181.433
6.508, 5.94473, -158.191
6.56811, -34.2322, -155.755
5.43493, -173.301, -211.354
4.64621, -88.8713, -19.4065
2.5002, -270.192, 19.4132
5.31153, -141.968, 23.2131
6.22632, -3.95847, -157.824
3.89846, -178.36, -47.7184
2.93406, -47.3931, 174.439
3.5733, 205.351, -244.411
3.93296, 75.5592, -49.9556
4.86595, -355.033, 346.841
6.95893, 193.189, 202.609
5.91955, -183.414, 8.75122
3.54376, 118.174, -208.282
6.67533, -101.955, -8.92369
7.09218, 110.229, 112.698
4.48244, -75.5417, 323.454
6.37858, -15.8131, -243.444
5.68161, -79.6191, -73.6284
6.64746, 147.037, -85.5433
3.40204, -164.175, 70.134
7.45927, -11.8223, 21.0661
6.70558, -52.3048, 187.271
4.65177, -139.996, -266.276
4.38589, 220.802, 40.1701
2.70802, -128.009, -63.6712
6.80715, 47.5057, 0.71785
6.62116, 265.806, -233.7
6.25052, 137.293, -187.228
3.55801, 63.7356, -36.8184
4.31029, -80.1941, -191.788
4.43545, 26.4619, -43.6368
7.32918, 243.277, 194.069
6.5872, 23.4577, -70.9369
4.5755, 254.487, 223.978
5.83759, -27.9422, -155.521
2.52101, 343.304, 13.7155
6.98048, -166.166, 25.7974
3.68416, -19.1153, -185.004
3.79415, -115.162, -70.5173
5.4939, 12.7062, 20.5119
6.89823, 129.706, -164.764
6.16299, -19.7451, 3.29314
6.0773, 223.696, 156.89
3.57724, -248.568, 97.9203
6.30413, 197.825, -234.341
3.85351, 131.049, 103.572
2.75246, 115.704, 140.646
4.78866, -64.4586, 129.57
2.58759, -121.647, 259.094
3.01129, -223.814, 174.887
2.639, 188.04, -189.376
5.65921, 139.119, -26.7157
6.34425, -119.174, -79.5512
2.74132, 27.3587, 33.1623
6.6924, 101.177, 46.2684
6.76899, -31.5593, -117.704
6.57649, -228.162, 132.546
6.85188, 95.1572, 388.102
5.27222, 33.7463, -102.03
6.12646, -114.642, -168.656
3.20424, 197.603, -61.1216
6.6115, -13.6599, 83.1124
5.51185, 215.756, 187.47
4.93856, 31.1621, 31.716
6.14942, 32.239, -27.715
4.05164, 145.394, -125.576
3.93925, -136.463, 195.03
5.45857, -172.479, 259.318
5.34055, 271.448, 8.32099
5.41059, 248.179, -91.9167
2.84132, -62.436, 253.763
4.34304, 354.966, 142.84
6.28475, 49.6259, -71.3529
6.35297, 178.156, -53.6691
4.27217, 28.713, -223.461
5.98913, 18.8474, -77.7299
5.08005, -166.837, -239.795
5.94494, 4.57439, -195.301
6.18066, 22.5562, -179.641
2.56231, 120.503, 9.24404
7.16549, -30.2489, -33.7702
5.37826, 272.544, 156.776
3.05587, 662.579, 433.143
4.87388, -65.5723, 36.1333
3.24247, -26.2193, -73.1814
4.22594, 81.8899, -48.7832
7.04476, -196.763, -14.4155
4.54571, -91.3572, 125.996
5.96642, 31.269, -87.379
3.35865, -23.1438, 18.9688
6.21715, 357.268, -329.841
4.16319, -134.929, 97.9536
4.62157, 59.2203, -61.0461
2.79523, -144.968, -107.41
5.09005, -16.2149, -128.757
5.94425, 117.712, 100.238
5.01149, 21.2217, -94.3547
6.56617, -78.4781, -32.8091
3.07974, -90.9886, -44.1053
5.24841, 42.7942, -376.752
5.06046, -136.885, -156.75
6.02649, 203.311, 141.638
5.65083, 38.1982, -72.6462
4.0207, -104.224, -25.4606
6.74719, -26.6272, -44.1515
3.39619, -81.8631, 162.593
2.61737, -119.888, -25.0368
4.19467, 19.8202, 46.2893
3.43818, 202.053, 170.354
6.60467, 83.0607, -99.4713
6.72507, 14.4666, -270.811
6.78031, 215.811, -238.536
7.37454, -123.803, 164.649
2.99587, -138.637, -8.1159
2.56182, 407.872, 412.846
2.58614, 324.818, -405.52
2.64527, 9.54701, 95.8228
4.1031, 257.049, 20.1041
6.17815, 317.765, -52.9647
3.14876, 47.9698, -181.52
2.5161, -147.118, 157.11
6.91905, -136.574, 28.2453
3.70482, 94.4978, 146.065
4.38481, -106.725, 180.731
4.44879, -41.2736, -57.2243
2.81534, -226.743, -237.209
7.30792, 31.1985, -188.109
3.75349, -123.753, -0.738962
6.85376, 35.6047, -86.2237
2.85991, -282.421, 424.475
2.70653, -385.073, 531.997
3.46378, 40.2426, 25.9272
3.86708, 33.7279, 60.7388
7.4007, -89.4177, -15.3979
3.60607, -77.6745, 119.236
6.43119, -175.875, 262.023
4.42306, 73.8191, 57.3435
3.78593, 61.1771, -21.1418
3.91087, -148.055, 30.9113
7.33834, -219.37, 184.449
4.22841, 357.716, 242.805
3.45922, -147.607, -26.5221
5.05037, 38.8995, -145.256
5.21857, -8.98421, 399.064
5.72333, -59.2843, -2.20446
3.89738, -249.332, 276.382
3.41887, -151.234, 108.051
2.71579, -167.547, 197.639
3.98408, 13.789, -142.095
4.25548, -76.2007, -214.277
7.09372, -246.122, 75.0859
5.81225, 29.1357, 8.87414
5.08041, 222.219, 129.511
4.03763, -259.168, -208.47
3.0007, -39.581, -255.292
3.47502, 323.253, 116.079
4.11407, -65.6741, -221.448
5.56182, 116.203, 47.5763
5.13511, -27.4572, -43.8242
3.45653, -108.351, -186.894
4.7178, -0.972343, -22.9795
4.48693, -247.991, 85.6727
6.28051, -46.59, 69.2419
6.6213, 60.7233, 88.0251
5.51573, 311.852, 260.828
3.04573, 3.0957, 16.9115
4.11797, -143.328, -31.0809
5.03403, -23.9653, -144.227
4.76521, -164.186, 18.2234
4.77315, 63.6872, -5.44137
4.91125, 212.942, 143.933
5.07896, 35.8111, 6.58231
4.50207, -8.63226, 4.24679
4.22945, 238.564, 154.697
6.64533, -220.456, 130.467
3.02204, -170.43, 342.398
6.40057, 17.5393, -226.532
3.19919, 47.1346, 84.6206
2.62171, -192.809, -196.823
6.0664, 25.6108, 108.361
7.15538, -61.3138, -39.5227
7.47667, 10.1577, -91.1321
3.86264, -187.45, 49.9179
3.6923, 131.541, -171.361
3.87328, 169.853, 533.448
5.70836, 174.032, 54.9433
5.17637, -10.7299, -22.8818
6.8967, 57.9402, -148.826
6.75968, 33.8004, -40.7847
2.98004, 116.542, 90.8947
4.66818, -129.248, 29.6411
3.17045, -69.0555, -41.1012
5.86802, -9.65063, -165.138
5.34964, 24.9618, -6.62991
3.66474, -110.504, 498.899
5.50306, -110.315, -6.61369
2.6551, 174.447, 83.8588
7.08512, -42.457, 1.5607
3.82958, -266.244, -54.0074
6.50016, -48.118, -24.4776
5.46389, -98.1006, -31.1938
5.0822, -69.7276, -31.5433
5.2567, -51.3476, -61.9717
3.47225, 319.678, 508.941
5.36152, 68.6564, 179.117
3.81992, 62.3701, -311.003
4.41648, -324.46, 344.702
2.73626, 191.38, 64.1932
4.22823, -41.3331, 99.8762
3.61594, -273.514, 93.4535
3.81264, -206.75, -189.419
3.05141, 45.5834, 39.1442
7.40088, -59.2891, -132.967
5.93794, 141.425, 120.762
5.82158, 45.0062, -139.594
5.99501, 19.263, -100.901
2.68746, -172.372, 25.6261
3.6706, 158.146, -14.9832
3.95397, 277.22, 206.7
3.50543, -52.3482, -82.1603
2.7177, 121.188, -161.481
2.56571, -222.269, 134.807
6.07297, -214.615, 116.835
6.88348, 193.808, 74.8455
5.35088, -86.9707, 291.897
6.92743, 534.808, 504.127
5.20042, 77.324, -95.9815
3.31357, 263.581, -307.246
3.30492, 198.896, 234.96
7.19182, -14.7369, -27.0894
3.45628, -172.139, -36.7761
3.15761, 306.064, -231.152
4.41122, -110.589, -0.244835
6.12674, 58.1338, -168.741
2.50651, 203.485, 31.1431
4.60222, -334.047, 179.392
5.18984, -11.6972, -123.72
4.86596, 35.8881, -29.1386
6.33003, 9.74809, -62.4777
2.9396, -132.422, -68.0122
7.04284, -42.8103, -159.163
3.20818, -217.824, -753.801
2.54782, -92.8349, -18.4346
2.82267, -108.325, -94.6076
4.96742, -15.9529, -157.094
5.40914, 190.211, 101.866
4.03373, -111.558, 133.496
4.57091, -132.441, -99.0213
4.33401, -13.2422, -18.3701
3.42687, 9.37585, -49.8834
2.76788, 206.839, 217.368
4.47222, -41.2317, -60.373
3.98388, -32.1334, -180.142
5.05388, -253.656, -25.8908
3.75392, -85.154, 249.729
5.01589, 224.574, 129.166
2.51168, 51.1534, -65.843
7.01807, 339.626, -268.035
2.79181, -79.7967, -114.768
5.17506, -76.4255, -36.2565
3.95754, -405.677, 236.879
7.3023, -77.4717, -183.666
4.73406, 221.668, 68.3834
5.08479, -76.9379, -190.471
5.93861, 3.53146, -115.763
2.72187, 130.908, -163.201
7.2946, -260.722, 288.958
5.70852, -78.0621, 17.7288
2.80215, -51.1023, -22.8878
3.33964, -63.4903, -118.323
5.76491, -49.287, -140.759
6.19864, 76.339, -235.268
3.57011, 12.9801, 154.109
4.31441, 162.455, 275.851
6.56981, -139.531, 164.666
5.32057, -61.6018, 17.8496
7.45886, -121.307, 32.3495
6.5669, -91.7936, 54.1347
3.49157, -116.158, 218.13
2.50003, 95.0612, 85.3776
4.62608, 196.362, -222.717
4.07406, -179.505, -106.606
5.56218, 350.876, -133.677
3.83351, 24.7666, 36.8079
4.39881, 121.95, 18.1077
5.43397, -216.584, -280.434
5.95636, 5.46968, 26.3887
7.26736, 22.0378, 10.9184
4.89785, -194.362, 45.5403
3.60319, -532.037, 38.9037
5.33741, -52.8779, -175.102
6.09873, -20.932, -40.0956
4.4953, -266.391, 162.144
3.48326, -146.302, 155.661
6.66971, -90.0335, 132.882
5.59561, -420.472, 59.4004
7.26866, -26.9308, -185.085
3.23222, -170.032, -174.777
5.38953, -13.8197, -58.785
7.26796, -189.294, 128.643
3.62331, 498.825, -210.092
7.25137, -144.382, 35.7637
3.07874, -238.875, 153.299
2.58372, 124.45, 253.213
3.90465, -59.2226, -124.052
7.15042, -38.4329, 79.6894
3.04796, 223.885, 128.056
6.77266, 57.7902, -45.8341
5.68532, -97.064, 131.506
5.63853, 31.5604, 35.333
3.80589, 24.9841, 15.2064
5.13936, -183.053, 48.4947
7.16608, 31.566, -36.5465
3.98055, -51.5063, -33.3899
4.78006, -120.656, -421.501
6.35659, -25.7803, -487.753
4.17193, 65.1565, -602.722
6.31775, -104.053, 43.2937
6.65892, 166.654, 13.0137
2.64618, -168.689, 140.236
4.31315, -231.294, 178.791
4.16221, 111.577, -236.341
3.17675, -94.0834, -134.432
3.00839, -193.533, 357.013
5.11327, -233.247, 50.9318
3.52046, -96.6598, -21.6316
5.00728, 8.49513, -16.6844
5.1371, 229.473, 5.80111
4.13422, 362.878, -251.222
4.75888, -103.666, -111.109
6.85263, -77.2242, -5.23546
4.72884, 89.5918, 36.617
6.03726, -407.466, 94.7744
6.83171, 208.883, -216.618
6.5822, -248.508, 6.448
2.67504, 565.788, 348.419
3.8644, 158.525, -235.515
5.21858, 48.8653, 4.58871
3.19942, 172.148, -12.325
5.57408, 34.0792, -75.0474
3.29182, -150.771, -10.7754
4.41129, -162.534, -50.6236
5.94997, -34.5934, -227.296
3.21128, -240.352, 78.3055
5.65284, -131.972, 152.349
3.15973, 82.472, -94.5225
7.13583, -182.666, 46.4124
5.53465, -171.409, 256.41
5.50388, -216.919, 44.5422
3.33635, -158.943, 66.2466
3.301, -225.758, -756.499
5.91628, 17.1008, -115.812
5.1456, 29.4029, -76.7873
3.65264, 69.638, -146.268
6.55373, -47.5886, -142.638
5.76477, 30.7129, 39.0069
4.08597, 67.0142, -64.9918
2.53953, 72.3775, 1.72159
3.49176, -27.3513, 32.2335
3.78831, -56.9695, -216.639
3.03825, -180.389, 171.919
3.49545, 145.006, 136.163
6.75079, 445.02, -199.086
6.63912, -194.663, 65.0784
6.76813, 26.3638, -18.2484
5.71027, 12.0443, -49.4394
3.6787, 200.741, -232.988
6.80638, 52.3239, -105.395
5.4745, 123.187, -107.99
2.52745, -329.722, -142.754
6.84925, 22.5163, -30.5033
7.37729, -1.22941, -154.785
5.59653, 179.387, 94.2985
3.85574, -151.087, 173.774
7.46973, 4.82068, -45.7237
4.60751, 70.8067, -355.127
4.20537, 120.22, -60.6848
4.80717, -66.1875, -139.418
4.44822, 42.4787, 147.158
4.613, 168.176, 176.611
2.84879, -109.417, -34.5325
5.5153, -200.569, -40.8926
7.36114, -0.857232, -148.731
5.07406, 186.257, 75.2292
7.45461, -34.0206, -53.6403
5.84906, 75.3485, 253.492
4.01716, 228.286, 39.2207
3.47371, 198.786, 167.804
4.0109, -104.876, 156.54
4.93946, -81.3686, 118.293
4.72438, 173.135, 22.1915
5.7844, 38.8144, 57.4349
3.74227, -151.166, -157.191
4.72007, 254.96, 82.8219
5.75894, 62.1736, -88.672
6.67472, -73.7739, -23.3151
6.03698, 8.06332, -38.4299
4.93928, 100.726, 269.335
6.72039, -32.1647, -168.595
7.00296, 25.7062, -120.062
6.33082, 153.535, -6.01353
5.29453, 124.015, -14.539
2.70603, -49.9096, -46.2267
5.46749, -136.085, 139.101
2.68674, -131.066, 342.336
4.53488, 22.3307, -134.607
2.84243, 80.3592, 20.6489
7.38558, 62.6529, -74.8299
2.5956, 281.912, 39.3775
6.60363, -109.653, -228.264
5.2195, -331.398, 202.021
5.72828, -80.741, -109.266
3.62934, -20.7222, -98.8687
2.733, 445.727, -549.343
3.63154, -68.0855, 94.5716
4.58371, -109.39, 407.546
6.40126, 62.6833, 161.331
3.72852, -142.332, 208.02
4.81411, -63.9549, 97.3461
6.14756, -160.833, 182.133
5.35237, -430.478, 131.978
5.45997, 196.882, 195.48
4.98425, -192.878, 0.640695
3.951, 112.509, 140.365
4.71107, -116.681, -76.289
2.53669, 354.563, -401.682
7.41683, -10.1199, 35.0901
2.52822, 6.57025, 8.82771
4.8676, 68.6732, -269.143
5.86497, -188.881, -221.89
