6.27803, 116.332, -90.6654
3.5948, -175.042, -158.507
5.89648, -103.195, -35.2559
5.09708, -4.50607, 1.92543
2.76731, -174.807, 304.082
2.53849, 140.172, 67.6118
4.58743, -271.473, -259.754
7.15218, 70.3373, 9.41911
2.95982, -69.6287, 64.5757
6.00595, 9.36997, -233.759
3.81226, 67.2837, -36.9808
4.14117, -13.9527, 25.7066
7.45519, 151.946, 102.318
7.41275, -11.1822, -211.663
5.75759, -13.9375, -349.988
6.92354, 6.37831, 66.6978
6.33247, 15.862, 19.6708
3.87453, 160.261, -175.62
4.93259, -6.76723, -201.058
2.80282, 504.224, 154.408
5.08146, 4.50124, -139.708
4.96988, 363.594, -254.82
7.23882, 32.8202, 63.1133
4.42071, -96.6789, -68.7027
5.14874, 434.088, -268.851
2.75042, 164.738, -360.405
6.63909, 4.05708, -135.869
5.94228, 37.382, 42.3773
6.18112, 9.43122, 14.205
6.94286, 247.801, 232.765
4.25508, 49.756, -8.49358
6.72991, -79.9662, -44.421
3.84659, -16.4023, -56.0755
4.83959, -186.13, -145.339
3.2686, -14.8261, -42.7049
2.66527, 66.9294, 50.8706
7.2768, 198.656, 243.899
6.95369, -85.0914, -156.593
3.29884, 233.428, 31.8804
3.15214, 3.41744, 47.7047
2.515, -570.952, -72.7994
6.0491, 61.3613, -27.153
3.40448, -452.286, 203.861
5.76029, -27.508, -24.1231
4.42907, 67.6502, 1.41855
3.23766, -179.476, -207.792
5.45054, 62.2131, -30.1972
3.24076, -206.214, 223.661
3.2091, 75.6625, -44.974
4.94257, -47.3629, -135.696
3.13015, 2.20402, 24.8645
5.64635, 29.4623, -17.8697
5.60817, 14.8308, 43.2503
4.88216, -303.295, 217.627
2.64188, -120.044, -173.684
3.21011, -308.851, 175.705
3.15594, 36.4979, 21.6193
3.31099, -224.759, 321.299
3.76529, -162.48, 13.7216
4.77654, 195.999, -232.304
6.54472, -158.612, -171.363
3.57624, -33.4841, -19.2543
3.75063, -48.2462, -227.707
5.02978, 89.402, -128.084
6.27922, -9.48639, 74.6432
5.66369, 38.6866, 202.114
5.9449, 222.788, 83.7426
7.27207, 201.496, 108.543
5.18713, -427.27, 271.88
4.57014, -135.755, -178.367
4.70019, -62.3115, 117.618
6.07821, 223.693, 216.762
6.20858, 198.42, 167.434
5.12494, 166.942, -213.114
6.06711, -51.9264, -118.64
5.91025, -18.4318, -171.711
6.82941, -61.5262, 46.1833
3.19597, -168.486, 185.883
3.57766, -166.173, 81.7592
5.0733, -46.5834, -131.99
4.83766, 87.1709, -129.616
3.55759, -195.29, 387.014
5.65244, -161.16, 194.252
2.5044, -266.502, 161.15
4.09589, 195.073, -540.474
5.90281, 36.2843, 0.468681
6.0446, 15.55, 73.0185
2.90869, -131.741, 256.64
3.56926, 63.4402, -218.361
4.44412, 198.053, -88.8139
4.44927, 215.843, 105.476
3.92018, 59.2615, -9.36734
4.6123, 25.573, -88.1553
2.55658, -154.933, -95.4347
3.72027, 320.107, -234.637
4.49072, -122.677, 267.367
6.64177, -225.969, 68.0439
3.78584, 223.99, -198.446
3.59705, -87.9259, 115.145
6.47385, 42.1187, -174.014
5.8476, 165.617, -254.204
5.49108, -78.152, 139.05
5.99917, -265.095, -147.968
5.13062, 37.4422, 28.2593
4.14833, 128.262, 93.2642
3.30844, -634.439, 125.327
6.56633, -36.1213, -21.3701
4.08004, -98.0917, -108.499
4.05369, -93.698, -30.0838
4.65424, 112.398, -80.7486
4.46509, -182.504, -60.4688
4.43916, 59.6732, -71.4921
4.34871, -102.643, -171.626
5.88118, 190.395, -19.5291
6.10384, -298.129, -176.315
7.20082, 256.323, 93.021
5.08573, -52.9917, -15.2036
5.5282, -21.7088, -243.258
5.85049, -155.634, 190.703
5.11404, 57.4454, -123.843
3.87105, -214.04, 184.92
7.08924, 66.9432, -209.895
3.73367, 98.6705, -173.875
4.77876, 144.49, -300.51
3.30374, -168.979, 201.023
4.68319, 221.877, 321.061
7.45767, -53.5914, -38.9928
6.26931, -296.183, 294.712
4.97846, -26.5706, -143.676
7.01651, -5.19627, -118.474
4.68213, 25.4348, -91.182
5.09239, -261.733, -38.2762
4.44866, 280.53, -55.5596
5.63431, 40.6191, 2.31417
5.19331, 100.24, 25.6737
4.35955, -172.056, 44.0172
2.54674, 114.231, -140.316
6.3794, -28.5867, -97.3952
2.85317, 138.095, 7.39006
3.98511, 92.63, 4.81595
4.78581, -29.7517, -83.6606
3.25156, -69.3011, -0.413212
5.97819, -191.609, -40.058
4.15587, -47.921, 112.32
5.21197, 296.78, -340.233
2.64678, 244.543, 84.7592
5.38086, 152.29, -82.961
5.18133, 73.8752, 8.92857
7.36678, -44.972, -151.234
5.57063, 96.1314, 13.6236
5.26431, -403.457, 193.931
6.69051, -52.5829, 25.4758
3.75764, -98.6209, 18.7815
6.98957, 33.2214, -170.598
5.97428, -87.4068, -8.3765
5.82752, -50.7374, -221.563
3.06838, -11.3469, -21.8563
3.37987, 51.3884, 572.261
2.91253, 35.2148, -535.9
6.68103, 167.058, -158.469
2.64818, 287.988, -792.674
6.34719, -102.095, -30.2492
4.29829, -149.717, 300.978
6.24626, -77.9579, 176.499
6.28385, 32.2962, -28.2721
3.60834, -458.255, 30.7046
5.58305, 187.026, 90.0265
3.66846, -10.8512, -165.08
6.22052, -129.118, 331.358
5.80997, -4.24429, -59.4921
4.9209, 270.422, -345.129
2.58972, -193.431, 241.487
4.98291, 45.397, -35.2503
5.09587, -200.146, -52.7428
4.71395, -101.787, -213.932
4.14528, 384.312, 41.3618
3.52671, -98.0566, -36.2091
7.19863, 80.412, -39.6305
2.85168, -117.415, -197.321
3.30042, -34.7133, 276.051
6.70788, 56.8595, -80.8614
4.13614, -118.272, -146.5
6.85942, 167.458, -370.16
5.99896, 134.495, 194.683
5.52801, -62.3936, 75.3623
4.77536, -179.893, -162.074
2.91543, 235.886, -443.769
3.94883, 299.577, 277.598
6.51009, -18.5288, 12.9919
6.81821, -39.0275, -86.4279
3.81831, 203.54, -48.0113
4.79881, 106.905, -159.311
4.95672, -78.0801, 21.3691
5.82344, -292.523, 60.3575
7.31738, -8.50276, -204.962
7.23022, 48.8816, -3.64939
2.81902, 77.4273, 48.9362
5.04829, 19.0351, -181.164
6.13222, 140.951, 196.49
5.65882, -131.909, 68.334
3.26658, -159.91, -82.0899
5.09652, -100.806, -209.661
3.52281, -245.887, 167.867
6.03231, 55.2071, -74.7843
6.05786, -11.4015, -240.133
3.66304, 30.3075, -58.005
6.80594, 157.172, 33.5753
2.67122, 193.009, -341.685
6.26587, -141.187, 80.2966
4.14789, 80.75, 6.05638
4.65309, -326.382, -120.709
7.33455, -184.67, -56.1132
4.05803, 251.365, 305.978
5.69762, 276.017, -289.555
5.95386, -25.6408, 105.945
5.36403, -23.5098, 286.247
6.60667, 266.001, -375.009
4.21807, 110.918, -144.571
5.09387, -160.608, -185.243
6.78438, -264.568, -136.193
6.18587, -110.531, -144.428
3.45992, -13.2323, 117.624
2.83145, -46.0735, -211.653
3.60828, 250.535, -239.827
3.33656, 123.687, -145.002
6.31172, -12.1233, 19.7669
5.44905, -133.579, 216.583
4.65223, 246.827, 192.176
7.09618, -52.8035, 195.648
5.09668, 27.0913, -205.062
7.38058, 54.0718, -143.5
5.15714, -121.804, -208.501
2.98716, 133.526, 438.853
5.83983, 16.6976, -154.913
5.44444, 196.472, -114.073
5.01137, -101.234, -171.545
2.75808, -236.676, -474.931
2.6753, -230.747, -64.9001
4.41484, 5.8157, -104.819
5.55555, 242.956, 189.04
5.06574, 252.339, 78.6413
5.98498, 141.169, 132.453
4.89891, 11.7213, -21.8029
3.88323, 284.862, 91.8643
6.01685, -124.642, -327.764
3.67701, 14.2715, 33.5127
6.41501, -86.1761, -136.448
6.60589, -80.7832, 56.3996
3.21842, -276.183, -404.988
5.75757, -237.9, 144.752
3.87677, 128.805, -166.134
7.26215, -388.098, 580.691
4.58238, -87.074, -182.59
3.03869, -55.377, -261.033
4.70633, -126.667, 199.645
6.28811, 52.519, -134.326
2.77803, 9.69712, -202.81
3.51241, 121.593, -147.058
6.82305, 200.635, -251.834
6.52456, 8.81212, -129.514
2.78861, -256.478, -352.149
4.40304, -76.7014, 16.2804
4.56124, 97.3138, -35.1359
2.80071, 190.4, -14.6912
7.09746, 230.584, 203.912
3.35398, 94.7832, 137.424
6.51634, -178.118, 47.4374
3.88599, -138.606, -48.8523
4.44586, -497.972, 310.462
7.19936, 70.0387, 85.6285
6.24573, -91.858, -335.84
3.44774, -394.755, 501.106
6.89581, 92.8162, -164.469
6.8953, 51.922, -16.6924
3.30515, -68.706, -194.612
5.87346, -97.4167, -211.129
6.89096, 123.611, -127.967
6.98262, 153.084, -237.64
3.06535, 79.8035, -38.3415
5.93789, -141.307, -266.811
3.21651, 70.9778, 47.2033
3.6901, 43.0312, -178.914
5.64383, -162.629, 164.901
4.312, -46.0325, -222.39
4.64437, 195.955, 221.311
4.91936, -332.696, 56.1443
6.20379, 0.28358, -26.4707
3.23098, -223.042, 210.617
7.36238, -119.205, -41.2076
7.3158, -10.6478, -210.497
3.14741, -433.485, 542.469
5.3784, 106.373, 93.0983
4.66439, 117.195, 434.684
5.50066, -123.852, -177.19
5.85098, -128.19, -201.632
4.5137, 383.71, 47.7699
6.46691, 195.689, 205.471
4.89889, 137.998, -214.572
5.72449, 186.05, -87.9893
4.28836, -438.903, 184.493
5.96794, -151.177, -238.662
5.83428, -24.179, -74.1492
3.22071, -132.001, 115.161
7.10415, -226.628, -2.67732
4.22228, -166.522, -136.266
6.66824, -15.0841, -79.2352
2.74349, -12.2745, 75.189
3.27936, -528.786, 338.212
2.55765, -147.689, 140.484
3.94327, -46.4177, 24.9294
5.07295, -128.565, -151.849
3.65948, 80.5531, 258.149
2.75022, -183.4, -141.749
5.33091, -173.252, -147.54
6.69774, 92.7367, 4.86392
4.28763, -76.137, -131.035
4.3452, 13.1995, -145.365
7.22226, 61.9952, -155.262
4.72425, -29.174, -232.968
6.82086, -54.9388, 117.592
5.82654, -201.38, -7.83041
5.79297, 105.919, -100.151
7.10736, -326.738, 258.309
5.11536, 166.551, -214.998
5.45229, 105.177, -5.01656
5.79944, 147.89, 287.452
4.24765, 130.662, -232.508
4.11714, 110.927, -50.1517
7.08984, 68.0007, -36.2737
3.08619, 394.28, -290.787
7.31268, 63.8964, -51.5423
5.17978, -102.444, -63.69
5.81447, 246.686, 201.414
5.48362, 373.499, -296.727
6.93363, 117.664, -78.0662
6.67999, -115.59, -38.9907
6.69339, 17.9932, -149.576
6.85642, 67.2441, -172.549
2.5002, 21.2168, -240.333
4.77274, -80.2018, 73.8078
4.25696, -189.847, 52.6181
5.80713, -264.277, 294.613
6.22234, -216.477, 68.144
3.3821, 172.155, 42.7553
7.4621, 196.866, -251.583
5.95466, -217.449, 56.8882
6.97862, 204.363, 18.8981
3.51579, 425.647, 349.232
7.2356, 52.4462, -226.722
4.88476, 357.35, -304.723
6.78578, 246.138, -267.064
6.41237, 43.2554, -10.9467
5.70687, 148.145, -289.754
3.14521, 124.922, -32.67
5.77944, -54.4903, 294.68
3.09199, -76.2749, -131.076
3.88793, -291.487, 76.5866
6.65548, -167.291, -172.104
6.14153, -147.811, -196.963
6.74348, -410.343, 209.24
3.43989, -119.459, 237.523
6.09602, 32.6979, -7.88168
4.25586, 197.853, -18.5579
3.34555, 28.6467, -51.7918
4.52383, 406.023, -141.035
4.20924, 172.13, -23.2511
6.67141, 195.205, 94.285
3.9111, 231.626, 330.743
5.16766, -611.378, -326.674
6.25085, 179.996, -309.066
4.62554, -35.5334, -126.797
4.66964, -288.137, 122.029
3.03022, 264.67, -21.0854
6.4639, -63.6563, -33.8098
3.91232, -90.1804, 101.458
7.14264, -210.899, -337.102
5.37926, 64.881, -208.711
3.4895, -25.661, -16.1812
5.99081, 50.5504, 38.7748
3.07265, 282.601, 249.045
4.22945, -206.887, -7.51377
4.15646, -85.7317, -138.605
6.42735, 384.42, -299.584
6.65775, 52.6395, -227.03
4.21712, -154.461, 175.032
4.2603, 76.8592, -44.0974
6.38197, -99.3631, -29.8135
6.58658, 79.3191, 36.9566
4.26157, 210.231, -185.281
7.09559, -17.8783, -187.321
3.2877, -32.6574, 18.6932
5.56029, -292.64, 198.614
5.54222, -164.375, 65.8668
3.16647, -141.565, -130.829
3.51409, -84.4567, -189.689
4.79457, -145.19, 171.071
3.48759, 245.956, 80.9543
6.77118, -289.248, 32.0361
6.54562, 119.274, -2.98213
2.80131, -157.704, 176.618
6.50584, -146.18, 351.261
5.49597, 8.75428, 5.89958
7.43182, -212.864, 11.0018
2.65919, 192.431, 2.56087
6.8356, 186.208, -258.277
3.69109, 1.62778, 89.5616
3.6127, 557.763, -241.943
4.73907, -291.507, -171.853
2.61231, -114.063, 76.0043
6.79755, 14.9288, -130.679
4.15902, 303.935, -544.821
5.72195, 193.35, 142.755
7.43521, -60.2941, 33.1214
5.30162, -14.5489, 121.762
4.74553, 158.161, -175.584
5.213, -6.72986, 59.1119
2.90797, 141.235, 1.52364
3.99606, 337.896, -113.732
6.63964, 188.426, 139.172
6.48936, 430.473, 16.3712
5.71048, 60.1343, -34.7346
4.84105, 127.076, 153.502
7.15326, -119.756, -105.333
5.08798, 21.4436, -48.7321
7.42924, 250.272, -238.44
5.94567, -78.2476, 67.5472
6.19966, 28.9801, -6.30803
3.46323, -419.511, -257.192
6.08881, -287.133, 198.383
6.11146, -33.6949, 44.0285
6.49298, 131.774, 106.093
4.23216, 346.95, -31.742
5.1481, -124.544, -165.013
3.19001, -83.5932, 160.382
6.73218, -73.1303, -141.353
6.32766, -108.211, 28.2993
7.5, 368.785, -294.587
4.24891, 326.128, 211.93
5.50367, -261.369, 113.841
3.50808, -18.4052, -224.803
6.2385, 247.129, -112.058
6.49225, -200.813, -84.0402
3.03505, -789.554, 437.789
5.35813, -98.9706, -165.06
2.84683, 86.7549, -19.5422
4.16036, 138.03, 189.462
5.80945, 71.3799, 40.0242
5.27726, -122.32, -144.503
7.12415, 60.4288, 12.6179
2.69832, -0.680895, -494.791
2.62083, -71.3988, -121.924
4.61923, -213.084, 49.0768
4.36987, 138.492, 22.1913
2.93303, -298.689, -274.492
3.05403, -27.6332, -129.604
5.31992, 358.76, -234.045
7.37269, 18.2108, -136.532
3.05066, -58.6506, 60.3292
5.99352, 72.042, 55.9302
2.79674, -226.074, -141.21
4.69755, -113.785, 130.189
5.24651, 174.306, 269.382
3.45129, 11.1838, -57.3195
7.36597, 199.732, 82.5719
3.19593, 143.829, -138.295
5.48978, 330.475, -325.35
7.12812, -75.3785, 188.216
3.91116, 12.8077, 27.1387
6.8307, 61.2898, -151.747
6.29598, -221.087, -44.0128
6.10793, 22.7981, -65.6773
3.34241, 11.7636, -216.483
3.32882, 50.1448, 489.109
3.39076, 119.36, -86.5198
5.87226, 61.4568, -8.40732
4.83484, -73.5465, -165.282
6.85219, -167.08, -157.486
5.76023, 116.278, -56.8925
5.80464, 252.828, 223.826
2.58037, 152.284, 33.2751
4.30596, -197.358, -198.414
3.72747, -218.999, -172.815
6.93086, 10.8474, -74.2437
5.23701, 324.414, 121.775
6.57209, -149.719, -1.96814
5.24453, 97.6583, -14.7613
4.16156, -5.4072, -157.171
4.40213, 183.112, 57.6516
2.52389, 278.05, 204.953
6.95226, 94.7219, 21.0936
6.16955, -235.237, 129.736
6.04239, 89.8297, -32.3366
5.1278, -237.028, 168.767
6.41065, -76.7989, -50.3866
3.42484, -31.3332, -88.7506
5.72673, -19.1966, -7.21743
3.42178, -99.0878, -157.72
3.31214, 351.501, -191.406
2.65594, -344.92, 174.296
7.42716, -57.7176, 99.0359
4.04559, 43.7077, -87.0534
4.11075, -16.0922, -127.999
5.51155, 42.7676, -65.2134
2.89107, -381.177, -54.8452
3.93936, 207.29, -128.952
5.79307, -248.351, -51.673
7.36348, -171.099, -153.126
7.27758, -458.124, -284.183
7.42745, 22.045, -132.68
7.30478, 152.556, 48.7383
3.0073, -163.644, 199.071
3.71505, -210.387, -154.487
6.91151, -86.2561, -7.28935
5.28805, -19.02, -4.01218
6.7669, 162.025, 122.024
7.49145, -238.465, 185.278
3.99751, 156.702, 171.247
6.33157, 265.747, 260.843
4.81901, 114.224, -4.67323
6.8168, -41.0274, -134.286
6.99018, 58.7969, -33.9036
7.377, 63.6249, 20.5015
2.77405, -3.94337, -20.1546
6.32605, 265.206, -170.944
5.09219, -181.255, 288.91
3.46574, -157.753, -104.142
6.98252, 195.032, -106.374
6.38492, -243.467, -21.2713
2.75968, -68.6404, 161.404
7.47331, -181.677, 270.576
5.93659, -193.129, -45.2365
5.94854, 247.53, 197.609
6.57666, -261.321, 197.021
7.05426, -212.198, -115.269
3.34218, -67.9168, -230.208
5.24183, -433.91, 187.289
6.53351, -102.848, -160.322
4.17803, 63.2517, 87.9309
5.53435, -139.989, -121.507
6.59602, -155.935, 216.089
7.3485, -171.534, -150.864
6.29349, 105.081, -185.993
3.72113, -139.236, -125.805
5.80589, -162.104, 71.2764
4.21574, -666.122, -313.792
7.27146, -64.4218, -106.717
2.60828, 42.1332, 397.083
4.54979, -267.757, 170.564
2.55789, 661.145, -192.333
3.04964, -7.5583, -177.93
5.28259, -255.294, 104.932
4.45466, -61.2864, -22.0388
7.20539, -63.8025, -221.3
2.55572, 249.926, -284.542
6.22897, -115.168, -298.296
3.84293, 42.8592, -140.897
4.27153, 53.655, 46.7379
3.45835, -234.157, 252.089
5.14832, 178.246, 11.8687
4.39478, 151.11, 117.21
3.16407, -116.782, -5.74007
4.26563, -84.3443, -18.6429
4.2497, 221.525, 139.118
7.41084, 222.679, 85.9232
5.25961, -23.5192, 95.88
4.99918, 76.925, 48.1155
3.58531, -226.88, 29.2957
4.37311, 165.652, -40.8374
6.78251, -670.398, -366.385
6.45578, 264.27, -378.097
3.9204, -235.179, 186.4
5.07645, -29.6098, 179.119
6.79238, -122.889, -163.55
7.07844, 99.6092, 33.9591
7.48941, 62.1545, 91.3458
6.53177, 220.133, 119.276
5.22718, 123.379, -69.5126
7.3461, -188.654, 144.621
5.31931, -206.346, 19.8506
4.03031, -241.357, 189.917
5.41853, 41.2508, -43.2904
2.91197, 69.2878, -94.0846
5.47382, 21.7115, -61.4947
3.31968, -326.288, -467.782
6.46527, 39.2268, -9.72886
2.95373, 360.678, -116.523
6.3072, 119.601, -134.929
6.83996, 12.3683, -134.83
6.40105, 64.2169, -6.15013
6.61399, 120.566, 34.2355
6.70974, 19.9533, 15.8309
4.48328, -106.33, -197.533
6.508, 13.0466, -174.675
6.56811, 22.2664, -155.364
5.43493, -206.445, -238.99
4.64621, -96.9739, 3.72179
2.5002, -283.542, -4.3505
5.31153, -166.151, 39.7322
6.22632, 49.1841, -147.846
3.89846, -167.697, -25.0711
2.93406, -68.9355, 203.884
3.5733, 257.378, -277.575
3.93296, 49.2877, 14.3271
4.86595, -357.893, 357.387
6.95893, 226.834, 238.881
5.91955, -168.26, -32.6807
3.54376, 137.13, -238.697
6.67533, -91.0997, 0.37426
7.09218, 150.977, 152.588
4.48244, -109.506, 292.215
6.37858, 16.5438, -206.629
5.68161, -88.1878, -103.101
6.64746, 185.203, -73.2864
3.40204, -157.913, 25.3092
7.45927, 45.6091, -5.28478
6.70558, -48.6088, 171.689
4.65177, -100.988, -249.969
4.38589, 248.748, 75.3299
2.70802, -104.85, -88.2661
6.80715, 6.4219, -19.291
6.62116, 292.796, -250.351
6.25052, 146.18, -148.344
3.55801, 47.5167, 12.1616
4.31029, -99.2869, -206.131
4.43545, -26.4274, -78.1508
7.32918, 264.605, 221.31
6.5872, 50.9104, -1.53267
4.5755, 245.037, 250.735
5.83759, 17.4946, -170.882
2.52101, 368.867, 39.2834
6.98048, -207.526, 43.5976
3.68416, -36.4204, -187.141
3.79415, -93.0604, -56.7102
5.4939, 76.1538, -9.14658
6.89823, 117.668, -193.12
6.16299, -68.2836, -57.7452
6.0773, 255.495, 180.917
3.57724, -285.273, 130.79
6.30413, 226.354, -250.763
3.85351, 149.401, 94.0252
2.75246, 126.726, 153.999
4.78866, -39.9806, 143.38
2.58759, -93.8252, 252.537
3.01129, -220.691, 179.293
2.639, 175.116, -178.835
5.65921, 124.473, -45.2265
6.34425, -120.622, -88.4398
2.74132, 97.458, -1.05336
6.6924, 78.7246, 43.4252
6.76899, -76.6786, -148.879
6.57649, -267.375, 162.097
6.85188, 122.063, 403.596
5.27222, 6.79909, -146.806
6.12646, -138.6, -188.732
3.20424, 210.151, -14.758
6.6115, 10.8037, 62.3964
5.51185, 237.946, 183.874
4.93856, 100.033, -0.292168
6.14942, 7.59208, 29.1342
4.05164, 188.568, -158.104
3.93925, -162.181, 192.542
5.45857, -186.02, 284.743
5.34055, 299.923, 46.3903
5.41059, 189.12, -110.198
2.84132, -95.3816, 279.937
4.34304, 354.013, 135.214
6.28475, 2.88073, -104.283
6.35297, 113.674, -86.2867
4.27217, -13.3678, -254.432
5.98913, -10.2878, -26.9167
5.08005, -180.702, -256.157
5.94494, 37.5727, -201.499
6.18066, 42.668, -107.627
2.56231, 111.373, 15.8348
7.16549, 1.70999, -24.9748
5.37826, 288.605, 171.919
3.05587, 668.133, 457.519
4.87388, -82.4098, 4.48431
3.24247, 11.8373, -91.9111
4.22594, 134.573, -24.1901
7.04476, -237.065, 6.35044
4.54571, -79.9413, 169.846
5.96642, 10.6697, -121.73
3.35865, -12.241, 16.2707
6.21715, 375.996, -355.928
4.16319, -174.389, 135.735
4.62157, 98.6613, -61.5651
2.79523, -136.894, -142.222
5.09005, 11.072, -90.5053
5.94425, 139.792, 50.8132
5.01149, 31.6861, -126.685
6.56617, -98.9656, -49.6063
3.07974, -106.756, -48.8933
5.24841, 64.0619, -366.598
5.06046, -108.166, -150.188
6.02649, 232.849, 163.619
5.65083, 17.0168, -25.1586
4.0207, -138.334, -43.0754
6.74719, -7.87161, -19.83
3.39619, -85.0165, 164.321
2.61737, -156.668, -14.5756
4.19467, 38.298, 72.8849
3.43818, 215.56, 183.054
6.60467, 97.6113, -106.361
6.72507, 5.50275, -292.913
6.78031, 259.353, -265.389
7.37454, -161.513, 194.593
2.99587, -119.445, -34.8133
2.56182, 428.957, 425.41
2.58614, 323.082, -374.897
2.64527, 32.169, 123.201
4.1031, 260.862, 20.7206
6.17815, 325.172, -46.3399
3.14876, 86.6173, -153.304
2.5161, -171.075, 164.4
6.91905, -137.118, 20.8323
3.70482, 112.097, 117.398
4.38481, -139.17, 220.872
4.44879, -26.037, -34.902
2.81534, -203.184, -233.749
7.30792, 37.3923, -150.096
3.75349, -83.9649, -47.4832
6.85376, 4.5441, -118.563
2.85991, -310.75, 427.179
2.70653, -390.434, 547.08
3.46378, 80.5249, 7.06752
3.86708, 15.1478, 107.169
7.4007, -146.047, -57.3376
3.60607, -68.4884, 90.7068
6.43119, -199.479, 289.591
4.42306, 97.5481, 60.268
3.78593, 111.825, -71.2536
3.91087, -192.405, 37.691
7.33834, -179.943, 179.12
4.22841, 358.438, 219.165
3.45922, -171.551, 11.6609
5.05037, -5.86008, -177.915
5.21857, -27.0831, 424.568
5.72333, -68.2128, -49.3025
3.89738, -245.612, 316.857
3.41887, -143.443, 77.1439
2.71579, -195.937, 204.495
3.98408, -6.23602, -191.281
4.25548, -73.2305, -231.904
7.09372, -269.874, 116.131
5.81225, 40.802, -17.915
5.08041, 237.342, 157.374
4.03763, -217.562, -202.246
3.0007, -23.3927, -250.2
3.47502, 337.113, 83.7498
4.11407, -77.7611, -244.796
5.56182, 142.163, 56.311
5.13511, 42.8555, -90.8263
3.45653, -140.8, -185.262
4.7178, -69.0895, -77.9961
4.48693, -279.435, 106.433
6.28051, -73.9176, 108.03
6.6213, 94.3414, 127.287
5.51573, 317.336, 245.684
3.04573, -7.19105, 18.812
4.11797, -91.259, -30.1309
5.03403, 9.27165, -166.914
4.76521, -174.65, 58.5966
4.77315, 74.2246, 18.4711
4.91125, 261.928, 180.35
5.07896, 84.6469, -49.2681
4.50207, -13.9128, 54.494
4.22945, 277.349, 179.422
6.64533, -183.641, 134.271
3.02204, -210.967, 325.454
6.40057, 53.639, -231.563
3.19919, 45.1561, 70.0594
2.62171, -236.747, -223.513
6.0664, 61.2124, 82.1083
7.15538, -92.565, -46.2946
7.47667, 59.8511, -86.9545
3.86264, -213.849, 68.9898
3.6923, 99.4532, -196.74
3.87328, 183.868, 547.397
5.70836, 132.867, 22.3259
5.17637, 54.1211, -20.95
6.8967, 106.885, -178.787
6.75968, -25.636, -93.9429
2.98004, 142.621, 83.019
4.66818, -189.709, 37.3827
3.17045, -87.3579, -33.6267
5.86802, -2.70789, -186.907
5.34964, -11.9721, -26.1593
3.66474, -121.217, 522.162
5.50306, -72.9929, 4.11384
2.6551, 155.522, 31.8033
7.08512, -12.9872, -16.9529
3.82958, -243.088, -29.6334
6.50016, -71.8337, -37.0727
5.46389, -112.146, -26.268
5.0822, -25.647, -16.2906
5.2567, 0.596957, -46.2552
3.47225, 318.581, 502.431
5.36152, 51.741, 167.833
3.81992, 82.6436, -294.836
4.41648, -346.534, 371.526
2.73626, 136.859, 30.4852
4.22823, -24.3466, 70.6227
3.61594, -228.785, 31.5146
3.81264, -226.216, -179.852
3.05141, 45.8479, 18.7044
7.40088, -90.4521, -143.622
5.93794, 169.225, 156.998
5.82158, -6.92152, -179.252
5.99501, -25.1265, -118.25
2.68746, -202.595, -11.3563
3.6706, 143.873, -20.592
3.95397, 310.571, 232.291
3.50543, -68.8338, -86.7191
2.7177, 149.616, -145.36
2.56571, -234.794, 151.584
6.07297, -246.401, 169.819
6.88348, 143.801, 51.3759
5.35088, -111.696, 295.077
6.92743, 549.467, 520.687
5.20042, 51.1154, -127.463
3.31357, 283.677, -331.633
3.30492, 230.983, 257.778
7.19182, 12.9076, -23.79
3.45628, -172.542, -35.9232
3.15761, 312.936, -260.427
4.41122, -103.486, -40.374
6.12674, 104.67, -155.209
2.50651, 254.624, 78.6844
4.60222, -345.724, 197.046
5.18984, 20.2221, -90.7003
4.86596, 15.5413, 7.84222
6.33003, 86.1609, -36.0663
2.9396, -104.254, -112.715
7.04284, -30.7244, -153.433
3.20818, -239.939, -756.727
2.54782, -32.5179, -35.7392
2.82267, -66.0673, -96.9208
4.96742, 34.5357, -154.788
5.40914, 221.141, 127.026
4.03373, -125.27, 173.361
4.57091, -105.379, -70.1417
4.33401, -54.9586, -27.913
3.42687, 5.05137, 32.2692
2.76788, 212.815, 202.734
4.47222, -23.2167, -44.7114
3.98388, -39.4998, -170.885
5.05388, -296.497, 5.21096
3.75392, -106.534, 254.418
5.01589, 256.083, 180.31
2.51168, 66.4279, -10.8539
7.01807, 374.542, -290.515
2.79181, -125.642, -181.565
5.17506, -101.868, 15.7513
3.95754, -425.062, 260.562
7.3023, -119.288, -219.504
4.73406, 241.085, 84.905
5.08479, -60.0596, -177.683
5.93861, 18.9096, -141.361
2.72187, 104.122, -181.317
7.2946, -292.91, 317.243
5.70852, -34.6126, 54.1076
2.80215, -24.2295, -45.5554
3.33964, -53.5359, -106.656
5.76491, -21.7859, -105.63
6.19864, 19.5773, -239.56
3.57011, 47.4564, 184.079
4.31441, 167.206, 254.525
6.56981, -162.686, 196.801
5.32057, -19.4675, -22.1251
7.45886, -135.029, 21.9626
6.5669, -145.918, 80.6163
3.49157, -128.708, 213.084
2.50003, 124.838, 52.9869
4.62608, 230.152, -256.891
4.07406, -156.52, -86.5194
5.56218, 372.842, -157.412
3.83351, 11.5209, -0.522346
4.39881, 121.549, -26.5351
5.43397, -197.181, -243.527
5.95636, -48.2768, 21.9902
7.26736, 19.843, 13.5996
4.89785, -216.436, 29.0802
3.60319, -508.178, 23.1839
5.33741, -85.3513, -227.506
6.09873, -13.3307, -30.8983
4.4953, -277.936, 197.396
3.48326, -169.455, 186.495
6.66971, -137.307, 102.628
5.59561, -443.281, 30.396
7.26866, -24.7227, -187.861
3.23222, -159.222, -166.987
5.38953, -13.3762, -74.7651
7.26796, -219.62, 160.609
3.62331, 521.24, -236.643
7.25137, -168.493, 64.8095
3.07874, -201.3, 133.188
2.58372, 132.211, 250.933
3.90465, -87.9722, -125.721
7.15042, -25.8219, 95.6111
3.04796, 256.37, 180.853
6.77266, 67.3825, 16.9315
5.68532, -138.818, 119.163
5.63853, 90.2623, -3.49702
3.80589, 73.6102, 64.6643
5.13936, -218.449, 51.7637
7.16608, 1.00331, 5.28536
3.98055, 6.70535, -37.9627
4.78006, -89.2801, -405.506
6.35659, -49.6991, -508.173
4.17193, 80.4942, -566.512
6.31775, -114.347, 44.7884
6.65892, 180.304, 51.3613
2.64618, -204.676, 198.276
4.31315, -197.914, 173.04
4.16221, 145.72, -235.101
3.17675, -135.278, -140.193
3.00839, -190.595, 392.068
5.11327, -248.451, 84.3423
3.52046, -120.023, -50.9366
5.00728, -40.0627, -39.3008
5.1371, 235.139, 38.2292
4.13422, 351.862, -264.05
4.75888, -83.4758, -129.754
6.85263, -74.5741, 50.6869
4.72884, 126.956, 71.8847
6.03726, -429.622, 70.3241
6.83171, 245.41, -255.102
6.5822, -224.735, 13.2833
2.67504, 584.159, 362.671
3.8644, 123.631, -256.676
5.21858, 30.3948, -24.5012
3.19942, 135.666, -0.850981
5.57408, -6.30135, -83.268
3.29182, -197.018, -68.1021
4.41129, -120.456, -53.5087
5.94997, -31.2695, -231.161
3.21128, -277.643, 114.617
5.65284, -164.787, 201.941
3.15973, 77.3708, -26.113
7.13583, -213.914, 68.9852
5.53465, -189.495, 294.939
5.50388, -246.463, 49.667
3.33635, -159.193, 23.3571
3.301, -237.098, -755.635
5.91628, 27.3074, -98.568
5.1456, 5.66736, -125.988
3.65264, 85.813, -89.7072
6.55373, -84.4469, -190.29
5.76477, 12.2433, 30.479
4.08597, -5.34493, -96.3124
2.53953, 15.9762, 4.94745
3.49176, 1.86742, 92.0148
3.78831, 4.74361, -215.639
3.03825, -146.315, 157.779
3.49545, 146.242, 143.43
6.75079, 474.705, -214.321
6.63912, -237.753, 79.3548
6.76813, -41.0773, -67.8392
5.71027, -14.1832, 17.7245
3.6787, 240.926, -234.108
6.80638, 28.1819, -118.175
5.4745, 111.649, -100.342
2.52745, -293.127, -111.729
6.84925, -41.1448, -85.0144
7.37729, 44.0549, -150.872
5.59653, 189.495, 105.932
3.85574, -170.996, 199.533
7.46973, -1.82581, -66.2534
4.60751, 39.3417, -383.773
4.20537, 70.8098, -96.3318
4.80717, -44.778, -134.92
4.44822, 63.559, 141.933
4.613, 169.317, 221.307
2.84879, -82.0334, -15.9856
5.5153, -183.998, -53.2842
7.36114, -5.38014, -150.821
5.07406, 151.123, 53.6362
7.45461, -42.1624, -28.8121
5.84906, 84.3133, 261.693
4.01716, 193.115, 11.7533
3.47371, 249.395, 198.126
4.0109, -138.597, 131.844
4.93946, -118.188, 140.572
4.72438, 222.343, 49.5942
5.7844, 35.054, 49.3371
3.74227, -195.753, -197.894
4.72007, 279.302, 103.676
5.75894, 26.8107, -131.216
6.67472, -119.693, 7.98643
6.03698, 16.3607, 27.6798
4.93928, 94.8517, 232.809
6.72039, 33.5759, -154.359
7.00296, 1.29303, -163.48
6.33082, 102.191, -18.7527
5.29453, 171.953, 20.507
2.70603, -43.7658, -35.5158
5.46749, -102.639, 130.981
2.68674, -158.712, 357.727
4.53488, 48.9857, -130.309
2.84243, 18.7771, 34.9763
7.38558, 12.7782, -78.6164
2.5956, 235.806, 1.37288
6.60363, -149.39, -243.476
5.2195, -359.218, 225.626
5.72828, -17.6481, -137.525
3.62934, -22.186, -128.649
2.733, 460.972, -556.324
3.63154, -51.6298, 79.927
4.58371, -147.118, 409.977
6.40126, 85.8367, 121.763
3.72852, -155.279, 215.227
4.81411, -45.0711, 115.279
6.14756, -132.247, 178.081
5.35237, -442.129, 149.596
5.45997, 221.828, 243.951
4.98425, -228.634, 35.8625
3.951, 146.618, 141.023
4.71107, -125.705, -95.7243
2.53669, 379.589, -416.913
7.41683, 2.50058, -2.43623
2.52822, -24.3234, -15.3718
4.8676, 98.8879, -242.342
5.86497, -205.116, -231.304
