6.27803, -3326.57, 1966.37
3.5948, -69.8178, 1209.83
5.89648, 293.015, -31.0126
5.09708, 504.284, 127.033
2.76731, 6409.36, -6556.75
2.53849, -2273.08, 2701.6
4.58743, 8985.36, 5330.38
7.15218, 314.296, -31.2642
2.95982, 435.534, -329.094
6.00595, 219.712, -119.278
3.81226, 213.204, -92.2666
4.14117, 313.511, -96.7722
7.45519, 775.741, -747.778
7.41275, 249.239, -148.653
5.75759, -488.555, -308.96
6.92354, 175.816, 131.885
6.33247, 49.8862, 7.83527
3.87453, -2507.17, -918.565
4.93259, -1393.64, -1106.49
2.80282, -8152.62, 2063.8
5.08146, 46.4656, 73.4746
4.96988, -5697.09, 2128.96
7.23882, 399.008, 147.717
4.42071, 265.238, -36.49
5.14874, -4297.34, 1122.65
2.75042, -319.663, 5703.57
6.63909, 368.441, -1.23495
5.94228, 786.544, -186.935
6.18112, 733.268, 70.1853
6.94286, -4225.69, -3674.42
4.25508, -324.656, 340.744
6.72991, 277.806, 282.183
3.84659, 857.586, -296.991
4.83959, -229.736, 655.069
3.2686, 56.0606, 27.711
2.66527, 846.228, -517.16
7.2768, -1425.6, -997.142
6.95369, 136.166, 82.6988
3.29884, -241.606, 408.085
3.15214, 1792.65, -981.736
2.515, 3374.4, -605.373
6.0491, -98.4446, -23.6175
3.40448, 525.697, 0.913731
5.76029, -1027.38, 263.087
4.42907, -57.7837, 165.523
3.23766, 1382.56, 1477.3
5.45054, 874.3, 333.81
3.24076, 3029.47, -1446.28
3.2091, -2508.35, -1444.59
4.94257, -277.892, -194.551
3.13015, 374.135, -575.022
5.64635, 1087.9, 212.061
5.60817, 392.59, -127.912
4.88216, 3888.74, -5362.89
2.64188, -612.088, -147.928
3.21011, 4668.12, -679.028
3.15594, 560.698, 1.63632
3.31099, 1613.11, -2462.84
3.76529, -277.109, 163.359
4.77654, -5420.53, 2623.63
6.54472, -132.093, -1060.42
3.57624, 199.401, 86.4567
3.75063, 259.426, 13.8818
5.02978, -1234.7, -2187.87
6.27922, 264.462, -27.3904
5.66369, -1857.44, -3751.6
5.9449, -2364.14, -1752.01
7.27207, 216.642, -459.797
5.18713, 5599.28, -2837.66
4.57014, 126.402, -2444.51
4.70019, -392.657, -494.469
6.07821, -1942.92, -1851.8
6.20858, -2837.03, -2111.81
5.12494, -3659.53, 2927.26
6.06711, 272.745, -69.1011
5.91025, 422.354, 162.262
6.82941, 2200.41, -1755.25
3.19597, 479.542, 1787.59
3.57766, 233.317, 155.973
5.0733, 1331.16, 2350.68
4.83766, 280.939, 9.68266
3.55759, 4168.71, -4229.72
5.65244, -240.015, 417.313
2.5044, 3292.71, -4738.85
4.09589, -844.285, -2895.68
5.90281, 236.572, 38.2787
6.0446, 127.594, -180.51
2.90869, 226.355, 31.8596
3.56926, -269.477, -525.023
4.44412, 234.753, -176.429
4.44927, -4216.59, -1426.59
3.92018, 82.3158, 647.149
4.6123, 191.274, -149.03
2.55658, -2400.33, -157.347
3.72027, -5812.89, 3069.73
4.49072, -2256.52, -3806.52
6.64177, 781.815, 251.242
3.78584, 633.5, -462.107
3.59705, -1225.69, 599.439
6.47385, 221.5, 22.8917
5.8476, 1426.07, -390.729
5.49108, 455.318, 862.353
5.99917, 2766.34, 1826.11
5.13062, 238.376, 196.683
4.14833, 118.485, -196.251
3.30844, 6440.49, 1124.03
6.56633, 297.766, -145.605
4.08004, 76.258, -689.269
4.05369, 785.04, 396.098
4.65424, 248.333, 41.7138
4.46509, 499.816, 217.69
4.43916, 277.568, -321.503
4.34871, 185.08, -211.794
5.88118, 302.697, 162.242
6.10384, 381.318, -390.298
7.20082, -2455.05, 1003.33
5.08573, 116.623, -7.70348
5.5282, -503.18, -198.375
5.85049, 1648.19, -2478.54
5.11404, 195.208, -165.943
3.87105, 356.478, 211.909
7.08924, 164.299, -11.5898
3.73367, 421.373, 93.3656
4.77876, 480.352, -369.566
3.30374, 342.398, 71.3754
4.68319, 142.774, -52.1886
7.45767, 860.882, -349.008
6.26931, 4181.21, -4064.45
4.97846, 59.8699, -837.922
7.01651, 135.665, -55.0468
4.68213, -291.773, 178.927
5.09239, 2238.05, -1770.24
4.44866, -1928.58, -3148.36
5.63431, 42.4702, 30.2098
5.19331, 174.083, -65.697
4.35955, 131.825, 1132.87
2.54674, -119.558, -818.926
6.3794, 329.596, -20.9176
2.85317, -488.356, -560.123
3.98511, 594.34, 99.3973
4.78581, 123.512, 1621.97
3.25156, 594.308, 200.904
5.97819, 97.0346, -592.81
4.15587, -491.462, -568.803
5.21197, -3594.5, 6366.2
2.64678, -3498.63, -2266.42
5.38086, 303.644, -210.658
5.18133, -8.32543, -120.414
7.36678, 654.117, 285.703
5.57063, 209.206, 16.2722
5.26431, 2779.79, -4799.69
6.69051, 1205.84, -207.892
3.75764, 461.056, -1156.68
6.98957, 92.0074, -78.2451
5.97428, 124.644, 87.3089
5.82752, -489.282, 2444.15
3.06838, 572.419, -693.545
3.37987, -1703.37, -748.517
2.91253, -1810.64, 2923.08
6.68103, 518.183, 121.503
2.64818, 673.161, 3874.29
6.34719, 296.407, -70.4638
4.29829, 227.802, -3727.01
6.24626, -948.116, -339.367
6.28385, 283.718, -102.844
3.60834, 2524.62, -1412.92
5.58305, -344.244, 231.586
3.66846, 571.325, 303.174
6.22052, -31.3073, -3690.63
5.80997, -261.053, -794.788
4.9209, -3520.85, 6380.52
2.58972, 742.377, 379.848
4.98291, -15.075, 414.508
5.09587, 234.308, 47.4055
4.71395, 696.268, 3417.13
4.14528, -2471.92, 1540.51
3.52671, 111.953, -19.5543
7.19863, -1.34077, 1138.17
2.85168, 1156.31, 3113.28
3.30042, 412.457, -1208.51
6.70788, 15.9731, 138.885
4.13614, -24.7001, -8.00887
6.85942, -38.555, -24.6742
5.99896, 466.76, -2.2214
5.52801, 646.158, 15.6055
4.77536, 698.616, -201.221
2.91543, -199.568, 882.226
3.94883, -3516.59, -895.359
6.51009, -63.6912, 10.6799
6.81821, 227.811, -1312.61
3.81831, -4863.93, 381.855
4.79881, 750.628, 354.807
4.95672, 211.25, -83.557
5.82344, 1626.68, -2466.36
7.31738, 205.688, -185.272
7.23022, 342.4, 86.4998
2.81902, 1667.96, 75.7641
5.04829, -712.259, -611.33
6.13222, 358.176, -305.641
5.65882, 208.493, 96.4273
3.26658, -365.125, -539.349
5.09652, 695.696, 3419.44
3.52281, 6152.58, -1935.74
6.03231, 84.1666, 168.873
6.05786, -1307.26, 6558.28
3.66304, 287.544, 456.575
6.80594, 199.323, -131.64
2.67122, 260.283, 148.638
6.26587, 948.602, -117.186
4.14789, 358.736, 871.75
4.65309, 5551.28, -1439.42
7.33455, 82.1643, -372.858
4.05803, -1821.04, -1757.39
5.69762, -6405.99, -75.4502
5.95386, 317.049, -147.736
5.36403, -487.113, 324.161
6.60667, -3603.1, 6362.92
4.21807, -3881.51, 1497.64
5.09387, -116.117, -162.239
6.78438, 217.456, 970.084
6.18587, 94.6166, 779.941
3.45992, 1659.33, -754.95
2.83145, 315.447, -32.8429
3.60828, -4608.04, 2910.35
3.33656, 265.449, -221.071
6.31172, 147.143, -184.157
5.44905, 1698.19, -2283.23
4.65223, -6713.29, -470.208
7.09618, 1652.39, -4.60092
5.09668, -1022.56, -1546.33
7.38058, -552.681, 62.7908
5.15714, -38.8107, -83.7153
2.98716, -1167.85, 642.752
5.83983, -632.652, -597.677
5.44444, -601.416, 2897.55
5.01137, 328.286, 141.204
2.75808, 448.148, 1442.14
2.6753, -189.377, 291.908
4.41484, 143.723, 567.809
5.55555, -2846.17, -3152.3
5.06574, -6708.73, -466.76
5.98498, 260.223, 79.4446
4.89891, 326.607, -206.974
3.88323, -6882.54, 40.0894
6.01685, -309.258, 3143.19
3.67701, 178.925, -117.622
6.41501, 259.263, -17.0023
6.60589, 531.286, 430.047
3.21842, 4282.99, 3685.08
5.75757, -389.797, -356.807
3.87677, -1399.65, -1844.84
7.26215, 3112.09, -1208.39
4.58238, 471.009, 280.737
3.03869, 161.265, -452.576
4.70633, 358.578, -391.16
6.28811, 128.409, -526.329
2.77803, 191.773, -49.6183
3.51241, 202.56, -96.5942
6.82305, 373.476, -281.451
6.52456, 336.5, 171.214
2.78861, 693.089, 2011.97
4.40304, 84.2193, 160.898
4.56124, 32.7777, 46.88
2.80071, -1380.83, -600.045
7.09746, -1184.4, -1019.45
3.35398, 216.187, -56.6185
6.51634, 254.069, -487.898
3.88599, 2810.02, -755.979
4.44586, 94.8796, -97.5545
7.19936, -2078.04, 1150.22
6.24573, 115.739, 3186.27
3.44774, 4645.11, -4715
6.89581, 262.451, -31.6047
6.8953, 154.413, -10.4188
3.30515, 204.106, -1754.12
5.87346, 314.963, 198.271
6.89096, 136.082, -37.7758
6.98262, -774.065, 4238.39
3.06535, 329.124, 24.3869
5.93789, -1887.94, -1439.84
3.21651, 110.99, -581.179
3.6901, -893.101, 305.675
5.64383, 3283.58, -2249.31
4.312, 141.928, 84.9029
4.64437, -2074.09, -1909.77
4.91936, 1750.18, -2064.14
6.20379, 91.9549, 1817.46
3.23098, 260.033, -385.976
7.36238, 102.673, -77.0114
7.3158, 424.294, -68.8622
3.14741, 2907.31, -1807.46
5.3784, 181.043, 126.642
4.66439, 171.336, -841.317
5.50066, 468.688, -35.8644
5.85098, 278.958, 446.775
4.5137, -3438.03, -1180.57
6.46691, -1939.26, -1660.26
4.89889, -4061.57, 1993.32
5.72449, 41.6678, 362.218
4.28836, 6444.64, -1007.69
5.96794, 115.162, -934.352
5.83428, 1044.26, 558.534
3.22071, 57.2624, -18.9499
7.10415, 188.607, -89.047
4.22228, 1252.71, 4376.46
6.66824, 151.171, -176.428
2.74349, 184.914, -1031.97
3.27936, 1460.22, -2428.2
2.55765, 639.046, -363.164
3.94327, 301.819, -155.713
5.07295, 119.787, 345.215
3.65948, 1262.76, -3934.47
2.75022, 569.487, -347.697
5.33091, 564.611, 141.463
6.69774, 612.239, -265.99
4.28763, 621.026, -10.4242
4.3452, 198.84, -961.225
7.22226, 210.356, -36.8251
4.72425, -1405.28, 8.83675
6.82086, 220.35, -168.904
5.82654, 231.537, -49.433
5.79297, 437.354, 259.64
7.10736, 2915.25, -2135.7
5.11536, -3655.53, 2929.46
5.45229, -57.0374, 864.654
5.79944, -229.482, -2975.3
4.24765, -1732.34, 1151.53
4.11714, 474.772, 381.053
7.08984, 233.424, 848.85
3.08619, -5399.41, 2096.41
7.31268, -436.8, 352.905
5.17978, 181.105, -64.926
5.81447, 1831, 1031.33
5.48362, -5593.19, 2677.86
6.93363, 92.637, -1142.3
6.67999, 320.275, -68.8334
6.69339, 147.369, -53.5892
6.85642, -379.737, -375.039
2.5002, -448.259, 2476.42
4.77274, -1133.22, -3404.61
4.25696, 1672.17, 136.703
5.80713, 5659.89, -4324.2
6.22234, -213.474, 238.126
3.3821, -1090.24, -4855.67
7.4621, -1330.95, 1545.29
5.95466, 472.668, -219.345
6.97862, -499.225, 72.0962
3.51579, -1364.65, -525.565
7.2356, 762.918, 522.938
4.88476, -5151.94, 2804.33
6.78578, -4605.76, 2908.63
6.41237, -196.816, 33.2429
5.70687, -3524.08, 3426.58
3.14521, 365.866, -161.877
5.77944, 164.102, -591.32
3.09199, 267.331, 45.4014
3.88793, 2956.01, 822.933
6.65548, 93.465, 2750.42
6.14153, 4333.24, 5581.24
6.74348, 4834.09, -3616.23
3.43989, -401.826, 357.062
6.09602, 76.4476, -51.8699
4.25586, 7.59906, -632.125
3.34555, 352.241, 171.34
4.52383, -5185.21, 592.99
4.20924, 249.145, 109.151
6.67141, -236.613, 196.828
3.9111, -3995.82, -6478.28
5.16766, 4104.19, 2360.89
6.25085, 1222.94, -2178.46
4.62554, 550.073, 280.555
4.66964, 841.982, 162.293
3.03022, -3808.94, -2767.92
6.4639, 273.256, 248.12
3.91232, 445.859, -1.98777
7.14264, 4288.71, 6640.98
5.37926, 414.726, 145.61
3.4895, -422.28, -297.028
5.99081, 262.701, 25.271
3.07265, 894.347, -67.8159
4.22945, 45.3651, -887.578
4.15646, 120.747, -214.988
6.42735, -5645.05, 2721.95
6.65775, 229.177, -198.892
4.21712, 187.955, -79.436
4.2603, -695.4, -79.7914
6.38197, -25.5652, -16.809
6.58658, 205.518, -284.744
4.26157, -280.39, -570.456
7.09559, 239.832, 148.909
3.2877, 604.282, -42.7226
5.56029, -100.132, -184.084
5.54222, 218.163, -180.057
3.16647, 3177.12, 3246.13
3.51409, 4071.27, 5542.93
4.79457, 282.931, -138.789
3.48759, -350.822, 1587.49
6.77118, 430.694, 323.201
6.54562, 1117.25, 980.914
2.80131, 2728.87, -1813.94
6.50584, 1728.72, -5075.53
5.49597, 430.117, -27.8898
7.43182, 58.0377, -96.1072
2.65919, -432.998, -83.736
6.8356, -3438.54, 4118.87
3.69109, -2014.6, -732.128
3.6127, 2147.86, 926.469
4.73907, 7095.41, 3309.88
2.61231, -272.611, -57.5738
6.79755, 126.41, -81.4758
4.15902, 483.975, -4231.42
5.72195, 797.379, -453.69
7.43521, -12.1142, -35.0885
5.30162, 219.089, 14.229
4.74553, 184.264, -132.481
5.213, 94.4285, -412.743
2.90797, -2468.13, 861.992
3.99606, 1596.1, 3051.1
6.63964, -3860.95, -711.139
6.48936, -4445.52, 1915.77
5.71048, 453.678, -224.882
4.84105, 58.6504, 210.173
7.15326, 581.662, 2018.27
5.08798, 291.47, -786.636
7.42924, -4597.12, 2851.76
5.94567, -300.508, -177.707
6.19966, 179.924, 18.4426
3.46323, 1218.62, 1525.91
6.08881, 3053.73, -1754.79
6.11146, 905.584, -514.198
6.49298, 204.774, -128.559
4.23216, -5235.7, 340.481
5.1481, -2193.69, -1212.79
3.19001, 1232.41, -251.9
6.73218, 172.296, -179.032
6.32766, -344.761, -515.967
7.5, -5609.9, 2668.31
4.24891, -8041.7, -2607.18
5.50367, -623.25, -159.263
3.50808, -493.961, 3486.7
6.2385, -3646.69, 580.589
6.49225, 979.466, -283.211
3.03505, -888.673, -297.658
5.35813, 241.459, 61.392
2.84683, -5226.26, 1737.47
4.16036, 379.139, 812.616
5.80945, 186.901, 188.958
5.27726, 425.908, 3998.94
7.12415, 420.945, 598.157
2.69832, 335.957, 2827.24
2.62083, 756.618, 997.627
4.61923, 210.967, -214.732
4.36987, -912.798, 414.524
2.93303, 3707.28, 3657.64
3.05403, 267.937, 11.7356
5.31992, -5071.71, 157.46
7.37269, 177.394, -45.3811
3.05066, 141.215, -3865.82
5.99352, -3118.6, -3435.66
2.79674, 32.7821, 495.118
4.69755, 717.638, -580.376
5.24651, 1206.27, 547.825
3.45129, 22.7705, 136.532
7.36597, 309.296, 41.0588
3.19593, 265.469, -165.83
5.48978, -3120.29, 273.437
7.12812, 285.565, 551.85
3.91116, -1557.02, 357.275
6.8307, 507.547, -390.027
6.29598, 862.464, -1289.09
6.10793, 195.656, -20.9572
3.34241, 286.157, 14.2913
3.32882, 1406.44, -2605.44
3.39076, 343.176, -108.852
5.87226, 153.097, 43.1697
4.83484, -366.446, 650.804
6.85219, 105.34, 28.3315
5.76023, -590.74, 313.554
5.80464, 1842.96, 1031.23
2.58037, 163.343, 132.681
4.30596, 5998.41, 3382.05
3.72747, 126.046, 1023.94
6.93086, 107.646, -30.195
5.23701, -7624.12, 139.402
6.57209, -514.21, -316.964
5.24453, 381.086, -70.1017
4.16156, 859.874, -335.419
4.40213, -1842.9, -3312.51
2.52389, 2093.68, 418.939
6.95226, 205.517, 42.9852
6.16955, 864.011, 254.845
6.04239, -215.655, 174.986
5.1278, 1987.12, -2865.65
6.41065, 154.107, 187.178
3.42484, 325.929, 120.258
5.72673, 222.023, 42.7372
3.42178, -20.1494, -140.587
3.31214, -1054.68, 693.432
2.65594, 1250.13, 1473.88
7.42716, 76.1126, -40.3123
4.04559, 586.984, 138.275
4.11075, -124.357, -7.68806
5.51155, 276.897, -36.8055
2.89107, 5813.32, -1056.69
3.93936, -611.145, -27.4652
5.79307, -110.364, 575.908
7.36348, -52.0252, -64.7457
7.27758, 4152.29, 1664.41
7.42745, 434.563, -138.297
7.30478, 178.085, -62.7257
3.0073, 944.706, 110.062
3.71505, 28.8999, -61.056
6.91151, 740.28, 77.1161
5.28805, 373.325, 7.7285
6.7669, 28.7934, 41.4318
7.49145, 204.523, -71.6288
3.99751, -4909.8, 1960.06
6.33157, -8852.16, -2874.98
4.81901, 917.808, -1258.73
6.8168, -189.417, -110.428
6.99018, 178.083, -49.0756
7.377, 793.839, -36.9602
2.77405, 668.057, -209.298
6.32605, -220.058, -404.832
5.09219, 1578.2, -2488.73
3.46574, -609.34, 210.56
6.98252, 140.977, -57.5043
6.38492, 189.633, 49.3052
2.75968, 803.21, -1654.12
7.47331, 1625.32, -2563.65
5.93659, 197.248, -46.7614
5.94854, 1804.94, 1002.47
6.57666, 3040.93, -1450.16
7.05426, -138.86, -39.8835
3.34218, 2696.84, 5219.15
5.24183, 2949.78, -2207.84
6.53351, 120.5, 60.8779
4.17803, 352.227, -94.8415
5.53435, 69.4859, 561.677
6.59602, 1718.24, -2299.33
7.3485, 167.472, 116.381
6.29349, 671.777, 496.259
3.72113, 64.6123, -1176.21
5.80589, 540.473, -134.113
4.21574, 89.4567, -94.0003
7.27146, 222.063, 149.389
2.60828, 3120.31, -3377.6
4.54979, 149.124, -51.3236
2.55789, -4348.99, 3971.47
3.04964, 328.803, 1639.57
5.28259, 286.925, -188.241
4.45466, 256.69, 6.55119
7.20539, 207.367, -177.944
2.55572, -250.689, -20.7715
6.22897, 1117.08, -2648.15
3.84293, 71.2183, -276.505
4.27153, 168.195, 99.1135
3.45835, 6452.68, -6591.59
5.14832, 477.116, 216.207
4.39478, -957.738, -5509.19
3.16407, 304.117, 116.292
4.26563, 118.548, -264.308
4.2497, -5195.77, 2684.63
7.41084, -2386.11, -1782.79
5.25961, 443.58, -28.2204
4.99918, -1995.3, -566.541
3.58531, 1507.18, -2218.08
4.37311, -264.975, -849.146
6.78251, 3369.83, 3035.1
6.45578, -3165.6, 6433.18
3.9204, 2974.03, -3774.14
5.07645, -194.18, -24.2355
6.79238, 468.736, -10.8843
7.07844, 145.62, -84.433
7.48941, -1969.32, -1646.17
6.53177, 183.141, -185.87
5.22718, 240.247, -600.045
7.3461, 870.128, 299.575
5.31931, 1168.03, 413.955
4.03031, -196.116, -479.62
5.41853, 101.949, 48.6561
2.91197, 143.701, -415.141
5.47382, 314.186, 273.364
3.31968, 2924.77, 5705.66
6.46527, 477.271, 89.8552
2.95373, -402.411, 1644.55
6.3072, 74.0186, -752.403
6.83996, 161.348, 35.6274
6.40105, 218.607, 10.1892
6.61399, -1930.27, -287.029
6.70974, 226.431, 81.415
4.48328, 365.757, 581.203
6.508, 212.544, -175.732
6.56811, 355.63, 82.3861
5.43493, 440.57, 1023.46
4.64621, 190.521, 700.882
2.5002, -1240.78, 446.767
5.31153, 116.5, -128.95
6.22632, -665.667, 662.927
3.89846, 3471.03, 2087.94
2.93406, -863.622, -4931.22
3.5733, 876.31, 1071.76
3.93296, 802.095, 33.3586
4.86595, 29.952, -67.0314
6.95893, -1935.07, -1672.49
5.91955, -548.507, 268.719
3.54376, -234.542, -128.793
6.67533, 300.852, 48.2494
7.09218, 264.683, -677.923
4.48244, 511.768, 257.051
6.37858, 1735.96, 84.2485
5.68161, 735.045, 257.912
6.64746, -279.615, -149.004
3.40204, 1759.47, 483.846
7.45927, 232.532, -94.826
6.70558, 112.926, -133.707
4.65177, 354.52, -720.04
4.38589, 213.726, -75.9361
2.70802, 504.223, -602.494
6.80715, -689.445, -1069.89
6.62116, -4531.4, 2716.84
6.25052, 1823.16, 1240.9
3.55801, 115.754, 196.036
4.31029, -433.152, -298.676
4.43545, -234.525, -310.969
7.32918, -3297.24, -2064.8
6.5872, 437.811, 58.8261
4.5755, 2098.15, -318.415
5.83759, -253.222, 557.171
2.52101, -4409.65, 4641.97
6.98048, 331.683, 47.8975
3.68416, -270.082, 1105.19
3.79415, 217.343, 34.7232
5.4939, 1245.53, 169.231
6.89823, 577.669, -128.627
6.16299, 124.781, -212.785
6.0773, 756.466, -301.181
3.57724, 6453.92, -288.245
6.30413, -4384.88, 3455.25
3.85351, -124.531, -403.436
2.75246, 340.185, 73.6264
4.78866, -1898.57, 492.743
2.58759, 23.1826, 209.777
3.01129, 6600.98, -4193.96
2.639, 3166.11, -1907.1
5.65921, 113.211, 189.781
6.34425, 212.708, -140.501
2.74132, 404.866, -25.6776
6.6924, 338.602, 594.818
6.76899, 246.858, -58.3758
6.57649, -234.712, 732.744
6.85188, 469.17, -4622.45
5.27222, 978.436, -312.912
6.12646, 59.3861, 550.594
3.20424, -4766.44, 4074.77
6.6115, 144.247, -17.9174
5.51185, -2840.42, -3152.73
4.93856, 213.125, -663.883
6.14942, 491.551, 288.803
4.05164, -1799.99, 1189.04
3.93925, 185.61, -492.894
5.45857, 2248.29, -2802.22
5.34055, -3275.3, 1749.61
5.41059, 2737.47, 2234.92
2.84132, -479.824, 294.05
4.34304, -1683.89, -537.697
6.28475, -438.131, 125.946
6.35297, 613.369, 3132.85
4.27217, 339.161, 454.418
5.98913, 370.045, -71.4501
5.08005, 1793.55, 1178.38
5.94494, 710.428, 267.549
6.18066, -1719.45, -1327.61
2.56231, -2923.87, -1784.86
7.16549, 134.545, 36.7698
5.37826, -171.543, -286.631
3.05587, 1005.99, 206.698
4.87388, -8.22956, -238.848
3.24247, 1850.46, -993.652
4.22594, -9261.72, -2060.67
7.04476, 212.499, -183.854
4.54571, 2940.55, -1439.15
5.96642, 277.653, 29.6254
3.35865, 264.059, -29.8451
6.21715, -5039.19, 1752.55
4.16319, 265.501, 81.999
4.62157, 27.2397, -41.9411
2.79523, 269.394, -0.0684319
5.09005, 83.9484, -120.77
5.94425, 364.399, -204.797
5.01149, 374.97, 174.236
6.56617, 178.279, 153.275
3.07974, 122.099, -486.84
5.24841, 878.921, -435.932
5.06046, 718.647, -41.9632
6.02649, -1935.06, -1677.63
5.65083, 177.74, -219.794
4.0207, 41.6628, -137.434
6.74719, 172.566, -65.5254
3.39619, 1717.12, -2356.32
2.61737, 351.803, 1080.9
4.19467, -32.3147, -131.689
3.43818, -1944.32, -1589.41
6.60467, 136.284, -113.362
6.72507, 122.874, 3207.09
6.78031, -3262.78, 1807.21
7.37454, 93.9201, 135.799
2.99587, 5.93332, 556.277
2.56182, -4165.54, -3107.74
2.58614, 666.044, 718.903
2.64527, -255.716, -333.694
4.1031, -1795.02, -1733.18
6.17815, -3347.16, 1993.41
3.14876, 841.437, 106.823
2.5161, -3132.76, -638.148
6.91905, -847.059, -643.909
3.70482, 89.6168, 149.682
4.38481, 210.213, 1319.5
4.44879, -7.71634, -162.525
2.81534, 3851.1, 1461.98
7.30792, 127.542, -98.7438
3.75349, 392.787, -24.3741
6.85376, 381.928, 105.973
2.85991, 3211.68, -4336.14
2.70653, 4199.7, -2585.89
3.46378, -596.101, 291.589
3.86708, -2179.66, -1967.12
7.4007, 189.115, -117.36
3.60607, 1275.39, -5299.58
6.43119, 1645.09, -2477
4.42306, -309.703, 1626.14
3.78593, -3028.52, 3499.53
3.91087, 141.108, 220.232
7.33834, 1231.15, 488.355
4.22841, 239.771, -89.7558
3.45922, -595.451, -788.119
5.05037, -21.6804, 124.608
5.21857, 1180.74, -4733.27
5.72333, 1029.62, -256.228
3.89738, -963.628, 157.786
3.41887, 246.296, -383.213
2.71579, 2293.5, -2663.15
3.98408, -5.91206, -9.03874
4.25548, 885.684, -554.544
7.09372, 135.566, 8.42072
5.81225, 153.218, 559.643
5.08041, -1961, -1650.15
4.03763, 223.138, -35.9325
3.0007, 1905.18, 2045.46
3.47502, 125.072, 88.0227
4.11407, 3267.33, 3321.35
5.56182, 57.3995, -221.28
5.13511, 2997.99, -1436.91
3.45653, 119.709, 493.898
4.7178, 5750.26, 3378.92
4.48693, 6628.84, -1293.28
6.28051, 43.4234, -455.732
6.6213, 770.459, -344.241
5.51573, -206.343, 448.431
3.04573, 102.284, -559.141
4.11797, 2429.33, -720.659
5.03403, 213.856, 50.6838
4.76521, 435.11, -496.578
4.77315, 671.952, 269.355
4.91125, 92.9971, 14.0927
5.07896, -4534.94, 787.825
4.50207, -2222.54, -972.18
4.22945, -520.504, -324.556
6.64533, -12.9925, -432.118
3.02204, 2296.06, -1559.17
6.40057, 252.304, 13.3131
3.19919, 933.385, -597.757
2.62171, 4010.77, 4530.64
6.0664, -42.6569, 1184.59
7.15538, 162.676, 78.3955
7.47667, 179.7, -116.549
3.86264, 83.5035, 135.726
3.6923, -1927.27, 182.877
3.87328, -455.979, -3171.04
5.70836, -630.065, -720.157
5.17637, 107.598, -182.758
6.8967, -2902.27, 5111.85
6.75968, -234.409, 21.8769
2.98004, -107.604, -433.561
4.66818, 219.363, -276.253
3.17045, -38.5218, 240.717
5.86802, 238.653, 51.4995
5.34964, 237.616, -582.807
3.66474, 75.6342, -787.231
5.50306, 1024.41, 264.534
2.6551, 167.216, 133.804
7.08512, 212.799, -103.085
3.82958, 426.707, -708.606
6.50016, 183.375, -77.2107
5.46389, 175.368, -195.712
5.0822, 749.814, 80.5428
5.2567, 2310.92, -1202.75
3.47225, 637.994, -200.86
5.36152, -3029.42, 2.59735
3.81992, -644.553, 7008.88
4.41648, 2876.07, -5926.39
2.73626, -513.413, -313.383
4.22823, 553.678, -79.5476
3.61594, -3089.86, 7462.11
3.81264, 199.492, -131.061
3.05141, 155.974, -19.2844
7.40088, 175.167, -223.4
5.93794, 717.464, -331.917
5.82158, 441.365, 68.1642
5.99501, 683.616, 220.422
2.68746, 295.171, 17.2157
3.6706, 383.64, -132.192
3.95397, -5787.67, -8707.72
3.50543, 302.019, -201.887
2.7177, -2716.27, 4083.81
2.56571, -1160.18, 100.847
6.07297, 6155.08, -1940.63
6.88348, 648.03, 129.394
5.35088, 1854.44, -3426.49
6.92743, -3124.42, -3575.05
5.20042, -1644.28, -564.103
3.31357, -1734.62, 138.442
3.30492, -2826.57, -2119.6
7.19182, 65.0035, 170.692
3.45628, 73.9018, 572.618
3.15761, -3004.02, -372.27
4.41122, 620.005, -540.218
6.12674, -582.031, 2904.9
2.50651, -6706.79, -466.69
4.60222, 4765.78, -2695.91
5.18984, -707.622, -76.9317
4.86596, -1331.92, -651.779
6.33003, -171.091, -224.178
2.9396, -918.505, -955.553
7.04284, 39.8525, 283.042
3.20818, -6.32868, -474.658
2.54782, 243.473, 542.223
2.82267, 23.14, 669.282
4.96742, 80.5044, 209.8
5.40914, 137.499, -12.3631
4.03373, 3957.45, -6912.13
4.57091, 337.145, -5.49802
4.33401, 1689.67, 1944.07
3.42687, 445.851, -2399.32
2.76788, -2818.03, -2527
4.47222, 145.371, 37.716
3.98388, -1367.78, -1491.34
5.05388, 335.13, -144.825
3.75392, 2368.98, -3819.19
5.01589, -1394.94, 2411.22
2.51168, 159.259, -479.419
7.01807, -5596.76, 2675.85
2.79181, 3411.78, 3560.92
5.17506, 233, 3201.28
3.95754, 2777.26, -1110.95
7.3023, 131.957, -23.71
4.73406, -3316.49, -1256.83
5.08479, 192.312, -49.0191
5.93861, 867.351, -718.921
2.72187, 85.0278, -58.094
7.2946, 3817.07, -2761.18
5.70852, 169.607, 87.2144
2.80215, 282.227, -178.154
3.33964, 593.506, 19.2373
5.76491, 255.892, 108.763
6.19864, -495.243, 2440.1
3.57011, 253.395, -624.663
4.31441, 803.202, -1898.8
6.56981, -247.32, 412.821
5.32057, 297.107, 56.8286
7.45886, 297.742, -241.196
6.5669, 201.269, 394.494
3.49157, 3466.47, -4394.56
2.50003, 3.68258, 467.116
4.62608, -3453.07, 4094.02
4.07406, 1836.78, 1136.85
5.56218, -3624.45, 607.914
3.83351, 320.971, -89.3588
4.39881, 1582.57, 415.654
5.43397, 198.178, 6.27036
5.95636, -2158.03, 55.9635
7.26736, 229.226, 34.4419
4.89785, 125.569, 843.501
3.60319, 399.921, 830.16
5.33741, 904.195, 687.184
6.09873, -181.166, -103.231
4.4953, 1826.19, 97.3348
3.48326, 119.716, 241.085
6.66971, 537.986, -137.4
5.59561, 54.109, -71.9957
7.26866, -250.962, 185.032
3.23222, -558.242, 490.429
5.38953, -320.467, -226.033
7.26796, 177.122, -18.5
3.62331, -5666.81, 2810.09
7.25137, 124.058, 65.0625
3.07874, 982.998, -419.576
2.58372, 194.509, -99.4925
3.90465, -18.6926, 31.9724
7.15042, 234.328, -438.066
3.04796, -439.213, -275.564
6.77266, 242.978, 56.9912
5.68532, 160.899, 9.9567
5.63853, 219.597, -22.7085
3.80589, -681.014, 1354.82
5.13936, -926.391, 216.322
7.16608, 2159.57, 899.54
3.98055, -1200.53, 46.1059
4.78006, 290.1, -78.638
6.35659, -1113.41, 4721.47
4.17193, -2024.16, -3290.28
6.31775, 568.058, 347.057
6.65892, -2225.84, 2544.55
2.64618, 2453.59, -1589.37
4.31315, -46.4791, -1042.99
4.16221, 327.76, 169.169
3.17675, 1972.38, 2071.06
3.00839, 1303.79, -4020.9
5.11327, 104.269, -293.267
3.52046, 886.767, -312.478
5.00728, 37.9967, -523.425
5.1371, -4992.56, 3372.5
4.13422, 381.428, 155.337
4.75888, 319.258, 71.348
6.85263, -436.403, 257.02
4.72884, 482.242, -85.0606
6.03726, 411.95, 105.869
6.83171, -1803.46, 351.828
6.5822, 536.523, -736.958
2.67504, -3871.37, -1506.56
3.8644, -897.041, 2083.08
5.21858, -1483.12, 989.213
3.19942, 4467.03, -699.296
5.57408, 148.04, 116.206
3.29182, 797.47, -404.843
4.41129, 692.342, 417.451
5.94997, -719.502, -308.143
3.21128, 3927.11, 15.0912
5.65284, 348.951, -147.91
3.15973, -3332.26, -1591.15
7.13583, 110.072, 27.1815
5.53465, 5473.61, -8352.73
5.50388, 623.891, 770.084
3.33635, 1117.07, -216.005
3.301, -1613.33, 2161.42
5.91628, 175.201, -245.874
5.1456, -222.31, 634.102
3.65264, -1990.08, 1101.42
6.55373, 397.302, -66.6427
5.76477, 455.162, 175.025
4.08597, -118.029, 751.412
2.53953, 151.601, -263.164
3.49176, 685.012, -16.8536
3.78831, 61.5215, 264.674
3.03825, 296.858, -1242.58
3.49545, 1.79831, -735.074
6.75079, -5837.27, 3082.57
6.63912, 235.664, 613.188
6.76813, 479.929, -1.4247
5.71027, 180.932, -194.412
3.6787, -2915.24, 3021.44
6.80638, 131.748, -37.2334
5.4745, 88.67, 178.855
2.52745, -1772.22, -1298.4
6.84925, -261.197, -790.254
7.37729, 60.6368, 52.7711
5.59653, -1937.96, -1676.05
3.85574, -167.936, -459.09
7.46973, 266.891, -44.1697
4.60751, -884.981, -700.057
4.20537, 476.912, -14.9904
4.80717, 204.639, 75.7244
4.44822, -1071.38, -2958.57
4.613, -4817.49, -901.134
2.84879, 34.1378, 546.217
5.5153, 15.8773, 68.1612
7.36114, 127.911, -138.118
5.07406, 141.787, 100.842
7.45461, 238.264, 27.2848
5.84906, -2655.55, -6173.46
4.01716, 349.198, 258.99
3.47371, 758.715, -297.273
4.0109, -1200.91, -60.0934
4.93946, -235.519, -138.593
4.72438, 858.586, 116.833
5.7844, -437.499, 203.218
3.74227, 5997.94, 3380.72
4.72007, -1286.19, -1025.18
5.75894, 96.6877, -109.163
6.67472, 96.4826, 92.5097
6.03698, 76.5897, 915.715
4.93928, -57.9448, -1017.8
6.72039, 746.749, 76.4342
7.00296, 851.118, -697.475
6.33082, 357.272, -49.6373
5.29453, 702.664, 1191.21
2.70603, -718.071, 519.338
5.46749, 224.657, -142.011
2.68674, -37.5503, -3936.43
4.53488, -1196.82, 1206.67
2.84243, -38.2582, -556.246
7.38558, 205.124, -264.591
2.5956, 1909.57, 3124.61
6.60363, 97.5139, 59.3102
5.2195, 3926.02, -3352.32
5.72828, -92.4651, 393.213
3.62934, -202.796, 199.349
2.733, 662.419, 3288.21
3.63154, 376.953, -240.222
4.58371, -119.898, -2635.23
6.40126, -294.412, -191.102
3.72852, 1724.64, -2305.07
4.81411, -114.683, -311.346
6.14756, -1201.28, -590.22
5.35237, 5556.84, -760.054
5.45997, 677.311, 224.423
4.98425, -1063.91, -64.0368
3.951, 251.981, 208.901
4.71107, 221.213, -152.839
2.53669, -3195.18, 7040.62
7.41683, 121.763, -98.1842
2.52822, 195.018, -160.014
4.8676, 2085.92, 629.734
5.86497, 3802.4, 6515.16
