6.27803, 187.345, -47.3265
3.5948, -68.9382, -90.9458
5.89648, -90.1143, 65.8968
5.09708, 38.5004, -213.175
2.76731, -36.6436, 9.48829
2.53849, -91.5963, -86.3487
4.58743, -40.9247, -30.0185
7.15218, -138.046, -46.491
2.95982, -5.26896, -202.846
6.00595, -7.8498, -47.0739
3.81226, -206.759, -114.756
4.14117, 4.56669, -67.8319
7.45519, -14.9894, 16.6038
7.41275, 150.223, 45.1917
5.75759, -145.04, -322.682
6.92354, -194.5, 124.028
6.33247, 37.4354, -11.8557
3.87453, 237.612, 3.25368
4.93259, 158.291, 45.2895
2.80282, 336.061, -4.59182
5.08146, 4.46303, -281.466
4.96988, 248.124, -61.1519
7.23882, 196.754, 101.629
4.42071, 70.0869, 36.4434
5.14874, 325.044, -74.5626
2.75042, -34.138, -278.751
6.63909, -40.681, -187.353
5.94228, 205.626, 129.482
6.18112, 85.2119, -233.288
6.94286, 16.582, -53.817
4.25508, 37.8493, -9.9116
6.72991, -93.1489, -108.756
3.84659, -43.9168, 22.7968
4.83959, -124.389, 96.4294
3.2686, 159.572, 119.317
2.66527, -121.037, -131.982
7.2768, 145.012, 196.317
6.95369, -252.424, -204.29
3.29884, 57.3663, 19.9469
3.15214, -305.375, -8.70185
2.515, -497.466, 30.8624
6.0491, 73.2386, 146.87
3.40448, -361.669, -0.999717
5.76029, -133.29, 54.4935
4.42907, -157.216, 31.9504
3.23766, -143.284, -236.783
5.45054, -83.5318, -172.029
3.24076, -162.215, 92.1989
3.2091, -164.592, -273.226
4.94257, 149.673, 108.021
3.13015, 75.949, -82.6265
5.64635, 40.4829, 20.6863
5.60817, -199.818, 207.36
4.88216, -112.127, 46.9001
2.64188, 133.164, 57.1191
3.21011, -231.805, -33.5305
3.15594, -33.4524, -212.771
3.31099, 2.68997, 90.0655
3.76529, -138.317, 87.1522
4.77654, -79.8884, 60.2272
6.54472, -63.3218, -70.7388
3.57624, 38.1608, -156.193
3.75063, -67.8322, -239.535
5.02978, -65.4114, -215.951
6.27922, -55.4075, -125.538
5.66369, 13.462, 167.887
5.9449, 20.1592, 35.9745
7.27207, -83.7478, -108.651
5.18713, -311.344, 153.12
4.57014, 29.0564, -60.7031
4.70019, -74.3546, -60.0671
6.07821, 48.6504, -14.8652
6.20858, 117.09, 130.331
5.12494, -137.205, 1.81419
6.06711, 40.9228, 21.994
5.91025, -113.998, -64.8859
6.82941, -105.021, 143.467
3.19597, -177.056, -49.2584
3.57766, -325.867, 90.252
5.0733, 165.864, 81.9471
4.83766, -70.1705, -220.056
3.55759, -167.386, 195.827
5.65244, 6.08881, -28.2523
2.5044, -18.0121, 87.6546
4.09589, 161.18, -718.541
5.90281, -68.957, -186.999
6.0446, -150.865, 57.8065
2.90869, -9.79588, 32.9597
3.56926, -43.5957, -52.1601
4.44412, 134.439, 169.075
4.44927, -138.14, -146.906
3.92018, -82.926, 35.1949
4.6123, -120.083, -196.35
2.55658, 170.486, 75.6562
3.72027, 100.202, -144.348
4.49072, 122.616, 72.4446
6.64177, 83.4292, -33.0736
3.78584, -71.2331, -2.37972
3.59705, 132.121, 61.0136
6.47385, -151.516, -74.4172
5.8476, 34.6091, -422.931
5.49108, 148.754, -9.38233
5.99917, -136.969, -92.2272
5.13062, -7.86972, 4.60229
4.14833, -13.7795, -23.5931
3.30844, -516.061, 75.3778
6.56633, 18.9065, -140.518
4.08004, -172.963, -151.615
4.05369, 19.7659, -11.1156
4.65424, -157.662, -117.667
4.46509, -6.50261, 213.566
4.43916, -156.199, 16.8697
4.34871, 182.565, 78.9132
5.88118, -45.7827, 125.751
6.10384, -116.85, -82.2036
7.20082, 162.089, -133.215
5.08573, 45.6625, -13.5769
5.5282, -6.78039, -55.8362
5.85049, -53.2686, 27.0571
5.11404, -170.507, 74.0897
3.87105, -6.60923, -113.135
7.08924, -80.86, -63.5977
3.73367, -145.02, 61.7005
4.77876, -7.93688, -345.115
3.30374, 48.7656, -77.2939
4.68319, 121.82, 327.309
7.45767, -176.339, 7.71653
6.26931, -241.945, 200.814
4.97846, 149.941, -15.1633
7.01651, 109.204, 69.2282
4.68213, -115.678, -199.538
5.09239, -48.5291, 47.9563
4.44866, 33.3537, 65.3424
5.63431, 25.0015, 1.04727
5.19331, -206.7, -93.2032
4.35955, -214.41, 187.557
2.54674, 48.4992, -122.897
6.3794, -24.9406, 175.712
2.85317, 326.016, 171.335
3.98511, -182.403, 61.001
4.78581, -88.0639, 196.028
3.25156, 25.4042, 23.2895
5.97819, -192.199, 190.874
4.15587, -244.829, -32.6694
5.21197, 62.6618, -184.607
2.64678, -64.1832, 215.073
5.38086, 66.9644, 95.8475
5.18133, -138.443, -51.8645
7.36678, 158.091, 23.0706
5.57063, -63.4871, -34.3444
5.26431, -214.623, 180.855
6.69051, 15.2564, -207.683
3.75764, 75.1079, -156.117
6.98957, -112.319, -85.2905
5.97428, -194.006, 89.8622
5.82752, 201.265, -91.5381
3.06838, 250.222, 144.821
3.37987, 170.322, 564.155
2.91253, 91.0671, -571.492
6.68103, 103.321, -167.781
2.64818, 181.146, -755.512
6.34719, 16.0166, -9.58538
4.29829, 29.3569, 134.875
6.24626, -70.3894, -114.519
6.28385, -108.391, -45.18
3.60834, -285.912, 192.74
5.58305, 52.6931, 18.8161
3.66846, 65.4871, 45.408
6.22052, 46.9145, 240.473
5.80997, 186.379, 181.334
4.9209, 94.8014, -203.095
2.58972, -349.084, 301.655
4.98291, -45.9785, -138.659
5.09587, 74.2663, 25.3642
4.71395, 228.275, -90.5133
4.14528, 301.491, -74.1862
3.52671, -241.702, 4.27062
7.19863, -11.5555, -161.155
2.85168, 194.205, -197.237
3.30042, -33.1522, 340
6.70788, 43.8194, 47.8432
4.13614, 91.7983, 81.0132
6.85942, 91.5025, -404.547
5.99896, 2.25689, -75.0988
5.52801, -87.8525, -67.9461
4.77536, -67.5476, -88.5756
2.91543, 426.705, -448.104
3.94883, 240.726, 88.6558
6.51009, 228.153, 61.9728
6.81821, -155.444, -58.0911
3.81831, -64.2754, 174.414
4.79881, 6.72095, 26.6213
4.95672, -102.69, 174.276
5.82344, 20.4435, 113.534
7.31738, 154.61, 44.4765
7.23022, -177.217, 17.4438
2.81902, -154.747, 168.81
5.04829, 138.644, 58.3485
6.13222, -15.7787, -65.2402
5.65882, -201.56, -6.79588
3.26658, 118.726, 59.1552
5.09652, 227.963, -91.8417
3.52281, 32.4694, -105.163
6.03231, -125.403, 103.927
6.05786, 136.146, 14.7813
3.66304, -55.3037, -15.2148
6.80594, -6.06948, -5.66628
2.67122, 120.634, -479.795
6.26587, 64.216, -97.424
4.14789, -38.4784, -29.6188
4.65309, -150.361, 9.99106
7.33455, -162.823, -183.96
4.05803, 129.548, 180.313
5.69762, 74.3009, -25.6512
5.95386, -22.9379, -63.8915
5.36403, -40.9303, 23.9003
6.60667, 83.2053, -152.184
4.21807, 87.5065, -98.5113
5.09387, 137.449, 94.6424
6.78438, -144.463, -73.3442
6.18587, -174.494, -127.814
3.45992, 156.48, -71.9986
2.83145, 35.2283, -181.147
3.60828, -60.4469, -72.7897
3.33656, -59.45, 9.46038
6.31172, -9.9532, -44.6291
5.44905, -51.3122, 105.038
4.65223, -58.679, -132.269
7.09618, -124.681, 33.1767
5.09668, -219.94, -193.518
7.38058, 73.2479, -55.1745
5.15714, 83.3201, 82.5319
2.98716, 74.5459, 589.679
5.83983, -167.463, -76.8706
5.44444, -115.673, -92.6694
5.01137, 49.4, 20.1748
2.75808, -27.7367, -522.589
2.6753, -125.701, 110.794
4.41484, -41.8037, -3.70923
5.55555, 40.5369, 115.611
5.06574, -91.9913, -146.335
5.98498, -10.0401, -42.3544
4.89891, 105.969, 134.015
3.88323, 96.7368, -48.186
6.01685, 25.2423, -185.454
3.67701, -7.3871, -249.261
6.41501, 65.2612, -87.3934
6.60589, 47.2498, -244.338
3.21842, -155.405, -370.65
5.75757, -35.9605, -12.1759
3.87677, -145.175, 17.8094
7.26215, -359.631, 491.271
4.58238, 71.5695, -33.9144
3.03869, -55.3375, -189.92
4.70633, 3.84216, -93.2785
6.28811, -9.61635, 15.5975
2.77803, 96.5774, 136.847
3.51241, -73.1773, -7.25607
6.82305, -77.3296, -20.3789
6.52456, -21.0787, 2.66203
2.78861, -40.5684, -176.752
4.40304, 30.3172, -26.2158
4.56124, -102.713, -149.376
2.80071, 58.9241, -205.458
7.09746, 18.6105, -8.3046
3.35398, -65.14, -119.477
6.51634, 95.1019, -97.4588
3.88599, 9.61135, -65.0608
4.44586, -544.15, 276.954
7.19936, -25.1686, -229.84
6.24573, -16.5285, -168.018
3.44774, -320.225, 400.769
6.89581, -132, -94.4948
6.8953, -91.2894, 119.416
3.30515, 49.8789, -56.11
5.87346, 37.1428, 21.5487
6.89096, -101.942, -104.368
6.98262, -84.9904, -144.586
3.06535, -51.3485, -218.01
5.93789, 80.4539, -37.3919
3.21651, 97.0495, 18.1607
3.6901, -188.703, -29.0905
5.64383, -264.139, 128.743
4.312, -73.9653, -237.547
4.64437, 40.8073, -27.2821
4.91936, -302.639, 186.929
6.20379, 113.704, 135.078
3.23098, -71.3791, -43.9597
7.36238, 129.862, 48.3283
7.3158, 153.181, 50.6312
3.14741, -395.194, 459.97
5.3784, 78.2837, 29.701
4.66439, 23.433, 497.542
5.50066, 117.31, 53.0413
5.85098, 8.02988, -0.571183
4.5137, 203.171, -169.244
6.46691, 41.087, -19.279
4.89889, 98.8519, 28.0822
5.72449, -92.2398, -190.026
4.28836, -310.401, 12.5614
5.96794, 84.0483, -18.0197
5.83428, 186.414, 148.085
3.22071, 47.7628, -89.9789
7.10415, 64.2726, -66.058
4.22228, 100.485, 30.9349
6.66824, 42.879, 14.0577
2.74349, -173.724, 135.993
3.27936, -473.418, 365.572
2.55765, -119.556, -127.199
3.94327, 52.5614, -233.596
5.07295, -15.3736, 12.6609
3.65948, -38.2683, -7.91534
2.75022, -29.9164, 14.799
5.33091, 119.819, 68.3668
6.69774, -87.9902, -223.941
4.28763, 45.8811, 210.478
4.3452, -22.7345, -210.943
7.22226, -246.968, -89.1457
4.72425, 12.7842, -19.1282
6.82086, -126.766, -51.0502
5.82654, 16.4089, 75.6742
5.79297, 92.5609, -330.434
7.10736, -88.1081, 28.9266
5.11536, -125.281, 25.2893
5.45229, -238.793, 47.9411
5.79944, -31.2109, 135.819
4.24765, -61.8608, -112.903
4.11714, -144.372, -89.5151
7.08984, -72.4427, -178.744
3.08619, 214.486, -129.313
7.31268, -91.7205, -102.089
5.17978, 66.4801, 23.1974
5.81447, 15.1235, -30.667
5.48362, 209.687, -142.086
6.93363, 316.674, -6.07075
6.67999, 124.535, 51.5061
6.69339, -177.414, -88.599
6.85642, 1.48275, 27.0081
2.5002, 272.418, -138.399
4.77274, -82.993, -81.4004
4.25696, 166.689, -67.1074
5.80713, -222.045, 88.4719
6.22234, 48.1326, -45.7692
3.3821, -54.8705, 55.3117
7.4621, -8.2674, -21.724
5.95466, 1.98207, -41.9651
6.97862, -44.763, -39.0775
3.51579, 459.762, 309.495
7.2356, 241.604, -149.902
4.88476, 237.142, -143.435
6.78578, -67.2635, -57.7064
6.41237, 150.728, 99.1037
5.70687, -101.82, -48.8596
3.14521, 87.3444, -110.788
5.77944, -65.6583, 25.8633
3.09199, -74.7793, 111.865
3.88793, -214.593, -106.872
6.65548, -8.24549, -66.0587
6.14153, 208.81, 103.971
6.74348, -206.36, 144.914
3.43989, 85.1098, 240.093
6.09602, -16.8156, 47.2454
4.25586, -73.4252, -103.594
3.34555, 304.627, 90.3874
4.52383, 319.628, -41.4324
4.20924, 14.7444, -157.383
6.67141, -25.0135, -79.5766
3.9111, 89.8537, 164.39
5.16766, -547.836, -233.848
6.25085, 5.15205, -90.4352
4.62554, 113.702, 83.3624
4.66964, 52.4646, -108.581
3.03022, -28.3372, 157.349
6.4639, 113.456, 57.187
3.91232, 136.406, 103.91
7.14264, -16.9244, -268.12
5.37926, -81.757, -59.6327
3.4895, -140.197, 75.8621
5.99081, -35.3273, -113.484
3.07265, 316.725, 209.629
4.22945, -56.5363, -103.65
4.15646, 123.401, 68.4314
6.42735, 211.795, -150.059
6.65775, -125.653, -145.95
4.21712, -47.9598, -115.389
4.2603, 56.9127, -165.363
6.38197, 16.311, -7.60848
6.58658, -94.6586, -271.052
4.26157, 259.533, -308.368
7.09559, 148.402, 63.0084
3.2877, -148.777, -118.724
5.56029, -82.6325, -8.36149
5.54222, 23.144, -93.1256
3.16647, 30.5297, -8.27407
3.51409, 227.311, 63.5578
4.79457, 53.1023, -102.075
3.48759, 174.025, -118.208
6.77118, 42.4315, 34.3705
6.54562, 248.633, 40.428
2.80131, 17.6907, 0.0387468
6.50584, 25.3212, 121.974
5.49597, 60.1185, -3.08715
7.43182, 109.372, -33.9661
2.65919, 49.895, -234.667
6.8356, -39.7343, -64.1199
3.69109, -38.013, -129.861
3.6127, 540.361, -366.603
4.73907, -57.0172, 55.9918
2.61231, -207.122, 177.251
6.79755, -20.119, 30.0246
4.15902, 330.518, -738.806
5.72195, 52.4797, 84.3506
7.43521, 242.791, 81.9473
5.30162, -112.265, 149.097
4.74553, 214.407, 82.1858
5.213, 57.4227, 73.8024
2.90797, -116.648, -155.934
3.99606, 518.25, 37.4295
6.63964, -25.7557, -103.783
6.48936, 300.747, -138.247
5.71048, -87.2014, -166.949
4.84105, -14.3352, -11.5481
7.15326, 120.26, 20.7773
5.08798, 29.3547, 114.158
7.42924, -56.3114, -79.1339
5.94567, -60.0141, 34.4674
6.19966, 53.8985, 8.69019
3.46323, -268.378, -148.472
6.08881, -81.3873, 6.53196
6.11146, -103.467, -186.213
6.49298, -15.4511, -31.6238
4.23216, 247.524, 73.5136
5.1481, 83.8133, -54.586
3.19001, -254.163, 115.075
6.73218, 134.545, 60.3417
6.32766, 12.5953, -2.29477
7.5, 215.945, -139.865
4.24891, 125.414, -1.37324
5.50367, -39.4533, -96.5469
3.50808, 82.6961, 102.625
6.2385, 163.189, -2.91545
6.49225, -145.352, -156.164
3.03505, -772.592, 472.448
5.35813, 112.758, 72.5454
2.84683, -227.749, 179.837
4.16036, -10.4346, -64.0269
5.80945, -109.111, -89.3283
5.27726, -28.4357, -156.4
7.12415, -62.3482, -187.499
2.69832, 96.9902, -462.502
2.62083, 115.423, 161.502
4.61923, -313.238, 186.983
4.36987, -77.9902, -97.291
2.93303, -283.141, -232.736
3.05403, -23.4696, 141.512
5.31992, 310.161, -109.267
7.37269, -64.1489, -176.621
3.05066, -17.8098, 102.766
5.99352, -73.8763, -294.98
2.79674, 24.1706, -95.1461
4.69755, -130.576, -4.51285
5.24651, 11.3125, -57.1274
3.45129, -201.23, 103.059
7.36597, -29.7079, -28.0935
3.19593, 37.2451, 12.9159
5.48978, 189.612, -216.667
7.12812, 77.479, -141.521
3.91116, 19.233, -230.182
6.8307, 25.4612, 18.0755
6.29598, 38.0608, 16.8839
6.10793, -155.289, 29.4792
3.34241, -14.3712, -48.9153
3.32882, -132.059, 369.843
3.39076, 78.5474, -28.7448
5.87226, -134.723, 56.268
4.83484, 35.3243, 63.6147
6.85219, 137.586, 89.1257
5.76023, 62.4585, 159.629
5.80464, 27.9207, -44.3728
2.58037, 347.465, 161.359
4.30596, 92.774, 96.732
3.72747, -245.58, -338.555
6.93086, 307.875, 82.1642
5.23701, -8.89025, -13.3452
6.57209, -54.1971, 39.262
5.24453, 89.9672, -295.075
4.16156, 11.5881, -208.616
4.40213, 57.4853, 113.91
2.52389, 199.218, 26.9523
6.95226, 4.54415, -20.7099
6.16955, -6.61166, -87.6885
6.04239, -79.1138, -160.609
5.1278, -198.755, 124.092
6.41065, 21.2354, -37.0203
3.42484, 153.015, -126.187
5.72673, -64.6182, -111.23
3.42178, 91.6153, 45.4506
3.31214, 249.62, -87.4908
2.65594, -308.057, 13.9877
7.42716, 46.2951, -37.0737
4.04559, 3.35577, -29.0816
4.11075, 106.207, 69.6191
5.51155, -77.485, -76.3245
2.89107, -248.673, 104.023
3.93936, 12.0208, -156.383
5.79307, -61.9175, 45.3267
7.36348, 120.003, 68.6407
7.27758, -372.327, -217.404
7.42745, 60.3487, 100.575
7.30478, 296.337, 140.58
3.0073, 31.7546, -89.4619
3.71505, 23.803, -83.3701
6.91151, 40.3698, -2.90369
5.28805, -80.0538, -118.091
6.7669, -80.1359, -79.4832
7.49145, -17.8927, 41.0689
3.99751, -37.4897, 376.109
6.33157, 60.5449, -15.6771
4.81901, -249.724, 9.25102
6.8168, 168.51, 73.4369
6.99018, -43.8483, -106.636
7.377, -68.7532, 52.2018
2.77405, -258.075, 3.70075
6.32605, -37.8744, 8.48269
5.09219, -49.4707, 54.3087
3.46574, -125.853, -243.055
6.98252, -87.6665, 9.77901
6.38492, 70.0811, -49.5823
2.75968, -52.5003, -59.0611
7.47331, -55.1116, 79.5151
5.93659, 87.8592, 19.628
5.94854, 12.375, -27.784
6.57666, -122.149, -7.94715
7.05426, 60.5904, -3.47938
3.34218, -104.491, 106.172
5.24183, -297.88, 9.71891
6.53351, 101.613, 37.4285
4.17803, -159.068, 87.4366
5.53435, 14.5445, 108.936
6.59602, -62.949, 101.023
7.3485, -67.8301, -71.531
6.29349, -71.5767, 9.81898
3.72113, -5.52409, 90.929
5.80589, 131.455, -97.6181
4.21574, -595.644, -251.531
7.27146, 52.8214, 40.059
2.60828, -68.0196, 217.355
4.54979, 43.6677, -115.555
2.55789, 618.045, -31.275
3.04964, -23.3462, -80.9432
5.28259, -4.9618, 33.3947
4.45466, 126.562, 26.4586
7.20539, 39.0224, -31.3811
2.55572, 99.7719, -392.725
6.22897, 43.1014, -242.09
3.84293, -244.717, -101.539
4.27153, -9.29627, -19.3933
3.45835, -33.3439, -49.0869
5.14832, -78.6959, -37.284
4.39478, 83.9425, 134.537
3.16407, 87.1065, -24.8928
4.26563, 223.519, -6.54515
4.2497, -58.7154, -116.311
7.41084, 21.9811, 30.9963
5.25961, -42.8441, -19.4144
4.99918, 80.3058, 81.3868
3.58531, 63.4312, 0.292144
4.37311, -13.3166, 157.145
6.78251, -602.402, -294.456
6.45578, 107.671, -285.468
3.9204, -103.051, 13.9014
5.07645, -201.931, 52.0606
6.79238, 99.524, 95.0685
7.07844, 7.47478, 74.1305
7.48941, -51.8596, -252.537
6.53177, 139.244, 150.3
5.22718, 72.7901, 149.163
7.3461, -55.3081, 278.143
5.31931, 58.0173, -36.3262
4.03031, -72.2089, -40.2348
5.41853, -244.926, -53.977
2.91197, -73.1114, 20.2361
5.47382, -147.75, 68.453
3.31968, -169.682, -369.264
6.46527, 281.577, 115.926
2.95373, 144.817, -227.66
6.3072, 160.222, -64.4826
6.83996, -19.5086, 33.6676
6.40105, -151.177, -72.0047
6.61399, -164.598, -245.107
6.70974, -90.1808, -78.7161
4.48328, -150.623, -40.7813
6.508, -44.5022, 4.53223
6.56811, -129.778, -77.8359
5.43493, 7.1087, -3.35283
4.64621, 65.061, -51.3292
2.5002, -119.402, 100.448
5.31153, 13.1585, -46.0581
6.22632, -170.987, -80.5666
3.89846, -119.73, -91.9935
2.93406, 23.8953, -87.7804
3.5733, -24.9976, -27.7278
3.93296, 64.4012, -260.327
4.86595, -323.823, 284.234
6.95893, 35.6161, -30.6392
5.91955, -151.153, 150.199
3.54376, -18.5844, 5.18972
6.67533, -57.9106, -84.0751
7.09218, -68.0016, -125.59
4.48244, 60.4349, 415.94
6.37858, -136.811, -296.634
5.68161, 39.5107, 38.6482
6.64746, -109.538, -99.4777
3.40204, -140.162, 209.095
7.45927, -176.081, 22.1515
6.70558, -80.5366, 154.976
4.65177, -284.213, -288.365
4.38589, -11.5996, -96.9569
2.70802, -108.602, 73.9448
6.80715, 130.506, 35.4721
6.62116, 105.527, -141.316
6.25052, 63.7187, -285.652
3.55801, -3.24901, -186.443
4.31029, 33.5411, 22.7844
4.43545, 217.425, 162.879
7.32918, 75.163, 21.1327
6.5872, -87.4129, -263.661
4.5755, 256.137, 69.6209
5.83759, -138.166, -36.4852
2.52101, 164.632, -76.661
6.98048, 100.228, -34.7394
3.68416, 4.43367, -15.9203
3.79415, -92.1112, -99.4806
5.4939, -181.51, 43.0128
6.89823, 75.774, 4.33844
6.16299, 206.595, 167.041
6.0773, 1.3655, -14.2034
3.57724, 11.9528, -50.6463
6.30413, 7.79593, -93.6401
3.85351, -15.438, -0.0852785
2.75246, -14.0175, -9.91634
4.78866, -133.081, -8.79822
2.58759, -222.254, 221.841
3.01129, -206.157, 116.478
2.639, 166.152, -215.106
5.65921, 88.2384, 60.4117
6.34425, -10.1373, 6.22114
2.74132, -198.994, 49.8517
6.6924, 92.4157, 28.6821
6.76899, 153.656, 78.6178
6.57649, 32.7224, -38.2138
6.85188, -25.61, 289.646
5.27222, 105.985, 72.5943
6.12646, 67.6129, -41.75
3.20424, 30.786, -182.537
6.6115, -139.301, 95.5741
5.51185, 37.9038, 116.819
4.93856, -204.789, 35.0681
6.14942, 78.1019, -222.992
4.05164, -106.412, 55.1719
3.93925, -71.9004, 126.576
5.45857, -23.8699, 62.4216
5.34055, 71.7277, -119.478
5.41059, 444.012, -12.0684
2.84132, 62.8076, 83.5121
4.34304, 323.902, 161.137
6.28475, 86.7539, 46.6051
6.35297, 367.572, 96.5771
4.27217, 151.07, 37.7699
5.98913, 117.71, -169.887
5.08005, -70.4994, -99.5931
5.94494, -90.0361, -35.7816
6.18066, -118.196, -373.441
2.56231, 33.9433, -2.52448
7.16549, -88.449, -97.3644
5.37826, 149.164, 63.8487
3.05587, 632.112, 325.424
4.87388, 18.6061, -12.9696
3.24247, -84.49, 66.99
4.22594, -270.637, -144.132
7.04476, 46.104, -54.4792
4.54571, -73.5333, -111.674
5.96642, 99.3841, 59.3219
3.35865, 38.795, -33.3171
6.21715, 252.237, -193.014
4.16319, 55.9187, -75.5623
4.62157, -106.072, -111.665
2.79523, -27.3237, 10.2126
5.09005, -125.992, -198.984
5.94425, 7.43114, 231.306
5.01149, -49.0261, 70.2697
6.56617, 17.8779, -2.79017
3.07974, 74.5935, -43.8079
5.24841, -43.4987, -374.141
5.06046, -158.762, -143.781
6.02649, 30.3028, -4.99276
5.65083, 43.3392, -181.846
4.0207, 109.067, -16.7853
6.74719, -47.4423, -82.5097
3.39619, -74.505, 75.8819
2.61737, 132.749, -49.4704
4.19467, -52.0173, -84.5302
3.43818, 44.646, 4.7057
6.60467, -67.3218, -12.1757
6.72507, 23.0949, -50.0158
6.78031, -47.4188, -59.7601
7.37454, 39.0453, -63.2819
2.99587, -108.085, 90.799
2.56182, 308.312, 347.623
2.58614, 324.374, -522.55
2.64527, -99.341, -111.849
4.1031, 135.916, 19.044
6.17815, 245.185, -82.3258
3.14876, -161.437, -175.178
2.5161, -19.1652, 23.3218
6.91905, -64.3777, 44.1961
3.70482, 22.0421, 191.714
4.38481, 26.51, -103.771
4.44879, -78.0843, -102.209
2.81534, -279.683, -212.152
7.30792, -33.3229, -191.281
3.75349, -197.72, 157.923
6.85376, 61.0873, 21.4802
2.85991, -153.396, 394.193
2.70653, -357.081, 462.417
3.46378, -176.599, 37.2718
3.86708, 42.6068, -229.108
7.4007, 156.951, 51.5163
3.60607, -84.4585, 132.105
6.43119, -25.188, 46.7674
4.42306, -65.3259, -46.4596
3.78593, -193.098, 155.107
3.91087, 57.4285, -40.2734
7.33834, -351.219, 144.773
4.22841, 332.174, 327.892
3.45922, 22.6006, -119.737
5.05037, 134.098, 6.75234
5.21857, 64.2421, 261.219
5.72333, 22.9605, 119.524
3.89738, -237.979, 67.0774
3.41887, -141.667, 183.876
2.71579, -62.3903, 80.7424
3.98408, 133.937, 124.109
4.25548, -18.7214, -0.645519
7.09372, -38.5597, -100.266
5.81225, 0.454298, 30.1955
5.08041, 39.4778, -2.24309
4.03763, -398.32, -214.283
3.0007, -80.0024, -185.213
3.47502, 221.331, 234.06
4.11407, 20.8478, 52.354
5.56182, -68.8564, -52.5635
5.13511, -229.997, 105.651
3.45653, 65.9994, -50.2682
4.7178, 289.088, 169.902
4.48693, 41.377, -46.4362
6.28051, 57.192, -97.258
6.6213, -109.42, -163.776
5.51573, 264.325, 300.304
3.04573, -0.830412, -39.5653
4.11797, -254.415, 13.7181
5.03403, -144.028, -36.8419
4.76521, -3.85444, -120.152
4.77315, -72.2673, -74.8512
4.91125, -30.8198, -48.9156
5.07896, -223.223, 148.389
4.50207, -21.0953, -263.433
4.22945, 14.2858, -21.7795
6.64533, -333.017, 113.994
3.02204, 10.1341, 381.865
6.40057, -123.991, -60.6798
3.19919, 51.6683, -40.7827
2.62171, 45.4942, 0.603777
6.0664, -150.357, 87.5577
7.15538, 48.9039, -10.0207
7.47667, -61.4885, -55.8377
3.86264, 54.4863, -39.3405
3.6923, 163.762, -6.43869
3.87328, 104.807, 459.285
5.70836, 322.58, 168.053
5.17637, -173.973, -90.2634
6.8967, -160.533, 103.449
6.75968, 196.336, 197.34
2.98004, 3.74531, 18.8334
4.66818, 151.38, -43.1587
3.17045, 34.0827, -15.3452
5.86802, -29.8009, -0.0895967
5.34964, 140.747, 35.7841
3.66474, -61.2247, 378.553
5.50306, -133.37, -40.8689
2.6551, 218.806, 226.785
7.08512, -98.1242, -12.9378
3.82958, -296.338, -143.533
6.50016, 52.6162, -3.98732
5.46389, 83.4113, 5.98106
5.0822, -110.211, -67.3602
5.2567, -135.614, -48.2081
3.47225, 318.092, 525.849
5.36152, 124.073, 140.123
3.81992, -28.8416, -322.818
4.41648, -216.468, 202.817
2.73626, 298.362, 193.957
4.22823, -116.478, 140.087
3.61594, -398.23, 350.344
3.81264, -64.8593, -169.776
3.05141, -38.3573, -17.0575
7.40088, 75.2348, -54.0089
5.93794, -25.8409, -103.139
5.82158, 142.292, 6.38534
5.99501, 104.815, 72.8572
2.68746, 14.1973, 88.5179
3.6706, 88.3778, 43.2812
3.95397, 70.4723, 53.0746
3.50543, 82.8876, 6.76618
2.7177, -66.6168, -162.205
2.56571, -85.5706, -14.5861
6.07297, 28.0067, -102.922
6.88348, 295.97, 147.836
5.35088, 16.8653, 235.836
6.92743, 465.928, 427.157
5.20042, 64.4526, 77.1389
3.31357, 148.887, -186.057
3.30492, 48.9176, 70.7874
7.19182, -81.7077, -31.0058
3.45628, -31.1156, -5.61413
3.15761, 243.9, -91.8959
4.41122, -66.1859, 84.6742
6.12674, -161.77, -105.564
2.50651, -90.6506, -145.422
4.60222, -239.253, 96.1362
5.18984, -161.089, -202.173
4.86596, 73.2555, -232.817
6.33003, -241.439, -95.8673
2.9396, -103.543, 135.107
7.04284, -31.0456, -94.4507
3.20818, -152.432, -745.761
2.54782, -213.834, 44.8424
2.82267, -148.301, -55.8195
4.96742, -155.769, -79.1425
5.40914, -42.962, -51.5612
4.03373, 22.1723, -151.812
4.57091, -130.638, -182.633
4.33401, 118.748, 21.5613
3.42687, 39.4097, -330.267
2.76788, 126.642, 213.143
4.47222, -85.6524, -65.2926
3.98388, -4.46543, -57.9012
5.05388, 37.0405, -106.612
3.75392, 18.5749, 163.676
5.01589, -23.7848, -74.812
2.51168, -86.4412, -164.394
7.01807, 199.426, -146.104
2.79181, 124.656, 173.997
5.17506, 29.8081, -165.672
3.95754, -293.136, 128.683
7.3023, 92.1452, 53.9508
4.73406, 33.648, 0.861202
5.08479, -91.1865, -107.488
5.93861, -4.49179, 67.2364
2.72187, 162.501, -56.6754
7.2946, -100.876, 116.396
5.70852, -143.966, -167.817
2.80215, -98.734, 3.67088
3.33964, -49.3624, -168.148
5.76491, -47.6316, -163.501
6.19864, 273.895, -140.458
3.57011, -119.464, -67.0209
4.31441, 131.302, 327.421
6.56981, 2.72396, -28.7669
5.32057, -124.317, 53.4306
7.45886, -37.5166, -18.3887
6.5669, 141.763, -102.46
3.49157, -80.3872, 142.553
2.50003, -14.8429, 99.8746
4.62608, -1.51731, -50.5059
4.07406, -165.91, -151.293
5.56218, 218.593, -19.8604
3.83351, 37.9484, 5.23726
4.39881, 72.4959, 122.756
5.43397, -274.01, -406.918
5.95636, 179.734, -51.2749
7.26736, 0.411212, -33.181
4.89785, 27.7213, 23.7864
3.60319, -616.687, 105.516
5.33741, 103.267, 112.655
6.09873, -36.4258, -69.0701
4.4953, -106.913, 17.195
3.48326, 11.4064, -25.8164
6.66971, 69.9279, 161.801
5.59561, -299.333, 182.179
7.26866, 0.734913, -67.1839
3.23222, -111.167, -107.919
5.38953, 13.1649, 25.1172
7.26796, 9.53412, -64.1063
3.62331, 380.711, -91.9012
7.25137, 27.4721, -92.012
3.07874, -316.204, 205.402
2.58372, 73.3075, 217.595
3.90465, 70.0729, -39.633
7.15042, -18.1992, -49.2454
3.04796, -18.8163, -73.2896
6.77266, -49.656, -225.423
5.68532, 111.408, 88.6073
5.63853, -168.97, 48.7704
3.80589, -53.6164, -206.45
5.13936, 23.0715, -45.0826
7.16608, 43.0275, -213.155
3.98055, -229.623, 19.2401
4.78006, -245.418, -465.013
6.35659, 76.9559, -375.784
4.17193, -0.860748, -743.423
6.31775, 34.1588, -51.9546
6.65892, 12.366, -148.916
2.64618, 35.0705, -138.922
4.31315, -350.03, 151.23
4.16221, -94.4913, -138.367
3.17675, 108.469, -13.6356
3.00839, -173.859, 192.271
5.11327, -43.5104, -81.7856
3.52046, 53.4081, 27.452
5.00728, 142.712, 43.7137
5.1371, 130.002, -114.35
4.13422, 371.932, -195.534
4.75888, -64.6959, 12.2108
6.85263, 83.9951, -190.116
4.72884, -130.41, -134.394
6.03726, -291.712, 183.307
6.83171, -32.3787, -27.355
6.5822, -276.063, -19.1043
2.67504, 477.626, 282.104
3.8644, 285.608, -81.6665
5.21858, 26.8758, -0.758263
3.19942, 239.739, -43.6562
5.57408, 28.6189, 3.06424
3.29182, 47.9, 159.882
4.41129, -249.021, -0.236876
5.94997, -0.769416, -47.9803
3.21128, -47.938, -128.319
5.65284, 38.8077, -79.9538
3.15973, 9.01009, -328.927
7.13583, 28.8588, -40.9858
5.53465, -26.9673, 62.9235
5.50388, 23.2184, 12.6783
3.33635, -138.624, 203.452
3.301, -145.269, -740.297
5.91628, -13.6463, -93.4969
5.1456, 97.0758, 42.5838
3.65264, -53.8416, -313.214
6.55373, 77.1793, 81.5483
5.76477, 65.6936, -16.7485
4.08597, 262.714, 25.8356
2.53953, 255.096, -0.675281
3.49176, -109.935, -249.619
3.78831, -271.256, -143.29
3.03825, -296.792, 186.906
3.49545, 107.858, 35.0451
6.75079, 296.664, -132.155
6.63912, 24.4629, -54.5818
6.76813, 205.954, 158.521
5.71027, 125.646, -233.585
3.6787, -11.9098, -106.075
6.80638, 4.62066, 3.01208
5.4745, 49.8883, -86.7354
2.52745, -453.443, -264.058
6.84925, 219.44, 185.106
7.37729, -163.462, -78.4003
5.59653, 50.2134, 1.16005
3.85574, -11.0869, -35.2921
7.46973, 55.9622, 23.5666
4.60751, 187.205, -189.408
4.20537, 233.59, 143.959
4.80717, -54.5787, -32.5018
4.44822, -58.1892, 75.3523
4.613, 81.8129, -47.3639
2.84879, -15.0636, -41.3828
5.5153, -167.693, 19.0009
7.36114, -23.8893, -89.6756
5.07406, 284.437, 148.789
7.45461, 27.4342, -117.418
5.84906, 34.9144, 145.236
4.01716, 287.855, 154.92
3.47371, 18.2128, -34.5255
4.0109, 16.3464, 195.785
4.93946, 85.9994, -37.85
4.72438, -123.33, -86.2212
5.7844, 33.2113, -19.9999
3.74227, 92.9243, 95.6142
4.72007, 60.7123, -39.4038
5.75894, 54.9044, 79.885
6.67472, 106.458, -212.506
6.03698, -25.2612, -219.975
4.93928, 119.389, 383.522
6.72039, -226.082, -106.122
7.00296, 90.8466, 91.4397
6.33082, 297.888, 70.7115
5.29453, -148.241, -186.057
2.70603, 13.8617, 54.3021
5.46749, -229.891, 130.407
2.68674, -3.20905, 227.593
4.53488, -74.664, -70.7908
2.84243, 262.548, -79.5581
7.38558, 97.7262, -12.8857
2.5956, 434.332, 192.739
6.60363, 82.4636, -45.693
5.2195, -171.73, 84.2598
5.72828, -268.449, 46.1732
3.62934, 33.023, -5.23118
2.733, 373.683, -511.063
3.63154, -116.214, 80.7172
4.58371, 54.8813, 369.014
6.40126, -49.1331, 260.852
3.72852, -59.1202, 98.5421
4.81411, -108.879, -76.594
6.14756, -268.686, 114.969
5.35237, -339.382, 56.5252
5.45997, 13.0308, -29.5604
4.98425, 68.1957, -117.936
3.951, 6.33767, 20.4639
4.71107, 5.66472, 8.24296
2.53669, 232.435, -319.022
7.41683, -49.8134, 0.471522
2.52822, 99.5599, 53.2962
4.8676, -69.3029, -311.442
5.86497, -45.9239, -104.431
