6.27803, -579.119, -508.559
3.5948, 76.0689, -207.383
5.89648, 369.869, -537.672
5.09708, -229.516, 600.279
2.76731, -736.891, 702.605
2.53849, 186.481, 4.20067
4.58743, -651.376, -302.602
7.15218, 254.263, 313.6
2.95982, 90.919, 482.265
6.00595, -140.695, 190.217
3.81226, 571.872, 599.229
4.14117, 395.656, -599.181
7.45519, 283.242, 205.819
7.41275, -428.71, -187.607
5.75759, 237.756, 321.226
6.92354, 217.864, -568.095
6.33247, -185.668, -363.619
3.87453, -520.724, -232.055
4.93259, -392.372, -164.958
2.80282, 832.925, 702.564
5.08146, 18.4991, 574.468
4.96988, 655.461, -529.589
7.23882, -644.747, -512.853
4.42071, 34.3005, -509.097
5.14874, 650.371, -414.647
2.75042, 757.632, -255.908
6.63909, 445.113, 419.019
5.94228, -532.722, -523.36
6.18112, 237.95, 591.145
6.94286, 679.987, 438.664
4.25508, -314.95, -466.27
6.72991, 260.226, 18.9919
3.84659, 470.925, -86.4995
4.83959, -45.6832, -188.683
3.2686, -644.144, -553.817
2.66527, 498.746, 45.7133
7.2768, 89.3177, 67.0982
6.95369, 280.733, 286.264
3.29884, 435.385, 93.6666
3.15214, 320.103, -522.859
2.515, -443.263, -603.669
6.0491, -595.25, -167.292
3.40448, -412.758, 551.99
5.76029, 630.506, -307.135
4.42907, 320.307, -543.446
3.23766, 81.7281, -220.847
5.45054, 492.689, 43.8712
3.24076, 145.212, 636.809
3.2091, -113.499, 632.999
4.94257, -377.749, -45.2193
3.13015, 584.988, -40.7495
5.64635, -224.816, -410.617
5.60817, 276.087, -419.996
4.88216, -441.826, 649.619
2.64188, -400.727, -186.375
3.21011, -25.8743, 612.706
3.15594, -181.057, 718.029
3.31099, -771.109, 631.584
3.76529, -108.225, -514.729
4.77654, 466.955, -673.798
6.54472, 2.62373, -201.159
3.57624, 186.546, 606.413
3.75063, 565.318, 284.228
5.02978, -33.4648, 668.351
6.27922, 454.166, 57.4179
5.66369, 612.218, -60.9404
5.9449, 431.841, -100.298
7.27207, 656.558, 461.815
5.18713, -365.11, 521.912
4.57014, -541.555, -175.722
4.70019, 549.94, 112.631
6.07821, 554.176, 398.887
6.20858, 241.973, 314.277
5.12494, 672.914, -734.356
6.06711, -555.122, -178.66
5.91025, 277.276, 45.8836
6.82941, 650.484, -411.558
3.19597, -9.45555, 591.525
3.57766, 616.179, -106.087
5.0733, -242.656, -150.308
4.83766, -16.2282, 651.486
3.55759, -208.811, 633.651
5.65244, -555.193, 695.569
2.5044, -682.101, 226.839
4.09589, 265.348, 313.852
5.90281, 207.581, -45.2816
6.0446, 508.991, -400.591
2.90869, -687.234, 537.695
3.56926, 281.744, 307.855
4.44412, -474.942, -612.787
4.44927, 715.734, 713.914
3.92018, 278.303, -457.514
4.6123, 449.103, 417.127
2.55658, -612.245, -452.612
3.72027, 761.472, -628.755
4.49072, -650.735, 507.199
6.64177, -639.631, 197.335
3.78584, 726.454, -586.737
3.59705, -636.057, -554.97
6.47385, 244.821, 207.323
5.8476, 273.785, 310.911
5.49108, -676.472, 247.329
5.99917, -234.36, -399.084
5.13062, 403.879, -620.764
4.14833, 234.047, 140.992
3.30844, -851.388, 291.341
6.56633, 493.795, 51.2777
4.08004, 312.412, 124.733
4.05369, -4.11892, -608.107
4.65424, 36.0811, 28.8419
4.46509, -207.494, -599.478
4.43916, 226.988, -281.741
4.34871, -671.89, -554.772
5.88118, 259.177, -492.597
6.10384, 141.446, -142.155
7.20082, -5.6333, 583.125
5.08573, -166.896, -414.457
5.5282, -152.761, 217.216
5.85049, -547.353, 687.073
5.11404, 35.502, -127.247
3.87105, -623.332, 563.708
7.08924, 269.704, 319.441
3.73367, 635.68, -381.287
4.77876, 240.562, 295.379
3.30374, -691.213, 625.563
4.68319, 275.166, 91.9974
7.45767, 253.213, 128.362
6.26931, -328.056, 384.687
4.97846, -589.422, -533.483
7.01651, -645.102, -467.873
4.68213, 445.359, 445.268
5.09239, 92.7292, -545.964
4.44866, 217.176, -494.846
5.63431, -212.771, -436.862
5.19331, 301.095, 26.861
4.35955, 409.405, -375.513
2.54674, -228.719, 253.262
6.3794, 7.56437, -578.672
2.85317, -578.602, -539.765
3.98511, 316.243, -602.755
4.78581, 9.13666, -566.487
3.25156, -106.608, -65.9155
5.97819, 492.282, -389.572
4.15587, 310.681, 171.664
5.21197, 729.326, -647.173
2.64678, 680.592, -745.564
5.38086, -46.7277, -211.044
5.18133, 240.444, 327.073
7.36678, -622.228, -614.881
5.57063, -298.76, -438.393
5.26431, -727.366, 225.329
6.69051, -219.922, 603.168
3.75764, -522.894, 536.284
6.98957, 439.763, -75.7041
5.97428, 465.739, -415.076
5.82752, -423.733, -194.489
3.06838, -648.617, -480.815
3.37987, -538.626, 311.505
2.91253, -199.447, 39.1114
6.68103, -160.463, 184.474
2.64818, 692.69, -760.696
6.34719, -36.5821, -523.575
4.29829, -418.53, 519.653
6.24626, 71.0154, 480.889
6.28385, 299.755, 149.578
3.60834, -459.848, -576.785
5.58305, 233.807, 98.7082
3.66846, -415.452, -169.971
6.22052, -738.597, 272.48
5.80997, -615.992, -450.85
4.9209, 669.773, -610.598
2.58972, 578.988, -6.32737
4.98291, 308.013, 146.515
5.09587, -30.9807, -495.017
4.71395, -652.408, 277.519
4.14528, 36.1339, 591.051
3.52671, 274.116, -10.235
7.19863, 2.60835, -310.449
2.85168, -568.308, 449.707
3.30042, -19.5488, -630.167
6.70788, -539.231, -177.252
4.13614, -253.77, -178.735
6.85942, 268.541, 332.871
5.99896, 529.617, 464.888
5.52801, 622.582, -117.821
4.77536, 60.2991, -223.647
2.91543, -588.662, -186.275
3.94883, 197.529, 25.0452
6.51009, -602.731, -471.721
6.81821, 290.457, 23.564
3.81831, 237.246, -493.546
4.79881, -611.199, -189.381
4.95672, 448.697, -422.372
5.82344, -460.832, -572.655
7.31738, -419.428, -239.144
7.23022, 397.147, -561.999
2.81902, 253.064, -498.068
5.04829, -517.781, -219.42
6.13222, 691.067, 422.846
5.65882, 397.457, -122.577
3.26658, -739.36, -702.572
5.09652, -645.477, 280.502
3.52281, -403.641, 562.388
6.03231, 318.871, -577.147
6.05786, -425.083, -196.42
3.66304, -249.897, -254.887
6.80594, 88.6245, -151.581
2.67122, 132.655, 638.261
6.26587, -612.66, 248.84
4.14789, 499.181, 52.5053
4.65309, -174.851, -323.953
7.33455, 697.092, -41.0854
4.05803, 597.404, 514.798
5.69762, 728.33, -634.998
5.95386, 582.186, -35.2794
5.36403, -32.3365, 608.956
6.60667, 758.457, -672.988
4.21807, -528.539, -367.862
5.09387, -548.009, -443.339
6.78438, 77.6173, -578.322
6.18587, 288.539, 121.948
3.45992, -725.142, 188.855
2.83145, -276.652, 234.283
3.60828, 690.297, -638.952
3.33656, 20.7977, -209.006
6.31172, 395.259, -567.868
5.44905, -661.018, 161.582
4.65223, 703.953, 716.252
7.09618, 525.838, 43.2429
5.09668, 310.675, 140.752
7.38058, -539.488, -75.7852
5.15714, -371.977, -19.0474
2.98716, 252.394, 86.1286
5.83983, 292.937, 150.544
5.44444, 307.117, -5.8601
5.01137, -479.76, -61.3331
2.75808, -653.522, 40.6258
2.6753, -115.749, -99.1859
4.41484, -508.215, -581.61
5.55555, 277.738, 33.1811
5.06574, 572.254, 750.567
5.98498, 247.319, 9.87482
4.89891, 58.2802, -215.764
3.88323, 88.9881, 425.45
6.01685, -367.066, 70.4695
3.67701, 609.847, 11.0295
6.41501, -57.0048, -161.868
6.60589, 156.44, 552.718
3.21842, -372.227, -24.444
5.75757, -415.938, 578.3
3.87677, 705.802, -568.145
7.26215, -415.62, 599.61
4.58238, -564.362, -174.486
3.03869, -151.178, 224.476
4.70633, -680.329, 529.735
6.28811, -487.075, -139.702
2.77803, -465.73, -254.681
3.51241, 9.72805, 26.7263
6.82305, 685.547, -628.437
6.52456, -153.618, -74.1896
2.78861, -639.139, -507.612
4.40304, -5.99771, -570.843
4.56124, -8.32965, 630.825
2.80071, -207.42, 250.004
7.09746, 653.885, 516.006
3.35398, 579.188, 605.33
6.51634, -607.653, 218.941
3.88599, 471.835, 93.5138
4.44586, 14.8823, 612.098
7.19936, -56.789, 591.65
6.24573, 3.70578, -142.653
3.44774, -501.423, 685.192
6.89581, 264.475, 345.192
6.8953, 309.701, -626.181
3.30515, -453.354, -144.584
5.87346, -548.191, -173.065
6.89096, 427.952, 207.98
6.98262, 278.999, 361.145
3.06535, -17.5062, 561.279
5.93789, -270.152, -166.262
3.21651, -400.907, -455.972
3.6901, 254.844, 21.4576
5.64383, 604.984, -126.33
4.312, 565.773, 282.103
4.64437, 676.723, 491.622
4.91936, 40.6025, -514.965
6.20379, 78.0679, -209.785
3.23098, -386.16, 492.985
7.36238, -518.369, -516.35
7.3158, -422.017, -187.534
3.14741, -427.33, 592.564
5.3784, -80.1244, -333.047
4.66439, 158.348, -138.832
5.50066, -267.204, -170.464
5.85098, -469.72, -154.732
4.5137, 444.257, 699.607
6.46691, 640.458, 528.293
4.89889, -509.18, -119.736
5.72449, 319.505, 280.713
4.28836, -330.743, 599.795
5.96794, -219.377, -189.929
5.83428, -407.958, -481.705
3.22071, -469.864, 637.789
7.10415, -629.94, 241.337
4.22228, 67.1399, -215.996
6.66824, -261.156, -478.394
2.74349, 332.26, -499.088
3.27936, -439.726, 107.679
2.55765, 159.475, 476.29
3.94327, 42.3964, 530.409
5.07295, -258.216, -231.403
3.65948, 612.259, 436.763
2.75022, -150.074, -83.5873
5.33091, -611.895, -461.332
6.69774, -2.52138, 635.844
4.28763, -591.14, -518.74
4.3452, 97.1833, 613.681
7.22226, 252.692, 38.2603
4.72425, -579.409, -231.265
6.82086, 258.56, 146.831
5.82654, -531.277, -507.296
5.79297, 93.1137, 522.744
7.10736, -784.282, 741.727
5.11536, 744.096, -653.938
5.45229, 334.787, -430.082
5.79944, 560.021, 542.113
4.24765, 248.268, 271.383
4.11714, 236.904, 12.236
7.08984, -1.41108, 622.999
3.08619, 699.087, -463.915
7.31268, 472.733, -88.7609
5.17978, 80.3153, -226.907
5.81447, 666.137, 437.368
5.48362, 683.017, -442.941
6.93363, -553.707, -576.651
6.67999, -634.464, -485.389
6.69339, 290.046, 193.334
6.85642, -172.658, 189.165
2.5002, -755.466, 105.476
4.77274, 288.203, 54.9653
4.25696, -620.113, 215.007
5.80713, -192.536, 596.089
6.22234, -651.576, 253.957
3.3821, -146.981, -345.306
7.4621, 788.557, -555.657
5.95466, -622.465, 218.83
6.97862, 316.649, 11.8333
3.51579, 240.261, 13.1687
7.2356, -382.221, -182.82
4.88476, 666.223, -461.885
6.78578, 668.023, -636.462
6.41237, -548.067, -552.757
5.70687, 728.57, -667.578
3.14521, -712.417, 222.917
5.77944, -23.5689, 574.893
3.09199, 85.4419, -95.2202
3.88793, 195.651, 579.829
6.65548, -190.711, -234.733
6.14153, -537.82, -407.32
6.74348, -724.426, 213.325
3.43989, -612.323, -488.256
6.09602, 402.39, -267.233
4.25586, 258.686, 285.98
3.34555, -479.186, -596.844
4.52383, 232.887, -455.269
4.20924, 122.347, 601.383
6.67141, 280.713, 19.7917
3.9111, 649.539, 481.996
5.16766, -669.261, -581.503
6.25085, 732.328, -675.831
4.62554, -663.652, -450.55
4.66964, -399.379, 574.707
3.03022, 721.156, -782.12
6.4639, -149.353, -394.006
3.91232, -661.534, -514.428
7.14264, -426.387, -193.515
5.37926, 283.456, 311.117
3.4895, 613.19, -269.021
5.99081, 401.78, -548.803
3.07265, 260.281, -494.842
4.22945, 204.696, 584.252
4.15646, -350.116, -164.724
6.42735, 742.782, -723.397
6.65775, 316.446, -100.142
4.21712, -658.49, 661.627
4.2603, -206.204, 622.905
6.38197, -20.1743, -549.478
6.58658, -45.4848, 569.798
4.26157, -180.091, 193.56
7.09559, -440.864, -202.29
3.2877, 525.499, 42.9611
5.56029, -414.723, 558.966
5.54222, -470.187, 638.387
3.16647, -137.36, -479.689
3.51409, -521.516, -367.6
4.79457, -614.06, 460.753
3.48759, -142.932, 608.474
6.77118, -685.591, 147.709
6.54562, -595.277, -443.762
2.80131, -691.659, 608.245
6.50584, -655.767, 528.589
5.49597, -79.3415, -442.819
7.43182, -571.071, 188.798
2.65919, 54.7418, 635.766
6.8356, 703.749, -620.166
3.69109, 428.476, 120.196
3.6127, 214.83, 258.374
4.73907, -490.764, -512.615
2.61231, 601.256, -134.551
6.79755, -163.711, -70.6704
4.15902, 259.214, 326.685
5.72195, 269.663, 93.6194
7.43521, -534.103, -532.489
5.30162, 241.976, -489.988
4.74553, -594.202, -175.642
5.213, -18.0286, -556.605
2.90797, 625.244, -80.9263
3.99606, -537.5, -185.531
6.63964, 581.054, 521.624
6.48936, 484.815, 686.327
5.71048, 0.896403, 627.087
4.84105, 455.926, 127.89
7.15326, -166.874, -386.518
5.08798, -178.671, -75.9625
7.42924, 673.978, -447.1
5.94567, -27.1777, -548.405
6.19966, -182.419, -362.085
3.46323, -484.086, -527.391
6.08881, -433.104, 589.156
6.11146, 573.022, 108.844
6.49298, 311.922, 38.3476
4.23216, 227.256, -673.403
5.1481, 88.3737, -171.114
3.19001, 605.045, -236.456
6.73218, -255.501, -177.436
6.32766, -12.4306, -529.202
7.5, 701.634, -500.129
4.24891, 424.761, 742.531
5.50367, -428.237, 583.87
3.50808, -365.552, -25.2547
6.2385, 49.6804, 33.2631
6.49225, 657.964, 219.392
3.03505, -659.82, 183.911
5.35813, -389.18, -82.3039
2.84683, 269.774, -350.32
4.16036, 647.817, 469.937
5.80945, 243.141, -569.607
5.27726, 3.03632, -213.446
7.12415, 274.514, -1.3501
2.69832, -366.347, -43.3663
2.62083, -230.558, 9.29727
4.61923, 283.455, -458.958
4.36987, 232.165, 126.816
2.93303, -205.675, -212.344
3.05403, -65.3533, 58.3305
5.31992, 266.404, -383.14
7.37269, -8.16786, 609.308
3.05066, -26.5696, -555.916
5.99352, 131.661, 553.018
2.79674, 16.9901, -555.69
4.69755, 505.234, 60.934
5.24651, 717.218, 615.282
3.45129, 523.787, -604.331
7.36597, 289.931, 80.0895
3.19593, -543.561, -72.2047
5.48978, 683.771, -461.014
7.12812, -694.083, 619.96
3.91116, -23.811, 592.159
6.8307, -134.313, -121.266
6.29598, -167.644, -399.132
6.10793, 298.683, 372.949
3.34241, -217.476, 244.15
3.32882, 693.576, 538.979
3.39076, -654.454, -550.446
5.87226, 247.607, -456.945
4.83484, -179.755, -72.4519
6.85219, -586.322, -392.03
5.76023, -557.062, -155.952
5.80464, 661.763, 646.597
2.58037, -611.978, -495.87
4.30596, -588.785, -477.548
3.72747, 624.004, 134.639
6.93086, -719.762, -712.043
5.23701, 776.706, 679.655
6.57209, 21.0521, -596.021
5.24453, 63.1218, 667.363
4.16156, 453.61, -112.571
4.40213, -31.9283, -639.266
2.52389, 590.146, 478.806
6.95226, -103.754, -399.565
6.16955, -401.975, 581.149
6.04239, -45.7195, 550.826
5.1278, -35.4218, 54.1531
6.41065, 31.9745, -512.914
3.42484, -355.792, -374.223
5.72673, 292.954, 342.823
3.42178, -413.995, -169.581
3.31214, 176.87, -399.785
2.65594, -264.55, 737.261
7.42716, 38.9405, -646.427
4.04559, -222.695, -412.426
4.11075, -408.099, -162.538
5.51155, 215.788, -25.1732
2.89107, -329.365, -672.825
3.93936, 39.9028, 22.5094
5.79307, -134.304, -393.643
7.36348, -598.89, -382.455
7.27758, -375.892, -538.854
7.42745, -494.107, -218.161
7.30478, -574.005, -482.361
3.0073, -472.27, 592.786
3.71505, -184.178, -358.752
6.91151, 26.3715, -187.204
5.28805, 259.84, 355.369
6.7669, 574.831, 535.959
7.49145, -434.033, 600.799
3.99751, 59.4421, -653.924
6.33157, 681.949, 350.11
4.81901, 215.329, -44.5165
6.8168, -619.343, -466.458
6.99018, 592.065, 26.1114
7.377, 173.164, -377.31
2.77405, 416.918, 238.963
6.32605, 743.621, -707.362
5.09219, -700.921, 535.993
3.46574, 599.941, -136.713
6.98252, 248.079, -489.938
6.38492, -619.288, 222.804
2.75968, 167.836, 451.813
7.47331, -711.234, 558.884
5.93659, -128.837, -418.297
5.94854, 675.783, 398.939
6.57666, -448.691, 597.462
7.05426, -155.594, -402.549
3.34218, -68.2745, 60.2285
5.24183, -382.401, 550.91
6.53351, -416.126, -167.855
4.17803, 290.657, -470.71
5.53435, -115.9, -63.5217
6.59602, -651.004, 163.127
7.3485, 61.5409, -171.739
6.29349, 436.372, 336.215
3.72113, -93.9198, -111.669
5.80589, -578.467, 281.079
4.21574, -707.926, -557.118
7.27146, 251.697, -287.446
2.60828, 545.057, 642.804
4.54979, -776.702, 765.853
2.55789, 580.085, -652.875
3.04964, 648.366, 167.521
5.28259, -606.352, 230.816
4.45466, 90.6942, -161.384
7.20539, -59.963, -158.701
2.55572, 195.831, 326.625
6.22897, -150.848, -413.936
3.84293, 302.115, 161.418
4.27153, -352.387, -557.239
3.45835, -471.372, 643.804
5.14832, 272.757, 31.1992
4.39478, -17.6596, -537.43
3.16407, -4.36146, -474.666
4.26563, -154.179, -393.157
4.2497, 773.1, 705.086
7.41084, 432.652, -96.2752
5.25961, 53.482, -271.527
4.99918, -29.9187, -534.093
3.58531, -669.862, 148.592
4.37311, 37.1141, -378.053
6.78251, -677.635, -521.298
6.45578, 766.486, -386.452
3.9204, -525.623, 546.846
5.07645, 266.97, 171.553
6.79238, -177.336, -81.317
7.07844, -503.009, -295.267
7.48941, 120.772, 625.896
6.53177, -9.08061, -202.507
5.22718, -594.982, -180.681
7.3461, 54.8009, -635.295
5.31931, -545.545, 310.841
4.03031, -440.685, 576.987
5.41853, 715.293, 711.62
2.91197, 160.812, -221.922
5.47382, 300.453, 375.166
3.31968, -705.162, -527.689
6.46527, -578.496, -529.929
2.95373, 685.726, 458.919
6.3072, -586.572, -553.997
6.83996, -157.032, -75.9211
6.40105, 91.0821, -140.337
6.61399, 674.655, 728.467
6.70974, 290.192, 350.35
4.48328, 162.775, 27.6528
6.508, -71.7832, 114.592
6.56811, 242.447, 44.7735
5.43493, -391.845, -0.414474
4.64621, 583.74, -13.0338
2.5002, -53.5136, -318.008
5.31153, -630.467, 207.092
6.22632, 304.358, 118.901
3.89846, 627.032, 171.363
2.93406, -638.905, 464.605
3.5733, 674.527, -597.202
3.93296, -451.805, 658.486
4.86595, -287.187, 405.766
6.95893, 700.517, 750.225
5.91955, 428.688, -387.116
3.54376, 200.09, -289.142
6.67533, 660.778, -73.0656
7.09218, 676.014, 681.018
4.48244, -536.29, -621.841
6.37858, 427.167, 381.072
5.68161, -85.4253, -113.33
6.64746, 216.962, 93.7129
3.40204, 417.907, -339.689
7.45927, 383.234, -560.169
6.70558, 11.5231, -521.607
4.65177, 629.694, 260.656
4.38589, 417.196, 744.09
2.70802, 485.092, -389.069
6.80715, -639.849, -548.745
6.62116, 754.199, -618.171
6.25052, -41.901, 631.235
3.55801, -218.953, 692.056
4.31029, -544.138, -172.541
4.43545, -603.211, -459.728
7.32918, 664.547, 502.911
6.5872, -91.5493, 541.495
4.5755, 23.8401, 371.078
5.83759, 306.938, 179.547
2.52101, 471.533, 702.134
6.98048, -688.831, 226.913
3.68416, -214.782, 249.044
3.79415, 294.525, 14.1067
5.4939, 345.706, -496.119
6.89823, -587.974, 160.658
6.16299, -616.456, -460.192
6.0773, 580.899, 523.114
3.57724, -385.192, 589.998
6.30413, 671.736, -735.902
3.85351, -13.7162, -255.888
2.75246, 425.225, 115.389
4.78866, 282.428, 237.51
2.58759, 366.857, -552.002
3.01129, -34.1733, 56.951
2.639, -177.208, 195.907
5.65921, -311.959, -470.906
6.34425, 71.6502, -203.089
2.74132, 359.671, -539.286
6.6924, 10.8364, -587.256
6.76899, -253.491, -166.915
6.57649, -376.798, 592.941
6.85188, 714.615, 360.956
5.27222, -546.794, -77.3376
6.12646, -230.286, -236.878
3.20424, -136.504, 559.024
6.6115, 394.995, -400.491
5.51185, 392.9, -55.1948
4.93856, 400.796, -603.83
6.14942, -205.819, 617.617
4.05164, 753.342, -646.376
3.93925, -656.241, 177.032
5.45857, -704.044, 595.473
5.34055, 491.856, 680.464
5.41059, -558.415, -564.911
2.84132, -650.642, 193.59
4.34304, 90.1911, -163.336
6.28475, -545.481, -505.635
6.35297, -498.846, -543.289
4.27217, -439.538, -240.652
5.98913, 102.698, 648.845
5.08005, -496.154, -226.029
5.94494, 230.259, 178.78
6.18066, 14.158, 697.154
2.56231, -221.028, -375.79
7.16549, 430.72, -75.982
5.37826, 307.774, 136.032
3.05587, 650.205, 883.484
4.87388, -112.106, -65.5656
3.24247, 321.135, 100.389
4.22594, 151.843, 391.086
7.04476, -662.266, 236.933
4.54571, 71.4579, 486.846
5.96642, -530.734, -52.3638
3.35865, 394.391, -569.684
6.21715, 704.066, -439.131
4.16319, -510.791, 491.179
4.62157, 457.8, 229.341
2.79523, -203.164, -74.7636
5.09005, 210.902, -25.9271
5.94425, 267.686, -468.547
5.01149, -143.191, -83.4096
6.56617, -36.4864, -562.402
3.07974, 53.9519, -575.451
5.24841, 282.938, 344.501
5.06046, 334.255, 163.015
6.02649, 662.681, 464.189
5.65083, -198.249, 617.967
4.0207, 22.7283, -547.811
6.74719, 240.767, 91.439
3.39619, 575.97, 32.2596
2.61737, -388.549, 42.3426
4.19467, 450.248, 14.804
3.43818, 257.667, -70.7171
6.60467, -174.254, 62.2607
6.72507, -586.592, -202.471
6.78031, 714.163, -633.261
7.37454, -691.458, 630.99
2.99587, 356.709, -410.445
2.56182, 610.949, 515.585
2.58614, 266.974, 316.985
2.64527, 296.712, 177.709
4.1031, 85.2393, -179.184
6.17815, 456.864, 229.777
3.14876, 267.247, 324.937
2.5161, -362.425, 342.808
6.91905, -12.4887, -560.927
3.70482, 263.694, -512.232
4.38481, -672.189, 586.059
4.44879, 530.161, 18.8951
2.81534, 496.199, 221.992
7.30792, 199.104, 542.25
3.75349, 616.673, -272.043
6.85376, -527.46, -46.3332
2.85991, -697.805, 397.003
2.70653, -419.927, 576.311
3.46378, 257.262, -413.094
3.86708, -257.403, 308.696
7.4007, -654.6, -331.907
3.60607, 217.513, -560.239
6.43119, -702.663, 605.088
4.42306, 182.52, -288.079
3.78593, 399.081, -631.706
3.91087, -667.818, 236.302
7.33834, 618.242, -134.465
4.22841, 322.818, 76.2073
3.45922, -553.79, 650.266
5.05037, -509.601, -190.886
5.21857, -462.316, 556.458
5.72333, -614.515, -523.176
3.89738, -129.824, 615.956
3.41887, -226.181, -393.432
2.71579, -623.896, 190.123
3.98408, -420.922, -193.968
4.25548, -160.053, 87.6887
7.09372, -458.988, 527.728
5.81225, 436.163, -235.314
5.08041, 573.281, 509.424
4.03763, 444.239, 386.024
3.0007, -172.825, 94.3959
3.47502, 278.538, -685.089
4.11407, 128.816, -185.881
5.56182, 610.959, 84.6014
5.13511, 743.927, -627.242
3.45653, 337.567, 163.553
4.7178, -576.619, -587.408
4.48693, -455.194, 649.882
6.28051, -519.805, 598.851
6.6213, 641.252, 558.562
5.51573, 50.0671, -174.064
3.04573, 384.357, -579.939
4.11797, 374.552, -141.25
5.03403, 149.051, 235.115
4.76521, -431.713, 561.011
4.77315, -197.61, -362.95
4.91125, 715.012, 712.307
5.07896, 263.365, -555.375
4.50207, 109.211, 614.459
4.22945, 680.235, 378.765
6.64533, 606.067, -131.276
3.02204, -627.888, -511.914
6.40057, 392.8, 455.005
3.19919, -256.727, -243.285
2.62171, -569.044, -536.731
6.0664, 329.404, -527.947
7.15538, -17.0111, -568.484
7.47667, 289.385, 151.061
3.86264, -650.76, 250.682
3.6923, -404.881, -188.292
3.87328, 505.721, 595.719
5.70836, -576.051, -481.746
5.17637, 303.761, 121.964
6.8967, 592.579, -309.38
6.75968, -646.008, -466.479
2.98004, 589.688, 24.7047
4.66818, -702.927, 263.013
3.17045, -50.4878, -554.505
5.86802, -139.788, 194.487
5.34964, -156.536, -392.421
3.66474, -342.474, 759.195
5.50306, 273.533, -463.978
2.6551, -561.65, -127.64
7.08512, 409.568, -275.276
3.82958, 694.844, -51.304
6.50016, -156.535, -405.264
5.46389, -18.7246, -552.184
5.0822, 189.165, 247.023
5.2567, 256.365, 359.196
3.47225, 300.743, -52.8717
5.36152, -51.4148, -615.03
3.81992, 211.919, 260.501
4.41648, -707.502, 486.642
2.73626, -622.108, -640.528
4.22823, 481.016, -627.406
3.61594, 503.352, -402.812
3.81264, -113.866, -575.243
3.05141, -264.033, -464.2
7.40088, -533.657, -46.9681
5.93794, 643.775, 522.858
5.82158, -509.221, -186.208
5.99501, -628.794, -446.555
2.68746, -518.458, -519.417
3.6706, -605.086, -456.344
3.95397, 666.314, 434.46
3.50543, 21.241, -233.278
2.7177, 281.218, 226.546
2.56571, -419.882, 579.961
6.07297, -408.453, 559.029
6.88348, -538.26, -502.853
5.35088, -669.788, 173.066
6.92743, 768.623, 774.69
5.20042, -454.292, -240.076
3.31357, 665.687, -607.114
3.30492, 654.101, 445.676
7.19182, 308.605, 166.466
3.45628, 392.181, -574.132
3.15761, 217.471, -272.185
4.41122, -183.899, -57.676
6.12674, 232.863, 52.6403
2.50651, 569.674, 750.988
4.60222, -189.153, 521.277
5.18984, 222.348, -28.8623
4.86596, -145.373, 237.121
6.33003, 561.375, 605.307
2.9396, 419.026, -377.644
7.04284, 268.671, 240.466
3.20818, -556.907, -544.828
2.54782, 263.316, 45.7045
2.82267, 312.246, 386.762
4.96742, 302.209, 114.523
5.40914, 473.626, 659.713
4.03373, -634.088, 463.84
4.57091, 587.533, -29.8234
4.33401, -607.346, -476.56
3.42687, 113.579, 537.953
2.76788, 240.238, 146.302
4.47222, 366.131, -50.0734
3.98388, -123.79, -150.822
5.05388, -407.275, 612.402
3.75392, -672.709, 247.933
5.01589, 697.126, 707.111
2.51168, -88.6847, 538.679
7.01807, 693.034, -459.994
2.79181, -702.869, -763.612
5.17506, -519.705, 549.439
3.95754, -410.312, 560.725
7.3023, -571.081, -216.77
4.73406, 255.751, -79.9654
5.08479, 640.686, 172.93
5.93861, -183.015, -77.3134
2.72187, -175.215, -93.6419
7.2946, -654.201, 519.732
5.70852, 301.597, 169.73
2.80215, 310.409, -623.171
3.33964, 256.964, 228.108
5.76491, 370.392, -135.728
6.19864, -760.617, 104.183
3.57011, 704.14, 250.305
4.31441, 172.096, -378.052
6.56981, -550.222, 673.392
5.32057, 643.417, -354.691
7.45886, -3.72398, -534.3
6.5669, -624.856, 201.495
3.49157, -676.121, 15.9109
2.50003, -75.9907, -532.629
4.62608, 744.736, -652.482
4.07406, 708.106, 197.121
5.56218, 535.436, -682.748
3.83351, -163.833, -384.109
4.39881, -580.781, -147.926
5.43397, 621.472, 155.91
5.95636, -110.737, -386.232
7.26736, -236.428, -444.354
4.89785, -292.447, -624.744
3.60319, 305.004, -486.732
5.33741, -640.499, -468.347
6.09873, 258.199, 79.0677
4.4953, -416.623, 555.21
3.48326, -553.11, 679.937
6.66971, -503.697, -525.784
5.59561, -482.519, -573.89
7.26866, -174.242, 90.3602
3.23222, 20.2813, -70.5539
5.38953, -193.856, -420.818
7.26796, -403.59, 594.559
3.62331, 695.074, -755.533
7.25137, -476.986, 654.186
3.07874, 670.461, -288.558
2.58372, 152.507, -103.48
3.90465, -243.601, -212.025
7.15042, 431.464, 7.35557
3.04796, 696.488, 703.891
6.77266, 87.46, 417.206
5.68532, -487.094, -544.298
5.63853, 345.278, -496.32
3.80589, 643.547, 509.721
5.13936, -595.726, 230.081
7.16608, -229.598, 608.138
3.98055, 569.058, 52.0755
4.78006, 284.98, 307.471
6.35659, -571.847, -590.071
4.17193, 332.068, 125.214
6.31775, -16.095, -545.692
6.65892, -61.699, 580.612
2.64618, -646.761, 532.255
4.31315, 578.987, -197.117
4.16221, 278.011, 368.901
3.17675, -317.087, -68.211
3.00839, -205.647, 619.108
5.11327, -467.215, 616.211
3.52046, -24.5061, -383.428
5.00728, -538.58, -502.806
5.1371, -65.2752, 567.672
4.13422, 46.3002, -196.645
4.75888, 240.247, -267.74
6.85263, 14.4282, 586.344
4.72884, 579.062, 620.685
6.03726, -468.267, -587.183
6.83171, 746.67, -649.543
6.5822, 619.001, 162.343
2.67504, 831.591, 622.792
3.8644, -506.055, -215.344
5.21858, -276.568, -374.234
3.19942, -526.587, -462.557
5.57408, -621.196, -651.078
3.29182, -420.319, -703.692
4.41129, 241.463, 180.582
5.94997, -53.8548, 98.5372
3.21128, -410.896, 658.415
5.65284, -680.815, 599.435
3.15973, 95.9577, 641.744
7.13583, -681.821, 227.013
5.53465, -687.883, 596.906
5.50388, -669.985, 167.498
3.33635, 393.495, -397.788
3.301, -556.628, -545.914
5.91628, 454.386, -2.62103
5.1456, -544.562, -101.252
3.65264, -93.3004, 519.56
6.55373, -415.602, -192.46
5.76477, -318.566, -403.532
4.08597, -622.6, -451.675
2.53953, -231.174, -550.599
3.49176, 517.759, 524.904
3.78831, 139.695, 319.504
3.03825, 621.34, -156.578
3.49545, 81.2414, -131.892
6.75079, 831.402, -527.615
6.63912, -609.056, 223.276
6.76813, -624.471, -452.141
5.71027, 116.666, 588.837
3.6787, 724.086, -702.611
6.80638, -593.437, -541.412
5.4745, -219.197, -71.545
2.52745, 447.619, -5.18616
6.84925, -661.994, -494.551
7.37729, 438.255, 196.376
5.59653, 275.494, 19.6953
3.85574, -636.575, 179.803
7.46973, -189.23, -405.311
4.60751, -648.739, -463.678
4.20537, -568.634, -453.271
4.80717, 276.041, 16.6612
4.44822, 186.454, -280.703
4.613, 158.754, 568.259
2.84879, 310.304, 254.172
5.5153, 59.3694, -210.915
7.36114, -89.1012, 111.133
5.07406, -622.373, -550.451
7.45461, 615.359, -143.486
5.84906, 432.438, -77.2243
4.01716, -571.413, -116.323
3.47371, 583.145, 522.807
4.0109, -604.961, -635.685
4.93946, -366.226, 345.921
4.72438, 470.825, 654.875
5.7844, 368.516, -565.001
3.74227, -590.07, -477.98
4.72007, 78.6388, 421.669
5.75894, -564.149, -68.2892
6.67472, -680.806, 252.261
6.03698, 105.394, 621.97
4.93928, -462.003, -471.702
6.72039, 321.358, -36.0596
7.00296, -417.109, -183.595
6.33082, -616.574, -555.177
5.29453, 512.55, 703.252
2.70603, 74.0807, 63.9883
5.46749, 523.105, 35.8472
2.68674, -439.421, 611.449
4.53488, 279.688, 324.708
2.84243, -724.448, -695.438
7.38558, -608.715, -633.47
2.5956, -566.503, -250.712
6.60363, -254.414, -179.264
5.2195, -409.294, 552.103
5.72828, 668.368, -252.72
3.62934, -140.731, -88.6844
2.733, 764.301, -536.768
3.63154, 284.363, -451.652
4.58371, -637.473, 122.253
6.40126, 258.075, -469.317
3.72852, -657.637, 163.685
4.81411, 476.363, 63.6168
6.14756, 609.768, 175.472
5.35237, -356.926, 658.649
5.45997, 711.888, 699.342
4.98425, -653.631, 175.513
3.951, 226.629, 151.638
4.71107, 57.7774, -217.508
2.53669, 692.661, -444.746
7.41683, 393.683, -266.144
2.52822, -653.203, -286.531
4.8676, 65.0913, 597.641
5.86497, -262.838, -210.805
