6.27803, -1151.97, 612.084
3.5948, 280.678, 938.534
5.89648, 774.774, -389.15
5.09708, 31.82, 101.452
2.76731, 1893.8, -2049.17
2.53849, 349.065, -166.08
4.58743, 2654.77, 1523.7
7.15218, -53.8773, 4.14762
2.95982, -253.845, 596.981
6.00595, 704.12, 570.901
3.81226, 522.425, 225.962
4.14117, 130.183, 53.7401
7.45519, -492.36, -559.036
7.41275, 39.5508, -214.199
5.75759, 447.936, 441.211
6.92354, 183.32, -138.538
6.33247, -17.9653, -119.747
3.87453, -1023.76, 30.9827
4.93259, -162.902, -225.616
2.80282, -2282.88, 343.478
5.08146, 150.524, 50.2046
4.96988, -1728.36, 553.836
7.23882, -116.926, -311.308
4.42071, -19.9842, -87.5153
5.14874, -1372.44, 488.194
2.75042, -297.865, 1719.22
6.63909, 340.612, 407.38
5.94228, -630.622, -198.209
6.18112, 238.482, 118.073
6.94286, -1397.98, -1433.61
4.25508, -11.5981, 56.3324
6.72991, 68.33, 68.2244
3.84659, 32.1009, 295.416
4.83959, 746.327, -78.9232
3.2686, 32.8314, -162.927
2.66527, -245.348, -89.9124
7.2768, -950.26, -794.513
6.95369, 444.917, 377.512
3.29884, -962.855, 21.6273
3.15214, -708.613, -274.648
2.515, 1067.12, -164.166
6.0491, -69.4954, 2.59655
3.40448, 980.214, -81.8808
5.76029, -65.768, 82.654
4.42907, -11.2114, -93.171
3.23766, 619.11, 893.446
5.45054, 217.724, 568.51
3.24076, 1174.94, -568.847
3.2091, -1055.24, -854.911
4.94257, -317.952, -331.725
3.13015, -845.476, -133.804
5.64635, -663.935, 107.786
5.60817, 322.265, -0.0183716
4.88216, 1265.39, -1751.89
2.64188, 557.395, 861.932
3.21011, 1570.04, -367.953
3.15594, 368.187, 375.23
3.31099, 781.331, -1142.46
3.76529, 321.066, -162.489
4.77654, -1909.04, 1012.37
6.54472, -75.0816, -18.151
3.57624, 216.71, 52.0427
3.75063, 248.679, 678.081
5.02978, 423.199, 493.368
6.27922, 5.59852, -198.144
5.66369, -586.338, -1368.3
5.9449, -1201.06, -752.28
7.27207, -753.485, -285.906
5.18713, 1698.54, -882.417
4.57014, 144.085, 702.266
4.70019, 417.104, 479.658
6.07821, -937.781, -1103.66
6.20858, -903.741, -1044.6
5.12494, -1318.89, 1201.08
6.06711, 5.5388, -98.1812
5.91025, -113.525, -32.9102
6.82941, 985.66, -773.405
3.19597, 810.65, 600.286
3.57766, 213.885, -12.3526
5.0733, 35.2828, -179.535
4.83766, 411.626, 468.809
3.55759, 1057.03, -1313.76
5.65244, 723.879, -398.953
2.5044, 1010.08, -1390.33
4.09589, -145.427, -1647.48
5.90281, 11.1643, 102.913
6.0446, -33.6082, 134.338
2.90869, 201.512, 534.089
3.56926, 111.097, -0.50886
4.44412, 19.71, -105.901
4.44927, -1654.36, -636.791
3.92018, 78.9239, 89.1723
4.6123, 92.3397, 2.88054
2.55658, 640.172, -3.06301
3.72027, -1759.16, 911.41
4.49072, -493.447, -1502.72
6.64177, 56.4555, 231.153
3.78584, -562.946, 564.414
3.59705, -763.53, -387.217
6.47385, 399.159, 339.474
5.8476, -614.691, -183.55
5.49108, -258.006, -318.498
5.99917, 1244.85, 622.285
5.13062, 42.8941, 121.062
4.14833, 98.1642, 82.8764
3.30844, 1635.94, 255.692
6.56633, 53.8367, -56.6254
4.08004, 737.087, 387.128
4.05369, 223.655, -171.025
4.65424, -19.804, -20.0339
4.46509, 488.131, -17.2809
4.43916, 365.075, -336.845
4.34871, 71.8716, -142.382
5.88118, -414.714, -568.817
6.10384, 744.455, -66.4719
7.20082, -1110.96, 134.146
5.08573, 135.039, 38.5523
5.5282, 686.102, 570.386
5.85049, 786.374, -1144.56
5.11404, -276.02, -69.4658
3.87105, -36.2219, 232.807
7.08924, 388.74, 383.491
3.73367, -81.2454, -103.888
4.77876, -356.675, 593.96
3.30374, -94.7549, -66.3244
4.68319, -57.5381, -211.011
7.45767, 282.449, -344.707
6.26931, 1172.83, -1389.35
4.97846, 129.334, 31.5047
7.01651, -66.5528, 57.7866
4.68213, 311.273, 54.5645
5.09239, 1008.89, -764.829
4.44866, -895.966, -1154.6
5.63431, 131.67, 11.9139
5.19331, 76.3507, 38.0722
4.35955, 284.241, -374.77
2.54674, 222.452, 145.284
6.3794, -51.1335, -20.2774
2.85317, -134.804, -182.507
3.98511, 115.193, 50.475
4.78581, 140.465, 38.0406
3.25156, 204.556, 83.8889
5.97819, 264.558, 515.03
4.15587, 425.352, -18.5121
5.21197, -1127.34, 1918.02
2.64678, -1381.26, -446.873
5.38086, -165.814, -634.656
5.18133, 177.698, -25.7063
7.36678, -674.153, 533.934
5.57063, -126.876, -28.0201
5.26431, 981.834, -1420.57
6.69051, 157.25, 507.41
3.75764, 93.5284, 621.9
6.98957, -68.1426, 17.1049
5.97428, 434.84, -189.991
5.82752, 206.332, 1161.72
3.06838, 92.4432, 357.075
3.37987, 211.488, -381.564
2.91253, -150.314, 506.864
6.68103, -215.924, 704.194
2.64818, -404.011, 664.955
6.34719, 33.5468, 61.4598
4.29829, 226.609, -1412.85
6.24626, 906.302, -236.812
6.28385, -52.3745, -2.79802
3.60834, 1236.4, -152.039
5.58305, 16.58, -53.532
3.66846, -141.494, -173.623
6.22052, 116.808, -1358.01
5.80997, 242.97, 405.427
4.9209, -1049.57, 1988.63
2.58972, -557.91, 100.506
4.98291, 59.0929, 464.429
5.09587, 55.4284, 129.125
4.71395, 675.924, 1281.56
4.14528, -1114.04, 225.105
3.52671, 148.516, -369.344
7.19863, -257.768, 911.444
2.85168, 923.038, 1015.21
3.30042, -233.844, -385.356
6.70788, 11.4893, 179.106
4.13614, 215.532, 330.326
6.85942, 485.339, 546.198
5.99896, -244.669, -199.835
5.52801, -266.201, 69.6021
4.77536, 382.592, 680.363
2.91543, 1082.74, 148.951
3.94883, -1225.25, -807.636
6.51009, -335.66, -113.157
6.81821, 519.06, 681.926
3.81831, -1747.15, 158.792
4.79881, 108.72, 83.3305
4.95672, 21.5279, 90.2951
5.82344, 688.022, -1063.47
7.31738, 105.053, -111.366
7.23022, -121.143, -5.04274
2.81902, 424.676, -627.448
5.04829, 111.546, -24.741
6.13222, 147, 26.0839
5.65882, 11.8287, -48.2039
3.26658, 152.537, -358.713
5.09652, 676.215, 1278.56
3.52281, 2030.19, -709.656
6.03231, 59.7607, 11.5576
6.05786, -274.261, 2130.88
3.66304, 148.429, 275.894
6.80594, -46.9062, 59.8263
2.67122, -599.145, -568.356
6.26587, 52.34, 473.481
4.14789, 324.091, 162.787
4.65309, 1769.21, -254.775
7.33455, 149.982, 267.416
4.05803, -895.786, -832.163
5.69762, -2101.5, 131.962
5.95386, -9.98841, 30.3798
5.36403, -60.4901, 143.831
6.60667, -1118.99, 1910.98
4.21807, -1329.37, 722.489
5.09387, -234.957, -61.3921
6.78438, 819.81, -35.3272
6.18587, 758.315, 633.314
3.45992, 88.9145, 77.4101
2.83145, 44.0951, 8.39868
3.60828, -1566.45, 1021.03
3.33656, -65.4857, -76.1272
6.31172, -98.8378, -21.2952
5.44905, 489.729, -1136.96
4.65223, -2213, -296.054
7.09618, 1041.49, -320.193
5.09668, 22.9633, 204.268
7.38058, -435.945, 236.291
5.15714, 219.095, 329.601
2.98716, -422.921, 1081.68
5.83983, 369.738, 443.747
5.44444, -424.14, 1181.33
5.01137, 9.50122, -106.798
2.75808, 914.209, 165.726
2.6753, 772.621, -470.927
4.41484, 14.6565, 34.8356
5.55555, -948.893, -1322.97
5.06574, -2188.14, -303.662
5.98498, 136.886, 138.356
4.89891, 150.099, -319.548
3.88323, -2079.76, -6.10468
6.01685, -62.6127, 1390.65
3.67701, 175.621, -22.6931
6.41501, 47.2706, -65.9413
6.60589, 954.558, -345.415
3.21842, 1142.81, 1273.67
5.75757, 643.808, -589.148
3.87677, 141.17, 224.943
7.26215, 677.13, -675.14
4.58238, 39.9601, 23.1956
3.03869, -107.24, -47.4559
4.70633, -217.067, -56.6893
6.28811, -112.902, 22.3184
2.77803, 694.626, 573.496
3.51241, -78.9612, -83.5149
6.82305, 22.2981, -117.587
6.52456, 277.855, 56.824
2.78861, 337.131, 1105.2
4.40304, 33.0988, -90.0676
4.56124, 181.847, 73.2593
2.80071, -472.273, -138.196
7.09746, -761.886, -716.059
3.35398, 284.784, 53.5935
6.51634, 24.4374, -52.4282
3.88599, 247.624, 323.524
4.44586, 353.634, -153.65
7.19936, -1042.51, -30.0486
6.24573, 21.6159, 1341
3.44774, 1095.21, -1419.02
6.89581, -39.2271, 13.9086
6.8953, 109.023, 36.8407
3.30515, 184.618, -276.488
5.87346, -40.2246, -87.1729
6.89096, -135.326, -82.6255
6.98262, -520.085, 1455.94
3.06535, 88.4098, 29.3077
5.93789, 352.646, 571.358
3.21651, -128.165, -235.029
3.6901, 635.434, -242.254
5.64383, 1053.34, -801.713
4.312, 397.56, 348.228
4.64437, -894.225, -857.67
4.91936, 743.037, -749.581
6.20379, -178.27, -505.243
3.23098, 655.447, -452.553
7.36238, -238.603, -72.2757
7.3158, 121.527, 44.2201
3.14741, 900.651, -731.774
5.3784, -376.501, -289.025
4.66439, -245.258, -229.796
5.50066, 16.5218, -98.5006
5.85098, -177.354, 153.763
4.5137, -1385.76, -465.723
6.46691, -958.047, -763.427
4.89889, -1255.1, 931.794
5.72449, -694.896, 457.219
4.28836, 1923.04, -386.382
5.96794, -108.322, 535.593
5.83428, 131.773, 155.369
3.22071, 722.052, -394.838
7.10415, 38.2489, -89.2668
4.22228, 643.41, 1590.55
6.66824, 34.767, -35.28
2.74349, 599.414, -62.0646
3.27936, 524.944, -564.096
2.55765, 626.15, -218.82
3.94327, -35.7788, 25.6122
5.07295, 10.5573, -106.447
3.65948, 251.907, -1549.9
2.75022, 17.4097, -166.284
5.33091, 41.1194, -127.569
6.69774, 256.008, 149.25
4.28763, 480.67, 570.684
4.3452, 388.855, 389.821
7.22226, 512.922, 201.261
4.72425, -921.218, 419.616
6.82086, -31.4849, 70.5903
5.82654, 308.619, -468.425
5.79297, -613.804, -130.287
7.10736, 1213.57, -883.978
5.11536, -1310.6, 1214.21
5.45229, -533.101, -423.251
5.79944, -250.502, -1314.8
4.24765, -992.045, 508.229
4.11714, 571.245, -200.8
7.08984, 373.923, 346.399
3.08619, -1639.91, 612.444
7.31268, -95.7978, -173.751
5.17978, -1.36663, 56.9463
5.81447, -453.411, -142.015
5.48362, -1771.36, 759.925
6.93363, -445.891, -59.0218
6.67999, 46.0798, -96.6362
6.69339, 364.842, 461.008
6.85642, 215.224, -123.283
2.5002, 232.786, 1066.52
4.77274, 107.409, 342.598
4.25696, 1187.57, -94.9251
5.80713, 1607.1, -1437.35
6.22234, -91.6115, 40.9987
3.3821, -491.815, -1641.75
7.4621, -695.674, 948.09
5.95466, 326.535, -238.73
6.97862, 213.694, 64.5431
3.51579, -569.04, -273.979
7.2356, -25.7868, 726.032
4.88476, -1709.37, 827.208
6.78578, -1563.64, 1024.35
6.41237, -149.406, -522.412
5.70687, -1330.07, 1184.23
3.14521, -258.764, 715.302
5.77944, 215.923, -488.864
3.09199, -53.3547, 14.2847
3.88793, 1295.99, 144.194
6.65548, 300.211, 1307.51
6.14153, 1436.34, 1834.34
6.74348, 1558.21, -1161.1
3.43989, -272.397, -734.737
6.09602, -89.8264, -218.752
4.25586, -259.737, 643.031
3.34555, 519.198, 810.266
4.52383, -1572.57, 250.755
4.20924, 221.056, -35.6593
6.67141, -68.8131, -47.7969
3.9111, -1190.72, -1929.6
5.16766, 1032.71, 734.711
6.25085, -187.516, 178.316
4.62554, -43.2927, -144.784
4.66964, 1137.52, -74.0859
3.03022, -1510.86, -660.884
6.4639, -367.08, -424.418
3.91232, 24.4258, 24.8307
7.14264, 1456.33, 1810.41
5.37926, 395.284, 387.014
3.4895, 288.201, -623.738
5.99081, 215.175, 168.483
3.07265, -476.09, -591.11
4.22945, 541.043, 717.476
4.15646, 55.4902, -496.746
6.42735, -1698.98, 800.215
6.65775, 315.511, 351.976
4.21712, 945.159, -497.087
4.2603, 385.094, 246.333
6.38197, 93.358, -95.4898
6.58658, -457.501, -189.023
4.26157, -8.69204, 212.048
7.09559, 104.332, -50.5101
3.2877, 713.891, 625.111
5.56029, 638.109, -575.685
5.54222, -151.812, -12.0607
3.16647, 1071.68, 1326.99
3.51409, 1272.78, 1844.39
4.79457, -287.653, 70.7321
3.48759, -632.918, 596.608
6.77118, -70.512, 110.362
6.54562, -553.352, -439.005
2.80131, 855.926, -949.512
6.50584, 640.176, -1778.25
5.49597, 43.905, 125.666
7.43182, 18.0244, -87.4525
2.65919, -883.899, 100.768
6.8356, -1167.4, 1432.53
3.69109, 127.45, 602.449
3.6127, -23.152, -558.587
4.73907, 2191.95, 1016.26
2.61231, 507.263, -207.108
6.79755, 24.8504, -121.604
4.15902, 399.138, -1955.81
5.72195, -471.958, -196.338
7.43521, 464.92, -101.918
5.30162, 366.206, -268.641
4.74553, -129.84, -75.2343
5.213, -130.834, -58.2938
2.90797, 399.409, 4.5636
3.99606, 1106.86, 1091.93
6.63964, -1541.29, -346.5
6.48936, -1313.22, 409.336
5.71048, -66.7211, -50.651
4.84105, 148.071, 30.3887
7.15326, 423.446, 1181.66
5.08798, -546.372, -184.156
7.42924, -1594.71, 1014.27
5.94567, -31.6092, 308.084
6.19966, -18.1224, -113.146
3.46323, 933.609, 623.207
6.08881, 1248.85, -906.666
6.11146, 428.301, 641.761
6.49298, -14.0829, 172.359
4.23216, -1719.78, 224.331
5.1481, 263.04, 501.153
3.19001, 444.366, -760.122
6.73218, 18.4348, -33.7726
6.32766, -38.2864, 93.1493
7.5, -1775.15, 753.508
4.24891, -2360.22, -898.375
5.50367, 1036.42, -1.24632
3.50808, -67.2337, 1545.74
6.2385, -1338.93, 216.811
6.49225, 228.144, 470.464
3.03505, -143.092, 361.23
5.35813, 8.60505, -105.837
2.84683, -1972.74, 700.799
4.16036, -18.436, -7.22746
5.80945, 19.4646, 52.3691
5.27726, 306.614, 1505.06
7.12415, -134.715, 1.3069
2.69832, 237.762, 969.863
2.62083, 837.565, 850.105
4.61923, 143.62, 101.993
4.36987, 247.441, 204.368
2.93303, 1163.84, 986.127
3.05403, -74.8519, 16.8422
5.31992, -1556.2, 137.316
7.37269, -14.7393, -121.842
3.05066, 20.3331, -1582.64
5.99352, -1213.98, -1400.39
2.79674, 341.838, 1041.3
4.69755, -39.9488, -60.4807
5.24651, -612.063, -514.311
3.45129, -52.3746, 49.9332
7.36597, 95.0166, 106.673
3.19593, 123.12, -421.012
5.48978, -1263.88, 301.777
7.12812, 234.326, -849.391
3.91116, 265.885, 369.85
6.8307, 199.578, 136.81
6.29598, 691.386, -810.583
6.10793, 172.683, -63.1354
3.34241, 333.4, 561.555
3.32882, -177.428, -977.823
3.39076, -20.2, 40.0579
5.87226, 5.04375, 91.519
4.83484, -150.586, 117.627
6.85219, -29.3969, -81.7939
5.76023, -220.37, -296.201
5.80464, -448.248, -137.169
2.58037, -54.1475, 41.1615
4.30596, 1944.81, 1207.36
3.72747, 49.1001, 26.4778
6.93086, 717.689, 836.573
5.23701, -2408.46, 26.7721
6.57209, -76.8236, -21.3895
5.24453, -602.792, -553.472
4.16156, 191.874, 62.8428
4.40213, -755.99, -1276.92
2.52389, -588.67, -32.9585
6.95226, 189.65, 74.6739
6.16955, 382.013, -62.3005
6.04239, 428.926, 231.879
5.1278, 981.557, -988.054
6.41065, -62.9335, 107.452
3.42484, 46.1918, -184.603
5.72673, 44.137, -128.975
3.42178, -35.9272, -240.813
3.31214, -1001, 322.413
2.65594, 925.518, 281.497
7.42716, 97.6787, 25.534
4.04559, -79.7689, 22.7815
4.11075, -14.5482, -70.9764
5.51155, -94.7898, -24.3129
2.89107, 1727.42, -70.4157
3.93936, 107.552, 72.839
5.79307, 704.064, -685.062
7.36348, 188.174, 42.9314
7.27758, 1358.43, 467.566
7.42745, -374.269, -17.9233
7.30478, -180.302, -54.0116
3.0073, -35.2862, 78.5679
3.71505, -100.038, -175.334
6.91151, 200.951, -37.7965
5.28805, 345.467, 461.94
6.7669, 15.9203, -3.5432
7.49145, 834.356, -320.61
3.99751, -1442.76, 964.637
6.33157, -2628.95, -950.122
4.81901, -734.502, 79.039
6.8168, 121.226, 32.485
6.99018, 6.38561, -77.2595
7.377, 136.51, 182.228
2.77405, -198.968, -78.2296
6.32605, 106.527, 66.3143
5.09219, 894.796, -1148.74
3.46574, 20.0625, 586.286
6.98252, 298.562, -3.87445
6.38492, -352.057, 329.27
2.75968, 231.287, -140.321
7.47331, 789.596, -1147.69
5.93659, 122.318, 224.005
5.94854, -448.261, -136.094
6.57666, 1223.89, -601.671
7.05426, 73.1783, -136.29
3.34218, 719.665, 1849
5.24183, 1248.18, -813.237
6.53351, 16.0471, -91.621
4.17803, 252.325, 448.605
5.53435, 94.6863, -647.021
6.59602, 545.419, -1098.67
7.3485, -197.73, -32.97
6.29349, -44.8174, -27.2001
3.72113, 66.5673, -432.606
5.80589, -125.528, 8.22689
4.21574, 694.597, 241.057
7.27146, 143.595, 144.254
2.60828, 761.705, -1367.25
4.54979, 748.835, -409.982
2.55789, -695.306, 1338.73
3.04964, -23.7328, -44.082
5.28259, 631.557, -910.508
4.45466, 180.513, 45.1553
7.20539, -53.6392, 74.7783
2.55572, -553.451, 216.245
6.22897, 73.7236, 565.985
3.84293, 223.597, 72.2439
4.27153, 46.6521, 0.875823
3.45835, 1891.86, -2017.62
5.14832, 19.6604, 9.83422
4.39478, -358.344, -1730.62
3.16407, 31.5613, -136.55
4.26563, -140, -7.35957
4.2497, -1856.96, 879.916
7.41084, -1187.23, -782.284
5.25961, 331.902, 344.835
4.99918, -1164.34, -314.867
3.58531, 697.046, -1096.53
4.37311, 423.017, -178.414
6.78251, 899.195, 722.506
6.45578, -964.965, 1769.59
3.9204, 1196.8, -1284.04
5.07645, 631.557, -566.739
6.79238, -24.2399, -26.2131
7.07844, 426.816, -325.033
7.48941, -890.897, -833.36
6.53177, -627.35, -475.427
5.22718, -60.3617, -205.173
7.3461, 229.822, -499.79
5.31931, -270.199, 145.804
4.03031, 682.595, -660.762
5.41853, 569.697, -154.715
2.91197, 69.8904, -64.4963
5.47382, 282.024, -132.242
3.31968, 937.057, 1497.21
6.46527, 116.4, 320.717
2.95373, -653.958, 569.805
6.3072, 176.022, -4.58128
6.83996, -23.9842, 64.0204
6.40105, -191.838, 8.91165
6.61399, -1088.36, -416.03
6.70974, -163.667, -24.6697
4.48328, 761.905, 449.797
6.508, -89.5061, -20.7086
6.56811, 35.6295, -42.8442
5.43493, 587.779, 1023
4.64621, -73.7157, 64.7835
2.5002, 465.88, -641.464
5.31153, -36.6828, -148.888
6.22632, 422.376, 340.519
3.89846, 1351.95, 688.203
2.93406, -190.392, -1826.13
3.5733, -532.189, -166.054
3.93296, 191.957, 23.4683
4.86595, 604.013, -162.261
6.95893, -930.934, -773.99
5.91955, 81.4276, -86.5322
3.54376, -83.7191, 108.011
6.67533, 5.44935, 15.137
7.09218, -547.601, -273.375
4.48244, 659.41, 40.2039
6.37858, 519.969, 518.377
5.68161, 86.5219, 70.2076
6.64746, 242.171, -75.5903
3.40204, -280.659, -496.851
7.45927, -132.06, -11.8472
6.70558, 438.8, -570.02
4.65177, -392.915, 427.378
4.38589, -524.343, 225.933
2.70802, -122.919, -135.531
6.80715, -122.743, -137.369
6.62116, -1453.32, 1067.72
6.25052, 386.237, 816.571
3.55801, 276.74, -59.1662
4.31029, 52.3064, -185.483
4.43545, 168.539, 175.575
7.32918, -1375.32, -925.24
6.5872, 228.324, 113.235
4.5755, -713.034, 74.4547
5.83759, 65.118, 87.002
2.52101, -1571.5, 1262.37
6.98048, -37.4968, -44.6359
3.68416, 712.1, 462.157
3.79415, -21.7526, 64.3488
5.4939, 361.851, -38.4913
6.89823, -905.179, 124.689
6.16299, 633.123, 111.062
6.0773, -796.92, -302.758
3.57724, 2136.51, -118.509
6.30413, -1635.69, 1168.77
3.85351, 53.5851, 172.149
2.75246, 170.2, 50.7997
4.78866, 165.557, -28.2705
2.58759, 431.304, -10.8914
3.01129, 1801.94, -1279.35
2.639, -484.605, 185.536
5.65921, 35.8072, 65.827
6.34425, 76.3288, -83.829
2.74132, -728.005, -473.646
6.6924, 85.8738, 7.2514
6.76899, -132.433, -79.4564
6.57649, 681.852, -554.034
6.85188, -89.104, -1488.17
5.27222, 30.7315, -59.3131
6.12646, 34.819, 985.11
3.20424, -1763.91, 1100.82
6.6115, 42.7392, 135.514
5.51185, -945.936, -1319.96
4.93856, 97.5825, -0.2115
6.14942, 227.013, 126.448
4.05164, -1086.72, 568.271
3.93925, 264.537, -425.812
5.45857, 1009.48, -1243.25
5.34055, -1345.51, 540.86
5.41059, 1428.41, 772.268
2.84132, 416.108, -792.888
4.34304, -900.532, 358.87
6.28475, 80.653, -24.3948
6.35297, 792.467, 1222.29
4.27217, 130.041, 34.989
5.98913, 63.2099, -92.1784
5.08005, 1088.68, 605.839
5.94494, 102.951, 1.33518
6.18066, -1110.71, -891.148
2.56231, -1125.11, -948.741
7.16549, 3.99372, -115.743
5.37826, -535.276, -258.263
3.05587, -515.215, -234.773
4.87388, 125.73, 30.3181
3.24247, -15.5444, 198.852
4.22594, -2911.28, -708.372
7.04476, -270.728, -325.907
4.54571, 1221.69, -612.611
5.96642, 96.7043, -109.334
3.35865, -77.2804, 68.535
6.21715, -1460.39, 644.089
4.16319, -67.9929, -82.3763
4.62157, -78.2778, -12.9802
2.79523, 403.133, -422.619
5.09005, 256.29, 315.71
5.94425, -30.1526, -600.318
5.01149, 8.27013, 70.6243
6.56617, 2.76913, -237.533
3.07974, 19.4291, -189.457
5.24841, 514.345, 505.09
5.06046, -110.137, -224.983
6.02649, -953.729, -763.546
5.65083, 60.0592, -149.778
4.0207, 21.6408, -81.4944
6.74719, -45.9638, 18.0362
3.39619, 560.4, -1065.11
2.61737, 70.3771, -72.6214
4.19467, 288.802, -146.442
3.43818, -815.183, -857.537
6.60467, 218.451, -230.278
6.72507, 23.3646, 1355.6
6.78031, -1204.52, 799.928
7.37454, 338.206, -120.092
2.99587, 124.092, -144.45
2.56182, -1152.38, -1054.03
2.58614, 139.668, -947.178
2.64527, -40.188, 94.0171
4.1031, -1029.17, -1015.58
6.17815, -1162.21, 607.144
3.14876, 246.446, 199.156
2.5161, 240.743, -167.839
6.91905, 53.2127, -79.2941
3.70482, 304.092, -528.3
4.38481, -251.345, -53.9297
4.44879, 12.2589, -161.745
2.81534, 1133.47, 468.47
7.30792, 506.552, 174.99
3.75349, 498.376, -299.833
6.85376, 46.9131, 1.5984
2.85991, 837.584, -1223.1
2.70653, 706.072, -872.62
3.46378, 15.231, -0.488242
3.86708, -515.903, -1146.05
7.4007, 11.7155, -93.7517
3.60607, 355.534, -1750
6.43119, 775.827, -1144.31
4.42306, 4.42586, 44.8997
3.78593, -1209.3, 1129.68
3.91087, -261.829, 348.819
7.33834, 220.266, -240.557
4.22841, -14.6909, -255.032
3.45922, -54.4127, -147.335
5.05037, 128.031, -18.4889
5.21857, 466.644, -1574.6
5.72333, 73.8282, 110.957
3.89738, 698.346, -544.849
3.41887, -379.731, -508.927
2.71579, 998.482, -1252.17
3.98408, 80.0683, -290.103
4.25548, 982.779, 41.4538
7.09372, 550.732, -209.42
5.81225, -21.8021, 71.1964
5.08041, -944.872, -803.297
4.03763, -423.177, -25.0224
3.0007, 896.83, 878.601
3.47502, 37.2005, -163.386
4.11407, 1116.55, 1368.46
5.56182, -239.715, 242.471
5.13511, -185.073, 102.134
3.45653, -421.681, 972.767
4.7178, 1993.89, 1110.2
4.48693, 2182.02, -427.927
6.28051, 75.6845, -9.34
6.6213, 185.86, 163.084
5.51573, -248.314, -712.441
3.04573, -118.382, -32.7255
4.11797, 1081.58, -138.552
5.03403, -94.8883, -21.7083
4.76521, 427.813, 760.665
4.77315, -26.8219, -76.9352
4.91125, 171.338, -43.094
5.07896, -1760.56, 331.695
4.50207, -791.716, -1033.32
4.22945, -428.786, -108.489
6.64533, 150.386, -221.164
3.02204, 1230.21, -120.231
6.40057, 243.712, 64.6519
3.19919, 45.7479, 213.877
2.62171, 1276.8, 1573.31
6.0664, 14.9456, -67.0022
7.15538, 38.3804, 89.2212
7.47667, -168.328, -156.262
3.86264, 18.4324, -105.496
3.6923, -734.185, 589.827
3.87328, -128.081, -1082.57
5.70836, 149.383, 220.08
5.17637, -183.538, -147.24
6.8967, -1098.51, 1718.72
6.75968, 30.4356, 104.59
2.98004, -177.925, 574.849
4.66818, -259.286, 38.5652
3.17045, 41.9228, -109.107
5.86802, -111.846, 33.3903
5.34964, -299.062, -187.702
3.66474, 162.66, -928.127
5.50306, -165.485, -86.7191
2.6551, 39.0364, -464.486
7.08512, -160.925, -23.585
3.82958, 700.625, 284.535
6.50016, -67.9779, -83.7473
5.46389, 158.995, 15.9975
5.0822, -153.761, -17.3824
5.2567, -135.671, -22.3956
3.47225, 98.7368, -357.059
5.36152, -980.375, -447.632
3.81992, -291.541, 1841.01
4.41648, 789.976, -1832.82
2.73626, -214.884, -204.263
4.22823, 50.0083, -30.0191
3.61594, -1209.23, 2456.44
3.81264, -24.5195, -125.064
3.05141, 42.7492, 144.382
7.40088, 113.045, -329.242
5.93794, -799.991, -309.077
5.82158, -35.6347, 45.7711
5.99501, 84.8843, -223.033
2.68746, -82.1957, 143.054
3.6706, 21.9924, 69.034
3.95397, -1682.1, -2548.94
3.50543, 119.264, -156.483
2.7177, -994.26, 1210.84
2.56571, 672.936, -548.775
6.07297, 2022.85, -708.426
6.88348, -145.279, -174.126
5.35088, 640.415, -1265.67
6.92743, -878.65, -902.829
5.20042, 207.357, -199.398
3.31357, -883.577, 511.139
3.30492, -906.177, -1009.3
7.19182, -134.142, -15.8952
3.45628, 84.6905, -416.432
3.15761, -1165.78, 248.804
4.41122, 261.786, -426.651
6.12674, -421.85, 1200.64
2.50651, -2186.68, -303.341
4.60222, 1522.42, -951.988
5.18984, 701.181, 140.469
4.86596, -34.9317, 482.21
6.33003, 516.851, 29.4389
2.9396, 716.819, 30.2811
7.04284, 207.879, 388.667
3.20818, 429.935, 188.043
2.54782, -80.7226, 15.0369
2.82267, 73.0666, -152.652
4.96742, 400.968, 341.656
5.40914, -16.7955, 61.5562
4.03373, 1211.84, -2235.1
4.57091, -36.1723, 231.684
4.33401, -159.284, -317.344
3.42687, 56.5607, -1357.05
2.76788, -766.168, -1070.71
4.47222, -24.853, -97.2925
3.98388, 597.23, 564.107
5.05388, 128.146, 114.054
3.75392, 787.982, -1450.1
5.01589, 254.795, -384.505
2.51168, 900.612, -113.518
7.01807, -1770.91, 770.052
2.79181, 1349.43, 1227.66
5.17506, 32.9284, 1167.95
3.95754, 1271.08, -565.44
7.3023, 135.501, -194.905
4.73406, -1362.28, -718.061
5.08479, -84.7976, 1.39814
5.93861, -375.639, -544.778
2.72187, -27.975, 103.323
7.2946, 1374.11, -1100.86
5.70852, 112.142, 294.376
2.80215, 60.2009, -69.2521
3.33964, -81.3441, 12.6599
5.76491, 218.644, 73.185
6.19864, 239.199, 1067.08
3.57011, 364.894, -367.375
4.31441, 35.2568, -905.724
6.56981, 723.289, -397.57
5.32057, -138.867, 9.76735
7.45886, 29.5313, 4.16953
6.5669, -228.125, 66.1287
3.49157, 1063.8, -1536.55
2.50003, -5.22358, -76.3005
4.62608, -1171.93, 1435.11
4.07406, 964.039, 442.831
5.56218, -1413.79, 202.725
3.83351, 14.8368, -48.8643
4.39881, -256.641, -356.677
5.43397, -239.12, -594.451
5.95636, -94.7162, 370.882
7.26736, 4.60039, -86.9051
4.89785, 142.551, -434.553
3.60319, -624.485, 408.474
5.33741, -315.994, -127.105
6.09873, -60.904, 25.2069
4.4953, 1160.9, -288.308
3.48326, 813.484, -443.083
6.66971, 22.4873, 180.676
5.59561, 671.792, -288.863
7.26866, 75.0955, 57.915
3.23222, 675.756, 633.615
5.38953, 11.6292, -111.754
7.26796, -67.2722, -172.314
3.62331, -1688.35, 913.243
7.25137, 26.2859, -24.1245
3.07874, 762.28, -272.672
2.58372, 82.8074, -56.6247
3.90465, 52.3309, -458.193
7.15042, -110.944, 113.562
3.04796, -983.693, -344.867
6.77266, 219.307, 138.145
5.68532, -134.493, -154.516
5.63853, -12.8799, -70.9075
3.80589, -267.077, 748.397
5.13936, 646.297, -587.642
7.16608, 20.9317, 91.9539
3.98055, 242.578, -208.381
4.78006, -138.68, -118.579
6.35659, -153.719, 1492.81
4.17193, -639.971, -1701.35
6.31775, 41.4364, -126.081
6.65892, -983.913, 696.639
2.64618, 1077.42, -787.739
4.31315, 311.104, -352.34
4.16221, 27.0521, 540.775
3.17675, -89.1764, -117.729
3.00839, 441.776, -1407.1
5.11327, 414.908, 244.315
3.52046, -71.9231, 233.298
5.00728, -142.867, -348.901
5.1371, -1579.84, 805.933
4.13422, 11.6837, 17.4485
4.75888, 84.4147, -208.964
6.85263, -104.288, -7.72
4.72884, -67.1324, -4.40766
6.03726, -26.0301, -304.937
6.83171, -997.366, 257.5
6.5822, -103.478, 76.1048
2.67504, -1134.28, -501.981
3.8644, -107.194, 1124.85
5.21858, 332.267, -74.9527
3.19942, -269.835, 45.8665
5.57408, -142.272, -21.0071
3.29182, 145.948, -607.268
4.41129, 496.351, -131.619
5.94997, 126.366, 161.974
3.21128, 1560.47, -107.713
5.65284, -186.259, 67.1593
3.15973, -1011.49, -1020.02
7.13583, 60.6639, -72.7654
5.53465, 1604.53, -2479.83
5.50388, 666.635, -514.193
3.33635, -75.1021, 7.04307
3.301, 207.268, 369.833
5.91628, 43.5863, -87.107
5.1456, 126.211, -259.335
3.65264, -992.425, 306.703
6.55373, -47.3226, -205.933
5.76477, 25.3676, 12.5094
4.08597, -300.783, 179.675
2.53953, -38.6981, -41.3797
3.49176, -111.639, -950.519
3.78831, -295.943, 620.399
3.03825, 513.22, -203.796
3.49545, -700.356, 109.677
6.75079, -1783.28, 970.892
6.63912, 47.4784, -78.1487
6.76813, 27.6438, 109.702
5.71027, -224.437, -80.0736
3.6787, -1099.18, 1108.5
6.80638, -152.59, -94.5519
5.4745, -185.816, 699.802
2.52745, -922.785, -949.957
6.84925, 241.323, 402.917
7.37729, 394.652, 339.225
5.59653, -960.624, -762.257
3.85574, 219.662, -217.8
7.46973, -12.4681, 55.4037
4.60751, -657.105, 364.938
4.20537, 350.691, 484.275
4.80717, 10.0879, -177.645
4.44822, -447.085, -1281.71
4.613, -1729.3, -402.65
2.84879, -79.285, 7.35169
5.5153, -144.511, 6.20009
7.36114, -67.8788, -44.2804
5.07406, 42.93, -92.8642
7.45461, -9.03088, -81.0323
5.84906, -742.773, -1964.47
4.01716, -471.73, -81.6966
3.47371, -799.035, -302.521
4.0109, -256.821, -212.614
4.93946, 136.989, 19.0004
4.72438, -340.933, -232.486
5.7844, -60.3799, 21.6496
3.74227, 1945.18, 1208.7
4.72007, -800.511, -802.921
5.75894, 65.6333, -118.72
6.67472, 309.614, -160.312
6.03698, 419.128, 192.987
4.93928, -35.0663, -273.272
6.72039, 557.515, 394.568
7.00296, 44.3983, -190.974
6.33082, -262.736, 233.276
5.29453, -869.798, -308.933
2.70603, 782.282, 90.3178
5.46749, 598.189, -561.327
2.68674, 243.893, -1459.08
4.53488, -129.545, -265.18
2.84243, 58.6661, -357.594
7.38558, 69.0044, 80.4362
2.5956, 1103.43, 1240.03
6.60363, -104.01, -192.457
5.2195, 1446.1, -956.309
5.72828, 52.4629, 73.417
3.62934, -139.009, 273.661
2.733, -111.608, 918.348
3.63154, -24.8785, 36.1248
4.58371, 384.075, -926.388
6.40126, 35.3892, -319.56
3.72852, 542.335, -1094.03
4.81411, -135.527, -46.8167
6.14756, 297.74, -538.637
5.35237, 1731.12, -313.908
5.45997, -435.437, -766.341
4.98425, -79.4367, -18.6697
3.951, 9.40515, 47.3991
4.71107, -65.4971, -29.9086
2.53669, -901.026, 1875.44
7.41683, -26.5921, 75.4341
2.52822, -204.687, -242.899
4.8676, 551.549, 495.707
5.86497, 1248.66, 1988.01
