6.27803, -1705.92, 908.843
3.5948, 221.456, 1209.27
5.89648, 915.883, -379.746
5.09708, 144.022, 66.342
2.76731, 2896.54, -3034.79
2.53849, -465.538, 462.474
4.58743, 4073.78, 2376.81
7.15218, 276.008, -14.2504
2.95982, -413.524, 758.903
6.00595, 728.362, 489.455
3.81226, 325.495, 231.736
4.14117, -82.066, -310.916
7.45519, -396.039, -338.594
7.41275, 137.596, 44.2744
5.75759, 759.848, 244.419
6.92354, 98.4759, 5.35254
6.33247, 184.148, 82.214
3.87453, -1393.9, -235.188
4.93259, -704.604, -584.637
2.80282, -3614.97, 730.545
5.08146, -113.182, -26.2368
4.96988, -2629.01, 886.264
7.23882, 4.01033, 260.224
4.42071, 194.953, -5.78386
5.14874, -2092.1, 625.64
2.75042, -305.595, 2650.08
6.63909, 217.423, -5.86936
5.94228, -692.373, -324.998
6.18112, -225.129, -254.511
6.94286, -2063, -1964.86
4.25508, 193.295, -33.9267
6.72991, -89.6982, -257.93
3.84659, -60.7004, -307.215
4.83959, 512.975, -269.591
3.2686, -97.3329, 305.208
2.66527, 377.452, 204.873
7.2768, -1177.38, -835.266
6.95369, 82.6495, 29.9054
3.29884, -1076.53, 126.001
3.15214, -620.432, -130.442
2.515, 1708.69, -261.252
6.0491, 87.7566, -155.723
3.40448, 1211.25, 77.1008
5.76029, 190.3, -267.827
4.42907, 380.509, 438.662
3.23766, 889.275, 1180.5
5.45054, 146.34, 359.118
3.24076, 1692.46, -860.608
3.2091, -1461.7, -1024.82
4.94257, 340.366, 98.9539
3.13015, -903.602, -252.819
5.64635, -649.432, 216.46
5.60817, 127.037, 77.8301
4.88216, 1869.99, -2589.26
2.64188, 590.679, 832.433
3.21011, 2314.44, -443.499
3.15594, 427.168, 223.123
3.31099, 1017.79, -1504.66
3.76529, -502.982, 20.472
4.77654, -2696.96, 1402.58
6.54472, 67.2183, -103.335
3.57624, -143.928, -222.345
3.75063, 379.417, 347.488
5.02978, 26.081, -2.33453
6.27922, 126.889, -147.177
5.66369, -873.593, -1957.82
5.9449, -1576.65, -1021.09
7.27207, -592.639, -144.098
5.18713, 2607.16, -1333.48
4.57014, 127.604, 288.325
4.70019, 211.452, 59.6411
6.07821, -1192.51, -1398.15
6.20858, -1424.11, -1303.54
5.12494, -1864.2, 1611.23
6.06711, 224.903, -37.2396
5.91025, 275.584, -90.2686
6.82941, 1354.49, -1017.18
3.19597, 828.028, 1031.4
3.57766, -347.406, -63.615
5.0733, 325.411, 795.648
4.83766, 285.703, 69.1449
3.55759, 1824.41, -1964.1
5.65244, 718.601, -432.194
2.5044, 1540.76, -2179.44
4.09589, -320.819, -2006.98
5.90281, 89.4299, -8.42179
6.0446, 430.516, 29.7527
2.90869, 526.339, 545.028
3.56926, -606.498, -77.9711
4.44412, 47.6085, 57.9929
4.44927, -2285.4, -832.871
3.92018, -247.551, -120.587
4.6123, 102.374, 14.5153
2.55658, 45.8636, -41.8353
3.72027, -2735.76, 1439.96
4.49072, -897.628, -2099.73
6.64177, -218.712, -219.345
3.78584, -516.846, 688.703
3.59705, -1026.39, -213.421
6.47385, 110.143, 43.1724
5.8476, -643.507, 66.0638
5.49108, 84.5213, 104.743
5.99917, 1657.86, 927.906
5.13062, -146.982, -183.131
4.14833, 121.454, -117.97
3.30844, 2745.15, 457.423
6.56633, -3.81553, -138.65
4.08004, 692.859, 542.663
4.05369, -194.844, 36.4287
4.65424, 83.3131, 44.6503
4.46509, -167.904, 97.6899
4.43916, 6.92728, 145.534
4.34871, -170.537, 493.48
5.88118, -135.578, -450.853
6.10384, 776.176, -179.165
7.20082, -1523.76, 349.809
5.08573, 70.5401, -141.031
5.5282, 725.717, 487.421
5.85049, 1024.6, -1506.63
5.11404, 168.873, 140.538
3.87105, 119.546, -484.783
7.08924, 111.938, 38.6662
3.73367, 254.637, 18.2924
4.77876, -86.5435, 845.621
3.30374, 300.122, 321.62
4.68319, 187.513, 169.968
7.45767, 107.403, 57.0348
6.26931, 1857.9, -2038.46
4.97846, 68.8911, -96.0997
7.01651, 121.383, 108.194
4.68213, -493.387, -51.4935
5.09239, 1328.04, -1120.18
4.44866, -1156.27, -1665.17
5.63431, 24.568, -11.584
5.19331, 176.955, -104.39
4.35955, -122.994, 19.5967
2.54674, 177.492, 417.209
6.3794, -64.5488, -42.2907
2.85317, 208.131, 106.822
3.98511, 90.3838, 560.926
4.78581, -207.013, -220.757
3.25156, 125.063, -80.0806
5.97819, 55.1412, 416.883
4.15587, 218.192, 109.939
5.21197, -1681.49, 2918.66
2.64678, -1946.82, -882.258
5.38086, 123.167, -466.561
5.18133, -166.503, 102.943
7.36678, -714.827, 357.837
5.57063, 149.78, -36.9209
5.26431, 1395.32, -2227.1
6.69051, 752.568, 483.377
3.75764, 87.4037, 434.723
6.98957, 185.473, 68.1945
5.97428, -169.61, 99.9525
5.82752, 37.7925, 1505.1
3.06838, -20.1373, -155.604
3.37987, -372.259, -708.938
2.91253, -600.752, 1161.7
6.68103, 3.807, 622.188
2.64818, -263.716, 1540.58
6.34719, -88.7611, 60.0484
4.29829, 248.278, -1991.22
6.24626, 951.492, -113.91
6.28385, 156.801, 54.2232
3.60834, 1718.23, -492.435
5.58305, 236.847, 7.31626
3.66846, -551.459, 3.84693
6.22052, 73.0517, -1945.4
5.80997, -250.602, -387.546
4.9209, -1668.13, 3024.66
2.58972, 1.82897, -243.825
4.98291, 117.58, 179.189
5.09587, 173.759, -105.767
4.71395, 706.083, 1847.3
4.14528, -1510.25, 565.621
3.52671, 28.782, 161.47
7.19863, -209.541, 1173.87
2.85168, 1022.87, 1557.96
3.30042, -152.117, 132.005
6.70788, 223.067, -560.565
4.13614, -27.7164, -172.876
6.85942, 851.606, 341.686
5.99896, 130.792, -77.3287
5.52801, 212.635, -28.6272
4.77536, 180.875, 621.623
2.91543, 1024.2, 508.957
3.94883, -1810.25, -842.057
6.51009, 186.325, 4.65985
6.81821, 421.861, 750.237
3.81831, -2486.78, 195.286
4.79881, -484.278, 67.1008
4.95672, 180.438, 69.0571
5.82344, 921.376, -1537.38
7.31738, 64.2624, -97.4802
7.23022, 269.846, 17.0876
2.81902, 976.691, -545.199
5.04829, -651.019, -166.311
6.13222, 37.7403, -38.8425
5.65882, 170.54, -54.6147
3.26658, 10.8246, 152.783
5.09652, 705.368, 1849.17
3.52281, 2979.21, -998.595
6.03231, -218.908, 107.698
6.05786, -511.007, 3149.34
3.66304, 197.241, -387.816
6.80594, 511.414, 4.97161
2.67122, -853.595, -248.995
6.26587, 199.177, -7.0454
4.14789, 34.5648, -108.961
4.65309, 2626.03, -532.621
7.33455, -60.2582, -302.957
4.05803, -1169.11, -1018
5.69762, -3123.77, 43.5984
5.95386, 153.451, 51.9476
5.36403, 338.366, -400.729
6.60667, -1668.51, 2920.81
4.21807, -1954.21, 919.496
5.09387, 36.2685, -515.055
6.78438, 774.593, -141.833
6.18587, 763.762, 899.679
3.45992, -283.055, -67.9756
2.83145, 180.905, -75.7951
3.60828, -2302.47, 1456.83
3.33656, 162.065, -47.5305
6.31172, 185.481, -9.25587
5.44905, 849.497, -1429.4
4.65223, -3232.81, -347.259
7.09618, 1411.27, -268.403
5.09668, -83.0405, -659.756
7.38058, 123.32, -72.0186
5.15714, -28.0219, -166.218
2.98716, -698.333, 1117.55
5.83983, 237.973, 111.098
5.44444, -507.066, 1670.97
5.01137, 17.5805, -48.3186
2.75808, 950.923, 601.096
2.6753, 609.116, -584.648
4.41484, 27.3304, -13.168
5.55555, -1399.32, -1797.44
5.06574, -3232.87, -350.376
5.98498, 78.1268, -276.273
4.89891, 50.4659, 150.01
3.88323, -3134.46, 71.7011
6.01685, -122.15, 1845.93
3.67701, 70.3808, 174.272
6.41501, 23.8149, -109.298
6.60589, 1195.72, -127.622
3.21842, 1883.3, 1851.73
5.75757, 625.494, -501.717
3.87677, 58.6886, -700.268
7.26215, 1319.21, -885.014
4.58238, 185.79, 39.8202
3.03869, -397.308, -393.405
4.70633, 86.4644, -89.2495
6.28811, 36.3291, -91.0159
2.77803, 746.081, 488.5
3.51241, 278.158, -84.5848
6.82305, 291.159, -282.363
6.52456, -14.0357, 21.9945
2.78861, 403.945, 1424.32
4.40304, -70.2608, 147.554
4.56124, -290.095, -404.963
2.80071, 411.717, -31.5693
7.09746, -966.005, -893.631
3.35398, -176.899, -40.1218
6.51634, -25.8949, -31.2075
3.88599, 24.9508, -53.6613
4.44586, 99.0582, -34.3591
7.19936, -1317.12, 289.605
6.24573, 52.299, 1810.3
3.44774, 1919.41, -2201.08
6.89581, -117.947, -129.264
6.8953, -142.115, -11.3165
3.30515, 254.162, 152.606
5.87346, 729.395, 108.499
6.89096, 279.882, 37.8132
6.98262, -598.837, 2131.22
3.06535, 127.088, 7.64713
5.93789, 112.75, 11.8345
3.21651, 348.572, 308.359
3.6901, 797.67, -190.464
5.64383, 1677.86, -1149.65
4.312, -4.44162, -67.6203
4.64437, -1259.93, -1164.53
4.91936, 1051.9, -1118.05
6.20379, 126.505, -173.493
3.23098, 419.108, -519.244
7.36238, 278.617, -140.196
7.3158, -135.484, -6.51273
3.14741, 1497.22, -1114.52
5.3784, 358.913, -32.1055
4.66439, 368.811, -257.44
5.50066, 71.5086, 81.8569
5.85098, 153.768, -86.7242
4.5137, -1905.57, -614.019
6.46691, -1199.76, -1068.54
4.89889, -1919.15, 1203.06
5.72449, -746.181, 635.273
4.28836, 2967.12, -526.251
5.96794, 77.485, -63.9827
5.83428, -215.569, -490.421
3.22071, 718.528, -437.74
7.10415, 29.6208, -92.6419
4.22228, 797.757, 2268.23
6.66824, 164.809, 44.2704
2.74349, 553.942, 241.173
3.27936, 764.193, -1116.7
2.55765, 356.415, 66.6969
3.94327, -24.2152, 54.3079
5.07295, -17.4094, 58.4685
3.65948, 479.777, -2145.14
2.75022, -11.5567, 489.356
5.33091, 6.60956, 12.6759
6.69774, -103.466, -304.853
4.28763, 208.979, 50.557
4.3452, 70.5593, 203.575
7.22226, 210.554, -43.5894
4.72425, -1250.84, 360.849
6.82086, 188.275, 126.904
5.82654, -51.8047, 207.386
5.79297, -302.449, 278.464
7.10736, 1690.44, -1264.2
5.11536, -1872.34, 1615.29
5.45229, -119.959, -519.357
5.79944, -282.301, -1758.47
4.24765, -1304.54, 750.487
4.11714, 550.59, -414.397
7.08984, 21.6004, -27.911
3.08619, -2559.27, 900.559
7.31268, -45.2581, 80.3549
5.17978, 83.4615, -178.02
5.81447, 258.592, -69.0083
5.48362, -2672.25, 1207.09
6.93363, -488.451, -661.196
6.67999, 126.31, 107.112
6.69339, 29.7214, -110.231
6.85642, -97.3688, 205.728
2.5002, 78.5346, 1504.54
4.77274, -160.84, -711.12
4.25696, 1483.35, -16.3611
5.80713, 2536.41, -2103.09
6.22234, 173.304, -199.716
3.3821, -640.788, -2406.6
7.4621, -913.852, 1178.45
5.95466, -306.853, 200.648
6.97862, -53.2011, -306.229
3.51579, -1026.8, -243.374
7.2356, -262.552, 583.971
4.88476, -2532.18, 1316.31
6.78578, -2304.49, 1454.78
6.41237, 63.6853, 78.5073
5.70687, -1833.3, 1748.74
3.14521, -74.0415, 895.846
5.77944, 15.5861, 205.692
3.09199, -46.46, -196.079
3.88793, 1767.71, 316.779
6.65548, 289.784, 1728.25
6.14153, 2099.27, 2677.66
6.74348, 2326.73, -1734.23
3.43989, -599.836, -709.341
6.09602, 339.149, 328.935
4.25586, -64.9092, 633.182
3.34555, 410.654, 685.063
4.52383, -2424.11, 334.669
4.20924, -137.357, -12.4235
6.67141, 266.597, 254.644
3.9111, -1829.09, -2964.55
5.16766, 1778.91, 1146.57
6.25085, 390.122, -634.417
4.62554, 214.065, -106.973
4.66964, 1321.71, -48.2411
3.03022, -2088.38, -1161.14
6.4639, -454.33, -339.876
3.91232, 199.938, -46.6197
7.14264, 2111.72, 2915.96
5.37926, 118.467, 44.8713
3.4895, 562.465, -403.621
5.99081, -346.719, -295.771
3.07265, -650.536, -521.937
4.22945, 374.942, 820.306
4.15646, 309.074, -173.138
6.42735, -2681.56, 1197.67
6.65775, 191.091, 62.5084
4.21712, 1042.51, -486.564
4.2603, 370.832, 179.915
6.38197, -122.304, -232.125
6.58658, 355.044, 86.9196
4.26157, 150.142, -119.32
7.09559, 67.1523, 2.01018
3.2877, 684, 664.001
5.56029, 855.639, -449.328
5.54222, 222.469, 6.74034
3.16647, 1580.6, 1793.66
3.51409, 1898.79, 2687.61
4.79457, 373.733, -129.606
3.48759, -714.073, 954.226
6.77118, 133.557, 62.5608
6.54562, -551.73, -551.892
2.80131, 1300.67, -1151.6
6.50584, 897.439, -2560.73
5.49597, -35.7679, -210.807
7.43182, 27.3183, -11.8943
2.65919, -1007.68, 232.327
6.8356, -1696.69, 2077.62
3.69109, 402.016, 348.224
3.6127, -118.332, 32.3725
4.73907, 3307.37, 1535.23
2.61231, 47.3375, 40.5883
6.79755, 51.5085, -23.667
4.15902, 418.47, -2521.6
5.72195, -112.918, 120.355
7.43521, -290.647, -60.8186
5.30162, 96.5775, 210.693
4.74553, 285.702, -51.6324
5.213, -106.405, 105.602
2.90797, 419.874, -40.1538
3.99606, 1259.77, 1588.03
6.63964, -2124.68, -433.906
6.48936, -2055.5, 760.845
5.71048, 437.643, 29.7506
4.84105, 83.8774, 191.241
7.15326, 516.703, 1493.64
5.08798, -606.284, -49.2691
7.42924, -2211.74, 1425.13
5.94567, 154.17, -237.513
6.19966, 33.796, -0.683979
3.46323, 1118.95, 909.175
6.08881, 1628.27, -1145.61
6.11146, 821.818, 606.6
6.49298, 413.831, -206.283
4.23216, -2578.9, 252.63
5.1481, 306.746, 51.3364
3.19001, 798.404, -823.665
6.73218, 116.394, 26.8682
6.32766, -584.29, -212.49
7.5, -2684.44, 1177.99
4.24891, -3640.73, -1286.31
5.50367, 1126.65, 27.0061
3.50808, -175.835, 2064.06
6.2385, -1963.61, 281.722
6.49225, 187.97, -6.65335
3.03505, 226.008, -379.29
5.35813, 64.5467, -59.2237
2.84683, -2763.45, 954.305
4.16036, -89.5929, -34.2739
5.80945, 111.474, -62.0424
5.27726, 344.946, 2137.82
7.12415, 183.781, 55.915
2.69832, 244.6, 1499.62
2.62083, 953.69, 1021.11
4.61923, -109.715, -204.108
4.36987, -253.603, -347.717
2.93303, 1756.33, 1635.39
3.05403, 11.3373, 83.6783
5.31992, -2380.91, 114.957
7.37269, 12.4643, 1.5616
3.05066, -16.7276, -2178.94
5.99352, -1690.91, -1904.1
2.79674, 316.532, 1170.31
4.69755, 386.856, 28.3003
5.24651, -395.814, -317.079
3.45129, 56.1471, 2.83885
7.36597, -190.553, 262.495
3.19593, -14.1286, 178.078
5.48978, -1753.17, 306.98
7.12812, 250.935, -766.39
3.91116, 481.871, 104.371
6.8307, 139.796, 501.746
6.29598, 838.987, -1059.66
6.10793, -197.598, -73.0177
3.34241, 114.391, 2.70606
3.32882, 212.173, -1366.15
3.39076, 21.0045, -4.91272
5.87226, 217.018, -0.236632
4.83484, 5.87924, -197.273
6.85219, -39.3718, -131.802
5.76023, 274.591, 90.563
5.80464, 282.552, -66.8274
2.58037, 141.415, 207.957
4.30596, 2879.69, 1721.38
3.72747, 147.633, -339.218
6.93086, 688.144, 954.948
5.23701, -3599.12, 52.2973
6.57209, 261.201, 253.565
5.24453, -816.82, -297.078
4.16156, -355.449, 8.6343
4.40213, -1045.57, -1811.45
2.52389, -322.503, -112.904
6.95226, 47.2778, -61.1914
6.16955, -279.394, -114.435
6.04239, -108.526, -65.2607
5.1278, 1279.21, -1469.08
6.41065, 224.655, -480.759
3.42484, -8.30051, 7.35487
5.72673, 179.45, -0.0879693
3.42178, 48.7375, 96.9288
3.31214, -1122.86, 472.618
2.65594, 1137.63, 687.839
7.42716, 97.9764, -9.98316
4.04559, 222.123, -35.2309
4.11075, 211.406, 21.9641
5.51155, 133.566, -63.5172
2.89107, 2634.29, -297.199
3.93936, -211.049, -186.684
5.79307, 583.126, -890.58
7.36348, -208.455, 119.563
7.27758, 2050.51, 753.616
7.42745, 223.665, 61.9708
7.30478, 45.9411, -29.1459
3.0073, 22.9836, -171.613
3.71505, 561.767, -376.765
6.91151, -343.559, 48.8445
5.28805, 166.421, 63.1472
6.7669, 192.124, 48.4223
7.49145, 828.806, -244.875
3.99751, -2238.28, 1191.48
6.33157, -4029.64, -1385.85
4.81901, -522.509, 280.114
6.8168, -112.578, -81.7149
6.99018, 83.0653, -84.3763
7.377, -242.916, -208.298
2.77405, -328.426, -18.3082
6.32605, -127.423, -129.257
5.09219, 1085.57, -1577.35
3.46574, 323.794, 447.805
6.98252, 42.9552, 123.415
6.38492, -186.019, 212.589
2.75968, -189.581, 236.509
7.47331, 1078.76, -1499.64
5.93659, 182.316, -369.524
5.94854, 266.701, -61.1012
6.57666, 1690.8, -746.21
7.05426, -189.547, 117.49
3.34218, 1169.89, 2635.73
5.24183, 1704.95, -1093.97
6.53351, 86.5608, 16.18
4.17803, 421.552, 572.67
5.53435, -181.436, -683.457
6.59602, 757.073, -1457.86
7.3485, 478.33, -39.1544
6.29349, 123.195, 470.825
3.72113, -122.634, -62.4925
5.80589, 208.326, 13.3343
4.21574, 976.105, 369.954
7.27146, 114.556, -193.54
2.60828, 1315.66, -1872.29
4.54979, 908.331, -352.348
2.55789, -1528.05, 1957.55
3.04964, -46.2765, -125.149
5.28259, 719.427, -1003.41
4.45466, 65.5825, -59.7272
7.20539, 152.485, 43.7902
2.55572, -238.084, 518.724
6.22897, 88.6785, 196.977
3.84293, -241.149, -346.086
4.27153, -67.477, -20.6663
3.45835, 2931.03, -3072.46
5.14832, -75.4313, -258.519
4.39478, -503.423, -2622.49
3.16407, -104.602, 109.874
4.26563, -351.482, -319.73
4.2497, -2643.66, 1336.85
7.41084, -1562.54, -1037.23
5.25961, 274.921, 132.402
4.99918, -1520.28, -417.641
3.58531, 941.64, -1569.93
4.37311, 527.761, -88.7578
6.78251, 1504.31, 1290.59
6.45578, -1448.61, 2830.24
3.9204, 1630.74, -1873.78
5.07645, 925.568, -509.489
6.79238, 90.2412, 132.837
7.07844, 71.5792, 119.443
7.48941, -1206.12, -1066.66
6.53177, -650.831, -367.288
5.22718, 434.801, 447.839
7.3461, -183.609, -279.093
5.31931, 499.701, -224.46
4.03031, 640.277, -873.473
5.41853, 552.773, -222.651
2.91197, -197.86, 483.415
5.47382, -172.099, 80.091
3.31968, 1398.35, 2468.14
6.46527, -47.6085, -514.423
2.95373, -703.549, 904.027
6.3072, 117.981, -193.998
6.83996, 94.017, 36.3269
6.40105, 10.9001, -504.108
6.61399, -1413.73, -374.026
6.70974, 149.187, 16.7662
4.48328, 694.979, 548.842
6.508, -51.7272, 47.22
6.56811, 186.17, 0.413484
5.43493, 626.47, 1223.39
4.64621, 203.879, -90.9761
2.5002, 403.136, -435.664
5.31153, 104.804, -45.4094
6.22632, 76.384, 174.115
3.89846, 1896.37, 1021.62
2.93406, -340.236, -2566.17
3.5733, -428.161, -400.032
3.93296, -251.997, 13.2251
4.86595, 388.057, 71.1419
6.95893, -1195.29, -1077.12
5.91955, -440.806, 110.214
3.54376, 92.3567, 56.539
6.67533, 12.7518, -118.004
7.09218, 107.037, 6.82162
4.48244, 460.471, -299.88
6.37858, 1077.9, 498.907
5.68161, 320.693, 221.957
6.64746, 163.062, -452.982
3.40204, -502.266, -381.212
7.45927, 189.321, -9.00088
6.70558, 504.574, -487.515
4.65177, 0.40415, 647.708
4.38589, -47.1616, 90.9083
2.70802, 127.36, 197.649
6.80715, 232.206, 82.7815
6.62116, -2158.18, 1531.58
6.25052, 806.826, 1084.41
3.55801, -81.7654, 176.807
4.31029, 53.1348, 88.9115
4.43545, -77.1714, -252.846
7.32918, -1873.78, -1223.38
6.5872, -172.242, -330.966
4.5755, -654.599, 117.506
5.83759, 33.6409, -201.374
2.52101, -2229, 2054.24
6.98048, -78.5701, -92.9217
3.68416, 704.078, 195.038
3.79415, 234.57, -50.8159
5.4939, -278.14, -128.584
6.89823, -946.39, 79.7349
6.16299, 106.675, -30.2975
6.0773, -812.875, -323.627
3.57724, 3133.51, -151.8
6.30413, -2275.78, 1731.49
3.85351, 14.2562, -176.21
2.75246, 536.567, 231.018
4.78866, -574.47, 391.397
2.58759, -57.7385, 157.354
3.01129, 2897.32, -1943.16
2.639, -48.8571, 118.599
5.65921, 18.6734, -283.114
6.34425, 191.976, -14.5015
2.74132, -548.031, -497.212
6.6924, 512.859, 540.75
6.76899, 280.332, -54.8774
6.57649, 549.245, -472.894
6.85188, 48.594, -2247.3
5.27222, 312.734, -73.7027
6.12646, 13.8629, 1144.8
3.20424, -2471.03, 1807.01
6.6115, -28.5309, -271.041
5.51185, -1398.55, -1790.83
4.93856, -48.6723, -126.944
6.14942, -233.453, -203.198
4.05164, -1292.93, 744.996
3.93925, -93.5072, 178.01
5.45857, 1351.35, -1650.05
5.34055, -1803.42, 895.833
5.41059, 1782.37, 1146.8
2.84132, 376.506, -687.013
4.34304, -1324.91, 201.275
6.28475, -52.5434, -337.438
6.35297, 800.069, 1711.49
4.27217, 101.249, -235.258
5.98913, 132.617, -0.6824
5.08005, 1387.67, 799.159
5.94494, 85.3547, -51.2605
6.18066, -1364.9, -971.609
2.56231, -1559.44, -1298.1
7.16549, -71.5511, 34.717
5.37826, 52.4458, -64.563
3.05587, -622.308, 271.975
4.87388, 79.8275, -84.4028
3.24247, 791.949, 337.356
4.22594, -4340.19, -1011.76
7.04476, 178.183, 62.0687
4.54571, 1698.86, -738.061
5.96642, 42.8784, 62.2055
3.35865, 227.184, -103.114
6.21715, -2300.23, 894.32
4.16319, -24.9875, -75.6802
4.62157, 132.628, -84.1884
2.79523, 24.1605, -7.08304
5.09005, 2.02119, -176.989
5.94425, 170.77, -492.269
5.01149, -19.0539, -356.333
6.56617, 105.16, 54.7066
3.07974, 94.2299, 243.685
5.24841, 912.566, 430.615
5.06046, 33.0045, 174.958
6.02649, -1238.7, -1062.65
5.65083, 183.943, 77.6166
4.0207, 415.414, 289.548
6.74719, 228.257, 2.41185
3.39619, 776.203, -1407.06
2.61737, 114.486, -218.399
4.19467, -175.309, 1.64839
3.43818, -1194.53, -1002.54
6.60467, -108.461, 98.5256
6.72507, 51.6042, 1904.07
6.78031, -1720.74, 1092.78
7.37454, -188.158, 115.748
2.99587, -131.99, -36.9616
2.56182, -1875.76, -1552.08
2.58614, 84.7637, -801.979
2.64527, 191.47, -41.3073
4.1031, -1272.95, -1314.14
6.17815, -1670.54, 906.459
3.14876, -232.189, -317.647
2.5161, -731.352, -91.6072
6.91905, -132.501, -91.4283
3.70482, 572.226, -233.547
4.38481, -250.946, -277.352
4.44879, 78.7004, 85.9683
2.81534, 1811.04, 709.473
7.30792, 211.776, 3.36848
3.75349, 392.162, -487.247
6.85376, 69.762, 141.498
2.85991, 1398.38, -1971.37
2.70653, 1539.77, -1326.77
3.46378, 41.9178, 8.256
3.86708, -910.137, -1444.87
7.4007, 175.525, 39.3701
3.60607, 569.521, -2593.79
6.43119, 1021.09, -1510.03
4.42306, -153.761, -260.894
3.78593, -1627.96, 1700.28
3.91087, -246.117, 19.1852
7.33834, -2.9196, 319.149
4.22841, 308.239, 353.055
3.45922, 454.872, -207.521
5.05037, -171.037, 180.77
5.21857, 638.33, -2333.6
5.72333, -127.412, -129.704
3.89738, 759.927, -405.723
3.41887, -493.771, -267.578
2.71579, 1356.99, -1661.77
3.98408, 210.864, -440.376
4.25548, 1176.85, -244.596
7.09372, -75.3786, 94.3052
5.81225, 193.446, 42.5465
5.08041, -1145.9, -1089.65
4.03763, 310.058, -98.6056
3.0007, 1195.48, 1226.68
3.47502, 129.888, 18.6317
4.11407, 1615.92, 1857.17
5.56182, -199.756, -49.204
5.13511, 726.024, -487.721
3.45653, -453.238, 1061.4
4.7178, 2839.4, 1603.42
4.48693, 3210.83, -625.738
6.28051, -105.789, -207.683
6.6213, -330.49, -112.678
5.51573, -168.458, -905.55
3.04573, 88.8351, 101.522
4.11797, 1535.39, -283.916
5.03403, 164.225, 67.6732
4.76521, 336.291, 921.517
4.77315, 258.41, 245.891
4.91125, 356.853, 56.9636
5.07896, -2427.85, 450.938
4.50207, -1233.25, -1124.08
4.22945, 278.205, 67.1964
6.64533, -13.6314, 514.194
3.02204, 1578.86, -485.798
6.40057, -197.543, -107.112
3.19919, 27.6481, -162.547
2.62171, 1909.01, 2259.31
6.0664, -179.829, 660.805
7.15538, 90.0322, -176.493
7.47667, 266.67, 192.315
3.86264, 196.695, -131.85
3.6923, -1128.12, 596.001
3.87328, -184.401, -1655.57
5.70836, -90.6463, -242.69
5.17637, 94.171, -4.75655
6.8967, -1514.09, 2502.87
6.75968, -12.5322, -304.557
2.98004, -61.5742, 749.03
4.66818, 293.403, 49.8596
3.17045, 199.178, 113.128
5.86802, 118.218, 89.8858
5.34964, 221.536, 159.011
3.66474, 146.797, -1147.22
5.50306, 248.76, 154.263
2.6551, 583.268, -242.565
7.08512, 187.177, 147.03
3.82958, 685.153, 444.269
6.50016, 129.499, -137.26
5.46389, 53.4715, -54.6823
5.0822, 247.106, 21.6744
5.2567, -119.082, 122.603
3.47225, 183.327, 17.5522
5.36152, -1541.77, -358.959
3.81992, -366.466, 3022.03
4.41648, 1267.77, -2781.77
2.73626, 232.549, 201.391
4.22823, -125.987, -82.753
3.61594, -1635.21, 3593.05
3.81264, 172.513, -121.403
3.05141, -38.1394, -164.949
7.40088, 96.9636, 146.633
5.93794, -821.514, -320.593
5.82158, 265.486, -213.963
5.99501, 2.15954, 109.115
2.68746, 228.938, 65.9905
3.6706, 214.579, -134.606
3.95397, -2602.04, -3929.17
3.50543, -40.5971, 115.102
2.7177, -1390, 1891.84
2.56571, 752.576, -407.74
6.07297, 2979.37, -991.992
6.88348, 246.472, 131.273
5.35088, 930.51, -1836.91
6.92743, -1459.12, -1566.9
5.20042, 99.1839, 269.044
3.31357, -1187.39, 493.284
3.30492, -1406.15, -1318.2
7.19182, 114.685, 84.8915
3.45628, 40.5615, 155.755
3.15761, -1681.81, 102.742
4.41122, -154.721, 136.568
6.12674, -493.682, 1652.83
2.50651, -3233.49, -344.391
4.60222, 2293.23, -1356.97
5.18984, 851.482, 188.8
4.86596, 318.091, 245.956
6.33003, 840.859, -259.128
2.9396, 495.537, -43.9355
7.04284, 36.815, -74.1911
3.20818, 92.8172, 652.16
2.54782, 190.497, 99.5248
2.82267, 112.267, 201.342
4.96742, 110.408, 38.8426
5.40914, 164.128, 16.9519
4.03373, 1832.87, -3297.76
4.57091, -23.2225, -440.879
4.33401, 322.03, 405.636
3.42687, 146.537, -1691.2
2.76788, -1255.68, -1493.41
4.47222, 105.311, -12.5947
3.98388, 473.626, 332.665
5.05388, -204.693, -449.48
3.75392, 1161.01, -2043.22
5.01589, -2.4317, 76.5985
2.51168, 1090.65, -338.704
7.01807, -2684.44, 1185.52
2.79181, 1873.61, 1754.48
5.17506, 71.3971, 1725.91
3.95754, 1658.14, -797.224
7.3023, -172.297, 82.8112
4.73406, -1875.17, -883.834
5.08479, 0.0343611, -30.0687
5.93861, -561.347, -411.71
2.72187, 69.1037, -168.225
7.2946, 1954.66, -1504.73
5.70852, -61.9883, -306.488
2.80215, -51.8766, 217.575
3.33964, 33.6297, 39.3025
5.76491, -232.355, -267.531
6.19864, 70.8332, 1501.64
3.57011, -79.1537, 267.4
4.31441, 184.716, -1352.46
6.56981, 718.656, -433.958
5.32057, 172.808, 32.7329
7.45886, -34.5301, 158.389
6.5669, 348.799, 76.9201
3.49157, 1635.61, -2221.81
2.50003, 279.091, -16.8518
4.62608, -1696.65, 2070.65
4.07406, 1285.24, 687.965
5.56218, -1941.36, 316.739
3.83351, 126.539, 71.5183
4.39881, 351.992, 307.197
5.43397, 112.454, -31.803
5.95636, 37.133, -250.332
7.26736, 19.1054, -56.2279
4.89785, -122.593, 374.954
3.60319, -236.818, 294.531
5.33741, -155.903, -5.62971
6.09873, 25.3393, 164.888
4.4953, 1406.67, -253.515
3.48326, 727.303, -436.169
6.66971, 49.926, -140.551
5.59561, 546.846, -668.619
7.26866, 28.121, -119.839
3.23222, 780.893, 495.789
5.38953, 158.531, -155.283
7.26796, 324.321, 276.55
3.62331, -2505.56, 1287.56
7.25137, 56.6424, -33.3627
3.07874, 1056.16, -508.568
2.58372, 153.316, -135.401
3.90465, 182.71, 90.2166
7.15042, 357.121, -398.981
3.04796, -1093.98, -437.899
6.77266, -248.222, -458.253
5.68532, 392.619, 364.181
5.63853, 106.267, 495.452
3.80589, -412.252, 1091.91
5.13936, 553.054, -480.381
7.16608, 23.2515, -31.4807
3.98055, -474.26, 123.467
4.78006, -6.66566, 42.7419
6.35659, -377.824, 2275.54
4.17193, -976.179, -2097.63
6.31775, 55.2025, -34.76
6.65892, -1305.73, 1174.32
2.64618, 1491.29, -923.062
4.31315, 515.87, 68.499
4.16221, 372.003, 112.413
3.17675, 786.583, 461.048
3.00839, 658.16, -2053.68
5.11327, 25.5704, 419.9
3.52046, 187.062, 384.606
5.00728, 300.81, 357.031
5.1371, -2391.43, 1406.07
4.13422, 124.435, -80.7131
4.75888, -230.709, 478.079
6.85263, 655.699, -61.2226
4.72884, 297.452, -32.4469
6.03726, -7.92724, 356.956
6.83171, -1291.74, 237.994
6.5822, -79.7972, -52.1461
2.67504, -1835.67, -734.796
3.8644, -337.331, 1456.45
5.21858, -370.678, 215.055
3.19942, 939.786, -284.255
5.57408, 199.469, -7.22723
3.29182, -168.796, -600.146
4.41129, 4.29213, -0.321229
5.94997, -89.4575, -279.574
3.21128, 2158.99, -75.69
5.65284, 198.399, -174.167
3.15973, -1621.52, -1191.73
7.13583, -40.6567, -135.834
5.53465, 2472.81, -3799.35
5.50388, 545.576, -660.612
3.33635, 410.552, 4.2002
3.301, -260.782, 992.863
5.91628, 50.1462, -65.1887
5.1456, -224.576, 131.033
3.65264, -1303.14, 579.582
6.55373, 155.375, 73.4724
5.76477, 109.359, -68.7411
4.08597, -166.061, -391.56
2.53953, -16.2606, -10.9001
3.49176, -102.828, -934.418
3.78831, 29.8642, 673.971
3.03825, 774.572, 182.707
3.49545, -523.104, 282.206
6.75079, -2730.51, 1511.79
6.63912, -2.16498, -119.527
6.76813, 90.6078, 22.0349
5.71027, 220.079, 54.264
3.6787, -1522.09, 1571.6
6.80638, 276.16, -106.606
5.4745, -49.8255, 635.15
2.52745, -1233.73, -958.89
6.84925, -251.314, -391.463
7.37729, 111.695, 55.2007
5.59653, -1197.67, -1078.83
3.85574, -60.644, 126.677
7.46973, 173.567, -12.3078
4.60751, -984.841, 141.343
4.20537, 199.903, -107.828
4.80717, 327.266, 116.922
4.44822, -614.193, -1732.74
4.613, -2470.02, -524.885
2.84879, 115.873, 88.2331
5.5153, 278.916, -126.654
7.36114, -400.193, 122.143
5.07406, 62.201, -32.5764
7.45461, 170.825, 125.472
5.84906, -1180.2, -2932.21
4.01716, -87.9683, -338.167
3.47371, -815.78, -319.271
4.0109, 327.119, 290.475
4.93946, -278.842, 50.5891
4.72438, 367.633, 162.902
5.7844, 197.205, 11.794
3.74227, 2880.17, 1722.71
4.72007, -920.882, -939.4
5.75894, 40.776, 120.961
6.67472, -103.345, -198.248
6.03698, 73.3212, 62.05
4.93928, -439.006, -40.5081
6.72039, 556.381, 296.189
7.00296, -122.435, 115.492
6.33082, 39.1023, -287.25
5.29453, -741.35, -323.963
2.70603, 595.536, 9.25644
5.46749, 908.273, -473.397
2.68674, 191.383, -2107.25
4.53488, 79.0732, -626.966
2.84243, 98.1359, 372.509
7.38558, -95.5589, -288.526
2.5956, 1325.52, 1724.06
6.60363, 262.346, 147.68
5.2195, 2062.05, -1525.9
5.72828, -67.1572, -48.8325
3.62934, 320.127, 188.536
2.733, 73.0599, 1558.29
3.63154, -235.006, 108.161
4.58371, 278.298, -1439.48
6.40126, 404.372, -72.3401
3.72852, 760.06, -1463.54
4.81411, 208.985, -119.967
6.14756, 564.575, -243.164
5.35237, 2675, -402.48
5.45997, -424.803, -857.437
4.98425, 277.159, 260.786
3.951, 121.95, 95.7585
4.71107, -4.81106, 17.077
2.53669, -1409.03, 3062.12
7.41683, 151.484, 108.768
2.52822, 63.9898, 101.132
4.8676, 1085.55, 615.352
5.86497, 1822.72, 3022.31
