6.27803, -1162.18, 620.145
3.5948, 279.705, 945.248
5.89648, 780.876, -388.658
5.09708, 25.9076, 91.0454
2.76731, 1915.34, -2068.99
2.53849, 339.96, -163.998
4.58743, 2683.05, 1540.7
7.15218, -68.9958, -0.244262
2.95982, -258.964, 600.963
6.00595, 706.148, 570.639
3.81226, 524.889, 228.956
4.14117, 120.097, 49.6096
7.45519, -493.018, -556.169
7.41275, 41.7096, -217.076
5.75759, 457.98, 437.685
6.92354, 180.542, -131.844
6.33247, -21.9861, -126.536
3.87453, -1034.45, 26.1764
4.93259, -178.124, -236.671
2.80282, -2309.67, 351.208
5.08146, 146.42, 32.3903
4.96988, -1746.92, 560.222
7.23882, -106.832, -312.185
4.42071, -11.1557, -79.1871
5.14874, -1387.96, 490.984
2.75042, -298.108, 1738.23
6.63909, 341.519, 399.111
5.94228, -634.35, -201.879
6.18112, 242.453, 114.663
6.94286, -1411.6, -1444.54
4.25508, -7.04715, 50.4502
6.72991, 65.6504, 51.993
3.84659, 35.5782, 295.669
4.83959, 744.852, -84.809
3.2686, 33.8608, -150.593
2.66527, -244.518, -97.0658
7.2768, -960.696, -794.19
6.95369, 444.835, 377.278
3.29884, -966.642, 23.5877
3.15214, -708.573, -271.939
2.515, 1081.73, -166.951
6.0491, -54.0541, 17.6903
3.40448, 987.31, -79.132
5.76029, -66.1836, 93.1125
4.42907, -2.91452, -70.4423
3.23766, 625.344, 900.693
5.45054, 217.007, 570.531
3.24076, 1184.73, -575.372
3.2091, -1063.61, -859.841
4.94257, -316.187, -327.401
3.13015, -849.248, -136.493
5.64635, -665.953, 113.024
5.60817, 326.598, 6.58403
4.88216, 1277.64, -1768.92
2.64188, 559.11, 863.219
3.21011, 1585.46, -369.576
3.15594, 376.72, 378.686
3.31099, 789.455, -1153.16
3.76529, 310.414, -159.989
4.77654, -1926.07, 1020.44
6.54472, -65.2776, -22.4206
3.57624, 212.615, 43.5033
3.75063, 253.165, 676.183
5.02978, 425.337, 487.139
6.27922, -2.21407, -189.708
5.66369, -592.282, -1380.69
5.9449, -1208.76, -757.409
7.27207, -753.462, -282.833
5.18713, 1717.12, -891.548
4.57014, 144.163, 699.041
4.70019, 421.861, 478.133
6.07821, -943.257, -1110.91
6.20858, -913.363, -1050.22
5.12494, -1328.5, 1210.02
6.06711, 0.847089, -103.629
5.91025, -123.667, -31.1302
6.82941, 995.23, -779.269
3.19597, 813.214, 610.162
3.57766, 213.249, -13.1933
5.0733, 42.6269, -158.167
4.83766, 410.932, 469.203
3.55759, 1072.6, -1327.21
5.65244, 724.75, -400.661
2.5044, 1021.21, -1406.35
4.09589, -149.092, -1655.38
5.90281, 10.5271, 88.9793
6.0446, -23.8528, 148.5
2.90869, 210.092, 539.647
3.56926, 91.0438, -5.0258
4.44412, 8.60933, -91.8489
4.44927, -1667.56, -640.907
3.92018, 65.4847, 101.9
4.6123, 81.8304, -13.0905
2.55658, 638.333, -3.32263
3.72027, -1779.13, 920.676
4.49072, -501.586, -1515.3
6.64177, 68.1591, 226.87
3.78584, -563.233, 568.464
3.59705, -771.478, -385.949
6.47385, 400.493, 341.672
5.8476, -618.219, -177.327
5.49108, -260.747, -309.444
5.99917, 1253.92, 628.737
5.13062, 50.1019, 109.995
4.14833, 91.667, 88.6038
3.30844, 1658.55, 259.815
6.56633, 72.2215, -57.028
4.08004, 738.878, 390.432
4.05369, 226.075, -164.567
4.65424, -17.1881, -35.5742
4.46509, 483.251, -21.2319
4.43916, 365.284, -331.544
4.34871, 59.2269, -143.022
5.88118, -410.38, -570.921
6.10384, 748.207, -68.6157
7.20082, -1120.33, 138.397
5.08573, 132.913, 33.3873
5.5282, 688.327, 572.165
5.85049, 786.318, -1150.07
5.11404, -264.068, -76.8856
3.87105, -47.7616, 225.401
7.08924, 391.772, 383.98
3.73367, -93.9348, -102.691
4.77876, -353.497, 601.349
3.30374, -89.0994, -46.4788
4.68319, -49.8902, -189.814
7.45767, 280.487, -345.833
6.26931, 1187.13, -1402.73
4.97846, 121.617, 37.7837
7.01651, -73.1971, 52.3254
4.68213, 303.068, 42.874
5.09239, 1014.26, -770.963
4.44866, -901.367, -1165.89
5.63431, 133.379, 0.393623
5.19331, 61.6948, 40.1059
4.35955, 277.9, -379.073
2.54674, 229.137, 157.305
6.3794, -39.313, -6.86324
2.85317, -129.494, -182.764
3.98511, 112.191, 71.886
4.78581, 133.903, 45.4427
3.25156, 194.261, 78.4012
5.97819, 258.936, 519.027
4.15587, 426.236, -8.81546
5.21197, -1136.33, 1935.62
2.64678, -1391.19, -456.011
5.38086, -161.095, -636.38
5.18133, 164.389, -13.6654
7.36678, -678.016, 531.887
5.57063, -129.438, -26.1152
5.26431, 990.077, -1437.41
6.69051, 169.18, 509.932
3.75764, 92.9235, 622.905
6.98957, -64.792, 29.7433
5.97428, 429.384, -188.082
5.82752, 203.721, 1170.14
3.06838, 85.0722, 357.742
3.37987, 199.646, -393.346
2.91253, -161.319, 521.288
6.68103, -213.632, 705.211
2.64818, -402.163, 683.823
6.34719, 27.437, 76.3115
4.29829, 227.215, -1424.88
6.24626, 909.37, -234.492
6.28385, -46.8952, -18.6185
3.60834, 1247.77, -159.339
5.58305, 6.98854, -55.1294
3.66846, -157.559, -176.417
6.22052, 116.015, -1370.58
5.80997, 240.2, 393.067
4.9209, -1061.77, 2010
2.58972, -553.006, 95.774
4.98291, 56.536, 463.08
5.09587, 75.2729, 130.245
4.71395, 676.203, 1291.07
4.14528, -1122.97, 232.344
3.52671, 143.985, -364.619
7.19863, -257.275, 918.274
2.85168, 925.633, 1026.79
3.30042, -239.326, -380.591
6.70788, 13.6193, 173.7
4.13614, 212.653, 332.11
6.85942, 495.905, 543.592
5.99896, -238.37, -192.49
5.52801, -269.256, 58.4012
4.77536, 379.222, 682.906
2.91543, 1083.44, 156.457
3.94883, -1238.45, -808.772
6.51009, -329.212, -113.199
6.81821, 518.104, 687.216
3.81831, -1762.51, 159.054
4.79881, 91.8482, 98.023
4.95672, 29.2889, 109.711
5.82344, 693.268, -1073.49
7.31738, 100.769, -112.558
7.23022, -133.557, -9.64767
2.81902, 436.886, -627.869
5.04829, 97.1042, -17.7137
6.13222, 164.023, 29.9107
5.65882, -4.36085, -58.223
3.26658, 160.828, -355.192
5.09652, 677.613, 1293.26
3.52281, 2047.78, -716.679
6.03231, 47.3791, 28.3076
6.05786, -278.995, 2151.5
3.66304, 143.062, 275.6
6.80594, -21.2524, 55.4234
2.67122, -607.266, -565.492
6.26587, 55.8732, 473.377
4.14789, 327.184, 162.929
4.65309, 1785.86, -259.526
7.33455, 145.996, 257.144
4.05803, -896.694, -840.287
5.69762, -2122.55, 130.416
5.95386, -1.54514, 24.3975
5.36403, -64.5387, 137.067
6.60667, -1132.08, 1933.19
4.21807, -1342.4, 726.827
5.09387, -237.172, -78.9372
6.78438, 822.264, -36.8762
6.18587, 760.1, 640.409
3.45992, 94.7899, 63.6812
2.83145, 61.772, 14.4618
3.60828, -1578.9, 1034.37
3.33656, -61.3714, -74.7848
6.31172, -102.575, -16.8707
5.44905, 496.2, -1144.76
4.65223, -2233.78, -297.902
7.09618, 1050.19, -319.424
5.09668, 34.5822, 188.93
7.38058, -431.799, 235.34
5.15714, 210.693, 329.959
2.98716, -429.026, 1083.5
5.83983, 375.132, 442.735
5.44444, -426.91, 1192.61
5.01137, 19.8054, -113.037
2.75808, 917.004, 174.722
2.6753, 773.313, -477.659
4.41484, 25.7184, 30.5589
5.55555, -956.586, -1334.89
5.06574, -2209.34, -304.638
5.98498, 136.593, 138.036
4.89891, 157.077, -318.604
3.88323, -2100.59, -4.86171
6.01685, -64.2854, 1400.64
3.67701, 179.417, -36.2947
6.41501, 40.0979, -54.8671
6.60589, 961.342, -341.618
3.21842, 1158.09, 1285.57
5.75757, 641.236, -593.171
3.87677, 154.502, 211.19
7.26215, 691.579, -679.899
4.58238, 38.2379, 22.6561
3.03869, -119.428, -70.0915
4.70633, -228.616, -56.5329
6.28811, -119.09, 5.05381
2.77803, 699.089, 571.707
3.51241, -83.904, -74.6407
6.82305, 28.6379, -140.366
6.52456, 288.341, 56.2683
2.78861, 338.82, 1112.77
4.40304, 52.4585, -101.278
4.56124, 176.048, 67.996
2.80071, -463.864, -141.391
7.09746, -766.419, -719.973
3.35398, 289.278, 59.9441
6.51634, 40.2834, -70.6191
3.88599, 235.459, 321.631
4.44586, 359.753, -154.881
7.19936, -1047.89, -24.3727
6.24573, 22.1559, 1349.6
3.44774, 1111.91, -1435.41
6.89581, -56.7105, 16.8903
6.8953, 101.246, 27.0068
3.30515, 195.326, -273.022
5.87346, -18.2263, -102.136
6.89096, -138.615, -65.7457
6.98262, -521.905, 1470.02
3.06535, 85.7008, 19.1357
5.93789, 352.141, 568.738
3.21651, -122.025, -224.03
3.6901, 641.781, -242.533
5.64383, 1066.54, -809.278
4.312, 387.741, 346.205
4.64437, -902.817, -866.816
4.91936, 750.41, -758.101
6.20379, -174.316, -506.035
3.23098, 653.655, -454.374
7.36238, -229.944, -66.7613
7.3158, 117.491, 49.8852
3.14741, 912.609, -741.338
5.3784, -372.803, -284.356
4.66439, -235.085, -241.054
5.50066, 4.64175, -92.4613
5.85098, -169.171, 163.192
4.5137, -1398.18, -468.579
6.46691, -963.06, -768.289
4.89889, -1268.65, 937.654
5.72449, -695.527, 461.517
4.28836, 1944.27, -389.225
5.96794, -108.239, 530.538
5.83428, 120.713, 139.17
3.22071, 717.65, -394.683
7.10415, 50.123, -86.9083
4.22228, 646.679, 1604.65
6.66824, 45.0104, -19.5234
2.74349, 601.668, -56.4504
3.27936, 529.878, -577.445
2.55765, 626.191, -214.815
3.94327, -33.2242, 32.688
5.07295, -3.71704, -87.3564
3.65948, 256.538, -1562.57
2.75022, 0.300515, -161.178
5.33091, 48.5521, -122.641
6.69774, 262.997, 139.365
4.28763, 480.166, 565.457
4.3452, 382.65, 382.494
7.22226, 514.741, 198.971
4.72425, -928.888, 419.564
6.82086, -29.3986, 53.3811
5.82654, 306.963, -464.015
5.79297, -612.461, -120.678
7.10736, 1224.07, -891.65
5.11536, -1322.55, 1224.96
5.45229, -526.92, -427.654
5.79944, -251.314, -1324.49
4.24765, -999.002, 513.341
4.11714, 574.606, -207.153
7.08984, 371.166, 349.262
3.08619, -1658.43, 618.133
7.31268, -109.234, -168.941
5.17978, -23.1731, 57.5492
5.81447, -445.121, -136.095
5.48362, -1792.8, 770.417
6.93363, -451.615, -71.9855
6.67999, 55.2496, -75.3016
6.69339, 365.824, 454.968
6.85642, 218.742, -110.266
2.5002, 229.921, 1073.93
4.77274, 108.212, 331.487
4.25696, 1195.27, -93.0733
5.80713, 1625.89, -1450.89
6.22234, -105.488, 48.7758
3.3821, -494.928, -1657.56
7.4621, -700.637, 953.565
5.95466, 320.903, -233.371
6.97862, 208.551, 64.3637
3.51579, -580.858, -274.312
7.2356, -31.0446, 726.695
4.88476, -1725.96, 837.842
6.78578, -1578.78, 1030.2
6.41237, -143.705, -520.222
5.70687, -1341.27, 1193.67
3.14521, -256.452, 721.546
5.77944, 219.65, -480.476
3.09199, -50.7361, 11.5845
3.88793, 1306.46, 147.823
6.65548, 300.252, 1316.97
6.14153, 1448.51, 1851.01
6.74348, 1573.98, -1172.83
3.43989, -280.081, -736.539
6.09602, -89.3155, -205.558
4.25586, -254.582, 645.657
3.34555, 517.909, 810.619
4.52383, -1590.02, 252.51
4.20924, 212.4, -47.6066
6.67141, -73.2018, -62.4938
3.9111, -1203.57, -1950.44
5.16766, 1048.33, 743.545
6.25085, -178.338, 168.996
4.62554, -41.6875, -148.012
4.66964, 1142.66, -73.2263
3.03022, -1523.1, -671.104
6.4639, -370.91, -425.09
3.91232, 27.75, 19.9957
7.14264, 1470.69, 1832.86
5.37926, 395.024, 380.673
3.4895, 294.505, -622.615
5.99081, 214.622, 156.204
3.07265, -481.368, -593.244
4.22945, 539.506, 719.226
4.15646, 61.3832, -498.145
6.42735, -1718.47, 807.591
6.65775, 312.093, 354.567
4.21712, 949.159, -497.777
4.2603, 390.489, 245.571
6.38197, 100.352, -92.7925
6.58658, -454.49, -182.219
4.26157, 0.211452, 217.199
7.09559, 113.628, -50.4226
3.2877, 715.168, 629.071
5.56029, 638.528, -575.348
5.54222, -156.294, -16.786
3.16647, 1081.87, 1336.61
3.51409, 1285.24, 1861.36
4.79457, -284.922, 68.5411
3.48759, -635.262, 604.104
6.77118, -72.0956, 106.482
6.54562, -555.889, -442.921
2.80131, 865.566, -954.132
6.50584, 645.421, -1794.34
5.49597, 44.571, 120.588
7.43182, 33.363, -97.4039
2.65919, -888.713, 102.919
6.8356, -1181.3, 1445.17
3.69109, 133.842, 603.408
3.6127, -30.2058, -551.668
4.73907, 2214.39, 1026.65
2.61231, 506.965, -207
6.79755, 36.0712, -121.229
4.15902, 399.501, -1967.7
5.72195, -473.568, -189.518
7.43521, 457.325, -102.794
5.30162, 369.297, -259.321
4.74553, -142.05, -76.7604
5.213, -126.471, -66.4352
2.90797, 407.131, 3.90658
3.99606, 1110.44, 1102.33
6.63964, -1553.59, -348.305
6.48936, -1328.32, 416.395
5.71048, -65.7383, -42.4379
4.84105, 162.352, 44.7894
7.15326, 425.766, 1189.03
5.08798, -551.151, -181.332
7.42924, -1608.55, 1023.58
5.94567, -29.7047, 306.587
6.19966, -24.3652, -117.901
3.46323, 938.615, 629.682
6.08881, 1256.87, -913.182
6.11146, 437.376, 643.432
6.49298, 1.5671, 177.411
4.23216, -1737.59, 225.078
5.1481, 267.794, 498.35
3.19001, 451.827, -763.138
6.73218, 14.2613, -36.7782
6.32766, -61.9967, 98.9857
7.5, -1792.37, 760.166
4.24891, -2385.84, -906.177
5.50367, 1040.17, 0.142413
3.50808, -69.3354, 1556.97
6.2385, -1351.8, 218.531
6.49225, 227.509, 470.083
3.03505, -130.694, 353.677
5.35813, 21.6201, -92.6902
2.84683, -1989.23, 705.737
4.16036, -17.8767, -1.34997
5.80945, 19.3052, 30.083
5.27726, 307.529, 1518.48
7.12415, -148.257, -8.93557
2.69832, 238.137, 981.517
2.62083, 840.905, 854.664
4.61923, 133.671, 89.8821
4.36987, 252.965, 188.288
2.93303, 1176.22, 999.447
3.05403, -78.3933, 18.045
5.31992, -1573.17, 136.654
7.37269, 2.17939, -132.907
3.05066, 19.2534, -1596.03
5.99352, -1223.86, -1410.91
2.79674, 341.914, 1045.21
4.69755, -26.0952, -46.4998
5.24651, -610.116, -513.036
3.45129, -58.5048, 48.8872
7.36597, 83.1862, 123.973
3.19593, 128.333, -414.053
5.48978, -1274.41, 302.131
7.12812, 235.071, -850.018
3.91116, 272.408, 364.989
6.8307, 203.67, 152.194
6.29598, 695.157, -816.924
6.10793, 169.696, -45.8281
3.34241, 332.111, 557.879
3.32882, -170.166, -986.772
3.39076, -25.1255, 61.1415
5.87226, -5.95755, 95.1601
4.83484, -140.3, 119.664
6.85219, -21.6134, -74.2752
5.76023, -220.485, -290.797
5.80464, -442.475, -138.974
2.58037, -63.6434, 28.7378
4.30596, 1964.24, 1218.55
3.72747, 44.496, 43.7617
6.93086, 718.167, 840.384
5.23701, -2432.45, 27.2789
6.57209, -71.3424, 4.52116
5.24453, -607.154, -548.614
4.16156, 188.021, 50.4082
4.40213, -761.965, -1288.35
2.52389, -587.546, -33.9655
6.95226, 177.356, 74.3851
6.16955, 371.051, -61.5033
6.04239, 430.193, 224.556
5.1278, 988.285, -998.274
6.41065, -48.8105, 108.807
3.42484, 62.4008, -183.79
5.72673, 44.8388, -134.084
3.42178, -23.9866, -243.756
3.31214, -1005.55, 324.156
2.65594, 931.572, 290.181
7.42716, 105.524, 14.3145
4.04559, -92.6041, 15.3564
4.11075, -11.6767, -88.0515
5.51155, -91.8227, -33.9505
2.89107, 1746.01, -74.7653
3.93936, 121.652, 52.8188
5.79307, 702.734, -692.954
7.36348, 189.755, 49.7944
7.27758, 1373.05, 473.444
7.42745, -372.317, -11.8156
7.30478, -168.945, -62.2386
3.0073, -19.6073, 83.5797
3.71505, -85.2893, -191.83
6.91151, 200.816, -42.6398
5.28805, 344.935, 463.168
6.7669, 2.98298, -11.3998
7.49145, 837.062, -319.124
3.99751, -1458.62, 969.17
6.33157, -2656.94, -958.858
4.81901, -731.721, 80.2309
6.8168, 118.22, 42.8685
6.99018, -18.6791, -83.3931
7.377, 143.813, 181.495
2.77405, -212.658, -75.4458
6.32605, 118.754, 54.6683
5.09219, 899.996, -1158.26
3.46574, 24.924, 590.316
6.98252, 305.461, 1.93626
6.38492, -352.717, 331.424
2.75968, 225.452, -138.353
7.47331, 797.049, -1160.64
5.93659, 119.391, 228.088
5.94854, -447.01, -135.215
6.57666, 1234.32, -606.014
7.05426, 87.9971, -137.496
3.34218, 728.738, 1865.08
5.24183, 1258.46, -818.718
6.53351, 22.8705, -80.274
4.17803, 256.156, 457.521
5.53435, 88.9994, -651.863
6.59602, 550.442, -1104.05
7.3485, -202.059, -31.1756
6.29349, -44.9056, -4.12663
3.72113, 60.6652, -434.027
5.80589, -129.296, 11.0397
4.21574, 703.092, 244.018
7.27146, 145.139, 148.446
2.60828, 772.897, -1378.1
4.54979, 755.37, -410.919
2.55789, -712.038, 1351.6
3.04964, -29.4229, -35.8421
5.28259, 633.874, -913.811
4.45466, 183.791, 57.1295
7.20539, -48.6261, 88.8474
2.55572, -550.5, 224.83
6.22897, 73.1361, 565.339
3.84293, 209.185, 73.6341
4.27153, 65.3379, -14.4985
3.45835, 1911.45, -2038.63
5.14832, 35.2228, 4.55967
4.39478, -361.344, -1748.93
3.16407, 25.7525, -120.547
4.26563, -162.303, -22.7703
4.2497, -1873.25, 890.725
7.41084, -1196.19, -787.879
5.25961, 337.104, 339.155
4.99918, -1172.98, -316.99
3.58531, 700.538, -1106.93
4.37311, 430.922, -176.415
6.78251, 912.13, 734.568
6.45578, -974.545, 1790.94
3.9204, 1206.01, -1295.92
5.07645, 641.741, -566.087
6.79238, -19.9312, -34.0229
7.07844, 427.998, -318.687
7.48941, -899.772, -837.317
6.53177, -631.605, -474.854
5.22718, -54.9295, -190.936
7.3461, 222.387, -503.134
5.31931, -266.036, 138.809
4.03031, 682.409, -665.084
5.41853, 572.124, -156.421
2.91197, 67.8399, -36.9357
5.47382, 280.731, -128.87
3.31968, 946.458, 1516.98
6.46527, 111.839, 307.942
2.95373, -656.447, 579.217
6.3072, 178.684, 4.74572
6.83996, -22.1456, 45.6608
6.40105, -201.713, -5.54953
6.61399, -1095.96, -414.886
6.70974, -156.082, -17.582
4.48328, 764.562, 455.027
6.508, -85.6887, -37.351
6.56811, 16.8019, -44.9725
5.43493, 589.136, 1028.36
4.64621, -80.0069, 79.5148
2.5002, 465.419, -641.801
5.31153, -38.5241, -131.886
6.22632, 421.929, 339.446
3.89846, 1363.59, 695.068
2.93406, -193.375, -1841.45
3.5733, -529.069, -173.409
3.93296, 202.027, 17.2184
4.86595, 606.743, -157.395
6.95893, -937.906, -781.133
5.91955, 62.5062, -77.0777
3.54376, -88.5206, 104.664
6.67533, -3.05344, 11.477
7.09218, -544.698, -270.507
4.48244, 658.66, 33.1535
6.37858, 534.982, 519.608
5.68161, 96.6216, 89.1263
6.64746, 247.297, -90.6127
3.40204, -288.739, -498.166
7.45927, -133.017, -15.696
6.70558, 441.571, -571.14
4.65177, -387.803, 434.864
4.38589, -520.142, 227.353
2.70802, -128.631, -127.679
6.80715, -109.376, -125.522
6.62116, -1467.29, 1077.54
6.25052, 395.093, 824.112
3.55801, 272.507, -68.627
4.31029, 60.1154, -180.917
4.43545, 165.812, 159.26
7.32918, -1386.04, -931.658
6.5872, 232.726, 106.474
4.5755, -715.42, 78.7222
5.83759, 49.6555, 77.9025
2.52101, -1584.88, 1278.69
6.98048, -24.2221, -54.4331
3.68416, 713.646, 458.156
3.79415, -33.7629, 62.6282
5.4939, 358.674, -34.7765
6.89823, -907.32, 124.411
6.16299, 629.05, 106.303
6.0773, -800.167, -306.655
3.57724, 2156.73, -119.126
6.30413, -1648.81, 1180.61
3.85351, 61.1139, 176.781
2.75246, 186.67, 64.384
4.78866, 156.893, -19.2793
2.58759, 427.542, -9.22198
3.01129, 1824.06, -1292.74
2.639, -481.521, 184.554
5.65921, 40.64, 72.6939
6.34425, 73.7298, -86.4887
2.74132, -726.863, -477.428
6.6924, 106.888, 14.7974
6.76899, -141.798, -71.1256
6.57649, 681.188, -554.826
6.85188, -86.307, -1503.65
5.27222, 25.0735, -59.4104
6.12646, 34.2814, 989.805
3.20424, -1778.52, 1115.43
6.6115, 30.3958, 140.112
5.51185, -957.052, -1328.39
4.93856, 89.5715, 9.47006
6.14942, 229.268, 114.794
4.05164, -1091.62, 572.736
3.93925, 269.227, -418.135
5.45857, 1018.16, -1251.63
5.34055, -1355.23, 548.24
5.41059, 1436.28, 780.267
2.84132, 415.864, -793.177
4.34304, -910.024, 356.519
6.28475, 83.0117, -23.4641
6.35297, 793.239, 1232.7
4.27217, 131.911, 40.5475
5.98913, 60.6724, -103.123
5.08005, 1095.72, 610.208
5.94494, 106.664, 19.9742
6.18066, -1117.45, -892.843
2.56231, -1135.12, -956.708
7.16549, 24.7851, -113.158
5.37826, -532.721, -254.152
3.05587, -525.344, -227.076
4.87388, 119.905, 26.0235
3.24247, 1.70731, 213.194
4.22594, -2939.82, -714.427
7.04476, -263.199, -329.246
4.54571, 1231.48, -612.886
5.96642, 105.665, -112.471
3.35865, -75.8793, 82.1649
6.21715, -1477.61, 649.209
4.16319, -63.2755, -70.095
4.62157, -74.8638, -22.5628
2.79523, 398.401, -423.051
5.09005, 253.536, 310.415
5.94425, -26.0684, -603.412
5.01149, 0.191989, 77.8106
6.56617, 10.0373, -228.548
3.07974, 33.3655, -183.046
5.24841, 521.893, 504.267
5.06046, -105.679, -233.167
6.02649, -957.035, -772.661
5.65083, 53.5706, -157.545
4.0207, 8.46547, -97.7761
6.74719, -48.8443, 31.3479
3.39619, 563.448, -1074.57
2.61737, 78.4898, -70.2741
4.19467, 284.435, -135.241
3.43818, -821.199, -861.987
6.60467, 219.677, -229.805
6.72507, 24.212, 1369.12
6.78031, -1215.16, 806.297
7.37454, 333.049, -116.733
2.99587, 112.712, -131.163
2.56182, -1167.51, -1064.61
2.58614, 138.158, -946.315
2.64527, -47.7375, 93.8954
4.1031, -1035.19, -1022.16
6.17815, -1174.29, 611.73
3.14876, 247.704, 194.078
2.5161, 234.843, -154.081
6.91905, 33.041, -68.8935
3.70482, 314.233, -526.458
4.38481, -263.36, -60.8238
4.44879, 19.0057, -156.813
2.81534, 1147.93, 473.491
7.30792, 508.096, 171.162
3.75349, 499.604, -306.669
6.85376, 46.4308, 23.7858
2.85991, 849.213, -1238.95
2.70653, 723.198, -882.79
3.46378, 32.1773, -14.3802
3.86708, -523.973, -1152.88
7.4007, 11.1739, -102.731
3.60607, 359.875, -1767.31
6.43119, 783.402, -1147.35
4.42306, -16.4262, 45.9214
3.78593, -1217.7, 1141.43
3.91087, -266.559, 346.023
7.33834, 231.227, -229.043
4.22841, -13.5265, -252.563
3.45922, -40.4577, -162.794
5.05037, 129.704, -9.34
5.21857, 470.203, -1590.35
5.72333, 81.3613, 95.5346
3.89738, 702.831, -541.904
3.41887, -385.585, -505.292
2.71579, 1003.71, -1261.58
3.98408, 86.5188, -301.333
4.25548, 987.505, 36.0322
7.09372, 545.845, -207.861
5.81225, -33.0423, 61.2631
5.08041, -953.871, -809.173
4.03763, -417.098, -20.5505
3.0007, 903.6, 886.515
3.47502, 35.6425, -144.963
4.11407, 1127.01, 1379
5.56182, -246.069, 241.438
5.13511, -171.067, 93.2237
3.45653, -423.084, 975.819
4.7178, 2011.01, 1119.86
4.48693, 2202.88, -431.895
6.28051, 60.4351, -1.69414
6.6213, 185.904, 161.355
5.51573, -247.278, -718.786
3.04573, -115.23, -47.2045
4.11797, 1091.86, -140.923
5.03403, -89.6791, -37.9384
4.76521, 426.32, 766.227
4.77315, -14.163, -84.8188
4.91125, 189.081, -46.1342
5.07896, -1774.48, 334.249
4.50207, -800.216, -1036.45
4.22945, -421.669, -107.27
6.64533, 146.128, -213.766
3.02204, 1238.43, -127.321
6.40057, 238.788, 49.2249
3.19919, 50.8025, 219.141
2.62171, 1289.63, 1587.26
6.0664, 6.91943, -42.163
7.15538, 27.2026, 91.0943
7.47667, -165.721, -165.333
3.86264, 10.9423, -103.785
3.6923, -743.192, 591.073
3.87328, -129.375, -1095.1
5.70836, 138.383, 209.698
5.17637, -192.982, -154.237
6.8967, -1106.99, 1734.54
6.75968, 22.238, 83.9785
2.98004, -175.967, 580.349
4.66818, -257.341, 52.0305
3.17045, 54.7838, -110.918
5.86802, -121.572, 26.3059
5.34964, -291.421, -191.46
3.66474, 162.872, -934.315
5.50306, -168.965, -98.7214
2.6551, 52.7677, -466.723
7.08512, -150.567, -34.6373
3.82958, 704.274, 289.048
6.50016, -66.3912, -91.3958
5.46389, 164.278, 22.739
5.0822, -153.463, -21.1531
5.2567, -156.111, -14.2609
3.47225, 105.127, -359.058
5.36152, -992.475, -446.988
3.81992, -293.072, 1864.91
4.41648, 799.656, -1852.15
2.73626, -211.105, -207.398
4.22823, 38.8748, -11.4469
3.61594, -1217.78, 2479.23
3.81264, -23.0423, -123.533
3.05141, 54.3065, 146.798
7.40088, 108.81, -329.557
5.93794, -800.894, -306.888
5.82158, -49.4523, 52.4114
5.99501, 92.204, -228.664
2.68746, -69.7443, 155.39
3.6706, 25.1691, 89.1044
3.95397, -1700.44, -2576.45
3.50543, 122.872, -160.172
2.7177, -1002.3, 1224.85
2.56571, 677.289, -545.536
6.07297, 2043.22, -713.523
6.88348, -137.305, -173.405
5.35088, 646.285, -1278.12
6.92743, -892.39, -916.609
5.20042, 217.591, -196.111
3.31357, -890.496, 511.716
3.30492, -916.453, -1016.39
7.19182, -128.816, -27.9547
3.45628, 78.1038, -412.966
3.15761, -1177.34, 245.895
4.41122, 257.258, -423.354
6.12674, -422.994, 1209.98
2.50651, -2207.31, -303.002
4.60222, 1538.46, -960.206
5.18984, 707.293, 142.071
4.86596, -28.1416, 484.791
6.33003, 527.388, 26.5537
2.9396, 716.644, 26.5194
7.04284, 202.897, 387.523
3.20818, 427.566, 202.517
2.54782, -69.0557, 3.765
2.82267, 94.6846, -149.329
4.96742, 393.914, 342.347
5.40914, -12.9056, 47.47
4.03373, 1224.28, -2256.45
4.57091, -31.869, 222.187
4.33401, -148.749, -318.18
3.42687, 58.0057, -1364.23
2.76788, -775.655, -1080.42
4.47222, -11.3135, -104.178
3.98388, 597.016, 563.313
5.05388, 123.483, 95.6537
3.75392, 795.567, -1462.76
5.01589, 257.189, -382.583
2.51168, 906.771, -117.982
7.01807, -1789.69, 778.181
2.79181, 1360.38, 1238.46
5.17506, 33.5306, 1180
3.95754, 1281.66, -570.697
7.3023, 145.984, -191.169
4.73406, -1373.45, -721.602
5.08479, -77.3107, -7.20333
5.93861, -380.964, -545.512
2.72187, -42.4564, 106.235
7.2946, 1386.09, -1109.4
5.70852, 116.144, 287.129
2.80215, 34.2789, -63.6753
3.33964, -79.9003, -12.4622
5.76491, 226.202, 56.0211
6.19864, 235.215, 1077.65
3.57011, 365.462, -357.543
4.31441, 38.2015, -916.565
6.56981, 728.575, -399.374
5.32057, -147.726, 12.2981
7.45886, 34.5341, -8.03291
6.5669, -232.044, 65.1246
3.49157, 1075.49, -1550.93
2.50003, -11.7397, -82.0993
4.62608, -1177.9, 1449.17
4.07406, 971.935, 448.278
5.56218, -1425.64, 204.378
3.83351, 11.8844, -62.2924
4.39881, -255.306, -349.332
5.43397, -237.474, -588.821
5.95636, -87.5237, 369.71
7.26736, 9.7514, -100.769
4.89785, 140.444, -428.03
3.60319, -619.358, 408.439
5.33741, -321.217, -130.752
6.09873, -60.1302, 12.023
4.4953, 1167.67, -288.49
3.48326, 815.213, -444.115
6.66971, 35.8213, 176.675
5.59561, 669.488, -297.792
7.26866, 68.9164, 35.7233
3.23222, 679.833, 633.879
5.38953, 20.4742, -104.699
7.26796, -67.4253, -158.816
3.62331, -1704.35, 921.45
7.25137, 38.6064, -27.8199
3.07874, 770.23, -278.045
2.58372, 86.7764, -37.5499
3.90465, 58.5633, -456.23
7.15042, -103.782, 99.0795
3.04796, -987.41, -347.063
6.77266, 211.371, 127.801
5.68532, -132.599, -137.435
5.63853, -11.9909, -52.2306
3.80589, -270.939, 757.24
5.13936, 652.03, -586.443
7.16608, 14.1049, 75.9128
3.98055, 234.57, -208.074
4.78006, -119.044, -111.848
6.35659, -158.408, 1509.12
4.17193, -646.949, -1709.89
6.31775, 45.717, -117.591
6.65892, -990.841, 706.851
2.64618, 1087.1, -790.094
4.31315, 321.563, -348.725
4.16221, 32.357, 537.876
3.17675, -84.9488, -106.343
3.00839, 446.213, -1420.68
5.11327, 409.768, 250.818
3.52046, -71.4953, 245.706
5.00728, -137.906, -345.219
5.1371, -1596.07, 817.825
4.13422, 33.1976, 19.3785
4.75888, 75.1218, -200.21
6.85263, -85.4447, -3.7192
4.72884, -81.6044, -2.07716
6.03726, -35.2957, -297.207
6.83171, -1004.79, 256.933
6.5822, -95.5336, 76.8455
2.67504, -1149.16, -506.833
3.8644, -112.134, 1132.67
5.21858, 331.415, -77.6969
3.19942, -258.255, 40.7151
5.57408, -145.489, -8.11811
3.29182, 139.565, -609.191
4.41129, 496.138, -128.704
5.94997, 120.336, 153.542
3.21128, 1573.11, -107.029
5.65284, -190.587, 74.267
3.15973, -1025.37, -1025.51
7.13583, 72.1106, -72.7922
5.53465, 1621.85, -2506.17
5.50388, 663.482, -517.89
3.33635, -62.321, 27.4506
3.301, 195.756, 387.136
5.91628, 57.324, -91.5053
5.1456, 132.214, -250.985
3.65264, -999.035, 314.46
6.55373, -43.9405, -210.163
5.76477, 23.2445, 28.7157
4.08597, -307.375, 168.548
2.53953, -26.5914, -53.673
3.49176, -111.727, -952.061
3.78831, -291.265, 623.547
3.03825, 524.335, -198.111
3.49545, -699.994, 112.61
6.75079, -1802.57, 982.589
6.63912, 60.1948, -71.456
6.76813, 20.9174, 81.4118
5.71027, -225.161, -88.9991
3.6787, -1107.7, 1118.11
6.80638, -155.295, -91.8739
5.4745, -182.898, 702.07
2.52745, -925.364, -953.578
6.84925, 235.805, 395.234
7.37729, 396.68, 337.31
5.59653, -960.871, -764.478
3.85574, 209.539, -217.082
7.46973, -11.1082, 59.1587
4.60751, -665.48, 361.404
4.20537, 348.546, 474.453
4.80717, -6.51143, -167.705
4.44822, -450.594, -1291.48
4.613, -1744.63, -405.201
2.84879, -72.0938, 10.5245
5.5153, -142.225, 15.9642
7.36114, -89.0559, -32.9534
5.07406, 54.3735, -84.708
7.45461, -19.1238, -89.071
5.84906, -751.595, -1984.08
4.01716, -471.306, -89.4878
3.47371, -803.43, -307.142
4.0109, -249.886, -209.603
4.93946, 128.597, 11.7854
4.72438, -333.085, -225.521
5.7844, -63.6088, 2.81213
3.74227, 1963.25, 1218.52
4.72007, -802.755, -806.702
5.75894, 65.9015, -109.427
6.67472, 302.136, -149.349
6.03698, 421.232, 191.537
4.93928, -49.5279, -276.4
6.72039, 561.594, 394.639
7.00296, 53.4336, -197.68
6.33082, -268.103, 223.497
5.29453, -870.747, -308.122
2.70603, 782.155, 89.2593
5.46749, 607.111, -562.216
2.68674, 242.926, -1473.1
4.53488, -127.502, -279.573
2.84243, 50.5159, -351.232
7.38558, 57.0625, 88.8163
2.5956, 1108.17, 1250.08
6.60363, -103.185, -200.805
5.2195, 1458.97, -967.853
5.72828, 54.3323, 51.3502
3.62934, -132.74, 282.552
2.733, -108.44, 932.507
3.63154, -11.8136, 26.0143
4.58371, 382.202, -937.998
6.40126, 48.7354, -320.512
3.72852, 547.155, -1104.36
4.81411, -145.225, -38.4353
6.14756, 304.081, -535.798
5.35237, 1751.22, -316.437
5.45997, -436.17, -770.238
4.98425, -73.9634, 3.38813
3.951, 8.37948, 39.9969
4.71107, -50.7505, -34.5009
2.53669, -911.016, 1899.46
7.41683, -25.67, 66.2506
2.52822, -197.709, -242.489
4.8676, 564.678, 496.919
5.86497, 1260.14, 2008.9
