6.27803, -1379.34, 724.794
3.5948, 257.445, 1067.5
5.89648, 864.015, -385.448
5.09708, -53.6064, -257.332
2.76731, 2329.61, -2449.95
2.53849, 29.2947, -26.3175
4.58743, 3246.88, 1879.64
7.15218, -139.456, -45.3134
2.95982, -343.454, 682.212
6.00595, 734.224, 553.569
3.81226, 523.449, 265.204
4.14117, -65.411, -33.0843
7.45519, -486.87, -477.675
7.41275, 50.2658, -17.9865
5.75759, 620.143, 351.017
6.92354, 11.6291, 51.5058
6.33247, 54.4205, 15.6713
3.87453, -1201.09, -81.3647
4.93259, -412.387, -425.671
2.80282, -2841.29, 505.153
5.08146, -113.551, -147.732
4.96988, -2111.24, 689.622
7.23882, 92.3714, -186.965
4.42071, -18.7109, -18.3737
5.14874, -1686.56, 544.854
2.75042, -301.925, 2112.85
6.63909, 398.119, 239.396
5.94228, -680.022, -264.882
6.18112, 128.971, -72.7913
6.94286, -1679.54, -1659.14
4.25508, 15.184, -150.683
6.72991, -97.4016, -288.687
3.84659, 136.986, 177.547
4.83959, 697.635, -175.384
3.2686, 58.9348, 184.042
2.66527, -6.74536, -107.731
7.2768, -1070.69, -791.963
6.95369, 316.752, 313.008
3.29884, -1030.19, 63.6706
3.15214, -691.529, -218.277
2.515, 1355.95, -206.634
6.0491, 162.655, 167.349
3.40448, 1109.53, -19.5378
5.76029, -28.9578, 37.0593
4.42907, 139.856, 280.503
3.23766, 742.115, 1030.36
5.45054, 202.697, 554.787
3.24076, 1387.24, -704.682
3.2091, -1229.91, -950.37
4.94257, -215.367, -184.946
3.13015, -904.275, -191.773
5.64635, -697.52, 185.501
5.60817, 323.892, 106.128
4.88216, 1519.99, -2105.11
2.64188, 583.396, 871.055
3.21011, 1887.11, -400.67
3.15594, 489.037, 346.529
3.31099, 901.971, -1283.98
3.76529, -68.4686, -13.9696
4.77654, -2256.8, 1176.75
6.54472, 163.197, -156.225
3.57624, -28.0266, -159.205
3.75063, 337.765, 599.997
5.02978, 408.201, 338.707
6.27922, 31.9383, 63.527
5.66369, -708.525, -1621.15
5.9449, -1374.92, -885.866
7.27207, -730.863, -223.082
5.18713, 2082.77, -1072.24
4.57014, 143.143, 595.308
4.70019, 418.005, 379.108
6.07821, -1046.64, -1240.66
6.20858, -1122.49, -1146.72
5.12494, -1554.42, 1376.31
6.06711, -36.2256, -3.43722
5.91025, -0.543106, -45.227
6.82941, 1160.58, -870.321
3.19597, 840.692, 796.929
3.57766, 25.2178, -40.4714
5.0733, 113.126, 359.803
4.83766, 405.114, 417.337
3.55759, 1379.76, -1590.7
5.65244, 748.926, -420.427
2.5044, 1236.6, -1723.53
4.09589, -220.707, -1805.78
5.90281, -0.968639, -183.976
6.0446, 228.071, 224.228
2.90869, 368.327, 595.989
3.56926, -313.203, -19.4675
4.44412, -152.564, 86.3993
4.44927, -1924.71, -720.95
3.92018, -198.111, 123.844
4.6123, -115.75, -111.799
2.55658, 536.7, 5.42314
3.72027, -2175.86, 1102.19
4.49072, -662.802, -1759.71
6.64177, 170.735, 41.7823
3.78584, -559.595, 635.377
3.59705, -907.933, -335.853
6.47385, 334.139, 307.24
5.8476, -655.747, -66.4221
5.49108, -235.169, -83.587
5.99917, 1426.56, 753.764
5.13062, 71.3063, -158.744
4.14833, -18.3671, -57.2389
3.30844, 2104.04, 340.969
6.56633, 147.504, -41.1362
4.08004, 741.946, 453.517
4.05369, 222.052, 0.658753
4.65424, 35.1554, -80.8452
4.46509, 311.276, -91.1487
4.43916, 332.828, -194.139
4.34871, -154.18, 157.022
5.88118, -313.042, -572.291
6.10384, 789.031, -125.842
7.20082, -1296.2, 224.597
5.08573, -97.0049, -48.9652
5.5282, 731.378, 556.351
5.85049, 892.784, -1289.45
5.11404, 117.752, -101.834
3.87105, -125.219, -72.9104
7.08924, 327.494, 313.166
3.73367, -68.1906, 53.7279
4.77876, -267.119, 729.038
3.30374, 158.407, 283.584
4.68319, 109.024, 183.337
7.45767, 221.696, -343.965
6.26931, 1465.6, -1664.86
4.97846, -23.6243, 2.44515
7.01651, 100.446, -123.989
4.68213, -55.2935, -136.746
5.09239, 1132.27, -919.819
4.44866, -1007.31, -1379
5.63431, 25.1216, -111.808
5.19331, -161.432, 7.63429
4.35955, 130.45, -374.842
2.54674, 278.412, 329.145
6.3794, 165.125, 137.095
2.85317, 102.394, 63.0339
3.98511, 58.3057, 369.851
4.78581, -107.092, -97.8113
3.25156, -104.377, -53.7327
5.97819, 147.285, 543.004
4.15587, 354.607, 136.598
5.21197, -1366.59, 2337.15
2.64678, -1623.35, -633.65
5.38086, -59.7917, -636.706
5.18133, -104.287, 157.192
7.36678, -723.648, 472.673
5.57063, -40.9856, -24.6856
5.26431, 1155.08, -1764.82
6.69051, 421.445, 538.95
3.75764, 79.349, 609.48
6.98957, 106.016, 118.3
5.97428, 268.608, -77.3702
5.82752, 151.808, 1322.9
3.06838, -55.0533, 269.411
3.37987, -45.0641, -574.915
2.91253, -357.447, 799.267
6.68103, -141.727, 714.044
2.64818, -353.054, 1044.77
6.34719, -161.02, 209.166
4.29829, 238.015, -1660.55
6.24626, 951.883, -186.696
6.28385, 85.0364, -107.578
3.60834, 1456.26, -297.777
5.58305, -27.9978, -82.3626
3.66846, -388.355, -124.702
6.22052, 98.195, -1612.55
5.80997, 91.9283, 128.235
4.9209, -1306.59, 2429.74
2.58972, -414.044, -11.3049
4.98291, 62.1839, 441.074
5.09587, 290.003, 5.38846
4.71395, 691.069, 1525.07
4.14528, -1291.58, 372.526
3.52671, 20.6484, -193.627
7.19863, -242.541, 1039.48
2.85168, 971.261, 1250.31
3.30042, -311.461, -204.66
6.70788, 36.5608, -147.468
4.13614, 95.0156, 287.686
6.85942, 669.566, 458.252
5.99896, -1.25785, -6.34756
5.52801, -187.543, -173.717
4.77536, 305.911, 703.31
2.91543, 1081.5, 302.531
3.94883, -1481.54, -824.813
6.51009, -90.8839, -66.4376
6.81821, 505.688, 749.753
3.81831, -2062.14, 168.83
4.79881, -232.159, 194.581
4.95672, 186.658, 245.808
5.82344, 794.083, -1282.85
7.31738, -95.9329, -38.1338
7.23022, -158.103, -126.863
2.81902, 674.666, -614.492
5.04829, -298.019, 3.27421
6.13222, 292.65, 66.08
5.65882, -4.08579, -3.62994
3.26658, 249.372, -227.696
5.09652, 691.744, 1529.33
3.52281, 2430.85, -830.716
6.03231, -148.431, 197.918
6.05786, -373.301, 2559.54
3.66304, 56.3122, 46.8375
6.80594, 354.825, 5.14459
2.67122, -738.782, -457.848
6.26587, 95.1593, 392.158
4.14789, 311.224, 135.599
4.65309, 2115.58, -366.99
7.33455, 4.6342, -60.1976
4.05803, -1052.15, -935.779
5.69762, -2538.7, 98.3555
5.95386, 104.864, -121.343
5.36403, 109.915, -185.639
6.60667, -1347.67, 2332.91
4.21807, -1597.17, 809.47
5.09387, -178.307, -358.552
6.78438, 842.999, -71.1164
6.18587, 777.422, 763.094
3.45992, 90.5764, -206.397
2.83145, 215.556, 77.6319
3.60828, -1886.1, 1204.54
3.33656, 208.905, -85.4774
6.31172, -97.5968, -46.1126
5.44905, 636.847, -1278.23
4.65223, -2630.29, -324.636
7.09618, 1208.14, -299.498
5.09668, 136.169, -266.169
7.38058, -307.314, 185.84
5.15714, 96.0347, 290.594
2.98716, -545.55, 1110.08
5.83983, 430.335, 374.828
5.44444, -458.399, 1393.65
5.01137, 127.549, 44.1784
2.75808, 953.6, 350.266
2.6753, 746.797, -589.751
4.41484, 64.7466, -119.712
5.55555, -1138, -1526.1
5.06574, -2633.98, -318.597
5.98498, 3.05308, 48.5551
4.89891, 272.016, -238.562
3.88323, -2513.05, 21.7456
6.01685, -92.7975, 1590.96
3.67701, 88.7571, -196.097
6.41501, -173.027, 36.7007
6.60589, 1080.39, -260.333
3.21842, 1456.91, 1519.51
5.75757, 625.935, -594.205
3.87677, 263.036, -209.114
7.26215, 959.193, -771.564
4.58238, -38.7392, -127.744
3.03869, -283.827, -315.69
4.70633, -280.708, -67.0987
6.28811, -209.348, -204.229
2.77803, 712.705, 589.798
3.51241, 118, -9.74532
6.82305, 155.161, -341.827
6.52456, 353.63, 35.9123
2.78861, 368.61, 1251.59
4.40304, 130.924, -6.77437
4.56124, -21.5552, -141.771
2.80071, -218.492, -95.7109
7.09746, -853.211, -793.817
3.35398, 243.531, 65.4592
6.51634, 116.833, -103.046
3.88599, -15.878, 254.787
4.44586, 382.77, -180.627
7.19936, -1158.5, 97.8428
6.24573, 34.3459, 1538.53
3.44774, 1442.71, -1754.2
6.89581, -239.692, -98.6626
6.8953, -104.335, -152.444
3.30515, 351.497, -134.65
5.87346, 407.748, -43.8755
6.89096, -54.4039, 158.414
6.98262, -555.842, 1744.64
3.06535, -81.0271, -59.5481
5.93789, 307.604, 452.695
3.21651, 94.595, 120.809
3.6901, 737.616, -237.154
5.64383, 1321.19, -947.795
4.312, 320.402, 334.666
4.64437, -1063.11, -1015.82
4.91936, 883.909, -915.486
6.20379, -63.8169, -475.663
3.23098, 610.577, -486.138
7.36238, 115.942, 30.827
7.3158, -78.16, -62.7742
3.14741, 1160.13, -921.449
5.3784, -232.438, -148.024
4.66439, 6.57, -367.165
5.50066, -89.2506, 165.26
5.85098, 54.54, 212.611
4.5137, -1613.92, -526.119
6.46691, -1058.3, -893.215
4.89889, -1535.93, 1049.98
5.72449, -717.789, 549.052
4.28836, 2363.34, -445.282
5.96794, -88.8138, 390.397
5.83428, -68.5788, -270.378
3.22071, 750.887, -422.494
7.10415, 63.1301, 39.8283
4.22228, 710.002, 1880.01
6.66824, 111.776, 167.178
2.74349, 630.766, 72.6547
3.27936, 622.979, -823.202
2.55765, 579.584, -124.107
3.94327, 84.0405, -39.8221
5.07295, -106.315, 118.917
3.65948, 348.034, -1806.89
2.75022, -177.607, 154.326
5.33091, 105.923, 12.0976
6.69774, 256.123, -108.902
4.28763, 452.623, 417.63
4.3452, 329.171, 294.974
7.22226, 493.403, 109.55
4.72425, -1073.65, 408.105
6.82086, 23.5328, -185.274
5.82654, 231.644, -312.469
5.79297, -544.562, 62.1491
7.10736, 1432.71, -1056.53
5.11536, -1549.45, 1382.47
5.45229, -387.358, -501.573
5.79944, -265.96, -1509.73
4.24765, -1130.11, 609.497
4.11714, 603.434, -311.285
7.08984, 362.795, 257.18
3.08619, -2025.06, 732.222
7.31268, -282.946, -43.6334
5.17978, -150.6, -126.062
5.81447, -312.243, -109.924
5.48362, -2159.65, 930.759
6.93363, -498.045, -337.368
6.67999, 107.312, 214.997
6.69339, 345.695, 257.136
6.85642, 155.918, 140.368
2.5002, 160.222, 1255.62
4.77274, 58.6466, -52.8408
4.25696, 1331.19, -58.8555
5.80713, 1997.79, -1718.03
6.22234, -196.037, 91.2979
3.3821, -555.649, -1967.11
7.4621, -794.009, 1054.49
5.95466, 126.4, -23.1616
6.97862, -90.8629, -81.6864
3.51579, -788.611, -255.818
7.2356, -138.794, 712.125
4.88476, -2057.26, 1035.02
6.78578, -1890.33, 1205.95
6.41237, -34.1611, -416.188
5.70687, -1536.9, 1429.83
3.14521, -196.149, 820.247
5.77944, 259.82, -248.414
3.09199, 44.7162, -124.894
3.88793, 1504.85, 218.338
6.65548, 298.926, 1495.28
6.14153, 1710.78, 2183.15
6.74348, 1883.81, -1403.65
3.43989, -421.971, -749.633
6.09602, 93.4286, 119.675
4.25586, -141.93, 681.084
3.34555, 482.528, 794.688
4.52383, -1932.64, 286.346
4.20924, -99.6529, -91.1805
6.67141, 99.3205, -107.732
3.9111, -1458.47, -2363.74
5.16766, 1350.91, 913.167
6.25085, 124.863, -163.046
4.62554, 32.3055, 60.0091
4.66964, 1232.65, -60.2219
3.03022, -1760.23, -872.662
6.4639, -425.666, -416.089
3.91232, 67.8478, -119.904
7.14264, 1736.06, 2277.74
5.37926, 336.323, 307.135
3.4895, 412.704, -567.119
5.99081, 10.5704, -163.313
3.07265, -571.893, -603.801
4.22945, 464.676, 766.057
4.15646, 178.797, -461.881
6.42735, -2115.57, 959.676
6.65775, 250.043, 350.041
4.21712, 1012.37, -503.556
4.2603, 466.746, 236.449
6.38197, -63.1652, -15.7515
6.58658, -297.992, -24.5022
4.26157, 235.852, 139.404
7.09559, 31.716, 9.91196
3.2877, 720.205, 677.938
5.56029, 733.934, -528.605
5.54222, -21.3183, -17.7648
3.16647, 1285.14, 1524.56
3.51409, 1533.8, 2198.11
4.79457, -27.6716, -13.6755
3.48759, -691.333, 746.496
6.77118, 55.2, -164.804
6.54562, -588.777, -512.853
2.80131, 1049.71, -1039.8
6.50584, 748.974, -2110.38
5.49597, 8.41851, -160.184
7.43182, 166.456, -10.7713
2.65919, -964.356, 168.939
6.8356, -1386.29, 1704.74
3.69109, 261.454, 572.799
3.6127, -170.127, -389.163
4.73907, 2659.69, 1233.36
2.61231, 461.727, -113.587
6.79755, 50.4418, 20.33
4.15902, 406.359, -2199.38
5.72195, -441.363, -32.697
7.43521, 239.191, -118.193
5.30162, 362.819, -30.4793
4.74553, -63.118, 69.2821
5.213, 113.107, -135.326
2.90797, 510.201, -15.6099
3.99606, 1176.54, 1304.93
6.63964, -1792.42, -383.702
6.48936, -1625.32, 557.768
5.71048, 172.6, 87.7483
4.84105, 199.761, 237.823
7.15326, 467.626, 1324.99
5.08798, -613.345, -129.687
7.42924, -1838.76, 1193.23
5.94567, 38.639, 153.511
6.19966, -6.77292, 19.4881
3.46323, 1025.65, 752.548
6.08881, 1402.45, -1014.16
6.11146, 607.775, 654.66
6.49298, 289.919, 61.5099
4.23216, -2086.97, 238.291
5.1481, 336.291, 398.835
3.19001, 595.068, -804.631
6.73218, 76.4642, -121.337
6.32766, -370.195, 18.6973
7.5, -2151.53, 939.862
4.24891, -2895.56, -1061
5.50367, 1093.47, 21.7506
3.50808, -112.447, 1771.91
6.2385, -1604.22, 252.815
6.49225, 221.253, 422.08
3.03505, 144.044, 119.245
5.35813, 52.642, 173.712
2.84683, -2311.13, 804.814
4.16036, 108.959, -18.3718
5.80945, 64.1329, -258.254
5.27726, 324.317, 1778.16
7.12415, -74.1426, -209.455
2.69832, 245.11, 1203.05
2.62083, 898.801, 935.139
4.61923, -80.897, -207.203
4.36987, 179.48, -179.13
2.93303, 1417.08, 1261.25
3.05403, 63.032, -105.825
5.31992, -1905.83, 125.586
7.37269, 255.983, -48.7656
3.05066, -3.68559, -1854.5
5.99352, -1417.36, -1616.13
2.79674, 337.833, 1111.58
4.69755, 282.519, 75.4352
5.24651, -559.523, -470.207
3.45129, 65.5409, -157.981
7.36597, -103.747, 299.016
3.19593, 190.564, -220.097
5.48978, -1476.97, 306.652
7.12812, 246.706, -843.986
3.91116, 438.425, 283.589
6.8307, 208.35, 372.373
6.29598, 764.182, -929.644
6.10793, -11.3181, 201.313
3.34241, 313.445, 473.191
3.32882, -21.3499, -1150.36
3.39076, 112.879, 160.71
5.87226, -21.0839, -96.6945
4.83484, 139.642, -40.1114
6.85219, 82.5357, 17.4797
5.76023, -169.299, -67.4442
5.80464, -310.967, -116.878
2.58037, 72.0352, -224.967
4.30596, 2337.54, 1426.67
3.72747, -22.1533, 115.061
6.93086, 717.468, 903.443
5.23701, -2908.16, 37.415
6.57209, 140.16, 265.368
5.24453, -688.88, -434.933
4.16156, -87.0813, -111.281
4.40213, -879.266, -1508.6
2.52389, -538.295, -63.2193
6.95226, -55.5674, -149.372
6.16955, 6.69482, -96.8149
6.04239, 383.502, 61.7113
5.1278, 1114.86, -1195.92
6.41065, 159.378, -172.811
3.42484, 163.783, 5.23785
5.72673, -17.78, 9.06289
3.42178, 189.431, -185.181
3.31214, -1056.39, 382.438
2.65594, 1035.14, 458.585
7.42716, 60.0907, -157.966
4.04559, -132.954, 64.8145
4.11075, 70.3121, -93.625
5.51155, 35.5899, -97.7071
2.89107, 2111.4, -162.926
3.93936, 3.74687, -241.679
5.79307, 664.964, -804.016
7.36348, 25.5297, 161.368
7.27758, 1656.29, 588.97
7.42745, -249.745, 66.6932
7.30478, 166.276, -56.8533
3.0073, 211.466, -71.0685
3.71505, 223.898, -375.999
6.91151, -0.132589, -114.693
5.28805, 350.578, 418.415
6.7669, -0.363214, -207.982
7.49145, 864.119, -291.126
3.99751, -1775.07, 1059.12
6.33157, -3214.2, -1132.51
4.81901, -660.462, 172.124
6.8168, -73.6119, -77.0252
6.99018, -245.893, -91.6943
7.377, 177.886, 12.2571
2.77405, -382.362, -32.8152
6.32605, 119.327, -239.425
5.09219, 991.571, -1341.51
3.46574, 143.626, 614.033
6.98252, 354.588, 136.026
6.38492, -333.654, 341.354
2.75968, -21.133, -42.7591
7.47331, 897.213, -1336.48
5.93659, 46.6801, 109.028
5.94854, -304.508, -115.092
6.57666, 1422.03, -656.749
7.05426, 120.704, -8.31034
3.34218, 908.665, 2181.72
5.24183, 1453.31, -929.25
6.53351, 55.413, 125.362
4.17803, 325.813, 572.406
5.53435, -25.0005, -712.279
6.59602, 633.745, -1236.75
7.3485, -30.4343, -20.5445
6.29349, -21.3254, 337.02
3.72113, -43.6944, -402.837
5.80589, -83.9501, -44.8458
4.21574, 845.214, 300.103
7.27146, 60.1059, 106.325
2.60828, 994.464, -1586.73
4.54979, 855.289, -404.202
2.55789, -1043.85, 1603.14
3.04964, -0.012252, -20.7184
5.28259, 677.101, -966.685
4.45466, 49.2721, 167.513
7.20539, 161.559, 161.822
2.55572, -456.311, 376.437
6.22897, 68.2487, 505.781
3.84293, -153.435, -145.075
4.27153, 214.427, -191.906
3.45835, 2312.84, -2467.54
5.14832, 75.5082, -120.319
4.39478, -420.212, -2108.72
3.16407, -140.063, 151.815
4.26563, -348.529, -211.999
4.2497, -2184.64, 1104.95
7.41084, -1351.78, -876.629
5.25961, 394.367, 299.635
4.99918, -1332.99, -359.565
3.58531, 777.635, -1284.47
4.37311, 526.3, -150.309
6.78251, 1160.65, 967.334
6.45578, -1166.1, 2214.5
3.9204, 1383.18, -1530.96
5.07645, 779.151, -580.579
6.79238, 89.2963, -67.454
7.07844, 405.515, -159.249
7.48941, -1028.3, -933.276
6.53177, -680.183, -460.439
5.22718, 109.541, 240.438
7.3461, 63.1177, -508.012
5.31931, -68.2962, -67.7555
4.03031, 680.917, -754.711
5.41853, 605.479, -199.762
2.91197, -95.0169, 331.319
5.47382, 123.438, 2.6616
3.31968, 1131.77, 1906.7
6.46527, 69.1176, -79.6103
2.95373, -673.649, 742.215
6.3072, 101.118, 160.193
6.83996, 22.982, -190.323
6.40105, -184.865, -310.372
6.61399, -1233.99, -390.854
6.70974, 170.444, -16.5878
4.48328, 784.503, 548.596
6.508, 61.0117, -45.3302
6.56811, -69.1176, -102.689
5.43493, 610.552, 1122.82
4.64621, 14.8473, 193.868
2.5002, 449.5, -608.052
5.31153, 108.243, 177.842
6.22632, 279.046, 356.777
3.89846, 1588.42, 829.472
2.93406, -252.754, -2141.17
3.5733, -492.651, -288.963
3.93296, 186.669, -91.6095
4.86595, 609.097, -61.4902
6.95893, -1061.53, -896.57
5.91955, -297.898, 43.0627
3.54376, 42.1605, -198.493
6.67533, -2.69302, -16.363
7.09218, -428.921, -169.414
4.48244, 608.133, -110.826
6.37858, 799.447, 508.761
5.68161, 176.083, 321.373
6.64746, 282.015, -324.042
3.40204, -438.485, -489.634
7.45927, -78.2274, -19.4822
6.70558, 485.385, -573.895
4.65177, -265.343, 560.664
4.38589, -403.462, 236.347
2.70802, -100.848, 139.02
6.80715, 127.012, 108.958
6.62116, -1746.17, 1268.12
6.25052, 568.013, 951.622
3.55801, 60.7999, -163.63
4.31029, 166.214, -18.7506
4.43545, 4.79218, -203.251
7.32918, -1592.05, -1054.99
6.5872, 138.341, -65.1132
4.5755, -721.456, 102.07
5.83759, -142.412, -177.817
2.52101, -1848.87, 1598.4
6.98048, 159.782, 11.4123
3.68416, 730.599, 370.314
3.79415, 19.698, -139.548
5.4939, 188.139, 39.959
6.89823, -938.472, 105.642
6.16299, 509.611, 1.5414
6.0773, -833.706, -337.63
3.57724, 2556.42, -131.861
6.30413, -1906.6, 1410.54
3.85351, 56.4468, 53.8265
2.75246, 410.928, 186.059
4.78866, -181.407, 246.972
2.58759, 277.76, 107.299
3.01129, 2262.05, -1558
2.639, -377.541, 150.888
5.65921, -47.4077, -68.3994
6.34425, -62.5151, -4.51093
2.74132, -676.132, -534.774
6.6924, 376.063, 250.301
6.76899, -65.2913, 52.8725
6.57649, 643.47, -556.66
6.85188, -29.0241, -1806.58
5.27222, -120.927, -74.7063
6.12646, 24.7445, 1069.63
3.20424, -2064.6, 1401.25
6.6115, -126.533, -32.9618
5.51185, -1142.85, -1528.27
4.93856, 58.9965, 54.0157
6.14942, 162.023, -88.2717
4.05164, -1183.57, 657.293
3.93925, 255.643, -222.028
5.45857, 1171.63, -1420.89
5.34055, -1543.88, 691.297
5.41059, 1585.91, 935.052
2.84132, 407.92, -778.721
4.34304, -1095.36, 308.515
6.28475, -88.3012, -10.5854
6.35297, 802.563, 1433.92
4.27217, -22.5171, -61.6312
5.98913, -57.1423, 13.4615
5.08005, 1225.85, 692.845
5.94494, 34.3345, 188.71
6.18066, -1234.73, -920.469
2.56231, -1322.86, -1106.66
7.16549, 138.922, 23.0528
5.37826, -418.678, -182.641
3.05587, -669.249, -41.7538
4.87388, -83.3825, -53.5202
3.24247, 354.438, 363.712
4.22594, -3508.18, -835.042
7.04476, -101.643, -324.139
4.54571, 1434.41, -659.047
5.96642, 54.3352, -70.4399
3.35865, 85.5445, 147.386
6.21715, -1816.04, 749.771
4.16319, 97.6024, 21.2841
4.62157, 41.151, -96.158
2.79523, 267.599, -391.839
5.09005, 159.681, 158.802
5.94425, 59.6661, -623.037
5.01149, -91.5528, -20.2827
6.56617, 129.045, 86.5011
3.07974, 179.149, 96.8115
5.24841, 690.237, 499.769
5.06046, 39.2188, -233.922
6.02649, -1050.69, -951.695
5.65083, -63.2495, -37.2141
4.0207, -42.5144, -3.02279
6.74719, 65.4965, 139.86
3.39619, 643.933, -1276.85
2.61737, 51.2692, 25.1804
4.19467, 10.1348, 36.5356
3.43818, -950.656, -937.638
6.60467, 171.513, -97.6138
6.72507, 37.1889, 1605.66
6.78031, -1424.05, 928.394
7.37454, 81.8408, -2.26571
2.99587, -191.951, 71.791
2.56182, -1461.59, -1268.48
2.58614, 115.905, -913.267
2.64527, -129.75, -45.7868
4.1031, -1149.28, -1164.44
6.17815, -1388.98, 751.619
3.14876, 171.747, -29.3097
2.5161, -149.505, 18.0767
6.91905, -236.864, 29.2689
3.70482, 443.757, -441.473
4.38481, -375.478, -194.689
4.44879, 182.201, 83.6088
2.81534, 1426.57, 571.403
7.30792, 496.962, 127.338
3.75349, 493.079, -418.524
6.85376, -29.8605, 252.644
2.85991, 1076.6, -1544.29
2.70653, 1059.08, -1074.93
3.46378, 181.603, -192.804
3.86708, -682.806, -1280.8
7.4007, -39.165, -12.5042
3.60607, 446.32, -2107.19
6.43119, 900.258, -1289.18
4.42306, -273.465, -74.616
3.78593, -1384.77, 1372.43
3.91087, -332.084, 250.388
7.33834, 265.247, 66.4252
4.22841, 80.9813, 48.7178
3.45922, 261.439, -271.271
5.05037, -10.5699, 153.312
5.21857, 539.841, -1898.15
5.72333, 128.165, -221.191
3.89738, 738.578, -492.23
3.41887, -486.733, -420.142
2.71579, 1130.48, -1428.83
3.98408, 187.631, -461.777
4.25548, 1074.78, -76.9583
7.09372, 405.394, -165.538
5.81225, 10.8443, -118.981
5.08041, -1054.19, -863.677
4.03763, -206.995, 67.5689
3.0007, 1029.96, 1034.43
3.47502, 12.9069, 163.32
4.11407, 1330.49, 1581.27
5.56182, -330.149, 167.037
5.13511, 238.598, -195.021
3.45653, -444.658, 1025.87
4.7178, 2349.41, 1313.72
4.48693, 2615.29, -510.767
6.28051, -229.033, -44.5447
6.6213, 57.9732, 13.8839
5.51573, -223.049, -822.507
3.04573, 108.624, -12.7443
4.11797, 1286.82, -195.408
5.03403, 49.1757, -70.8766
4.76521, 393.162, 856.997
4.77315, 292.186, -50.3601
4.91125, 390.236, -72.8796
5.07896, -2045.91, 383.681
4.50207, -971.933, -1089.82
4.22945, -233.291, -110.525
6.64533, 46.5161, 142.088
3.02204, 1390.53, -273.94
6.40057, -24.5503, -131.797
3.19919, 127.686, 216.544
2.62171, 1543.18, 1862.61
6.0664, -95.8469, 325.78
7.15538, -144.941, -105.349
7.47667, -23.8874, -234.895
3.86264, 27.884, 53.8354
3.6923, -910.499, 604.403
3.87328, -153.473, -1333.34
5.70836, -58.9356, -174.766
5.17637, -246.862, -181.146
6.8967, -1273.85, 2048.27
6.75968, -48.8642, -259.644
2.98004, -132.632, 670.2
4.66818, -110.053, 218.436
3.17045, 87.5123, -2.51392
5.86802, -39.8, -151.226
5.34964, -64.9648, -181.169
3.66474, 159.217, -1039.75
5.50306, -74.3255, -192.245
2.6551, 314.724, -428.97
7.08512, 178.219, -83.0913
3.82958, 751.184, 370.876
6.50016, 90.1152, -34.8669
5.46389, 51.7708, 187.257
5.0822, 64.3958, -3.80496
5.2567, -289.357, 79.1298
3.47225, 222.36, -308.082
5.36152, -1225.78, -427.056
3.81992, -323.056, 2337.36
4.41648, 990.958, -2233.41
2.73626, -81.9049, -156.202
4.22823, -149.489, 116.728
3.61594, -1387.62, 2932.32
3.81264, 24.7192, 52.5112
3.05141, 97.9996, -39.3173
7.40088, 35.5298, -181.001
5.93794, -835.305, -330.329
5.82158, -39.9175, -75.5557
5.99501, 168.289, -188.344
2.68746, 207.819, 243.375
3.6706, 107.019, 195.384
3.95397, -2065.92, -3124.84
3.50543, 87.628, -20.6691
2.7177, -1161.17, 1499.58
2.56571, 715.046, -536.619
6.07297, 2425.26, -828.473
6.88348, 113.909, 57.9026
5.35088, 762.698, -1515.87
6.92743, -1142.91, -1196.34
5.20042, 346.502, -59.0768
3.31357, -1020.74, 514.52
3.30492, -1098.69, -1148.8
7.19182, 133.498, -91.3128
3.45628, -47.9248, -262.144
3.15761, -1394.75, 186.62
4.41122, 172.415, -272.971
6.12674, -460.375, 1401.22
2.50651, -2634.06, -321.672
4.60222, 1850.87, -1122.61
5.18984, 801.003, 167.422
4.86596, 129.598, 490.015
6.33003, 707.947, -54.2278
2.9396, 674.558, -41.4114
7.04284, 86.8789, 266.123
3.20818, 301.831, 452.427
2.54782, 47.5402, -141.279
2.82267, 301.83, 10.7789
4.96742, 337.195, 321.696
5.40914, 48.298, -140.882
4.03373, 1471.67, -2680.43
4.57091, 64.1034, -154.303
4.33401, 42.1198, -192.133
3.42687, 92.5198, -1503.29
2.76788, -967.264, -1261.89
4.47222, 203.545, -53.4864
3.98388, 573.536, 508.189
5.05388, -93.3219, -255.499
3.75392, 945.251, -1706.69
5.01589, 280.862, -309.657
2.51168, 1008.33, -209.396
7.01807, -2164.84, 940.467
2.79181, 1574.11, 1450.58
5.17506, 47.2402, 1411.08
3.95754, 1466.81, -678.333
7.3023, 228.816, -53.8351
4.73406, -1587.39, -790.269
5.08479, 21.7513, -39.9691
5.93861, -475.815, -538.895
2.72187, -190.195, -73.2176
7.2946, 1620.43, -1274.95
5.70852, 108.67, 83.8535
2.80215, -217.495, 63.4182
3.33964, 53.3244, -84.1793
5.76491, 111.608, -279.182
6.19864, 159.715, 1260.19
3.57011, 311.344, -125.75
4.31441, 99.134, -1116.49
6.56981, 750.311, -421.424
5.32057, -80.0839, -21.8775
7.45886, 98.3296, -166.637
6.5669, -179.016, -25.251
3.49157, 1305.86, -1830.23
2.50003, -113, -43.6653
4.62608, -1399.23, 1707.97
4.07406, 1115.2, 552.021
5.56218, -1649.1, 239.14
3.83351, 68.2329, -32.8828
4.39881, -128.393, -109.463
5.43397, -188.071, -439.415
5.95636, 77.9516, 275.354
7.26736, 49.7532, -26.0706
4.89785, 74.2258, -182.406
3.60319, -500.695, 393.827
5.33741, -367.914, -130.543
6.09873, 66.681, -104.534
4.4953, 1287.33, -287.939
3.48326, 817.942, -443.051
6.66971, 229.231, 14.0816
5.59561, 606.1, -468.328
7.26866, -84.5936, -230.036
3.23222, 756.672, 617.198
5.38953, -22.2966, 67.6157
7.26796, 135.996, 180.762
3.62331, -2023.16, 1078.18
7.25137, 88.9803, -122.853
3.07874, 916.122, -381.509
2.58372, 51.086, 171.217
3.90465, 185.339, -360.043
7.15042, 148.908, -244.309
3.04796, -1047.89, -388.968
6.77266, -21.1724, -226.942
5.68532, 7.55045, 210.29
5.63853, 19.093, 291.356
3.80589, -336.641, 911.628
5.13936, 654.793, -523.028
7.16608, -48.0479, -267.923
3.98055, -22.8729, -83.3891
4.78006, 191.671, -51.6034
6.35659, -249.24, 1827.38
4.17193, -783.797, -1874.47
6.31775, 40.8533, 4.49079
6.65892, -1124.1, 903.577
2.64618, 1263.01, -844.482
4.31315, 492.141, -216.215
4.16221, 142.622, 439.143
3.17675, 327.512, 127.451
3.00839, 533.575, -1684.71
5.11327, 275.613, 403.906
3.52046, -3.44876, 418.352
5.00728, 39.1492, -127.255
5.1371, -1919.99, 1055.15
4.13422, 233.721, 52.9731
4.75888, -101.096, 136.889
6.85263, 339.525, 7.28443
4.72884, -148.456, -56.1796
6.03726, -159.485, -13.4146
6.83171, -1141.62, 245.997
6.5822, 115.593, -46.6218
2.67504, -1436.19, -600.777
3.8644, -207.75, 1277.67
5.21858, 148.218, -70.4541
3.19942, 213.165, -163.747
5.57408, -44.066, -47.3522
3.29182, 3.78906, -620.276
4.41129, 434.421, -66.3939
5.94997, -53.1675, -178.73
3.21128, 1818.43, -93.8166
5.65284, -155.26, 97.2737
3.15973, -1278.91, -1098.69
7.13583, 101.088, 11.9568
5.53465, 1966.98, -3030.88
5.50388, 627.514, -619.302
3.33635, 234.061, 140.07
3.301, 10.4813, 681.959
5.91628, -63.3728, 22.719
5.1456, 130.023, 58.5579
3.65264, -1140.12, 433.993
6.55373, 37.0179, -70.3549
5.76477, -98.1552, 72.2412
4.08597, -350.475, -93.6002
2.53953, 158.059, 9.90611
3.49176, -111.428, -968.185
3.78831, -185.248, 654.461
3.03825, 683.434, -58.6598
3.49545, -659.108, 174.649
6.75079, -2182.29, 1208.05
6.63912, 52.9946, 20.7549
6.76813, 45.249, -186.204
5.71027, -176.201, -163.739
3.6787, -1276.86, 1305.95
6.80638, -48.3209, 84.7223
5.4745, -143.767, 700.335
2.52745, -1010.13, -971.177
6.84925, 91.1498, 132.416
7.37729, 338.662, 315.762
5.59653, -1059.17, -895.588
3.85574, -14.6187, -13.624
7.46973, 3.7746, -152.783
4.60751, -815.424, 282.671
4.20537, 340.51, 233.383
4.80717, -57.5633, 134.829
4.44822, -518.999, -1478.75
4.613, -2044.74, -454.954
2.84879, 209.34, -90.823
5.5153, 84.6348, -31.8017
7.36114, -347.192, 91.3558
5.07406, 56.4221, 57.2295
7.45461, 80.028, -65.7496
5.84906, -926.451, -2371.78
4.01716, -397.776, -242.215
3.47371, -837.87, -332.055
4.0109, -22.2906, -21.4337
4.93946, -187.873, -52.5813
4.72438, -53.7359, -41.6105
5.7844, 66.6609, -151.113
3.74227, 2336.66, 1425.61
4.72007, -850.393, -874.729
5.75894, -51.4868, -17.7466
6.67472, 46.9466, 70.5378
6.03698, 410.628, 169.813
4.93928, -285.995, -245.981
6.72039, 603.394, 383.533
7.00296, 161.699, -112.713
6.33082, -288.414, -11.502
5.29453, -853.048, -294.419
2.70603, 750.37, 63.9641
5.46749, 786.618, -551.441
2.68674, 222.395, -1741.43
4.53488, -45.6215, -501.046
2.84243, -82.3523, -92.6504
7.38558, -167.15, 44.6881
2.5956, 1199.86, 1447.72
6.60363, -36.0849, -227.955
5.2195, 1710.85, -1195.98
5.72828, -5.07268, -249.64
3.62934, 40.7967, 382.523
2.733, -41.7314, 1201.07
3.63154, 119.036, -158.263
4.58371, 342.54, -1156.07
6.40126, 293.763, -314.376
3.72852, 639.77, -1234.77
4.81411, 75.9478, 7.09125
6.14756, 444.503, -451.376
5.35237, 2144.72, -355.202
5.45997, -442.34, -829.65
4.98425, 143.899, 269.06
3.951, 62.0729, -119.814
4.71107, 230.913, -56.7717
2.53669, -1111.55, 2374.69
7.41683, 39.7511, -131.878
2.52822, 51.3574, -140.351
4.8676, 795.768, 542.814
5.86497, 1488.63, 2422.55
