6.27803, -304.291, 84.8445
3.5948, 274.672, 267.423
5.89648, 233.706, -196.372
5.09708, -58.8399, -141.834
2.76731, 546.682, -722.606
2.53849, 159.43, -179.689
4.58743, 857.913, 447.488
7.15218, -14.5513, -176.968
2.95982, 60.6467, -59.972
6.00595, 345.404, 433.99
3.81226, -185.357, -62.7353
4.14117, 7.22562, 71.2371
7.45519, -258.902, -441.16
7.41275, 38.6672, 246.534
5.75759, -129.666, 105.344
6.92354, -242.765, -162.62
6.33247, -107.489, -146.264
3.87453, -177.953, 305.934
4.93259, 30.1559, 246.21
2.80282, -510.42, -134.031
5.08146, -26.2412, 77.3723
4.96988, -423.088, 162.567
7.23882, -84.1672, -12.7912
4.42071, 150.246, 381.33
5.14874, -269.2, 287.26
2.75042, -221.335, 420.025
6.63909, 47.2271, 279.199
5.94228, 81.5032, 11.3686
6.18112, -75.196, -167.859
6.94286, -495.731, -629.124
4.25508, -4.19114, -186.273
6.72991, 98.0187, 240.049
3.84659, 105.145, -103.518
4.83959, 389.029, 222.52
3.2686, -88.8334, -119.575
2.66527, -37.4843, 35.1618
7.2768, -204.523, -310.119
6.95369, -51.8765, -71.19
3.29884, -478, -23.4413
3.15214, -636.208, -228.335
2.515, -61.516, 146.536
6.0491, 59.864, -188.982
3.40448, 196.686, -230.098
5.76029, -41.6788, -191.56
4.42907, -82.7832, -114.414
3.23766, 78.529, 301.98
5.45054, -40.4459, 11.209
3.24076, 397.123, -224.976
3.2091, -522.049, -405.774
4.94257, -7.51882, -81.8219
3.13015, -330.302, 3.07283
5.64635, -327.379, -204.834
5.60817, -373.731, 149.146
4.88216, 448.349, -607.494
2.64188, 377.564, 513.979
3.21011, 459.219, -246.706
3.15594, -140.092, -82.6536
3.31099, 275.727, -514.066
3.76529, 315.009, -54.1152
4.77654, -735.287, 447.61
6.54472, 225.579, 104.317
3.57624, -115.96, 120.729
3.75063, -22.3614, 335.123
5.02978, -70.3835, 176.712
6.27922, -6.43417, 104.313
5.66369, -142.914, -462.198
5.9449, -483.187, -424.217
7.27207, -537.584, -227.23
5.18713, 375.965, -252.793
4.57014, 102.788, 517.77
4.70019, 10.1906, 121.375
6.07821, -454.496, -428.745
6.20858, -205.263, -422.506
5.12494, -574.266, 487.131
6.06711, -103.825, -63.8397
5.91025, 179.72, -26.4055
6.82941, 228.791, -217.013
3.19597, 321.89, -88.0453
3.57766, -356.918, 57.8292
5.0733, -79.6318, -10.5478
4.83766, -73.7439, 170.894
3.55759, 120.937, -403.294
5.65244, 385.597, -353.507
2.5044, 343.632, -495.017
4.09589, 77.9125, -1055.05
5.90281, -175.625, -86.3633
6.0446, -157.735, -315.993
2.90869, 54.0782, -246.618
3.56926, 9.02642, -21.7867
4.44412, -155.102, 190.16
4.44927, -724.598, -338.68
3.92018, 94.7112, -216.072
4.6123, -37.4811, 229.15
2.55658, 537.203, 64.2176
3.72027, -564.757, 301.952
4.49072, 20.9157, -585.607
6.64177, 152.324, -16.4131
3.78584, -428.4, 174.545
3.59705, -64.4267, -337.549
6.47385, 79.7711, 275.969
5.8476, -268.357, -525.803
5.49108, 59.8205, -411.172
5.99917, 509.276, 180.626
5.13062, -58.4072, -194.825
4.14833, -165.137, -104.169
3.30844, 30.1197, -41.0115
6.56633, -34.2245, 81.3834
4.08004, 293.644, 49.8799
4.05369, -57.5384, 21.3275
4.65424, -120.434, -109.83
4.46509, 421.454, 240.614
4.43916, -77.7465, -141.018
4.34871, 52.8318, 326.524
5.88118, -463.153, -151.869
6.10384, 447.484, 4.32644
7.20082, -379.76, -150.812
5.08573, -94.8405, -66.7799
5.5282, 332.257, 429.623
5.85049, 271.4, -502.347
5.11404, -430.985, 213.951
3.87105, 342.895, -161.142
7.08924, 52.3925, 258.414
3.73367, -218.638, 250.079
4.77876, -318.488, -64.4765
3.30374, 291.924, -173.418
4.68319, -28.7863, -9.27043
7.45767, 64.2724, 16.5702
6.26931, 167.925, -368.431
4.97846, -18.4018, 236.47
7.01651, -42.1963, -7.61891
4.68213, -104.79, 209.874
5.09239, 440.159, -298.987
4.44866, -499.787, -285.876
5.63431, -87.0985, -203.381
5.19331, -230.96, -194.405
4.35955, -26.9539, 147.758
2.54674, -191.766, 20.5604
6.3794, 58.5, 155.724
2.85317, 267.628, 257.654
3.98511, -234.246, -174.243
4.78581, -236.241, 244.141
3.25156, -165.293, -110.22
5.97819, 69.3952, 355.342
4.15587, -123.988, -349.815
5.21197, -373.083, 583.314
2.64678, -625.677, 83.1724
5.38086, -223.807, -148.213
5.18133, -15.3017, -170.372
7.36678, -120.458, 462.285
5.57063, -73.8232, -232.662
5.26431, 340.436, -240.893
6.69051, -33.4741, -247.019
3.75764, 139.452, 148.691
6.98957, 162.488, 53.1024
5.97428, 76.612, -102.737
5.82752, 359.717, 414.609
3.06838, 483.468, 321.915
3.37987, 408.175, 425.831
2.91253, 186.694, -495.723
6.68103, -218.039, 274.013
2.64818, -116.934, -582.176
6.34719, -13.6529, -59.2405
4.29829, 187.094, -535.203
6.24626, 389.995, -393.817
6.28385, 56.0437, -130.737
3.60834, 291.333, 286.911
5.58305, -155.909, -188.836
3.66846, 32.295, 235.084
6.22052, 199.481, -417.601
5.80997, 336.538, 410.174
4.9209, -306.791, 553.504
2.58972, -585.629, 294.226
4.98291, 21.5072, 191.998
5.09587, 166.85, -196.86
4.71395, 540.501, 379.302
4.14528, -230.071, -143.736
3.52671, 14.4078, 104.28
7.19863, -236.783, 216.703
2.85168, 609.339, 182.769
3.30042, 81.3606, 137.506
6.70788, -93.6209, -191.526
4.13614, 355.328, 287.479
6.85942, -62.7386, -73.7006
5.99896, -391.328, -165.574
5.52801, 196.51, -56.2519
4.77536, 290.804, 229.091
2.91543, 779.243, -363.068
3.94883, -196.678, -452.961
6.51009, 96.6223, 41.1849
6.81821, 271.754, 141.695
3.81831, -670.495, 169.788
4.79881, -235.555, -96.7073
4.95672, -37.4791, -46.1309
5.82344, 402.985, -283.93
7.31738, -19.3621, 230.676
7.23022, 136.69, -60.0563
2.81902, -310.061, -113.723
5.04829, -64.7836, 216.13
6.13222, -260.31, -250.554
5.65882, 145.022, -170.292
3.26658, -89.4634, -64.2231
5.09652, 541.002, 377.326
3.52281, 745.023, -326.282
6.03231, -258.398, -93.5087
6.05786, 25.1907, 769.812
3.66304, 113.134, -83.5306
6.80594, -175.367, -324.518
2.67122, -105.388, -622.443
6.26587, -69.8155, 23.8458
4.14789, -79.9067, -212.536
4.65309, 599.387, 24.1027
7.33455, 240.497, 157.686
4.05803, -206.925, -373.014
5.69762, -690.14, 189.602
5.95386, 180.391, -14.9582
5.36403, -168.687, -295.897
6.60667, -384.21, 567.735
4.21807, -416.939, 272.129
5.09387, 378.734, 274.291
6.78438, 388.945, 12.4044
6.18587, 283.827, 171.734
3.45992, 129.772, -339.194
2.83145, 41.0809, 268.539
3.60828, -655.434, 351.398
3.33656, 18.1947, 164.263
6.31172, -96.5368, -26.7705
5.44905, 135.41, -466.623
4.65223, -803.098, -244.398
7.09618, 253.241, -340.849
5.09668, -365.509, 109.511
7.38058, -296.94, 144.794
5.15714, 351.92, 286.962
2.98716, -73.8731, 832.93
5.83983, 77.4162, 265.309
5.44444, -290.293, 428.528
5.01137, 145.517, 348.369
2.75808, 454.781, -436.906
2.6753, 418.039, 0.646298
4.41484, 209.983, 51.9904
5.55555, -296.041, -530.392
5.06574, -834.261, -206.033
5.98498, -262.487, -178.741
4.89891, -84.3899, -12.0557
3.88323, -698.696, -71.9901
6.01685, 38.9772, 496.361
3.67701, 25.9424, -301.894
6.41501, -53.2651, 143.695
6.60589, 330.455, -444.233
3.21842, 196.143, 172.839
5.75757, 447.608, -337.76
3.87677, -342.719, 230.808
7.26215, -215.738, 120.978
4.58238, 1.4715, 172.346
3.03869, 114.191, 299.548
4.70633, 357.9, -114.959
6.28811, 53.2074, -69.6473
2.77803, 361.015, 489.518
3.51241, -67.7597, 212.807
6.82305, -259.31, 330.785
6.52456, 33.5569, -53.6663
2.78861, 222.899, 438.199
4.40304, 160.392, -1.71027
4.56124, -80.9062, 5.49424
2.80071, -393.853, -224.615
7.09746, -385.668, -403.662
3.35398, -282.369, -329.993
6.51634, 106.22, 25.6116
3.88599, 274.268, 416.195
4.44586, -508.743, 143.086
7.19936, -469.585, -320.428
6.24573, 41.3359, 500.331
3.44774, -13.6419, -77.7528
6.89581, -19.4959, 121.241
6.8953, -190.731, -136.889
3.30515, -210.185, 138.337
5.87346, 198.515, 346.552
6.89096, -11.3489, 120.89
6.98262, -360.222, 449.438
3.06535, -295.733, -142.772
5.93789, 206.597, 429.307
3.21651, -159.638, -289.782
3.6901, -64.5695, 149.593
5.64383, 86.6583, -250.599
4.312, -29.0532, 272.788
4.64437, -464.752, -369.342
4.91936, 182.603, 37.6825
6.20379, -55.3493, -67.9256
3.23098, 454.606, -236.564
7.36238, 33.8645, -200.029
7.3158, -13.3572, 235.036
3.14741, -141.101, 105.05
5.3784, -312.47, -209.643
4.66439, -189.658, 475.874
5.50066, 108.567, 341.926
5.85098, 281.843, 85.9252
4.5137, -431.964, -273.109
6.46691, -455.327, -370.635
4.89889, -365.331, 488.309
5.72449, -520.519, 78.9153
4.28836, 478.12, -185.574
5.96794, 7.40772, 456.512
5.83428, 296.618, 415.242
3.22071, 300.64, -214.012
7.10415, 264.719, 118.348
4.22228, 404.612, 601.061
6.66824, -278.915, -203.623
2.74349, -52.7249, -186.422
3.27936, -228.2, 299.358
2.55765, 263.729, -319.829
3.94327, 33.5998, -168.845
5.07295, 355.387, -130.597
3.65948, -1.22525, -665.494
2.75022, 355.198, -121.855
5.33091, 106.4, 337.065
6.69774, -311.09, -103.213
4.28763, 240.254, 534.225
4.3452, 48.9164, 361.337
7.22226, -137.904, 188.008
4.72425, -280.162, 278.055
6.82086, 123.562, -236.393
5.82654, 318.344, -202.346
5.79297, -139.158, -509.467
7.10736, 517.322, -379.184
5.11536, -568.19, 485.839
5.45229, -575.144, -87.9134
5.79944, -182.764, -537.903
4.24765, -473.336, 271.068
4.11714, 118.409, 45.5868
7.08984, -20.592, 200.002
3.08619, -501.92, 222.728
7.31268, 262.442, -1.84844
5.17978, 237.224, -293.553
5.81447, -408.486, -182.592
5.48362, -472.479, 235.386
6.93363, 317.726, 175.736
6.67999, -113.08, -67.1865
6.69339, 128.096, 265.629
6.85642, -240.786, -101.858
2.5002, 437.813, 251.927
4.77274, 115.934, 193.907
4.25696, 606.369, -89.3145
5.80713, 355.299, -505.147
6.22234, 266.068, -114.126
3.3821, -261.503, -526.427
7.4621, -305.156, 473.601
5.95466, 316.299, -258.19
6.97862, -232.161, -18.3769
3.51579, 346.541, 123.581
7.2356, 313.614, 305.497
4.88476, -442.396, 298.973
6.78578, -659.393, 352.272
6.41237, -239.812, -144.689
5.70687, -565.94, 474.948
3.14521, -143.219, 132.252
5.77944, 50.3309, -477.227
3.09199, 39.3948, 124.634
3.88793, 423.02, -123.764
6.65548, 245.466, 515.842
6.14153, 640.765, 696.824
6.74348, 443.511, -341.613
3.43989, 233.14, -165.277
6.09602, -15.3618, -338.959
4.25586, -356.83, 205.56
3.34555, 507.748, 428.191
4.52383, -293.385, 94.583
4.20924, -126.314, 136.629
6.67141, -179.66, -107.094
3.9111, -349.979, -552.211
5.16766, -221.129, 41.9012
6.25085, -289.219, 324.625
4.62554, 20.5323, 256.864
4.66964, 604.547, -177.701
3.03022, -648.527, 6.2691
6.4639, 123.725, -9.89593
3.91232, -22.8306, -189.549
7.14264, 495.076, 384.297
5.37926, 52.8351, 263.62
3.4895, -205.385, -249.488
5.99081, -142.605, 147.098
3.07265, 80.2757, -48.2312
4.22945, 406.529, 308.109
4.15646, -55.2531, -11.5936
6.42735, -527.163, 253.014
6.65775, -3.74322, 354.694
4.21712, 427.469, -384.036
4.2603, -239.071, 61.2962
6.38197, 2.55756, 68.3062
6.58658, -297.952, -452.917
4.26157, 175.955, -429.207
7.09559, 22.1397, 280.251
3.2877, 313.264, 108.761
5.56029, 472.226, -361.781
5.54222, 159.651, -5.54271
3.16647, 401.089, 576.294
3.51409, 574.195, 681.017
4.79457, 317.441, -185.896
3.48759, -354.61, -5.9443
6.77118, 263.277, -257.713
6.54562, -16.6198, 54.1549
2.80131, 309.678, -555.509
6.50584, 301.542, -647.815
5.49597, -84.6521, -219.547
7.43182, 169.537, -21.3275
2.65919, -439.73, -169.533
6.8356, -458.159, 528.704
3.69109, -35.4486, 53.1507
3.6127, 413.407, -610.37
4.73907, 730.437, 355.983
2.61231, 47.1552, -67.3203
6.79755, 97.6243, -141.001
4.15902, 364.906, -1139.84
5.72195, -221.339, -328.262
7.43521, 528.423, -11.1901
5.30162, -69.6164, -316.806
4.74553, -43.5234, 204.181
5.213, 108.843, -101.954
2.90797, -391.069, -97.0475
3.99606, 782.614, 379.005
6.63964, -653.253, -219.952
6.48936, -317.585, -125.174
5.71048, 48.783, 64.7814
4.84105, -235.123, -347.619
7.15326, 230.197, 573.519
5.08798, 107.834, -144.42
7.42924, -629.551, 407.922
5.94567, 83.5706, -204.986
6.19966, -80.7784, -224.609
3.46323, 359.099, 122.449
6.08881, 530.074, -407.915
6.11146, 86.2727, -8.17811
6.49298, -164.935, -378.288
4.23216, -454.079, 173.438
5.1481, 159.158, 466.46
3.19001, -129.802, -274.758
6.73218, -78.0962, 228.531
6.32766, 327.655, -274.73
7.5, -478.089, 258.82
4.24891, -713.323, -386.072
5.50367, 568.715, -114.275
3.50808, 63.3679, 690.926
6.2385, -413.563, 132.166
6.49225, 232.251, 203.22
3.03505, -682.868, 521.351
5.35813, 104.208, 336.671
2.84683, -835.109, 375.598
4.16036, -137.607, -305.456
5.80945, 29.1921, -160.244
5.27726, 209.68, 476.062
7.12415, 16.1188, 91.9586
2.69832, 223.998, -105.353
2.62083, 476.554, 445.533
4.61923, -273.139, 315.488
4.36987, -27.8128, -23.5752
2.93303, 176.153, 162.441
3.05403, 43.4413, 127.105
5.31992, -315.123, 115.32
7.37269, -9.38925, 158.069
3.05066, 35.4814, -551.308
5.99352, -513.541, -709.196
2.79674, 228.641, 532.616
4.69755, 190.807, 2.27856
5.24651, -476.907, -463.42
3.45129, -145.133, 58.1402
7.36597, -144.584, -210.98
3.19593, -223.593, -157.474
5.48978, -372.14, 202.765
7.12812, 158.484, -573.488
3.91116, -60.0429, 37.624
6.8307, -190.806, 116.03
6.29598, 433.431, -204.207
6.10793, 2.7061, -184.561
3.34241, 274.885, 352.616
3.32882, -439.208, -130.451
3.39076, -239.939, -96.8603
5.87226, -165.28, -231.697
4.83484, 236.715, -0.518403
6.85219, 100.607, 344.31
5.76023, -77.3028, 27.8738
5.80464, -384.961, -161.994
2.58037, 387.164, 285.924
4.30596, 728.562, 503.825
3.72747, -135.832, -499.97
6.93086, 556.267, 420.459
5.23701, -843.995, -5.08687
6.57209, 207.921, -193.71
5.24453, -117.127, -569.359
4.16156, -101.025, 277.475
4.40213, -309.417, -391.969
2.52389, -356.432, -70.3927
6.95226, -191.906, -33.4752
6.16955, 477.822, -141.625
6.04239, -40.4421, 260.437
5.1278, 306.867, -221.617
6.41065, 3.74691, 12.424
3.42484, 47.7755, 241.066
5.72673, 57.1644, 67.1906
3.42178, 145.025, 249.641
3.31214, -434.811, 86.9298
2.65594, 235.601, -207.373
7.42716, 28.0698, -209.38
4.04559, -0.945408, -185.11
4.11075, 158.123, 341.809
5.51155, 167.097, 37.0607
2.89107, 428.355, 179.391
3.93936, -317.319, 46.3749
5.79307, 436.989, -104.424
7.36348, 63.0994, 245.811
7.27758, 187.527, 97.3995
7.42745, -67.3409, -262.044
7.30478, 273.844, 272.399
3.0073, 96.4358, -404.147
3.71505, 202.778, 270.586
6.91151, -59.1298, -286.697
5.28805, 202.983, 189.163
6.7669, -138.514, -70.7546
7.49145, 410.11, -377.511
3.99751, -474.805, 644.066
6.33157, -840.068, -386.187
4.81901, -611.175, 18.6093
6.8168, -51.3077, 235.755
6.99018, -86.1885, 74.5434
7.377, -226.959, -285.546
2.77405, -122.084, 130.941
6.32605, -362.905, 132.651
5.09219, 385.398, -500.538
3.46574, 70.0396, -8.13537
6.98252, -387.15, -56.6386
6.38492, 205.115, -19.9363
2.75968, -103.393, 17.0092
7.47331, 359.366, -486.485
5.93659, 254.738, -238.905
5.94854, -406.846, -172.709
6.57666, 410.548, -366.738
7.05426, 171.529, 317.146
3.34218, 134.356, 757.255
5.24183, 366.159, -315.058
6.53351, 148.557, 283.829
4.17803, -279.683, -125.49
5.53435, 333.254, -43.5566
6.59602, 221.331, -461.098
7.3485, 324.313, 70.4317
6.29349, -38.0608, 96.0933
3.72113, 416.761, 7.14998
5.80589, 258.404, -233.756
4.21574, -268.762, -92.2166
7.27146, -38.0905, -122.992
2.60828, 58.1789, -502.15
4.54979, 472.723, -222.83
2.55789, 385.138, 379.346
3.04964, 191.076, 107.54
5.28259, 348.761, -510.636
4.45466, -137.037, 242.79
7.20539, -25.496, 46.3332
2.55572, -256.794, -390.619
6.22897, 212.388, 155.227
3.84293, -253.885, 1.30711
4.27153, -140.301, -141.858
3.45835, 613.518, -716.876
5.14832, -85.8277, -205.506
4.39478, -126.797, -458.041
3.16407, -35.6349, 29.1207
4.26563, 461.473, 31.5589
4.2497, -726.856, 177.796
7.41084, -478.927, -410.036
5.25961, -28.6759, 44.1434
4.99918, -380.579, -226.922
3.58531, 350.181, -405.217
4.37311, -266.777, 60.2149
6.78251, -279.746, -17.797
6.45578, -331.298, 366.76
3.9204, 520.919, -447.156
5.07645, -11.8002, -387.413
6.79238, 271.327, -32.6785
7.07844, 78.6797, -387.078
7.48941, -443.789, -476.978
6.53177, -163.014, -297.329
5.22718, 20.7536, -57.2517
7.3461, 290.002, 74.6726
5.31931, 29.7477, -3.79952
4.03031, 409.89, -262.649
5.41853, -128.837, 5.41466
2.91197, -3.73649, -367.371
5.47382, -146.306, 126.938
3.31968, 219.285, 233.129
6.46527, 374.954, 364.493
2.95373, -399.472, -60.3383
6.3072, -202.211, 90.7707
6.83996, 99.8741, -115.554
6.40105, 180.318, -107.409
6.61399, -453.208, -482.454
6.70974, 215.147, 63.1348
4.48328, 373.573, 104.686
6.508, 196.224, 85.1124
6.56811, 162.711, 76.282
5.43493, 410.233, 492.207
4.64621, -25.5248, 51.85
2.5002, 320.12, -236.331
5.31153, 252.437, -178.484
6.22632, 67.4973, 260.032
3.89846, 477.031, 157.256
2.93406, 8.34281, -760.282
3.5733, -343.437, 154.442
3.93296, -190.746, -279.721
4.86595, -10.2223, -96.7215
6.95893, -479.863, -363.184
5.91955, 189.388, 58.2277
3.54376, -88.2999, 268.058
6.67533, 21.2, 43.2727
7.09218, -343.361, -319.528
4.48244, 400.795, 467.274
6.37858, -268.948, 3.12168
5.68161, -34.4324, -145.718
6.64746, -385.093, 115.553
3.40204, 85.8765, 161.983
7.45927, 138.034, -56.7051
6.70558, 49.9431, -365.146
4.65177, -499.612, -159.174
4.38589, -477.399, 39.5329
2.70802, 170.459, 195.662
6.80715, -158.96, -129.429
6.62116, -519.967, 325.507
6.25052, -114.497, -39.737
3.55801, -228.007, 50.2148
4.31029, 125.832, 323.438
4.43545, 361.617, 438.978
7.32918, -558.068, -436.232
6.5872, -267.05, -267.277
4.5755, -210.71, -213.544
5.83759, 108.678, 20.2764
2.52101, -509.4, 197.251
6.98048, 138.913, -11.658
3.68416, 345.443, 348.224
3.79415, -112.472, -41.7318
5.4939, -7.94657, -185.07
6.89823, -431.273, 173.402
6.16299, 578.462, 219.241
6.0773, -373.809, -313.638
3.57724, 796.436, -84.9033
6.30413, -670.254, 324.317
3.85351, -84.1909, -318.44
2.75246, -234.074, -348.012
4.78866, 85.1267, -288.421
2.58759, -108.422, -131.305
3.01129, 306.531, -399.383
2.639, -235.595, 34.862
5.65921, -92.9128, -246.634
6.34425, 196.154, -29.0243
2.74132, -553.798, -135.535
6.6924, -264.249, -200.383
6.76899, -72.1146, 254.062
6.57649, 396.835, -338.817
6.85188, -233.826, -356.619
5.27222, 107.586, 323.748
6.12646, 84.4774, 500.453
3.20424, -675.471, 123.554
6.6115, -179.037, -225.146
5.51185, -291.055, -530.873
4.93856, -277.43, -136.562
6.14942, -64.485, -169.889
4.05164, -547.284, 350.002
3.93925, 18.2186, -379.456
5.45857, 412.94, -574.971
5.34055, -580.703, 23.4303
5.41059, 826.644, 229.862
2.84132, 292.578, -511.854
4.34304, -114.228, 274.136
6.28475, -86.8427, -50.3434
6.35297, 624.432, 497.486
4.27217, -21.4387, 248.308
5.98913, -3.30269, 80.1321
5.08005, 475.035, 246.121
5.94494, 51.6617, 253.333
6.18066, -467.18, -639.622
2.56231, -491.394, -383.879
7.16549, 22.9089, 172.083
5.37826, -354.422, -225.328
3.05587, 430.927, -25.635
4.87388, -73.2172, -196.595
3.24247, 72.9081, -153.427
4.22594, -1097.16, -322.791
7.04476, -6.49947, 67.5073
4.54571, 413.738, -372.912
5.96642, 149.761, 225.733
3.35865, -90.6424, -46.4845
6.21715, -306.94, 249.294
4.16319, 21.5157, -76.4533
4.62157, 50.8896, 67.1675
2.79523, 415.819, -98.6773
5.09005, -3.94791, 267.754
5.94425, -211.008, 120.668
5.01149, -31.1403, -105.461
6.56617, -49.065, 23.219
3.07974, 93.9123, 67.6672
5.24841, -217.063, 69.3259
5.06046, 247.707, 105.623
6.02649, -458.748, -364.826
5.65083, -146.352, -76.7644
4.0207, -46.017, 90.5758
6.74719, -29.3312, 33.7407
3.39619, 246.529, -437.434
2.61737, 65.2114, 18.7896
4.19467, 42.7822, -244.025
3.43818, -436.265, -449.532
6.60467, -165.967, 174.921
6.72507, -31.6806, 581.054
6.78031, -488.36, 341.264
7.37454, 292.545, -317.202
2.99587, 182.034, -215.53
2.56182, -148.39, -169.163
2.58614, 274.846, -773.676
2.64527, 37.7827, -169.28
4.1031, -474.663, -443.847
6.17815, -316.052, 97.0421
3.14876, -227.564, 215.779
2.5161, 179.259, -351.986
6.91905, 201.058, -188.696
3.70482, -164.935, -163.001
4.38481, 191.965, -302.508
4.44879, 60.8367, 134.975
2.81534, 42.1732, -50.0858
7.30792, -10.1242, 311.974
3.75349, -2.38583, 256.867
6.85376, -111.21, -269.296
2.85991, 232.182, -14.293
2.70653, -265.358, 129.889
3.46378, -88.5345, -110.864
3.86708, -43.8242, -633.444
7.4007, 83.9049, -177.671
3.60607, 78.4449, -537.972
6.43119, 321.985, -512.329
4.42306, 33.8635, -310.477
3.78593, -649.731, 426.132
3.91087, 166.749, -87.6553
7.33834, -391.929, -32.2861
4.22841, 122.552, 385.568
3.45922, 260.48, 204.926
5.05037, -2.81436, 246.641
5.21857, 216.508, -423.015
5.72333, 26.9743, -241.383
3.89738, 81.7821, -317.949
3.41887, 15.5665, -167.664
2.71579, 379.931, -548.844
3.98408, 72.7948, 210.149
4.25548, 445.182, 277.447
7.09372, 490.195, -199.805
5.81225, -98.8389, -225.353
5.08041, -430.731, -309.302
4.03763, -597.474, -185.497
3.0007, 301.143, 259.974
3.47502, -77.8962, 114.38
4.11407, 373.399, 630.921
5.56182, -98.7245, -209.11
5.13511, -402.564, 264.264
3.45653, -56.9462, 538.677
4.7178, 860.344, 490.944
4.48693, 804.014, -172.369
6.28051, -69.3737, 25.0959
6.6213, -276.228, -261.754
5.51573, 3.55373, 101.686
3.04573, 93.1603, 15.7822
4.11797, 121.619, -16.3278
5.03403, 196.933, -67.0903
4.76521, 379.605, 123.423
4.77315, -24.7118, -46.9169
4.91125, -256.263, -191.152
5.07896, -792.368, 190.965
4.50207, -239.88, -672.405
4.22945, -402.361, -170.733
6.64533, -311.183, 23.7292
3.02204, 509.355, 275.797
6.40057, -98.1978, 380.729
3.19919, -159.133, -44.4782
2.62171, 429.778, 635.339
6.0664, -149.955, -351.624
7.15538, -177.439, -80.6128
7.47667, 163.993, -12.6093
3.86264, 269.921, -13.9096
3.6923, -206.256, 340.823
3.87328, -10.0664, -32.9022
5.70836, 511.771, 311.893
5.17637, 188.867, -3.21163
6.8967, -503.251, 678.171
6.75968, 361.867, 437.605
2.98004, -82.1776, -126.73
4.66818, 222.756, -183.274
3.17045, -25.2659, -50.7966
5.86802, 239.601, 44.6567
5.34964, -149.294, 80.7483
3.66474, 111.326, -234.157
5.50306, 173.145, -32.2023
2.6551, -14.5596, 242.39
7.08512, 159.253, -84.7133
3.82958, 73.7966, -141.48
6.50016, -59.9316, 11.7114
5.46389, -70.56, -56.4082
5.0822, 166.891, -8.11842
5.2567, 294.217, -37.2528
3.47225, 249.65, 427.535
5.36152, -100.276, -307.722
3.81992, -199.647, 218.049
4.41648, 134.73, -534.201
2.73626, 311.389, 230.03
4.22823, -84.408, -190.569
3.61594, -658.355, 998.931
3.81264, 110.268, 333.087
3.05141, -180.858, -339.373
7.40088, -103.922, 247.526
5.93794, -383.693, -303.195
5.82158, -35.0294, 236.658
5.99501, 18.0821, 264.818
2.68746, 278.035, -232.368
3.6706, -269.502, -168.156
3.95397, -520.316, -803.412
3.50543, 21.752, 225.066
2.7177, -466.762, 248.066
2.56571, 449.983, -340.341
6.07297, 738.219, -322.829
6.88348, 257.041, 258.592
5.35088, 270.032, -306.113
6.92743, 138.034, 105.993
5.20042, -145.539, 286.224
3.31357, -320.026, 271.552
3.30492, -248.615, -541.735
7.19182, 116.058, -101.061
3.45628, 358.003, -114.223
3.15761, -219.083, 259.935
4.41122, 301.37, -298.436
6.12674, -301.955, 424.052
2.50651, -833.826, -205.532
4.60222, 353.874, -331.969
5.18984, -101.621, 10.3907
4.86596, -60.4669, -165.454
6.33003, -400.351, -22.2416
2.9396, 295.03, 229.482
7.04284, 190.899, 170.428
3.20818, 77.2422, -609.324
2.54782, 69.376, -34.456
2.82267, 245.753, 113.803
4.96742, 93.8785, 276.849
5.40914, -221.981, -251.492
4.03373, 415.752, -852.496
4.57091, 56.2796, 107.034
4.33401, -177.632, 87.0211
3.42687, 8.90718, -777.332
2.76788, -215.554, -265.143
4.47222, 147.947, -78.9044
3.98388, 310.998, 368.961
5.05388, 396.541, 185.386
3.75392, 291.174, -474.831
5.01589, -290.895, -179.337
2.51168, 115.035, 93.9744
7.01807, -484.331, 252.791
2.79181, 571.331, 518.807
5.17506, 90.9906, 179.29
3.95754, 369.169, -206.462
7.3023, 57.5589, 239.461
4.73406, -457.818, -428.313
5.08479, 187.311, 88.2679
5.93861, 80.2134, -152.246
2.72187, -66.5142, 110.581
7.2946, 537.574, -447.518
5.70852, 58.3847, 73.8378
2.80215, 160.237, -175.413
3.33964, 52.9067, 338.86
5.76491, 75.761, 300.806
6.19864, 443.513, 255.532
3.57011, 22.9004, -452.271
4.31441, -7.64189, 142.789
6.56981, 380.186, -353.991
5.32057, 124.172, -56.3455
7.45886, 107.441, -115.537
6.5669, 264.939, -242.136
3.49157, 263.325, -473.915
2.50003, -42.4691, -201.636
4.62608, -463.913, 515.346
4.07406, 267.801, 121.548
5.56218, -497.62, 181.839
3.83351, -42.9422, -208.399
4.39881, -28.7353, -287.383
5.43397, -351.458, -610.383
5.95636, -110.052, 10.7122
7.26736, -24.6916, 34.7933
4.89785, 185.72, -393.99
3.60319, -757.127, 280.049
5.33741, 238.035, 220.368
6.09873, -39.9741, -51.6164
4.4953, 527.598, -231.411
3.48326, 478.927, -326.166
6.66971, 101.615, -215.561
5.59561, 303.837, 225.39
7.26866, 50.5098, 335.893
3.23222, 315.621, 315.249
5.38953, 142.807, -127.153
7.26796, 262.16, -213.826
3.62331, -336.908, 186.337
7.25137, 204.775, -19.3999
3.07874, -167.439, 128.08
2.58372, -112.282, -234.863
3.90465, -171.054, -60.3595
7.15042, 91.7097, -48.5247
3.04796, -567.042, -202.449
6.77266, -158.437, 124.675
5.68532, 144.533, -317.473
5.63853, -83.3945, -111.324
3.80589, 126.364, -87.5064
5.13936, 370.293, -331.211
7.16608, -56.9423, -149.1
3.98055, -58.5656, 75.9687
4.78006, -500.563, -432.579
6.35659, 145.049, 281.146
4.17193, -193.349, -1082.34
6.31775, -35.2033, 69.6357
6.65892, -473.861, 18.2181
2.64618, 401.979, -532.464
4.31315, -391.747, -38.358
4.16221, -280.558, 297.394
3.17675, 7.73747, 207.321
3.00839, 108.825, -431.512
5.11327, 380.088, -27.7413
3.52046, 196.034, -297.785
5.00728, -38.5194, 13.0095
5.1371, -521.147, 62.1238
4.13422, 86.514, 72.0689
4.75888, 217.693, 84.895
6.85263, 280.151, -146.808
4.72884, -207.171, -203.892
6.03726, 138.701, 187.92
6.83171, -488.16, 240.955
6.5822, 126.439, 26.7781
2.67504, 36.2608, -31.0692
3.8644, 263.805, 432.302
5.21858, -143.072, -92.4055
3.19942, -151.549, 70.5191
5.57408, 18.1177, -12.7189
3.29182, 339.366, -130.782
4.41129, 63.3439, -18.296
5.94997, 50.7464, 340.559
3.21128, 638.275, -154.336
5.65284, 351.105, -166.937
3.15973, -271.057, -643.745
7.13583, 159.7, -3.67177
5.53465, 503.06, -800.653
5.50388, 530.059, -159.109
3.33635, 94.272, 186.613
3.301, 81.9018, -620.382
5.91628, 51.4616, 13.882
5.1456, 22.6515, -46.432
3.65264, -428.039, -284.585
6.55373, 137.237, 341.293
5.76477, -215.674, -57.9594
4.08597, 318.007, 285.804
2.53953, 227.501, 8.40987
3.49176, -159.568, -639.77
3.78831, -446.31, 177.918
3.03825, -348.469, -56.4055
3.49545, -428.776, -175.166
6.75079, -456.159, 209.7
6.63912, 149.449, -5.10221
6.76813, 342.511, 435.297
5.71027, 237.456, -196.912
3.6787, -530.664, 406.114
6.80638, 119.547, -126.213
5.4745, -298.011, 266.691
2.52745, -682.565, -548.58
6.84925, 333.597, 410.738
7.37729, 95.7815, 280.301
5.59653, -447.5, -390.444
3.85574, 383.411, -161.042
7.46973, -47.2106, -37.5311
4.60751, 57.1366, 369.262
4.20537, 320.505, 513.867
4.80717, 203.453, 37.2845
4.44822, -207.956, -503.137
4.613, -631.976, -218.17
2.84879, 284.943, -77.9652
5.5153, 235.106, -72.4458
7.36114, 186.029, 83.7575
5.07406, 261.396, 259.587
7.45461, -156.862, 161.161
5.84906, -159.253, -652.824
4.01716, 53.9123, 218.364
3.47371, -385.315, -299.395
4.0109, 129.556, -184.467
4.93946, -119.019, -125.953
4.72438, -457.151, -291.336
5.7844, -58.2086, -163.461
3.74227, 728.534, 505.079
4.72007, -540.659, -384.617
5.75894, 25.701, 23.3201
6.67472, 292.204, -437.261
6.03698, -56.2952, 4.38451
4.93928, 124.507, 488.858
6.72039, -201.323, 154.056
7.00296, 100.111, 206.41
6.33082, 341.16, 238.83
5.29453, -559.336, -289.131
2.70603, 472.281, 86.5575
5.46749, -96.6519, -257.069
2.68674, 221.805, -387.008
4.53488, 209.724, -23.9936
2.84243, 384.39, -224.298
7.38558, -172.964, -74.1022
2.5956, 713.04, 565.171
6.60363, 138.753, 420.434
5.2195, 517.814, -256.917
5.72828, -302.767, 363.847
3.62934, 3.34113, -40.3361
2.733, 70.0152, -239.288
3.63154, 59.2872, -221.328
4.58371, 407.051, 13.2123
6.40126, -308.861, 179.923
3.72852, 217.68, -460.185
4.81411, -0.348429, -166.772
6.14756, -203.849, -268.938
5.35237, 333.499, -127.902
5.45997, -350.329, -368.284
4.98425, 265.726, -196.417
3.951, -159.728, -339.229
4.71107, 333.857, -81.3906
2.53669, -234.559, 284.611
7.41683, -12.8961, -313.38
2.52822, -191.203, -31.3872
4.8676, -294.424, -30.5844
5.86497, 442.256, 640.024
