6.27803, -1479.64, 783.88
3.5948, 245.433, 1120.53
5.89648, 887.798, -397.942
5.09708, -0.847792, -243.447
2.76731, 2522.11, -2643.64
2.53849, -181.361, 148.958
4.58743, 3527.71, 2048.48
7.15218, -7.14378, -75.8526
2.95982, -372.732, 715.659
6.00595, 737.531, 533.943
3.81226, 484.527, 271.495
4.14117, -133.683, -119.718
7.45519, -465.52, -426.263
7.41275, 12.9966, 114.941
5.75759, 682.188, 309.609
6.92354, -27.6575, 69.1153
6.33247, 154.438, 105.159
3.87453, -1270.71, -133.619
4.93259, -523.345, -489.088
2.80282, -3104.7, 581.745
5.08146, -195.004, -123.847
4.96988, -2289.16, 755.518
7.23882, 114.726, 26.5152
4.42071, 64.2216, -63.8677
5.14874, -1827.33, 571.369
2.75042, -303.338, 2296.71
6.63909, 384.471, 184.11
5.94228, -692.023, -288.308
6.18112, -19.1886, -190.068
6.94286, -1810.87, -1764
4.25508, 108.915, -228.677
6.72991, -133.116, -331.194
3.84659, 128.789, 4.75832
4.83959, 654.181, -213.912
3.2686, 7.27251, 271.829
2.66527, 194.133, -42.3455
7.2768, -1110.07, -804.897
6.95369, 258.559, 242.147
3.29884, -1052.31, 84.6619
3.15214, -674.882, -196.286
2.515, 1480.85, -224.868
6.0491, 182.787, 128.947
3.40448, 1153.79, 13.7959
5.76029, 32.6609, -122.615
4.42907, 243.822, 364.845
3.23766, 795.136, 1085.96
5.45054, 188.486, 514.255
3.24076, 1491.88, -762.654
3.2091, -1313.34, -980.31
4.94257, -69.9594, -68.7902
3.13015, -917.298, -221.126
5.64635, -690.627, 201.081
5.60817, 264.563, 145.539
4.88216, 1639.47, -2270.56
2.64188, 588.913, 864.553
3.21011, 2033.97, -415.486
3.15594, 493.46, 319.623
3.31099, 949.654, -1367.81
3.76529, -271.505, -5.36422
4.77654, -2414.29, 1251.87
6.54472, 190.78, -211.147
3.57624, -103.486, -227.35
3.75063, 366.357, 531.612
5.02978, 338.241, 257.192
6.27922, 82.8739, 10.9694
5.66369, -765.13, -1737.21
5.9449, -1457.26, -931.114
7.27207, -697.734, -195.52
5.18713, 2262.17, -1161.4
4.57014, 135.728, 514.857
4.70019, 397.019, 316.072
6.07821, -1096.69, -1296.78
6.20858, -1227.69, -1206.74
5.12494, -1656.54, 1457
6.06711, 30.3452, -27.0835
5.91025, 156.022, -109.017
6.82941, 1229.2, -920.181
3.19597, 841.577, 881.303
3.57766, -158.754, -26.0605
5.0733, 181.462, 532.432
4.83766, 383.171, 337.064
3.55759, 1531.6, -1718.25
5.65244, 749.364, -427.478
2.5044, 1340.9, -1879.48
4.09589, -255.235, -1876.43
5.90281, 10.9316, -165.01
6.0446, 337.876, 184.212
2.90869, 430.758, 592.5
3.56926, -439.823, -28.9257
4.44412, -147.703, 128.514
4.44927, -2049.12, -759.602
3.92018, -241.428, 44.4954
4.6123, -103.062, -45.6877
2.55658, 432.103, 8.21778
3.72027, -2368.39, 1220.63
4.49072, -742.557, -1877.4
6.64177, 79.1617, -130.443
3.78584, -550.243, 659.34
3.59705, -954.578, -299.274
6.47385, 276.026, 259.998
5.8476, -664.684, -20.2753
5.49108, -196.682, 39.1111
5.99917, 1507.57, 813.94
5.13062, -71.2126, -202.488
4.14833, 19.0123, -186.124
3.30844, 2323.08, 380.799
6.56633, 48.9108, -20.6266
4.08004, 722.686, 484.233
4.05369, 126.287, 41.1846
4.65424, 143.877, -89.2852
4.46509, 146.269, -97.8903
4.43916, 268.967, -89.1697
4.34871, -183.002, 296.427
5.88118, -257.181, -549.703
6.10384, 789.783, -152.16
7.20082, -1377.25, 267.609
5.08573, -106.585, -77.4362
5.5282, 740.999, 532.803
5.85049, 953.119, -1360.23
5.11404, 218.878, -16.3025
3.87105, -23.6329, -260.158
7.08924, 282.522, 264.201
3.73367, 99.9853, 42.1724
4.77876, -211.336, 778.443
3.30374, 226.616, 346.459
4.68319, 213.429, 200.943
7.45767, 184.581, -275.21
6.26931, 1600.52, -1793.15
4.97846, -74.661, -89.2449
7.01651, 172.369, -88.7163
4.68213, -255.459, -113.923
5.09239, 1199.77, -991.278
4.44866, -1058.66, -1478.92
5.63431, 19.5248, -165.567
5.19331, -116.04, -38.359
4.35955, 63.0406, -299.102
2.54674, 276.597, 389.918
6.3794, 142.573, 93.7291
2.85317, 192.381, 163.3
3.98511, 51.826, 452.595
4.78581, -186.887, -161.951
3.25156, -93.9473, -58.9094
5.97819, 96.8686, 527.192
4.15587, 263.837, 180.414
5.21197, -1485.49, 2535.57
2.64678, -1736.46, -718.112
5.38086, -4.00788, -603.819
5.18133, -177.366, 174.717
7.36678, -727.45, 438.134
5.57063, 102.309, -29.3677
5.26431, 1237, -1923.72
6.69051, 538.243, 532.379
3.75764, 79.6043, 579.274
6.98957, 171.475, 110.18
5.97428, 114.207, 43.2136
5.82752, 125.963, 1386.95
3.06838, -92.7264, 144.162
3.37987, -161.896, -634.896
2.91253, -443.749, 926.484
6.68103, -90.076, 678.542
2.64818, -323.184, 1215.75
6.34719, -172.888, 199.795
4.29829, 242.209, -1774.79
6.24626, 960.987, -162.017
6.28385, 64.3213, -108.142
3.60834, 1549.71, -364.548
5.58305, 21.0061, -20.665
3.66846, -455.04, -96.4765
6.22052, 89.3356, -1727.89
5.80997, -49.9504, -78.1234
4.9209, -1429.29, 2634.47
2.58972, -299.486, -86.6174
4.98291, 80.4754, 389.653
5.09587, 308.636, -84.0453
4.71395, 697.107, 1637.38
4.14528, -1369.16, 439.555
3.52671, 44.5005, -12.687
7.19863, -232.705, 1090.32
2.85168, 990.5, 1357.15
3.30042, -304.942, -75.9299
6.70788, 115.175, -337.334
4.13614, 41.2148, 172.99
6.85942, 734.548, 413.671
5.99896, 126.979, 29.2278
5.52801, -46.1022, -221.766
4.77536, 265.044, 691.532
2.91543, 1069.45, 373.095
3.94883, -1594.94, -831.347
6.51009, 63.1135, 17.844
6.81821, 486.88, 758.093
3.81831, -2207.92, 176.633
4.79881, -334.99, 180.248
4.95672, 233.963, 226.014
5.82344, 827.895, -1379.99
7.31738, -81.8976, -76.0497
7.23022, -45.322, -135.955
2.81902, 782.871, -585.765
5.04829, -446.16, -71.8199
6.13222, 249.397, 42.5688
5.65882, 100.261, 31.4003
3.26658, 266.379, -117.553
5.09652, 697.017, 1640.78
3.52281, 2615.18, -881.741
6.03231, -192.244, 210.885
6.05786, -420.186, 2760.87
3.66304, 84.806, -154.124
6.80594, 437.778, -3.61152
2.67122, -782.757, -390.177
6.26587, 112.604, 310.325
4.14789, 262.753, 91.0808
4.65309, 2289.02, -425.108
7.33455, -67.4388, -210.447
4.05803, -1115.96, -960.451
5.69762, -2743.57, 80.7878
5.95386, 52.2355, -103.387
5.36403, 239.033, -291.027
6.60667, -1448.66, 2531.98
4.21807, -1720.6, 848.131
5.09387, -121.219, -447.69
6.78438, 833.475, -90.896
6.18587, 777.375, 813.972
3.45992, -55.4847, -197.693
2.83145, 190.455, 41.6976
3.60828, -2030.12, 1292.04
3.33656, 248.374, -142.629
6.31172, 70.9822, -66.5649
5.44905, 719.018, -1334.08
4.65223, -2840.39, -326.796
7.09618, 1278.86, -286.266
5.09668, 68.8983, -434.695
7.38058, -207.541, 122.95
5.15714, 36.1795, 175.014
2.98716, -599.768, 1116.52
5.83983, 412.395, 282.084
5.44444, -469.072, 1499.65
5.01137, 65.348, 89.9124
2.75808, 958.509, 434.806
2.6753, 707.738, -604.109
4.41484, 51.7364, -143.868
5.55555, -1231.06, -1620.81
5.06574, -2833.52, -335.645
5.98498, -24.6633, -97.1509
4.89891, 254.102, -139.64
3.88323, -2717.37, 37.2844
6.01685, -104.165, 1680.4
3.67701, -30.1726, -88.4963
6.41501, -173.102, 14.1322
6.60589, 1128.64, -216.825
3.21842, 1602.84, 1633.86
5.75757, 636.645, -577.555
3.87677, 208.999, -408.466
7.26215, 1084.41, -811.963
4.58238, 65.0428, -167.295
3.03869, -335.939, -359.678
4.70633, -206.073, -89.6105
6.28811, -174.315, -218.331
2.77803, 724.604, 574.039
3.51241, 234.662, -101.454
6.82305, 199.899, -360.485
6.52456, 293.503, -1.09564
2.78861, 381.451, 1313.75
4.40304, 6.58328, 44.2724
4.56124, -154.04, -270.674
2.80071, -8.80619, -18.1608
7.09746, -893.716, -828.465
3.35398, 130.668, 48.3625
6.51634, 29.4025, -44.7547
3.88599, -94.4105, 158.745
4.44586, 344.437, -164.684
7.19936, -1207.81, 159.548
6.24573, 40.4468, 1632.77
3.44774, 1605.8, -1908.04
6.89581, -250.017, -137.352
6.8953, -144.798, -138.966
3.30515, 375.465, -46.3028
5.87346, 541.826, 16.4591
6.89096, 47.6953, 185.147
6.98262, -571.259, 1877.81
3.06535, -81.7417, -88.063
5.93789, 267.167, 357.519
3.21651, 182.883, 248.273
3.6901, 766.971, -227.672
5.64383, 1443.99, -1013.38
4.312, 271.303, 209.351
4.64437, -1135.17, -1074.14
4.91936, 943.802, -987.269
6.20379, 10.4451, -417.991
3.23098, 554.706, -498.06
7.36238, 258.186, -15.2812
7.3158, -152.475, -120.907
3.14741, 1278.82, -989.991
5.3784, -59.6958, -57.3214
4.66439, 136.95, -360.73
5.50066, -67.637, 206.868
5.85098, 193.059, 110.214
4.5137, -1715.46, -556.112
6.46691, -1107.02, -968.484
4.89889, -1667.18, 1103.26
5.72449, -732.545, 583.033
4.28836, 2569.6, -472.89
5.96794, -63.7622, 278.013
5.83428, -144.221, -367.702
3.22071, 751.505, -440.804
7.10415, 4.98121, 91.787
4.22228, 740.41, 2013.69
6.66824, 110.974, 186.998
2.74349, 623.985, 134.123
3.27936, 666.263, -930.803
2.55765, 527.402, -72.5716
3.94327, 88.9596, -113.07
5.07295, -113.892, 130.795
3.65948, 393.01, -1923.94
2.75022, -149.591, 305.279
5.33091, 50.512, -20.7918
6.69774, 159.053, -232.087
4.28763, 406.301, 303.773
4.3452, 289.196, 306.224
7.22226, 442.868, 60.9882
4.72425, -1138.5, 393.947
6.82086, 77.2763, -94.685
5.82654, 147.523, -178.627
5.79297, -482.492, 145.923
7.10736, 1523.64, -1130.75
5.11536, -1664.33, 1460.68
5.45229, -309.319, -525.527
5.79944, -272.19, -1596.98
4.24765, -1191.59, 654.395
4.11714, 598.378, -351.559
7.08984, 293.967, 174.446
3.08619, -2206.56, 789.332
7.31268, -264.94, 18.2035
5.17978, -109.955, -174.21
5.81447, -175.36, -96.2681
5.48362, -2329.05, 1029.32
6.93363, -490.696, -456.297
6.67999, 101.601, 242.553
6.69339, 298.608, 135.956
6.85642, 57.7115, 227.699
2.5002, 124.822, 1346.6
4.77274, -28.163, -311.079
4.25696, 1388.29, -43.567
5.80713, 2181.49, -1849.54
6.22234, -141.284, 34.6824
3.3821, -585.047, -2118
7.4621, -836.858, 1099.52
5.95466, -46.7335, 118.545
6.97862, -149.349, -229.106
3.51579, -877.542, -237.152
7.2356, -193.824, 680.402
4.88476, -2221.82, 1130.89
6.78578, -2034.39, 1292.89
6.41237, 16.8811, -305.046
5.70687, -1637.8, 1541.8
3.14521, -159.987, 851.581
5.77944, 224.051, -68.1226
3.09199, 36.4093, -239.544
3.88793, 1597.4, 252.36
6.65548, 296.77, 1577.75
6.14153, 1843.31, 2351.06
6.74348, 2035.51, -1516.8
3.43989, -486.988, -743.533
6.09602, 229.837, 225.25
4.25586, -116.998, 695.699
3.34555, 456.617, 764.29
4.52383, -2100.65, 302.732
4.20924, -173.864, -32.0474
6.67141, 245.216, 31.4772
3.9111, -1584.7, -2568.37
5.16766, 1497.03, 994.053
6.25085, 243.19, -343.827
4.62554, 71.1135, 62.218
4.66964, 1268.58, -55.4778
3.03022, -1873.97, -971.51
6.4639, -435.684, -404.909
3.91232, 57.1589, -100.288
7.14264, 1864.28, 2495.45
5.37926, 278.355, 260.216
3.4895, 467.771, -519.895
5.99081, -153.743, -222.966
3.07265, -606.35, -591.033
4.22945, 432.444, 796.085
4.15646, 245.178, -405.163
6.42735, -2338.85, 1023.23
6.65775, 227.002, 310.636
4.21712, 1032.47, -501.014
4.2603, 461.198, 225.395
6.38197, -153.389, -78.4683
6.58658, -126.543, 42.1718
4.26157, 284.742, 42.3107
7.09559, -1.27974, 57.7788
3.2877, 713.327, 684.617
5.56029, 783.905, -509.578
5.54222, 44.8384, -57.1314
3.16647, 1385.82, 1616.4
3.51409, 1657.72, 2364.85
4.79457, 176.554, -112.122
3.48759, -705.394, 824.484
6.77118, 100.968, -146.11
6.54562, -588.538, -531.858
2.80131, 1136.05, -1080.95
6.50584, 799.826, -2264.86
5.49597, 10.75, -248.404
7.43182, 114.842, 61.26
2.65919, -985.466, 193.08
6.8356, -1493.87, 1835.81
3.69109, 319.329, 521.225
3.6127, -208.792, -271.451
4.73907, 2880.27, 1336.04
2.61231, 382.271, -40.8356
6.79755, 16.9472, 38.7605
4.15902, 409.901, -2310.84
5.72195, -372.835, 37.4562
7.43521, 49.2545, -86.91
5.30162, 292.092, 76.6999
4.74553, 112.134, 42.7117
5.213, 50.8458, -118.849
2.90797, 513.677, -10.3628
3.99606, 1206.37, 1402.81
6.63964, -1907.37, -400.959
6.48936, -1772.43, 627.806
5.71048, 308.472, 82.5269
4.84105, 147.961, 279.07
7.15326, 485.775, 1385.93
5.08798, -625.643, -101.374
7.42924, -1963.05, 1271.59
5.94567, 135.941, -1.83567
6.19966, 3.20071, 58.9868
3.46323, 1061.34, 808.872
6.08881, 1479.99, -1063.85
6.11146, 685.219, 646.813
6.49298, 366.556, -38.4228
4.23216, -2256.69, 243.624
5.1481, 353.83, 304.446
3.19001, 669.88, -816.487
6.73218, 116.587, -67.4066
6.32766, -467.387, -52.1765
7.5, -2327.32, 1027.91
4.24891, -3148.9, -1137.71
5.50367, 1109.21, 25.5228
3.50808, -134.209, 1873.82
6.2385, -1731.58, 268.076
6.49225, 210.868, 353.034
3.03505, 252.014, -62.8568
5.35813, 15.3195, 171.95
2.84683, -2467.06, 854.942
4.16036, 110.423, -132.642
5.80945, 86.2327, -258.469
5.27726, 331.78, 1902.77
7.12415, 67.9969, -217.96
2.69832, 246.419, 1307.22
2.62083, 921.458, 968.362
4.61923, -143.252, -216.222
4.36987, 50.1659, -296.674
2.93303, 1533.76, 1389.37
3.05403, 19.8452, -174.752
5.31992, -2068.5, 121.306
7.37269, 239.202, 6.2685
3.05066, -16.7275, -1972.68
5.99352, -1511.51, -1715.47
2.79674, 332.456, 1136.49
4.69755, 372.85, 49.5683
5.24651, -522.735, -442.762
3.45129, 3.23538, -151.733
7.36597, -140.829, 313.925
3.19593, 146.13, -50.1576
5.48978, -1573.23, 307.356
7.12812, 250.015, -827.408
3.91116, 481.366, 235.419
6.8307, 195.372, 437.378
6.29598, 793.333, -977.941
6.10793, -103.52, 164.651
3.34241, 273.357, 383.523
3.32882, 54.6987, -1222.74
3.39076, 176.882, 71.2149
5.87226, 64.718, -180.139
4.83484, 152.274, -162.589
6.85219, 45.1636, -18.1392
5.76023, -54.6287, 63.6433
5.80464, -173.405, -87.05
2.58037, 158.993, -146.462
4.30596, 2521.87, 1527.1
3.72747, 27.2415, 0.595893
6.93086, 710.623, 926.002
5.23701, -3143.6, 42.4728
6.57209, 216.891, 295.288
5.24453, -732.317, -385.712
4.16156, -234.463, -76.7305
4.40213, -936.463, -1613.75
2.52389, -488.021, -78.6605
6.95226, -45.2298, -231.229
6.16955, -162.571, -150.847
6.04239, 281.992, -29.3103
5.1278, 1173.15, -1290.56
6.41065, 215.565, -329.885
3.42484, 156.359, 27.7925
5.72673, 3.08965, -35.4973
3.42178, 205.421, -79.1014
3.31214, -1080.02, 414.633
2.65594, 1075.96, 539.105
7.42716, 10.7747, -142.164
4.04559, -32.7487, 129.401
4.11075, 82.7803, -94.0129
5.51155, 89.0031, -121.691
2.89107, 2290.37, -207.821
3.93936, -114.468, -262.627
5.79307, 638.291, -843.189
7.36348, -110.247, 182.439
7.27758, 1792.58, 645.462
7.42745, -115.019, 62.1559
7.30478, 202.368, 3.11828
3.0073, 195.173, -177.399
3.71505, 354.197, -394.959
6.91151, -150.386, -56.0971
5.28805, 327.5, 343.389
6.7669, 116.923, -197.811
7.49145, 861.786, -278.348
3.99751, -1932.73, 1103.92
6.33157, -3491.35, -1218.7
4.81901, -622.672, 218.814
6.8168, -159.972, -103.672
6.99018, -212.723, -76.3754
7.377, 61.7358, -139.908
2.77405, -392.148, -9.94217
6.32605, 41.8274, -270.581
5.09219, 1028.83, -1426.95
3.46574, 208.255, 574.881
6.98252, 312.486, 178.52
6.38492, -301.209, 320.165
2.75968, -157.368, 61.5854
7.47331, 942.715, -1394.82
5.93659, 86.1697, -102.495
5.94854, -178.273, -89.6377
6.57666, 1524.06, -689.156
7.05426, -37.9852, 55.7669
3.34218, 997.689, 2337.1
5.24183, 1543.48, -984.694
6.53351, 57.8759, 155.118
4.17803, 362.089, 589.783
5.53435, -80.6274, -717.386
6.59602, 677.244, -1308.88
7.3485, 210.587, -35.1058
6.29349, 16.0745, 409.999
3.72113, -85.169, -341.789
5.80589, 62.028, 7.71437
4.21574, 899.059, 325.33
7.27146, 12.7224, -3.6297
2.60828, 1103.91, -1685.89
4.54979, 888.378, -373.617
2.55789, -1208.48, 1725.35
3.04964, -32.9049, -57.9819
5.28259, 696.782, -983.686
4.45466, -2.34168, 176.2
7.20539, 230.903, 150.77
2.55572, -392.446, 437.168
6.22897, 75.4001, 436.622
3.84293, -230.875, -240.559
4.27153, 171.552, -189.83
3.45835, 2523.17, -2677.3
5.14832, -11.9522, -182.292
4.39478, -448.881, -2284.8
3.16407, -166.498, 163.5
4.26563, -374.3, -264.984
4.2497, -2336.7, 1184.55
7.41084, -1418.97, -933.246
5.25961, 373.361, 288.664
4.99918, -1404.11, -380.977
3.58531, 845.464, -1373.35
4.37311, 537.989, -137.318
6.78251, 1279.46, 1079.08
6.45578, -1261.85, 2424.2
3.9204, 1468.17, -1648.09
5.07645, 839.253, -574.799
6.79238, 79.3888, 8.6074
7.07844, 358.1, -79.166
7.48941, -1122.99, -969.308
6.53177, -678.398, -435.497
5.22718, 229.18, 359.563
7.3461, -21.4405, -469.694
5.31931, 164.034, -169.909
4.03031, 671.474, -795.143
5.41853, 603.287, -210.922
2.91197, -146.878, 403.546
5.47382, -32.5118, 73.7833
3.31968, 1222.87, 2098.44
6.46527, 29.3041, -296.658
2.95373, -684.164, 797.302
6.3072, 70.5869, 79.6904
6.83996, 75.9095, -125.197
6.40105, -118.51, -416.578
6.61399, -1295.32, -383.856
6.70974, 243.247, -56.2276
4.48328, 767.195, 564.409
6.508, 78.7254, 61.6631
6.56811, 8.91528, -49.5034
5.43493, 617.723, 1161.68
4.64621, 111.223, 111.985
2.5002, 438.686, -566.126
5.31153, 140.445, 173.811
6.22632, 206.823, 329.411
3.89846, 1695.73, 895.32
2.93406, -282.373, -2287.15
3.5733, -487.066, -325.033
3.93296, 8.56399, -68.9171
4.86595, 566.68, -12.0533
6.95893, -1106.72, -958.585
5.91955, -375.288, 87.2595
3.54376, 103.173, -191.664
6.67533, -36.0274, -54.5534
7.09218, -304.029, -122.967
4.48244, 572.72, -180.848
6.37858, 903.838, 508.94
5.68161, 194.919, 350.543
6.64746, 247.838, -394.723
3.40204, -496.842, -446.583
7.45927, 69.565, -58.7219
6.70558, 497.632, -559.711
4.65177, -191.102, 607.671
4.38589, -313.167, 220.215
2.70802, -33.3751, 205.5
6.80715, 150.185, 121.231
6.62116, -1885.62, 1359.67
6.25052, 651.06, 1002.81
3.55801, -53.2866, -38.9219
4.31029, 138.678, 63.4102
4.43545, -52.0675, -273.262
7.32918, -1690.08, -1113.61
6.5872, -9.21199, -192.602
4.5755, -700.046, 110.872
5.83759, -123.861, -229.155
2.52101, -1978.77, 1754.57
6.98048, 57.31, 98.3821
3.68416, 730.871, 324.291
3.79415, 168.919, -193.933
5.4939, -17.8881, 14.5127
6.89823, -947.286, 97.0174
6.16299, 414.263, -52.7997
6.0773, -844.919, -336.214
3.57724, 2753.46, -138.479
6.30413, -2032.93, 1521.38
3.85351, -17.3841, -101.736
2.75246, 481.392, 203.449
4.78866, -332.289, 308.144
2.58759, 147.198, 158.322
3.01129, 2478.57, -1689.22
2.639, -290.488, 133.844
5.65921, -100.608, -195.068
6.34425, -7.9098, 89.8138
2.74132, -632.602, -545.986
6.6924, 445.757, 362.821
6.76899, 102.684, 30.1604
6.57649, 621.2, -541.005
6.85188, 0.762028, -1956.03
5.27222, -39.7587, -27.6612
6.12646, 20.6826, 1100.54
3.20424, -2204.06, 1540.56
6.6115, -109.936, -183.842
5.51185, -1227.89, -1619.41
4.93856, 102.187, -64.894
6.14942, -7.56307, -153.429
4.05164, -1223.82, 694.868
3.93925, 190.388, -116.471
5.45857, 1239.14, -1503.11
5.34055, -1634.27, 761.093
5.41059, 1656, 1008.84
2.84132, 400.384, -757.536
4.34304, -1183.83, 283.469
6.28475, -125.057, -133.889
6.35297, 803.552, 1530.24
4.27217, -2.51992, -204.28
5.98913, 7.94297, 43.9439
5.08005, 1284.37, 730.931
5.94494, 17.8093, 170.097
6.18066, -1282.24, -936.835
2.56231, -1407.09, -1175.83
7.16549, 38.7425, 31.0119
5.37826, -326.67, -119.347
3.05587, -687.314, 64.7924
4.87388, -79.6892, -50.5015
3.24247, 521.092, 367.244
4.22594, -3790.93, -895.075
7.04476, 7.05111, -233.885
4.54571, 1514.9, -675.497
5.96642, -23.1547, 15.0376
3.35865, 229.168, 77.1723
6.21715, -1981.84, 799.13
4.16319, 113.065, -82.9706
4.62157, 81.1189, -121.374
2.79523, 190.195, -327.039
5.09005, 34.8666, 44.4671
5.94425, 99.5371, -598.332
5.01149, -48.1046, -174.971
6.56617, 126.607, 172.937
3.07974, 165.251, 203.011
5.24841, 778.466, 480.319
5.06046, 92.8324, -72.3247
6.02649, -1089.47, -1004.31
5.65083, -59.4656, 80.9864
4.0207, 141.208, 87.6097
6.74719, 182.091, 127.833
3.39619, 673.384, -1333.07
2.61737, -6.00972, -42.3984
4.19467, -119.605, 75.002
3.43818, -1024.01, -968.705
6.60467, 34.1488, 22.0159
6.72507, 42.4457, 1712.04
6.78031, -1525.96, 986.068
7.37454, -100.963, 51.3064
2.99587, -238.457, 70.2875
2.56182, -1604.08, -1366.37
2.58614, 105.49, -885.006
2.64527, -68.6676, -87.521
4.1031, -1189.24, -1224.36
6.17815, -1497.75, 809.714
3.14876, 5.98123, -146.214
2.5161, -364.144, -20.88
6.91905, -257.973, -6.54172
3.70482, 511.118, -393.077
4.38481, -363.952, -232.285
4.44879, 146.327, 141.995
2.81534, 1559.79, 618.927
7.30792, 449.455, 95.4884
3.75349, 465.419, -455.409
6.85376, -17.811, 265.119
2.85991, 1187.44, -1691.45
2.70653, 1224.5, -1162.89
3.46378, 134.234, -185.545
3.86708, -760.669, -1339.35
7.4007, 17.3022, -25.0744
3.60607, 488.946, -2273.93
6.43119, 948.961, -1365.58
4.42306, -290.479, -163.099
3.78593, -1467.67, 1485.15
3.91087, -336.534, 174.327
7.33834, 185.989, 210.05
4.22841, 198.177, 206.942
3.45922, 369.106, -266.311
5.05037, -84.5131, 203.959
5.21857, 573.719, -2047.86
5.72333, 44.1686, -267.669
3.89738, 738.277, -469.442
3.41887, -511.599, -370.315
2.71579, 1200.32, -1505.45
3.98408, 211.102, -484.577
4.25548, 1112.25, -133.024
7.09372, 273.337, -105.321
5.81225, 167.142, -134.829
5.08041, -1069.66, -925.29
4.03763, -33.5658, 70.7505
3.0007, 1088.45, 1102.4
3.47502, 40.2532, 201.157
4.11407, 1428.96, 1677.4
5.56182, -329.631, 101.796
5.13511, 403.316, -319.031
3.45653, -450.626, 1043.15
4.7178, 2516.4, 1411.38
4.48693, 2818.64, -549.903
6.28051, -257.163, -151.734
6.6213, -115.956, -103.871
5.51573, -207.081, -859.42
3.04573, 181.571, 94.5516
4.11797, 1377.17, -224.576
5.03403, 92.2548, 41.5921
4.76521, 375.117, 887.71
4.77315, 338.209, 59.1189
4.91125, 422.957, -57.9283
5.07896, -2177.5, 407.27
4.50207, -1059.22, -1109.05
4.22945, -62.8274, -83.26
6.64533, 13.1955, 312.302
3.02204, 1458.45, -347.013
6.40057, -142.292, -112.787
3.19919, 125.395, 102.11
2.62171, 1668.12, 1998.15
6.0664, -132.567, 459.653
7.15538, -83.1903, -185.707
7.47667, 63.3843, -129.618
3.86264, 109.288, 86.9309
3.6923, -987.394, 604.756
3.87328, -164.408, -1445.67
5.70836, -71.4929, -284.881
5.17637, -195.06, -128.754
6.8967, -1355.88, 2203.38
6.75968, -49.1839, -330.896
2.98004, -108.324, 728.309
4.66818, 19.8964, 203.866
3.17045, 65.9605, 46.1609
5.86802, 126.163, -108.011
5.34964, 101.31, -102.209
3.66474, 155.421, -1081.73
5.50306, 98.6286, -105.907
2.6551, 426.335, -369.928
7.08512, 240.709, 11.136
3.82958, 749.341, 410.263
6.50016, 113.713, -39.009
5.46389, 6.94433, 180.491
5.0822, 217.45, 0.426243
5.2567, -270.666, 131.122
3.47225, 255.886, -238.378
5.36152, -1337.21, -406.269
3.81992, -337.772, 2570.68
4.41648, 1085.36, -2420.83
2.73626, 69.014, -27.3314
4.22823, -181.24, 63.9699
3.61594, -1471.88, 3157.18
3.81264, 108.685, 82.5041
3.05141, 15.3693, -189.47
7.40088, -9.57659, -27.1352
5.93794, -839.617, -341.207
5.82158, 77.8485, -176.189
5.99501, 127.112, -56.7096
2.68746, 257.52, 202.219
3.6706, 150.164, 107.299
3.95397, -2247.98, -3397.99
3.50543, 58.0946, 93.2874
2.7177, -1239.29, 1633.78
2.56571, 718.581, -503.342
6.07297, 2616.16, -888.026
6.88348, 175.835, 163.027
5.35088, 820.127, -1628.05
6.92743, -1253.02, -1326.04
5.20042, 334.15, 40.8911
3.31357, -1080.56, 510.515
3.30492, -1210.4, -1192.39
7.19182, 179.275, -21.0546
3.45628, -97.8856, -123.741
3.15761, -1495.48, 157.58
4.41122, 97.4181, -120.958
6.12674, -479.263, 1481.44
2.50651, -2839.41, -328.504
4.60222, 2002.77, -1202.66
5.18984, 829.469, 176.349
4.86596, 212.311, 454.296
6.33003, 770.12, -116.737
2.9396, 636.03, -49.4212
7.04284, 6.35238, 147.663
3.20818, 241.849, 546.17
2.54782, 135.328, -60.897
2.82267, 303.536, 103.039
4.96742, 270.431, 258.647
5.40914, 120.991, -63.7832
4.03373, 1594.53, -2890.6
4.57091, 45.9271, -319.441
4.33401, 151.26, 13.8153
3.42687, 110.857, -1569.65
2.76788, -1064.72, -1345.63
4.47222, 190.644, 12.2547
3.98388, 551.538, 459.674
5.05388, -142.87, -373.3
3.75392, 1018.99, -1823.3
5.01589, 236.929, -248.124
2.51168, 1043.34, -255.356
7.01807, -2328.79, 1025.74
2.79181, 1677.55, 1554.44
5.17506, 55.2268, 1520.6
3.95754, 1538.28, -726.492
7.3023, 125.726, 2.57517
4.73406, -1688.33, -823.223
5.08479, -1.20661, -29.6532
5.93861, -512.523, -511.221
2.72187, -140.681, -162.567
7.2946, 1734.77, -1354.44
5.70852, 30.4905, -82.6373
2.80215, -226.36, 153.543
3.33964, 124.861, -82.1129
5.76491, -20.2338, -345.915
6.19864, 121.707, 1345.33
3.57011, 212.979, 28.9724
4.31441, 130.122, -1205.98
6.56981, 755.43, -428.177
5.32057, 69.0821, -51.3755
7.45886, 44.5676, -68.9134
6.5669, 0.888869, -82.2961
3.49157, 1418.9, -1965.17
2.50003, -16.772, -85.6283
4.62608, -1498.61, 1827.93
4.07406, 1177.76, 600.23
5.56218, -1747.9, 259.258
3.83351, 155.715, -44.5499
4.39881, 28.2728, 71.5741
5.43397, -135.368, -325.435
5.95636, 167.363, 141.687
7.26736, 75.9285, 74.5807
4.89785, 13.334, 67.4823
3.60319, -424.908, 373.897
5.33741, -345.819, -84.2218
6.09873, 84.2374, -21.7941
4.4953, 1336.48, -284.488
3.48326, 799.034, -428.284
6.66971, 229.604, -77.9962
5.59561, 584.14, -547.539
7.26866, -57.124, -210.787
3.23222, 781.483, 589.63
5.38953, -40.248, 16.8166
7.26796, 198.819, 282.582
3.62331, -2182.83, 1150.85
7.25137, -10.6238, -133.794
3.07874, 970.248, -428.388
2.58372, 95.0687, 147.398
3.90465, 230.338, -266.669
7.15042, 225.715, -313.04
3.04796, -1069.02, -407.475
6.77266, -105.046, -366.367
5.68532, 153.727, 268.785
5.63853, 39.1415, 382.627
3.80589, -363.985, 977.911
5.13936, 627.177, -502.892
7.16608, -41.3294, -282.839
3.98055, -205.814, 5.25232
4.78006, 181.55, -67.5369
6.35659, -293.273, 1981.68
4.17193, -850.399, -1952.63
6.31775, 1.9806, 47.3138
6.65892, -1187.43, 997.545
2.64618, 1343.75, -871.809
4.31315, 543.492, -118.5
4.16221, 195.613, 349.389
3.17675, 519.674, 239.996
3.00839, 576.347, -1812.11
5.11327, 191.069, 452.127
3.52046, 61.122, 449.888
5.00728, 196.655, 68.6614
5.1371, -2081.06, 1173.96
4.13422, 215.392, 41.1422
4.75888, -162.453, 286.777
6.85263, 478.187, -20.8366
4.72884, -12.7141, -80.5591
6.03726, -130.852, 151.055
6.83171, -1201.95, 240.394
6.5822, 97.1855, -97.6919
2.67504, -1574.07, -646.514
3.8644, -253.587, 1343.01
5.21858, -57.4694, 35.4604
3.19942, 479.035, -220.755
5.57408, 55.464, -53.4934
3.29182, -62.8175, -624.225
4.41129, 350.619, -28.0229
5.94997, -97.4092, -275.552
3.21128, 1936.37, -87.5142
5.65284, -77.4397, 19.7136
3.15973, -1398.03, -1131.1
7.13583, 58.3391, -20.16
5.53465, 2138.81, -3291.99
5.50388, 603.977, -648.713
3.33635, 355.092, 109.56
3.301, -78.8645, 803.44
5.91628, -77.606, -31.9373
5.1456, -16.6964, 144.98
3.65264, -1199.56, 485.701
6.55373, 85.314, 37.0193
5.76477, -104.436, -28.9163
4.08597, -307.467, -233.17
2.53953, 53.4734, 89.1245
3.49176, -109.339, -964.897
3.78831, -118.378, 661.997
3.03825, 730.012, 24.1786
3.49545, -623.157, 212.016
6.75079, -2369.6, 1314.97
6.63912, -13.9871, -27.4579
6.76813, 61.5093, -111.167
5.71027, -87.5315, -129.179
3.6787, -1360.54, 1397.29
6.80638, 59.3272, 63.0473
5.4745, -104.722, 686.737
2.52745, -1072.64, -957.769
6.84925, -49.6271, -83.1791
7.37729, 274.13, 259.368
5.59653, -1109.06, -960.434
3.85574, -73.4251, 122.592
7.46973, 115.144, -174.519
4.60751, -878.883, 237.622
4.20537, 352.651, 125.279
4.80717, 67.6519, 211.877
4.44822, -551.99, -1567.45
4.613, -2190.89, -479.059
2.84879, 215.212, -87.582
5.5153, 230.806, -114.939
7.36114, -396.816, 101.486
5.07406, -10.6467, 76.0778
7.45461, 194.135, -26.18
5.84906, -1012.94, -2563.03
4.01716, -328.141, -294.867
3.47371, -843.613, -330.742
4.0109, 120.682, 130.259
4.93946, -249.623, -15.7294
4.72438, 133.611, 115.945
5.7844, 82.5259, -72.7313
3.74227, 2522.42, 1528.41
4.72007, -874.425, -901.733
5.75894, -105.333, 46.4611
6.67472, -78.1771, 13.5458
6.03698, 353.315, 149.113
4.93928, -365.367, -184.072
6.72039, 600.821, 360.529
7.00296, 61.2651, 10.0987
6.33082, -233.59, -140.686
5.29453, -820.685, -301.265
2.70603, 713.529, 47.7305
5.46749, 839.949, -527.804
2.68674, 212.012, -1868.69
4.53488, 6.46279, -566.698
2.84243, -63.8019, 134.647
7.38558, -208.382, -54.4544
2.5956, 1243.69, 1543.52
6.60363, 58.3887, -128.898
5.2195, 1832.68, -1308.6
5.72828, -56.0809, -213.672
3.62934, 134.465, 370.92
2.733, -6.31924, 1326.97
3.63154, 9.92785, -140.774
4.58371, 321.518, -1256.6
6.40126, 363.552, -248.063
3.72852, 675.956, -1314.91
4.81411, 211.26, -90.2736
6.14756, 493.944, -382.988
5.35237, 2327.38, -370.045
5.45997, -439.676, -846.607
4.98425, 214.391, 294.071
3.951, 185.022, -84.4414
4.71107, 234.417, -50.4287
2.53669, -1212.23, 2609.25
7.41683, 122.912, -60.8268
2.52822, 151.067, -41.77
4.8676, 902.374, 574.584
5.86497, 1602.2, 2627
