6.27803, -2756.21, 1615.91
3.5948, 64.3045, 1386.75
5.89648, 123.222, 15.2206
5.09708, 189.162, -316.604
2.76731, 5129.8, -5300.81
2.53849, -1686.01, 1886.27
4.58743, 7173.7, 4240.92
7.15218, 226.037, 91.4047
2.95982, -274.819, 475.345
6.00595, -83.4991, -116.436
3.81226, 616.334, 74.1803
4.14117, 293.914, -158.977
7.45519, 800.837, -349.509
7.41275, 163.945, -34.6157
5.75759, 205.026, -41.3467
6.92354, 87.5336, 39.5513
6.33247, 644.521, 39.3225
3.87453, -2135.65, -707.638
4.93259, -1282.22, -922.352
2.80282, -6485.47, 1572.85
5.08146, 248.453, 96.9607
4.96988, -4566.33, 1656.77
7.23882, 651.512, -220.14
4.42071, 171.159, 51.1666
5.14874, -3507.15, 941.812
2.75042, -314.833, 4594.2
6.63909, -459.918, -7.66919
5.94228, 359.05, 50.9698
6.18112, 557.589, 22.5068
6.94286, -3443.12, -3057.64
4.25508, -424.492, 560.038
6.72991, 159.319, -127.791
3.84659, 262.921, 55.0455
4.83959, -252.204, 677.937
3.2686, 602.534, -68.4405
2.66527, 212.947, -125.366
7.2768, -1392.81, -992.282
6.95369, 380.802, -668.525
3.29884, -787.542, 383.856
3.15214, 1104.62, -476.843
2.515, 2810.33, -474.058
6.0491, 348.966, 43.8098
3.40448, 1046.44, 260.537
5.76029, -630.165, 370.354
4.42907, 109.359, -196.181
3.23766, 1268.85, 1454.14
5.45054, 509.254, 370.62
3.24076, 2639.05, -1269.05
3.2091, -2178.2, -1282.25
4.94257, -312.967, -160.547
3.13015, -278.368, -728.653
5.64635, 663.579, -10.5401
5.60817, 142.607, -4.31594
4.88216, 3151.61, -4352.53
2.64188, 340.502, -82.2005
3.21011, 3824.97, -593.944
3.15594, -292.734, -119.065
3.31099, 1448.52, -2167.5
3.76529, -732.189, 194.625
4.77654, -4320.62, 2168.27
6.54472, 99.579, -491.57
3.57624, 238.252, -237.413
3.75063, 201.21, -26.1759
5.02978, -804.575, -1563.64
6.27922, 137.861, 30.5373
5.66369, -1494.85, -3124.33
5.9449, -2133.4, -1536.11
7.27207, 449.696, -475.241
5.18713, 4510.36, -2289.1
4.57014, 93.6479, -1657.11
4.70019, -435.384, -656.897
6.07821, -1690.1, -1774.72
6.20858, -2369, -1851.2
5.12494, -3010.77, 2451.46
6.06711, 301.115, 225.988
5.91025, -6.58773, 30.9273
6.82941, 1941.16, -1521.1
3.19597, 632.968, 1624
3.57766, 387.258, -243.373
5.0733, 1011.33, 1846.72
4.83766, 227.414, -1.493
3.55759, 3357.07, -3422.56
5.65244, -202.483, 366.96
2.5044, 2654.23, -3816.5
4.09589, -660.215, -2614.48
5.90281, 199.984, -46.4753
6.0446, 2.87064, 270.927
2.90869, 14.3499, -146.713
3.56926, -682.676, -371.923
4.44412, -211.58, -152.872
4.44927, -3533.51, -1217.32
3.92018, -65.5616, 493.446
4.6123, 198.234, -72.5793
2.55658, -1672.24, -55.5495
3.72027, -4731.56, 2520.14
4.49072, -1771.3, -3214.34
6.64177, -122.804, -292.617
3.78584, 29.5946, 180.886
3.59705, -1286.08, 330.782
6.47385, 143.219, 58.9877
5.8476, 609.715, -265.479
5.49108, 65.2982, 407.839
5.99917, 2395.42, 1515.94
5.13062, 3.58906, -462.188
4.14833, 276.068, 568.73
3.30844, 5090.17, 881.042
6.56633, 88.026, 140.89
4.08004, 236.272, -390.78
4.05369, 335.416, -12.4655
4.65424, 159.552, 24.6942
4.46509, 448.875, -213.767
4.43916, 631.1, -237.41
4.34871, 122.975, 618.023
5.88118, 77.1311, -64.2593
6.10384, -140.46, -165.479
7.20082, -2170.61, 777.536
5.08573, 272.621, -30.9982
5.5282, -27.9389, -250.39
5.85049, 1444.8, -2169.47
5.11404, 185.949, 382.915
3.87105, 709.601, -344.905
7.08924, 136.112, 27.9874
3.73367, 562.724, -317.663
4.77876, 542.073, 519.403
3.30374, 194.27, 75.614
4.68319, 98.3765, -62.0193
7.45767, 310.875, 54.6892
6.26931, 3314.28, -3321.79
4.97846, -5.73435, -630.054
7.01651, 90.4081, -233.499
4.68213, -731.298, 227.647
5.09239, 1912.43, -1566.86
4.44866, -1662, -2622.26
5.63431, -8.25465, 27.5326
5.19331, 233.66, 70.1331
4.35955, -52.2859, 1023.33
2.54674, -475.453, -374.739
6.3794, 180.002, 301.079
2.85317, -577.299, -640.135
3.98511, 150.232, -156.983
4.78581, 331.466, 937.798
3.25156, 476.152, -76.6256
5.97819, 192.403, 59.2983
4.15587, -562.205, -638.6
5.21197, -2869.2, 5138.81
2.64678, -2973.22, -1770.46
5.38086, -151.551, 328.11
5.18133, 636.618, 8.11818
7.36678, 284.748, -284.603
5.57063, 120.526, 48.077
5.26431, 2275.14, -3871.03
6.69051, 1308.53, 28.097
3.75764, 221.749, -982.824
6.98957, 55.3513, -80.4313
5.97428, 533.192, 113.954
5.82752, -304.652, 2138.41
3.06838, 199.882, -568.95
3.37987, -1305.84, -782.272
2.91253, -1388.42, 2315.89
6.68103, -102.749, -246.484
2.64818, 287.132, 3096.25
6.34719, 165.661, -94.0324
4.29829, 248.009, -3118.31
6.24626, -341.579, -150.426
6.28385, 186.245, 46.1012
3.60834, 2339.57, -1165.25
5.58305, -61.3852, 176.65
3.66846, 295.965, -60.0252
6.22052, -1.01335, -3076.51
5.80997, -404.672, -904.615
4.9209, -2906.22, 5077.6
2.58972, 940.892, 299.497
4.98291, 213.274, -264.818
5.09587, 133.063, 35.1501
4.71395, 715.598, 2890.57
4.14528, -2160.69, 1207.69
3.52671, 176.663, -42.478
7.19863, -6.40833, 1315.27
2.85168, 1129.52, 2578.9
3.30042, 533.776, -908.507
6.70788, 467.275, -562.131
4.13614, 306.517, 171.154
6.85942, 849.088, 50.6656
5.99896, 129.458, -143.811
5.52801, -74.1786, -318.124
4.77536, 472.382, -495.957
2.91543, 383.16, 1048.85
3.94883, -2950.27, -879.742
6.51009, 501.111, -335.935
6.81821, 11.8997, -509.384
3.81831, -4000.6, 314.92
4.79881, 139.817, -409.372
4.95672, 160.352, 18.675
5.82344, 1420.19, -2196.41
7.31738, 219.004, -112.867
7.23022, -99.4165, -267.878
2.81902, 1546.48, -190.582
5.04829, -898.599, -540.514
6.13222, -50.5144, -4.67112
5.65882, 415.348, -265.546
3.26658, 196.041, 136.332
5.09652, 714.635, 2886.36
3.52281, 4995.2, -1594.27
6.03231, 71.9437, -90.3841
6.05786, -1015.9, 5311.68
3.66304, 168.775, -182.751
6.80594, -375.389, -56.7936
2.67122, -586.358, 313.623
6.26587, 105.306, 83.1096
4.14789, 153.833, -97.8963
4.65309, 4487.22, -1110.95
7.33455, 507.118, 408.86
4.05803, -1639.17, -1633.54
5.69762, -5201.2, -31.9914
5.95386, 151.952, 7.03963
5.36403, -181.772, 423.568
6.60667, -2875.27, 5127.78
4.21807, -3194.03, 1289.4
5.09387, -186.609, 50.3657
6.78438, -74.3233, 359.793
6.18587, 414.852, 1016.91
3.45992, 623.962, -360.213
2.83145, 212.074, 82.8612
3.60828, -3747.02, 2372.69
3.33656, 255.405, 159.608
6.31172, 300.304, 101.205
5.44905, 1448.57, -1934.02
4.65223, -5437.91, -425.85
7.09618, 1689.49, -134.75
5.09668, -759.335, -1318.32
7.38058, -563.257, 121.857
5.15714, 304.709, 163.236
2.98716, -1077.04, 903.793
5.83983, -662.918, -676.009
5.44444, -575.886, 2491.37
5.01137, 229.388, -237.18
2.75808, 612.61, 1237.58
2.6753, -172.898, 475.398
4.41484, 332.884, 102.784
5.55555, -2318.51, -2678.43
5.06574, -5439.38, -428.816
5.98498, 154.358, -305.596
4.89891, 241.673, 116.104
3.88323, -5518.9, 58.0127
6.01685, -242.514, 2699.5
3.67701, 354.292, -65.3334
6.41501, 145.037, -20.1576
6.60589, 1072.22, 380.069
3.21842, 3414.25, 3022.49
5.75757, -326.377, -122.353
3.87677, -906.078, -1546.25
7.26215, 2562.62, -1154.69
4.58238, 346.163, 150.263
3.03869, -55.2212, 235.08
4.70633, 60.2483, 141.353
6.28811, 25.0437, -688.172
2.77803, -267.421, -22.4433
3.51241, 75.7162, -87.0133
6.82305, 230.248, 79.8091
6.52456, 605.581, -82.8453
2.78861, 523.525, 1869.97
4.40304, 104.525, -182.219
4.56124, 303.155, 56.6205
2.80071, -318.848, -44.8305
7.09746, -1148.16, -1086.04
3.35398, 126.534, 84.8377
6.51634, -135.578, -423.402
3.88599, 1934.36, -592.232
4.44586, 9.59115, -83.6201
7.19936, -1868.32, 855.188
6.24573, 134.889, 2785.74
3.44774, 3651.36, -3801.47
6.89581, -72.9908, -246.459
6.8953, 94.7905, 35.0795
3.30515, 103.772, -1254.85
5.87346, 847.703, 445.691
6.89096, 162.914, -64.4445
6.98262, -717.537, 3486.2
3.06535, -156.192, -445.871
5.93789, -1257.05, -1076.09
3.21651, 595.865, -568.753
3.6901, -488.342, 117.199
5.64383, 2749.07, -1868.5
4.312, 477.334, -23.1196
4.64437, -1698.99, -1540.14
4.91936, 1537.86, -1739.91
6.20379, -8.12679, 1358.4
3.23098, 343.008, 259.438
7.36238, 79.5616, 73.8194
7.3158, -229.336, -126.076
3.14741, 2475.3, -1562.41
5.3784, 42.8327, -167.628
4.66439, 166.471, 137.282
5.50066, 144.459, -113.248
5.85098, 169.458, -189.811
4.5137, -2885.38, -967.433
6.46691, -1745.66, -1505
4.89889, -3289.59, 1715.67
5.72449, -476, 621.02
4.28836, 5174.66, -828.589
5.96794, 86.8673, -533.786
5.83428, 527.589, 192.42
3.22071, 145.757, -192.802
7.10415, -9.11807, -226.318
4.22228, 1093.79, 3625.48
6.66824, 352.008, 10.9757
2.74349, 74.5552, -721.194
3.27936, 1295.83, -1949.46
2.55765, 95.0369, 170.41
3.94327, 245.302, -56.3621
5.07295, 498.521, -520.062
3.65948, 968.149, -3301.28
2.75022, 780.194, 96.9125
5.33091, 45.3208, -56.0645
6.69774, 392.951, 378.422
4.28763, -258.654, -105.508
4.3452, 120.68, -932.314
7.22226, 133.597, 13.8435
4.72425, -1478.85, 128.076
6.82086, 100.242, -139.211
5.82654, 87.3507, 702.132
5.79297, 80.3371, -421.253
7.10736, 2525.83, -1856.48
5.11536, -3007.54, 2460.32
5.45229, 111.677, 760.43
5.79944, -262.211, -2555.51
4.24765, -1600.27, 1068.64
4.11714, 134.174, 438.616
7.08984, 217.172, 273.756
3.08619, -4418.28, 1640.08
7.31268, -153.539, 64.8157
5.17978, 317.026, -287.313
5.81447, 1452.62, 761.071
5.48362, -4539.01, 2142.96
6.93363, -175.879, -1186.34
6.67999, 284.01, -16.6369
6.69339, 199.983, -40.4602
6.85642, 431.233, -43.8122
2.5002, -287.258, 2200.72
4.77274, -790.629, -2471.68
4.25696, 1718.94, 90.7748
5.80713, 4517.19, -3512.55
6.22234, 623.551, 187.329
3.3821, -932.792, -3972.78
7.4621, -1224.51, 1466.01
5.95466, -324.095, 108.552
6.97862, 214.012, -132.073
3.51579, -1277.06, -373.53
7.2356, 670.965, -21.0043
4.88476, -4241.13, 2237.22
6.78578, -3746.34, 2369.66
6.41237, 426.431, -127.584
5.70687, -2911.04, 2828.62
3.14521, 570.356, 484.203
5.77944, 104.149, 111.415
3.09199, 282.505, -1.16168
3.88793, 2571.1, 649.041
6.65548, 188.477, 2397.41
6.14153, 3519.73, 4516.49
6.74348, 3924.48, -2931.75
3.43989, -782.43, -110.75
6.09602, 127.708, 50.3657
4.25586, 58.3881, -593.286
3.34555, 139.952, -216.358
4.52383, -4189.72, 507.054
4.20924, 246.791, 8.51146
6.67141, 279.372, 87.5179
3.9111, -3200.85, -5188.82
5.16766, 3274.94, 1930.33
6.25085, 954.38, -1703.13
4.62554, 272.102, -81.9089
4.66964, 1240.04, 36.4537
3.03022, -3201.3, -2190.1
6.4639, 351.931, -386.492
3.91232, -206.2, 106.831
7.14264, 3492.26, 5274.06
5.37926, 135.466, -160.897
3.4895, -156.702, 329.019
5.99081, 287.484, 7.26788
3.07265, -135.027, 328.375
4.22945, -107.3, 148.514
4.15646, 521.441, -83.1177
6.42735, -4592.11, 2156.04
6.65775, -48.3505, -97.3251
4.21712, 385.745, -10.1324
4.2603, -738.384, -109.618
6.38197, 144.348, -234.044
6.58658, 705.166, -485.178
4.26157, 430.076, -39.213
7.09559, 190.527, 35.8075
3.2877, -115.108, -296.501
5.56029, 574.396, 199.247
5.54222, 239.13, -24.7723
3.16647, 2591.51, 2744.2
3.51409, 3268.31, 4496.44
4.79457, -377.955, 10.2662
3.48759, -566.295, 1446.19
6.77118, 514.532, 103.618
6.54562, 560.997, 466.111
2.80131, 2241.99, -1598.62
6.50584, 1429.21, -4168.72
5.49597, 127.18, -429.047
7.43182, 267.195, -64.8378
2.65919, -728.436, 224.391
6.8356, -2805.19, 3377.62
3.69109, -1124.55, -542.824
3.6127, 1490.15, 683.869
4.73907, 5705.45, 2657.83
2.61231, 263.784, -324.554
6.79755, 216.312, 7.08166
4.15902, 466.813, -3627.03
5.72195, 961.241, -317.088
7.43521, 383.673, 53.6675
5.30162, 40.0317, 23.0238
4.74553, 150.436, 192.104
5.213, 428.447, 213.628
2.90797, -1556, 549.04
3.99606, 1492.92, 2545.02
6.63964, -3254, -611.276
6.48936, -3584.42, 1493.83
5.71048, -8.37232, 239.375
4.84105, 366.06, 83.6673
7.15326, 609.078, 1903.33
5.08798, 405.17, -352.241
7.42924, -3701.23, 2352.64
5.94567, 111.052, -267.807
6.19966, 289.957, 552.405
3.46323, 1257.85, 1295.22
6.08881, 2558.62, -1561.51
6.11146, 1127.37, -48.2858
6.49298, 104.722, -87.7475
4.23216, -4288.31, 304.737
5.1481, -1511.09, -768.422
3.19001, 1235.48, -558.057
6.73218, 226.999, -26.2605
6.32766, -662.361, -557.365
7.5, -4555.96, 2161.2
4.24891, -6421.44, -2121.99
5.50367, 614.748, -19.8806
3.50808, -387.196, 3006.6
6.2385, -3059.3, 503.246
6.49225, 15.2304, 50.5146
3.03505, -660.807, -572.487
5.35813, 281.067, 16.4106
2.84683, -4324.24, 1460.18
4.16036, 138.398, -274.361
5.80945, 285.727, 59.2469
5.27726, 400.56, 3351.98
7.12415, 130.803, -112.773
2.69832, 259.237, 2442.8
2.62083, 916.051, 1121.8
4.61923, 217.259, -154.821
4.36987, -951.928, 162.325
2.93303, 3000.46, 2952.58
3.05403, -95.5375, -94.589
5.31992, -4098.29, 126.335
7.37269, 173.05, 34.6684
3.05066, 72.3631, -3265.64
5.99352, -2637.31, -2892.78
2.79674, 151.045, 995.54
4.69755, -103.33, 23.4302
5.24651, 945.033, 469.215
3.45129, -297.647, 223.657
7.36597, 40.364, -33.0273
3.19593, 105.092, -75.9326
5.48978, -2655.19, 290.486
7.12812, 264.79, 527.14
3.91116, -1020.09, 214.292
6.8307, 262.879, -564.458
6.29598, 919.28, -1303.31
6.10793, 134.183, -1.23099
3.34241, 27.8118, -508.197
3.32882, 967.123, -2213.2
3.39076, 235.751, 57.6607
5.87226, 125.969, -23.8584
4.83484, 262.973, -122.758
6.85219, 430.101, 183.658
5.76023, -296.502, -69.5171
5.80464, 1452.21, 760.776
2.58037, -191.782, 562.359
4.30596, 4864.71, 2779.4
3.72747, 201.975, -176.542
6.93086, 381.15, 736.089
5.23701, -6149.63, 107.508
6.57209, -463.03, -478.499
5.24453, -630.655, -30.9968
4.16156, 566.838, -228.062
4.40213, -1606.78, -2844.72
2.52389, 1444.55, 284.429
6.95226, 272.192, -15.0077
6.16955, 868.259, 254.952
6.04239, -572.788, 302.014
5.1278, 1757.35, -2392.14
6.41065, 225.664, 395.927
3.42484, -31.5669, -217.835
5.72673, 184.911, -31.3138
3.42178, -31.3418, 90.7482
3.31214, -1180.04, 670.44
2.65594, 1234.99, 1335.35
7.42716, 228.865, -33.3531
4.04559, 101.749, -240.933
4.11075, -560.584, 9.38055
5.51155, 158.492, 11.9869
2.89107, 4644.67, -795.767
3.93936, 245.664, -132.415
5.79307, 232.296, -475.49
7.36348, -3.70591, -21.1115
7.27758, 3407.36, 1337.94
7.42745, 122.577, 64.6311
7.30478, 80.9506, -38.7259
3.0073, 708.177, 504.816
3.71505, 884.31, -151.964
6.91151, 307.415, -133.85
5.28805, 341.998, 90.18
6.7669, 159.798, -62.6629
7.49145, -332.665, -116.48
3.99751, -3936.61, 1682.58
6.33157, -7076, -2327.69
4.81901, 758.079, -414.201
6.8168, 717.053, -14.867
6.99018, 252.811, -204.063
7.377, 405.211, 42.1948
2.77405, 147.053, -274.888
6.32605, 376.698, -366.892
5.09219, 1449.32, -2205.03
3.46574, -395.057, -304.641
6.98252, 195.927, -385.483
6.38492, -56.4136, -107.868
2.75968, 652.234, -936.706
7.47331, 1391.87, -2265.48
5.93659, 124.854, 104.711
5.94854, 1466.38, 714.833
6.57666, 2519.02, -1176.27
7.05426, 415.595, -196.868
3.34218, 2136.71, 4279.27
5.24183, 2456.01, -1812.77
6.53351, 247.281, 36.9864
4.17803, -23.6184, 69.0687
5.53435, -447.928, 277.497
6.59602, 1347.65, -2039.01
7.3485, 90.4695, -147.777
6.29349, 68.6977, -130.172
3.72113, 145.68, -718.712
5.80589, 118.138, 99.8951
4.21574, 875.002, 200.297
7.27146, 176.489, 115.641
2.60828, 2471.24, -2842.97
4.54979, 130.292, 53.7541
2.55789, -3320.55, 3242.08
3.04964, 311.923, 1155.91
5.28259, 613.682, -794.709
4.45466, 253.322, 100.624
7.20539, 209.569, -220.755
2.55572, 189.1, -261.456
6.22897, 726.219, -1794.9
3.84293, 380.773, 243.031
4.27153, 61.6276, -542.374
3.45835, 5145, -5263.38
5.14832, 665.947, 486.764
4.39478, -794.426, -4465.24
3.16407, 253.932, -99.2738
4.26563, 326.625, 402.259
4.2497, -4264.05, 2242.39
7.41084, -2138.77, -1511.46
5.25961, -379.269, 34.4402
4.99918, -1903.37, -521.611
3.58531, 1372.1, -2028.83
4.37311, -412.858, -553.198
6.78251, 2702.88, 2409.91
6.45578, -2525.15, 5111.49
3.9204, 2495.32, -3094.07
5.07645, 647.565, 139.493
6.79238, 134.591, -142.535
7.07844, 452.923, 34.8319
7.48941, -1736.88, -1512.47
6.53177, 172.45, 264.906
5.22718, 286.425, 119.441
7.3461, 440.004, 610.952
5.31931, 1228.42, 164.531
4.03031, 74.3962, -936.058
5.41853, 415.475, -141.091
2.91197, 244.288, -91.028
5.47382, -36.4681, -29.4795
3.31968, 2368.53, 4523.94
6.46527, -226.317, -431.627
2.95373, -581.147, 1397.66
6.3072, 171.145, -355.634
6.83996, 136.191, 30.4521
6.40105, -27.6569, -192.363
6.61399, -1825.6, -320.124
6.70974, 165.783, 92.4291
4.48328, 150.701, -188.226
6.508, 243.502, -19.6729
6.56811, 66.0204, -6.53682
5.43493, 604.945, 1266.61
4.64621, 169.476, -10.3624
2.5002, -833.816, 400.407
5.31153, 3.18632, 36.8906
6.22632, 37.5737, 252.91
3.89846, 2919.24, 1708.26
2.93406, -670.876, -4080.01
3.5733, 528.187, 635.612
3.93296, 117.805, -113.863
4.86595, -487.442, -166.782
6.95893, -1689.59, -1495.92
5.91955, 135.036, 30.6833
3.54376, 205.146, -84.6718
6.67533, 252.025, -18.3805
7.09218, 325.477, 370.469
4.48244, -20.3474, 478.876
6.37858, 1639.09, 281.447
5.68161, -79.9931, 82.6177
6.64746, 286.005, -275.023
3.40204, 956.309, 297.568
7.45927, 170.808, 58.2683
6.70558, 22.9935, -156.929
4.65177, 680.595, -412.368
4.38589, -7.91278, -61.0574
2.70802, 263.558, -64.7711
6.80715, -585.967, -888.593
6.62116, -3717.52, 2290.93
6.25052, 1514.47, 1265.71
3.55801, 484.157, -535.458
4.31029, 110.058, -90.6932
4.43545, -215.628, -59.3315
7.32918, -2804.53, -1776.23
6.5872, 509.03, 130.093
4.5755, 998.789, -190.829
5.83759, -86.2731, 736.413
2.52101, -3614.79, 3701.7
6.98048, -66.2513, -210.476
3.68416, -286.86, 408.795
3.79415, -344.92, -180.493
5.4939, 376.204, 55.3328
6.89823, -334.591, -4.80054
6.16299, 241.363, 46.077
6.0773, 320.975, -10.4532
3.57724, 5242.87, -235.399
6.30413, -3616.37, 2841.54
3.85351, 209.229, 114.288
2.75246, 256.971, -21.8652
4.78866, -1497.33, 531.953
2.58759, 454.275, -66.9772
3.01129, 5242.97, -3368
2.639, 2083.81, -1204.91
5.65921, 111.524, -212.559
6.34425, 248.439, -42.8636
2.74132, 575.193, 156.544
6.6924, 510.055, 882.011
6.76899, 70.3375, -137.524
6.57649, -217.679, 599.95
6.85188, 309.962, -3778.98
5.27222, 32.1629, 17.4478
6.12646, 17.0867, 1019.02
3.20424, -3932.72, 3255.14
6.6115, 11.7108, -145.76
5.51185, -2321.48, -2672.15
4.93856, 132.919, 218.294
6.14942, -232.997, -310.362
4.05164, -1696.7, 1011.69
3.93925, 110.309, 245.501
5.45857, 1959.7, -2421.41
5.34055, -2678.82, 1456.22
5.41059, 2413.02, 1859.94
2.84132, -280.329, 429.463
4.34304, -1644.17, -272.985
6.28475, -24.5275, 341.691
6.35297, 703.564, 2639.32
4.27217, 146.341, 693.107
5.98913, -32.3943, -38.2253
5.08005, 1747.68, 1053.16
5.94494, 365.693, -269.776
6.18066, -1645.91, -1170.66
2.56231, -2400.89, -1664.78
7.16549, 273.9, -72.5104
5.37826, 413.047, 275.076
3.05587, 582.032, 651.829
4.87388, 316.07, 174.904
3.24247, 1642.53, -490.337
4.22594, -7449.16, -1673.75
7.04476, 240.353, -19.302
4.54571, 2509.12, -1104.57
5.96642, 257.214, -102.231
3.35865, 169.953, -229.977
6.21715, -4045.97, 1432.38
4.16319, 218.071, -278.014
4.62157, 220.23, 213.607
2.79523, 169.244, 745.411
5.09005, 151.998, -101.021
5.94425, -148.164, 323.994
5.01149, 158.817, -44.7819
6.56617, 141.561, 33.6341
3.07974, 104.308, -179.523
5.24841, 1139.17, -128.804
5.06046, 128.746, 289.009
6.02649, -1673.15, -1477.62
5.65083, 143.761, 73.7351
4.0207, 659.598, 317.335
6.74719, 113.662, -140.188
3.39619, 1265.16, -2041.92
2.61737, 172.216, -97.7818
4.19467, 139.483, 25.4486
3.43818, -1780.32, -1324.44
6.60467, 240.834, 183.935
6.72507, 119.776, 2709.09
6.78031, -2751.13, 1522.43
7.37454, 352.097, -502.314
2.99587, 291.827, 681.737
2.56182, -3341.57, -2548.1
2.58614, 461.26, 561.568
2.64527, -306.313, 327.836
4.1031, -1697.2, -1596.68
6.17815, -2772.53, 1619.44
3.14876, 4.3441, -45.6855
2.5161, -2320.86, -433.035
6.91905, 208.066, -48.4987
3.70482, 363.196, -287.823
4.38481, 409.538, 941.245
4.44879, 349.334, 330.373
2.81534, 3127.41, 1192.7
7.30792, 101.264, 73.5522
3.75349, 180.146, -105.963
6.85376, 334.851, 163.867
2.85991, 2551.9, -3481.8
2.70653, 3246.92, -2133
3.46378, -355.82, 43.0326
3.86708, -1736.29, -1868.3
7.4007, 131.987, -72.1701
3.60607, 1016.12, -4325.26
6.43119, 1453.02, -2173.17
4.42306, -88.5527, 1148.38
3.78593, -2518.54, 2855.63
3.91087, 539.808, 304.092
7.33834, 675.555, 34.717
4.22841, -89.348, -252.196
3.45922, -456.349, -560.435
5.05037, 262.167, -168.343
5.21857, 985.522, -3872.42
5.72333, 886.734, 96.3656
3.89738, -432.465, 207.256
3.41887, 627.296, -319.94
2.71579, 1981.77, -2320.1
3.98408, 621.336, 113.108
4.25548, 1176.49, -655.243
7.09372, 101.615, -32.1822
5.81225, 332.205, 100.451
5.08041, -1693.06, -1528.79
4.03763, 191.688, 19.4448
3.0007, 1682.42, 1795.88
3.47502, 152.959, 6.42032
4.11407, 2675.48, 2793.01
5.56182, 684.329, 302.469
5.13511, 2248.8, -1035.32
3.45653, -255.211, 868.81
4.7178, 4671.42, 2721.92
4.48693, 5384.16, -1049.99
6.28051, -2.90849, -295.475
6.6213, 324.666, 23.3377
5.51573, 264.773, -479.385
3.04573, 111.077, 146.193
4.11797, 2174.43, -565.619
5.03403, 138.184, 66.6004
4.76521, 14.7688, 431.245
4.77315, 197.133, -245.58
4.91125, 522.996, -99.3972
5.07896, -3778.81, 666.716
4.50207, -1911.39, -1008.73
4.22945, -470.064, -502.766
6.64533, 268.412, 413.134
3.02204, 2110.83, -1242.02
6.40057, 239.314, 23.303
3.19919, 842.636, -277.315
2.62171, 3244.69, 3703.9
6.0664, -184.65, 1174.27
7.15538, 307.331, -321.535
7.47667, 298.605, 151.498
3.86264, 101.707, -113.089
3.6923, -1743.06, 382.229
3.87328, -351.304, -2683.85
5.70836, 11.6101, -192.346
5.17637, 313.372, -5.59386
6.8967, -2395.14, 4162.52
6.75968, 7.10737, -231.794
2.98004, 128.747, -402.966
4.66818, 182.326, 71.3662
3.17045, -479.468, 257.796
5.86802, 167.081, 24.6481
5.34964, -144.902, -679.122
3.66474, 95.7293, -1134.4
5.50306, 109.64, -0.294546
2.6551, 24.9341, -32.2003
7.08512, 245.01, 94.6017
3.82958, 255.836, -441.718
6.50016, 122.587, 41.3883
5.46389, 235.756, -158.541
5.0822, 127.311, -86.3562
5.2567, 1557.88, -810.135
3.47225, 565.942, -322.732
5.36152, -2521.57, -129.696
3.81992, -539.952, 5548.96
4.41648, 2287.15, -4780.05
2.73626, -463.201, -482.47
4.22823, 125.691, 2.2819
3.61594, -2555.12, 6043.08
3.81264, -129.648, -215.554
3.05141, -113.432, 54.3549
7.40088, 241.151, 139.831
5.93794, 354.629, -57.2379
5.82158, -115.092, -230.068
5.99501, 353.321, 363.107
2.68746, 150.117, 11.2807
3.6706, 143.4, -84.7941
3.95397, -4612.51, -6945
3.50543, 82.1315, 269.911
2.7177, -2232.33, 3294.68
2.56571, 109.587, 117.197
6.07297, 4997.2, -1595.92
6.88348, -244.761, -280.225
5.35088, 1525.85, -2880.89
6.92743, -2523, -2861.16
5.20042, -1218.56, -163.575
3.31357, -1591.91, 287.232
3.30492, -2362.4, -1831.48
7.19182, 217.276, -248.845
3.45628, -70.7243, -230.109
3.15761, -2582.18, -203.045
4.41122, 0.73893, 152.985
6.12674, -582.457, 2492.05
2.50651, -5441.51, -436.118
4.60222, 3872.83, -2209.36
5.18984, -224.612, -57.4446
4.86596, -896.852, -592.033
6.33003, 319.127, -664.297
2.9396, -795.405, -542.148
7.04284, 288.686, -53.2757
3.20818, -517.176, 78.6583
2.54782, 88.0535, 622.073
2.82267, 419.061, -21.3572
4.96742, 225.701, -87.8447
5.40914, 129.106, 14.0269
4.03373, 3176.57, -5585.61
4.57091, 459.961, 380.458
4.33401, 1236.46, 1500.43
3.42687, 341.598, -2204.08
2.76788, -2266.9, -2181.07
4.47222, 273.436, -258.039
3.98388, -800.852, -1017.07
5.05388, -313.57, 28.6173
3.75392, 1935.46, -3192.37
5.01589, -927.969, 1699
2.51168, 802.463, -631.512
7.01807, -4558.42, 2152.54
2.79181, 2871.91, 2888.14
5.17506, 95.9469, 2726.98
3.95754, 2328.61, -1066.86
7.3023, 29.4705, 59.7101
4.73406, -2815.76, -1141.26
5.08479, -133.131, -226.333
5.93861, 290.653, 87.4448
2.72187, -55.1844, 560.336
7.2946, 3151.17, -2313.81
5.70852, 461.984, -191.441
2.80215, 120.929, 21.6676
3.33964, 103.629, -174.054
5.76491, 366.015, -399.339
6.19864, -289.921, 2154.89
3.57011, -350.139, -407.428
4.31441, 580.938, -1782.4
6.56981, -204.048, 373.291
5.32057, 334.74, 18.1717
7.45886, 236.752, -26.9212
6.5669, 160.545, -375.322
3.49157, 2806.61, -3609.29
2.50003, 356.852, -79.1073
4.62608, -2811.06, 3378.78
4.07406, 1687.85, 1071.14
5.56218, -3038.42, 470.664
3.83351, 112.928, -31.2987
4.39881, 1260.98, 567.489
5.43397, 168.626, 83.2987
5.95636, -1501.2, -221.459
7.26736, 146.585, -20.0515
4.89785, -122.252, 953.707
3.60319, 157.743, -273.234
5.33741, 896.459, 628.925
6.09873, 124.063, -126.755
4.4953, 1813.88, -23.9249
3.48326, 141.734, -185.513
6.66971, -32.1841, -189.015
5.59561, 5.15856, -747.851
7.26866, 261.988, -118.116
3.23222, -379.358, -20.7262
5.38953, 421.709, -97.6577
7.26796, 311.043, 18.2679
3.62331, -4521.83, 2115.59
7.25137, 106.488, 53.5357
3.07874, 1174.35, -544.163
2.58372, 669.627, 318.486
3.90465, -255.632, 517.426
7.15042, -192.837, -139.054
3.04796, -890.011, -423.619
6.77266, -87.5304, -243.458
5.68532, 171.802, 216.206
5.63853, 210.624, 58.1015
3.80589, -638.125, 1368.02
5.13936, -589.135, 207.383
7.16608, 1501.36, 659.469
3.98055, -1146.71, 164.773
4.78006, 215.873, 40.8308
6.35659, -847.043, 3846.73
4.17193, -1608.53, -2823.2
6.31775, 196.041, -65.6196
6.65892, -1897.92, 2081.41
2.64618, 2090.79, -1292.59
4.31315, -292.353, -548.521
4.16221, 296.357, 125.943
3.17675, 1622.6, 1531.15
3.00839, 1087.33, -3328.99
5.11327, 425.336, 226.851
3.52046, 102.94, 244.088
5.00728, 214.706, 411.293
5.1371, -4052, 2670.9
4.13422, 100.033, -193.593
4.75888, -82.0092, 676.101
6.85263, 570.709, -229.184
4.72884, 11.5671, 94.875
6.03726, -59.4918, -181.234
6.83171, -1683.51, 330.594
6.5822, 682.943, -639.572
2.67504, -3163.23, -1233.77
3.8644, -718.425, 1913.99
5.21858, -1191.49, 792.454
3.19942, 3214.74, -547.792
5.57408, 130.511, -6.34962
3.29182, 191.49, 196.667
4.41129, 589.765, -177.416
5.94997, -231.872, -265.436
3.21128, 3310.3, -15.6386
5.65284, -247.67, -46.3013
3.15973, -2739.98, -1458.46
7.13583, 427.109, 184.519
5.53465, 4367.21, -6674.55
5.50388, 165.357, 319.441
3.33635, 98.6979, 44.4395
3.301, -1159.35, 1790.67
5.91628, 251.074, 147.597
5.1456, 316.068, -165
3.65264, -1775.56, 998.279
6.55373, 101.392, -109.252
5.76477, 150.41, -198.624
4.08597, 111.307, 616.535
2.53953, 114.208, 546.066
3.49176, 90.954, 89.7282
3.78831, -0.470191, -263.554
3.03825, -93.5968, -314.684
3.49545, 350.743, -424.246
6.75079, -4699.94, 2512.48
6.63912, 203.371, -49.2989
6.76813, 183.573, 14.5594
5.71027, 217.808, 46.0985
3.6787, -2412.02, 2504.96
6.80638, 76.9485, -24.3858
5.4745, -127.099, -359.459
2.52745, -1660.2, -1246.93
6.84925, -404.219, -909.214
7.37729, 380.908, -139.757
5.59653, -1687.73, -1496.19
3.85574, 587.817, 176.044
7.46973, 202.349, 14.2508
4.60751, -1130.01, -440.163
4.20537, -434.486, 19.9434
4.80717, 193.659, 3.96249
4.44822, -926.289, -2546.54
4.613, -3975.03, -767.687
2.84879, 347.139, -361.671
5.5153, 378.051, -281.894
7.36114, 579.578, 58.986
5.07406, 256.833, -331.123
7.45461, 196.236, -42.9688
5.84906, -2115.48, -4988.63
4.01716, 213.96, 192.619
3.47371, 323.374, -8.09041
4.0109, -252.746, -208.833
4.93946, -20.652, 109.112
4.72438, 19.5876, -5.14703
5.7844, -524.748, 108.882
3.74227, 4865.25, 2778.55
4.72007, -1218.21, -1005.83
5.75894, 308.647, 117.428
6.67472, 94.1315, -197.243
6.03698, 209.039, 345.473
4.93928, 281.735, -352.87
6.72039, -107.632, -111.244
7.00296, 730.094, -686.835
6.33082, -247.771, 71.5866
5.29453, 460.37, 416.332
2.70603, -668.877, 127.427
5.46749, 543.633, 164.573
2.68674, 49.8656, -3327.63
4.53488, -411.962, 536.474
2.84243, 602.651, -12.5152
7.38558, 263.924, 206.643
2.5956, 1718.82, 2642.08
6.60363, 67.7856, -160.406
5.2195, 3259.29, -2696.58
5.72828, 570.592, -262.759
3.62934, -539.336, -92.6332
2.733, 476.041, 2681.97
3.63154, 344.712, 547.805
4.58371, 22.4349, -2255.22
6.40126, 433.764, 57.8465
3.72852, 1349.63, -2046.67
4.81411, 293.531, 157.242
6.14756, -660.245, -115.375
5.35237, 4517.74, -614.531
5.45997, -69.569, -225.667
4.98425, -784.787, -231.425
3.951, 171.262, 60.305
4.71107, 100.9, 490.985
2.53669, -2535.65, 5585.15
7.41683, 226.938, -80.188
2.52822, -15.2014, -144.887
4.8676, 1823.19, 661.966
5.86497, 3072.22, 5234.79
