6.27803, -3172.94, 1860.99
3.5948, -31.1344, 1293.74
5.89648, 21.3533, -50.227
5.09708, 310.821, 170.471
2.76731, 6031.44, -6160.1
2.53849, -2131.37, 2435.74
4.58743, 8432.64, 4997.99
7.15218, 136.032, 66.4237
2.95982, 67.9451, -47.9583
6.00595, -10.1556, -255.786
3.81226, 551.143, 36.2821
4.14117, 65.4644, 48.3398
7.45519, 809.323, -653.6
7.41275, 138.421, -106.998
5.75759, -381.41, -277.413
6.92354, 95.6296, -23.8317
6.33247, 365.241, -120.077
3.87453, -2399.9, -855.019
4.93259, -1398.58, -1053.67
2.80282, -7644.49, 1914.09
5.08146, -4.30533, -38.709
4.96988, -5354.45, 1984.15
7.23882, 538.808, 100.44
4.42071, 153.711, -80.2724
5.14874, -4058.18, 1067.83
2.75042, -318.195, 5366.48
6.63909, -22.1322, -134.361
5.94228, 702.103, -128.282
6.18112, 770.626, 28.7552
6.94286, -3988.22, -3487.41
4.25508, -390.615, 408.625
6.72991, 252.157, 309.273
3.84659, 781.883, -200.768
4.83959, -277.905, 694.414
3.2686, 381.772, 119.921
2.66527, 722.534, -449.751
7.2768, -1406.65, -1000.79
6.95369, 338.638, -244.91
3.29884, -452.814, 441.939
3.15214, 1595.89, -835.165
2.515, 3206.62, -565.338
6.0491, -40.3217, -156.278
3.40448, 739.632, 137.067
5.76029, -932.743, 306.403
4.42907, -184.738, 99.665
3.23766, 1356.32, 1479.48
5.45054, 828.464, 400.575
3.24076, 2937.46, -1391.33
3.2091, -2413.49, -1395.52
4.94257, -386.882, -182.968
3.13015, 179.644, -704.915
5.64635, 1019.37, 162.466
5.60817, 219.876, 44.7733
4.88216, 3664.46, -5055.66
2.64188, -399.66, -192.759
3.21011, 4413.22, -653.189
3.15594, 257.203, 57.5714
3.31099, 1592.5, -2395.94
3.76529, -443.933, 204.388
4.77654, -5082.84, 2483.14
6.54472, -75.9615, -926.964
3.57624, 182.28, 23.2827
3.75063, 112.952, -92.6984
5.02978, -1105.53, -2004.45
6.27922, 95.3935, 21.1826
5.66369, -1747.43, -3563.27
5.9449, -2299.82, -1704.26
7.27207, 303.402, -548.602
5.18713, 5268.23, -2670.83
4.57014, 116.005, -2211.75
4.70019, -417.93, -568.594
6.07821, -1866.57, -1842.05
6.20858, -2701.29, -2037.96
5.12494, -3463.31, 2787.07
6.06711, 134.524, -150.374
5.91025, 236.909, -76.0779
6.82941, 2108.83, -1694.12
3.19597, 528.969, 1747.42
3.57766, 80.8081, 83.1406
5.0733, 1236.39, 2202.75
4.83766, 179.528, 35.4219
3.55759, 3922.39, -3987.33
5.65244, -269.337, 455.274
2.5044, 3098.71, -4459.16
4.09589, -788.5, -2813.77
5.90281, 178.985, -60.3944
6.0446, 261.902, -183.286
2.90869, 397.268, 150.385
3.56926, -419.045, -462.842
4.44412, -38.8891, -251.41
4.44927, -4010.82, -1363.58
3.92018, 14.4435, 654.105
4.6123, 218.698, -104.498
2.55658, -2186.88, -125.76
3.72027, -5501.44, 2893.83
4.49072, -2109.98, -3628.55
6.64177, 566.059, 168.185
3.78584, 543.015, -374.063
3.59705, -1258, 523.532
6.47385, 164.453, -51.7638
5.8476, 1212.65, -385.219
5.49108, 342.051, 761.019
5.99917, 2656.72, 1733.56
5.13062, 161.065, -235.358
4.14833, 278.022, 126.015
3.30844, 6029.49, 1050.12
6.56633, 202.915, -96.3529
4.08004, 118.231, -649.641
4.05369, 718.735, 317.095
4.65424, 171.396, -75.3965
4.46509, 572.615, 92.8196
4.43916, 466.161, -348.652
4.34871, 186.83, 139.468
5.88118, 192.313, -70.8019
6.10384, 175.931, -430.444
7.20082, -2373.8, 936.299
5.08573, -84.138, 99.5839
5.5282, -418.511, -232.286
5.85049, 1588.51, -2381.61
5.11404, 412.374, 47.9027
3.87105, 541.961, 53.0884
7.08924, 108.026, -49.5931
3.73367, 580.861, -122.982
4.77876, 578.171, -85.9761
3.30374, 377.075, -96.381
4.68319, -1.49449, -268.619
7.45767, 791.461, -251.496
6.26931, 3917.58, -3837.39
4.97846, 77.9623, -822.787
7.01651, 299.077, 30.6994
4.68213, -472.51, 233.173
5.09239, 2163.62, -1702.77
4.44866, -1848.81, -2988.62
5.63431, 216.403, -23.6044
5.19331, 255.834, -27.8716
4.35955, 74.8817, 1124.42
2.54674, -249.263, -715.037
6.3794, 131.441, -124.192
2.85317, -542.989, -647.834
3.98511, 217.823, -7.33117
4.78581, 187.067, 1433.01
3.25156, 657.041, 199.456
5.97819, 149.998, -499.362
4.15587, -529.512, -617.205
5.21197, -3386.38, 5994.87
2.64678, -3342.29, -2117.23
5.38086, 52.7059, 149.132
5.18133, 124.539, 139.581
7.36678, 685.02, 124.674
5.57063, 174.612, -73.3985
5.26431, 2626.35, -4517.94
6.69051, 1266, -137.677
3.75764, 392.691, -1128.13
6.98957, 295.135, -36.6704
5.97428, 358.501, 235.081
5.82752, -436.944, 2348
3.06838, 464.606, -689.48
3.37987, -1591.03, -762.081
2.91253, -1683.52, 2741.08
6.68103, 368.485, 61.3905
2.64818, 556.09, 3640.08
6.34719, 302.11, 2.0957
4.29829, 235.429, -3543.82
6.24626, -805.389, -293.818
6.28385, 313.998, -7.27825
3.60834, 2471.25, -1339.53
5.58305, -313.919, 232.253
3.66846, 588.047, 245.756
6.22052, -23.1132, -3505.74
5.80997, -327.097, -860.312
4.9209, -3318.48, 5969
2.58972, 827.687, 383.31
4.98291, 50.2696, 269.233
5.09587, 189.329, -27.4072
4.71395, 703.124, 3259.29
4.14528, -2380.68, 1441.62
3.52671, 236.393, -133.228
7.19863, -2.92734, 1210.79
2.85168, 1150.05, 2953.86
3.30042, 461.409, -1145.33
6.70788, 287.825, -82.0157
4.13614, 114.88, -165.247
6.85942, 335.889, -60.3662
5.99896, 265.167, -46.2107
5.52801, 520.971, -204.715
4.77536, 675.022, -366.251
2.91543, -28.804, 968.813
3.94883, -3347.32, -890.201
6.51009, 155.763, 3.22615
6.81821, 182.803, -1108.95
3.81831, -4601.51, 361.536
4.79881, 658.677, 104.11
4.95672, 233.024, 39.5343
5.82344, 1552.74, -2415.34
7.31738, 236.027, 112.479
7.23022, 9.09643, -89.2118
2.81902, 1637.54, -2.64682
5.04829, -792.913, -605.209
6.13222, 162.98, -41.8387
5.65882, 155.248, -47.6048
3.26658, -264.828, -410.654
5.09652, 704.042, 3263.53
3.52281, 5803.64, -1835.01
6.03231, 272.605, -90.8678
6.05786, -1218.5, 6178.83
3.66304, 131.636, 400.824
6.80594, -100.615, -157.507
2.67122, -69.1166, 291.276
6.26587, 789.831, -105.259
4.14789, 337.171, 646.731
4.65309, 5227.82, -1339.62
7.33455, 202.131, -25.3357
4.05803, -1755.76, -1736.45
5.69762, -6039.07, -61.9984
5.95386, 215.9, -74.5205
5.36403, -457.876, 410.255
6.60667, -3383.58, 5995.55
4.21807, -3673.84, 1434.51
5.09387, -268.419, -70.6638
6.78438, 141.046, 833.982
6.18587, 191.207, 896.304
3.45992, 1366.91, -652.638
2.83145, 131.974, 63.2183
3.60828, -4340.8, 2727.37
3.33656, 167.928, -135.431
6.31172, 245.267, 110.861
5.44905, 1629.62, -2158.43
4.65223, -6318.34, -456.939
7.09618, 1681.23, -50.1296
5.09668, -946.566, -1486.02
7.38058, -620.245, 85.5209
5.15714, -2.63731, -136.29
2.98716, -1153.08, 733.415
5.83983, -668.936, -643.027
5.44444, -597.216, 2784.66
5.01137, 229.723, 87.3179
2.75808, 499.913, 1398
2.6753, -212.508, 420.506
4.41484, 233.032, 540.969
5.55555, -2683.63, -3005.46
5.06574, -6326.79, -458.758
5.98498, 29.4043, -206.395
4.89891, 173.095, -304.634
3.88323, -6467.72, 45.9299
6.01685, -289.951, 3012.32
3.67701, 303.029, -297.981
6.41501, 139.69, -68.1232
6.60589, 734.926, 476.419
3.21842, 4019.2, 3483.93
5.75757, -434.064, -280.109
3.87677, -1252.48, -1760.1
7.26215, 2952.9, -1188.74
4.58238, 483.438, 366.101
3.03869, 361.19, -139.818
4.70633, 277.154, -147.064
6.28811, 104.057, -673.58
2.77803, -131.498, -17.3068
3.51241, 205.1, 1.36627
6.82305, 124.963, -111.629
6.52456, 603.475, 91.9588
2.78861, 630.91, 1987.64
4.40304, 301.093, -88.5357
4.56124, 153.301, -168.845
2.80071, -1087.59, -426.544
7.09746, -1175.95, -1048.81
3.35398, 157.118, 45.1959
6.51634, 133.641, -552.647
3.88599, 2549.73, -709.949
4.44586, 222.685, 30.819
7.19936, -2022.52, 1062.52
6.24573, 102.741, 3086.03
3.44774, 4342.8, -4437.29
6.89581, 166.183, 122.265
6.8953, 412.455, -64.9249
3.30515, 173.543, -1616.7
5.87346, 521.017, 355.938
6.89096, 269.739, -63.0911
6.98262, -757.312, 4011.21
3.06535, -15.1789, -101.895
5.93789, -1696.45, -1337.91
3.21651, 267.889, -668.815
3.6901, -841.895, 257.175
5.64383, 3124.61, -2135.52
4.312, 274.595, -229.016
4.64437, -1968.7, -1815.74
4.91936, 1690.13, -1965.73
6.20379, 60.1288, 1691.98
3.23098, 467.569, -190.029
7.36238, 322.15, -38.3441
7.3158, 90.5454, -17.329
3.14741, 2775.58, -1736.85
5.3784, 354.061, 175.959
4.66439, 100.74, -649.313
5.50066, 319.648, 192.378
5.85098, 180.414, 392.602
4.5137, -3273.42, -1115.77
6.46691, -1876.82, -1663.52
4.89889, -3827.47, 1909.62
5.72449, -160.409, 429.024
4.28836, 6058.19, -952.802
5.96794, 79.1858, -868.209
5.83428, 946.779, 461.622
3.22071, 233.105, 133.901
7.10415, 171.439, 137.164
4.22228, 1204.98, 4149.67
6.66824, 61.7223, -185.958
2.74349, 137.163, -972.107
3.27936, 1421.17, -2295.14
2.55765, 415.285, -339.077
3.94327, 147.159, 107.813
5.07295, 101.952, -31.7679
3.65948, 1171.58, -3742.36
2.75022, 685.894, -257.645
5.33091, 548.82, 141.863
6.69774, 663.045, -76.8841
4.28763, 348.198, 157.502
4.3452, 157.088, -1003.39
7.22226, 122.833, -25.2144
4.72425, -1440.25, 45.8557
6.82086, 200.437, -77.8263
5.82654, 252.275, 326.686
5.79297, 159.354, 169.803
7.10736, 2806.16, -2044.99
5.11536, -3458.23, 2783.64
5.45229, -27.4706, 868.796
5.79944, -239.662, -2851.41
4.24765, -1692.57, 1130.96
4.11714, 409.399, 458.269
7.08984, 227.565, 753.051
3.08619, -5101.01, 1956.7
7.31268, -407.743, 270.02
5.17978, 360.632, -303.388
5.81447, 1729.3, 946.591
5.48362, -5310.59, 2530.98
6.93363, 7.45562, -1185.74
6.67999, -22.568, -36.1879
6.69339, 271.993, -48.2638
6.85642, -217.542, -225.251
2.5002, -389.256, 2413.5
4.77274, -1029.59, -3124.49
4.25696, 1692.25, 119.226
5.80713, 5312.02, -4077.16
6.22234, 1.13424, 309.969
3.3821, -1043.07, -4587.99
7.4621, -1303.42, 1526.83
5.95466, 308.783, 45.6126
6.97862, -404.602, -15.1513
3.51579, -1350.53, -482.038
7.2356, 782.306, 392.487
4.88476, -4877.57, 2639.01
6.78578, -4338.82, 2724.4
6.41237, -132.41, -107.227
5.70687, -3337.99, 3245.77
3.14521, 546.097, 35.319
5.77944, 118.715, -499.131
3.09199, 308.155, -103.573
3.88793, 2843.59, 771.2
6.65548, 122.001, 2646.51
6.14153, 4086.03, 5256.99
6.74348, 4557.81, -3408.17
3.43989, -562.884, 224.717
6.09602, 190.625, -5.65093
4.25586, -26.5821, -679.471
3.34555, 298.381, 280.742
4.52383, -4883.39, 567.696
4.20924, 107.697, -39.8081
6.67141, -182.914, 236.423
3.9111, -3753.62, -6085.4
5.16766, 3853.2, 2230.73
6.25085, 1142.61, -2038.45
4.62554, 548.225, 264.702
4.66964, 1009.01, 113.37
3.03022, -3625.62, -2592.87
6.4639, 153.556, -104.682
3.91232, 369.239, -135.423
7.14264, 4046.26, 6224.52
5.37926, 371.663, 118.94
3.4895, -385.585, -93.9209
5.99081, 109.849, -90.9768
3.07265, 590.659, 95.0398
4.22945, -35.1619, -633.678
4.15646, 71.8992, -91.0717
6.42735, -5280, 2524.06
6.65775, -85.7233, -148.832
4.21712, -35.0443, 13.1451
4.2603, -748.343, -92.2815
6.38197, 102.899, 57.9271
6.58658, 399.196, -462.719
4.26157, -87.6224, -516.479
7.09559, 216.299, -122.305
3.2877, 403.334, -23.2768
5.56029, -30.7427, 83.4805
5.54222, 188.98, -118.109
3.16647, 2997.01, 3093.39
3.51409, 3825.98, 5224.18
4.79457, -58.8252, -160.234
3.48759, -414.829, 1555.71
6.77118, 511.436, 345.725
6.54562, 965.432, 850.487
2.80131, 2582.52, -1751.41
6.50584, 1637.97, -4800.6
5.49597, 260.097, 67.7621
7.43182, -82.8006, 21.3366
2.65919, -551.436, 9.40752
6.8356, -3243.49, 3882.08
3.69109, -1752.63, -677.117
3.6127, 1975.61, 815.852
4.73907, 6671.93, 3111.17
2.61231, -17.6144, 83.1346
6.79755, 287.705, 38.8272
4.15902, 479.182, -4049.17
5.72195, 885.996, -421.84
7.43521, 368.685, 36.8287
5.30162, 174.167, -50.2395
4.74553, 163.538, -159.149
5.213, 38.4513, -145.421
2.90797, -2195.94, 767.924
3.99606, 1566.44, 2899.98
6.63964, -3678.88, -680.836
6.48936, -4184.34, 1787.32
5.71048, 462.895, -52.2526
4.84105, 308.567, -84.0942
7.15326, 597.034, 1987.72
5.08798, 363.622, -733.091
7.42924, -4333.98, 2735.61
5.94567, -245.639, -299.409
6.19966, 187.991, 315.687
3.46323, 1247.76, 1441.89
6.08881, 2910.25, -1696.78
6.11146, 1010.89, -393.82
6.49298, 250.564, -51.0079
4.23216, -4949.36, 329.304
5.1481, -1991.97, -1078.7
3.19001, 1262.37, -351.386
6.73218, 33.2436, -192.715
6.32766, -468.721, -572.778
7.5, -5282.04, 2521.36
4.24891, -7547.62, -2459.3
5.50367, -321.279, -43.1259
3.50808, -462.471, 3344.36
6.2385, -3469.14, 556.649
6.49225, 789.708, -152.202
3.03505, -844.257, -396.269
5.35813, 249.481, -10.8195
2.84683, -4953.59, 1652.24
4.16036, 267.085, 568.465
5.80945, 161.387, -94.8379
5.27726, 418.257, 3805.36
7.12415, 373.466, 489.008
2.69832, 315.172, 2714.37
2.62083, 815.565, 1056.03
4.61923, 275.287, -1.87399
4.36987, -952.777, 351.284
2.93303, 3493.4, 3444.16
3.05403, 33.587, -167.872
5.31992, -4776.34, 146.755
7.37269, 239.237, -76.6021
3.05066, 121.175, -3686.4
5.99352, -2977.72, -3267.85
2.79674, 64.6483, 693.651
4.69755, 497.192, -474.043
5.24651, 1152.94, 542.633
3.45129, -133.723, 244.538
7.36597, 295.799, -215.046
3.19593, 156.662, -56.1986
5.48978, -2982.16, 279.327
7.12812, 338.212, 613.584
3.91116, -1406.84, 317.607
6.8307, 498.319, -470.286
6.29598, 887.463, -1306.75
6.10793, 318.862, -247.444
3.34241, 166.65, 72.0166
3.32882, 1270.76, -2492.52
3.39076, 125.606, 1.86816
5.87226, 209.371, 109.525
4.83484, -226.931, 500.57
6.85219, -14.9636, -55.4078
5.76023, -541.69, 208.864
5.80464, 1704.55, 942.123
2.58037, 31.8714, 333.094
4.30596, 5654.45, 3198.49
3.72747, 141.767, 735.018
6.93086, 136.778, 330.119
5.23701, -7175.11, 129.694
6.57209, -557.392, -390.916
5.24453, -99.3499, 3.9747
4.16156, 829.605, -349.096
4.40213, -1768.02, -3174.85
2.52389, 1908.19, 381.84
6.95226, 163.941, -78.3378
6.16955, 926.536, 270.582
6.04239, -365.283, 268.538
5.1278, 1919.39, -2725.95
6.41065, 204.116, 368.032
3.42484, 343.971, -187.645
5.72673, 190.589, -161.586
3.42178, 150.704, -80.5252
3.31214, -1102.95, 692.659
2.65594, 1232.44, 1467.36
7.42716, 72.8101, 167.201
4.04559, 433.966, 195.58
4.11075, -339.255, -0.85719
5.51155, 170.494, -67.9508
2.89107, 5458.35, -977.302
3.93936, -451.328, -86.0556
5.79307, -24.9042, 341.932
7.36348, -195.457, -99.2586
7.27758, 3927.52, 1565.66
7.42745, 325.931, -281.934
7.30478, 233.772, 10.0134
3.0073, 921.837, 243.983
3.71505, 482.781, -28.2605
6.91151, 783.647, 42.0837
5.28805, 261.407, -53.5494
6.7669, 243.356, -63.9525
7.49145, -140.225, -101.147
3.99751, -4613.84, 1876.2
6.33157, -8310.49, -2708.17
4.81901, 890.196, -1022.91
6.8168, 97.4288, -4.06345
6.99018, 48.7909, 143.452
7.377, 783.682, 28.0636
2.77405, 574.576, -326.611
6.32605, -67.9226, -479.763
5.09219, 1551.19, -2376.73
3.46574, -604.154, 46.9548
6.98252, 81.6836, 72.7973
6.38492, 230.329, -210.706
2.75968, 762.56, -1450.3
7.47331, 1551.3, -2499.14
5.93659, 227.571, 37.6892
5.94854, 1727.79, 939.989
6.57666, 2882.56, -1376.85
7.05426, -71.1337, 33.9821
3.34218, 2526.33, 4933.43
5.24183, 2792.44, -2102.52
6.53351, 183.221, -61.433
4.17803, 427.118, -22.2403
5.53435, -143.033, 547.466
6.59602, 1616.45, -2228.24
7.3485, 302.773, 172.586
6.29349, 555.103, 370.882
3.72113, 72.7424, -1071.62
5.80589, 543.616, -37.4091
4.21574, 493.109, -69.9944
7.27146, 263.883, -147.389
2.60828, 2923.87, -3216.13
4.54979, 328.766, -37.9838
2.55789, -4035.95, 3750.41
3.04964, 326.821, 1509.47
5.28259, 417.091, -441.86
4.45466, 92.0781, 13.4708
7.20539, 206.513, -30.1925
2.55572, -254.793, -67.3064
6.22897, 997.881, -2393.94
3.84293, 78.1481, -47.3949
4.27153, 30.3798, -266.533
3.45835, 6044.1, -6197.5
5.14832, 606.426, 365.552
4.39478, -908.219, -5192.36
3.16407, 132.442, -4.79768
4.26563, 115.262, 176.008
4.2497, -4905.21, 2544.01
7.41084, -2316.52, -1690.54
5.25961, 136.351, 130.559
4.99918, -1975.65, -554.522
3.58531, 1448.82, -2154.84
4.37311, -309.892, -784.222
6.78251, 3168.19, 2845.36
6.45578, -2969.49, 6030.66
3.9204, 2829.23, -3568.51
5.07645, 30.2051, 190.761
6.79238, 274.638, -48.9956
7.07844, 338.342, 159.669
7.48941, -1852.84, -1598.43
6.53177, 361.198, -215.505
5.22718, 156.972, -504.197
7.3461, 762.297, 436.207
5.31931, 1217.62, 343.196
4.03031, -157.167, -662.242
5.41853, 342.347, 91.1127
2.91197, 214.493, -406.367
5.47382, 340.682, 175.209
3.31968, 2755.48, 5346.14
6.46527, 102.966, 75.7772
2.95373, -470.947, 1580.65
6.3072, 74.7801, -699.48
6.83996, 124.382, -6.59387
6.40105, 198.784, 33.7973
6.61399, -1907.17, -297.646
6.70974, 160.036, -228.877
4.48328, 365.609, 415.452
6.508, 193.943, -113.148
6.56811, 368.754, 149.104
5.43493, 500.276, 1118.65
4.64621, 143.849, 589.257
2.5002, -1134.27, 440.763
5.31153, 278.067, 93.8389
6.22632, -474.768, 579.863
3.89846, 3305.13, 1973.55
2.93406, -804.745, -4673.45
3.5733, 787.294, 963.637
3.93296, 708.838, -86.18
4.86595, -212.444, -170.826
6.95893, -1879.87, -1612.06
5.91955, -403.168, 290.676
3.54376, -207.378, -196.587
6.67533, 263.684, -8.85046
7.09218, 161.647, -352.749
4.48244, 347.008, 422.799
6.37858, 1726.39, 153.039
5.68161, 614.977, 129.412
6.64746, -166.384, -307.124
3.40204, 1536.38, 431.168
7.45927, 208.407, -39.4828
6.70558, 253.845, 52.5513
4.65177, 496.462, -672.384
4.38589, 158.366, 15.1725
2.70802, 529.776, -509.848
6.80715, -670.08, -1031.88
6.62116, -4281.63, 2580.13
6.25052, 1734.61, 1259.05
3.55801, 247.882, -129.677
4.31029, -348.763, -320.216
4.43545, -333.623, -279.563
7.32918, -3149.81, -1978.36
6.5872, 587.209, 88.096
4.5755, 1779.79, -284.765
5.83759, -213.36, 659.628
2.52101, -4167.89, 4356.26
6.98048, 29.639, -97.5226
3.68416, -302.346, 925.328
3.79415, 272.155, -44.7834
5.4939, 1050.57, 131.314
6.89823, 469.099, -80.6411
6.16299, 225.917, -352.362
6.0773, 693.064, -280.954
3.57724, 6085.57, -271.902
6.30413, -4151.14, 3269.7
3.85351, -74.9196, -413.239
2.75246, 265.883, -74.3935
4.78866, -1784.17, 509.794
2.58759, 174.635, 298.508
3.01129, 6187.29, -3942.29
2.639, 2837.38, -1696.57
5.65921, 227.167, 127.018
6.34425, 148.489, 100.858
2.74132, 566.321, -4.59051
6.6924, 412.251, 728.015
6.76899, 348.01, -100.625
6.57649, -245.287, 736.569
6.85188, 420.44, -4367.9
5.27222, 794.05, -150.946
6.12646, 40.349, 747.283
3.20424, -4513.09, 3826.02
6.6115, 261.049, 3.5038
5.51185, -2686.37, -3011.8
4.93856, 231.013, -473.566
6.14942, 366.082, 105.483
4.05164, -1776.6, 1139.99
3.93925, 236.928, -439.532
5.45857, 2163.54, -2690.85
5.34055, -3095.62, 1694.41
5.41059, 2641.24, 2123.21
2.84132, -443.403, 383.702
4.34304, -1682.16, -458.316
6.28475, -376.025, 201.338
6.35297, 642.873, 2984.27
4.27217, 305.824, 587
5.98913, 460.205, -24.4126
5.08005, 1776.72, 1134.6
5.94494, 671.751, 144.598
6.18066, -1717.21, -1271.53
2.56231, -2768.46, -1749.24
7.16549, 241.327, -52.0862
5.37826, -52.0914, -243.182
3.05587, 920.314, 366.821
4.87388, 12.7432, -246.45
3.24247, 1797.18, -844.43
4.22594, -8708.96, -1942.61
7.04476, 192.876, -113.474
4.54571, 2805.18, -1343.76
5.96642, 47.9347, -74.91
3.35865, 142.755, 107.776
6.21715, -4737.41, 1654.26
4.16319, 88.1818, 150.044
4.62157, 32.2876, -60.7676
2.79523, 275.888, 368.664
5.09005, 166.885, -91.854
5.94425, 147.592, 169.3
5.01149, 128.175, -91.6356
6.56617, 242.164, -35.8972
3.07974, 75.4376, -516.557
5.24841, 997.36, -342.237
5.06046, 606.099, 127.833
6.02649, -1842.04, -1657.61
5.65083, 199.538, -18.6298
4.0207, 373.836, -164.154
6.74719, 249.834, -123.202
3.39619, 1556.47, -2254.26
2.61737, 281.504, 743.769
4.19467, -186.398, -139.303
3.43818, -1903.38, -1493.19
6.60467, 37.2106, -192.595
6.72507, 127.645, 3040.55
6.78031, -3106.74, 1689.52
7.37454, 196.794, -85.2161
2.99587, 61.8578, 650.065
2.56182, -3915.84, -2938.04
2.58614, 626.855, 713.463
2.64527, -339.161, -97.4381
4.1031, -1784.8, -1641.55
6.17815, -3157.05, 1887.24
3.14876, 706.944, 167.011
2.5161, -2889.28, -576.358
6.91905, -600.733, -499.146
3.70482, 346.503, -65.0769
4.38481, 274.266, 1230.48
4.44879, 124.958, -120.037
2.81534, 3632.58, 1380.45
7.30792, 99.4937, 4.49271
3.75349, 67.6136, 53.1704
6.85376, 231.535, 35.6182
2.85991, 3010.95, -4076.74
2.70653, 3911.43, -2448.29
3.46378, -589.93, 233.014
3.86708, -2050.3, -1946.01
7.4007, 289.502, -34.6604
3.60607, 1196.37, -5004.29
6.43119, 1587.7, -2387.25
4.42306, -246.633, 1496.33
3.78593, -2873.56, 3304.77
3.91087, 258.75, 394.747
7.33834, 1108.45, 362.261
4.22841, 299.776, 48.7063
3.45922, -571.743, -751.976
5.05037, 8.38768, 152.883
5.21857, 1121.53, -4472.66
5.72333, 1033.76, -147.333
3.89738, -828.32, 187.932
3.41887, 416.734, -442.277
2.71579, 2202.72, -2559.01
3.98408, 377.284, -151.886
4.25548, 1006.38, -604.522
7.09372, 310.186, -151.029
5.81225, 246.997, 542.894
5.08041, -1937.22, -1588.72
4.03763, 99.7849, -131.626
3.0007, 1839.18, 1976.66
3.47502, 274.92, 11.5366
4.11407, 3089.48, 3163.26
5.56182, 291.806, 156.227
5.13511, 2775.09, -1299.41
3.45653, -23.659, 625.946
4.7178, 5420.52, 3178.77
4.48693, 6250.47, -1219.39
6.28051, -0.766925, -525.461
6.6213, 722.853, -306.786
5.51573, 11.2666, 278.223
3.04573, 206.432, -432.081
4.11797, 2357.56, -671.424
5.03403, 171.354, -70.8695
4.76521, 194.43, -293.092
4.77315, 696.332, 79.1195
4.91125, 57.2973, -42.1259
5.07896, -4306.21, 750.925
4.50207, -2134.71, -984.288
4.22945, -516.311, -400.586
6.64533, 216.213, -283.73
3.02204, 2243.4, -1474.34
6.40057, 46.826, -5.95659
3.19919, 932.248, -533.02
2.62171, 3777.81, 4279.34
6.0664, -99.7175, 1199.32
7.15538, 384.327, -239.637
7.47667, 371.268, 124.501
3.86264, 295.8, -47.1877
3.6923, -1884.03, 244.059
3.87328, -425.207, -3027.17
5.70836, -486.217, -579.811
5.17637, 322.529, 64.7096
6.8967, -2747.97, 4823.35
6.75968, -237.872, -52.3119
2.98004, -103.181, -517.121
4.66818, 168.868, -111.101
3.17045, -231.191, 307.326
5.86802, 247.497, -11.2719
5.34964, 112.869, -638.551
3.66474, 103.526, -927.575
5.50306, 829.597, 198.175
2.6551, 228.016, 3.1014
7.08512, 135.815, -3.89129
3.82958, 391.826, -686.634
6.50016, 209.196, 67.92
5.46389, 218.122, 125.189
5.0822, 700.111, 25.5376
5.2567, 2087.55, -1086.33
3.47225, 720.83, -254.395
5.36152, -2878.56, -37.4291
3.81992, -612.565, 6564.31
4.41648, 2696.75, -5577.73
2.73626, -557.19, -394.893
4.22823, 467.31, 141.372
3.61594, -2926.83, 7029.93
3.81264, 33.2038, -266.124
3.05141, -111.08, 103.118
7.40088, 331.878, 19.6287
5.93794, 711.051, -301.305
5.82158, 405.176, -192.656
5.99501, 639.363, 326.189
2.68746, 134.07, -29.93
3.6706, 234.379, 27.1444
3.95397, -5429.13, -8169.92
3.50543, 172.667, -166.08
2.7177, -2569.1, 3844.7
2.56571, -829.551, 130.331
6.07297, 5801.18, -1834.13
6.88348, 430.445, 89.3617
5.35088, 1755.4, -3263.5
6.92743, -2939.36, -3363.29
5.20042, -1525.1, -442.71
3.31357, -1699.02, 183.404
3.30492, -2680.99, -2029.35
7.19182, 201.126, -38.9019
3.45628, -35.7038, 394.938
3.15761, -2879.79, -321.48
4.41122, 528.608, -399.978
6.12674, -582.846, 2777.77
2.50651, -6325.75, -452.117
4.60222, 4494.92, -2548.11
5.18984, -613.271, -75.0904
4.86596, -1214.56, -642.138
6.33003, -20.587, -428.723
2.9396, -896.572, -843.523
7.04284, 55.9333, 303.738
3.20818, -234.831, -369.233
2.54782, 167.357, 635.011
2.82267, 127.999, 541.467
4.96742, 30.8426, 315.195
5.40914, 222.988, -177.463
4.03373, 3719.45, -6507.97
4.57091, 436.116, 252.223
4.33401, 1555.59, 1815.37
3.42687, 414.557, -2346.32
2.76788, -2652.23, -2424.36
4.47222, 403.611, -85.662
3.98388, -1200.12, -1355.29
5.05388, 228.396, 75.4373
3.75392, 2237.85, -3630.33
5.01589, -1255.2, 2198.8
2.51168, 392.329, -567.349
7.01807, -5288.02, 2517.15
2.79181, 3248.49, 3357.69
5.17506, 206.243, 3065.09
3.95754, 2635.61, -1102.96
7.3023, 263.609, -42.2102
4.73406, -3165.93, -1223.66
5.08479, 194.639, 17.8363
5.93861, 730.029, -538.901
2.72187, -29.8499, 250.228
7.2946, 3615.7, -2626.07
5.70852, 93.4161, -198.585
2.80215, 184.57, 48.5956
3.33964, 570.153, -91.3971
5.76491, 212.554, -269.258
6.19864, -436.031, 2359.54
3.57011, 40.59, -616.481
4.31441, 737.009, -1871.64
6.56981, -264.963, 457.451
5.32057, 267.664, -12.1966
7.45886, 166.804, -153.276
6.5669, 301.258, 131.04
3.49157, 3266.42, -4156.31
2.50003, 59.7718, 144.742
4.62608, -3261.72, 3895.33
4.07406, 1815.83, 1138.42
5.56218, -3450, 567.224
3.83351, 332.16, 114.393
4.39881, 1499.3, 471.705
5.43397, 150.363, -199.802
5.95636, -1965.98, -27.9456
7.26736, 153.877, -34.8776
4.89785, 42.1977, 920.297
3.60319, 272.176, 553.135
5.33741, 925.23, 692.308
6.09873, -222.706, -201.743
4.4953, 1840.4, 59.7412
3.48326, 224.223, 232.897
6.66971, 335.027, -59.2708
5.59561, -49.9557, -365.138
7.26866, -163.614, 187.567
3.23222, -572.748, 345.374
5.38953, -122.227, -73.8136
7.26796, 138.563, -168.772
3.62331, -5355.36, 2602.57
7.25137, 111.867, -56.6946
3.07874, 1073.89, -475.219
2.58372, 529.267, -6.62433
3.90465, -152.364, 246.476
7.15042, 40.9626, -419.406
3.04796, -616.931, -332.346
6.77266, 393.606, 43.4531
5.68532, 280.207, -171.781
5.63853, 226.265, -107.205
3.80589, -675.391, 1368.83
5.13936, -839.321, 229.664
7.16608, 1962.49, 848.967
3.98055, -1201.69, 83.7303
4.78006, 95.8411, 37.2166
6.35659, -1032.66, 4456.69
4.17193, -1902.98, -3149.58
6.31775, 545.057, 315.607
6.65892, -2114.49, 2413.39
2.64618, 2346.23, -1489.86
4.31315, -140.569, -944.145
4.16221, 101.575, -59.1939
3.17675, 1871.95, 1908.65
3.00839, 1240.72, -3814.39
5.11327, 73.7094, -31.8133
3.52046, 739.008, -73.7221
5.00728, 63.146, -295.129
5.1371, -4706.82, 3160.26
4.13422, 157.947, 155.132
4.75888, 181.576, 392.545
6.85263, -144.191, 74.9256
4.72884, 265.039, -196.952
6.03726, 368.174, 127.364
6.83171, -1774.45, 348.145
6.5822, 604.353, -748.6
2.67504, -3658.17, -1424.46
3.8644, -845.547, 2037.37
5.21858, -1402.71, 935.352
3.19942, 4087.35, -653.259
5.57408, 228.629, 12.4307
3.29182, 718.706, -219.247
4.41129, 743.747, 267.309
5.94997, -621.181, -306.751
3.21128, 3742.05, 5.99867
5.65284, 65.1815, -294.657
3.15973, -3154.86, -1552.04
7.13583, -10.0526, -58.5076
5.53465, 5136.09, -7840.85
5.50388, 509.901, 683.181
3.33635, 911.316, -198.077
3.301, -1478.59, 2052.53
5.91628, 91.6239, 68.4545
5.1456, -83.7914, 484.005
3.65264, -1926.94, 1074.04
6.55373, 404.643, -5.32695
5.76477, 351.924, 151.979
4.08597, -70.7786, 753.779
2.53953, 58.9514, 130.687
3.49176, 708.663, 81.0139
3.78831, -71.1695, 182.451
3.03825, 193.912, -1010.63
3.49545, 119.091, -725.467
6.75079, -5483.46, 2916.59
6.63912, 310.317, 511.896
6.76813, 255.264, -44.8868
5.71027, 207.041, -72.5493
3.6787, -2762.77, 2865.52
6.80638, 196.864, -171.279
5.4745, -97.7795, 39.0006
2.52745, -1712.37, -1294.25
6.84925, -329.209, -858.461
7.37729, 134.016, -78.2787
5.59653, -1881.3, -1608.35
3.85574, -24.0935, -253.67
7.46973, 122.332, -94.8785
4.60751, -977.204, -628.513
4.20537, 54.3995, 17.2097
4.80717, 136.042, -43.6813
4.44822, -1029.66, -2835.89
4.613, -4562.45, -860.886
2.84879, 21.7264, 261.166
5.5153, 342.366, -15.3286
7.36114, 213.145, 77.7247
5.07406, 376.639, -90.0974
7.45461, 164.915, -175.478
5.84906, -2491.12, -5812.84
4.01716, 142.725, -127.551
3.47371, 692.457, -283.362
4.0109, -945.775, -119.013
4.93946, -228.861, -57.1407
4.72438, 701.206, 71.14
5.7844, -516.732, 174.067
3.74227, 5653.44, 3197.79
4.72007, -1273.06, -1023.87
5.75894, 69.2518, -251.142
6.67472, 241.265, 137.791
6.03698, 100.729, 791.143
4.93928, 41.8871, -867.51
6.72039, 555.626, 76.2538
7.00296, 844.227, -726.46
6.33082, 103.969, -202.833
5.29453, 650.048, 987.494
2.70603, -728.864, 416.588
5.46749, 57.7591, 88.3864
2.68674, -12.7766, -3755.73
4.53488, -970.584, 1014.5
2.84243, 162.817, -419.691
7.38558, 111.426, -312.294
2.5956, 1853.6, 2980.46
6.60363, 242.492, -132.662
5.2195, 3724.09, -3153.58
5.72828, 16.818, 80.1107
3.62934, -374.632, 124.787
2.733, 604.698, 3107.76
3.63154, 492.453, 76.2196
4.58371, -76.9236, -2524.8
6.40126, -164.682, -156.032
3.72852, 1619.45, -2222.34
4.81411, -119.367, -139.889
6.14756, -1057.3, -455.985
5.35237, 5241.08, -715.367
5.45997, 544.129, 194.787
4.98425, -1007.01, -106.735
3.951, 302.959, 103.443
4.71107, 112.089, 236.127
2.53669, -2994.02, 6597.42
7.41683, 234.178, 42.0152
2.52822, 326.547, 127.188
4.8676, 2017.02, 640.867
5.86497, 3579.61, 6125.12
