6.27803, 84.8326, -11.3955
3.5948, 73.3595, 63.6013
5.89648, 6.1463, 15.5629
5.09708, -21.3499, -270.995
2.76731, 136.024, -276.578
2.53849, -99.2592, -103.834
4.58743, 272.428, 128.214
7.15218, -161.007, -75.4513
2.95982, 39.1569, -258.952
6.00595, 88.2895, 161.166
3.81226, -275.288, -112.391
4.14117, -55.7095, -13.1684
7.45519, -78.8652, -219.68
7.41275, 106.322, 229.86
5.75759, -188.079, -233.603
6.92354, -274.182, 58.3499
6.33247, -46.2535, -80.0146
3.87453, 166.608, 146.627
4.93259, 98.9885, 187.774
2.80282, 136.492, -120.404
5.08146, -10.0246, -244.012
4.96988, 73.9547, 65.9986
7.23882, 194.041, 69.1232
4.42071, 127.712, 133.4
5.14874, 183.615, 67.9407
2.75042, -155.906, -89.4343
6.63909, -40.778, -30.2652
5.94228, 244.299, 95.5589
6.18112, 57.2859, -284.927
6.94286, -185.207, -290.866
4.25508, -34.5346, -78.8966
6.72991, 38.513, -13.1197
3.84659, 50.4967, -13.738
4.83959, 64.1301, 215.052
3.2686, 84.7796, 131.36
2.66527, -176.637, -149.105
7.2768, 83.7725, 53.5633
6.95369, -289.511, -169.488
3.29884, -172.818, -21.5004
3.15214, -444.564, -76.3006
2.515, -419.944, 103.089
6.0491, 73.5257, 93.6156
3.40448, -224.982, -140.762
5.76029, -136.593, 2.36785
4.42907, -217.145, -5.62091
3.23766, -68.5246, -127.285
5.45054, -119.428, -169.541
3.24076, -28.9061, -82.6429
3.2091, -296.845, -331.261
4.94257, 104.287, 151.775
3.13015, -5.40096, -32.4587
5.64635, -30.1094, -115.742
5.60817, -306.502, 220.903
4.88216, 99.9018, -174.858
2.64188, 241.008, 246.013
3.21011, -36.6841, -152.215
3.15594, -100.005, -247.458
3.31099, 147.282, -186.158
3.76529, -19.4824, 75.977
4.77654, -313.101, 215.038
6.54472, 91.7569, -0.975793
3.57624, 6.63445, -127.84
3.75063, -54.437, -109.589
5.02978, -146.104, -106.913
6.27922, -52.803, -105.17
5.66369, 7.56893, -5.59131
5.9449, -145.596, -169.839
7.27207, -285.185, -141.153
5.18713, -144.609, 30.2202
4.57014, 52.4731, 179.024
4.70019, -40.1054, -131.584
6.07821, -184.353, -167.73
6.20858, 33.3318, -25.7996
5.12494, -281.692, 182.139
6.06711, -2.63705, -3.78545
5.91025, -60.6526, 24.8888
6.82941, -58.8302, 85.4563
3.19597, -39.582, -198.751
3.57766, -373.642, 99.6966
5.0733, 108.539, 154.639
4.83766, -146.494, -107.112
3.55759, -131.314, -24.0567
5.65244, 187.784, -193.556
2.5044, 136.712, -112.654
4.09589, 137.102, -829.834
5.90281, -107.058, -229.273
6.0446, -196.563, -70.1919
2.90869, 61.5263, -146.434
3.56926, -90.458, 13.02
4.44412, 22.5982, 252.148
4.44927, -359.245, -229.067
3.92018, -69.7447, -35.7139
4.6123, -120.648, -103.93
2.55658, 328.885, 85.8911
3.72027, -131.771, 11.2941
4.49072, 158.226, -169.48
6.64177, 219.682, -18.1091
3.78584, -216.214, 85.4906
3.59705, 149.685, -99.2578
6.47385, -122.941, 52.2796
5.8476, -65.0929, -488.988
5.49108, 183.445, -204.238
5.99917, 97.4321, 22.5559
5.13062, 10.7171, -122.858
4.14833, -1.64915, -136.877
3.30844, -399.711, 35.3788
6.56633, 35.1348, -123.084
4.08004, -68.2189, -128.872
4.05369, 39.6172, -8.83043
4.65424, -229.623, -134.347
4.46509, 131.357, 286.565
4.43916, -203.079, 34.746
4.34871, 182.516, 224.167
5.88118, -228.035, 75.9819
6.10384, 123.385, -32.4866
7.20082, 0.677263, -220.127
5.08573, -33.6851, -16.7845
5.5282, 91.2489, 166.499
5.85049, 71.3332, -154.202
5.11404, -273.848, 149.463
3.87105, 158.95, -230.925
7.08924, -92.2572, 108.836
3.73367, -188.806, 196.128
4.77876, -127.046, -309.499
3.30374, 162.467, -177.895
4.68319, 48.2775, 273.982
7.45767, -154.569, 44.6518
6.26931, -153.067, 72.7128
4.97846, 78.1614, 169.659
7.01651, 4.58692, 88.8125
4.68213, -119.522, -103.159
5.09239, 175.145, -58.7893
4.44866, -189.263, -6.34832
5.63431, -34.4019, -97.8919
5.19331, -279.012, -150.833
4.35955, -171.045, 220.588
2.54674, -87.9093, -5.21955
6.3794, 9.89141, 249.8
2.85317, 360.286, 222.645
3.98511, -270.119, 9.45388
4.78581, -153.814, 276.795
3.25156, 36.205, -114.308
5.97819, -131.48, 301.031
4.15587, -289.793, -158.575
5.21197, -130.977, 60.1509
2.64678, -279.266, 218.044
5.38086, -47.8629, 85.4301
5.18133, -162.99, -82.6046
7.36678, 110.312, 242.214
5.57063, -147.974, -125.262
5.26431, -36.9677, 115.302
6.69051, 18.8418, -291.414
3.75764, 155.785, -126.066
6.98957, -84.8186, 31.2749
5.97428, -150.095, 98.8148
5.82752, 301.368, 74.694
3.06838, 354.057, 202.773
3.37987, 249.835, 538.231
2.91253, 126.76, -572.74
6.68103, -36.6612, -53.3755
2.64818, 95.5216, -718.903
6.34719, 55.4621, 12.5589
4.29829, 155.427, -114.631
6.24626, 77.6231, -252.805
6.28385, -95.4318, -112.71
3.60834, -128.826, 269.195
5.58305, -74.9405, -106.408
3.66846, 21.7427, 182.799
6.22052, 158.391, 74.9724
5.80997, 277.585, 299.969
4.9209, -82.5091, 14.8072
2.58972, -442.652, 313.976
4.98291, -78.3895, -57.2503
5.09587, 215.904, -58.863
4.71395, 359.771, 51.9677
4.14528, 176.122, -151.488
3.52671, -233.276, 65.8034
7.19863, -138.877, -65.4897
2.85168, 366.409, -92.1116
3.30042, -29.4739, 328.688
6.70788, 23.4891, -76.0495
4.13614, 229.618, 164.606
6.85942, 22.0809, -372.781
5.99896, -138.623, -167.415
5.52801, -6.8181, -129.674
4.77536, 72.1347, 56.6601
2.91543, 546.426, -433.086
3.94883, 174.158, -86.0123
6.51009, 261.157, 58.1733
6.81821, -65.7012, -40.1358
3.81831, -261.078, 199.594
4.79881, -124.308, 63.3258
4.95672, -106.749, 165.089
5.82344, 237.944, 11.8426
7.31738, 68.7732, 216.737
7.23022, -151.606, -7.25928
2.81902, -274.047, 118.323
5.04829, 94.5031, 199.562
6.13222, -87.8115, -224.266
5.65882, -105.264, -80.6847
3.26658, 117.775, 54.614
5.09652, 360.244, 56.2235
3.52281, 300.048, -204.942
6.03231, -228.25, 86.2783
6.05786, 120.768, 296.296
3.66304, -14.2568, -84.8107
6.80594, -71.1595, -196.986
2.67122, 53.6368, -544.212
6.26587, 64.8822, -142.381
4.14789, -26.3558, -82.9295
4.65309, 99.1906, 77.4651
7.33455, -13.1622, -149.154
4.05803, 48.579, -26.8179
5.69762, -187.788, 120.298
5.95386, 58.6566, -82.5628
5.36403, -74.6707, -205.533
6.60667, -85.0846, 93.9979
4.21807, -80.2263, 24.1963
5.09387, 267.942, 180.097
6.78438, 80.3038, -41.4645
6.18587, -91.6728, -14.4938
3.45992, 170.356, -221.13
2.83145, 23.851, 7.06127
3.60828, -292.252, 100.733
3.33656, -57.9563, 151.594
6.31172, -1.26821, -34.7887
5.44905, 41.3113, -107.152
4.65223, -328.389, -208.3
7.09618, -29.5065, -155.746
5.09668, -329.167, -103.87
7.38058, -87.737, 66.7961
5.15714, 228.438, 165.288
2.98716, 29.8572, 676.383
5.83983, -125.853, 61.5179
5.44444, -224.384, 73.2951
5.01137, 138.551, 165.147
2.75808, 125.534, -525.345
2.6753, 68.3986, 137.744
4.41484, 18.4629, 96.8633
5.55555, -81.718, -99.4562
5.06574, -359.404, -173.362
5.98498, -110.671, -163.167
4.89891, 126.302, 111.124
3.88323, -187.243, -58.7837
6.01685, 89.6184, 37.98
3.67701, 29.8892, -333.499
6.41501, 103.393, 27.9032
6.60589, 137.471, -355.752
3.21842, -53.2729, -299.549
5.75757, 143.009, -174.047
3.87677, -287.857, 92.8025
7.26215, -330.106, 404.847
4.58238, 50.6913, 106.531
3.03869, -26.2462, 5.43264
4.70633, 160.069, -179.312
6.28811, -33.7311, 45.2139
2.77803, 178.85, 308.872
3.51241, -84.9564, 121.163
6.82305, -186.559, 135.682
6.52456, 78.9759, -26.5703
2.78861, 114.763, 65.7235
4.40304, 180.9, -63.4137
4.56124, -198.705, -108.346
2.80071, -119.046, -277.401
7.09746, -182.945, -201.868
3.35398, -140.275, -245.551
6.51634, 139.357, -98.2037
3.88599, 81.0774, 123.79
4.44586, -558.924, 243.661
7.19936, -174.051, -322.446
6.24573, 23.7084, 70.8946
3.44774, -253.385, 308.203
6.89581, -164.371, 47.5045
6.8953, -177.658, 77.7548
3.30515, -60.3442, 120.317
5.87346, 149.068, 170.634
6.89096, -147.395, 51.7035
6.98262, -242.371, 32.6777
3.06535, -205.823, -237.549
5.93789, 150.818, 196.947
3.21651, -64.8093, -48.206
3.6901, -202.542, 68.4766
5.64383, -247.771, 18.9046
4.312, -54.6939, -105.516
4.64437, -212.479, -169.19
4.91936, -203.024, 195.633
6.20379, 134.527, 110.731
3.23098, 130.785, -123.126
7.36238, 179.035, -33.5367
7.3158, 72.923, 209.156
3.14741, -350.404, 388.202
5.3784, -68.3958, -65.3341
4.66439, -44.4306, 514.894
5.50066, 188.963, 187.393
5.85098, 163.618, 86.9464
4.5137, 7.21501, -267.95
6.46691, -194.879, -172.513
4.89889, -55.6854, 233.015
5.72449, -296.15, -122.498
4.28836, -112.463, -117.695
5.96794, 125.966, 175.417
5.83428, 268.329, 262.097
3.22071, 111.803, -190.915
7.10415, 230.144, -0.854808
4.22228, 252.51, 224.901
6.66824, -17.9125, -56.5634
2.74349, -208.735, 79.7176
3.27936, -417.167, 371.775
2.55765, 17.2603, -240.768
3.94327, 71.04, -269.842
5.07295, 173.502, -12.9241
3.65948, -35.192, -284.127
2.75022, 177.708, -9.07785
5.33091, 188.706, 179.112
6.69774, -200.786, -252.473
4.28763, 112.192, 353.832
4.3452, -31.3399, -53.6205
7.22226, -293.719, -7.16783
4.72425, -68.1508, 164.678
6.82086, -19.0446, -176.84
5.82654, 191.753, 6.82636
5.79297, 45.8177, -416.57
7.10736, 161.271, -168.679
5.11536, -293.566, 186.517
5.45229, -389.842, 11.0603
5.79944, -135.707, -80.2647
4.24765, -219.297, 88.0883
4.11714, -154.471, -63.7299
7.08984, -152.647, -107.3
3.08619, 8.82956, -2.64059
7.31268, -20.9991, -75.7101
5.17978, 122.149, -99.9529
5.81447, -169.775, -140.553
5.48362, 17.9974, 18.6125
6.93363, 376.374, 49.15
6.67999, 118.615, 46.5408
6.69339, -146.398, 82.5566
6.85642, -118.071, 64.3543
2.5002, 384.293, -23.176
4.77274, 50.6073, -54.2212
4.25696, 344.045, -96.2931
5.80713, -75.4152, -98.427
6.22234, 213.188, -61.8048
3.3821, -173.271, -117.347
7.4621, -142.71, 192.617
5.95466, 171.038, -125.547
6.97862, -169.935, -16.5736
3.51579, 464.046, 265.512
7.2356, 315.846, -14.799
4.88476, 60.0643, 7.4235
6.78578, -297.479, 98.3492
6.41237, 70.9683, 52.0003
5.70687, -283.226, 164.502
3.14521, -57.5182, -38.573
5.77944, -7.00296, -213.473
3.09199, -44.5922, 181.156
3.88793, -30.8372, -191.689
6.65548, 131.565, 128.381
6.14153, 363.418, 314.26
6.74348, -8.21754, 21.831
3.43989, 200.147, 145.856
6.09602, -4.434, -126.783
4.25586, -220.175, -12.3549
3.34555, 409.926, 185.629
4.52383, 189.844, 28.1672
4.20924, -164.16, -86.214
6.67141, -186.048, -118.415
3.9111, -24.8913, -48.0182
5.16766, -485.042, -161.816
6.25085, -111.464, 134.887
4.62554, 93.6283, 135.851
4.66964, 276.424, -176.044
3.03022, -259.864, 161.53
6.4639, 208.402, 65.9199
3.91232, 194.931, -23.2731
7.14264, 127.93, -110.821
5.37926, -93.1527, 113.723
3.4895, -219.844, 16.8134
5.99081, -152.123, -46.9598
3.07265, 298.786, 142.738
4.22945, 149.835, 30.0036
4.15646, 141.501, 73.2665
6.42735, 3.57433, 20.6429
6.65775, -165.46, 29.614
4.21712, 95.2798, -256.352
4.2603, -67.6897, -155.224
6.38197, 71.8961, 14.1591
6.58658, -178.548, -371.887
4.26157, 258.033, -368.201
7.09559, 122.129, 208.707
3.2877, -20.4937, -109.321
5.56029, 144.501, -162.066
5.54222, 148.936, -84.2949
3.16647, 165.421, 233.631
3.51409, 360.305, 264.415
4.79457, 189.264, -214.625
3.48759, 4.22226, -186.661
6.77118, 217.18, -73.4567
6.54562, 226.946, 80.3047
2.80131, 141.449, -251.822
6.50584, 133.88, -163.435
5.49597, -47.9577, -66.8285
7.43182, 182.723, -20.987
2.65919, -95.7656, -291.158
6.8356, -186.833, 169.711
3.69109, -17.7507, -184.089
3.6127, 512.831, -447.628
4.73907, 228.447, 149.246
2.61231, -180.449, 163.581
6.79755, 65.9245, 2.52892
4.15902, 343.849, -866.232
5.72195, -48.8194, -122.067
7.43521, 367.298, 46.3163
5.30162, -169.864, 30.0915
4.74553, 133.984, 225.819
5.213, 98.4099, -52.9252
2.90797, -260.604, -181.491
3.99606, 615.201, 143.639
6.63964, -269.258, -161.804
6.48936, 131.794, -206.719
5.71048, -102.47, -92.4639
4.84105, -78.6023, -193.736
7.15326, 191.995, 232.213
5.08798, 81.2844, 69.7266
7.42924, -297.367, 107.3
5.94567, -4.96122, -117.229
6.19966, -48.2597, -59.0839
3.46323, -77.4805, -30.3556
6.08881, 141.047, -155.599
6.11146, -47.1007, -223.975
6.49298, -78.179, -177.747
4.23216, 52.663, 136.763
5.1481, 88.7729, 199.066
3.19001, -291.692, 24.472
6.73218, 103.961, 197.933
6.32766, 125.47, -131.941
7.5, -8.16295, -2.9233
4.24891, -146.071, -163.78
5.50367, 215.705, -133.765
3.50808, 92.0273, 329.704
6.2385, -25.7161, 86.7306
6.49225, -17.5893, -93.4484
3.03505, -753.043, 492.517
5.35813, 187.925, 174.555
2.84683, -433.655, 253.398
4.16036, -96.9529, -211.958
5.80945, -112.218, -187.603
5.27726, 77.9064, 11.3834
7.12415, -64.3122, -148.355
2.69832, 157.538, -402.486
2.62083, 256.929, 261.031
4.61923, -337.394, 263.91
4.36987, -142.547, -102.345
2.93303, -224.639, -154.067
3.05403, -29.2892, 196.738
5.31992, 195.471, -12.3889
7.37269, -108.1, -39.7532
3.05066, 34.9599, -75.9918
5.99352, -218.525, -449.933
2.79674, 156.048, 110.178
4.69755, 33.2616, -99.1273
5.24651, -174.472, -255.612
3.45129, -240.97, 122.39
7.36597, -134.015, -72.4672
3.19593, -130.547, 68.1425
5.48978, 33.5879, -69.6786
7.12812, 116.986, -323.858
3.91116, 23.8603, -226.529
6.8307, -68.229, 127.024
6.29598, 238.555, -38.2167
6.10793, -178.243, 6.04782
3.34241, 90.3294, 144.386
3.32882, -250.505, 246.392
3.39076, -80.4895, -3.8626
5.87226, -234.851, -6.06837
4.83484, 156.161, 89.5404
6.85219, 201.038, 158.202
5.76023, -10.5333, 203.042
5.80464, -193.637, -161.73
2.58037, 389.055, 224.577
4.30596, 317.948, 251.602
3.72747, -226.421, -419.534
6.93086, 419.335, 200.48
5.23701, -312.007, -15.2234
6.57209, 70.8253, -33.2531
5.24453, 26.8509, -421.686
4.16156, -5.71109, -83.6702
4.40213, -89.4421, -6.46136
2.52389, -1.24186, -100.388
6.95226, -151.015, -11.8462
6.16955, 220.675, -188.523
6.04239, -118.785, -78.1645
5.1278, -88.124, 47.597
6.41065, -29.4035, -51.8644
3.42484, 185.063, -39.7459
5.72673, -13.9611, -45.1627
3.42178, 117.704, 186.819
3.31214, 35.4675, 1.40475
2.65594, -198.532, -92.1586
7.42716, 68.2803, -176.435
4.04559, -32.5961, -84.7238
4.11075, 110.152, 197.48
5.51155, -54.576, 8.34237
2.89107, -67.0809, 177.186
3.93936, -183.081, -110.068
5.79307, 169.555, 43.8522
7.36348, 190.001, 179.865
7.27758, -270.067, -145.551
7.42745, 35.2945, 56.6715
7.30478, 316.023, 203.667
3.0073, 80.138, -272.167
3.71505, 170.142, 40.428
6.91151, 48.6544, -151.599
5.28805, -3.93052, 20.2004
6.7669, -145.511, -183.522
7.49145, 164.591, -153.719
3.99751, -175.362, 477.84
6.33157, -260.911, -180.172
4.81901, -411.282, 15.4393
6.8168, 89.921, 188.241
6.99018, -128.82, -19.8786
7.377, -125.729, -99.7076
2.77405, -295.925, 53.1054
6.32605, -235.39, 88.4629
5.09219, 82.5395, -195.174
3.46574, -14.1461, -236.013
6.98252, -262.738, 9.97704
6.38492, 190.623, -20.1699
2.75968, -56.1422, -106.01
7.47331, 78.0295, -182.742
5.93659, 214.091, -73.6018
5.94854, -164.59, -142.167
6.57666, 51.1977, -189.776
7.05426, 124.981, 158.822
3.34218, -43.4938, 342.318
5.24183, -133.224, -119.677
6.53351, 110.562, 199.334
4.17803, -274.341, -3.30652
5.53435, 184.946, 119.085
6.59602, 69.9819, -97.4852
7.3485, 111.412, 23.84
6.29349, -96.2207, 104.293
3.72113, 204.902, 126.276
5.80589, 223.543, -168.936
4.21574, -526.817, -204.561
7.27146, 102.659, -4.19804
2.60828, -99.9127, -2.07635
4.54979, 240.674, -173.922
2.55789, 567.741, 84.865
3.04964, 33.7418, 12.2357
5.28259, 129.174, -157.925
4.45466, 98.8137, 140.025
7.20539, 6.22935, 110.897
2.55572, -11.8148, -432.236
6.22897, 124.509, -105.394
3.84293, -326.772, -47.8647
4.27153, -4.41393, -138.237
3.45835, 192.885, -295.308
5.14832, -150.138, -119.225
4.39478, -28.6181, -2.7468
3.16407, 59.1033, 51.972
4.26563, 341.728, -0.240743
4.2497, -316.12, -55.3919
7.41084, -141.877, -176.173
5.25961, 19.796, -130.616
4.99918, 6.98409, -88.0522
3.58531, 205.379, -140.342
4.37311, -139.31, 174.395
6.78251, -537.374, -232.405
6.45578, -44.609, -139.677
3.9204, 174.05, -142.339
5.07645, -194.079, -90.9993
6.79238, 231.397, 98.7164
7.07844, -15.5211, -88.6115
7.48941, -172.351, -371.695
6.53177, 50.2764, 17.6129
5.22718, 41.6719, 167.508
7.3461, 64.6346, 286.214
5.31931, 142.283, -104.91
4.03031, 129.248, -128.864
5.41853, -293.683, -31.7478
2.91197, -75.8403, -41.7891
5.47382, -181.69, 162.719
3.31968, -32.0132, -247.706
6.46527, 350.978, 208.352
2.95373, -69.9692, -239.302
6.3072, 67.8915, 36.3428
6.83996, 38.4474, 13.2135
6.40105, -121.021, -107.849
6.61399, -283.725, -352.597
6.70974, 22.5876, -73.5001
4.48328, 35.4193, 40.4715
6.508, 40.5481, 83.5071
6.56811, -56.2541, 32.0197
5.43493, 204.354, 184.271
4.64621, 86.7854, 58.8205
2.5002, 75.8933, 49.5647
5.31153, 148.064, -102.91
6.22632, -123.728, 48.1911
3.89846, 77.3498, -42.1312
2.93406, 22.7571, -357.399
3.5733, -157.148, 98.3467
3.93296, -10.7121, -330.67
4.86595, -265.838, 196.791
6.95893, -197.132, -179.086
5.91955, -67.0769, 191.199
3.54376, -70.7271, 184.869
6.67533, -38.5416, -36.7135
7.09218, -203.556, -236.913
4.48244, 172.345, 462.371
6.37858, -215.407, -273.07
5.68161, 113.513, -30.082
6.64746, -266.189, -49.5801
3.40204, -87.8942, 243.654
7.45927, -151.317, -1.28345
6.70558, -92.6888, -22.0331
4.65177, -378.583, -275.275
4.38589, -239.614, -45.4471
2.70802, -9.32262, 173.553
6.80715, 49.1543, 34.3616
6.62116, -128.88, 5.73407
6.25052, -5.76223, -281.844
3.55801, -124.51, -163.409
4.31029, 160.825, 140.969
4.43545, 285.418, 254.107
7.32918, -160.458, -164.08
6.5872, -160.735, -314.66
4.5755, 174.801, -90.871
5.83759, -64.3818, 16.7628
2.52101, -91.4968, -64.5996
6.98048, 207.863, -22.5995
3.68416, 91.4481, 135.917
3.79415, -3.23249, -35.1345
5.4939, -202.668, -35.1781
6.89823, -101.859, 132.97
6.16299, 365.337, 204.695
6.0773, -146.034, -204.919
3.57724, 325.56, -79.5821
6.30413, -248.196, 70.0426
3.85351, -74.671, -188.027
2.75246, -78.7899, -190.751
4.78866, -74.3143, -155.387
2.58759, -269.092, 127.428
3.01129, -135.593, -27.1017
2.639, 76.1631, -148.313
5.65921, -0.846139, 26.0402
6.34425, 145.99, 21.8085
2.74132, -358.491, -4.87823
6.6924, -77.5619, -49.6552
6.76899, 144.322, 168.008
6.57649, 240.749, -162.603
6.85188, -134.144, 141.275
5.27222, 136.014, 197.885
6.12646, 119.82, 169.414
3.20424, -192.156, -153.162
6.6115, -225.425, -17.1662
5.51185, -81.2419, -102.892
4.93856, -299.672, -25.5135
6.14942, 56.1084, -294.278
4.05164, -283.088, 196.93
3.93925, -28.9653, -50.7107
5.45857, 138.92, -212.431
5.34055, -209.22, -102.98
5.41059, 578.153, 60.3146
2.84132, 146.473, -174.418
4.34304, 240.694, 162.258
6.28475, 20.7087, 97.7313
6.35297, 473.552, 225.158
4.27217, 70.1996, 207.955
5.98913, 108.237, -118.273
5.08005, 118.304, 50.9632
5.94494, -49.2, 103.514
6.18066, -234.51, -475.999
2.56231, -202.625, -97.1541
7.16549, 4.54642, -33.397
5.37826, -43.6454, -56.504
3.05587, 593.552, 224.497
4.87388, 10.9902, -79.1509
3.24247, -33.7027, 76.5322
4.22594, -539.829, -202.331
7.04476, 141.943, 24.0659
4.54571, 79.868, -258.438
5.96642, 126.433, 145.481
3.35865, 79.6413, -38.4848
6.21715, 99.4694, -27.4304
4.16319, 96.5173, -134.865
4.62157, -110.889, -56.0205
2.79523, 200.291, 3.7377
5.09005, -115.96, -92.8648
5.94425, -82.6315, 256.643
5.01149, -49.8474, 109.374
6.56617, 73.5651, 15.1559
3.07974, 101.238, -61.771
5.24841, -116.015, -307.194
5.06046, -32.0927, -25.2163
6.02649, -199.135, -165.265
5.65083, -9.46687, -184.435
4.0207, 119.533, 1.73118
6.74719, -27.9238, -64.6475
3.39619, 24.7702, -108.396
2.61737, 236.845, -23.9217
4.19467, -90.3859, -117.113
3.43818, -178.898, -204.886
6.60467, -97.9984, 60.2941
6.72507, -17.7086, 216.047
6.78031, -228.35, 96.7651
7.37454, 163.666, -203.299
2.99587, 19.423, 47.6587
2.56182, 203.196, 259.975
2.58614, 316.115, -611.506
2.64527, -133.964, -156.384
4.1031, -127.118, -61.3878
6.17815, 115.098, -61.0591
3.14876, -260.201, -70.2635
2.5161, 73.7377, -160.604
6.91905, 108, -15.1835
3.70482, -67.645, 137.369
4.38481, 92.1106, -261.621
4.44879, -7.94588, -41.5778
2.81534, -255.144, -168.536
7.30792, -76.5633, -4.32059
3.75349, -176.906, 238.277
6.85376, -37.4004, -3.83803
2.85991, -28.4741, 335.304
2.70653, -326.286, 396.816
3.46378, -209.356, -11.3826
3.86708, 30.2013, -394.798
7.4007, 169.29, -34.9398
3.60607, -4.38361, -26.6003
6.43119, 127.686, -188.552
4.42306, -84.9565, -185.471
3.78593, -365.385, 252.937
3.91087, 144.463, -67.0445
7.33834, -410.113, 103.109
4.22841, 287.519, 380.007
3.45922, 144.798, -20.6603
5.05037, 79.8866, 147.047
5.21857, 124.956, 55.761
5.72333, 88.6329, 22.0439
3.89738, -137.301, -126.562
3.41887, -82.6358, 161.573
2.71579, 67.0977, -176.269
3.98408, 161.025, 194.843
4.25548, 123.701, 156.668
7.09372, 209.33, -180.973
5.81225, 9.41093, -145.72
5.08041, -191.235, -83.1629
4.03763, -486.797, -208.663
3.0007, -20.3978, 4.16717
3.47502, 96.4207, 275.202
4.11407, 132.025, 289.523
5.56182, -145.757, -140.943
5.13511, -315.487, 166.04
3.45653, 126.089, 203.981
4.7178, 481.73, 282.608
4.48693, 322.07, -86.0734
6.28051, 50.7717, -106.04
6.6213, -188.517, -278.994
5.51573, 201.351, 298.546
3.04573, -15.1192, -36.5622
4.11797, -208.898, 21.5071
5.03403, -37.1653, -0.0889211
4.76521, 162.529, -69.8525
4.77315, -147.198, -87.9087
4.91125, -163.5, -193.511
5.07896, -424.44, 175.872
4.50207, -77.8802, -422.321
4.22945, -165.584, -137.1
6.64533, -370.37, 88.3721
3.02204, 172.25, 376.602
6.40057, -145.578, 130.107
3.19919, -17.0378, -121.82
2.62171, 168.123, 245.528
6.0664, -210.115, -48.7011
7.15538, -53.2788, -3.12605
7.47667, 31.1571, -36.1077
3.86264, 201.369, -61.9079
3.6923, 35.6887, 176.72
3.87328, 44.8512, 361.823
5.70836, 412.601, 227.738
5.17637, -86.6156, -130.484
6.8967, -279.917, 307.376
6.75968, 279.309, 291.572
2.98004, -0.691565, -156.636
4.66818, 258.525, -93.168
3.17045, 47.5722, 11.5426
5.86802, 28.5859, 96.1406
5.34964, 71.1919, 91.8908
3.66474, -7.5043, 231.542
5.50306, -2.81526, -107.577
2.6551, 220.301, 274.225
7.08512, 0.750631, -88.5453
3.82958, -247.659, -200.774
6.50016, 17.7087, -3.37438
5.46389, 73.4757, 25.7926
5.0822, 19.2144, -77.3764
5.2567, -34.1271, -41.8596
3.47225, 308.575, 526.169
5.36152, 121.515, -10.6949
3.81992, -106.873, -258.447
4.41648, -104.673, 3.09122
2.73626, 337.214, 244.71
4.22823, -139.705, 58.9002
3.61594, -483.346, 553.875
3.81264, 96.106, -18.4325
3.05141, -69.6344, -177.801
7.40088, 12.8243, 91.6902
5.93794, -162.961, -243.154
5.82158, 86.6222, 142.163
5.99501, 95.527, 130.773
2.68746, 197.33, 19.1827
3.6706, -87.2648, 9.55514
3.95397, -137.183, -239.91
3.50543, 65.5119, 136.456
2.7177, -246.344, -71.2599
2.56571, 151.223, -138.376
6.07297, 297.258, -195.961
6.88348, 314.241, 204.53
5.35088, 114.351, 91.1102
6.92743, 393.388, 347.315
5.20042, 0.19359, 220.58
3.31357, -7.63932, -34.7865
3.30492, -48.0465, -190.327
7.19182, -5.81556, -82.5204
3.45628, 172.754, -24.6957
3.15761, 147.492, 52.5953
4.41122, 89.6706, 3.50492
6.12674, -220.348, 71.7956
2.50651, -357.059, -171.231
4.60222, -77.9158, -23.4726
5.18984, -217.457, -136.305
4.86596, 77.7836, -292.029
6.33003, -351.141, -79.7286
2.9396, -13.2003, 221.263
7.04284, 35.9595, 33.9674
3.20818, -82.8992, -722.858
2.54782, -137.769, 56.6675
2.82267, -19.5562, 0.913722
4.96742, -120.111, 42.4831
5.40914, -191.946, -167.608
4.03373, 164.497, -396.987
4.57091, -55.1334, -159.692
4.33401, 84.3919, 87.0852
3.42687, 35.0343, -495.378
2.76788, 19.2323, 102.991
4.47222, 32.3469, -95.3989
3.98388, 61.159, 128.907
5.05388, 226.056, -4.99569
3.75392, 142.256, -11.9724
5.01589, -209.632, -142.767
2.51168, -140.969, -59.066
7.01807, 12.3136, 20.6907
2.79181, 273.106, 298.319
5.17506, 90.4276, -158.12
3.95754, -125.51, 18.249
7.3023, 163.267, 205.771
4.73406, -143.198, -146.493
5.08479, 9.69532, 47.5194
5.93861, 85.1347, 87.7425
2.72187, 84.3415, 61.4332
7.2946, 113.727, -95.5387
5.70852, -80.5015, -200.896
2.80215, -17.3526, -3.29203
3.33964, -49.8344, -49.8025
5.76491, -47.5095, -44.4327
6.19864, 380.746, -25.1904
3.57011, -110.802, -257.155
4.31441, 77.421, 339.873
6.56981, 182.959, -194.031
5.32057, -83.2421, -9.1274
7.45886, 83.1659, -81.0876
6.5669, 250.147, -171.603
3.49157, -21.7045, -60.7707
2.50003, -95.9115, -21.3419
4.62608, -194.517, 166.755
4.07406, -13.0181, -94.2491
5.56218, 9.56588, 104.873
3.83351, -11.4947, -99.4787
4.39881, 28.8843, 48.7914
5.43397, -305.695, -494.263
5.95636, 163.045, -90.7518
7.26736, -25.117, -30.4602
4.89785, 155.659, -135.118
3.60319, -673.544, 161.926
5.33741, 207.623, 216.845
6.09873, -9.61131, -47.623
4.4953, 125.025, -100.638
3.48326, 190.338, -214.76
6.66971, 160.544, 46.7416
5.59561, -121.312, 266.512
7.26866, -2.60734, 131.138
3.23222, 53.5114, 43.5941
5.38953, 84.746, -58.9323
7.26796, 174.135, -154.046
3.62331, 225.584, 23.9679
7.25137, 144.313, -81.0719
3.07874, -316.514, 201.083
2.58372, 20.5815, 99.1051
3.90465, -19.0366, 56.5598
7.15042, 69.8122, -120.291
3.04796, -264.012, -169.304
6.77266, -138.904, -200.045
5.68532, 225.14, -79.7732
5.63853, -222.2, -12.6615
3.80589, 15.6677, -267.951
5.13936, 200.909, -139.91
7.16608, -13.5413, -269.319
3.98055, -253.836, 86.9714
4.78006, -341.921, -476.163
6.35659, 146.296, -230.006
4.17193, -59.3095, -854.639
6.31775, 99.9174, -71.6625
6.65892, -198.206, -141.772
2.64618, 175.589, -325.8
4.31315, -410.057, 101.535
4.16221, -220.832, 11.6092
3.17675, 94.0033, 154.46
3.00839, -121.406, -21.5639
5.11327, 154.998, -114.139
3.52046, 132.932, -107.948
5.00728, 98.9622, 102.669
5.1371, -78.7621, -127.276
4.13422, 340.394, -126.748
4.75888, 122.093, 34.4112
6.85263, 218.059, -233.228
4.72884, -226.828, -195.492
6.03726, -177.975, 243.591
6.83171, -214.395, 136.77
6.5822, -209.874, -23.4388
2.67504, 379.288, 213.259
3.8644, 327.751, 75.9502
5.21858, -37.8941, -82.1394
3.19942, 194.197, -63.4447
5.57408, -52.767, 27.4943
3.29182, 185.094, 125.707
4.41129, -211.95, 47.8505
5.94997, 3.75527, 150.363
3.21128, 215.309, -170.568
5.65284, 129.219, -188.988
3.15973, -77.0475, -448.17
7.13583, 168.037, -52.4994
5.53465, 152.051, -250.604
5.50388, 272.383, -42.6697
3.33635, -79.3492, 254.748
3.301, -80.6657, -718.639
5.91628, -6.55307, 49.287
5.1456, 70.9634, 98.3218
3.65264, -173.156, -358.174
6.55373, 174.032, 177.557
5.76477, -57.8028, 1.27651
4.08597, 343.648, 107.906
2.53953, 302.894, -0.7607
3.49176, -141.107, -414.913
3.78831, -379.003, -42.8005
3.03825, -365.62, 131.584
3.49545, -84.8543, -114.525
6.75079, 103.205, -48.5866
6.63912, 158.794, -49.0426
6.76813, 274.29, 305.603
5.71027, 153.711, -282.487
3.6787, -241.835, 107.434
6.80638, 2.26095, 12.1342
5.4745, -143.415, 49.5277
2.52745, -536.944, -359.816
6.84925, 272.239, 299.944
7.37729, -123.351, 48.4811
5.59653, -199.089, -136.303
3.85574, 138.178, -142.981
7.46973, 42.6174, -24.7172
4.60751, 230.474, 10.6188
4.20537, 254.426, 305.615
4.80717, 84.7716, 42.1857
4.44822, -123.497, -119.944
4.613, -176.326, -128.571
2.84879, 169.511, -52.4977
5.5153, -23.7473, 47.8092
7.36114, 21.7237, 36.5522
5.07406, 327.785, 195.881
7.45461, -11.5813, -38.2286
5.84906, 8.36552, -125.754
4.01716, 273.274, 176.16
3.47371, -139.565, -222.892
4.0109, 107.932, 111.332
4.93946, 43.3558, -154.237
4.72438, -295.484, -178.226
5.7844, -50.7586, -92.9904
3.74227, 318.001, 250.367
4.72007, -223.433, -115.407
5.75894, 58.0003, 83.4411
6.67472, 187.351, -329.083
6.03698, -83.8162, -219.686
4.93928, 125.282, 447.037
6.72039, -301.683, 2.47407
7.00296, 123.089, 142.169
6.33082, 353.732, 129.604
5.29453, -313.606, -251.502
2.70603, 177.759, 67.0237
5.46749, -247.967, 44.7645
2.68674, 119.54, 51.7754
4.53488, -21.5326, -29.1222
2.84243, 348.122, -145.697
7.38558, -35.7731, 34.5905
2.5956, 535.622, 315.958
6.60363, 109.397, 211.462
5.2195, 52.8832, -41.6653
5.72828, -333.413, 168.29
3.62934, -7.34354, 86.1849
2.733, 299.38, -464.208
3.63154, -95.2099, -55.1905
4.58371, 196.51, 291.051
6.40126, -139.48, 280.514
3.72852, 61.8859, -95.2338
4.81411, -58.3812, -216.342
6.14756, -291.414, 13.3473
5.35237, -184.922, -12.5558
5.45997, -143.59, -162.503
4.98425, 229.043, -140.115
3.951, -46.6988, -188.951
4.71107, 168.532, -63.7049
2.53669, 94.7173, -206.882
7.41683, -16.958, -182.83
2.52822, 69.5779, -16.8011
4.8676, -182.051, -263.489
5.86497, 122.732, 154.895
