6.27803, -736.532, -997.291
3.5948, 63.8673, -85.6203
5.89648, 358.719, -904.681
5.09708, -233.873, 871.807
2.76731, -931.731, 659.887
2.53849, 339.885, 60.0885
4.58743, -862.742, -232.74
7.15218, 178.18, 374.379
2.95982, 52.7886, 692.169
6.00595, -164.776, 312.717
3.81226, 525.818, 819.318
4.14117, 471.947, -903.515
7.45519, 511.516, 263.621
7.41275, -508.43, -273.516
5.75759, 505.594, 444.507
6.92354, 262.911, -852.968
6.33247, -125.23, -453.798
3.87453, -520.934, -46.5753
4.93259, -671.856, -298.874
2.80282, 819.421, 792.961
5.08146, 8.4934, 807.16
4.96988, 971.12, -362.364
7.23882, -816.909, -468.142
4.42071, -7.1346, -843.95
5.14874, 826.12, -447.012
2.75042, 880.179, -68.6002
6.63909, 540.69, 528.242
5.94228, -965.193, -747.936
6.18112, 259.009, 735.873
6.94286, 994.481, 450.512
4.25508, -385.066, -534.133
6.72991, 182.323, 26.3317
3.84659, 668.606, -165.423
4.83959, 73.6091, -170.825
3.2686, -643.112, -421.871
2.66527, 607.632, 142.76
7.2768, -4.32414, 70.5391
6.95369, 109.57, 495.445
3.29884, 682.119, 248.715
3.15214, 429.123, -573.669
2.515, -451.389, -817.191
6.0491, -954.675, -175.69
3.40448, -517.39, 873.323
5.76029, 773.264, -363.535
4.42907, 363.808, -698.9
3.23766, -4.56964, -226.589
5.45054, 687.373, 173.474
3.24076, 115.517, 910.093
3.2091, -182.031, 964.896
4.94257, -494.537, 128.755
3.13015, 915.348, -71.6923
5.64635, -360.124, -599.002
5.60817, 301.727, -744.907
4.88216, -502.408, 604.539
2.64188, -588.071, -229.922
3.21011, -144.101, 802.143
3.15594, -180.028, 892.98
3.31099, -817.679, 765.671
3.76529, -268.834, -855.637
4.77654, 569.349, -731.81
6.54472, -94.9669, -300.465
3.57624, 302.899, 861.219
3.75063, 817.015, 362.774
5.02978, -57.7956, 721.184
6.27922, 634.981, 195.181
5.66369, 903.246, -72.6676
5.9449, 644.665, -124.15
7.27207, 972.331, 406.32
5.18713, -422.179, 705.9
4.57014, -788.831, 32.6641
4.70019, 752.246, 154.351
6.07821, 737.495, 459.089
6.20858, 411.199, 599.864
5.12494, 771.419, -960.771
6.06711, -867.854, -73.7642
5.91025, 334.838, -21.8975
6.82941, 832.59, -600
3.19597, 86.7, 777.898
3.57766, 975.348, -100.039
5.0733, -366.843, -109.494
4.83766, -119.926, 758.44
3.55759, -268.618, 612.556
5.65244, -692.728, 993.675
2.5044, -989.566, 224.639
4.09589, 453.807, 545.632
5.90281, 364.111, -160.709
6.0446, 671.823, -588.446
2.90869, -809.849, 656.255
3.56926, 262.438, 531.032
4.44412, -836.323, -572.167
4.44927, 897.379, 903.545
3.92018, 383.572, -461.302
4.6123, 566.376, 552.617
2.55658, -605.45, -438.435
3.72027, 954.563, -618.329
4.49072, -724.796, 642.23
6.64177, -646.876, 201.699
3.78584, 974.334, -685.649
3.59705, -800.094, -532.766
6.47385, 391.083, 269.108
5.8476, 504.415, 392.096
5.49108, -889.735, 278.352
5.99917, -362.981, -544.4
5.13062, 525.873, -763.417
4.14833, 180.306, 104.343
3.30844, -714.271, 404.537
6.56633, 719.389, -28.844
4.08004, 478.029, 114.621
4.05369, 55.9144, -730.368
4.65424, 35.7795, 173.214
4.46509, -248.016, -476.933
4.43916, -48.7923, -110.01
4.34871, -840.922, -442.25
5.88118, 343.323, -492.751
6.10384, 455.23, 27.9984
7.20082, -72.537, 892.765
5.08573, -79.2957, -357.237
5.5282, -195.227, 322.856
5.85049, -696.741, 975.367
5.11404, 82.2447, -310.629
3.87105, -964.713, 653.825
7.08924, 93.3618, 285.55
3.73367, 937.592, -464.966
4.77876, 386.429, 685.914
3.30374, -954.847, 636.139
4.68319, 414.511, 411.743
7.45767, 500.901, 166.706
6.26931, -440.103, 391.146
4.97846, -988.767, -656.615
7.01651, -664.45, -839.819
4.68213, 492.948, 563.998
5.09239, 168.988, -984.968
4.44866, 88.1282, -864.003
5.63431, -226.163, -568.186
5.19331, 416.947, 318.112
4.35955, 632.115, -438.912
2.54674, -370.154, 365.583
6.3794, 41.4959, -790.553
2.85317, -888.295, -559.707
3.98511, 446.339, -679.536
4.78581, -41.9539, -897.295
3.25156, -96.2846, 41.2929
5.97819, 667.931, -429.53
4.15587, 371.935, 160.862
5.21197, 972.23, -883.069
2.64678, 715.411, -991.809
5.38086, -21.1184, -240.916
5.18133, 363.77, 475.701
7.36678, -756.239, -926.826
5.57063, -297.615, -621.528
5.26431, -746.818, 213.727
6.69051, -280.602, 906.796
3.75764, -484.259, 942.963
6.98957, 630.651, -146.331
5.97428, 517.227, -507.222
5.82752, -472.919, -95.883
3.06838, -580.286, -768.37
3.37987, -984.699, 94.3945
2.91253, -136.171, 196.964
6.68103, -248.157, 373.194
2.64818, 942.352, -758.589
6.34719, -3.63389, -848.741
4.29829, -501.294, 866.904
6.24626, 1.38264, 536.47
6.28385, 362.916, 342.559
3.60834, -538.302, -925.099
5.58305, 305.15, 126.382
3.66846, -549.97, -255
6.22052, -668.767, 304.791
5.80997, -908.545, -683.499
4.9209, 901.465, -748.166
2.58972, 828.057, 240.343
4.98291, 445.318, 193.175
5.09587, -113.973, -889.725
4.71395, -874.364, 533.223
4.14528, -63.0368, 951.612
3.52671, 485.731, -107.665
7.19863, -252.722, -654.707
2.85168, -500.477, 927.104
3.30042, 52.1593, -749.64
6.70788, -789.042, 32.2431
4.13614, -157.198, -269.051
6.85942, 155.949, 427.274
5.99896, 672.229, 516.198
5.52801, 869.743, -221.058
4.77536, 79.2713, -271.69
2.91543, -520.728, -182.342
3.94883, -55.1293, -152.727
6.51009, -569.1, -788.347
6.81821, 335.917, 56.3235
3.81831, 422.189, -511.73
4.79881, -836.913, -235.168
4.95672, 602.972, -527.227
5.82344, -467.502, -991.242
7.31738, -626.604, -151.808
7.23022, 587.286, -733.359
2.81902, 221.807, -656.443
5.04829, -406.647, -309.8
6.13222, 668.467, 654.667
5.65882, 602.314, -340.05
3.26658, -916.134, -908.936
5.09652, -868.636, 541.09
3.52281, -557.662, 856.441
6.03231, 399.721, -821.363
6.05786, -475.392, -13.1076
3.66304, -585.303, -237.869
6.80594, -65.6882, -133.894
2.67122, -110.128, 952.221
6.26587, -936.013, 49.8135
4.14789, 643.999, 177.996
4.65309, 72.1058, -534.645
7.33455, 971.146, -193.305
4.05803, 733.941, 698.017
5.69762, 991.213, -701.957
5.95386, 865.819, -62.7137
5.36403, 81.091, 629.655
6.60667, 891.193, -682.728
4.21807, -907.474, -683.027
5.09387, -808.412, -777.444
6.78438, 122.687, -952.955
6.18587, 347.409, 37.2367
3.45992, -948.979, 392.311
2.83145, -308.185, 341.137
3.60828, 845.317, -719.48
3.33656, 171.13, -237.133
6.31172, 382.131, -940.364
5.44905, -844.268, 425.67
4.65223, 859.483, 851.999
7.09618, 661.374, 12.0593
5.09668, 445.954, 195.786
7.38058, -678.03, -19.9824
5.15714, -453.217, 147.784
2.98716, 334.146, 394.733
5.83983, 219.718, 98.1294
5.44444, 140.678, -20.2814
5.01137, -702.495, -110.052
2.75808, -934.32, 461.074
2.6753, -351.416, 34.1352
4.41484, -785.658, -511.575
5.55555, 191.777, 103.575
5.06574, 542.591, 873.908
5.98498, 301.513, -26.5015
4.89891, -25.6774, -185.244
3.88323, 68.3647, 421.407
6.01685, -439.451, 210.118
3.67701, 875.594, 59.3881
6.41501, 191.015, -174.624
6.60589, 361.704, 838.494
3.21842, -537.319, 54.0207
5.75757, -492.787, 804.413
3.87677, 870.678, -988.053
7.26215, -436.646, 716.756
4.58238, -752.78, 13.8627
3.03869, -126.821, 404.026
4.70633, -799.189, 531.913
6.28811, -417.08, -303.621
2.77803, -338.552, -321.33
3.51241, -28.6182, 145.489
6.82305, 945.274, -783.846
6.52456, -265.37, -13.8788
2.78861, -680.001, -674.172
4.40304, -64.0608, -701.422
4.56124, -148.757, 766.147
2.80071, -382.342, 302.538
7.09746, 799.986, 639.862
3.35398, 538.946, 803.319
6.51634, -934.872, 148.475
3.88599, 723.472, 45.2571
4.44586, 173.186, 738.579
7.19936, 52.2576, 623.678
6.24573, 160.365, -162.247
3.44774, -324.506, 760.602
6.89581, 436.871, 485.608
6.8953, 418.876, -852.184
3.30515, -812.048, -265.939
5.87346, -805.608, -166.336
6.89096, 626.973, 125.969
6.98262, 264.16, 532.065
3.06535, -26.034, 755.611
5.93789, -233.801, -248.352
3.21651, -842.823, -759.753
3.6901, 415.626, -44.6585
5.64383, 949.218, -218.022
4.312, 817.308, 360.83
4.64437, 588.515, 717.973
4.91936, -7.93865, -843.603
6.20379, -1.73197, -102.889
3.23098, -395.56, 866.604
7.36238, -836.987, -776.583
7.3158, -518.182, -190.588
3.14741, -602.447, 665.878
5.3784, -320.424, -607.059
4.66439, 170.849, -121.291
5.50066, -240.431, -261.295
5.85098, -700.414, -136.679
4.5137, 396.343, 989.155
6.46691, 639.614, 696.531
4.89889, -978.415, -251.058
5.72449, 295.112, 277.294
4.28836, -245.828, 598.716
5.96794, -330.869, -220.852
5.83428, -416.97, -707.354
3.22071, -374.523, 710.161
7.10415, -983.865, 214.983
4.22228, 32.4798, -235.904
6.66824, -416.621, -470.78
2.74349, 270.011, -749.223
3.27936, -246.938, -73.5601
2.55765, 331.583, 510.204
3.94327, 121.355, 589.223
5.07295, -350.801, -171.518
3.65948, 683.311, 437.967
2.75022, -242.428, -67.632
5.33091, -595.418, -849.11
6.69774, -153.743, 670.942
4.28763, -643.315, -423.987
4.3452, 167.623, 871.121
7.22226, 255.98, -73.5977
4.72425, -907.595, -183.519
6.82086, 495.316, 189.114
5.82654, -789.819, -736.983
5.79297, 163.714, 665.993
7.10736, -960.966, 962.856
5.11536, 940.227, -614.906
5.45229, 439.351, -442.21
5.79944, 668.664, 670.371
4.24765, 291.552, 460.488
4.11714, 335.651, 59.849
7.08984, -112.033, 738.818
3.08619, 903.614, -446.294
7.31268, 676.176, -171.174
5.17978, 45.5189, -332.392
5.81447, 856.759, 635.244
5.48362, 888.697, -507.38
6.93363, -506.141, -746.639
6.67999, -670.911, -607.566
6.69339, 246.639, 204.001
6.85642, -215.207, 341.536
2.5002, -768.721, 333.865
4.77274, 258.167, 351.173
4.25696, -933.089, 152.4
5.80713, -258.073, 709.363
6.22234, -872.519, 152.816
3.3821, -118.532, -445.931
7.4621, 794.498, -814.344
5.95466, -933.006, 174.122
6.97862, 141.456, -17.2896
3.51579, 374.708, -131.584
7.2356, -456.348, -36.4594
4.88476, 895.667, -505.434
6.78578, 921.879, -746.544
6.41237, -982.135, -560.72
5.70687, 913.933, -904.555
3.14521, -724.838, 147.688
5.77944, 4.05247, 649.666
3.09199, 53.069, 9.61497
3.88793, 336.311, 804.78
6.65548, -219.844, -227.009
6.14153, -752.365, -513.603
6.74348, -597.807, 295.931
3.43989, -784.996, -948.011
6.09602, 558.534, -278.772
4.25586, 160.653, 332.571
3.34555, -415.879, -687.32
4.52383, 339.575, -549.836
4.20924, 159.011, 771.57
6.67141, 394.936, -125.563
3.9111, 698.025, 584.089
5.16766, -671.507, -476.66
6.25085, 994.903, -852.979
4.62554, -686.122, -763.177
4.66964, -570.54, 547.057
3.03022, 858.021, -932.764
6.4639, -37.7599, -466.56
3.91232, -573.053, -483.907
7.14264, -579.801, -236.823
5.37926, 240.395, 519.816
3.4895, 817.034, -288.735
5.99081, 574.859, -756.936
3.07265, 495.504, -960.724
4.22945, 307.262, 788.208
4.15646, -584.612, -238.24
6.42735, 828.476, -962.715
6.65775, 459.674, -212.879
4.21712, -740.108, 755.161
4.2603, -274.677, 886.98
6.38197, 146.197, -833.342
6.58658, -12.8735, 688.119
4.26157, -130.197, 285.32
7.09559, -432.659, -301.261
3.2877, 490.706, 253.235
5.56029, -487.635, 564.721
5.54222, -374.56, 710.216
3.16647, -252.134, -746.438
3.51409, -746.345, -477.333
4.79457, -857.202, 501.147
3.48759, -528.057, 927.446
6.77118, -840.506, 374.07
6.54562, -759.623, -693.347
2.80131, -907.383, 886.73
6.50584, -718.125, 656.195
5.49597, -193.065, -543.741
7.43182, -891.354, 308.32
2.65919, -162.965, 639.059
6.8356, 946.661, -771.841
3.69109, 669.004, 348.228
3.6127, 176.778, 432.145
4.73907, -991.195, -545.067
2.61231, 860.463, -171.215
6.79755, -254.303, 21.7752
4.15902, 213.209, 591.163
5.72195, 306.644, 249.803
7.43521, -946.097, -482.565
5.30162, 284.601, -583.943
4.74553, -758.195, -246.216
5.213, 170.952, -717.34
2.90797, 773.105, -32.8109
3.99606, -805.067, -272.196
6.63964, 823.556, 680.151
6.48936, 625.806, 938.103
5.71048, -103.017, 679.726
4.84105, 630.91, 386.785
7.15326, -197.824, -610.809
5.08798, -248.487, -71.7637
7.42924, 798.1, -541.341
5.94567, -81.4845, -723.961
6.19966, -181.024, -445.579
3.46323, -392.433, -935.367
6.08881, -451.412, 625.095
6.11146, 570.038, -181.506
6.49298, 266.328, 153.882
4.23216, 255.384, -997.396
5.1481, -15.7651, -58.7383
3.19001, 715.899, -361.456
6.73218, -225.378, -205.538
6.32766, -84.7909, -885.608
7.5, 923.473, -417.104
4.24891, 483.072, 994.555
5.50367, -601.173, 591.539
3.50808, -496.266, 84.6419
6.2385, 28.3131, 152.255
6.49225, 976.941, 216.203
3.03505, -706.148, 109.34
5.35813, -507.219, 47.3629
2.84683, 358.574, -333.493
4.16036, 749.181, 689.396
5.80945, 487.12, -708.352
5.27726, 171.842, -194.118
7.12415, 228.95, -11.7263
2.69832, -486.137, 226.866
2.62083, -311.907, 240.417
4.61923, 215.835, -656.82
4.36987, 460.808, 136.198
2.93303, -235.183, -258.354
3.05403, -162.944, 166.183
5.31992, 368.821, -348.443
7.37269, 61.9389, 742.576
3.05066, -47.7414, -882.286
5.99352, 99.045, 981.938
2.79674, -50.2839, -743.372
4.69755, 835.553, -108.599
5.24651, 992.652, 716.267
3.45129, 691.667, -750.507
7.36597, 313.688, 327.561
3.19593, -676.034, -70.1197
5.48978, 941.931, -432.791
7.12812, -873.209, 704.191
3.91116, -76.9057, 889.387
6.8307, -140.131, -81.3725
6.29598, -228.433, -601.142
6.10793, 355.312, 622.692
3.34241, -377.096, 370.453
3.32882, 837.974, 374.595
3.39076, -647.397, -990.306
5.87226, 335.708, -602.564
4.83484, -354.611, 39.2563
6.85219, -811.375, -358.192
5.76023, -696.316, -117.706
5.80464, 762.945, 881.633
2.58037, -661.198, -596.755
4.30596, -779.094, -666.539
3.72747, 925.468, 119.914
6.93086, -937.93, -950.544
5.23701, 825.112, 773.581
6.57209, -26.323, -651.861
5.24453, 174.949, 868.136
4.16156, 506.381, -55.8811
4.40213, 24.6769, -654.797
2.52389, 932.262, 655.031
6.95226, -90.6038, -397.312
6.16955, -497.797, 686.152
6.04239, -153.751, 667.232
5.1278, 54.5522, -187.328
6.41065, -191.58, -815.401
3.42484, -385.491, -470.456
5.72673, 244.757, 511.932
3.42178, -689.775, -343.423
3.31214, 64.3382, -90.0503
2.65594, -181.929, 850.62
7.42716, 130.342, -665.623
4.04559, -331.987, -717.672
4.11075, -669.748, -296.169
5.51155, 288.524, -232.055
2.89107, -329.545, -923.079
3.93936, -19.3659, 89.2732
5.79307, -122.863, -493.777
7.36348, -993.765, -349.041
7.27758, -363.182, -796.59
7.42745, -670.565, -289.055
7.30478, -914.22, -764.167
3.0073, -558.736, 568.622
3.71505, -126.405, -490.131
6.91151, 98.9542, -433.598
5.28805, 340.619, 701.22
6.7669, 803.046, 515.951
7.49145, -535.777, 523.515
3.99751, -259.317, -482.665
6.33157, 979.46, 488.414
4.81901, 284.208, -143.47
6.8168, -636.264, -793.404
6.99018, 860.799, 5.18418
7.377, 257.97, -416.748
2.77405, 660.581, 81.0348
6.32605, 948.649, -617.823
5.09219, -933.881, 739.416
3.46574, 930.016, -241.216
6.98252, 195.485, -543.207
6.38492, -831.717, 98.2041
2.75968, 416.036, 541.414
7.47331, -854.537, 765.722
5.93659, -2.57003, -459.294
5.94854, 888.271, 496.781
6.57666, -657.295, 820.51
7.05426, -36.6231, -436.301
3.34218, -201.384, 404.521
5.24183, -580.156, 804.185
6.53351, -482.618, -252.022
4.17803, 320.715, -532.196
5.53435, -102.004, 39.0266
6.59602, -953.145, 334.083
7.3485, 84.4947, -246.926
6.29349, 584.984, 492.992
3.72113, -183.247, -92.9761
5.80589, -572.211, 403.649
4.21574, -448.049, -186.596
7.27146, 376.097, -396.392
2.60828, 803.749, 555.823
4.54979, -891.963, 946.97
2.55789, 589.513, -672.263
3.04964, 841.466, 200.547
5.28259, -850.099, 91.5987
4.45466, -31.0393, -235.463
7.20539, 117.935, -182.695
2.55572, 179.301, 395.802
6.22897, -223.543, -435.537
3.84293, 109.966, 128.414
4.27153, -677.538, -761.178
3.45835, -465.079, 617.148
5.14832, 295.873, -170.011
4.39478, -58.513, -855.263
3.16407, -12.7846, -802.762
4.26563, -125.18, -565.51
4.2497, 783.899, 985.901
7.41084, 610.593, -121.42
5.25961, 150.192, -384.154
4.99918, 13.5092, -714.139
3.58531, -834.648, 457.355
4.37311, -231.998, -651.756
6.78251, -664.185, -470.895
6.45578, 789.283, -510.608
3.9204, -490.9, 929.18
5.07645, 437.447, 100.617
6.79238, -293.905, -25.2318
7.07844, -945.142, -172.672
7.48941, 136.561, 916.76
6.53177, 173.057, -195.105
5.22718, -903.079, -185.076
7.3461, 149.819, -737.458
5.31931, -585.251, 362.638
4.03031, -415.765, 660.184
5.41853, 967.007, 953.385
2.91197, 57.5455, -332.1
5.47382, 353.149, 623.611
3.31968, -598.692, -591.667
6.46527, -610.338, -436.57
2.95373, 578.981, 740.952
6.3072, -505.444, -679.789
6.83996, -219.764, 32.5865
6.40105, 192.004, -334.457
6.61399, 908.607, 970.437
6.70974, 372.574, 553.368
4.48328, 532.018, 256.276
6.508, -159.244, 170.384
6.56811, 380.768, -44.147
5.43493, -409.925, 101.285
4.64621, 796.145, -50.2898
2.5002, -67.9723, -479.236
5.31153, -815.428, 316.637
6.22632, 336.054, 355.433
3.89846, 966.075, 296.109
2.93406, -987.161, 565.108
3.5733, 853.47, -880.842
3.93296, -493.096, 555.899
4.86595, -406.86, 475.366
6.95893, 845.377, 819.884
5.91955, 507.895, -500.522
3.54376, -50.669, -65.7693
6.67533, 794.381, 12.0797
7.09218, 940.654, 917.648
4.48244, -474.834, -701.355
6.37858, 541.797, 537.182
5.68161, -161.477, -90.5725
6.64746, 483.536, 292.069
3.40204, 558.64, -458.549
7.45927, 579.902, -765.724
6.70558, -150.987, -844.946
4.65177, 888.49, 266.139
4.38589, 596.765, 890.108
2.70802, 655.638, -505.776
6.80715, -807.418, -539.538
6.62116, 912.814, -905.833
6.25052, 15.5627, 733.2
3.55801, -165.187, 993.729
4.31029, -781.87, -192.268
4.43545, -591.386, -803.32
7.32918, 805.238, 639.367
6.5872, -168.315, 631.07
4.5755, -82.3803, 449.363
5.83759, 205.837, 183.956
2.52101, 477.341, 975.483
6.98048, -741.666, 254.099
3.68416, -343.456, 355.262
3.79415, 359.321, -95.9855
5.4939, 406.605, -707.492
6.89823, -843.794, 378.307
6.16299, -565.444, -592.126
6.0773, 913.709, 570.712
3.57724, -608.443, 481.056
6.30413, 678.607, -958.082
3.85351, -160.498, -560.525
2.75246, 667.424, 341.694
4.78866, 268.799, 245.68
2.58759, 449.159, -779.2
3.01129, 75.2917, -175.842
2.639, -129.521, 281.35
5.65921, -340.85, -515.65
6.34425, 85.5872, -247.455
2.74132, 525.603, -840.687
6.6924, -58.0072, -630.664
6.76899, -263.073, -320.542
6.57649, -444.805, 574.05
6.85188, 795.1, 405.693
5.27222, -634.031, -172.044
6.12646, -296.087, 59.6771
3.20424, -527.48, 937.57
6.6115, 600.526, -530.977
5.51185, 733.911, -197.395
4.93856, 509.026, -920.886
6.14942, -288.498, 953.381
4.05164, 757.597, -669.263
3.93925, -699.361, 354.096
5.45857, -953.296, 810.877
5.34055, 656.397, 885.938
5.41059, -928.12, -578.812
2.84132, -689.442, 283.202
4.34304, 153.236, -381.549
6.28475, -937.489, -576.004
6.35297, -447.139, -874.759
4.27217, -394.069, -252.353
5.98913, 243.079, 932.649
5.08005, -682.926, -303.09
5.94494, 391.443, 131.906
6.18066, -82.1539, 615.73
2.56231, -343.577, -675.182
7.16549, 606.384, -122.858
5.37826, 133.588, 126.475
3.05587, 459.274, 974.674
4.87388, -108.978, 25.397
3.24247, 174.038, 94.7928
4.22594, 50.9743, 449.818
7.04476, -933.002, 184.566
4.54571, 15.3494, 516.479
5.96642, -679.351, -77.3033
3.35865, 382.781, -935.314
6.21715, 893.688, -506.258
4.16319, -423.799, 641.47
4.62157, 667.812, 311.492
2.79523, -137.279, -115.157
5.09005, 281.575, -240.498
5.94425, 474.595, -581.456
5.01149, -255.394, 21.2002
6.56617, -169.116, -751.454
3.07974, 81.7748, -939.571
5.24841, 266.992, 465.487
5.06046, 411.61, 21.3244
6.02649, 953.622, 441.636
5.65083, -237.034, 889.643
4.0207, -24.2961, -634.2
6.74719, 400.11, 372
3.39619, 602.37, -20.441
2.61737, -530.667, -100.272
4.19467, 740.255, 54.0182
3.43818, 350.782, -85.0613
6.60467, -286.439, 189.903
6.72507, -895.675, -156.57
6.78031, 846.537, -720.33
7.37454, -954.519, 641.454
2.99587, 470.17, -448.413
2.56182, 564.477, 656.944
2.58614, 220.708, 584.646
2.64527, 252.278, 95.0861
4.1031, 150.834, -392.017
6.17815, 627.699, 302.62
3.14876, 362.633, 475.986
2.5161, -368.022, 507.408
6.91905, 139.104, -790.972
3.70482, 231.439, -574.647
4.38481, -821.219, 759.852
4.44879, 610.114, 186.141
2.81534, 595.917, 295.105
7.30792, 183.7, 958.534
3.75349, 726.821, -338.201
6.85376, -680.361, -58.7157
2.85991, -918.903, 427.39
2.70653, -624.849, 577.721
3.46378, 362.974, -523.673
3.86708, -310.557, 302.859
7.4007, -953.29, -365.626
3.60607, 324.86, -539.429
6.43119, -875.855, 856.489
4.42306, 301.149, -422.277
3.78593, 480.181, -637.079
3.91087, -947.818, 65.7508
7.33834, 868.516, -34.0934
4.22841, 768.524, 172.567
3.45922, -984.362, 737.872
5.05037, -548.065, -378.032
5.21857, -558.079, 634.643
5.72333, -637.3, -615.65
3.89738, -10.2576, 788.095
3.41887, -296.575, -720.042
2.71579, -844.419, 376.639
3.98408, -503.093, -265.201
4.25548, -231.551, 140.799
7.09372, -421.323, 727.957
5.81225, 506.208, -362.984
5.08041, 866.9, 586.24
4.03763, 616.337, 588.378
3.0007, -353.044, 155.326
3.47502, 380.074, -880.992
4.11407, 31.4915, -132.106
5.56182, 964.876, 86.6512
5.13511, 961.283, -984.432
3.45653, 256.94, 285.163
4.7178, -648.493, -428.14
4.48693, -709.875, 855.259
6.28051, -607.214, 744.816
6.6213, 736.939, 602.622
5.51573, 141.998, -344.418
3.04573, 610.2, -829.433
4.11797, 487.258, -165.405
5.03403, 8.28442, 318.752
4.76521, -648.242, 798.734
4.77315, -181.193, -461.021
4.91125, 917.987, 910.372
5.07896, 369.533, -651.312
4.50207, 198.87, 818.846
4.22945, 962.762, 484.945
6.64533, 929.165, -240.63
3.02204, -732.916, -798.8
6.40057, 586.578, 568.872
3.19919, -297.64, -239.47
2.62171, -801.02, -516.131
6.0664, 407.078, -755.404
7.15538, 155.089, -822.458
7.47667, 181.594, 174.776
3.86264, -882.935, 152.907
3.6923, -476.24, -255.004
3.87328, 963.419, 620.161
5.70836, -909.094, -731.086
5.17637, 310.732, 155.973
6.8967, 836.346, -297.052
6.75968, -664.758, -839.657
2.98004, 909.497, -35.6717
4.66818, -750.601, 199.364
3.17045, -205.545, -757.669
5.86802, -161.708, 315.987
5.34964, -53.4553, -480.055
3.66474, -623.865, 563.265
5.50306, 266.682, -689.785
2.6551, -803.661, -28.2078
7.08512, 568.91, -312.304
3.82958, 864.93, -180.225
6.50016, -184.834, -509.503
5.46389, 169.089, -723.878
5.0822, 357.846, 617.968
5.2567, 319.659, 644.142
3.47225, 506.997, -233.578
5.36152, 121.613, -743.368
3.81992, 213.816, 402.767
4.41648, -765.362, 539.746
2.73626, -754.822, -897.566
4.22823, 587.717, -671.183
3.61594, 678.69, -436.712
3.81264, 17.0369, -737.38
3.05141, -430.137, -402.36
7.40088, -705.89, 20.1422
5.93794, 796.31, 640.592
5.82158, -547.826, -380.113
5.99501, -601.897, -673.119
2.68746, -833.17, -775.259
3.6706, -629.018, -745.749
3.95397, 717.729, 693.969
3.50543, -39.3699, -259.6
2.7177, 375.634, 332.837
2.56571, -531.345, 520.724
6.07297, -527.581, 765.553
6.88348, -871.775, -629.715
5.35088, -887.452, 271.097
6.92743, 865.925, 870.699
5.20042, -356.536, -280.071
3.31357, 929.993, -647.652
3.30492, 967.585, 440.339
7.19182, 319.161, 287.428
3.45628, 554.221, -852.654
3.15761, -4.23331, -107.978
4.41122, -315.046, -5.36194
6.12674, 257.857, -265.221
2.50651, 540.143, 873.715
4.60222, 22.4984, 736.384
5.18984, 307.902, -214.057
4.86596, -238.773, 247.304
6.33003, 543.722, 871.367
2.9396, 555.022, -469.619
7.04284, 133.799, 323.836
3.20818, -876.517, -395.731
2.54782, 436.025, -51.7034
2.82267, 238.968, 522.698
4.96742, 381.831, 222.472
5.40914, 532.272, 984.24
4.03373, -948.724, 544.84
4.57091, 916.694, -68.3656
4.33401, -574.62, -688.917
3.42687, 184.982, 668.894
2.76788, 639.712, 162.438
4.47222, 541.358, -65.4479
3.98388, -347.947, -132.072
5.05388, -396.28, 820.773
3.75392, -700.017, 230.288
5.01589, 964.824, 885.138
2.51168, -15.4484, 797.054
7.01807, 996.79, -448.176
2.79181, -906.114, -948.201
5.17506, -688.302, 805.006
3.95754, -383.821, 875.083
7.3023, -813.982, -273.23
4.73406, 319.821, -109.211
5.08479, 894.761, 167.734
5.93861, -256.127, 16.2929
2.72187, -160.625, 76.0201
7.2946, -798.144, 606.851
5.70852, 362.869, 155.039
2.80215, 630.122, -780.919
3.33964, 48.6738, 268.157
5.76491, 487.6, -249.264
6.19864, -769.529, 339.676
3.57011, 860.009, 200.979
4.31441, 157.255, -874.318
6.56981, -648.106, 934.747
5.32057, 807.804, -470.599
7.45886, -41.6676, -897.253
6.5669, -763.654, 397.425
3.49157, -993.867, -23.0097
2.50003, -161.13, -853.37
4.62608, 943.505, -774.848
4.07406, 834.751, 195.49
5.56218, 606.865, -933.733
3.83351, -202.301, -544.229
4.39881, -595.055, -61.2331
5.43397, 965.651, 296.996
5.95636, -141.513, -515.187
7.26736, -459.182, -571.781
4.89785, -292.873, -954.521
3.60319, 376.095, -730.371
5.33741, -724.636, -447.213
6.09873, 432.84, 364.173
4.4953, -490.088, 562.326
3.48326, -689.718, 989.895
6.66971, -674.31, -758.637
5.59561, -449.308, -868.539
7.26866, -294.355, 172.647
3.23222, -14.3619, -279.575
5.38953, 40.5328, -459.911
7.26796, -392.383, 722.588
3.62331, 720.555, -977.993
7.25137, -490.74, 807.782
3.07874, 798.381, -518.094
2.58372, 29.6824, -262.066
3.90465, -353.619, -170.434
7.15042, 646.899, 168.38
3.04796, 746.784, 872.007
6.77266, 30.2576, 829.939
5.68532, -726.428, -732.215
5.63853, 409.347, -711.777
3.80589, 726.541, 744.103
5.13936, -950.956, 219.777
7.16608, -268.789, 912.868
3.98055, 923.284, 101.535
4.78006, 155.919, 456.189
6.35659, -656.545, -620.907
4.17193, 99.9085, 116.396
6.31775, -39.5504, -943.817
6.65892, -30.0835, 943.086
2.64618, -725.164, 568.298
4.31315, 715.336, -267.602
4.16221, 284.179, 461.166
3.17675, -519.072, -304.414
3.00839, -306.632, 623.656
5.11327, -609.938, 815.133
3.52046, 30.6545, -534.333
5.00728, -867.822, -631.003
5.1371, 2.73651, 961.725
4.13422, -268.973, -292.943
4.75888, 226.187, -445.073
6.85263, -7.40848, 985.336
4.72884, 645.581, 865.274
6.03726, -458.881, -919.53
6.83171, 915.077, -699.233
6.5822, 870.352, 221.069
2.67504, 895.569, 837.735
3.8644, -653.974, -236.49
5.21858, -422.758, -430.83
3.19942, -990.846, -543.649
5.57408, -779.021, -935.993
3.29182, -692.462, -605.536
4.41129, 99.055, 221.136
5.94997, -94.3564, 189.496
3.21128, -389.179, 460.89
5.65284, -785.045, 794.337
3.15973, 199.306, 936.302
7.13583, -740.001, 251.381
5.53465, -939.32, 784.837
5.50388, -922.077, 370.829
3.33635, 596.562, -527.14
3.301, -863.594, -401.263
5.91628, 623.877, -29.811
5.1456, -714.687, -13.8606
3.65264, -132.189, 811.124
6.55373, -502.323, -58.2105
5.76477, -420.419, -560.771
4.08597, -552.453, -584.36
2.53953, -262.549, -815.898
3.49176, 729.615, 740.961
3.78831, -8.52248, 382.022
3.03825, 891.225, 38.683
3.49545, 132.39, -435.139
6.75079, 803.763, -771.972
6.63912, -984.92, 211.882
6.76813, -960.335, -552.37
5.71027, 285.762, 779.669
3.6787, 727.919, -988.458
6.80638, -502.647, -809.785
5.4745, 36.8277, -102.507
2.52745, 507.194, -30.1195
6.84925, -662.728, -472.798
7.37729, 649.98, 106.485
5.59653, 379.194, 13.6275
3.85574, -942.899, 380.162
7.46973, -159.269, -634.624
4.60751, -723.287, -529.951
4.20537, -794.795, -615.398
4.80717, 363.43, -137.643
4.44822, 264.35, -379.337
4.613, -50.2009, 515.418
2.84879, 131.871, 287.513
5.5153, -57.6958, -126.92
7.36114, -49.7139, 230.868
5.07406, -696.814, -535.693
7.45461, 955.551, -137.675
5.84906, 625.959, -147.634
4.01716, -605.741, 70.5803
3.47371, 875.096, 566.524
4.0109, -709.901, -937.29
4.93946, -334.914, 461.298
4.72438, 531.192, 981.435
5.7844, 319.81, -941.466
3.74227, -779.92, -668.787
4.72007, 54.8918, 555.849
5.75894, -691.894, 53.6139
6.67472, -713.858, 188.875
6.03698, 198.925, 819.046
4.93928, -871.28, -602.711
6.72039, 399.812, -239.018
7.00296, -499.206, -183.829
6.33082, -651.054, -526.445
5.29453, 628.846, 848.749
2.70603, -20.4933, 90.7266
5.46749, 564.23, 65.5675
2.68674, -680.617, 827.329
4.53488, 23.2094, 437.008
2.84243, -976.202, -881.994
7.38558, -777.809, -882.474
2.5956, -517.242, -233.645
6.60363, -159.704, -272.127
5.2195, -375.426, 877.726
5.72828, 791.843, -332.571
3.62934, -260.748, 56.6421
2.733, 828.55, -695.117
3.63154, 214.503, -555.874
4.58371, -633.581, 135.203
6.40126, 265.971, -631.851
3.72852, -922.434, 388.276
4.81411, 659.02, 87.8189
6.14756, 928.867, 291.212
5.35237, -330.465, 815.917
5.45997, 928.496, 924.234
4.98425, -943.613, 281
3.951, 493.846, 109.402
4.71107, -4.36675, -226.614
2.53669, 854.64, -396.014
7.41683, 496.24, -358.978
2.52822, -809.882, -146.137
4.8676, -99.2559, 735.91
5.86497, -310.419, -122.029
