6.27803, -2834.61, 1655.97
3.5948, 47.1908, 1376.64
5.89648, -0.746198, 20.4811
5.09708, 128.053, -228.042
2.76731, 5317.67, -5475.8
2.53849, -1775.59, 1993.09
4.58743, 7422.91, 4390.78
7.15218, 253.067, -10.3107
2.95982, -223.265, 405.582
6.00595, -129.429, -132.792
3.81226, 648.207, 101.598
4.14117, 267.5, -166.891
7.45519, 817.152, -417.205
7.41275, 207.292, 93.9349
5.75759, 12.6727, -106.484
6.92354, 206.808, 41.8804
6.33247, 645.053, 9.44831
3.87453, -2190.3, -737.193
4.93259, -1312.41, -942.488
2.80282, -6715.11, 1640.43
5.08146, 268.435, -9.3641
4.96988, -4723.35, 1721.3
7.23882, 669.449, -162.651
4.42071, 175.371, 3.8852
5.14874, -3617, 966.89
2.75042, -315.503, 4747.63
6.63909, -414.049, -54.2682
5.94228, 457.097, -0.43282
6.18112, 646.74, 37.1634
6.94286, -3551.54, -3143.18
4.25508, -435.131, 534.781
6.72991, 143.697, 27.4541
3.84659, 432.59, 21.9702
4.83959, -270.193, 697
3.2686, 601.474, -14.9123
2.66527, 341.292, -238.243
7.2768, -1397.13, -999.944
6.95369, 382.062, -626.651
3.29884, -733.527, 405.861
3.15214, 1209.88, -550.577
2.515, 2890.49, -492.146
6.0491, 330.936, -48.8086
3.40448, 999.254, 260.656
5.76029, -701.476, 364.051
4.42907, -36.0448, -175.828
3.23766, 1288.89, 1462.48
5.45054, 595.695, 396.171
3.24076, 2702.33, -1295.61
3.2091, -2227.04, -1304.76
4.94257, -377.332, -173.755
3.13015, -198.096, -743.387
5.64635, 765.22, 16.2281
5.60817, 117.747, -78.6435
4.88216, 3253.38, -4492.14
2.64188, 166.235, -166.072
3.21011, 3942.3, -605.724
3.15594, -253.483, -69.6254
3.31099, 1480.85, -2221.15
3.76529, -697.762, 220.952
4.77654, -4471.39, 2229.83
6.54472, 71.5107, -612.914
3.57624, 273.319, -263.538
3.75063, 312.165, 1.46354
5.02978, -864.873, -1654.07
6.27922, 199.351, -33.2438
5.66369, -1545.06, -3212.46
5.9449, -2167.23, -1550.82
7.27207, 417.506, -516.212
5.18713, 4660.86, -2364.87
4.57014, 97.9074, -1770.33
4.70019, -440.122, -652.407
6.07821, -1725.61, -1792.57
6.20858, -2431.81, -1880.89
5.12494, -3096.38, 2519.41
6.06711, 225.31, 219.895
5.91025, -45.6814, -16.071
6.82941, 1978.93, -1563.35
3.19597, 613.499, 1652.06
3.57766, 310.782, -269.467
5.0733, 1057.06, 1919.63
4.83766, 265.06, -124.49
3.55759, 3469.69, -3536.04
5.65244, -234.378, 402.236
2.5044, 2742.54, -3944.42
4.09589, -685.586, -2655.56
5.90281, 77.0312, -4.86133
6.0446, 90.7482, 248.543
2.90869, 52.1401, -89.4526
3.56926, -643.656, -385.934
4.44412, -223.446, -187.164
4.44927, -3629.04, -1246.61
3.92018, -66.7004, 546.971
4.6123, 167.526, 86.7588
2.55658, -1777.78, -68.9755
3.72027, -4889.27, 2604.71
4.49072, -1838.95, -3297.44
6.64177, 2.57519, -238.719
3.78584, 122.683, 27.3989
3.59705, -1285.54, 370.994
6.47385, 208.75, 37.0236
5.8476, 747.41, -309.587
5.49108, 102.311, 493.384
5.99917, 2448.54, 1559.82
5.13062, 18.9434, -473.644
4.14833, 289.289, 507.941
3.30844, 5276.51, 914.602
6.56633, 75.1289, 99.2828
4.08004, 216.375, -474.565
4.05369, 447.161, 66.3126
4.65424, 199.306, 36.6787
4.46509, 512.166, -199.498
4.43916, 621.371, -274.834
4.34871, 136.698, 558.185
5.88118, 14.9654, -160.728
6.10384, -139.447, -265.07
7.20082, -2212.96, 809.577
5.08573, 94.0992, -28.438
5.5282, -124.139, -268.627
5.85049, 1482.64, -2212.35
5.11404, 241.792, 368.651
3.87105, 707.836, -280.155
7.08924, 217.306, 36.9965
3.73367, 599.753, -309.009
4.77876, 571.192, 424.34
3.30374, 93.0993, 77.9943
4.68319, 107.758, -192.238
7.45767, 467.854, -5.07295
6.26931, 3433.96, -3423.6
4.97846, 4.50673, -698.595
7.01651, 100.695, -167.966
4.68213, -683.915, 234.339
5.09239, 1959.2, -1586.23
4.44866, -1699.66, -2695.24
5.63431, 142.136, 15.2533
5.19331, 188.538, 106.969
4.35955, -29.034, 1053.76
2.54674, -439.444, -451.693
6.3794, 108.173, 271.551
2.85317, -587.839, -657.881
3.98511, 107.229, -232.861
4.78581, 301.586, 1045.13
3.25156, 556.37, -26.5081
5.97819, 216.329, -127.633
4.15587, -560.338, -641.148
5.21197, -2974.12, 5317.24
2.64678, -3048.05, -1839.86
5.38086, -115.864, 320.144
5.18133, 592.369, 55.7212
7.36678, 413.524, -223.335
5.57063, 147.275, 55.0725
5.26431, 2344.88, -3999.73
6.69051, 1310.35, -5.12634
3.75764, 257.883, -1022.8
6.98957, 167.253, -43.7807
5.97428, 523.497, 164.392
5.82752, -319.445, 2191.85
3.06838, 248.992, -611.118
3.37987, -1365.95, -779.179
2.91253, -1447.55, 2401.38
6.68103, -103.717, -160.181
2.64818, 340.463, 3205.23
6.34719, 43.9611, -55.4433
4.29829, 246.045, -3203.61
6.24626, -459.846, -196.049
6.28385, 161.487, -50.6438
3.60834, 2366.56, -1201.34
5.58305, -140.415, 205.449
3.66846, 409.117, 4.10477
6.22052, -5.76902, -3162.47
5.80997, -393.871, -910.198
4.9209, -2986.74, 5245.23
2.58972, 925.806, 326.554
4.98291, 184.671, -241.74
5.09587, 209.297, 55.8331
4.71395, 714.21, 2965.41
4.14528, -2205.72, 1255.03
3.52671, 157.897, -20.4793
7.19863, -6.54098, 1300.45
2.85168, 1134.35, 2654.56
3.30042, 523.136, -965.668
6.70788, 462.215, -481.076
4.13614, 359.902, 143.603
6.85942, 787.38, 25.9204
5.99896, 74.5578, -180.824
5.52801, 34.7722, -359.845
4.77536, 538.418, -502.947
2.91543, 301.898, 1045.54
3.94883, -3030.41, -881.448
6.51009, 494.97, -312.46
6.81821, 55.2713, -649.783
3.81831, -4119.93, 324.203
4.79881, 280.278, -368.336
4.95672, 75.0614, -43.1479
5.82344, 1456.89, -2240.93
7.31738, 230.435, 78.6721
7.23022, -120.418, -268.094
2.81902, 1568.55, -154.27
5.04829, -885.782, -556.553
6.13222, -81.5341, 52.8075
5.65882, 408.255, -224.152
3.26658, 35.8943, 21.8449
5.09652, 712.799, 2962.8
3.52281, 5160.93, -1642.47
6.03231, 137.359, -167.626
6.05786, -1056.06, 5483.69
3.66304, 84.4773, 4.7242
6.80594, -351.855, -56.8958
2.67122, -503.829, 318.967
6.26587, 301.691, -11.1787
4.14789, 250.38, 60.1852
4.65309, 4634.31, -1156.39
7.33455, 493.746, 370.233
4.05803, -1658.59, -1659.93
5.69762, -5367.32, -37.8639
5.95386, 141.518, -45.9893
5.36403, -254.415, 442.894
6.60667, -2975.43, 5299.69
4.21807, -3289.84, 1318.27
5.09387, -246.517, 27.4183
6.78438, -35.7257, 475.625
6.18587, 377.819, 997.058
3.45992, 784.891, -434.022
2.83145, 284.637, 0.749837
3.60828, -3875.63, 2443.41
3.33656, 225.711, 195.721
6.31172, 339.541, 166.485
5.44905, 1487.98, -1976.22
4.65223, -5608.18, -435.663
7.09618, 1693.89, -119.111
5.09668, -798.178, -1355.26
7.38058, -599.405, 114.258
5.15714, 329.095, 133.582
2.98716, -1095.46, 873.751
5.83983, -674.406, -677.93
5.44444, -584.066, 2542.23
5.01137, 238.428, -249.005
2.75808, 582.294, 1278.87
2.6753, -185.79, 490.686
4.41484, 371.608, 251.033
5.55555, -2393.56, -2740.28
5.06574, -5611.95, -433.519
5.98498, 103.272, -344.328
4.89891, 110.655, 108.787
3.88323, -5707.22, 55.768
6.01685, -252.354, 2763.17
3.67701, 390.098, -144.232
6.41501, 248.188, 45.9871
6.60589, 1019.71, 409.38
3.21842, 3534.52, 3114.24
5.75757, -365.237, -161.751
3.87677, -976.505, -1591.11
7.26215, 2644.88, -1159.58
4.58238, 410.194, 233.91
3.03869, 84.3608, 242.942
4.70633, 25.4527, 184.376
6.28811, 38.4139, -714.202
2.77803, -287.455, 15.4533
3.51241, 169.279, -103.383
6.82305, 187.123, 139.801
6.52456, 653.015, -69.0258
2.78861, 535.962, 1895.57
4.40304, 140.83, -240.851
4.56124, 370.635, 4.6931
2.80071, -491.924, -124.467
7.09746, -1154.69, -1082.41
3.35398, 204.273, -0.664401
6.51634, -104.567, -468.41
3.88599, 2058.37, -617.683
4.44586, 37.3549, -84.005
7.19936, -1901.64, 896.872
6.24573, 127.076, 2854.11
3.44774, 3788.59, -3927.74
6.89581, -80.0014, -190.641
6.8953, 150.316, 87.7604
3.30515, 117.637, -1333.06
5.87346, 801.356, 445.002
6.89096, 82.9077, 15.6705
6.98262, -725.62, 3591.04
3.06535, -154.983, -417.716
5.93789, -1345.86, -1130.96
3.21651, 539.812, -615.049
3.6901, -577.182, 151.16
5.64383, 2825.12, -1922.3
4.312, 465.869, -79.5827
4.64437, -1750.47, -1616.48
4.91936, 1569.81, -1785.09
6.20379, 4.32217, 1431.78
3.23098, 435.068, 218.493
7.36238, 156.995, 32.4399
7.3158, -231.017, -105.422
3.14741, 2534.66, -1598.12
5.3784, 138.201, -140.968
4.66439, 82.777, -61.567
5.50066, 99.9558, 27.9194
5.85098, 146.595, -84.7501
4.5137, -2963.47, -997.109
6.46691, -1745.5, -1521.95
4.89889, -3396.66, 1754.49
5.72449, -426.218, 590.488
4.28836, 5349.97, -853.09
5.96794, 78.8612, -600.119
5.83428, 643.537, 249.268
3.22071, 230.641, -176.635
7.10415, 85.0935, -207.231
4.22228, 1116.11, 3730.17
6.66824, 313.781, 44.4236
2.74349, 82.2723, -789.725
3.27936, 1338.69, -2016.54
2.55765, 34.5286, 84.5243
3.94327, 243.887, 44.77
5.07295, 447.363, -493.321
3.65948, 1007.95, -3389.33
2.75022, 789.249, -5.33221
5.33091, 196.995, -3.47227
6.69774, 492.829, 314.256
4.28763, -193.651, -8.91054
4.3452, 120.871, -962.545
7.22226, 198.63, -20.1433
4.72425, -1475.52, 112.127
6.82086, 98.3063, -84.946
5.82654, 117.135, 660.174
5.79297, 39.2287, -349.556
7.10736, 2586.28, -1894.54
5.11536, -3101.56, 2523.72
5.45229, 78.7262, 796.35
5.79944, -257.771, -2615.62
4.24765, -1619.15, 1083.22
4.11714, 197.921, 476.273
7.08984, 218.681, 417.656
3.08619, -4553.72, 1702.58
7.31268, -232.779, 124.805
5.17978, 330.886, -319.185
5.81447, 1512.53, 800.539
5.48362, -4699.29, 2248.61
6.93363, -141.49, -1194.8
6.67999, 125.635, -3.30283
6.69339, 144.897, -11.7143
6.85642, 337.699, 27.3639
2.5002, -304.992, 2251.91
4.77274, -838.004, -2602.74
4.25696, 1718.82, 96.2023
5.80713, 4674.84, -3624.56
6.22234, 524.195, 254.846
3.3821, -954.943, -4095.25
7.4621, -1242.02, 1480.16
5.95466, -244.043, 108.684
6.97862, 41.5554, -152.014
3.51579, -1296.49, -396.278
7.2356, 721.634, 75.638
4.88476, -4379.81, 2319.45
6.78578, -3871.48, 2442.05
6.41237, 301.558, -199.511
5.70687, -2995.93, 2911.86
3.14521, 577.747, 414.826
5.77944, 104.046, -62.0176
3.09199, 239.285, 64.9492
3.88793, 2626.99, 673.727
6.65548, 174.996, 2448.06
6.14153, 3632.22, 4663.31
6.74348, 4050.35, -3026.37
3.43989, -751.813, -48.9535
6.09602, 81.7645, 37.2619
4.25586, 27.851, -624.484
3.34555, 133.573, -88.2671
4.52383, -4327.8, 519.423
4.20924, 275.611, 56.134
6.67141, 153.032, 184.049
3.9111, -3310.41, -5366.51
5.16766, 3390.24, 1990.29
6.25085, 992.601, -1771.66
4.62554, 374.891, 19.8812
4.66964, 1206.64, 52.3493
3.03022, -3286.14, -2270.33
6.4639, 317.908, -404.022
3.91232, -139.977, 35.1277
7.14264, 3602.15, 5462.44
5.37926, 61.4608, -137.518
3.4895, -223.047, 259.412
5.99081, 350.026, -30.9225
3.07265, -12.1813, 339.16
4.22945, -116.13, -5.16791
4.15646, 488.898, -11.6273
6.42735, -4720.65, 2222.22
6.65775, -122.683, -83.6459
4.21712, 222.149, 104.348
4.2603, -754.037, -106.771
6.38197, 221.543, -231.706
6.58658, 655.913, -496.754
4.26157, 352.447, -190.235
7.09559, 264.642, 3.79149
3.2877, -100.547, -229.385
5.56029, 477.692, 223.923
5.54222, 183.736, -18.9609
3.16647, 2671.19, 2813.5
3.51409, 3378.6, 4640.72
4.79457, -364.884, -17.3816
3.48759, -534.985, 1474.11
6.77118, 554.068, 183.103
6.54562, 648.532, 557.872
2.80131, 2310.44, -1630.14
6.50584, 1470.78, -4294.5
5.49597, 75.5295, -366.717
7.43182, 181.671, 84.3754
2.65919, -708.354, 179.114
6.8356, -2902.24, 3483.73
3.69109, -1253.31, -570.846
3.6127, 1588.57, 720.51
4.73907, 5897, 2747.66
2.61231, 333.013, -219.83
6.79755, 305.991, 101.724
4.15902, 469.515, -3711.39
5.72195, 962.391, -334.317
7.43521, 455.736, 59.8963
5.30162, 105.379, -80.6381
4.74553, 151.049, 224.34
5.213, 343.734, 248.277
2.90797, -1685.74, 593.651
3.99606, 1508.2, 2616.56
6.63964, -3339.32, -625.115
6.48936, -3703.8, 1552.04
5.71048, 80.6111, 239.214
4.84105, 420.086, 55.6801
7.15326, 611.16, 1923.55
5.08798, 418.485, -458.447
7.42924, -3815.29, 2431.02
5.94567, 12.64, -321.693
6.19966, 266.422, 541.642
3.46323, 1259.61, 1323.83
6.08881, 2630.84, -1589.02
6.11146, 1115.69, -113.317
6.49298, 85.0786, -108.736
4.23216, -4420.25, 309.474
5.1481, -1609.32, -830.433
3.19001, 1250.69, -519.908
6.73218, 306.608, -16.2822
6.32766, -634.599, -565.844
7.5, -4698.9, 2230.56
4.24891, -6644.47, -2188.82
5.50367, 461.57, -27.107
3.50808, -402.51, 3075.08
6.2385, -3134.09, 503.28
6.49225, 201.545, 97.3599
3.03505, -709.853, -542.469
5.35813, 168.281, 49.6139
2.84683, -4449.65, 1497.91
4.16036, 108.52, -116.124
5.80945, 281.388, 61.2451
5.27726, 404.186, 3443.23
7.12415, 202.971, 66.0525
2.69832, 271.826, 2498.58
2.62083, 899.989, 1114.69
4.61923, 204.206, -125.958
4.36987, -961.368, 201.877
2.93303, 3098.83, 3050.59
3.05403, -139.929, -136.551
5.31992, -4233.18, 129.891
7.37269, 192.87, -35.1561
3.05066, 82.5968, -3349.92
5.99352, -2707.72, -2967.21
2.79674, 134.201, 949.841
4.69755, 2.09035, -80.1435
5.24651, 996.914, 491.83
3.45129, -288.437, 246.695
7.36597, 36.8925, -152.087
3.19593, 91.3497, -105.517
5.48978, -2721.37, 288.498
7.12812, 297.058, 574.378
3.91116, -1102.86, 236.812
6.8307, 328.075, -569.829
6.29598, 915.702, -1308.54
6.10793, 229.398, -107.159
3.34241, 73.025, -433.234
3.32882, 1026.89, -2270.9
3.39076, 251.194, -31.6706
5.87226, 182.521, -104.531
4.83484, 126.308, 46.6688
6.85219, 411.709, 102.58
5.76023, -363.825, -1.92606
5.80464, 1504.6, 800.935
2.58037, -156.524, 541.534
4.30596, 5021.48, 2861.63
3.72747, 168.609, 30.2891
6.93086, 339.585, 682.782
5.23701, -6352.97, 111.908
6.57209, -489.808, -480.376
5.24453, -558.732, -7.04199
4.16156, 639.029, -262.533
4.40213, -1635.73, -2914.05
2.52389, 1541.23, 305.88
6.95226, 173.874, 56.4767
6.16955, 900.067, 255.581
6.04239, -549.099, 305.311
5.1278, 1790.4, -2460.04
6.41065, 234.768, 430.889
3.42484, 39.6064, -281.042
5.72673, 184.124, -64.1087
3.42178, 17.6049, 62.6022
3.31214, -1169.05, 677.047
2.65594, 1233.63, 1367.94
7.42716, 237.647, 42.4439
4.04559, 77.0385, -134.83
4.11075, -531.443, -2.47937
5.51155, 151.609, -46.3437
2.89107, 4806.4, -831.825
3.93936, 63.0954, -180.449
5.79307, 201.753, -348.59
7.36348, -104.688, -37.1941
7.27758, 3511.34, 1383.36
7.42745, 85.9401, -86.1298
7.30478, 90.2684, -62.4166
3.0073, 770.695, 456.218
3.71505, 842.186, -129.262
6.91151, 449.24, -116.861
5.28805, 270.977, 50.5429
6.7669, 189.548, -5.0995
7.49145, -334.079, -130.17
3.99751, -4071.09, 1721.19
6.33157, -7320.46, -2403.08
4.81901, 797.855, -545.202
6.8168, 654.942, -17.6742
6.99018, 263.842, -98.2161
7.377, 533.334, 82.5966
2.77405, 240.81, -351.916
6.32605, 282.774, -426.771
5.09219, 1446.69, -2241.3
3.46574, -457.151, -247.96
6.98252, 214.249, -301.622
6.38492, -50.398, -163.118
2.75968, 677.3, -1045.5
7.47331, 1421.4, -2321.36
5.93659, 87.8141, -23.6513
5.94854, 1517.96, 762.816
6.57666, 2592.28, -1220.09
7.05426, 367.58, -157.496
3.34218, 2213.98, 4409.17
5.24183, 2518.4, -1872.14
6.53351, 178.645, 50.8639
4.17803, 10.2501, 90.77
5.53435, -411.285, 349.804
6.59602, 1405.05, -2081.86
7.3485, 187.69, -162.179
6.29349, 151.154, -38.2402
3.72113, 131.266, -807.824
5.80589, 222.463, 157.11
4.21574, 833.082, 159.206
7.27146, 84.0444, 50.2221
2.60828, 2561.47, -2917.48
4.54979, 40.5533, 16.1393
2.55789, -3462.48, 3343.3
3.04964, 316.021, 1233.69
5.28259, 581.451, -746.008
4.45466, 254.57, -18.9974
7.20539, 223.634, -171.449
2.55572, 70.3221, -268.204
6.22897, 780.338, -1916.18
3.84293, 365.58, 230.912
4.27153, 55.1677, -514.139
3.45835, 5315.61, -5444.52
5.14832, 669.899, 483.975
4.39478, -817.079, -4609.85
3.16407, 327.21, -120.324
4.26563, 289.897, 404.206
4.2497, -4374.92, 2300.81
7.41084, -2177.2, -1563.69
5.25961, -318.172, 73.8196
4.99918, -1920.74, -528.883
3.58531, 1370.49, -2050.5
4.37311, -397.974, -610.533
6.78251, 2795.7, 2496.57
6.45578, -2612.83, 5293.72
3.9204, 2561.93, -3188.74
5.07645, 571.945, 186.388
6.79238, 68.8358, -181.153
7.07844, 479.708, 83.3253
7.48941, -1743.12, -1524.31
6.53177, 287.506, 192.563
5.22718, 127.484, -9.02257
7.3461, 503.253, 592.692
5.31931, 1236.53, 202.323
4.03031, 21.6765, -899.358
5.41853, 459.538, -103.691
2.91197, 303.224, -197.79
5.47382, -34.4231, -73.2477
3.31968, 2445.31, 4687.12
6.46527, -214.845, -348.434
2.95373, -564.514, 1435.94
6.3072, 145.78, -459.916
6.83996, 220.446, 33.1332
6.40105, 29.3729, -239.832
6.61399, -1845.29, -315.934
6.70974, 122.226, -18.4064
4.48328, 216.145, -97.3424
6.508, 181.838, -17.5916
6.56811, 120.815, -17.0048
5.43493, 592.254, 1242.67
4.64621, 126.693, 191.6
2.5002, -901.236, 412.547
5.31153, 121.177, -4.2085
6.22632, -70.5977, 345.142
3.89846, 2996.61, 1761.35
2.93406, -697.374, -4198.24
3.5733, 587.079, 714.256
3.93296, 278.692, -158.184
4.86595, -458.733, -186.999
6.95893, -1752.33, -1525.75
5.91955, -19.9113, 130.564
3.54376, 119.741, -166.368
6.67533, 150.836, 56.5543
7.09218, 247.999, 312.584
4.48244, 47.2984, 493.916
6.37858, 1661.92, 257.701
5.68161, 36.619, 20.7012
6.64746, 187.883, -345.049
3.40204, 1081.79, 327.686
7.45927, 149.082, -70.7535
6.70558, 157.462, -148.18
4.65177, 669.852, -477.149
4.38589, 70.8754, -122.884
2.70802, 394.436, -167.98
6.80715, -607.785, -923.964
6.62116, -3828.72, 2344.07
6.25052, 1560.4, 1267.36
3.55801, 471.119, -511.627
4.31029, -35.7914, -175.521
4.43545, -275.705, -99.9319
7.32918, -2873.96, -1816.91
6.5872, 565.402, 133.763
4.5755, 1163.29, -213.439
5.83759, -113.025, 742.729
2.52101, -3724.58, 3831.74
6.98048, -92.2386, -247.802
3.68416, -306.876, 527.064
3.79415, -267.193, -197.633
5.4939, 553.264, 61.6653
6.89823, -203.211, 5.21092
6.16299, 268.633, -108.605
6.0773, 463.422, -94.1725
3.57724, 5410.15, -242.537
6.30413, -3722.53, 2926.99
3.85351, 128.24, -53.8747
2.75246, 156.5, 64.1179
4.78866, -1556.94, 529.266
2.58759, 456.371, 74.2548
3.01129, 5430.16, -3481.82
2.639, 2235.1, -1302.66
5.65921, 199.732, -244.666
6.34425, 231.521, 39.4675
2.74132, 612.157, 135.231
6.6924, 495.868, 864.945
6.76899, 23.4859, -110.633
6.57649, -229.031, 640.245
6.85188, 331.715, -3896.72
5.27222, 201.019, 78.4591
6.12646, 21.7767, 978.979
3.20424, -4048.01, 3368.68
6.6115, 12.3194, -100.651
5.51185, -2391.93, -2743.66
4.93856, 206.303, 161.924
6.14942, -148.262, -291.857
4.05164, -1714.75, 1038.71
3.93925, 223.935, 113.182
5.45857, 2001.37, -2476.72
5.34055, -2757.11, 1500.63
5.41059, 2459.28, 1913.09
2.84132, -330.884, 441.902
4.34304, -1655.1, -310.55
6.28475, -122.326, 327.142
6.35297, 692.377, 2708.62
4.27217, 188.062, 691.92
5.98913, 45.3514, 41.8757
5.08005, 1758.81, 1065.9
5.94494, 461.044, -210.768
6.18066, -1662.28, -1188.96
2.56231, -2475.39, -1681.86
7.16549, 324.541, -127.727
5.37826, 335.552, 214.192
3.05587, 666.916, 608.772
4.87388, 294.514, 157.86
3.24247, 1677.26, -561.955
4.22594, -7698.63, -1726.97
7.04476, 172.701, -16.9398
4.54571, 2566.22, -1149.52
5.96642, 254.384, -203.833
3.35865, 64.8071, -192.643
6.21715, -4183.38, 1476.09
4.16319, 190.409, -217.256
4.62157, 262.675, 161.219
2.79523, 178.202, 713.968
5.09005, 149.929, -30.8762
5.94425, -129.621, 330.967
5.01149, 135.02, -147.06
6.56617, 110.699, 72.9346
3.07974, 101.251, -314.644
5.24841, 1125.18, -178.717
5.06046, 236.062, 299.914
6.02649, -1695.02, -1512.04
5.65083, 106.144, 21.3882
4.0207, 635.739, 242.58
6.74719, 92.5255, -86.2729
3.39619, 1309.2, -2079.95
2.61737, 177.422, 48.0331
4.19467, -23.0345, 8.01601
3.43818, -1808.31, -1355.1
6.60467, 241.709, 130.405
6.72507, 119.472, 2765.93
6.78031, -2825.57, 1555.42
7.37454, 330.34, -469.529
2.99587, 245.034, 705.029
2.56182, -3455.93, -2625.73
2.58614, 507.043, 617.65
2.64527, -338.336, 261.924
4.1031, -1746.44, -1597.84
6.17815, -2855.19, 1685.65
3.14876, 159.836, 38.3063
2.5161, -2435.17, -461.692
6.91905, -28.0301, -140.619
3.70482, 421.711, -274.218
4.38481, 380.985, 1016.91
4.44879, 364.92, 293.389
2.81534, 3228.34, 1230.13
7.30792, 232.416, 13.6763
3.75349, 55.718, -89.9533
6.85376, 282.053, 79.6291
2.85991, 2643.03, -3600.09
2.70653, 3379.51, -2195.55
3.46378, -421.423, 83.6102
3.86708, -1800.58, -1887.36
7.4007, 83.3837, -117.197
3.60607, 1051.83, -4460.47
6.43119, 1487.47, -2215.12
4.42306, -121.621, 1225.2
3.78593, -2589.06, 2945.22
3.91087, 481.426, 375.183
7.33834, 789.146, 103.762
4.22841, -37.2835, -159.69
3.45922, -486.637, -610.458
5.05037, 277.842, -120.644
5.21857, 1012.59, -3992.06
5.72333, 935.557, 47.7302
3.89738, -524.485, 224.368
3.41887, 607.788, -369.186
2.71579, 2027.24, -2367.44
3.98408, 618.391, 29.4871
4.25548, 1150.43, -652.097
7.09372, 52.2615, 13.2527
5.81225, 367.741, 241.19
5.08041, -1740.66, -1548.24
4.03763, 182.871, 78.7839
3.0007, 1714.96, 1833.82
3.47502, 125.692, 106.116
4.11407, 2758.55, 2867.49
5.56182, 645.256, 319.23
5.13511, 2362.49, -1074.83
3.45653, -221.839, 824.933
4.7178, 4819.47, 2812.43
4.48693, 5556.21, -1083.65
6.28051, -14.9789, -394.75
6.6213, 471.244, -63.3194
5.51573, 281.276, -367.266
3.04573, 213.017, 85.2263
4.11797, 2213.78, -585.42
5.03403, 133.411, 40.511
4.76521, -6.20831, 320.41
4.77315, 342.71, -229.111
4.91125, 503.431, -98.1688
5.07896, -3883.98, 683.42
4.50207, -1958.21, -1004.39
4.22945, -506.132, -470.781
6.64533, 313.553, 308.34
3.02204, 2146.48, -1300.55
6.40057, 264.067, -49.1784
3.19919, 875.552, -337.172
2.62171, 3350.53, 3818.19
6.0664, -172.333, 1185.24
7.15538, 362.219, -353.653
7.47667, 331.138, 216.893
3.86264, 134.663, -243.396
3.6923, -1777.35, 355.661
3.87328, -366.429, -2753.82
5.70836, -102.934, -317.452
5.17637, 375.784, 16.9889
6.8967, -2465.15, 4293.79
6.75968, -64.1334, -236.212
2.98004, 66.1295, -471.168
4.66818, 153.505, 190.807
3.17045, -444.7, 287.779
5.86802, 93.7141, 89.7988
5.34964, -109.286, -687.499
3.66474, 104.944, -1106.28
5.50306, 301.767, 31.1871
2.6551, 70.7302, -146.288
7.08512, 258.294, -7.93518
3.82958, 286.634, -520.633
6.50016, 84.057, -62.7982
5.46389, 318.187, -89.1745
5.0822, 327.773, -79.2272
5.2567, 1665.69, -866.539
3.47225, 641.908, -325.474
5.36152, -2593.79, -111.065
3.81992, -554.29, 5750.29
4.41648, 2368.37, -4938.4
2.73626, -490.204, -484.333
4.22823, 142.345, 151.647
3.61594, -2628.75, 6238.73
3.81264, -148.529, -297.218
3.05141, -156.672, 100.487
7.40088, 264.249, 215.154
5.93794, 482.264, -137.823
5.82158, -7.93015, -290.655
5.99501, 429.497, 379.728
2.68746, 241.199, 45.4756
3.6706, 69.8732, -103.717
3.95397, -4774.15, -7187.48
3.50543, 41.4026, 233.691
2.7177, -2299.19, 3404.22
2.56571, -112.847, 152.358
6.07297, 5153.76, -1643.02
6.88348, -168.45, -224.73
5.35088, 1571.76, -2958.02
6.92743, -2604.3, -2962.1
5.20042, -1284.23, -218.903
3.31357, -1615.74, 266.382
3.30492, -2434.79, -1887.84
7.19182, 269.845, -264.017
3.45628, -108.698, -105.477
3.15761, -2643.07, -227.191
4.41122, 94.0622, 26.6354
6.12674, -580.56, 2558.38
2.50651, -5632.23, -435.941
4.60222, 3996.61, -2276.67
5.18984, -331.032, -66.5645
4.86596, -966.837, -606.36
6.33003, 254.872, -647.458
2.9396, -822.235, -607.855
7.04284, 240.465, 83.7008
3.20818, -486.883, -14.8485
2.54782, 96.9628, 654.537
2.82267, 414.518, 130.12
4.96742, 171.988, 47.1583
5.40914, 78.817, 4.95041
4.03373, 3284.13, -5768.41
4.57091, 454.801, 397.16
4.33401, 1301.43, 1566.15
3.42687, 356.195, -2234.75
2.76788, -2344.1, -2230.41
4.47222, 323.597, -282.719
3.98388, -882.39, -1087.83
5.05388, -254.864, 60.631
3.75392, 1995.77, -3280.02
5.01589, -993.933, 1800
2.51168, 733.617, -633.615
7.01807, -4696.85, 2221.2
2.79181, 2947.01, 2981.81
5.17506, 121.869, 2800.92
3.95754, 2379.44, -1089.05
7.3023, 33.8614, 23.3058
4.73406, -2886.11, -1158.36
5.08479, -50.8719, -201.555
5.93861, 415.888, -65.5477
2.72187, -58.6252, 521.669
7.2946, 3243.82, -2376.21
5.70852, 426.126, -255.606
2.80215, 99.8382, -27.1955
3.33964, 255.375, -185.578
5.76491, 360.112, -426.703
6.19864, -331.671, 2185.36
3.57011, -289.633, -469.607
4.31441, 612.184, -1803.15
6.56981, -233.043, 395.911
5.32057, 262.425, 37.343
7.45886, 266.922, -15.5227
6.5669, 204.069, -354.281
3.49157, 2898.13, -3718.11
2.50003, 345.579, -146.455
4.62608, -2885.8, 3473.33
4.07406, 1714.19, 1093.89
5.56218, -3129.48, 501.9
3.83351, 109.204, 109.874
4.39881, 1314.37, 551.736
5.43397, 195.9, 142.684
5.95636, -1596.52, -182.847
7.26736, 247.899, 40.0292
4.89785, -94.9044, 958.638
3.60319, 110.276, -116.371
5.33741, 911.224, 650.323
6.09873, 7.64429, -198.942
4.4953, 1825.16, -7.48285
3.48326, 235.333, -173.269
6.66971, -63.2586, -129.788
5.59561, -26.5973, -694.55
7.26866, 185.659, -41.7361
3.23222, -448.015, 54.7894
5.38953, 380.523, -65.6067
7.26796, 228.355, 37.8777
3.62331, -4710.82, 2191.47
7.25137, 219.847, 71.9513
3.07874, 1161.55, -536.325
2.58372, 688.616, 292.373
3.90465, -242.756, 486.095
7.15042, -193.474, -226.179
3.04796, -846.819, -409.062
6.77266, -27.2507, -169.552
5.68532, 108.599, 107.561
5.63853, 250.04, 28.7173
3.80589, -648.601, 1371.52
5.13936, -657.034, 214.387
7.16608, 1600.51, 691.866
3.98055, -1164.28, 148.948
4.78006, 284.629, -63.157
6.35659, -883.997, 3968.34
4.17193, -1670.91, -2886.26
6.31775, 345.476, 37.5642
6.65892, -1941.46, 2149.35
2.64618, 2132.43, -1319.81
4.31315, -270.68, -641.138
4.16221, 317.448, 38.9924
3.17675, 1673.82, 1607.59
3.00839, 1118.81, -3426.53
5.11327, 358.313, 232.412
3.52046, 226.233, 233.885
5.00728, 213.178, 329.499
5.1371, -4182.13, 2768.52
4.13422, 41.8598, -207.06
4.75888, -45.4264, 642.841
6.85263, 491.271, -219.663
4.72884, -31.9792, 72.6923
6.03726, -33.9522, -143.132
6.83171, -1704.03, 335.027
6.5822, 675.698, -675.988
2.67504, -3262.39, -1271.96
3.8644, -744.664, 1940.75
5.21858, -1236.99, 823.375
3.19942, 3388.59, -568.75
5.57408, 80.6185, 12.0876
3.29182, 364.997, 152.06
4.41129, 664.445, -91.3437
5.94997, -333.005, -287.587
3.21128, 3397.01, -11.2396
5.65284, -229.424, -120.148
3.15973, -2823.41, -1477.48
7.13583, 414.766, 104.653
5.53465, 4519.43, -6905.47
5.50388, 232.211, 405.447
3.33635, 305.497, -57.0485
3.301, -1224.1, 1844.39
5.91628, 249.702, 235.86
5.1456, 274.357, -30.5028
3.65264, -1807.9, 1015.13
6.55373, 116.96, -30.127
5.76477, 106.749, -233.14
4.08597, 63.3193, 659.294
2.53953, 87.7582, 518.598
3.49176, 271.313, 168.146
3.78831, -83.0722, -173.897
3.03825, -44.4576, -487.692
3.49545, 324.413, -524.407
6.75079, -4853.43, 2587.97
6.63912, 322.297, 109.246
6.76813, 162.606, 62.7768
5.71027, 193.107, 138.365
3.6787, -2481.86, 2577
6.80638, 81.2561, 72.6539
5.4745, -167.233, -312.144
2.52745, -1672.81, -1261.53
6.84925, -394.988, -905.826
7.37729, 400.094, -176.547
5.59653, -1753.44, -1525.52
3.85574, 496.824, 140.651
7.46973, 249.201, 15.3729
4.60751, -1106.12, -478.879
4.20537, -377.804, 32.4684
4.80717, 144.931, 55.5752
4.44822, -948.285, -2604.94
4.613, -4092.11, -786.322
2.84879, 272.021, -313.179
5.5153, 411.538, -297.028
7.36114, 558.021, 74.1438
5.07406, 328.296, -329.479
7.45461, 175.394, -12.9686
5.84906, -2189.98, -5152.14
4.01716, 156.634, 68.5663
3.47371, 466.335, -93.1747
4.0109, -410.69, -192.152
4.93946, -102.523, 117.088
4.72438, 223.041, -25.8999
5.7844, -538.624, 127.277
3.74227, 5022.09, 2862.91
4.72007, -1231.44, -1010.97
5.75894, 304.251, 36.8673
6.67472, 170.501, -209.065
6.03698, 180.381, 468.927
4.93928, 243.495, -487.672
6.72039, -26.383, -32.1792
7.00296, 761.888, -707.099
6.33082, -234.328, 21.7069
5.29453, 518.372, 548.034
2.70603, -689.607, 181.702
5.46749, 444.256, 211.542
2.68674, 36.5324, -3414.79
4.53488, -532.249, 637.621
2.84243, 558.85, -74.5649
7.38558, 234.39, 105.099
2.5956, 1746.39, 2710.27
6.60363, 139.902, -233.438
5.2195, 3351.91, -2787.59
5.72828, 491.383, -270.471
3.62934, -538.257, -54.8668
2.733, 501.308, 2767.91
3.63154, 401.644, 490.334
4.58371, 2.62968, -2310.77
6.40126, 362.868, 55.764
3.72852, 1404.64, -2079.43
4.81411, 169.382, 166.797
6.14756, -749.489, -186.627
5.35237, 4661.42, -634.348
5.45997, 25.4898, -122.031
4.98425, -841.117, -207.81
3.951, 81.617, 67.7269
4.71107, 92.4762, 466.506
2.53669, -2626.4, 5785.89
7.41683, 186.85, -142.128
2.52822, 71.6139, -99.7494
4.8676, 1866.04, 658.708
5.86497, 3172.65, 5411.28
