6.27803, -624.06, 246.248
3.5948, 298.697, 531.674
5.89648, 433.576, -290.606
5.09708, -10.4577, 44.3274
2.76731, 933.347, -1115.75
2.53849, 374.842, -202.204
4.58743, 1380.02, 758.194
7.15218, 140.025, -217.862
2.95982, 33.7062, 219.812
6.00595, 515.433, 535.45
3.81226, 61.5139, 2.08788
4.14117, 37.4447, -17.6057
7.45519, -368.009, -540.329
7.41275, -86.8083, 259.741
5.75759, -22.2551, 404.82
6.92354, -78.7506, -303.38
6.33247, 5.86439, -35.0971
3.87453, -471.559, 250.05
4.93259, -44.4047, 297.147
2.80282, -1045.35, -1.08307
5.08146, -40.316, 294.937
4.96988, -846.898, 280.279
7.23882, -281.466, -55.5064
4.42071, 64.3985, 400.215
5.14874, -649.353, 372.803
2.75042, -259.143, 830.408
6.63909, 197.102, 478.374
5.94228, -187.146, -79.3641
6.18112, -140.252, 95.7739
6.94286, -750.825, -908.783
4.25508, -4.64896, -136.469
6.72991, 83.2806, 420.567
3.84659, 17.6156, -150.509
4.83959, 565.828, 191.507
3.2686, -97.8579, -326.856
2.66527, 83.8433, 147.443
7.2768, -445.495, -515.448
6.95369, 199.858, 107.161
3.29884, -693.939, -26.5972
3.15214, -696.487, -301.347
2.515, 351.568, 72.1737
6.0491, -2.12311, -311.205
3.40448, 524.214, -209.567
5.76029, 32.245, -314.805
4.42907, 37.0114, -220.239
3.23766, 253.647, 569.046
5.45054, 130.265, 197.549
3.24076, 673.435, -282.652
3.2091, -605.741, -549.579
4.94257, -166.697, -304.676
3.13015, -553.628, -13.4016
5.64635, -493.797, -137.201
5.60817, -297.86, 51.3458
4.88216, 697.198, -958.792
2.64188, 447.374, 673.732
3.21011, 828.776, -279.654
3.15594, -158.05, 115.221
3.31099, 494.418, -715.751
3.76529, 444.061, -141.142
4.77654, -1097.84, 624.505
6.54472, 185.968, 98.0491
3.57624, -46.0378, 301.778
3.75063, 46.0348, 557.503
5.02978, 134.164, 391.25
6.27922, 112.238, 85.2195
5.66369, -294.282, -756.432
5.9449, -736.507, -529.501
7.27207, -683.412, -306.906
5.18713, 809.767, -456.726
4.57014, 145.119, 668.63
4.70019, 68.0759, 406.164
6.07821, -613.837, -682.586
6.20858, -429.541, -659.933
5.12494, -798.06, 710.082
6.06711, -75.8547, -43.8419
5.91025, 263.13, -18.8768
6.82941, 537.304, -403.823
3.19597, 548.165, 131.109
3.57766, -279.584, -5.07821
5.0733, -162.198, -267.57
4.83766, 115.481, 340.767
3.55759, 369.002, -666.308
5.65244, 500.384, -394.124
2.5044, 553.451, -776.918
4.09589, 16.1021, -1248.36
5.90281, -31.2444, 90.9571
6.0446, -108.312, -387.272
2.90869, -18.2556, -68.3358
3.56926, 158.104, 73.1169
4.44412, -208.942, 19.39
4.44927, -1018, -434.842
3.92018, 181.626, -244.391
4.6123, 120.669, 329.116
2.55658, 636.096, 23.021
3.72027, -893.207, 516.033
4.49072, -122.844, -888.756
6.64177, 1.05979, 38.1844
3.78584, -508.952, 309.007
3.59705, -294.466, -378.888
6.47385, 276.745, 339.106
5.8476, -409.016, -457.867
5.49108, -76.982, -481.41
5.99917, 775.434, 313.457
5.13062, -128.501, -148.805
4.14833, -134.482, -8.61303
3.30844, 557.416, 58.2892
6.56633, -159.973, 31.5039
4.08004, 514.818, 180.602
4.05369, -79.2801, -140.726
4.65424, -21.7565, 28.6801
4.46509, 517.9, 156.385
4.43916, 127.538, -341.264
4.34871, -55.1519, 243.147
5.88118, -537.768, -346.703
6.10384, 589.064, 17.3978
7.20082, -636.254, -61.8017
5.08573, -126.698, -74.1726
5.5282, 512.275, 522.36
5.85049, 498.499, -716.155
5.11404, -453.465, 195.693
3.87105, 392.901, 14.2626
7.08924, 188.846, 320.351
3.73367, -60.0196, 132.71
4.77876, -394.81, 158.954
3.30374, 224.125, -245.794
4.68319, -57.3868, -290.146
7.45767, 237.195, -147.301
6.26931, 455.998, -736.739
4.97846, -87.6831, 99.6612
7.01651, -22.415, -34.993
4.68213, 105.673, 349.218
5.09239, 625.614, -503.278
4.44866, -656.325, -554.067
5.63431, -105.815, -164.38
5.19331, -77.5157, -133.876
4.35955, 227.025, -10.2601
2.54674, -221.044, -8.52517
6.3794, -5.62003, -69.3275
2.85317, 130.225, 223.572
3.98511, -118.267, -312.423
4.78581, -200.527, 140.36
3.25156, -93.2296, 22.0532
5.97819, 299.355, 300.215
4.15587, 97.9117, -330.439
5.21197, -597.493, 990.846
2.64678, -881.715, -67.1079
5.38086, -274.656, -397.879
5.18133, 133.92, -216.283
7.36678, -321.776, 545.51
5.57063, -11.9852, -59.3766
5.26431, 569.672, -610.654
6.69051, -137.996, 3.88459
3.75764, 85.1139, 346.985
6.98957, 193.703, -1.002
5.97428, 305.982, -176.267
5.82752, 328.907, 692.406
3.06838, 488.09, 344.095
3.37987, 466.225, 234.752
2.91253, 187.307, -310.388
6.68103, -284.946, 471.341
2.64818, -314.73, -269.841
6.34719, -148.943, -59.537
4.29829, 209.059, -820.462
6.24626, 627.523, -361.846
6.28385, 189.397, -68.6247
3.60834, 611.746, 174.071
5.58305, -123.021, -130.197
3.66846, -15.9329, 230.156
6.22052, 155.671, -738.241
5.80997, 382.743, 533.345
4.9209, -514.412, 989.086
2.58972, -624.342, 266.285
4.98291, 67.5239, 388.107
5.09587, 74.7686, -196.906
4.71395, 619.402, 672.666
4.14528, -556.682, -60.4866
3.52671, 176.686, -117.81
7.19863, -241.134, 491.956
2.85168, 746.088, 445.113
3.30042, 100.742, -144.174
6.70788, -39.5434, -223.234
4.13614, 391.552, 306.932
6.85942, -19.0401, 339.142
5.99896, -423.003, -222.362
5.52801, 179.459, 133.422
4.77536, 420.885, 406.541
2.91543, 926.579, -220.575
3.94883, -528.203, -632.372
6.51009, -168.014, -21.4353
6.81821, 437.01, 345.112
3.81831, -1007.4, 162.752
4.79881, -117.512, -258.548
4.95672, -41.5626, -259.369
5.82344, 488.832, -563.793
7.31738, -81.3538, 192.902
7.23022, 293.953, -67.9806
2.81902, -150.21, -393.073
5.04829, -108.753, 68.5236
6.13222, -339.754, -137.696
5.65882, 294.802, -108.368
3.26658, -159.975, -144.237
5.09652, 618.335, 672.125
3.52281, 1125.39, -438.718
6.03231, -172.151, -252.313
6.05786, -60.9341, 1179.37
3.66304, 290.722, 45.5699
6.80594, -269.67, -240.021
2.67122, -248.76, -653.655
6.26587, -16.55, 221.652
4.14789, -132.689, -73.1338
4.65309, 970.603, -50.1906
7.33455, 329.33, 346.394
4.05803, -437.914, -574.13
5.69762, -1129.21, 196.758
5.95386, 141.598, -89.2776
5.36403, -54.7993, -235.086
6.60667, -601.695, 972.412
4.21807, -691.818, 477.594
5.09387, 267.667, 343.366
6.78438, 573.122, -3.77012
6.18587, 493.891, 316.904
3.45992, 70.5451, -246.84
2.83145, 90.5545, 193.139
3.60828, -937.529, 564.893
3.33656, 81.549, 96.1466
6.31172, 24.7492, -44.1606
5.44905, 226.034, -698.49
4.65223, -1226.89, -249.055
7.09618, 522.744, -341.476
5.09668, -318.576, 269.497
7.38058, -435.339, 178.903
5.15714, 389.593, 305.277
2.98716, -170.994, 942.342
5.83983, 222.776, 308.729
5.44444, -339.404, 685.378
5.01137, 19.5357, 329
2.75808, 665.713, -254.561
2.6753, 590.786, -140.226
4.41484, 160.605, 3.45054
5.55555, -501.345, -801.675
5.06574, -1238.06, -246.135
5.98498, -242.38, -138.411
4.89891, -168.069, -197.692
3.88323, -1117.43, -55.8736
6.01685, 17.3697, 833.82
3.67701, -88.308, -111.772
6.41501, -102.564, 133.898
6.60589, 519.416, -449.872
3.21842, 436.581, 612.541
5.75757, 583.977, -472.493
3.87677, -308.958, 314.506
7.26215, 42.293, -241.22
4.58238, -34.6256, 53.6144
3.03869, 92.348, 375.842
4.70633, 374.427, -95.9748
6.28811, 146.259, -46.7699
2.77803, 508.847, 496.373
3.51241, 76.6919, 211.708
6.82305, -264.555, 345.255
6.52456, -181.652, -36.2729
2.78861, 260.474, 676.196
4.40304, 3.92403, 67.1383
4.56124, 164.753, 117.919
2.80071, -505.965, -128.441
7.09746, -516.488, -523.672
3.35398, -296.756, -272.824
6.51634, -39.6919, 169.717
3.88599, 405.94, 466.269
4.44586, -329.42, 56.2176
7.19936, -707.51, -269.603
6.24573, 5.43941, 782.521
3.44774, 324.508, -505.868
6.89581, 136.604, 102.71
6.8953, -77.178, -226.084
3.30515, -197.016, 0.549885
5.87346, 66.6659, 383.04
6.89096, 165.039, 37.6885
6.98262, -418.927, 775.873
3.06535, -206.497, 20.0644
5.93789, 261.606, 506.037
3.21651, -203.568, -416.347
3.6901, 179.23, 10.2485
5.64383, 390.409, -440.522
4.312, 156.432, 397.592
4.64437, -649.743, -525.215
4.91936, 428.826, -222.365
6.20379, -234.416, -255.31
3.23098, 611.146, -314.013
7.36238, -155.057, -163.988
7.3158, -36.4696, 100.938
3.14741, 218.052, -226.08
5.3784, -415.096, -292.492
4.66439, -313.747, 329.014
5.50066, 18.4614, 313.054
5.85098, 147.521, -74.1529
4.5137, -769.136, -304.168
6.46691, -621.231, -527.713
4.89889, -632.229, 639.641
5.72449, -596.224, 248.102
4.28836, 930.183, -251.646
5.96794, -52.9895, 570.945
5.83428, 290.628, 440.98
3.22071, 503.744, -288.189
7.10415, 117.634, 175.302
4.22228, 481.363, 913.607
6.66824, -301.229, -241.05
2.74349, 235.094, -258.199
3.27936, 45.8589, 89.8634
2.55765, 435.854, -344.274
3.94327, -33.202, 53.7927
5.07295, 351.387, -207.635
3.65948, 48.0105, -935.373
2.75022, 385.142, -181.937
5.33091, 11.678, 319.013
6.69774, -246.6, 105.172
4.28763, 361.265, 607.391
4.3452, 224.867, 409.33
7.22226, 125.793, 238.727
4.72425, -498.99, 350.741
6.82086, 97.4646, -102.593
5.82654, 335.272, -395.757
5.79297, -336.417, -491.847
7.10736, 749.51, -545.796
5.11536, -807.836, 717.349
5.45229, -648.518, -196.017
5.79944, -197.542, -819.392
4.24765, -660.788, 282.116
4.11714, 321.145, 33.0353
7.08984, 225.365, 351.031
3.08619, -808.949, 373.549
7.31268, 316.641, -36.9703
5.17978, 297.22, -294.704
5.81447, -513.565, -181.39
5.48362, -855.136, 390.534
6.93363, 127.851, 268.722
6.67999, -171.349, -174.042
6.69339, 245.914, 354.001
6.85642, -149.749, -260.833
2.5002, 375.205, 532.758
4.77274, 95.5463, 400.403
4.25696, 782.932, -103.673
5.80713, 738.461, -801.719
6.22234, 238.044, -166.594
3.3821, -334.896, -884.823
7.4621, -435.064, 645.461
5.95466, 415.818, -284.933
6.97862, -130.728, -77.7435
3.51579, 104.779, -92.5157
7.2356, 238.365, 539.356
4.88476, -876.909, 458.061
6.78578, -942.158, 562.108
6.41237, -342.765, -353.073
5.70687, -812.107, 724.339
3.14521, -234.088, 346.497
5.77944, 92.0001, -589.175
3.09199, 39.6911, -20.7931
3.88793, 734.714, -36.7034
6.65548, 286.909, 801.554
6.14153, 881.509, 1036.6
6.74348, 802.282, -609.31
3.43989, 94.0608, -450.65
6.09602, -24.3182, -424.28
4.25586, -387.932, 391.878
3.34555, 544.543, 599.397
4.52383, -697.007, 149.996
4.20924, -50.9377, 302.116
6.67141, 10.4996, 65.9537
3.9111, -601.729, -970.76
5.16766, 199.839, 280.092
6.25085, -348.049, 350.553
4.62554, -21.3001, 207.025
4.66964, 821.109, -146.845
3.03022, -920.674, -186.631
6.4639, -62.6298, -192.025
3.91232, -206.627, -207.795
7.14264, 784.164, 815.636
5.37926, 187.413, 317.444
3.4895, -86.4483, -455.537
5.99081, 5.84704, 220.914
3.07265, -165.857, -291.142
4.22945, 527.916, 482.312
4.15646, -192.67, -160.977
6.42735, -907.812, 434.791
6.65775, 227.952, 421.414
4.21712, 654.746, -413.376
4.2603, -98.1335, 197.432
6.38197, -169.378, 103.253
6.58658, -361.884, -429.935
4.26157, 103.381, -374.524
7.09559, -111.088, 121.685
3.2877, 520.534, 301.874
5.56029, 577.005, -477.701
5.54222, 105.872, -41.3252
3.16647, 619.444, 831.066
3.51409, 755.963, 1053.5
4.79457, 170.145, -92.7092
3.48759, -494.588, 184.246
6.77118, 201.605, -256.219
6.54562, -292.07, -125.74
2.80131, 434.9, -695.004
6.50584, 405.267, -1007.39
5.49597, -57.0349, -84.0199
7.43182, 9.80926, 60.5761
2.65919, -620.83, -33.5142
6.8356, -672.263, 806.488
3.69109, -76.9608, 306.34
3.6127, 284.919, -681.622
4.73907, 1164.4, 547.288
2.61231, 295.279, -190.715
6.79755, -18.2582, -36.3254
4.15902, 378.317, -1389.44
5.72195, -344.588, -340.145
7.43521, 574.958, -63.7775
5.30162, 62.6511, -442.451
4.74553, -39.0403, 150.588
5.213, 123.472, -19.8289
2.90797, -275.903, 4.38194
3.99606, 902.069, 596.107
6.63964, -936.263, -261.592
6.48936, -626.044, 48.5722
5.71048, 100.367, 126.031
4.84105, -324.249, -294.083
7.15326, 274.02, 772.094
5.08798, -76.3835, -242.363
7.42924, -913.723, 626.66
5.94567, 5.04152, -104.922
6.19966, -6.17681, -98.8138
3.46323, 603.499, 295.433
6.08881, 802.665, -564.119
6.11146, 135.146, 283.357
6.49298, -233.947, -348.409
4.23216, -876.957, 188.195
5.1481, 184.439, 550.246
3.19001, 78.3359, -500.041
6.73218, -100.377, 66.8885
6.32766, 371.7, -286
7.5, -867.99, 386.362
4.24891, -1197.91, -540.497
5.50367, 777.003, -74.9229
3.50808, 26.0315, 973.861
6.2385, -711.595, 152.787
6.49225, 325.574, 339.739
3.03505, -568.527, 521.389
5.35813, 25.1062, 320.532
2.84683, -1186.24, 475.183
4.16036, -136.701, -298.269
5.80945, 51.0854, 13.0172
5.27726, 256.299, 834.127
7.12415, 99.2425, 101.284
2.69832, 230.766, 280.325
2.62083, 619.979, 564.05
4.61923, -71.4317, 301.974
4.36987, -40.2784, 244.305
2.93303, 544.021, 355.243
3.05403, 114.685, -58.5963
5.31992, -734.413, 148.978
7.37269, 54.782, 221.141
3.05066, 61.3142, -907.125
5.99352, -755.396, -899.724
2.79674, 288.774, 781.643
4.69755, 238.228, 60.8147
5.24651, -590.996, -489.215
3.45129, 37.0055, -63.8777
7.36597, -63.9323, -299.217
3.19593, -138.94, -379.377
5.48978, -683.524, 294.451
7.12812, 183.714, -712.371
3.91116, 24.0226, 267.231
6.8307, -229.482, 19.0362
6.29598, 516.548, -407.081
6.10793, 86.4769, -319.168
3.34241, 377.532, 469.623
3.32882, -450.891, -452.681
3.39076, -220.966, -252.344
5.87226, -44.0424, -317.198
4.83484, 112.091, -130.504
6.85219, 27.4373, 318.199
5.76023, -15.7766, -211.848
5.80464, -468.996, -153.936
2.58037, 315.935, 333.772
4.30596, 1088.63, 716.916
3.72747, -62.663, -474.771
6.93086, 637.89, 578.39
5.23701, -1308.96, 4.23089
6.57209, 213.617, -292.728
5.24453, -271.411, -625.384
4.16156, -40.8371, 404.109
4.40213, -459.198, -686.9
2.52389, -493.117, -30.4568
6.95226, 42.4508, -54.3687
6.16955, 575.432, -91.6759
6.04239, 126.214, 445.394
5.1278, 594.607, -459.541
6.41065, 89.6846, 1.6933
3.42484, -104.498, 330.419
5.72673, 12.254, 142.643
3.42178, 7.98258, 227.12
3.31214, -682.138, 177.191
2.65594, 516.243, -114.532
7.42716, -93.3399, -81.4539
4.04559, -14.1011, -151.334
4.11075, 77.0075, 286.712
5.51155, 202.772, 6.19134
2.89107, 842.938, 113.576
3.93936, -304.51, 177.116
5.79307, 562.955, -268.092
7.36348, -169.191, 195.763
7.27758, 626.617, 192.014
7.42745, -243.04, -311.148
7.30478, 141.02, 209.16
3.0073, 65.783, -378.503
3.71505, 103.175, 388.886
6.91151, -175.555, -196.403
5.28805, 331.826, 245.84
6.7669, 57.7916, -37.8484
7.49145, 576.585, -392.345
3.99751, -749.253, 756.876
6.33157, -1362.25, -552.526
4.81901, -707.053, 30.7269
6.8168, -56.3794, 103.808
6.99018, 140.503, 93.1798
7.377, -212.663, -241.026
2.77405, 148.436, 77.0134
6.32605, -352.773, 161.879
5.09219, 585.797, -705.745
3.46574, 52.2118, 233.62
6.98252, -325.784, -80.0537
6.38492, -26.0653, 83.6655
2.75968, 41.2797, -36.9346
7.47331, 459.833, -722.27
5.93659, 192.969, -263.887
5.94854, -509.988, -176.945
6.57666, 693.882, -449.626
7.05426, 33.714, 313.242
3.34218, 305.483, 1093.97
5.24183, 693.207, -505.613
6.53351, 51.3364, 227.581
4.17803, -95.3402, -159.634
5.53435, 322.363, -246.016
6.59602, 320.61, -691.471
7.3485, 345.627, 47.5942
6.29349, -10.506, -124.006
3.72113, 400.941, -166.703
5.80589, 252.153, -215.415
4.21574, 115.316, 30.7029
7.27146, -196.764, -126.958
2.60828, 252.66, -819.594
4.54979, 602.271, -264.592
2.55789, 82.9332, 714.37
3.04964, 214.199, -43.2492
5.28259, 468.296, -697.554
4.45466, -210.81, 152.782
7.20539, -3.06785, -88.6295
2.55572, -445.862, -231.334
6.22897, 166.79, 362.589
3.84293, -40.5496, -25.3521
4.27153, -306.898, -104.236
3.45835, 992.524, -1093.51
5.14832, 12.1369, -104.987
4.39478, -215.431, -857.207
3.16407, -85.2406, -40.0411
4.26563, 446.162, 26.702
4.2497, -1058.93, 385.418
7.41084, -750.763, -512.283
5.25961, -19.2429, 276.296
4.99918, -670.701, -223.99
3.58531, 467.046, -610.634
4.37311, -165.814, -79.8394
6.78251, 143.66, 170.548
6.45578, -528.774, 790.818
3.9204, 738.132, -718.317
5.07645, 185.914, -545.366
6.79238, 171.764, -132.675
7.07844, 183.412, -456.44
7.48941, -621.313, -525.375
6.53177, -365.079, -426.649
5.22718, -47.7415, -287.219
7.3461, 392.405, -130.898
5.31931, -154.386, 175.19
4.03031, 557.894, -377.248
5.41853, 179.862, -59.7809
2.91197, -25.5856, -488.631
5.47382, 13.928, -44.2656
3.31968, 458.785, 624.501
6.46527, 303.143, 492.938
2.95373, -525.667, 128.468
6.3072, -256.758, 77.8047
6.83996, 97.3651, -75.142
6.40105, 339.603, 21.575
6.61399, -657.142, -451.536
6.70974, 221.784, 140.065
4.48328, 519.679, 196.85
6.508, 220.633, 26.6308
6.56811, 317.608, 82.0488
5.43493, 488.925, 698.999
4.64621, -0.150941, -107.593
2.5002, 415.587, -447.319
5.31153, 219.438, -273.195
6.22632, 198.749, 346.56
3.89846, 764.184, 343.141
2.93406, -47.905, -1095.38
3.5733, -470.096, 90.6264
3.93296, -278.075, -143.393
4.86595, 261.416, -298.996
6.95893, -648.812, -567.623
5.91955, 290.524, -124.565
3.54376, 9.89332, 74.431
6.67533, 29.1456, 47.5233
7.09218, -464.028, -342.045
4.48244, 549.937, 371.521
6.37858, -168.408, 255.974
5.68161, -221.484, -176.929
6.64746, -325.932, 200.543
3.40204, 102.668, -142.445
7.45927, 310.095, -54.1545
6.70558, 209.524, -479.189
4.65177, -524.071, 8.55582
4.38589, -562.174, 93.9003
2.70802, 210.61, 115.782
6.80715, -266.295, -245.825
6.62116, -799.196, 583.148
6.25052, 34.6843, 268.92
3.55801, -103.093, 194.37
4.31029, -109.866, 301.964
4.43545, 353.685, 470.397
7.32918, -836.141, -601.87
6.5872, -264.647, -80.7622
4.5755, -450.427, -113.783
5.83759, 223.303, -31.7555
2.52101, -872.14, 495.917
6.98048, -0.114762, 62.8191
3.68416, 482.015, 471.918
3.79415, -37.4419, -188.797
5.4939, 198.037, -201.722
6.89823, -664.854, 117.511
6.16299, 667.949, 217.403
6.0773, -534.201, -294.682
3.57724, 1200.63, -93.2514
6.30413, -995.003, 587.763
3.85351, -117.657, -256.013
2.75246, -321.702, -297.4
4.78866, 171.235, -229.716
2.58759, 184.098, -199.759
3.01129, 769.016, -660.396
2.639, -412.552, 159.869
5.65921, -155.145, -356.828
6.34425, -37.7982, 44.8871
2.74132, -660.416, -247.757
6.6924, -297.325, -282.323
6.76899, -78.6289, 217.917
6.57649, 497.764, -493.227
6.85188, -209.862, -732.719
5.27222, 39.0355, 350.228
6.12646, 55.5667, 691.239
3.20424, -1055.86, 410.412
6.6115, -37.1513, -322.274
5.51185, -496.005, -805.467
4.93856, -71.7877, -188.244
6.14942, -119.941, 104.852
4.05164, -742.907, 439.078
3.93925, 77.2642, -520.04
5.45857, 609.676, -826.739
5.34055, -825.094, 166.65
5.41059, 1026.03, 392.35
2.84132, 363.422, -662.489
4.34304, -408.851, 389.262
6.28475, -127.426, -61.2392
6.35297, 708.847, 726.019
4.27217, -42.0856, 100.402
5.98913, -129.346, 47.0935
5.08005, 698.876, 373.824
5.94494, -107.232, 195.42
6.18066, -687.558, -755.025
2.56231, -716.228, -573.907
7.16549, 13.9287, 228.04
5.37826, -536.952, -269.76
3.05587, 137.621, -259.582
4.87388, 0.616377, -138.606
3.24247, 92.2123, -285.615
4.22594, -1622.68, -434.84
7.04476, -241.111, -45.7314
4.54571, 695.641, -453.029
5.96642, -36.6951, 205.361
3.35865, -192.572, -169.133
6.21715, -641.802, 392.545
4.16319, -52.681, 88.4433
4.62157, 102.998, 116.56
2.79523, 456.648, -249.975
5.09005, 179.77, 439.311
5.94425, -179.278, -162.305
5.01149, -70.7423, -245.127
6.56617, -189.095, -197.406
3.07974, -1.09438, 116.241
5.24841, -98.5249, 371.354
5.06046, 256.281, 133.348
6.02649, -625.823, -528.691
5.65083, -199.927, -46.6494
4.0207, -96.7734, 85.536
6.74719, -19.5274, 29.6052
3.39619, 384.186, -634.998
2.61737, -170.334, 52.3501
4.19467, 193.128, -364
3.43818, -641.856, -553.276
6.60467, -74.6876, 126.161
6.72507, -22.332, 827.968
6.78031, -713.237, 482.397
7.37454, 370.871, -282.032
2.99587, 234.501, -339.882
2.56182, -425.999, -517.079
2.58614, 220.963, -878.229
2.64527, 133.617, -219.128
4.1031, -675.085, -658.593
6.17815, -599.356, 235.811
3.14876, -106.632, 350.163
2.5161, 255.504, -443.32
6.91905, 257.433, -284.018
3.70482, -57.7818, -452.546
4.38481, 284.894, -226.156
4.44879, -43.9988, 154.946
2.81534, 402.017, 142.339
7.30792, 230.538, 325.38
3.75349, 256.81, 121.077
6.85376, -121.64, -341.566
2.85991, 384.523, -409.923
2.70653, -83.9621, -268.422
3.46378, 17.2428, -154.209
3.86708, -152.58, -801.45
7.4007, -36.1977, -152.783
3.60607, 157.864, -924.817
6.43119, 483.415, -722.961
4.42306, 133.61, -206.947
3.78593, -833.014, 598.139
3.91087, 90.7, 98.1642
7.33834, -349.598, -210.351
4.22841, 6.71716, 173.044
3.45922, 189.193, 355.422
5.05037, -154.035, 184.11
5.21857, 295.93, -809.447
5.72333, -66.4555, -201.664
3.89738, 279.986, -416.783
3.41887, -44.1459, -446.979
2.71579, 601.798, -774.922
3.98408, -65.2987, 250.332
4.25548, 659.494, 248.518
7.09372, 583.357, -195.516
5.81225, 9.12234, -140.662
5.08041, -566.807, -493.95
4.03763, -601.96, -175.975
3.0007, 495.706, 472.076
3.47502, -12.1239, -181.718
4.11407, 596.34, 864.716
5.56182, 60.0857, -99.5913
5.13511, -435.375, 274.396
3.45653, -226.297, 739.503
4.7178, 1200.39, 674.357
4.48693, 1218.36, -247.544
6.28051, -18.1301, -9.36383
6.6213, -215.477, -91.1667
5.51573, -204.493, -188.357
3.04573, 79.4637, 117.932
4.11797, 492.306, -24.5919
5.03403, 192.93, 4.18024
4.76521, 437.695, 320.331
4.77315, 81.4118, -48.2045
4.91125, -349.028, -158.554
5.07896, -1089.51, 210.697
4.50207, -401.617, -823.978
4.22945, -514.103, -179.691
6.64533, -91.4093, -61.2566
3.02204, 759.14, 159.073
6.40057, 16.2487, 463.629
3.19919, -88.7028, -76.2531
2.62171, 684.395, 922.995
6.0664, -56.4505, -491.3
7.15538, -107.095, -172.882
7.47667, 249.051, 103.028
3.86264, 86.244, 104.239
3.6923, -377.877, 395.594
3.87328, -24.4174, -426.147
5.70836, 485.916, 390.304
5.17637, 205.156, -7.11401
6.8967, -692.488, 993.686
6.75968, 305.362, 463.54
2.98004, -156.645, 114.06
4.66818, 109, -275.958
3.17045, -151.284, -81.6166
5.86802, 301.207, -87.6431
5.34964, -355.88, 15.4163
3.66474, 161.043, -535.186
5.50306, 223.156, 114.876
2.6551, -261.473, 25.7863
7.08512, 125.487, 18.5645
3.82958, 370.704, -8.82677
6.50016, -10.5582, 14.3104
5.46389, -115.792, -57.1865
5.0822, 104.115, -43.5452
5.2567, 398.542, -18.5298
3.47225, 140.987, 189.339
5.36152, -351.512, -429.723
3.81992, -222.792, 720.999
4.41648, 329.61, -937.831
2.73626, 99.9204, 167.28
4.22823, 3.00884, -286.55
3.61594, -820.073, 1422.65
3.81264, 50.9954, 370.947
3.05141, -278.927, -231.684
7.40088, -30.8129, 170.812
5.93794, -527.68, -309.231
5.82158, -52.0463, 82.9053
5.99501, -63.473, 277.89
2.68746, 161.237, -335.599
3.6706, -269.033, -262.402
3.95397, -856.495, -1309.47
3.50543, -57.0784, 270.712
2.7177, -623.071, 544.451
2.56571, 545.659, -483.076
6.07297, 1130.32, -439.435
6.88348, 140.786, 217.044
5.35088, 370.771, -622.366
6.92743, -245.461, -196.206
5.20042, -195.355, 196.507
3.31357, -519.286, 406.25
3.30492, -456.818, -715.526
7.19182, 154.695, -121.642
3.45628, 330.31, -305.382
3.15761, -551.795, 327.656
4.41122, 342.11, -454.537
6.12674, -328.947, 669.75
2.50651, -1239.9, -247.775
4.60222, 730.687, -536.527
5.18984, 217.288, 104.26
4.86596, -221.954, 86.9041
6.33003, -231.98, 32.931
2.9396, 535.629, 178.849
7.04284, 324.779, 268.732
3.20818, 245.301, -437.839
2.54782, 116.248, -42.5895
2.82267, 206.624, 168.625
4.96742, 280.703, 329.131
5.40914, -118.712, -196.764
4.03373, 647.709, -1260.73
4.57091, 17.2722, 325.493
4.33401, -339.146, -28.7318
3.42687, 11.1541, -978.375
2.76788, -367.248, -565.485
4.47222, 117.448, 33.9573
3.98388, 504.822, 478.048
5.05388, 412.506, 309.235
3.75392, 432.836, -814.679
5.01589, -41.4708, -210.193
2.51168, 446.17, 83.558
7.01807, -868.405, 386.679
2.79181, 821.508, 719.852
5.17506, 33.4619, 540.716
3.95754, 691.016, -337.021
7.3023, -157.464, 196.438
4.73406, -784.687, -542.904
5.08479, 211.136, 16.4951
5.93861, -41.1339, -375.625
2.72187, 9.37826, 34.8263
7.2946, 806.37, -676.536
5.70852, 21.7672, 308.534
2.80215, 254.966, -285.943
3.33964, 98.9982, 371.216
5.76491, 71.5335, 418.763
6.19864, 378.202, 529.8
3.57011, 150.965, -515.85
4.31441, -57.2498, -253.464
6.56981, 497.057, -394.26
5.32057, 250.81, -66.0612
7.45886, 28.4334, -147.901
6.5669, 243.217, -147.88
3.49157, 517.428, -828.863
2.50003, -15.613, -144.798
4.62608, -676.886, 809.534
4.07406, 497.175, 204.284
5.56218, -834.207, 174.208
3.83351, 51.979, -142.651
4.39881, -139.81, -438.192
5.43397, -339.884, -664.533
5.95636, -233.248, 201.883
7.26736, 81.3139, 59.7343
4.89785, 200.5, -514.661
3.60319, -772.529, 365.526
5.33741, 203.006, 89.2187
6.09873, 15.7211, -75.285
4.4953, 764.021, -266.248
3.48326, 635.405, -357.148
6.66971, -80.6103, -203.154
5.59561, 549.996, 99.4545
7.26866, 150.09, 388.054
3.23222, 451.096, 452.504
5.38953, 44.6237, 10.8891
7.26796, 189.369, -274.497
3.62331, -843.194, 359.014
7.25137, -22.9534, 54.0749
3.07874, 167.619, -1.96186
2.58372, -133.455, -368.723
3.90465, -139.067, -223.902
7.15042, -30.3288, 140.419
3.04796, -729.079, -231.576
6.77266, 27.3182, 323.561
5.68532, 55.6238, -411.961
5.63853, 36.7156, -215.163
3.80589, 38.8881, 240.293
5.13936, 495.482, -476.882
7.16608, -17.0019, 51.6368
3.98055, 194.018, -64.1062
4.78006, -501.021, -357.631
6.35659, 77.4483, 693.121
4.17193, -322.682, -1280.46
6.31775, -88.5602, 151.888
6.65892, -636.095, 195.598
2.64618, 602.066, -633.798
4.31315, -251.974, -239.413
4.16221, -227.985, 443.273
3.17675, 35.5749, 111.318
3.00839, 231.221, -741.764
5.11327, 493.738, 39.9404
3.52046, 194.802, -344.313
5.00728, -168.02, -150.992
5.1371, -832.158, 265.512
4.13422, -187.025, 158.036
4.75888, 183.823, -56.4993
6.85263, 112.482, -40.9822
4.72884, -67.2355, -182.183
6.03726, 277.121, 0.455433
6.83171, -638.334, 289.896
6.5822, 253.213, -47.5982
2.67504, -403.495, -185.139
3.8644, 134.671, 676.205
5.21858, -45.4917, -16.9441
3.19942, -332.14, 164.736
5.57408, 109.439, 58.8746
3.29182, 352.339, -341.504
4.41129, 284.832, -121.048
5.94997, 148.967, 312.41
3.21128, 941.882, -140.855
5.65284, 360.74, -85.3676
3.15973, -443.33, -776.869
7.13583, -15.8123, 8.18565
5.53465, 823.014, -1289.52
5.50388, 664.613, -290.147
3.33635, 210.866, 100.936
3.301, 223.417, -413.865
5.91628, 31.6431, 12.939
5.1456, -29.2885, -183.585
3.65264, -655.975, -108.626
6.55373, 23.8824, 295.616
5.76477, -185.532, -170.468
4.08597, 162.327, 404.432
2.53953, -8.14746, 43.7037
3.49176, -137.597, -772.808
3.78831, -423.464, 380.48
3.03825, -183.534, -265.085
3.49545, -576.745, -96.1288
6.75079, -862.072, 449.941
6.63912, -19.0534, 4.63812
6.76813, 301.967, 458.457
5.71027, 276.079, -40.5117
3.6787, -705.461, 638.373
6.80638, 170.405, -44.7241
5.4745, -307.415, 462.524
2.52745, -781.134, -700.852
6.84925, 384.292, 529.796
7.37729, 283.396, 331.735
5.59653, -632.177, -537.821
3.85574, 462.021, -148.166
7.46973, -140.514, -72.3373
4.60751, -194.158, 456.095
4.20537, 350.252, 619.344
4.80717, 294.991, -30.2638
4.44822, -282.062, -783.139
4.613, -993.758, -278.781
2.84879, 176.191, -20.1762
5.5153, 258.257, -24.8787
7.36114, 274.151, -76.0286
5.07406, 134.853, 226.114
7.45461, -165.996, 222.605
5.84906, -333.142, -1054.01
4.01716, -225.328, 186.453
3.47371, -532.413, -294.935
4.0109, -69.6292, -328.084
4.93946, -107.697, -65.3192
4.72438, -492.363, -372.854
5.7844, -43.6395, -213.934
3.74227, 1088.65, 715.659
4.72007, -682.669, -594.76
5.75894, -97.4964, -36.5069
6.67472, 390.786, -421.498
6.03698, 171.48, 184.924
4.93928, 119.382, 366.782
6.72039, 85.3608, 260.876
7.00296, -15.2554, 246.772
6.33082, 200.673, 324.275
5.29453, -677.022, -289.94
2.70603, 638.281, 100.974
5.46749, 146.889, -427.636
2.68674, 246.606, -752.809
4.53488, 237.535, 48.1679
2.84243, 329.746, -287.65
7.38558, -103.676, -149.822
2.5956, 849.253, 776.649
6.60363, 149.334, 384.621
5.2195, 830.768, -443.161
5.72828, -225.543, 409.504
3.62934, 5.69359, -193.754
2.733, -184.79, 132.373
3.63154, 58.1847, -125.606
4.58371, 456.771, -291.473
6.40126, -344.205, 27.2014
3.72852, 323.427, -694.258
4.81411, -12.5782, -76.8253
6.14756, -74.2791, -452.317
5.35237, 783.792, -190.643
5.45997, -403.947, -495.037
4.98425, 209.989, -291.604
3.951, -159.521, -261.293
4.71107, 243.107, -47.3234
2.53669, -460.555, 764.366
7.41683, -29.8447, -178.58
2.52822, -303.031, -110.082
4.8676, -187.236, 231.102
5.86497, 697.428, 1031.8
