6.27803, -1354.77, 711.726
3.5948, 260.394, 1053.42
5.89648, 857.147, -384.902
5.09708, -54.2345, -251.727
2.76731, 2280.55, -2402.71
2.53849, 88.4637, -60.2782
4.58743, 3176.57, 1837.37
7.15218, -153.869, -44.8313
2.95982, -335.029, 672.635
6.00595, 734.562, 560.98
3.81226, 528.728, 262.281
4.14117, -24.9118, -12.4384
7.45519, -489.98, -489.802
7.41275, 59.5864, -64.8151
5.75759, 602.133, 361.53
6.92354, 30.0837, 37.7769
6.33247, 24.4678, -14.5234
3.87453, -1182.89, -68.219
4.93259, -387.001, -405.369
2.80282, -2775.21, 485.97
5.08146, -74.8365, -144.262
4.96988, -2066.35, 673.273
7.23882, 70.7729, -224.954
4.42071, -20.9221, 10.2842
5.14874, -1650.53, 538.326
2.75042, -301.532, 2066.55
6.63909, 394.65, 252.645
5.94228, -675.814, -258.027
6.18112, 165.602, -45.7378
6.94286, -1646.46, -1632.7
4.25508, -3.10698, -112.961
6.72991, -77.5695, -269.563
3.84659, 124.227, 206.653
4.83959, 706.272, -165.101
3.2686, 58.0074, 145.512
2.66527, -53.9256, -123.968
7.2768, -1060.19, -789.392
6.95369, 346.377, 322.331
3.29884, -1023.62, 58.5164
3.15214, -695.625, -224.146
2.515, 1323.64, -202.192
6.0491, 148.576, 154.451
3.40448, 1096.82, -27.5083
5.76029, -39.7338, 65.4979
4.42907, 114.911, 248.468
3.23766, 728.309, 1015.6
5.45054, 205.157, 561.381
3.24076, 1361.11, -689.349
3.2091, -1208.35, -940.962
4.94257, -236.026, -210.423
3.13015, -899.493, -184.659
5.64635, -696.49, 180.579
5.60817, 330.664, 96.099
4.88216, 1489.96, -2063.49
2.64188, 581.463, 871.684
3.21011, 1850.02, -396.903
3.15594, 483.666, 351.35
3.31099, 881.585, -1271.72
3.76529, -3.41183, -33.2339
4.77654, -2216.56, 1157.71
6.54472, 141.81, -138.127
3.57624, -6.66539, -123.722
3.75063, 327.787, 614.023
5.02978, 416.983, 358.095
6.27922, 5.1818, 58.9565
5.66369, -694.235, -1591.76
5.9449, -1350.97, -873.507
7.27207, -736.723, -230.063
5.18713, 2037.61, -1049.84
4.57014, 144.605, 612.318
4.70019, 429.022, 390.388
6.07821, -1034.03, -1225.93
6.20858, -1094.63, -1132.95
5.12494, -1524.32, 1361.5
6.06711, -37.3513, -25.4502
5.91025, -42.3315, -30.3583
6.82941, 1142.82, -858.169
3.19597, 839.384, 774.901
3.57766, 71.5523, -36.6774
5.0733, 96.0086, 311.23
4.83766, 408.152, 431.527
3.55759, 1341.59, -1558.37
5.65244, 750.634, -418.429
2.5044, 1210.25, -1684.28
4.09589, -211.955, -1787.69
5.90281, 12.6086, -175.136
6.0446, 194.836, 229.922
2.90869, 350.61, 594.148
3.56926, -271.214, -18.6558
4.44412, -138.388, 70.4058
4.44927, -1893.21, -711.156
3.92018, -180.865, 136.324
4.6123, -105.441, -120.356
2.55658, 556.608, 2.44929
3.72027, -2125.28, 1079.96
4.49072, -642.791, -1729.85
6.64177, 174.441, 76.6207
3.78584, -561.123, 628.426
3.59705, -894.138, -344.537
6.47385, 345.498, 331.662
5.8476, -651.659, -77.558
5.49108, -245.369, -119.027
5.99917, 1405.81, 738.506
5.13062, 99.7753, -130.605
4.14833, -9.41044, -6.83871
3.30844, 2048.95, 330.944
6.56633, 155.04, -53.8927
4.08004, 744.979, 446.163
4.05369, 232.86, -14.618
4.65424, 20.0966, -83.924
4.46509, 343.705, -87.5577
4.43916, 342.574, -217.257
4.34871, -145.636, 113.287
5.88118, -326.13, -575.534
6.10384, 786.904, -118.791
7.20082, -1275.25, 213.779
5.08573, -77.8482, -26.2996
5.5282, 726.397, 557.389
5.85049, 885.684, -1274.7
5.11404, 70.2062, -127.749
3.87105, -141.482, -22.6106
7.08924, 350.298, 325.303
3.73367, -100.912, 36.9763
4.77876, -279.955, 715.075
3.30374, 136.076, 253.639
4.68319, 77.5794, 157.669
7.45767, 229.154, -351.198
6.26931, 1431.49, -1632.54
4.97846, -2.82515, 29.2576
7.01651, 61.9839, -111.245
4.68213, 9.47576, -138.804
5.09239, 1116.02, -901.173
4.44866, -994.31, -1353.44
5.63431, 33.0173, -93.7418
5.19331, -156.752, 17.0659
4.35955, 147.607, -385.473
2.54674, 275.68, 311.159
6.3794, 154.085, 142.353
2.85317, 72.4729, 38.4611
3.98511, 64.5911, 347.064
4.78581, -68.9077, -76.378
3.25156, -88.4006, -44.4331
5.97819, 160.641, 543.928
4.15587, 375.27, 119.814
5.21197, -1332.65, 2286.56
2.64678, -1594.55, -612.398
5.38086, -73.3645, -640.229
5.18133, -76.4574, 147.425
7.36678, -721.691, 480.776
5.57063, -71.5722, -14.0996
5.26431, 1134.52, -1724.67
6.69051, 390.63, 538.31
3.75764, 80.1445, 613.742
6.98957, 77.541, 119.709
5.97428, 299.345, -99.2159
5.82752, 158.272, 1305.47
3.06838, -37.5848, 289.787
3.37987, -14.861, -557.171
2.91253, -335.1, 766.414
6.68103, -149.711, 710.018
2.64818, -360.118, 1001.11
6.34719, -144.011, 206.55
4.29829, 236.839, -1631.62
6.24626, 948.295, -192.86
6.28385, 79.6334, -107.972
3.60834, 1431.94, -280.907
5.58305, -46.1365, -88.6713
3.66846, -363.981, -132.656
6.22052, 100.462, -1583.21
5.80997, 123.257, 175.022
4.9209, -1275.93, 2378.05
2.58972, -436.791, 3.64545
4.98291, 58.1173, 448.778
5.09587, 279.305, 29.0307
4.71395, 690.298, 1500.98
4.14528, -1271.53, 355.478
3.52671, 31.758, -230.228
7.19863, -244.792, 1025.83
2.85168, 966.122, 1223.13
3.30042, -307.868, -233.715
6.70788, 24.4916, -86.0858
4.13614, 109.093, 305.485
6.85942, 652.531, 469.062
5.99896, -41.4317, -18.4032
5.52801, -211.903, -147.623
4.77536, 315.754, 703.981
2.91543, 1083.36, 284.646
3.94883, -1452.64, -823.06
6.51009, -132.214, -83.7644
6.81821, 508.934, 746.888
3.81831, -2025.34, 167.148
4.79881, -202.222, 193.33
4.95672, 171.908, 246.548
5.82344, 782.909, -1255.49
7.31738, -87.4365, -48.1563
7.23022, -174.895, -117.793
2.81902, 646.092, -621.238
5.04829, -256.888, 18.6897
6.13222, 292.114, 68.1404
5.65882, -20.9303, -37.7465
3.26658, 246.236, -244.449
5.09652, 689.456, 1496.71
3.52281, 2382.93, -813.125
6.03231, -136.486, 186.559
6.05786, -361.551, 2508.95
3.66304, 54.7735, 93.5189
6.80594, 324.735, 10.9951
2.67122, -725.648, -473.693
6.26587, 91.2487, 407.453
4.14789, 320.722, 142.383
4.65309, 2072.92, -351.86
7.33455, 25.4486, -18.5187
4.05803, -1030.28, -924.624
5.69762, -2487.15, 102.527
5.95386, 99.295, -125.997
5.36403, 63.9689, -142.268
6.60667, -1325.39, 2283.71
4.21807, -1565.91, 799.542
5.09387, -191.86, -330.998
6.78438, 843.291, -66.4654
6.18587, 776.657, 749.471
3.45992, 112.332, -184.59
2.83145, 212.013, 79.7291
3.60828, -1854.67, 1184.22
3.33656, 189.711, -65.3887
6.31172, -125.431, -35.9952
5.44905, 617.04, -1264.84
4.65223, -2584.08, -313.567
7.09618, 1189.79, -302.481
5.09668, 147.435, -211.755
7.38058, -328.417, 197.086
5.15714, 108.874, 302.46
2.98716, -531.582, 1107.79
5.83983, 424.713, 395.126
5.44444, -448.751, 1369.21
5.01137, 133.385, 19.8848
2.75808, 950.984, 328.773
2.6753, 756.015, -582.114
4.41484, 81.4499, -118.172
5.55555, -1120.65, -1505.55
5.06574, -2580.05, -322.911
5.98498, 31.4736, 70.3148
4.89891, 260.244, -257.743
3.88323, -2461.84, 18.1783
6.01685, -89.6886, 1568.06
3.67701, 112.35, -198.891
6.41501, -155.418, 35.9977
6.60589, 1067.16, -270.953
3.21842, 1420.13, 1490.65
5.75757, 623.053, -597.097
3.87677, 266.209, -156.369
7.26215, 927.213, -760.997
4.58238, -51.3779, -107.239
3.03869, -267.626, -301.12
4.70633, -289.691, -67.3304
6.28811, -211.485, -191.578
2.77803, 710.096, 590.682
3.51241, 73.8723, 13.103
6.82305, 143.166, -329.647
6.52456, 360.039, 40.306
2.78861, 365.22, 1235.37
4.40304, 135.696, -34.2183
4.56124, 18.0197, -109.166
2.80071, -257.752, -111.474
7.09746, -842.772, -784.965
3.35398, 262.949, 65.7913
6.51634, 129.79, -123.746
3.88599, 11.9037, 273.649
4.44586, 388.167, -179.129
7.19936, -1145.34, 82.5264
6.24573, 32.8127, 1514.72
3.44774, 1401.68, -1715.23
6.89581, -235.324, -78.8434
6.8953, -89.8023, -139.11
3.30515, 339.924, -154.937
5.87346, 368.015, -60.0645
6.89096, -75.0793, 148.427
6.98262, -551.837, 1710.96
3.06535, -53.6463, -59.1059
5.93789, 313.831, 472.589
3.21651, 65.6866, 79.0504
3.6901, 728.446, -238.827
5.64383, 1290.2, -931.218
4.312, 334.288, 349.148
4.64437, -1044.39, -999.679
4.91936, 868.347, -896.928
6.20379, -80.9279, -485.649
3.23098, 616.664, -483.379
7.36238, 64.0427, 29.9371
7.3158, -56.3589, -34.036
3.14741, 1128.57, -903.264
5.3784, -259.648, -170.053
4.66439, -26.1331, -361.406
5.50066, -91.1912, 141.734
5.85098, 19.5474, 223.332
4.5137, -1588.05, -518.593
6.46691, -1051.39, -881.644
4.89889, -1502.88, 1036.4
5.72449, -713.247, 539.574
4.28836, 2311.48, -438.344
5.96794, -93.6697, 412.879
5.83428, -38.9763, -232.713
3.22071, 736.452, -424.449
7.10415, 78.6627, 10.2292
4.22228, 702.279, 1846.21
6.66824, 109.427, 153.89
2.74349, 629.496, 56.7138
3.27936, 611.944, -794.429
2.55765, 590.002, -136.399
3.94327, 81.0354, -18.048
5.07295, -97.4181, 111.224
3.65948, 336.721, -1777.17
2.75022, -177.132, 113.477
5.33091, 113.802, 12.4798
6.69774, 269.968, -74.0255
4.28763, 459.755, 440.528
4.3452, 331.848, 295.567
7.22226, 502.379, 126.125
4.72425, -1056.29, 410.827
6.82086, 10.7017, -187.912
5.82654, 247.357, -340.413
5.79297, -557.19, 40.3366
7.10736, 1409.18, -1037.09
5.11536, -1524.68, 1357.95
5.45229, -406.045, -493.318
5.79944, -264.29, -1487.4
4.24765, -1114.42, 598.026
4.11714, 602.846, -300.151
7.08984, 372.341, 274.572
3.08619, -1979.54, 717.944
7.31268, -274.579, -59.4418
5.17978, -165.162, -100.52
5.81447, -331.768, -119.524
5.48362, -2113.47, 912.927
6.93363, -498.44, -307.42
6.67999, 108.007, 196.919
6.69339, 358.719, 287.061
6.85642, 181.972, 117.52
2.5002, 168.382, 1242.32
4.77274, 82.9042, 6.35816
4.25696, 1315.91, -62.8512
5.80713, 1951.65, -1684.96
6.22234, -199.716, 95.1299
3.3821, -548.204, -1929.03
7.4621, -782.916, 1042.71
5.95466, 159.373, -66.6329
6.97862, -63.0221, -33.749
3.51579, -764.964, -260.928
7.2356, -122.562, 717.437
4.88476, -2015.86, 1011.03
6.78578, -1850.47, 1182.69
6.41237, -46.9362, -436.389
5.70687, -1511.73, 1400.67
3.14521, -204.719, 810.623
5.77944, 261.603, -284.793
3.09199, 46.645, -97.2652
3.88793, 1481.08, 209.715
6.65548, 299.312, 1474.03
6.14153, 1677.51, 2141.2
6.74348, 1845.58, -1375.15
3.43989, -405.063, -749.975
6.09602, 56.2315, 91.4608
4.25586, -157.82, 676.996
3.34555, 487.799, 799.502
4.52383, -1890.36, 282.214
4.20924, -65.3135, -103.528
6.67141, 46.5702, -128.243
3.9111, -1426.79, -2312.39
5.16766, 1313.94, 892.586
6.25085, 92.1312, -112.033
4.62554, 21.1458, 31.3795
4.66964, 1222.72, -61.5377
3.03022, -1731.33, -847.758
6.4639, -421.235, -419.194
3.91232, 81.2962, -126.742
7.14264, 1703.81, 2222.99
5.37926, 342.281, 330.073
3.4895, 398.647, -577.202
5.99081, 58.5397, -134.908
3.07265, -562.17, -605.182
4.22945, 473.988, 757.258
4.15646, 164.447, -472.867
6.42735, -2064.73, 941.043
6.65775, 256.209, 357.628
4.21712, 1006.16, -503.632
4.2603, 463.211, 238.523
6.38197, -25.1019, -20.7797
6.58658, -328.763, -42.7835
4.26157, 212.306, 161.078
7.09559, 52.0249, -5.80424
3.2877, 720.988, 674.747
5.56029, 719.292, -532.385
5.54222, -45.7997, 3.21161
3.16647, 1259.86, 1501.44
3.51409, 1502.78, 2156.28
4.79457, -84.7674, 5.16704
3.48759, -685.311, 725.549
6.77118, 39.1392, -138.258
6.54562, -587.222, -506.456
2.80131, 1027.88, -1029.37
6.50584, 736.168, -2071.42
5.49597, 14.1166, -119.887
7.43182, 159.223, -35.3744
2.65919, -958.04, 162.354
6.8356, -1360.44, 1675.14
3.69109, 246.232, 582.475
3.6127, -154.421, -412.619
4.73907, 2604.36, 1207.63
2.61231, 474.391, -131.612
6.79755, 69.1583, -2.72547
4.15902, 405.524, -2171.06
5.72195, -451.685, -52.1628
7.43521, 274.086, -118.049
5.30162, 376.32, -57.8841
4.74553, -93.3788, 56.4396
5.213, 97.5651, -117.358
2.90797, 503.018, -13.6355
3.99606, 1168.78, 1280.12
6.63964, -1763.25, -379.345
6.48936, -1588.45, 540.084
5.71048, 130.801, 83.3268
4.84105, 210.587, 221.588
7.15326, 462.821, 1309.08
5.08798, -608.18, -136.422
7.42924, -1808.41, 1173.69
5.94567, 20.5709, 186.214
6.19966, -6.85499, -10.2197
3.46323, 1015.99, 737.929
6.08881, 1382.89, -1001.7
6.11146, 587.734, 655.233
6.49298, 264.778, 92.5816
4.23216, -2044.02, 236.836
5.1481, 329.956, 419.023
3.19001, 577.221, -801.44
6.73218, 48.751, -132.894
6.32766, -340.389, 35.5574
7.5, -2115.16, 915.146
4.24891, -2832.08, -1041.76
5.50367, 1088.75, 20.0616
3.50808, -106.992, 1745.91
6.2385, -1572.91, 248.634
6.49225, 222.036, 433.2
3.03505, 107.627, 160.039
5.35813, 62.6856, 150.978
2.84683, -2271.66, 792.361
4.16036, 88.9363, 15.4543
5.80945, 59.4683, -246.14
5.27726, 322.363, 1746.51
7.12415, -101.913, -190.35
2.69832, 244.509, 1176.36
2.62083, 892.485, 926.128
4.61923, -55.096, -195.031
4.36987, 204.928, -134.721
2.93303, 1387.57, 1228.97
3.05403, 51.6236, -82.2001
5.31992, -1864.84, 126.774
7.37269, 244.394, -65.195
3.05066, -0.577979, -1823.29
5.99352, -1393.56, -1590.98
2.79674, 338.858, 1104.51
4.69755, 253.903, 72.344
5.24651, -566.519, -476.173
3.45129, 63.4767, -142.568
7.36597, -90.0124, 292.089
3.19593, 187.473, -253.715
5.48978, -1452.43, 306.339
7.12812, 245.606, -846.688
3.91116, 422.274, 293.477
6.8307, 212.954, 351.531
6.29598, 756.293, -916.824
6.10793, 16.9149, 197.603
3.34241, 320.001, 487.389
3.32882, -40.1877, -1131.36
3.39076, 84.6842, 182.049
5.87226, -36.8683, -66.9855
4.83484, 120.783, -0.314956
6.85219, 76.1935, 18.9664
5.76023, -187.359, -104.458
5.80464, -331.769, -114.185
2.58037, 45.199, -226.449
4.30596, 2290.25, 1400.56
3.72747, -20.3051, 126.282
6.93086, 718.543, 896.883
5.23701, -2849.08, 36.149
6.57209, 116.546, 256.651
5.24453, -676.214, -448.189
4.16156, -38.8089, -109.358
4.40213, -864.823, -1481.84
2.52389, -547.522, -59.294
6.95226, -44.6213, -120.164
6.16955, 66.0019, -77.499
6.04239, 397.478, 82.5461
5.1278, 1099.81, -1171.85
6.41065, 140.735, -124.053
3.42484, 160.125, -8.9429
5.72673, -18.7545, -0.133851
3.42178, 168.409, -205.076
3.31214, -1050.9, 374.682
2.65594, 1023.87, 438.069
7.42716, 86.6226, -153.092
4.04559, -152.247, 40.8828
4.11075, 78.8549, -90.0649
5.51155, 34.282, -94.8837
2.89107, 2066.32, -151.788
3.93936, 33.6459, -229.914
5.79307, 670.612, -792.681
7.36348, 68.8064, 149.455
7.27758, 1621.72, 574.724
7.42745, -275.699, 66.859
7.30478, 144.741, -77.7613
3.0073, 204.446, -41.6523
3.71505, 185.425, -365.005
6.91151, 44.1235, -114.544
5.28805, 353.118, 430.743
6.7669, -28.2152, -190.102
7.49145, 863.199, -294.242
3.99751, -1735.59, 1047.93
6.33157, -3144.78, -1110.9
4.81901, -666.547, 165.641
6.8168, -52.2591, -51.7311
6.99018, -235.81, -98.6095
7.377, 186.706, 46.0911
2.77405, -373.916, -35.309
6.32605, 135.889, -218.707
5.09219, 981.374, -1319.44
3.46574, 127.274, 618.317
6.98252, 356.367, 123.707
6.38492, -339.31, 343.774
2.75968, 21.2315, -55.4327
7.47331, 885.734, -1318.96
5.93659, 44.7367, 151.526
5.94854, -336.229, -116.582
6.57666, 1402.63, -652.443
7.05426, 145.194, -38.2606
3.34218, 886.32, 2142.6
5.24183, 1430.02, -915.391
6.53351, 55.0856, 109.514
4.17803, 317.789, 565.592
5.53435, -10.8488, -708.467
6.59602, 628.387, -1217.42
7.3485, -83.8856, -16.0234
6.29349, -28.5019, 312.923
3.72113, -30.7884, -412.871
5.80589, -108.982, -53.6459
4.21574, 830.102, 293.51
7.27146, 80.6385, 113.88
2.60828, 966.994, -1561.45
4.54979, 844.486, -407.581
2.55789, -1002.59, 1572.24
3.04964, -2.25102, -9.12781
5.28259, 671.984, -961.451
4.45466, 68.1512, 161.983
7.20539, 131.691, 162.918
2.55572, -470.89, 359.544
6.22897, 67.3395, 518.591
3.84293, -119.992, -113.95
4.27153, 213.959, -184.621
3.45835, 2260.82, -2413.96
5.14832, 97.0999, -95.9371
4.39478, -412.967, -2064.34
3.16407, -126.728, 144.79
4.26563, -338.405, -194.929
4.2497, -2148.06, 1078.29
7.41084, -1336.49, -863.003
5.25961, 398.761, 297.914
4.99918, -1314.28, -354.222
3.58531, 765.421, -1265.92
4.37311, 520.664, -153.391
6.78251, 1130.47, 938.975
6.45578, -1142.16, 2161.88
3.9204, 1361.7, -1501.69
5.07645, 762.195, -579.3
6.79238, 78.8345, -93.0798
7.07844, 412.124, -183.551
7.48941, -1007.85, -923.376
6.53177, -679.752, -464.531
5.22718, 82.368, 201.276
7.3461, 83.8489, -513.342
5.31931, -114.049, -35.7058
4.03031, 682.188, -744.214
5.41853, 603.573, -195.609
2.91197, -70.2219, 300.907
5.47382, 168.089, -9.42122
3.31968, 1108.85, 1858.48
6.46527, 70.6185, -21.5797
2.95373, -672.562, 728.458
6.3072, 117.575, 165.65
6.83996, 16.0404, -185.458
6.40105, -198.088, -278.88
6.61399, -1218.23, -393.593
6.70974, 134.191, -5.12592
4.48328, 787.346, 539.735
6.508, 48.812, -71.6638
6.56811, -83.1898, -104.776
5.43493, 608.421, 1112.27
4.64621, -7.5253, 194.403
2.5002, 452.01, -615.841
5.31153, 89.5303, 163.673
6.22632, 294.208, 356.631
3.89846, 1561.08, 812.893
2.93406, -245.349, -2104.31
3.5733, -491.535, -279.437
3.93296, 212.485, -79.7819
4.86595, 616.592, -74.0954
6.95893, -1040.6, -879.614
5.91955, -272.252, 29.7966
3.54376, 26.0884, -163.582
6.67533, 0.247895, -13.1264
7.09218, -450.348, -178.976
4.48244, 613.669, -92.4935
6.37858, 771.102, 509.408
5.68161, 171.265, 306.016
6.64746, 287.75, -299.868
3.40204, -421.584, -496.546
7.45927, -109.335, -13.9333
6.70558, 481.23, -575.679
4.65177, -282.581, 547.316
4.38589, -422.105, 237.627
2.70802, -113.606, 112.758
6.80715, 117.107, 98.0413
6.62116, -1711.32, 1244.86
6.25052, 546.901, 937.722
3.55801, 97.0393, -168.788
4.31029, 171.571, -34.4311
4.43545, 28.3329, -173.333
7.32918, -1567.07, -1040.05
6.5872, 169.211, -31.842
4.5755, -724.901, 99.7436
5.83759, -137.902, -157.642
2.52101, -1816.2, 1559.03
6.98048, 171.036, -24.388
3.68416, 729.778, 381.968
3.79415, -22.8223, -122.811
5.4939, 223.368, 33.2878
6.89823, -935.327, 107.763
6.16299, 528.858, 15.7179
6.0773, -832.937, -328.903
3.57724, 2506.89, -130.232
6.30413, -1874.79, 1382.44
3.85351, 82.3941, 86.1189
2.75246, 389.233, 178.749
4.78866, -139.498, 226.486
2.58759, 303.778, 89.8412
3.01129, 2207.7, -1525.07
2.639, -395.866, 157.113
5.65921, -26.8324, -27.217
6.34425, -63.1337, -40.3418
2.74132, -685.425, -530.441
6.6924, 351.206, 222.941
6.76899, -95.447, 56.479
6.57649, 648.195, -559.21
6.85188, -36.3515, -1769.28
5.27222, -123.959, -80.6923
6.12646, 25.8347, 1061
3.20424, -2029.41, 1366.09
6.6115, -116.985, 6.5613
5.51185, -1115.1, -1501.42
4.93856, 38.5896, 69.9387
6.14942, 193.709, -64.1464
4.05164, -1172.85, 647.338
3.93925, 267.687, -248.257
5.45857, 1153.89, -1400.04
5.34055, -1520.89, 673.73
5.41059, 1567.94, 916.246
2.84132, 409.379, -782.553
4.34304, -1072.72, 314.366
6.28475, -56.8462, -0.372769
6.35297, 801.969, 1409.42
4.27217, -21.0118, -19.8155
5.98913, -55.9574, -9.4553
5.08005, 1210.59, 682.99
5.94494, 44.5217, 185.979
6.18066, -1222.17, -916.946
2.56231, -1300.71, -1088.66
7.16549, 151.09, 12.772
5.37826, -441.396, -197.105
3.05587, -661.933, -69.8736
4.87388, -63.5449, -58.9383
3.24247, 304.959, 361.183
4.22594, -3437.35, -820.008
7.04476, -125.304, -333.386
4.54571, 1404.88, -650.475
5.96642, 72.9823, -82.9939
3.35865, 51.5003, 154.568
6.21715, -1774.27, 737.353
4.16319, 82.3207, 39.0597
4.62157, 26.6056, -97.6044
2.79523, 288.064, -401.066
5.09005, 179.968, 185.602
5.94425, 49.0882, -626.263
5.01149, -89.0209, 13.2437
6.56617, 123.579, 58.6207
3.07974, 171.328, 59.4703
5.24841, 666.902, 503.304
5.06046, 16.2657, -254.53
6.02649, -1040.03, -931.446
5.65083, -54.047, -75.367
4.0207, -71.7341, -32.7397
6.74719, 38.7145, 135.547
3.39619, 634.494, -1255.54
2.61737, 85.6094, 4.24843
4.19467, 53.6725, 15.6364
3.43818, -933.421, -929.302
6.60467, 192.903, -126.215
6.72507, 35.786, 1578.08
6.78031, -1398.33, 913.642
7.37454, 127.562, -19.2159
2.99587, -170.16, 65.0954
2.56182, -1425.56, -1243.65
2.58614, 118.51, -918.982
2.64527, -121.771, -31.4335
4.1031, -1137.61, -1147.38
6.17815, -1360.67, 734.919
3.14876, 200.163, 6.44668
2.5161, -91.1412, 23.2262
6.91905, -223.198, 34.4313
3.70482, 423.798, -461.68
4.38481, -373.3, -183.161
4.44879, 172.466, 67.1639
2.81534, 1392.7, 559.39
7.30792, 503.116, 129.285
3.75349, 496.698, -406.843
6.85376, -27.9719, 239.824
2.85991, 1048.58, -1507.03
2.70653, 1017.22, -1052.16
3.46378, 183.194, -186.236
3.86708, -663.192, -1265.64
7.4007, -35.0472, -18.2588
3.60607, 435.563, -2065.24
6.43119, 884.004, -1264.68
4.42306, -259.385, -51.935
3.78593, -1363.98, 1343.96
3.91087, -327.323, 266.442
7.33834, 277.788, 27.5981
4.22841, 49.668, -0.158384
3.45922, 226.813, -270.082
5.05037, 10.1428, 139.38
5.21857, 531.281, -1860.34
5.72333, 142.558, -194
3.89738, 737.594, -497.646
3.41887, -476.238, -431.479
2.71579, 1113.58, -1409.12
3.98408, 176.787, -449.561
4.25548, 1064.36, -62.858
7.09372, 430.483, -171.852
5.81225, -21.04, -99.5593
5.08041, -1051.37, -853.068
4.03763, -241.565, 60.8381
3.0007, 1014.92, 1016.89
3.47502, 14.98, 153.105
4.11407, 1305.56, 1556.77
5.56182, -324.079, 179.079
5.13511, 192.423, -161.43
3.45653, -442.659, 1020.77
4.7178, 2307.47, 1289.39
4.48693, 2564.18, -500.954
6.28051, -214.171, -14.7139
6.6213, 94.9918, 49.6883
5.51573, -226.624, -811.808
3.04573, 78, -37.9056
4.11797, 1263.38, -188.294
5.03403, 40.3923, -97.3353
4.76521, 397.498, 847.817
4.77315, 273.143, -77.5549
4.91125, 376.961, -71.7389
5.07896, -2012.62, 377.669
4.50207, -950.251, -1084.17
4.22945, -268.665, -109.772
6.64533, 54.5448, 90.01
3.02204, 1372.72, -255.477
6.40057, 8.62849, -131.013
3.19919, 127.758, 225.878
2.62171, 1511.77, 1828.52
6.0664, -88.5919, 288.566
7.15538, -139.902, -76.8119
7.47667, -50.2717, -242.476
3.86264, 12.843, 41.5715
3.6923, -890.672, 603.736
3.87328, -150.638, -1304.65
5.70836, -40.3284, -124.524
5.17637, -250.944, -187.583
6.8967, -1253.23, 2009.32
6.75968, -41.3355, -232.734
2.98004, -137.576, 659.413
4.66818, -139.171, 212.75
3.17045, 98.4409, -5.28683
5.86802, -79.6576, -143.791
5.34964, -98.6514, -196.509
3.66474, 160.041, -1028.29
5.50306, -102.477, -199.921
2.6551, 284.455, -440.291
7.08512, 150.439, -98.365
3.82958, 748.343, 360.65
6.50016, 66.7593, -39.9261
5.46389, 77.1104, 183.419
5.0822, 22.3306, 2.59123
5.2567, -287.519, 62.3229
3.47225, 211.345, -320.64
5.36152, -1197.14, -430.617
3.81992, -319.358, 2278.77
4.41648, 967.245, -2186.25
2.73626, -104.842, -173.867
4.22823, -140.391, 122.246
3.61594, -1366.49, 2875.94
3.81264, 13.4151, 39.8642
3.05141, 116.579, 6.11401
7.40088, 51.9527, -215.663
5.93794, -833.281, -333.256
5.82158, -66.8039, -48.8529
5.99501, 169.977, -212.992
2.68746, 186.985, 246.846
3.6706, 95.6838, 203.855
3.95397, -2020.34, -3056.45
3.50543, 97.837, -51.2483
2.7177, -1141.5, 1465.75
2.56571, 715.33, -542.614
6.07297, 2378.2, -816.257
6.88348, 89.9234, 26.016
5.35088, 748.256, -1487.2
6.92743, -1114.68, -1162.15
5.20042, 340.493, -81.2809
3.31357, -1005.26, 514.993
3.30492, -1074.09, -1138.3
7.19182, 108.748, -102.138
3.45628, -32.6654, -294.905
3.15761, -1368.86, 194.005
4.41122, 182.315, -302.221
6.12674, -461.431, 1378.32
2.50651, -2578.08, -321.891
4.60222, 1812.52, -1102.48
5.18984, 792.048, 164.864
4.86596, 108.492, 494.493
6.33003, 689.198, -38.5581
2.9396, 683.182, -40.4458
7.04284, 107.015, 292.192
3.20818, 322.23, 424.868
2.54782, 33.4495, -149.965
2.82267, 295.413, -12.7237
4.96742, 337.967, 313.775
5.40914, 20.8848, -148.183
4.03373, 1440.88, -2627.72
4.57091, 57.0288, -96.9119
4.33401, 21.6175, -226.54
3.42687, 87.9484, -1486.31
2.76788, -943.14, -1240.25
4.47222, 188.512, -69.8866
3.98388, 577.671, 518.667
5.05388, -76.3856, -219.736
3.75392, 926.713, -1677.05
5.01589, 287.504, -325.284
2.51168, 998.228, -197.659
7.01807, -2112.71, 919.599
2.79181, 1547.92, 1424.42
5.17506, 45.3445, 1383.13
3.95754, 1446.81, -665.132
7.3023, 236.129, -76.5186
4.73406, -1561.56, -781.887
5.08479, 29.0797, -41.5713
5.93861, -465.406, -543.04
2.72187, -191.387, -42.1632
7.2946, 1591.6, -1254.76
5.70852, 125.617, 115.115
2.80215, -204.73, 37.4478
3.33964, 36.3007, -80.7535
5.76491, 143.495, -250.129
6.19864, 169.456, 1234.8
3.57011, 324.434, -159.64
4.31441, 91.3712, -1093.13
6.56981, 751.893, -416.664
5.32057, -97.9524, -16.7645
7.45886, 97.0085, -175.735
6.5669, -201.128, -12.7907
3.49157, 1277.38, -1796.07
2.50003, -115.005, -49.4907
4.62608, -1372.48, 1672.59
4.07406, 1098.68, 539.594
5.56218, -1622.71, 234.56
3.83351, 38.9062, -39.2992
4.39881, -154.891, -149.319
5.43397, -196.433, -462.505
5.95636, 54.6565, 295.71
7.26736, 51.0171, -47.3819
4.89785, 87.8089, -229.269
3.60319, -517.59, 397.37
5.33741, -367.976, -140.59
6.09873, 59.4787, -129.838
4.4953, 1273.93, -288.479
3.48326, 820.468, -445.753
6.66971, 214.174, 35.7746
5.59561, 615.462, -447.487
7.26866, -81.0028, -222.427
3.23222, 748.827, 621.722
5.38953, -7.50695, 62.4451
7.26796, 110.93, 144.168
3.62331, -1983.39, 1059.41
7.25137, 105.731, -103.944
3.07874, 900.319, -369.315
2.58372, 38.0247, 165.482
3.90465, 170.442, -379.223
7.15042, 127.088, -216.895
3.04796, -1041.68, -384.046
6.77266, -2.94258, -171.373
5.68532, -22.2235, 181.382
5.63853, 15.5474, 261.848
3.80589, -329.319, 894.058
5.13936, 660.092, -528.485
7.16608, -55.4384, -239.354
3.98055, 17.2607, -109.592
4.78006, 175.174, -41.2811
6.35659, -238.125, 1788.36
4.17193, -766.96, -1854.51
6.31775, 70.4819, 2.70215
6.65892, -1107.95, 879.676
2.64618, 1242.18, -837.557
4.31315, 475.708, -237.63
4.16221, 129.777, 456.158
3.17675, 272.049, 103.375
3.00839, 522.791, -1652.43
5.11327, 295.271, 386.162
3.52046, -17.2797, 404.639
5.00728, 4.59699, -176.905
5.1371, -1879.62, 1025.48
4.13422, 228.443, 54.6154
4.75888, -84.6211, 95.6657
6.85263, 298.384, 10.4458
4.72884, -164.85, -50.5314
6.03726, -161.65, -61.0554
6.83171, -1125.69, 247.416
6.5822, 102.841, -26.3103
2.67504, -1401.23, -589.251
3.8644, -196.101, 1260.65
5.21858, 191.447, -89.7203
3.19942, 138.043, -145.718
5.57408, -65.1565, -32.439
3.29182, 20.9086, -619.29
4.41129, 448.796, -74.5858
5.94997, -38.6855, -144.152
3.21128, 1788.49, -95.4216
5.65284, -170.373, 108.117
3.15973, -1248.82, -1090.35
7.13583, 105.227, 4.48457
5.53465, 1923.96, -2965.48
5.50388, 632.958, -608.265
3.33635, 200.027, 137.567
3.301, 32.7851, 649.363
5.91628, -45.0586, 17.3098
5.1456, 157.858, 17.3055
3.65264, -1124.36, 420.562
6.55373, 26.1585, -110.523
5.76477, -84.9994, 88.5123
4.08597, -355.443, -57.3917
2.53953, 172.963, -18.5466
3.49176, -111.757, -967.779
3.78831, -199.89, 652.799
3.03825, 669.652, -79.0414
3.49545, -670.599, 156.589
6.75079, -2135.26, 1180.7
6.63912, 70.8215, 22.728
6.76813, 22.6, -178.632
5.71027, -187.834, -163.975
3.6787, -1255.85, 1282.87
6.80638, -69.5261, 73.0711
5.4745, -154.35, 711.463
2.52745, -997.434, -972.242
6.84925, 122.922, 171.574
7.37729, 336.575, 320.517
5.59653, -1047.98, -879.714
3.85574, 3.71109, -67.5488
7.46973, -10.6015, -136.52
4.60751, -798.407, 293.393
4.20537, 333.493, 262.373
4.80717, -78.4642, 101.55
4.44822, -510.629, -1456.1
4.613, -2007.84, -448.854
2.84879, 178.261, -81.2546
5.5153, 40.7599, -10.0672
7.36114, -328.92, 86.4898
5.07406, 68.6007, 21.8975
7.45461, 46.3012, -67.5261
5.84906, -904.74, -2323.73
4.01716, -411.342, -225.3
3.47371, -829.328, -332.145
4.0109, -61.0423, -58.6232
4.93946, -162.409, -61.3587
4.72438, -101.957, -75.9903
5.7844, 41.3599, -165.543
3.74227, 2291.24, 1400.58
4.72007, -844.346, -867.192
5.75894, -28.8498, -30.9268
6.67472, 89.7738, 53.6271
6.03698, 418.75, 174.613
4.93928, -262.073, -257.388
6.72039, 602.448, 387.548
7.00296, 160.264, -141.721
6.33082, -298.798, 18.3131
5.29453, -859.258, -294.833
2.70603, 757.336, 67.5489
5.46749, 770.777, -557.346
2.68674, 224.987, -1708.97
4.53488, -58.6029, -480.02
2.84243, -73.4398, -147.113
7.38558, -153.952, 66.69
2.5956, 1188.7, 1423.43
6.60363, -52.4012, -241.492
5.2195, 1679.95, -1167.7
5.72828, 3.12324, -238.117
3.62934, 16.5809, 377.801
2.733, -50.3921, 1168.85
3.63154, 127.389, -135.055
4.58371, 347.683, -1130.13
6.40126, 266.126, -322.311
3.72852, 621.882, -1219.81
4.81411, 28.8443, 28.7531
6.14756, 432.427, -461.235
5.35237, 2097.83, -351.936
5.45997, -442.451, -824.102
4.98425, 122.937, 256.448
3.951, 23.0027, -112.617
4.71107, 212.917, -53.6937
2.53669, -1086.42, 2315.76
7.41683, 24.0681, -139.842
2.52822, 3.66241, -165.139
4.8676, 765.737, 536.083
5.86497, 1460.18, 2371.21
