6.27803, -732.01, -964.2
3.5948, 28.3913, -116.628
5.89648, 372.446, -899.802
5.09708, -274.98, 885.244
2.76731, -960.554, 660.871
2.53849, 349.186, 27.764
4.58743, -815.471, -247.3
7.15218, 183.209, 388.898
2.95982, 38.0121, 692.942
6.00595, -184.257, 308.077
3.81226, 535.228, 813.298
4.14117, 470.674, -886.064
7.45519, 490.089, 260.018
7.41275, -500.82, -250.699
5.75759, 492.129, 434.505
6.92354, 258.707, -833.186
6.33247, -130.692, -470.722
3.87453, -475.685, -65.3063
4.93259, -647.117, -275.595
2.80282, 820.774, 780.434
5.08146, -1.9827, 781.703
4.96988, 945.559, -368.033
7.23882, -798.152, -472.567
4.42071, -14.3191, -833.44
5.14874, 804.926, -473.475
2.75042, 873.332, -60.8009
6.63909, 565.499, 542.53
5.94228, -926.266, -731.272
6.18112, 258.425, 728.797
6.94286, 948.433, 433.673
4.25508, -349.316, -522.788
6.72991, 183.576, 23.4949
3.84659, 631.503, -136.779
4.83959, 63.2012, -188.342
3.2686, -658.401, -476.627
2.66527, 628.191, 138.805
7.2768, -16.8566, 89.5232
6.95369, 114.12, 481.828
3.29884, 658.937, 236.411
3.15214, 426.29, -564.123
2.515, -458.2, -807.736
6.0491, -892.306, -177.925
3.40448, -508.901, 853.421
5.76029, 767.643, -342.753
4.42907, 389.572, -702.731
3.23766, -2.36447, -234.18
5.45054, 633.43, 166.931
3.24076, 151.638, 895.833
3.2091, -175.543, 946.742
4.94257, -479.844, 116.798
3.13015, 863.504, -46.2079
5.64635, -344.118, -581.497
5.60817, 287.113, -725.421
4.88216, -481.754, 570.23
2.64188, -535.618, -240.291
3.21011, -119.876, 790.393
3.15594, -188.375, 869.413
3.31099, -843.125, 747.493
3.76529, -262.811, -828.635
4.77654, 537.172, -744.548
6.54472, -90.252, -294.764
3.57624, 298.493, 835.182
3.75063, 812.338, 371.783
5.02978, -61.8257, 714.59
6.27922, 630.902, 124.309
5.66369, 848.141, -41.6425
5.9449, 605.557, -135.388
7.27207, 946.899, 451.102
5.18713, -379.729, 690.753
4.57014, -761.408, 28.8742
4.70019, 750.707, 166.165
6.07821, 725.147, 454.361
6.20858, 386.845, 581.622
5.12494, 762.943, -948.134
6.06711, -847.002, -78.6648
5.91025, 319.237, -22.7182
6.82941, 824.973, -589.451
3.19597, 69.9679, 752.307
3.57766, 934.982, -111.219
5.0733, -340.342, -138.252
4.83766, -104.656, 732.799
3.55759, -244.002, 602.431
5.65244, -681.612, 974.583
2.5044, -924.299, 196.1
4.09589, 443.018, 532.517
5.90281, 374.676, -108.162
6.0446, 659.766, -576.083
2.90869, -797.088, 642.109
3.56926, 265.121, 493.386
4.44412, -818.282, -564.869
4.44927, 930.413, 903.781
3.92018, 374.629, -458.778
4.6123, 542.665, 539.764
2.55658, -638.489, -421.064
3.72027, 913.91, -622.083
4.49072, -710.116, 647.168
6.64177, -655.345, 198.388
3.78584, 952.937, -698.515
3.59705, -768.631, -515.035
6.47385, 379.248, 265.599
5.8476, 487.122, 387.79
5.49108, -882.218, 281.33
5.99917, -371.443, -529.847
5.13062, 543.899, -744.13
4.14833, 201.143, 94.4025
3.30844, -719.427, 386.816
6.56633, 706.716, -22.7911
4.08004, 453.659, 139.262
4.05369, 37.0524, -748.952
4.65424, 30.4755, 144.223
4.46509, -216.975, -467.336
4.43916, -50.0798, -158.073
4.34871, -808.51, -456.447
5.88118, 338.83, -506.888
6.10384, 430.956, 29.4097
7.20082, -66.6113, 880.752
5.08573, -81.0907, -363
5.5282, -191.177, 319.432
5.85049, -683.815, 958.789
5.11404, 64.6666, -295.008
3.87105, -906.59, 608.564
7.08924, 107.573, 281.719
3.73367, 915.522, -430.062
4.77876, 365.852, 660.948
3.30374, -936.527, 650.214
4.68319, 400.407, 381.922
7.45767, 468.997, 185.816
6.26931, -429.812, 388.714
4.97846, -955.821, -644.038
7.01651, -660.593, -802.947
4.68213, 488.881, 541.342
5.09239, 161.809, -956.994
4.44866, 89.6918, -836.18
5.63431, -199.893, -574.342
5.19331, 395.39, 321.092
4.35955, 642.548, -427.485
2.54674, -348.399, 352.603
6.3794, 36.6158, -767.502
2.85317, -876.64, -571.741
3.98511, 430.938, -681.418
4.78581, -51.956, -859.009
3.25156, -98.7458, 35.9684
5.97819, 657.453, -431.672
4.15587, 370.665, 140.488
5.21197, 956.713, -855.851
2.64678, 713.889, -963.835
5.38086, -14.0923, -235.281
5.18133, 376.362, 462.028
7.36678, -762.443, -911.346
5.57063, -312.864, -597.275
5.26431, -714.836, 206.312
6.69051, -253.784, 871.538
3.75764, -515.939, 899.912
6.98957, 594.648, -122.722
5.97428, 492.892, -483.837
5.82752, -475.947, -88.356
3.06838, -596.896, -787.105
3.37987, -947.298, 99.7361
2.91253, -143.689, 171.371
6.68103, -233.018, 354.194
2.64818, 898.861, -737.835
6.34719, -22.8592, -822.232
4.29829, -501.243, 846.631
6.24626, 20.2303, 515.751
6.28385, 339.839, 331.6
3.60834, -531.57, -899.299
5.58305, 304.821, 150.313
3.66846, -554.142, -229.775
6.22052, -681.205, 285.119
5.80997, -879.444, -668.827
4.9209, 934.954, -772.266
2.58972, 833.914, 212.346
4.98291, 446.347, 177.121
5.09587, -67.5664, -857.567
4.71395, -851.207, 511.795
4.14528, -35.8861, 922.695
3.52671, 476.301, -101.953
7.19863, -229.46, -620.084
2.85168, -516.95, 901.647
3.30042, 43.4608, -708.387
6.70788, -763.025, 25.7518
4.13614, -154.91, -258.436
6.85942, 161.418, 423.885
5.99896, 660.669, 512.705
5.52801, 861.782, -209.423
4.77536, 70.8353, -225.686
2.91543, -478.272, -228.407
3.94883, -46.038, -130.388
6.51009, -583.16, -778.289
6.81821, 351.767, 33.5202
3.81831, 410.964, -502.509
4.79881, -824.643, -228.791
4.95672, 623.425, -516.138
5.82344, -464.438, -963.984
7.31738, -624.299, -178.317
7.23022, 579.007, -743.41
2.81902, 218.425, -648.147
5.04829, -435.903, -289.01
6.13222, 657.977, 666.686
5.65882, 579.406, -325.9
3.26658, -905.326, -908.027
5.09652, -848.411, 517.413
3.52281, -541.373, 834.318
6.03231, 404.917, -825.727
6.05786, -461.086, -52.9281
3.66304, -550.07, -244.916
6.80594, -35.9687, -124.985
2.67122, -99.7583, 924.992
6.26587, -923.627, 74.3711
4.14789, 634.518, 131.551
4.65309, 59.7434, -520.353
7.33455, 926.367, -204.086
4.05803, 735.501, 681.569
5.69762, 943.092, -689.067
5.95386, 871.129, -57.7536
5.36403, 48.3384, 620.174
6.60667, 902.174, -707.362
4.21807, -888.158, -680.261
5.09387, -826.513, -724.311
6.78438, 118.79, -926.242
6.18587, 323.881, 70.8263
3.45992, -871.394, 360.599
2.83145, -307.139, 329.911
3.60828, 851.014, -710.315
3.33656, 160.348, -199.807
6.31172, 369.238, -900.116
5.44905, -833.402, 402.656
4.65223, 868.928, 860.375
7.09618, 647.714, 12.8304
5.09668, 449.118, 189.953
7.38058, -688.456, -34.7278
5.15714, -450.397, 136.181
2.98716, 336.748, 363.453
5.83983, 185.79, 108.101
5.44444, 143.706, -26.1331
5.01137, -673.183, -111.673
2.75808, -906.17, 440.816
2.6753, -329.214, 24.2187
4.41484, -802.657, -531.182
5.55555, 200.471, 102.498
5.06574, 543.251, 858.895
5.98498, 327.55, -20.5855
4.89891, -15.5922, -192.053
3.88323, 61.8388, 430.68
6.01685, -435.661, 198.783
3.67701, 857.589, 30.969
6.41501, 153.504, -167.587
6.60589, 345.682, 814.473
3.21842, -498.076, 45.1206
5.75757, -495.044, 782.778
3.87677, 855.712, -959.516
7.26215, -403.667, 702.924
4.58238, -738.89, 17.1588
3.03869, -124.825, 392.817
4.70633, -783.494, 528.17
6.28811, -417.939, -280.646
2.77803, -340.284, -300.897
3.51241, -18.4515, 135.202
6.82305, 904.607, -736.097
6.52456, -248.19, 14.1755
2.78861, -669.834, -656.399
4.40304, -68.843, -712.85
4.56124, -104.878, 738.461
2.80071, -370.17, 302.446
7.09746, 799.93, 654.962
3.35398, 534.29, 805.89
6.51634, -920.3, 191.639
3.88599, 728.8, 51.9937
4.44586, 166.16, 736.469
7.19936, 69.7553, 619.658
6.24573, 185.641, -198.824
3.44774, -332.885, 749.784
6.89581, 425.089, 478.241
6.8953, 401.813, -817.799
3.30515, -782.898, -253.388
5.87346, -789.194, -167.144
6.89096, 631.585, 145.903
6.98262, 239.086, 507.17
3.06535, -11.0634, 741.253
5.93789, -214.972, -230.196
3.21651, -768.844, -787.615
3.6901, 401.54, -41.8497
5.64383, 913.881, -214.198
4.312, 811.416, 373.74
4.64437, 582.999, 716.552
4.91936, -14.04, -831.641
6.20379, 5.36236, -110.734
3.23098, -364.858, 852.805
7.36238, -817.748, -751.028
7.3158, -515.042, -204.179
3.14741, -585.652, 652.8
5.3784, -291.728, -603.834
4.66439, 164.052, -147.421
5.50066, -222.695, -230.474
5.85098, -677.576, -98.831
4.5137, 398.806, 969.826
6.46691, 653.059, 668.237
4.89889, -949.885, -245.603
5.72449, 298.221, 278.144
4.28836, -262.666, 607.543
5.96794, -324.1, -219.251
5.83428, -415.497, -673.214
3.22071, -419.293, 709.238
7.10415, -934.923, 202.278
4.22228, 29.4795, -236.31
6.66824, -395.884, -466.826
2.74349, 289.702, -724.971
3.27936, -242.53, -51.4254
2.55765, 325.596, 488.233
3.94327, 115.421, 582.776
5.07295, -342.465, -165.299
3.65948, 674.315, 434.145
2.75022, -256.49, -79.2367
5.33091, -599.918, -809.05
6.69774, -146.551, 646.148
4.28763, -625.188, -452.222
4.3452, 175.932, 846.545
7.22226, 260.15, -70.111
4.72425, -877.393, -170.468
6.82086, 475.819, 158.44
5.82654, -780.101, -725.303
5.79297, 169.568, 655.947
7.10736, -946.672, 948.518
5.11536, 954.327, -629.895
5.45229, 442.269, -441.374
5.79944, 663.319, 655.448
4.24765, 271.365, 462.662
4.11714, 351.294, 37.4047
7.08984, -109.834, 719.636
3.08619, 923.397, -447.877
7.31268, 635.348, -140.384
5.17978, 61.0037, -304.802
5.81447, 815.621, 627.522
5.48362, 889.093, -497.226
6.93363, -507.169, -730.944
6.67999, -664.053, -599.32
6.69339, 248.713, 193.006
6.85642, -177.005, 314.965
2.5002, -771.067, 336.926
4.77274, 266.936, 339.062
4.25696, -919.004, 190.515
5.80713, -254.84, 699.806
6.22234, -884.002, 155.377
3.3821, -134.951, -481.568
7.4621, 795.823, -787.626
5.95466, -923.968, 195.996
6.97862, 149.964, -11.1201
3.51579, 357.257, -115.032
7.2356, -476.492, -29.6762
4.88476, 871.86, -497.082
6.78578, 931.111, -753.432
6.41237, -944.162, -562.798
5.70687, 892.141, -899.083
3.14521, -714.314, 160.387
5.77944, 7.53893, 656.658
3.09199, 55.1172, 3.51955
3.88793, 318.588, 788.851
6.65548, -228.666, -243.881
6.14153, -745.369, -508.762
6.74348, -600.834, 293.109
3.43989, -759.833, -886.845
6.09602, 554.963, -297.938
4.25586, 144.277, 310.092
3.34555, -420.065, -707.432
4.52383, 321.824, -506.741
4.20924, 163.066, 752.231
6.67141, 347.595, -141.479
3.9111, 698.012, 586.455
5.16766, -649.838, -461.622
6.25085, 961.946, -849.02
4.62554, -658.996, -753.672
4.66964, -541.013, 560.329
3.03022, 850.225, -920.616
6.4639, -43.1197, -456.405
3.91232, -585.663, -471.477
7.14264, -564.406, -235.022
5.37926, 257.004, 519.594
3.4895, 828.998, -298.979
5.99081, 563.102, -737.021
3.07265, 490.257, -926.086
4.22945, 280.496, 760.838
4.15646, -569.164, -234.154
6.42735, 826.683, -942.317
6.65775, 458.015, -211.287
4.21712, -732.466, 749.822
4.2603, -276.675, 910.653
6.38197, 136.282, -777.287
6.58658, -4.90079, 685.036
4.26157, -144.123, 287.351
7.09559, -406.884, -294.406
3.2877, 531.334, 245.794
5.56029, -484.463, 574.365
5.54222, -419.323, 709.452
3.16647, -245.668, -726.148
3.51409, -727.896, -493.442
4.79457, -850.502, 512.801
3.48759, -472.94, 913.068
6.77118, -849.343, 383.02
6.54562, -762.906, -662.012
2.80131, -888.112, 865.959
6.50584, -715.436, 637.067
5.49597, -181.492, -532.069
7.43182, -880.775, 274.513
2.65919, -133.956, 676.206
6.8356, 910.543, -734.996
3.69109, 639.047, 312.66
3.6127, 170.639, 423.609
4.73907, -912.97, -565.992
2.61231, 852.219, -174.302
6.79755, -275.15, -7.0913
4.15902, 222.03, 564.81
5.72195, 310.442, 288.303
7.43521, -923.433, -493.74
5.30162, 284.837, -577.306
4.74553, -755.769, -247.278
5.213, 129.431, -734.928
2.90797, 783.81, -37.5625
3.99606, -812.732, -264.033
6.63964, 796.291, 626.739
6.48936, 616.533, 907.164
5.71048, -109.953, 681.094
4.84105, 623.545, 373.388
7.15326, -212.285, -574.357
5.08798, -243.521, -55.1096
7.42924, 789.539, -498.38
5.94567, -59.0901, -693.053
6.19966, -170.309, -467.616
3.46323, -396.397, -910.055
6.08881, -462.802, 602.819
6.11146, 571.043, -164.962
6.49298, 273.453, 150.318
4.23216, 252.972, -973.137
5.1481, -20.0476, -92.4931
3.19001, 723.87, -340.254
6.73218, -243.736, -255.811
6.32766, -55.2322, -858.702
7.5, 906.242, -445.97
4.24891, 470.305, 958.505
5.50367, -600.321, 571.369
3.50808, -492.984, 70.9859
6.2385, 37.9764, 158.808
6.49225, 949.01, 218.51
3.03505, -700.095, 107.011
5.35813, -512.591, 45.7639
2.84683, 360.431, -350.334
4.16036, 703.206, 684.93
5.80945, 474.431, -698.36
5.27726, 149.992, -182.263
7.12415, 228.163, -10.933
2.69832, -472.602, 214.787
2.62083, -298.687, 227.76
4.61923, 223.68, -647.484
4.36987, 463.353, 125.814
2.93303, -241.706, -224.604
3.05403, -150.425, 169.204
5.31992, 357.576, -342.166
7.37269, 32.55, 727.265
3.05066, -49.9451, -860.843
5.99352, 99.5827, 953.016
2.79674, -57.5677, -711.953
4.69755, 832.123, -93.0985
5.24651, 972.477, 707.39
3.45129, 679.937, -739.49
7.36597, 331.642, 317.561
3.19593, -680.007, -75.2517
5.48978, 896.253, -428.748
7.12812, -860.642, 702.352
3.91116, -75.4455, 872.734
6.8307, -164.766, -91.0918
6.29598, -198.282, -587.191
6.10793, 354.781, 603.415
3.34241, -359.902, 359.481
3.32882, 789.107, 358.635
3.39076, -647.621, -965.868
5.87226, 324.991, -585.993
4.83484, -333.417, 29.5586
6.85219, -795.53, -356.584
5.76023, -678.055, -112.883
5.80464, 740.546, 855.128
2.58037, -653.878, -584.027
4.30596, -757.018, -680.004
3.72747, 907.122, 91.28
6.93086, -909.189, -926.39
5.23701, 814.519, 777.215
6.57209, -48.0266, -630.836
5.24453, 162.202, 857.304
4.16156, 497.898, -46.5485
4.40213, 9.09749, -651.185
2.52389, 910.812, 639.135
6.95226, -87.0284, -398.532
6.16955, -478.973, 674.389
6.04239, -157.144, 643.451
5.1278, 76.0544, -180.187
6.41065, -178.404, -797.512
3.42484, -409.909, -454.937
5.72673, 263.53, 483.469
3.42178, -666.476, -310.24
3.31214, 28.127, -113.099
2.65594, -182.704, 840.959
7.42716, 133.299, -669.876
4.04559, -320.15, -695.941
4.11075, -658.791, -297.807
5.51155, 283.117, -214.189
2.89107, -326.213, -904.882
3.93936, 0.912504, 63.7901
5.79307, -146.829, -490.88
7.36348, -956.171, -352.881
7.27758, -362.44, -776.835
7.42745, -667.807, -302.597
7.30478, -889.871, -719.421
3.0073, -546.193, 533.07
3.71505, -150.041, -488.901
6.91151, 111.192, -414.413
5.28805, 338.072, 675.195
6.7669, 792.107, 520.421
7.49145, -525.516, 540.726
3.99751, -246.792, -482.802
6.33157, 951.474, 446.403
4.81901, 292.964, -162.662
6.8168, -638.957, -772.121
6.99018, 847.959, -14.9229
7.377, 254.911, -402.549
2.77405, 635.574, 121.068
6.32605, 909.748, -632.767
5.09219, -917.391, 735.747
3.46574, 937.824, -216.7
6.98252, 220.74, -555.552
6.38492, -840.636, 96.7228
2.75968, 406.15, 532.677
7.47331, -826.884, 742.724
5.93659, -45.3249, -445.311
5.94854, 876.124, 495.639
6.57666, -654.813, 810.244
7.05426, -56.6863, -458.945
3.34218, -201.412, 381.295
5.24183, -590.584, 794.485
6.53351, -505.282, -269.845
4.17803, 334.918, -540.162
5.53435, -97.8444, 24.8005
6.59602, -912.242, 335.209
7.3485, 71.9322, -249.22
6.29349, 564.614, 501.315
3.72113, -132.559, -100.44
5.80589, -570.897, 391.676
4.21574, -459.694, -196.596
7.27146, 367.51, -387.756
2.60828, 793.79, 548.27
4.54979, -885.671, 929.156
2.55789, 576.221, -676.738
3.04964, 842.21, 199.393
5.28259, -813.19, 102.019
4.45466, -11.9307, -226.161
7.20539, 116.647, -183.949
2.55572, 180.905, 369.487
6.22897, -201.284, -452.113
3.84293, 141.831, 120.442
4.27153, -665.291, -747.835
3.45835, -435.66, 636.527
5.14832, 292.662, -146.094
4.39478, -47.5781, -875.783
3.16407, -8.75424, -818.245
4.26563, -149.42, -539.599
4.2497, 779.263, 965.575
7.41084, 644.502, -147.014
5.25961, 137.29, -374.104
4.99918, 28.3771, -719.587
3.58531, -831.82, 431.388
4.37311, -251.616, -628.383
6.78251, -653.214, -456.421
6.45578, 794.152, -534.266
3.9204, -520.189, 901.408
5.07645, 436.084, 114.558
6.79238, -254.973, 3.64104
7.07844, -894.122, -178.365
7.48941, 130.642, 892.123
6.53177, 149.804, -174.199
5.22718, -906.452, -185.01
7.3461, 156.667, -710.093
5.31931, -580.94, 363.43
4.03031, -442.901, 637.444
5.41853, 926.45, 916.498
2.91197, 62.8834, -305.126
5.47382, 356.31, 601.665
3.31968, -582.11, -588.046
6.46527, -632.876, -431.004
2.95373, 593.615, 702.076
6.3072, -496.714, -679.488
6.83996, -271.628, 13.9415
6.40105, 173.307, -334.487
6.61399, 909.509, 928.884
6.70974, 369.539, 546.128
4.48328, 459.842, 256.459
6.508, -149.515, 169.874
6.56811, 373.373, -40.2168
5.43493, -404.425, 94.8545
4.64621, 776.462, -33.3831
2.5002, -33.4695, -448.084
5.31153, -804.504, 324.209
6.22632, 359.562, 333.417
3.89846, 936.044, 279.461
2.93406, -957.479, 559.67
3.5733, 853.356, -872.183
3.93296, -477.995, 574.425
4.86595, -382.239, 458.146
6.95893, 839.329, 820.413
5.91955, 522.424, -502.348
3.54376, -26.3953, -92.1082
6.67533, 780.944, 2.39673
7.09218, 906.906, 886.865
4.48244, -486.412, -684.827
6.37858, 545.93, 523.754
5.68161, -140.974, -96.7468
6.64746, 483.074, 258.761
3.40204, 539.586, -476.97
7.45927, 567.375, -722.16
6.70558, -153.362, -828.012
4.65177, 874.421, 254.736
4.38589, 594.749, 867.99
2.70802, 632.524, -499.857
6.80715, -753.516, -510.112
6.62116, 909.747, -879.53
6.25052, 29.4877, 726.363
3.55801, -167.855, 957.664
4.31029, -783.808, -185.51
4.43545, -583.442, -754.902
7.32918, 787.134, 634.11
6.5872, -139.933, 664.755
4.5755, -75.5296, 442.713
5.83759, 191.748, 160.948
2.52101, 471.046, 935.603
6.98048, -723.136, 226.123
3.68416, -352.198, 354.614
3.79415, 350.937, -108.65
5.4939, 388.234, -706.121
6.89823, -818.408, 361.443
6.16299, -564.9, -581.179
6.0773, 878.329, 566.106
3.57724, -595.423, 482.617
6.30413, 683.636, -946.97
3.85351, -183.903, -529.159
2.75246, 645.947, 321.363
4.78866, 292.314, 255.997
2.58759, 433.358, -757.672
3.01129, 63.2593, -192.936
2.639, -143.59, 286.755
5.65921, -353.152, -531.867
6.34425, 72.6906, -248.132
2.74132, 532.692, -825.354
6.6924, -29.4133, -629.548
6.76899, -253.3, -281.623
6.57649, -478.103, 581.266
6.85188, 788.868, 392.002
5.27222, -617.518, -142.305
6.12646, -266.058, 23.9186
3.20424, -475.761, 900.502
6.6115, 569.754, -514.475
5.51185, 712.217, -190.543
4.93856, 493.187, -899.819
6.14942, -267.525, 901.946
4.05164, 755.757, -661.62
3.93925, -701.179, 341.155
5.45857, -922.611, 769.22
5.34055, 625.024, 848.103
5.41059, -928.313, -559.164
2.84132, -674.846, 291.82
4.34304, 145.774, -357.743
6.28475, -937.494, -553.96
6.35297, -450.548, -856.081
4.27217, -393.202, -264.1
5.98913, 224.353, 910.799
5.08005, -660.383, -297.992
5.94494, 361.909, 149.552
6.18066, -80.867, 621.281
2.56231, -334.207, -660.779
7.16549, 640.548, -148.67
5.37826, 118.502, 121.758
3.05587, 503.401, 992.935
4.87388, -107.684, 29.3837
3.24247, 215.493, 110.288
4.22594, 43.9106, 434.498
7.04476, -902.519, 142.326
4.54571, 6.79366, 533.093
5.96642, -679.946, -77.3062
3.35865, 368.537, -883.928
6.21715, 866.27, -491.127
4.16319, -424.884, 662.099
4.62157, 648.059, 327.491
2.79523, -159.875, -77.755
5.09005, 281.766, -214.939
5.94425, 461.528, -572.198
5.01149, -276.791, -4.49173
6.56617, -174.875, -739.151
3.07974, 90.856, -914.302
5.24841, 291.682, 458.835
5.06046, 381.803, 19.011
6.02649, 949.068, 453.429
5.65083, -251.583, 873.627
4.0207, -38.1063, -645.986
6.74719, 403.86, 352.257
3.39619, 631.147, -33.679
2.61737, -513.875, -98.1072
4.19467, 698.539, 40.5936
3.43818, 350.08, -101.253
6.60467, -288.614, 160.313
6.72507, -909.71, -173.166
6.78031, 843.581, -703.24
7.37454, -936.019, 645.025
2.99587, 439.659, -440.887
2.56182, 566.028, 643.202
2.58614, 217.832, 569.707
2.64527, 234.355, 103.716
4.1031, 144.657, -351.996
6.17815, 616.908, 296.096
3.14876, 315.519, 481.11
2.5161, -373.203, 493.649
6.91905, 149.609, -790.411
3.70482, 210.71, -548.371
4.38481, -804.062, 773.916
4.44879, 656.967, 152.647
2.81534, 604.217, 289.995
7.30792, 187.509, 916.508
3.75349, 714.04, -350.254
6.85376, -670.657, -67.3211
2.85991, -899.526, 398.703
2.70653, -595.236, 569.139
3.46378, 328.293, -515.332
3.86708, -303.07, 304.112
7.4007, -941.615, -359.916
3.60607, 339.066, -540.851
6.43119, -868.428, 841.113
4.42306, 282.714, -412.418
3.78593, 466.749, -630.128
3.91087, -911.654, 55.2032
7.33834, 884.271, -61.7048
4.22841, 728.708, 152.124
3.45922, -953.42, 730.272
5.05037, -546.61, -369.782
5.21857, -544.707, 619.207
5.72333, -661.322, -592.048
3.89738, 15.1182, 785.099
3.41887, -300.015, -698.127
2.71579, -821.738, 354.758
3.98408, -483.291, -248.622
4.25548, -230.117, 134.516
7.09372, -407.849, 696.597
5.81225, 493.577, -353.6
5.08041, 855.118, 577.82
4.03763, 594.224, 568.018
3.0007, -339.232, 147.823
3.47502, 370.471, -882.847
4.11407, 42.5986, -107.655
5.56182, 928.243, 89.9839
5.13511, 945.799, -964.783
3.45653, 292.282, 266.881
4.7178, -636.383, -458.355
4.48693, -686.559, 827.001
6.28051, -595.963, 745.039
6.6213, 729.436, 602.817
5.51573, 147.552, -368.223
3.04573, 594.683, -803.986
4.11797, 475.708, -165.002
5.03403, 16.4, 311.347
4.76521, -668.297, 792.315
4.77315, -174.376, -456.964
4.91125, 921.322, 902.31
5.07896, 364.065, -648.902
4.50207, 186.656, 803.152
4.22945, 958.539, 452.043
6.64533, 914.07, -215.703
3.02204, -712.377, -772.936
6.40057, 550.999, 535.426
3.19919, -293.864, -234.963
2.62171, -793.191, -542.538
6.0664, 397.303, -714.773
7.15538, 134.782, -807.752
7.47667, 212.261, 171.569
3.86264, -874.799, 154.139
3.6923, -511.538, -232.902
3.87328, 935.21, 611.986
5.70836, -891.986, -734.951
5.17637, 300.385, 128.673
6.8967, 803.78, -291.893
6.75968, -645.319, -806.186
2.98004, 850.592, -75.5918
4.66818, -730.68, 241.389
3.17045, -186.079, -740.345
5.86802, -171.676, 314.543
5.34964, -32.8856, -443.971
3.66474, -574.9, 575.595
5.50306, 259.335, -672.05
2.6551, -778.761, -19.8215
7.08512, 552.501, -291.195
3.82958, 855.383, -183.022
6.50016, -173.757, -519.165
5.46389, 133.717, -733.501
5.0822, 320.151, 627.707
5.2567, 353.743, 606.058
3.47225, 474.522, -233.135
5.36152, 161.405, -714.929
3.81992, 191.494, 391.644
4.41648, -772.817, 533.024
2.73626, -749.811, -889.471
4.22823, 573.956, -674.769
3.61594, 638.104, -432.03
3.81264, 19.1728, -714.301
3.05141, -418.824, -419.142
7.40088, -694.703, 0.479553
5.93794, 790.586, 634.742
5.82158, -546.226, -373.547
5.99501, -587.2, -669.846
2.68746, -816.078, -748.864
3.6706, -640.333, -751.086
3.95397, 736.81, 679.789
3.50543, 24.3201, -234.489
2.7177, 328.599, 314.561
2.56571, -539.669, 548.282
6.07297, -511.648, 765.335
6.88348, -856.296, -599.259
5.35088, -879.099, 312.962
6.92743, 854.581, 833.005
5.20042, -362.34, -273.369
3.31357, 906.282, -620.477
3.30492, 962.039, 441.229
7.19182, 295.081, 257.917
3.45628, 535.613, -826.195
3.15761, -5.59512, -121.526
4.41122, -256.072, 16.4666
6.12674, 268.425, -233.57
2.50651, 543.923, 857.406
4.60222, 14.7025, 722.21
5.18984, 268.354, -234.309
4.86596, -233.511, 241.003
6.33003, 549.043, 852.425
2.9396, 548.976, -455.122
7.04284, 151.128, 326.637
3.20818, -843.444, -403.505
2.54782, 382.553, -41.5758
2.82267, 256.988, 523.016
4.96742, 377.078, 220.698
5.40914, 522.745, 967.233
4.03373, -928.417, 540.914
4.57091, 863.336, -44.1186
4.33401, -596.972, -662.281
3.42687, 165.134, 655.424
2.76788, 585.053, 194.425
4.47222, 522.675, -61.5612
3.98388, -347.503, -126.082
5.05388, -391.244, 811.573
3.75392, -734.068, 232.347
5.01589, 918.974, 908.543
2.51168, 11.2209, 767.245
7.01807, 960.464, -443.6
2.79181, -923.349, -931.235
5.17506, -632.113, 791.971
3.95754, -387.699, 840.117
7.3023, -793.215, -255.828
4.73406, 336.772, -107.68
5.08479, 868.339, 173.839
5.93861, -258.075, 8.99744
2.72187, -159.231, 64.6714
7.2946, -786.42, 598.505
5.70852, 376.138, 143.971
2.80215, 599.881, -758.977
3.33964, 63.7998, 264.704
5.76491, 485.918, -228.747
6.19864, -770.277, 331.3
3.57011, 842.607, 206.577
4.31441, 144.632, -830.855
6.56981, -645.072, 919.036
5.32057, 811.181, -459.638
7.45886, -54.0346, -852.912
6.5669, -762.613, 378.24
3.49157, -969.499, -19.9722
2.50003, -129.731, -813.4
4.62608, 904.403, -733.691
4.07406, 866.183, 232.649
5.56218, 602.067, -915.336
3.83351, -176.303, -529.751
4.39881, -592.074, -68.9272
5.43397, 921.08, 285.741
5.95636, -125.454, -458.271
7.26736, -440.655, -559.474
4.89785, -294.722, -929.3
3.60319, 407.921, -702.144
5.33741, -702.238, -465.152
6.09873, 386.77, 353.453
4.4953, -478.905, 581.843
3.48326, -680.922, 954.542
6.66971, -667.984, -750.47
5.59561, -450.602, -856.674
7.26866, -277.941, 184.994
3.23222, -11.4225, -223.437
5.38953, 25.4893, -449.034
7.26796, -423.318, 709.098
3.62331, 714.255, -958.663
7.25137, -488.029, 794.811
3.07874, 800.02, -503.434
2.58372, 18.8915, -228.098
3.90465, -343.329, -165.366
7.15042, 621.97, 167.441
3.04796, 774.684, 871.989
6.77266, 10.2282, 786.085
5.68532, -712.425, -721.784
5.63853, 385.949, -702.212
3.80589, 725.809, 699.215
5.13936, -952.899, 215.575
7.16608, -249.386, 878.574
3.98055, 903.454, 120.01
4.78006, 180.957, 412.909
6.35659, -655.443, -598.073
4.17193, 132.945, 117.177
6.31775, -42.282, -886.695
6.65892, -31.3973, 932.473
2.64618, -723.229, 562.985
4.31315, 704.655, -262.246
4.16221, 257.593, 479.665
3.17675, -494.292, -241.164
3.00839, -298.739, 619.406
5.11327, -595.08, 792.188
3.52046, 31.2124, -517.82
5.00728, -855.671, -600.648
5.1371, -16.5778, 954.945
4.13422, -260.512, -301.137
4.75888, 232.038, -424.245
6.85263, -17.0276, 929.8
4.72884, 619.406, 844.839
6.03726, -453.488, -882.582
6.83171, 885.804, -688.974
6.5822, 821.557, 194.304
2.67504, 850.178, 845.58
3.8644, -635.656, -245.671
5.21858, -416.615, -426.37
3.19942, -909.569, -565.421
5.57408, -751.989, -884.69
3.29182, -610.017, -630.12
4.41129, 104.295, 217.491
5.94997, -96.4596, 185.512
3.21128, -411.301, 482.076
5.65284, -784.046, 771.091
3.15973, 169.546, 932.315
7.13583, -718.766, 219.317
5.53465, -929.857, 789.557
5.50388, -909.21, 376.843
3.33635, 577.332, -516.944
3.301, -846.691, -400.769
5.91628, 595.289, -21.2353
5.1456, -684.838, -3.40529
3.65264, -138.358, 760.752
6.55373, -497.91, -55.6518
5.76477, -414.573, -550.584
4.08597, -590.425, -588.404
2.53953, -255.498, -800.112
3.49176, 716.991, 718.289
3.78831, 0.98853, 376.869
3.03825, 863.493, 46.2449
3.49545, 106.488, -414.292
6.75079, 803.435, -766.879
6.63912, -926.005, 197.186
6.76813, -939.426, -544.877
5.71027, 299.765, 773.917
3.6787, 718.609, -963.451
6.80638, -503.218, -788.328
5.4745, 28.4809, -116.942
2.52745, 507.768, -54.9993
6.84925, -649.727, -460.593
7.37729, 634.377, 111.827
5.59653, 367.053, 22.9214
3.85574, -910.819, 347.642
7.46973, -173.721, -606.079
4.60751, -695.382, -516.821
4.20537, -786.603, -607.783
4.80717, 348.503, -119.439
4.44822, 254.979, -397.139
4.613, -34.9843, 511.785
2.84879, 126.784, 299.852
5.5153, -33.2828, -113.013
7.36114, -50.1872, 219.597
5.07406, -707.916, -513.011
7.45461, 930.44, -134.621
5.84906, 590.383, -128.695
4.01716, -601.887, 63.959
3.47371, 859.777, 574.471
4.0109, -723.224, -911.617
4.93946, -340.192, 455.583
4.72438, 517.448, 955.089
5.7844, 329.181, -913.736
3.74227, -755.257, -681.108
4.72007, 51.7211, 548.466
5.75894, -694.859, 24.0985
6.67472, -728.601, 215.198
6.03698, 191.775, 810.059
4.93928, -851.499, -635.222
6.72039, 393.692, -226.036
7.00296, -506.448, -196.772
6.33082, -660.255, -505.897
5.29453, 643.629, 874.581
2.70603, -3.18904, 67.9386
5.46749, 557.013, 71.0738
2.68674, -646.913, 804.203
4.53488, 57.5254, 431.81
2.84243, -954.985, -871.506
7.38558, -751.296, -899.015
2.5956, -484.376, -258.737
6.60363, -165.163, -268.766
5.2195, -381.561, 849.582
5.72828, 772.97, -338.417
3.62934, -246.78, 0.691695
2.733, 861.535, -714.895
3.63154, 199.776, -535.781
4.58371, -634.09, 131.874
6.40126, 260.105, -620.914
3.72852, -922.433, 375.218
4.81411, 623.408, 141.099
6.14756, 926.723, 295.176
5.35237, -334.246, 803.092
5.45997, 905.473, 917.001
4.98425, -906.354, 276.55
3.951, 463.083, 125.308
4.71107, -0.752363, -234.038
2.53669, 841.608, -401.128
7.41683, 494.586, -353.892
2.52822, -774.192, -190.785
4.8676, -120.885, 750.864
5.86497, -318.69, -126.786
