6.27803, -2018.59, 1065.94
3.5948, 183.486, 1308.38
5.89648, 859.23, -320.538
5.09708, 137.726, 241.494
2.76731, 3471.95, -3637.11
2.53849, -821.484, 870.076
4.58743, 4896.93, 2871.79
7.15218, 178.828, 119.349
2.95982, -443.36, 771.31
6.00595, 672.24, 442.431
3.81226, -12.0026, -72.4635
4.14117, 154.079, -240.678
7.45519, -226.13, -93.4997
7.41275, 147.106, -139.064
5.75759, 825.222, 155.783
6.92354, 170.285, -68.327
6.33247, 0.578313, -178.372
3.87453, -1573.05, -395.676
4.93259, -903.835, -703.477
2.80282, -4380.66, 954.574
5.08146, 270.924, 55.2871
4.96988, -3123.71, 1088.14
7.23882, -82.1199, 202.106
4.42071, 19.315, 58.2799
5.14874, -2479.25, 709.881
2.75042, -308.374, 3174.74
6.63909, -294.783, -22.6053
5.94228, -615.064, -329.341
6.18112, -332.32, -188.035
6.94286, -2436.66, -2261.64
4.25508, -72.2787, 436.439
6.72991, 155.05, 79.677
3.84659, -294.57, -326.723
4.83959, 153.023, -177.193
3.2686, -149.056, 88.0065
2.66527, 307.231, 457.303
7.2768, -1260.87, -884.042
6.95369, 136.19, -461.36
3.29884, -1065.46, 181.602
3.15214, -322.907, -13.3672
2.515, 2026.72, -316.253
6.0491, -28.8078, -353.291
3.40448, 1247.34, 159.943
5.76029, 252.841, -143.018
4.42907, 517.434, 383.229
3.23766, 1011.43, 1292.22
5.45054, 78.6414, -128.848
3.24076, 1973.86, -984.802
3.2091, -1670.77, -1085.68
4.94257, 520.395, 167.444
3.13015, -811.775, -314.939
5.64635, -532.142, 204.917
5.60817, 100.298, -237.678
4.88216, 2213.99, -3063.77
2.64188, 568.368, 726.588
3.21011, 2727.06, -484.473
3.15594, 71.9028, -124.567
3.31099, 1130.58, -1696.84
3.76529, -698.351, 101.881
4.77654, -3104.29, 1639.6
6.54472, 199.449, 304.307
3.57624, -5.92263, -250.337
3.75063, 329.177, -37.4762
5.02978, -246.673, -587.893
6.27922, 48.6288, 65.6849
5.66369, -1035.92, -2281.34
5.9449, -1763.85, -1182.4
7.27207, -371.812, -15.3039
5.18713, 3119.95, -1590.22
4.57014, 74.4811, -425.138
4.70019, -217.38, -345.725
6.07821, -1334.62, -1530.54
6.20858, -1695.16, -1449.9
5.12494, -2177.19, 1840.44
6.06711, -3.62778, 43.8529
5.91025, 28.1418, 179.128
6.82941, 1527.8, -1156.36
3.19597, 790.322, 1240.47
3.57766, -255.48, -20.5837
5.0733, 533.331, 1113.26
4.83766, 44.1484, -216.354
3.55759, 2262.4, -2341.99
5.65244, 565.446, -364.603
2.5044, 1838.99, -2624.49
4.09589, -416.356, -2188.5
5.90281, 3.24871, -6.80045
6.0446, 247.856, -149.406
2.90869, 546.283, 416.245
3.56926, -749.128, -163.011
4.44412, 421.722, -165.585
4.44927, -2630.11, -939.454
3.92018, -37.6893, -307.385
4.6123, 121.12, 55.3187
2.55658, -562.283, 13.579
3.72027, -3278.84, 1749.83
4.49072, -1134.9, -2417.21
6.64177, -461.012, -253.688
3.78584, -427.204, 688.41
3.59705, -1157.44, -64.9092
6.47385, 171.076, -48.8838
5.8476, -526.841, 179.516
5.49108, 323.064, -271.117
5.99917, 1870.37, 1092.95
5.13062, 154.486, -34.8658
4.14833, 162.014, 349.818
3.30844, 3374.51, 571.413
6.56633, 130.309, 65.962
4.08004, 581.137, 516.355
4.05369, -445.535, 110.462
4.65424, 142.605, -44.973
4.46509, -229.714, 308.977
4.43916, -101.245, 131.028
4.34871, -134.486, 675.479
5.88118, 106.673, -55.9598
6.10384, 719.244, -184.136
7.20082, -1722.02, 469.387
5.08573, 175.364, 69.7857
5.5282, 668.439, 437.106
5.85049, 1131.13, -1692.4
5.11404, 141.413, -193.05
3.87105, 361.145, -619.082
7.08924, 171.074, -48.1359
3.73367, -130.92, -23.276
4.77876, 111.576, 894.297
3.30374, 253.996, 14.0983
4.68319, 151.532, -101.034
7.45767, 253.753, 157.002
6.26931, 2237.26, -2394.72
4.97846, 156.591, 195.84
7.01651, 159.498, -111.222
4.68213, -690.579, 16.0892
5.09239, 1489.62, -1275.73
4.44866, -1298.21, -1932.12
5.63431, 334.342, 61.8203
5.19331, 118.958, 75.8583
4.35955, -176.224, 465.673
2.54674, -87.2873, 357.411
6.3794, 21.4149, -198.75
2.85317, -228.529, -276.961
3.98511, 133.3, 581.707
4.78581, 2.92247, -215.264
3.25156, 147.681, 75.1883
5.97819, 82.7706, 45.1554
4.15587, -190.128, -267.078
5.21197, -1992.05, 3496.23
2.64678, -2239.22, -1124.77
5.38086, 251.609, -137.235
5.18133, 64.1465, -223.702
7.36678, -628.196, 198.702
5.57063, 104.004, -9.07434
5.26431, 1631.7, -2674.02
6.69051, 990.831, 348.057
3.75764, 39.5089, -100.56
6.98957, 31.4421, -219.254
5.97428, -235.796, 126.412
5.82752, -63.8205, 1725.49
3.06838, 230.195, 32.5849
3.37987, -663.631, -768.952
2.91253, -822.725, 1491.16
6.68103, 119.313, 457.819
2.64818, -177.042, 2015.21
6.34719, 378.418, -151.121
4.29829, 253.207, -2305.23
6.24626, 860.641, -44.2711
6.28385, -14.3666, 74.6811
3.60834, 1948.5, -683.909
5.58305, 226.246, 95.5795
3.66846, -572.468, 103.855
6.22052, 50.6136, -2260.18
5.80997, -375.84, -646.589
4.9209, -2025.29, 3593.18
2.58972, 477.844, -241.241
4.98291, 53.3092, -304.147
5.09587, -65.5103, 129.107
4.71395, 714.838, 2147.11
4.14528, -1703.86, 747.104
3.52671, 102.913, -22.6126
7.19863, -165.485, 1265.31
2.85168, 1061.9, 1846.38
3.30042, 354.441, 16.1707
6.70788, 346.021, -746.77
4.13614, 133.816, -444.97
6.85942, 960.961, 265.764
5.99896, 136.665, 131.098
5.52801, 71.1355, 323.331
4.77536, 15.3679, 390.127
2.91543, 915.224, 706.951
3.94883, -2130.18, -857.175
6.51009, -26.249, 69.0856
6.81821, 287.889, 662.081
3.81831, -2897.43, 227.237
4.79881, -570.384, -134.09
4.95672, -63.3693, -190.777
5.82344, 1090.43, -1778.68
7.31738, 197.029, 102.13
7.23022, 454.216, 223.64
2.81902, 1200.82, -479.714
5.04829, -824.096, -316.816
6.13222, 34.226, 77.9222
5.65882, 50.5947, 77.7029
3.26658, -92.7756, 117.096
5.09652, 713.423, 2144.79
3.52281, 3524.75, -1155.24
6.03231, 70.9427, -33.9035
6.05786, -646.599, 3729.07
3.66304, 208.211, -582.439
6.80594, 324.692, 26.4318
2.67122, -904.07, -74.108
6.26587, -161.586, -115.997
4.14789, -254.019, -259.441
4.65309, 3127.75, -689.628
7.33455, 75.7601, -81.4306
4.05803, -1364.35, -1212.53
5.69762, -3675.99, 20.9677
5.95386, -43.5698, 61.2668
5.36403, 429.48, -404.175
6.60667, -1981.6, 3510.05
4.21807, -2294.26, 1021.17
5.09387, 240.902, -402.327
6.78438, 620.524, -257.744
6.18587, 708.246, 999.75
3.45992, -409.748, 150.282
2.83145, -15.1519, 89.1888
3.60828, -2702.2, 1692.49
3.33656, 219.362, 0.313646
6.31172, 141.011, 125.176
5.44905, 1026.11, -1563.98
4.65223, -3824.93, -374.968
7.09618, 1524.97, -250.769
5.09668, -300.661, -886.977
7.38058, 374.769, -120.063
5.15714, 134.875, -446.86
2.98716, -828.73, 1093
5.83983, -233.4, -347.039
5.44444, -525.858, 1894.62
5.01137, 457.328, 61.0931
2.75808, 905.302, 820.867
2.6753, 393.05, -461.918
4.41484, 330.199, 64.26
5.55555, -1648.89, -2044.15
5.06574, -3822.83, -367.962
5.98498, 176.521, -153.72
4.89891, -109.549, -0.0582728
3.88323, -3780.63, 73.6605
6.01685, -141.207, 2077.53
3.67701, 296.9, -44.8248
6.41501, 367.367, 43.8036
6.60589, 1245.1, 7.26219
3.21842, 2298.45, 2170.31
5.75757, 531.691, -301.074
3.87677, -199.752, -1013.72
7.26215, 1658.62, -989.242
4.58238, -25.1321, -7.71627
3.03869, -405.118, -335.07
4.70633, 136.776, 106.092
6.28811, 246.045, 168.3
2.77803, 663.092, 248.644
3.51241, 58.6846, 98.1141
6.82305, 234.632, 55.8244
6.52456, -211.588, 93.6818
2.78861, 434.5, 1569.85
4.40304, 192.788, -79.8627
4.56124, -283.067, -475.264
2.80071, 640.875, -14.8475
7.09746, -1049.94, -985.516
3.35398, -207.495, -109.069
6.51634, 294.135, -45.7274
3.88599, 669.644, -303.383
4.44586, 24.8941, 53.7138
7.19936, -1496.11, 451.743
6.24573, 72.8109, 2056.53
3.44774, 2385.51, -2633.61
6.89581, 335.029, -20.2229
6.8953, 196.391, -15.006
3.30515, -97.6175, -164.469
5.87346, 893.143, 255.701
6.89096, -2.22887, -114.274
6.98262, -635.391, 2502.44
3.06535, 166.858, 151.462
5.93789, -356.719, -450.373
3.21651, 579.474, 84.784
3.6901, 703.099, -129.468
5.64383, 1994.14, -1352.09
4.312, -56.7426, -354.598
4.64437, -1399.54, -1238.17
4.91936, 1199.27, -1298.97
6.20379, 84.4419, 473.596
3.23098, 162.901, -413.294
7.36238, 97.5478, 18.9654
7.3158, 233.118, 42.8554
3.14741, 1818, -1290.75
5.3784, 461.569, -7.04791
4.66439, 591.389, 5.80962
5.50066, 165.881, -188.912
5.85098, -61.5751, 226.813
4.5137, -2177.06, -701.453
6.46691, -1331.84, -1184.31
4.89889, -2291.85, 1346.36
5.72449, -730.618, 683.413
4.28836, 3559.82, -606.344
5.96794, 135.482, 254.896
5.83428, -310.102, -483.898
3.22071, 631.897, -368.706
7.10415, 270.528, -15.1708
4.22228, 880.553, 2641.05
6.66824, 53.2752, -44.6916
2.74349, 335.339, 298.152
3.27936, 914.207, -1355.37
2.55765, -57.4201, 23.3418
3.94327, 285.402, 61.4412
5.07295, 404.239, -243.549
3.65948, 609.55, -2466.19
2.75022, 261.242, 611.896
5.33091, 269.048, -46.3772
6.69774, -347.009, -71.187
4.28763, -155.213, -279.046
4.3452, -90.6481, -354.678
7.22226, -127.819, 33.8566
4.72425, -1403.7, 291.047
6.82086, -11.2942, 8.26089
5.82654, -76.0649, 546.503
5.79297, 82.5078, 274.523
7.10736, 1925.15, -1445.31
5.11536, -2175.86, 1844.58
5.45229, 191.159, -277.457
5.79944, -291.809, -1984.04
4.24765, -1395.25, 870.422
4.11714, 359.833, -458.147
7.08984, -103.667, -288.896
3.08619, -3102.18, 1070.68
7.31268, 436.322, 8.79756
5.17978, 126.966, 253.179
5.81447, 743.702, 191.55
5.48362, -3212.75, 1463.46
6.93363, -442.862, -898.764
6.67999, 7.36858, -232.878
6.69339, -80.6153, -220.952
6.85642, -95.4122, -181.126
2.5002, -21.5343, 1688.83
4.77274, -341.833, -1222.12
4.25696, 1592.6, 19.5963
5.80713, 3067.05, -2481.31
6.22234, 531.424, -319.692
3.3821, -721.853, -2832.42
7.4621, -1015.42, 1278.86
5.95466, -520.871, 141.965
6.97862, 65.9609, 120.502
3.51579, -1124.66, -276.44
7.2356, -285.977, 344.338
4.88476, -2986.53, 1572.22
6.78578, -2699.34, 1689.67
6.41237, 359.764, 321.925
5.70687, -2124.4, 2046.63
3.14521, 78.4485, 882.21
5.77944, -155.123, 70.7919
3.09199, 34.6091, 97.2868
3.88793, 2004.66, 410.126
6.65548, 272.126, 1934.99
6.14153, 2481.15, 3168.55
6.74348, 2758.54, -2057.14
3.43989, -729.81, -607.889
6.09602, 252.959, 201.266
4.25586, 42.6035, 481.881
3.34555, 315.355, 496.778
4.52383, -2903.97, 383.565
4.20924, 189.869, -58.3329
6.67141, 83.3699, 194.244
3.9111, -2195.47, -3558.51
5.16766, 2193.76, 1365.04
6.25085, 566.435, -984.159
4.62554, -75.9986, -41.6848
4.66964, 1360.11, -41.3023
3.03022, -2398.01, -1441.44
6.4639, -310.244, -170.097
3.91232, -38.2982, 283.067
7.14264, 2481.54, 3545.75
5.37926, 154.978, -258.757
3.4895, 590.136, -140.872
5.99081, -435.561, -315.362
3.07265, -670.115, -342.811
4.22945, 264.369, 793.116
4.15646, 74.0147, 196.538
6.42735, -3201.81, 1431.59
6.65775, -4.86193, -56.7245
4.21712, 979.418, -467.815
4.2603, -98.4088, -3.19745
6.38197, 235.721, 40.0012
6.58658, 690.674, -81.2987
4.26157, -111.633, 168.234
7.09559, 168.815, -59.8824
3.2877, 599.141, 557.919
5.56029, 929.323, -310.975
5.54222, 14.7634, 12.5474
3.16647, 1873.77, 2062.45
3.51409, 2262.24, 3171.23
4.79457, 306.565, -3.0254
3.48759, -703.791, 1110.76
6.77118, 24.7371, -158.582
6.54562, -414.287, -517.785
2.80131, 1576.94, -1272.78
6.50584, 1041.88, -2997.71
5.49597, 34.1105, 136.506
7.43182, 295.579, -111.198
2.65919, -999.751, 270.746
6.8356, -1999.77, 2430.5
3.69109, 242.037, -134.746
3.6127, 458.785, 364.881
4.73907, 3947.78, 1834.5
2.61231, -217.684, 75.3089
6.79755, 56.5452, 17.1034
4.15902, 432.71, -2828.47
5.72195, 476.855, -45.5641
7.43521, -460.801, -53.2681
5.30162, -12.2997, -87.8988
4.74553, -14.3388, 95.6053
5.213, -208.275, 80.3078
2.90797, -171.076, 94.7738
3.99606, 1331.43, 1856.21
6.63964, -2439.53, -482.321
6.48936, -2472.53, 957.773
5.71048, 121.953, -127.575
4.84105, 247.39, -225.578
7.15326, 553.831, 1633.2
5.08798, -473.418, 53.2851
7.42924, -2596.32, 1661.26
5.94567, 28.3629, -152.264
6.19966, 273.501, -60.9678
3.46323, 1181.5, 1039.14
6.08881, 1867.23, -1248.45
6.11146, 988.68, 487.924
6.49298, 279.995, -320.027
4.23216, -3048.97, 265.384
5.1481, -366.535, -200.986
3.19001, 957.705, -799.876
6.73218, 205.463, 22.0572
6.32766, -703.229, -388.286
7.5, -3178.51, 1449.62
4.24891, -4380.66, -1509.26
5.50367, 1108.31, 23.1335
3.50808, -236.099, 2334.29
6.2385, -2261.39, 361.915
6.49225, -174.253, -310.061
3.03505, -25.6065, -598.571
5.35813, 168.307, 15.5837
2.84683, -3195.17, 1107.2
4.16036, 140.316, -7.34095
5.80945, 212.801, 33.4156
5.27726, 362.234, 2477.47
7.12415, 63.1015, -69.6688
2.69832, 233.842, 1769.61
2.62083, 974.748, 1078.85
4.61923, 267.56, -29.6826
4.36987, -592.319, -194.878
2.93303, 2084.37, 2001.41
3.05403, 320.935, 273.722
5.31992, -2845.11, 110.369
7.37269, 27.4488, 68.8131
3.05066, -1.38468, -2482.42
5.99352, -1953.39, -2178.95
2.79674, 282.229, 1186.51
4.69755, -11.3023, 49.6483
5.24651, -32.2113, -107.596
3.45129, 330.852, 49.6968
7.36597, -38.2077, -40.1561
3.19593, 35.6349, 5.57694
5.48978, -2009.8, 304.241
7.12812, 238.276, -574.444
3.91116, 125.191, -58.5766
6.8307, 19.5933, 415.008
6.29598, 885.429, -1158.58
6.10793, 69.3675, -314.403
3.34241, -59.2091, -448.414
3.32882, 418.787, -1620.36
3.39076, -16.8937, 0.130392
5.87226, -129.099, 2.30725
4.83484, 32.9396, 135.708
6.85219, 162.633, -65.8457
5.76023, 492.885, -27.2655
5.80464, 739.836, 192.915
2.58037, -53.7694, 496.718
4.30596, 3414.28, 2009.19
3.72747, 243.048, -600.888
6.93086, 643.636, 958.889
5.23701, -4281.29, 67.0528
6.57209, 73.6192, -100.642
5.24453, -892.954, -247.215
4.16156, -313.716, 153.67
4.40213, -1205.42, -2096.41
2.52389, 275.107, -48.4594
6.95226, 223.947, 87.2614
6.16955, -96.5833, -94.9681
6.04239, -437.481, 101.998
5.1278, 1423.26, -1728.12
6.41065, 229.193, -504.911
3.42484, 269.318, -148.742
5.72673, -10.8859, 72.3731
3.42178, 16.36, -46.8724
3.31214, -1172.14, 549.263
2.65594, 1196.94, 887.443
7.42716, 57.8451, -31.1229
4.04559, 128.314, -48.8565
4.11075, -217.178, 23.3713
5.51155, 121.749, 144.965
2.89107, 3149.28, -441.09
3.93936, 63.4208, 62.7726
5.79307, 500.479, -903.521
7.36348, 71.2952, -20.5952
7.27758, 2425.59, 913.077
7.42745, 295.105, -16.1895
7.30478, 62.6698, 86.633
3.0073, -73.3948, 275.878
3.71505, 789.637, -328.137
6.91151, -442.363, 100.297
5.28805, -70.084, -312.337
6.7669, 16.0491, 17.4782
7.49145, 724.703, -160.784
3.99751, -2694.9, 1323.53
6.33157, -4839.87, -1636.91
4.81901, -279.844, 317.32
6.8168, 339.822, 139.883
6.99018, 313.686, 158.491
7.377, -406.783, -193.877
2.77405, -29.691, -111.189
6.32605, -31.5823, 208.698
5.09219, 1140.38, -1750.95
3.46574, 419.79, 54.8619
6.98252, -78.3828, -302.18
6.38492, 265.114, 3.59782
2.75968, 102.157, 297.376
7.47331, 1225.82, -1710.04
5.93659, 212.793, -526.206
5.94854, 716.494, 189.487
6.57666, 1933.05, -844.114
7.05426, -39.6688, 40.6946
3.34218, 1427.84, 3079.09
5.24183, 1914.89, -1272.3
6.53351, 50.5714, -51.3701
4.17803, 464.315, 442.598
5.53435, -291.552, -522.717
6.59602, 896.666, -1644.32
7.3485, 582.564, 29.5262
6.29349, 197.986, 497.181
3.72113, -16.198, 303.969
5.80589, -106.291, 58.4338
4.21574, 1007.67, 412.646
7.27146, 129.907, 71.3919
2.60828, 1629.82, -2141.6
4.54979, 880.884, -346.435
2.55789, -2009.44, 2301.12
3.04964, 183.256, -30.3613
5.28259, 730.983, -1005.89
4.45466, 281.421, -9.27778
7.20539, 137.444, -151.42
2.55572, 66.8229, 536.103
6.22897, 210.298, -537.483
3.84293, -96.5224, -361.406
4.27153, 26.1336, 189.066
3.45835, 3535.12, -3655.94
5.14832, 149.933, 38.5064
4.39478, -583.096, -3122.15
3.16407, 189.38, -249.665
4.26563, -203.746, -319.717
4.2497, -3102.28, 1558.34
7.41084, -1730.89, -1162.57
5.25961, -200.141, -235.434
4.99918, -1663.15, -448.693
3.58531, 1077.1, -1774.97
4.37311, 274.028, 101.563
6.78251, 1832.84, 1598.63
6.45578, -1731.71, 3439.25
3.9204, 1868.92, -2206.82
5.07645, 964.425, -323.666
6.79238, 178.039, -187.246
7.07844, -273.657, 49.7703
7.48941, -1330.05, -1178.47
6.53177, -549.159, -206.784
5.22718, 625.892, 459.932
7.3461, -203.568, 202.57
5.31931, 843.419, -180.572
4.03031, 548.888, -953.943
5.41853, 364.956, -221.022
2.91197, -199.508, 492.022
5.47382, 47.0455, 116.95
3.31968, 1659.69, 3019.86
6.46527, -129.628, -665.863
2.95373, -714.121, 1057.83
6.3072, 47.2013, 92.2965
6.83996, 138.684, -66.0854
6.40105, 237.145, -426.761
6.61399, -1568.35, -351.914
6.70974, 88.2656, 17.0218
4.48328, 581.277, 430.672
6.508, 127.155, -122.421
6.56811, 5.5064, 92.2019
5.43493, 628.731, 1286.18
4.64621, 37.7805, 133.065
2.5002, 191.403, -126.219
5.31153, 158.706, -17.4723
6.22632, 76.2571, -318.267
3.89846, 2182.71, 1208.4
2.93406, -428.046, -2977.78
3.5733, -214.002, -409.721
3.93296, -411.21, 38.4994
4.86595, -200.156, 60.4454
6.95893, -1312.86, -1245.03
5.91955, -278.996, 81.5076
3.54376, 217.995, 2.24052
6.67533, 194.819, -50.8971
7.09218, 516.668, 243.162
4.48244, 186.2, -354.883
6.37858, 1284.05, 460.461
5.68161, 225.99, -53.0517
6.64746, 51.7383, -328.249
3.40204, -362.855, -226.566
7.45927, 77.8819, -14.5
6.70558, 443.552, -308.867
4.65177, 328.336, 485.172
4.38589, 359.026, -160.492
2.70802, 240.567, -250.165
6.80715, -139.318, -337.125
6.62116, -2572.71, 1776.08
6.25052, 1022.24, 1169.48
3.55801, 60.2344, 36.3349
4.31029, 184.475, -146.151
4.43545, -38.478, -99.5725
7.32918, -2136.84, -1380.45
6.5872, -265.041, -342.081
4.5755, -474.126, 94.2679
5.83759, 174.286, 264.76
2.52101, -2601.72, 2498.82
6.98048, 73.5963, -218.94
3.68416, 580.712, -52.4014
3.79415, -206.455, 180.609
5.4939, -418.692, -279.723
6.89823, -900.688, 52.0076
6.16299, 15.3012, 51.6718
6.0773, -694.995, -235.66
3.57724, 3700.3, -172.845
6.30413, -2636.7, 2037.59
3.85351, 439.209, 11.4656
2.75246, 430.298, 222.649
4.78866, -874.113, 462.3
2.58759, -193.235, -135.298
3.01129, 3524.36, -2323.71
2.639, 626.499, -267.154
5.65921, 63.0893, 2.41813
6.34425, 27.3723, 61.3611
2.74132, -411.57, -333.808
6.6924, 571.814, 726.339
6.76899, -82.5163, -76.0882
6.57649, 355.343, -336.852
6.85188, 116.713, -2669.61
5.27222, 460.511, 28.9209
6.12646, 5.70922, 1173.65
3.20424, -2866.03, 2200.2
6.6115, 110.934, -66.617
5.51185, -1645.85, -2041.51
4.93856, 169.001, 15.706
6.14942, -391.257, -269.324
4.05164, -1446.04, 814.869
3.93925, -231.007, 418.172
5.45857, 1520.15, -1866.66
5.34055, -2030.47, 1093.58
5.41059, 1959.31, 1346.66
2.84132, 309.401, -482.727
4.34304, -1448.08, 73.0608
6.28475, 203.014, -382.666
6.35297, 784.58, 1972.39
4.27217, 176.379, 258.82
5.98913, -8.33374, 96.9194
5.08005, 1519.67, 887.827
5.94494, 329.008, -131.399
6.18066, -1457.07, -1027.8
2.56231, -1766.61, -1466.42
7.16549, 204.012, -160.061
5.37826, 540.264, 93.9564
3.05587, -365.48, 513.123
4.87388, 164.618, 170.228
3.24247, 1135.68, 166.596
4.22594, -5167.05, -1187.57
7.04476, 22.1588, -81.1996
4.54571, 1927.01, -836.992
5.96642, 205.418, -183.023
3.35865, -43.2635, 20.2505
6.21715, -2772.38, 1036.85
4.16319, 69.4713, 73.9835
4.62157, 54.5992, 117.63
2.79523, -33.8844, 429.88
5.09005, 193.543, 13.8735
5.94425, 245.01, -84.8933
5.01149, 99.3238, -104.424
6.56617, 80.3326, -122.213
3.07974, 109.85, -143.411
5.24841, 1060.47, 334.84
5.06046, 145.094, -76.4975
6.02649, -1377.35, -1205.76
5.65083, 54.8504, -48.1609
4.0207, 584.988, 481.717
6.74719, -68.9832, -81.2836
3.39619, 926.288, -1570.13
2.61737, 178.687, 95.7645
4.19467, 225.398, -132.858
3.43818, -1421.71, -1061.81
6.60467, 36.9311, 96.1612
6.72507, 64.1412, 2162.76
6.78031, -2007.29, 1240.57
7.37454, 56.3572, 44.6748
2.99587, 351.519, -98.5423
2.56182, -2275.25, -1824.03
2.58614, 52.5136, -582.846
2.64527, 317.12, 372.875
4.1031, -1390, -1428.3
6.17815, -1958.85, 1077.16
3.14876, -366.764, -474.943
2.5161, -1199.87, -181.14
6.91905, 351.325, 23.6636
3.70482, 487.586, 55.682
4.38481, 167.349, -160.547
4.44879, 68.2767, -258.017
2.81534, 2175.24, 842.07
7.30792, -90.1279, 27.9267
3.75349, 240.288, -430.322
6.85376, 216.053, -242.504
2.85991, 1709.72, -2382.3
2.70653, 2006.56, -1555.86
3.46378, 372.231, -72.844
3.86708, -1131.74, -1586.09
7.4007, 15.4412, 13.8035
3.60607, 688.81, -3065.14
6.43119, 1136.65, -1691.52
4.42306, 226.893, 50.3085
3.78593, -1867.27, 2016.35
3.91087, 133.491, -270.011
7.33834, -188.875, 232.176
4.22841, 330.613, 222.232
3.45922, 393.967, 16.8242
5.05037, 85.9932, -35.0999
5.21857, 733.174, -2753.85
5.72333, 2.83014, 238.984
3.89738, 669.412, -329.43
3.41887, -322.76, -92.8089
2.71579, 1557.58, -1865.94
3.98408, 34.7232, -134.248
4.25548, 1237.15, -394.682
7.09372, -256.792, 83.158
5.81225, -137.273, 76.6279
5.08041, -1354.99, -1229.97
4.03763, 264.905, -215.572
3.0007, 1342.47, 1398.02
3.47502, 48.7897, -46.7389
4.11407, 1888.06, 2110.92
5.56182, 359.188, -105.537
5.13511, 1168.66, -663.707
3.45653, -431.673, 1063.85
4.7178, 3324.74, 1897.25
4.48693, 3795.48, -739.42
6.28051, 220.755, 60.39
6.6213, -380.646, -21.6323
5.51573, -82.2208, -912.98
3.04573, 296.166, -249.165
4.11797, 1739.05, -370.335
5.03403, 63.2916, -46.7154
4.76521, 270.705, 908.042
4.77315, 30.0902, 378.535
4.91125, -81.7643, -19.8362
5.07896, -2795.77, 511.35
4.50207, -1414.43, -1080.83
4.22945, 316.053, 55.3744
6.64533, 1.66546, 667.703
3.02204, 1739.24, -689.923
6.40057, 113.073, -20.7744
3.19919, -87.3874, -78.6935
2.62171, 2268.09, 2648.2
6.0664, -210.866, 880.58
7.15538, 178.186, 242.404
7.47667, 252.528, 230.949
3.86264, 50.9815, -288.655
3.6923, -1321.16, 561.787
3.87328, -214.593, -1957.18
5.70836, 133.071, 71.9531
5.17637, 352.757, -15.7329
6.8967, -1750.37, 2949.52
6.75968, 147.075, 132.129
2.98004, 26.5305, 674.03
4.66818, 36.2253, -57.1481
3.17045, -30.1136, -191.542
5.86802, 135.73, -105.603
5.34964, 57.7457, -55.9259
3.66474, 132.531, -1207.27
5.50306, 349.915, 88.3733
2.6551, 685.241, -68.5133
7.08512, 100.039, -286.862
3.82958, 545.119, 466.927
6.50016, 187.221, -6.04637
5.46389, 127.297, -140.763
5.0822, -156.478, 94.8049
5.2567, 438.105, -288.229
3.47225, 16.1059, 299.069
5.36152, -1826.88, -299.719
3.81992, -410.962, 3698.21
4.41648, 1540.61, -3319.22
2.73626, 77.5312, -102.326
4.22823, 190.493, -205.182
3.61594, -1880.47, 4247.19
3.81264, 103.483, -171.52
3.05141, 192.454, 146.754
7.40088, 111.206, -267.525
5.93794, -700.59, -239.201
5.82158, 202.106, 28.7963
5.99501, 231.815, -28.688
2.68746, -38.4667, -177.407
3.6706, 43.0202, 119.363
3.95397, -3135.84, -4729.94
3.50543, 84.7304, -155.36
2.7177, -1615.97, 2273.56
2.56571, 769.763, -321.682
6.07297, 3519.43, -1156.84
6.88348, -103.991, -234.264
5.35088, 1093.57, -2133.68
6.92743, -1757.79, -1918.08
5.20042, -384.207, 305.129
3.31357, -1321.6, 452.067
3.30492, -1700.4, -1461.06
7.19182, 185.503, -139.225
3.45628, 399.485, -32.2779
3.15761, -1944.45, 22.1224
4.41122, -319.981, 316.012
6.12674, -534.596, 1909.53
2.50651, -3826.53, -374.147
4.60222, 2722.04, -1586.7
5.18984, 791.884, 163.284
4.86596, 40.3741, -279.033
6.33003, 788.589, -469.65
2.9396, -91.581, 63.4816
7.04284, 157.646, 165.407
3.20818, -179.062, 673.2
2.54782, 81.0843, -268.131
2.82267, -152.484, -185.043
4.96742, 210.921, -141.413
5.40914, 65.8866, 16.6416
4.03373, 2190.99, -3908.53
4.57091, -117.423, -405.517
4.33401, 602.128, 780.715
3.42687, 200.319, -1855.54
2.76788, -1535.25, -1693.74
4.47222, 198.599, -107.119
3.98388, 147.287, -16.2665
5.05388, -239.907, -406.366
3.75392, 1371.69, -2361.95
5.01589, -316.983, 620.748
2.51168, 1107.48, -450.082
7.01807, -3203.71, 1428.85
2.79181, 2160.15, 2052.38
5.17506, 91.5145, 2030.47
3.95754, 1838.26, -876.257
7.3023, -74.7617, 62.1035
4.73406, -2139.95, -964.185
5.08479, 332.486, -29.081
5.93861, -576.926, -216.721
2.72187, 205.736, 329.893
7.2946, 2281.58, -1725.51
5.70852, -127.738, -270.604
2.80215, 184.545, -141.057
3.33964, 336.525, -19.1745
5.76491, -290.593, 1.70499
6.19864, -23.25, 1683.79
3.57011, -314.66, 306.064
4.31441, 291.554, -1499.97
6.56981, 569.602, -363.275
5.32057, 96.9831, -35.3742
7.45886, 7.57067, -9.70121
6.5669, 348.685, 330.526
3.49157, 1954.78, -2598.59
2.50003, 155.582, 53.3319
4.62608, -1988.75, 2432.46
4.07406, 1418.91, 807.196
5.56218, -2259.52, 335.958
3.83351, 173.012, -115.792
4.39881, 644.195, 542.284
5.43397, 245.561, 310.13
5.95636, -475.556, -408.979
7.26736, 277.586, 12.2294
4.89785, -220.216, 643.199
3.60319, 199.763, -101.178
5.33741, 414.582, 211.707
6.09873, 111.964, -7.70382
4.4953, 1569.34, -177.918
3.48326, 630.266, -368.361
6.66971, 131.291, 197.632
5.59561, 431.517, -762.785
7.26866, 295.816, 179.293
3.23222, 676.99, 227.098
5.38953, 150.309, -1.61072
7.26796, 349.2, -20.976
3.62331, -3016.51, 1517.36
7.25137, 166.797, 141.308
3.07874, 1148.11, -557.365
2.58372, 10.9302, -143.826
3.90465, -46.4275, 420.853
7.15042, 432.245, -388.224
3.04796, -1095.2, -469.733
6.77266, -375.76, -453.41
5.68532, 543.588, 394.904
5.63853, 232.566, 449.18
3.80589, -477.348, 1220.88
5.13936, 439.723, -266.353
7.16608, 501.733, 350.6
3.98055, -763.034, 196.15
4.78006, 192.39, -12.538
6.35659, -503.962, 2706.47
4.17193, -1151.57, -2304.22
6.31775, 170.781, -41.9315
6.65892, -1474.2, 1428.92
2.64618, 1692.02, -993.584
4.31315, 179.21, 248.326
4.16221, 339.218, -279.115
3.17675, 1063.47, 775.153
3.00839, 778.151, -2405.76
5.11327, -148.138, 39.6865
3.52046, 310.78, -17.9247
5.00728, 314.887, 562.149
5.1371, -2844.7, 1753.64
4.13422, 182.282, -2.22096
4.75888, -221.526, 648.527
6.85263, 798.808, -115.879
4.72884, 152.391, 75.1907
6.03726, 263.725, 367.11
6.83171, -1392.27, 273.238
6.5822, 258.184, 22.0109
2.67504, -2214.07, -870.283
3.8644, -449.395, 1603.86
5.21858, -664.279, 418.536
3.19942, 1576.36, -351.492
5.57408, 63.066, -20.6829
3.29182, -293.449, -435.578
4.41129, -158.143, -210.607
5.94997, 123.788, 62.3585
3.21128, 2480.85, -58.7186
5.65284, 284.784, -53.8474
3.15973, -1938.44, -1271.42
7.13583, 162.278, -59.8324
5.53465, 2976.08, -4563.52
5.50388, 435.988, -612.221
3.33635, 106.836, -158.347
3.301, -526.369, 1230.73
5.91628, 222.625, 138.132
5.1456, -245.255, -168.17
3.65264, -1436.8, 710.073
6.55373, 107.006, -91.7529
5.76477, 111.928, 182.804
4.08597, 177.445, -306.295
2.53953, 288.171, -67.2652
3.49176, -97.2635, -829.927
3.78831, 257.703, 515.121
3.03825, 685.63, 383.785
3.49545, -270.514, 296.63
6.75079, -3265.37, 1782.96
6.63912, 359.178, -3.8026
6.76813, 122.463, -21.2
5.71027, 337.642, 122.793
3.6787, -1762.71, 1827.63
6.80638, 14.1152, 33.2843
5.4745, 110.679, 466.193
2.52745, -1454.11, -1022.13
6.84925, -373.764, -648.677
7.37729, 94.7021, -229.904
5.59653, -1316.41, -1247.68
3.85574, 331.313, -83.8119
7.46973, 19.3017, -11.6978
4.60751, -1099.86, -17.1086
4.20537, -258.385, -9.38715
4.80717, 337.129, -219.639
4.44822, -703.506, -1967
4.613, -2880.79, -591.829
2.84879, 126.408, 143.119
5.5153, -82.489, 151.854
7.36114, -288.612, 58.8683
5.07406, 148.139, 253.974
7.45461, 110.243, -209.906
5.84906, -1430.54, -3483.62
4.01716, 296.102, 9.62561
3.47371, -694.552, -237.885
4.0109, 531.825, 316.089
4.93946, 73.1991, 58.7188
4.72438, 371.429, 29.9483
5.7844, 313.093, -18.5427
3.74227, 3414.33, 2007.95
4.72007, -999.847, -963.509
5.75894, 208.947, -190.421
6.67472, 125.824, -284.773
6.03698, -176.122, -222.589
4.93928, -372.546, 186.691
6.72039, 310.311, 84.0496
7.00296, 20.0568, 69.1823
6.33082, 314.223, -63.221
5.29453, -518.623, -362.325
2.70603, 184.513, -99.3295
5.46749, 969.882, -355.633
2.68674, 158.627, -2450.89
4.53488, 180.763, -571.786
2.84243, 390.24, 423.52
7.38558, 251.797, -385.257
2.5956, 1440.78, 1983.35
6.60363, 220.723, 125.38
5.2195, 2392.12, -1846.39
5.72828, 395.583, 122.867
3.62934, 118.423, -223.955
2.733, 203.27, 1859.36
3.63154, -211.862, 406.654
4.58371, 208.729, -1684.8
6.40126, 133.061, 151.324
3.72852, 892.912, -1640.4
4.81411, -16.0109, 58.8837
6.14756, 478.308, 53.9947
5.35237, 3187.5, -450.399
5.45997, -379.244, -816.942
4.98425, 66.568, -155.133
3.951, 154.059, -108.22
4.71107, 108.08, -78.3111
2.53669, -1707.29, 3738.52
7.41683, 87.4807, -96.2478
2.52822, 39.0473, 40.8838
4.8676, 1323.8, 649.261
5.86497, 2154.71, 3614.02
