6.27803, -1178.25, 631.59
3.5948, 278.202, 955.205
5.89648, 789.593, -387.989
5.09708, 12.2234, 67.8365
2.76731, 1947.61, -2098.55
2.53849, 325.632, -160.213
4.58743, 2725.46, 1566.19
7.15218, -90.9036, -1.68903
2.95982, -266.578, 606.887
6.00595, 705.935, 570.321
3.81226, 528.052, 233.055
4.14117, 106.834, 45.4704
7.45519, -493.834, -551.732
7.41275, 44.8161, -218.972
5.75759, 472.523, 432.166
6.92354, 175.444, -121.09
6.33247, -28.1849, -128.513
3.87453, -1050.36, 18.8776
4.93259, -200.68, -252.152
2.80282, -2349.81, 362.797
5.08146, 136.963, 5.5369
4.96988, -1774.68, 569.816
7.23882, -91.5742, -312.535
4.42071, -0.729185, -71.2665
5.14874, -1411.14, 495.17
2.75042, -298.46, 1766.69
6.63909, 343.076, 386.209
5.94228, -639.474, -207.14
6.18112, 244.723, 108.091
6.94286, -1431.98, -1460.9
4.25508, -8.17986, 44.2525
6.72991, 57.5029, 24.2535
3.84659, 40.956, 295.124
4.83959, 742.565, -92.8329
3.2686, 37.2403, -126.49
2.66527, -241.229, -105.914
7.2768, -975.411, -793.026
6.95369, 443.853, 376.628
3.29884, -972.226, 26.5334
3.15214, -708.436, -267.848
2.515, 1103.57, -170.924
6.0491, -33.2587, 38.634
3.40448, 997.803, -75.0024
5.76029, -65.9054, 108.4
4.42907, 8.35137, -34.5892
3.23766, 634.612, 911.414
5.45054, 215.913, 572.989
3.24076, 1199.41, -585.195
3.2091, -1076.07, -867.181
4.94257, -313.022, -320.51
3.13015, -854.72, -140.535
5.64635, -668.927, 120.77
5.60817, 331.603, 16.3694
4.88216, 1296, -1794.42
2.64188, 561.605, 864.975
3.21011, 1608.51, -371.996
3.15594, 391.698, 381.816
3.31099, 797.154, -1164.28
3.76529, 293.013, -154.695
4.77654, -1951.53, 1032.5
6.54472, -52.2837, -26.8272
3.57624, 204.321, 31.8181
3.75063, 259.863, 673.016
5.02978, 427.232, 474.677
6.27922, -13.7257, -174.436
5.66369, -601.172, -1399.19
5.9449, -1220.14, -765.352
7.27207, -753.348, -278.252
5.18713, 1744.93, -905.226
4.57014, 144.281, 693.884
4.70019, 428.837, 477.445
6.07821, -951.381, -1121.66
6.20858, -927.781, -1058.48
5.12494, -1342.94, 1223.67
6.06711, 0.683955, -106.811
5.91025, -140.176, -23.1642
6.82941, 1009.97, -787.805
3.19597, 816.826, 624.905
3.57766, 210.325, -14.1933
5.0733, 51.9549, -121.732
4.83766, 410.347, 470.043
3.55759, 1095.88, -1347.33
5.65244, 729.143, -401.322
2.5044, 1037.82, -1430.36
4.09589, -154.579, -1667.16
5.90281, 13.9427, 62.9745
6.0446, -8.48248, 167.714
2.90869, 223.021, 547.648
3.56926, 58.5534, -11.4934
4.44412, -13.4387, -76.4079
4.44927, -1687.3, -647.058
3.92018, 42.3274, 117.748
4.6123, 65.1502, -37.1504
2.55658, 635.313, -3.64751
3.72027, -1809.02, 934.55
4.49072, -513.779, -1534.1
6.64177, 85.4167, 218.989
3.78584, -563.593, 574.407
3.59705, -783.248, -383.879
6.47385, 395.871, 342.733
5.8476, -623.26, -168.13
5.49108, -264.483, -295.991
5.99917, 1267.44, 638.374
5.13062, 60.0044, 91.9353
4.14833, 82.8954, 95.5618
3.30844, 1692.39, 265.986
6.56633, 96.3876, -59.5185
4.08004, 741.34, 395.363
4.05369, 229.155, -154.002
4.65424, -13.765, -55.7827
4.46509, 475.395, -27.1497
4.43916, 365.203, -323.49
4.34871, 36.3535, -140.23
5.88118, -403.682, -573.721
6.10384, 753.479, -72.4141
7.20082, -1134.26, 144.788
5.08573, 124.768, 28.6765
5.5282, 693.05, 574.636
5.85049, 788.158, -1158.78
5.11404, -244.18, -87.503
3.87105, -63.7511, 212.937
7.08924, 395.343, 381.19
3.73367, -111.03, -100.291
4.77876, -348.545, 612.278
3.30374, -79.3163, -15.0448
4.68319, -42.4299, -158.053
7.45767, 277.253, -347.37
6.26931, 1208.52, -1422.73
4.97846, 108.958, 53.9155
7.01651, -79.5853, 41.7421
4.68213, 289.34, 25.577
5.09239, 1021.69, -780.413
4.44866, -909.455, -1182.69
5.63431, 132.298, -14.5014
5.19331, 39.1816, 42.4159
4.35955, 267.549, -385.056
2.54674, 237.323, 174.164
6.3794, -25.6163, 14.872
2.85317, -121.38, -180.18
3.98511, 107.403, 102.72
4.78581, 116.101, 49.7269
3.25156, 178.419, 66.4545
5.97819, 250.521, 524.227
4.15587, 427.889, 4.81061
5.21197, -1147.46, 1961.27
2.64678, -1406.58, -470.43
5.38086, -153.972, -638.657
5.18133, 141.162, 3.66761
7.36678, -683.688, 528.726
5.57063, -133.135, -22.4699
5.26431, 1002.46, -1462.56
6.69051, 187.201, 513.331
3.75764, 92.0801, 623.995
6.98957, -53.8238, 43.7028
5.97428, 420.913, -184.114
5.82752, 199.809, 1182.63
3.06838, 74.2054, 357.92
3.37987, 181.703, -410.51
2.91253, -177.628, 542.69
6.68103, -209.988, 706.507
2.64818, -399.252, 711.949
6.34719, 14.0475, 99.6852
4.29829, 228.119, -1442.89
6.24626, 913.791, -231.01
6.28385, -36.8403, -42.8316
3.60834, 1264.65, -170.171
5.58305, -7.9754, -59.4051
3.66846, -179.452, -177.545
6.22052, 114.798, -1389.36
5.80997, 231.792, 376.576
4.9209, -1080.08, 2041.99
2.58972, -545.358, 88.5837
4.98291, 52.8352, 462.714
5.09587, 104.138, 129.064
4.71395, 678.449, 1309.11
4.14528, -1136.28, 243.172
3.52671, 137.113, -356.688
7.19863, -256.484, 928.372
2.85168, 929.461, 1044.08
3.30042, -247.374, -372.728
6.70788, 16.7657, 164.759
4.13614, 204.185, 331.2
6.85942, 511.551, 539.44
5.99896, -228.194, -181.271
5.52801, -272.312, 41.1965
4.77536, 374.141, 686.433
2.91543, 1084.33, 167.674
3.94883, -1258.01, -810.34
6.51009, -318.626, -113.551
6.81821, 516.585, 695.011
3.81831, -1785.47, 159.487
4.79881, 64.6075, 115.887
4.95672, 42.004, 131.659
5.82344, 701.14, -1088.58
7.31738, 93.7365, -113.02
7.23022, -152.422, -20.8963
2.81902, 455.222, -628.272
5.04829, 71.8584, -6.71739
6.13222, 186.676, 34.7298
5.65882, -25.9892, -73.0827
3.26658, 172.666, -349.393
5.09652, 677.968, 1311.65
3.52281, 2070.65, -723.055
6.03231, 27.9482, 49.9618
6.05786, -286.093, 2182.38
3.66304, 134.519, 273.705
6.80594, 16.758, 48.7059
2.67122, -619.276, -560.282
6.26587, 61.1943, 471.229
4.14789, 331.091, 162.84
4.65309, 1810.74, -266.689
7.33455, 139.459, 241.122
4.05803, -901.129, -849.599
5.69762, -2154.08, 128.09
5.95386, 9.43575, 15.1002
5.36403, -69.6019, 124.238
6.60667, -1153.5, 1967.04
4.21807, -1361.89, 733.293
5.09387, -237.836, -104.532
6.78438, 825.682, -39.2267
6.18587, 762.553, 650.865
3.45992, 104.368, 41.7781
2.83145, 86.1814, 24.3196
3.60828, -1597.68, 1048.94
3.33656, -57.2875, -69.1535
6.31172, -105.49, -11.1722
5.44905, 505.978, -1156.29
4.65223, -2264.5, -300.765
7.09618, 1063.08, -318.234
5.09668, 52.7364, 161.973
7.38058, -425.276, 233.699
5.15714, 201.653, 332.572
2.98716, -438.137, 1086.15
5.83983, 382.277, 441.602
5.44444, -430.84, 1210.18
5.01137, 37.6331, -114.295
2.75808, 921.018, 188.173
2.6753, 774.127, -487.568
4.41484, 39.8056, 20.032
5.55555, -968.86, -1347.71
5.06574, -2239.51, -304.275
5.98498, 135.399, 137.734
4.89891, 167.138, -316.641
3.88323, -2131.79, -2.98527
6.01685, -66.7453, 1415.54
3.67701, 183.684, -56.2409
6.41501, 26.7704, -41.1045
6.60589, 971.358, -335.865
3.21842, 1180.95, 1303.37
5.75757, 638.33, -597.394
3.87677, 172.363, 188.406
7.26215, 713.212, -687.101
4.58238, 34.2694, 21.4581
3.03869, -138.126, -100.979
4.70633, -244.086, -58.2094
6.28811, -128.48, -23.0306
2.77803, 709.165, 568.914
3.51241, -88.3301, -58.8967
6.82305, 40.4433, -169.944
6.52456, 303.902, 57.3304
2.78861, 341.308, 1124
4.40304, 78.8876, -114.816
4.56124, 168.727, 61.7721
2.80071, -449.09, -145.663
7.09746, -773.184, -725.797
3.35398, 293.244, 64.4208
6.51634, 62.2849, -97.003
3.88599, 216.86, 318.53
4.44586, 368.014, -156.461
7.19936, -1055.8, -15.782
6.24573, 23.0191, 1363.03
3.44774, 1136.93, -1459.9
6.89581, -85.1684, 17.5523
6.8953, 90.6155, 9.89072
3.30515, 210.973, -266.974
5.87346, 21.7929, -117.803
6.89096, -142.234, -41.3449
6.98262, -524.612, 1491.06
3.06535, 82.8604, 4.17684
5.93789, 351.083, 564.284
3.21651, -111.356, -206.063
3.6901, 650.976, -242.798
5.64383, 1086.28, -820.445
4.312, 376.839, 340.669
4.64437, -915.603, -879.968
4.91936, 761.311, -770.737
6.20379, -168.092, -506.949
3.23098, 650.899, -457.08
7.36238, -216.01, -58.3597
7.3158, 114.482, 52.4515
3.14741, 930.481, -755.628
5.3784, -366.822, -277.043
4.66439, -219.128, -257.24
5.50066, -9.21207, -84.8554
5.85098, -157.563, 176.447
4.5137, -1416.38, -472.418
6.46691, -964.778, -775.807
4.89889, -1288.93, 946.394
5.72449, -696.32, 467.913
4.28836, 1976.07, -393.481
5.96794, -108.01, 522.646
5.83428, 103.988, 114.133
3.22071, 714.528, -396.783
7.10415, 71.7809, -81.6564
4.22228, 651.561, 1625.73
6.66824, 56.4152, 5.28301
2.74349, 604.717, -48.0139
3.27936, 537.234, -597.297
2.55765, 625.916, -208.777
3.94327, -28.298, 44.307
5.07295, -20.1659, -57.4335
3.65948, 263.478, -1581.49
2.75022, -26.4097, -151.735
5.33091, 52.7726, -107.208
6.69774, 271.977, 123.79
4.28763, 479.449, 557.034
4.3452, 377.357, 371.045
7.22226, 516.987, 195.278
4.72425, -940.296, 419.4
6.82086, -20.7414, 29.7611
5.82654, 304.188, -457.031
5.79297, -610.104, -106.379
7.10736, 1239.88, -903.163
5.11536, -1340.78, 1240.2
5.45229, -517.663, -434.215
5.79944, -252.516, -1338.94
4.24765, -1009.35, 520.948
4.11714, 579.047, -216.472
7.08984, 368.277, 353.382
3.08619, -1686.16, 626.672
7.31268, -128.906, -161.139
5.17978, -58.091, 54.5839
5.81447, -432.972, -130.157
5.48362, -1822.7, 787.261
6.93363, -459.837, -91.8474
6.67999, 69.1682, -46.8909
6.69339, 367.381, 445.058
6.85642, 223.202, -90.3176
2.5002, 229.841, 1089.68
4.77274, 109.461, 313.632
4.25696, 1206.64, -90.3228
5.80713, 1654.03, -1471.15
6.22234, -123.837, 58.5293
3.3821, -499.581, -1681.21
7.4621, -708.025, 961.695
5.95466, 311.957, -224.893
6.97862, 198.207, 64.4965
3.51579, -598.068, -274.578
7.2356, -38.893, 727.443
4.88476, -1750.8, 853.521
6.78578, -1601.81, 1041.7
6.41237, -135.241, -516.499
5.70687, -1357.69, 1208.25
3.14521, -252.798, 730.715
5.77944, 225.24, -467.864
3.09199, -50.3345, 10.0503
3.88793, 1322.05, 153.245
6.65548, 300.294, 1331.05
6.14153, 1466.99, 1875.78
6.74348, 1597.57, -1190.4
3.43989, -291.419, -738.957
6.09602, -88.3475, -184.017
4.25586, -246.777, 649.37
3.34555, 515.889, 810.955
4.52383, -1616.12, 255.128
4.20924, 196.279, -63.5821
6.67141, -78.0855, -82.3383
3.9111, -1222.82, -1981.66
5.16766, 1071.67, 756.721
6.25085, -162.386, 154.022
4.62554, -37.5461, -150.383
4.66964, 1150.25, -71.9844
3.03022, -1541.39, -686.409
6.4639, -376.427, -425.846
3.91232, 33.787, 13.7176
7.14264, 1491.98, 1866.69
5.37926, 390.136, 374.333
3.4895, 303.886, -620.605
5.99081, 211.955, 136.55
3.07265, -489.181, -596.055
4.22945, 536.971, 721.513
4.15646, 70.2089, -499.567
6.42735, -1747.78, 818.794
6.65775, 307.065, 358.184
4.21712, 955.002, -498.737
4.2603, 398.793, 244.515
6.38197, 107.585, -88.5616
6.58658, -450.035, -171.667
4.26157, 15.6619, 221.082
7.09559, 125.123, -49.3574
3.2877, 716.898, 634.782
5.56029, 640.134, -574.025
5.54222, -153.165, -25.2365
3.16647, 1097.17, 1350.99
3.51409, 1303.92, 1886.8
4.79457, -279.189, 64.4626
3.48759, -638.755, 615.104
6.77118, -71.9645, 95.8642
6.54562, -559.396, -448.608
2.80131, 879.956, -960.993
6.50584, 653.276, -1818.42
5.49597, 45.7817, 108.98
7.43182, 53.5507, -112.868
2.65919, -896.013, 106.373
6.8356, -1199.84, 1466.69
3.69109, 143.386, 604.486
3.6127, -40.7369, -540.968
4.73907, 2248.02, 1042.23
2.61231, 506.623, -206.499
6.79755, 53.0872, -115.5
4.15902, 400.042, -1985.49
5.72195, -475.088, -178.772
7.43521, 445.47, -104.07
5.30162, 373.468, -245.02
4.74553, -159.234, -71.2743
5.213, -119.539, -77.6849
2.90797, 418.574, 2.48838
3.99606, 1115.75, 1117.87
6.63964, -1571.98, -351.005
6.48936, -1350.9, 426.977
5.71048, -64.8506, -27.4509
4.84105, 181.702, 65.7935
7.15326, 429.2, 1199.97
5.08798, -557.753, -177.028
7.42924, -1628.88, 1037.61
5.94567, -26.6048, 303.513
6.19966, -28.6524, -126.932
3.46323, 945.99, 639.342
6.08881, 1268.67, -922.791
6.11146, 450.886, 645.673
6.49298, 26.6927, 182.374
4.23216, -1764.24, 226.187
5.1481, 274.645, 493.972
3.19001, 462.932, -767.508
6.73218, 5.91899, -45.8313
6.32766, -95.7486, 103.371
7.5, -1818.04, 772.845
4.24891, -2424.24, -917.867
5.50367, 1045.61, 2.20549
3.50808, -72.499, 1573.72
6.2385, -1371.03, 221.116
6.49225, 226.749, 469.084
3.03505, -111.731, 341.836
5.35813, 36.7614, -72.6975
2.84683, -2013.89, 713.144
4.16036, -16.529, 8.0529
5.80945, 23.4971, -4.53161
5.27726, 308.888, 1538.52
7.12415, -163.309, -29.5763
2.69832, 238.722, 998.868
2.62083, 845.833, 861.4
4.61923, 114.842, 70.0581
4.36987, 258.348, 164.196
2.93303, 1194.72, 1019.38
3.05403, -76.3516, 15.6746
5.31992, -1598.55, 135.683
7.37269, 28.8115, -145.4
3.05066, 17.628, -1616.05
5.99352, -1238.63, -1426.65
2.79674, 341.97, 1050.97
4.69755, -0.983688, -28.0149
5.24651, -607.063, -511.046
3.45129, -63.6135, 44.506
7.36597, 64.4646, 147.815
3.19593, 136.335, -403.425
5.48978, -1290.13, 302.64
7.12812, 236.16, -850.791
3.91116, 282.036, 357.396
6.8307, 209.645, 174.113
6.29598, 700.76, -826.297
6.10793, 164.459, -18.4008
3.34241, 330.437, 552.113
3.32882, -159.22, -1000.05
3.39076, -30.345, 89.0933
5.87226, -20.6846, 96.3202
4.83484, -123.553, 121.341
6.85219, -3.85389, -64.2485
5.76023, -220.322, -282.063
5.80464, -439.558, -135.276
2.58037, -73.4702, -0.605114
4.30596, 1991.7, 1234.74
3.72747, 37.1479, 67.1531
6.93086, 718.787, 845.976
5.23701, -2468.39, 28.0393
6.57209, -59.6144, 41.2574
5.24453, -613.555, -541.314
4.16156, 180.121, 32.3787
4.40213, -770.908, -1305.41
2.52389, -585.531, -35.5638
6.95226, 158.225, 68.7821
6.16955, 353.714, -60.0712
6.04239, 431.015, 213.121
5.1278, 998.3, -1013.54
6.41065, -27.391, 106.038
3.42484, 82.8207, -176.975
5.72673, 44.0685, -136.991
3.42178, -5.57371, -248.342
3.31214, -1010.94, 325.338
2.65594, 940.484, 303.157
7.42716, 117.53, 0.801505
4.04559, -107.535, 1.2166
4.11075, -6.63558, -109.41
5.51155, -77.9383, -52.3002
2.89107, 1773.84, -81.3007
3.93936, 132.074, 16.1519
5.79307, 700.195, -703.751
7.36348, 188.559, 62.2523
7.27758, 1394.87, 482.242
7.42745, -368.806, -2.81621
7.30478, -148.391, -73.8029
3.0073, 4.47422, 85.8259
3.71505, -63.478, -215.437
6.91151, 198.743, -50.4561
5.28805, 345.489, 465.518
6.7669, -15.8526, -23.9689
7.49145, 840.899, -316.874
3.99751, -1482.41, 975.963
6.33157, -2698.89, -971.952
4.81901, -726.471, 82.0308
6.8168, 115.67, 57.3446
6.99018, -50.3388, -93.7067
7.377, 154.258, 178.992
2.77405, -232.785, -70.1902
6.32605, 137.161, 29.6629
5.09219, 907.679, -1172.5
3.46574, 32.3813, 595.946
6.98252, 315.254, 10.9228
6.38492, -353.417, 334.376
2.75968, 216.126, -135.091
7.47331, 806.32, -1178.1
5.93659, 115.075, 233.03
5.94854, -438.866, -137.271
6.57666, 1248.36, -614.809
7.05426, 108.346, -137.259
3.34218, 742.332, 1889.15
5.24183, 1273.79, -826.954
6.53351, 31.5129, -65.1662
4.17803, 261.684, 470.624
5.53435, 80.4681, -658.796
6.59602, 555.611, -1113.02
7.3485, -206.422, -28.128
6.29349, -45.3759, 31.0867
3.72113, 51.9731, -435.817
5.80589, -133.143, 13.594
4.21574, 715.572, 248.446
7.27146, 145.824, 152.86
2.60828, 789.666, -1394.29
4.54979, 764.648, -411.962
2.55789, -737.103, 1370.86
3.04964, -35.9164, -24.8455
5.28259, 637.32, -918.647
4.45466, 189.143, 73.8312
7.20539, -40.5295, 109.75
2.55572, -545.632, 237.575
6.22897, 72.2598, 564.013
3.84293, 184.611, 71.3474
4.27153, 93.1189, -35.6116
3.45835, 1940.83, -2070.24
5.14832, 58.7667, -3.97467
4.39478, -365.833, -1776.33
3.16407, 16.4654, -90.5871
4.26563, -188.463, -44.4216
4.2497, -1897.57, 906.914
7.41084, -1209.65, -796.085
5.25961, 344.961, 330.822
4.99918, -1185.82, -320.174
3.58531, 705.756, -1122.31
4.37311, 442.093, -174.374
6.78251, 931.425, 752.57
6.45578, -988.914, 1822.93
3.9204, 1219.75, -1313.7
5.07645, 656.57, -567.086
6.79238, -10.6789, -49.857
7.07844, 429.39, -308.903
7.48941, -911.572, -844.87
6.53177, -637.728, -473.97
5.22718, -41.4305, -166.473
7.3461, 211.11, -507.344
5.31931, -259.062, 127.793
4.03031, 682.461, -672.146
5.41853, 575.5, -159.048
2.91197, 64.0858, 4.41303
5.47382, 279.381, -124.716
3.31968, 960.532, 1546.57
6.46527, 105.131, 287.76
2.95373, -660.038, 593.216
6.3072, 180.36, 19.6353
6.83996, -16.3658, 22.2143
6.40105, -213.988, -28.5311
6.61399, -1107.23, -413.145
6.70974, -139.44, -9.36476
4.48328, 768.274, 462.792
6.508, -84.1144, -56.1732
6.56811, -13.2286, -48.3339
5.43493, 591.115, 1036.29
4.64621, -84.7197, 103.167
2.5002, 464.541, -641.996
5.31153, -38.354, -104.48
6.22632, 419.384, 338.076
3.89846, 1380.97, 705.332
2.93406, -197.846, -1864.35
3.5733, -524.213, -184.526
3.93296, 214.919, 8.52309
4.86595, 610.308, -150.119
6.95893, -949.644, -791.688
5.91955, 29.9639, -62.1661
3.54376, -92.2138, 96.6048
6.67533, -15.9599, 6.89415
7.09218, -539.855, -265.57
4.48244, 657.23, 22.5246
6.37858, 556.953, 520.9
5.68161, 107.746, 116.254
6.64746, 253.977, -112.877
3.40204, -300.719, -499.839
7.45927, -134.424, -22.7464
6.70558, 445.623, -572.649
4.65177, -379.934, 445.869
4.38589, -513.627, 229.311
2.70802, -134.099, -116.781
6.80715, -89.0135, -105.362
6.62116, -1488.23, 1092.22
6.25052, 408.354, 835.187
3.55801, 265.071, -82.8037
4.31029, 71.9729, -176.043
4.43545, 160.767, 133.687
7.32918, -1402.02, -941.237
6.5872, 236.926, 99.291
4.5755, -719.549, 85.196
5.83759, 25.4863, 63.9938
2.52101, -1604.9, 1303.1
6.98048, -2.84693, -69.5366
3.68416, 715.808, 452.073
3.79415, -45.9798, 51.3656
5.4939, 353.182, -29.367
6.89823, -910.319, 123.865
6.16299, 622.643, 99.0984
6.0773, -807.146, -312.287
3.57724, 2187.01, -120.057
6.30413, -1668.45, 1198.31
3.85351, 71.5266, 181.914
2.75246, 209.401, 82.0423
4.78866, 143.487, -2.94653
2.58759, 419.22, -5.06309
3.01129, 1857.19, -1312.79
2.639, -476.583, 182.994
5.65921, 45.3283, 81.7996
6.34425, 62.7406, -88.0619
2.74132, -724.959, -482.988
6.6924, 136.828, 30.9318
6.76899, -152.635, -57.4639
6.57649, 679.555, -555.075
6.85188, -82.0994, -1526.81
5.27222, 15.9105, -62.9618
6.12646, 33.49, 996.712
3.20424, -1800.38, 1137.27
6.6115, 12.4149, 144.583
5.51185, -972.901, -1345.98
4.93856, 76.648, 25.0583
6.14942, 234.27, 94.3897
4.05164, -1098.95, 579.408
3.93925, 275.043, -406.411
5.45857, 1030.86, -1264.34
5.34055, -1369.76, 559.246
5.41059, 1448.02, 792.22
2.84132, 415.489, -793.409
4.34304, -924.194, 352.963
6.28475, 83.9878, -20.3296
6.35297, 794.335, 1248.24
4.27217, 128.937, 48.5724
5.98913, 53.3987, -116.787
5.08005, 1106.17, 616.715
5.94494, 110.492, 45.5345
6.18066, -1127.43, -895.313
2.56231, -1150.02, -968.54
7.16549, 55.2294, -104.407
5.37826, -528.977, -248.153
3.05587, -540.305, -215.56
4.87388, 109.529, 20.4662
3.24247, 25.5826, 235.922
4.22594, -2982.6, -723.504
7.04476, -251.282, -333.896
4.54571, 1248.24, -609.835
5.96642, 113.961, -116.114
3.35865, -75.1825, 99.1279
6.21715, -1503.37, 656.869
4.16319, -53.3493, -51.6435
4.62157, -67.44, -34.7588
2.79523, 391.009, -423.386
5.09005, 248.807, 302.434
5.94425, -19.9148, -607.665
5.01149, -9.8216, 86.6719
6.56617, 21.0138, -213.219
3.07974, 54.4333, -170.435
5.24841, 533.304, 503.326
5.06046, -98.536, -243.7
6.02649, -965.846, -782.118
5.65083, 41.3671, -165.546
4.0207, -9.42194, -122.051
6.74719, -54.9117, 48.5136
3.39619, 567.848, -1089.03
2.61737, 80.6025, -70.6532
4.19467, 276.041, -116.995
3.43818, -830.313, -868.52
6.60467, 222.431, -227.926
6.72507, 25.4028, 1388.73
6.78031, -1231.1, 815.799
7.37454, 324.44, -111.523
2.99587, 92.2158, -108.025
2.56182, -1190.11, -1080.4
2.58614, 136.05, -944.784
2.64527, -59.5869, 89.061
4.1031, -1042.74, -1033
6.17815, -1191.48, 619.163
3.14876, 251.463, 184.268
2.5161, 224.556, -133.125
6.91905, 2.68941, -52.1973
3.70482, 328.381, -524.089
4.38481, -279.553, -71.7657
4.44879, 30.324, -145.418
2.81534, 1169.52, 480.996
7.30792, 510.048, 165.715
3.75349, 501.121, -316.693
6.85376, 43.4793, 57.4777
2.85991, 866.587, -1262.59
2.70653, 748.789, -897.903
3.46378, 59.4169, -32.5579
3.86708, -536.053, -1163.03
7.4007, 8.15102, -111.254
3.60607, 366.383, -1793.2
6.43119, 797.371, -1155.99
4.42306, -49.5798, 50.1346
3.78593, -1230.29, 1159.02
3.91087, -273.391, 341.448
7.33834, 245.228, -210.327
4.22841, -11.9379, -245.831
3.45922, -18.7125, -183.247
5.05037, 131.542, 6.62419
5.21857, 475.525, -1613.9
5.72333, 93.4164, 71.4503
3.89738, 708.737, -537.601
3.41887, -394.207, -499.741
2.71579, 1012.03, -1275.28
3.98408, 96.0858, -317.565
4.25548, 994.471, 27.8372
7.09372, 538.139, -205.154
5.81225, -44.3369, 43.2935
5.08041, -967.503, -816.521
4.03763, -407.357, -14.018
3.0007, 913.653, 898.283
3.47502, 31.838, -115.663
4.11407, 1142.63, 1394.73
5.56182, -255.348, 239.204
5.13511, -148.787, 78.7156
3.45653, -425.128, 980.298
4.7178, 2036.65, 1134.35
4.48693, 2234.11, -437.842
6.28051, 35.6407, 9.28165
6.6213, 185.433, 157.395
5.51573, -245.733, -728.104
3.04573, -109.554, -66.118
4.11797, 1107.13, -144.565
5.03403, -78.914, -53.1577
4.76521, 424.012, 774.374
4.77315, 9.22276, -96.0643
4.91125, 214.694, -48.9416
5.07896, -1795.28, 338.065
4.50207, -812.967, -1041.08
4.22945, -410.926, -105.709
6.64533, 139.073, -201.295
3.02204, 1250.61, -138.035
6.40057, 228.397, 27.4646
3.19919, 58.7719, 225.626
2.62171, 1308.84, 1608.14
6.0664, -3.50568, -6.88945
7.15538, 7.57609, 87.2719
7.47667, -160.537, -178.865
3.86264, -0.935485, -97.0814
3.6923, -756.558, 592.813
3.87328, -131.3, -1113.76
5.70836, 122.347, 193.459
5.17637, -205.716, -164.115
6.8967, -1119.68, 1758.25
6.75968, 10.2632, 52.2116
2.98004, -172.919, 588.34
4.66818, -254.364, 71.4905
3.17045, 69.8561, -106.48
5.86802, -135.112, 11.6956
5.34964, -279.188, -196.738
3.66474, 163.067, -943.474
5.50306, -171.58, -115.048
2.6551, 73.8067, -468.738
7.08512, -131.369, -48.127
3.82958, 709.495, 295.681
6.50016, -62.4802, -100.215
5.46389, 170.89, 36.2321
5.0822, -153.114, -17.9628
5.2567, -180.744, -5.47101
3.47225, 114.702, -361.097
5.36152, -1010.52, -445.966
3.81992, -295.362, 1900.69
4.41648, 814.151, -1881.1
2.73626, -204.839, -211.425
4.22823, 18.1537, 16.6602
3.61594, -1230.59, 2513.39
3.81264, -19.5192, -117.594
3.05141, 71.2999, 147.566
7.40088, 102.228, -329.321
5.93794, -803.867, -304.9
5.82158, -67.49, 59.3495
5.99501, 102.552, -235.569
2.68746, -49.9324, 171.614
3.6706, 28.811, 115.146
3.95397, -1727.92, -2617.69
3.50543, 126.808, -164.3
2.7177, -1014.35, 1245.82
2.56571, 684.256, -542.632
6.07297, 2075.74, -723.559
6.88348, -123.996, -171.405
5.35088, 655.081, -1296.68
6.92743, -913.012, -937.078
5.20042, 232.526, -191.277
3.31357, -900.797, 512.495
3.30492, -931.809, -1027.1
7.19182, -120.097, -42.8181
3.45628, 68.1633, -407.314
3.15761, -1194.54, 241.503
4.41122, 251.151, -417.493
6.12674, -424.843, 1223.24
2.50651, -2242.18, -305.97
4.60222, 1562.41, -972.511
5.18984, 716.174, 144.405
4.86596, -17.7889, 488.3
6.33003, 542.766, 22.1691
2.9396, 716.072, 20.8457
7.04284, 194.584, 385.219
3.20818, 423.631, 223.993
2.54782, -58.5681, -18.9259
2.82267, 124.544, -141.333
4.96742, 386.756, 340.551
5.40914, -9.93118, 29.3343
4.03373, 1242.92, -2288.45
4.57091, -25.4207, 206.744
4.33401, -132.398, -318.747
3.42687, 60.2446, -1374.92
2.76788, -789.918, -1094.83
4.47222, 13.2509, -109.579
3.98388, 596.464, 561.899
5.05388, 116.5, 65.6669
3.75392, 806.922, -1481.66
5.01589, 261.125, -379.355
2.51168, 915.828, -124.668
7.01807, -1819.47, 786.728
2.79181, 1376.76, 1254.61
5.17506, 34.4468, 1197.99
3.95754, 1297.32, -578.626
7.3023, 160.768, -184.969
4.73406, -1390.11, -726.892
5.08479, -63.1401, -15.804
5.93861, -388.945, -546.401
2.72187, -65.7328, 106.924
7.2946, 1404, -1122.16
5.70852, 122.139, 275.75
2.80215, -3.18715, -57.9873
3.33964, -72.6679, -49.4358
5.76491, 235.509, 28.9876
6.19864, 227.53, 1091.46
3.57011, 365.895, -342.19
4.31441, 42.6365, -932.666
6.56981, 732.224, -402.545
5.32057, -155.555, 13.609
7.45886, 43.62, -28.4539
6.5669, -237.111, 62.8987
3.49157, 1092.99, -1572.42
2.50003, -25.081, -96.4512
4.62608, -1190.22, 1466.35
4.07406, 983.634, 456.403
5.56218, -1443.3, 206.869
3.83351, 4.35558, -79.6353
4.39881, -253.226, -336.789
5.43397, -234.885, -580.081
5.95636, -76.5422, 367.381
7.26736, 17.2245, -119.553
4.89785, 136.953, -417.331
3.60319, -611.563, 408.273
5.33741, -328.482, -135.453
6.09873, -59.4448, -7.80169
4.4953, 1177.68, -288.73
3.48326, 817.501, -445.522
6.66971, 54.735, 170.365
5.59561, 665.824, -311.092
7.26866, 56.6492, 2.24344
3.23222, 685.942, 633.999
5.38953, 28.7813, -92.4899
7.26796, -66.3349, -137.076
3.62331, -1728.35, 933.699
7.25137, 56.7278, -31.2362
3.07874, 781.967, -286.124
2.58372, 88.0273, -6.94125
3.90465, 67.7258, -453.046
7.15042, -89.7825, 75.4231
3.04796, -992.845, -350.347
6.77266, 198.884, 111.547
5.68532, -128.705, -109.302
5.63853, -11.961, -25.263
3.80589, -276.583, 770.209
5.13936, 658.71, -584.3
7.16608, 8.91774, 53.2597
3.98055, 221.416, -207.473
4.78006, -87.7858, -101.26
6.35659, -165.409, 1533.52
4.17193, -657.391, -1722.64
6.31775, 50.9287, -106.472
6.65892, -1001.18, 722.093
2.64618, 1101.3, -793.75
4.31315, 336.855, -342.962
4.16221, 40.4796, 533.196
3.17675, -77.739, -86.8312
3.00839, 452.856, -1440.99
5.11327, 401.403, 260.116
3.52046, -70.2464, 263.256
5.00728, -130.212, -338.647
5.1371, -1620.43, 835.654
4.13422, 65.3209, 26.6402
4.75888, 59.4858, -185.015
6.85263, -50.2626, 1.47329
4.72884, -99.5906, -2.21503
6.03726, -49.2457, -284.214
6.83171, -1015.81, 256.11
6.5822, -80.8603, 77.1964
2.67504, -1171.37, -514.069
3.8644, -119.511, 1144.29
5.21858, 329.442, -81.778
3.19942, -239.082, 34.045
5.57408, -149.62, 5.8711
3.29182, 129.928, -611.752
4.41129, 495.318, -124.25
5.94997, 111.389, 138.176
3.21128, 1592.01, -106.007
5.65284, -195.714, 84.122
3.15973, -1047.87, -1032.28
7.13583, 84.5368, -72.278
5.53465, 1647.82, -2545.66
5.50388, 658.715, -523.734
3.33635, -42.5693, 56.6971
3.301, 181.297, 412.766
5.91628, 71.4246, -92.6662
5.1456, 140.715, -237.309
3.65264, -1010.02, 327.214
6.55373, -38.9418, -214.129
5.76477, 20.2069, 52.8048
4.08597, -316.592, 151.47
2.53953, -1.04465, -72.4649
3.49176, -111.854, -954.241
3.78831, -284.003, 628.086
3.03825, 540.954, -189.918
3.49545, -699.166, 116.782
6.75079, -1831.43, 1000.05
6.63912, 75.1469, -66.3077
6.76813, 11.5706, 41.3363
5.71027, -225.857, -100.719
3.6787, -1120.48, 1132.48
6.80638, -157.655, -85.7524
5.4745, -178.747, 705.274
2.52745, -929.092, -958.818
6.84925, 230.687, 381.007
7.37729, 399.355, 341.127
5.59653, -962.379, -774.707
3.85574, 194.749, -215.774
7.46973, -11.7412, 57.9991
4.60751, -677.871, 356.047
4.20537, 344.47, 457.368
4.80717, -29.5003, -149.599
4.44822, -455.842, -1306.05
4.613, -1767.56, -409.015
2.84879, -56.252, 13.0376
5.5153, -136.659, 25.5605
7.36114, -119.019, -17.2835
5.07406, 68.1696, -73.8482
7.45461, -26.9642, -94.0715
5.84906, -764.811, -2013.45
4.01716, -469.731, -101.164
3.47371, -802.501, -311.88
4.0109, -238.42, -204.244
4.93946, 112.629, 2.18661
4.72438, -320.73, -214.721
5.7844, -73.0663, -22.7918
3.74227, 1992.23, 1233.88
4.72007, -806.17, -812.328
5.75894, 59.4927, -92.6623
6.67472, 290.298, -132.612
6.03698, 424.429, 189.995
4.93928, -70.7471, -280.05
6.72039, 567.359, 394.652
7.00296, 66.8233, -204.849
6.33082, -275.486, 208.486
5.29453, -871.878, -306.871
2.70603, 781.698, 87.6234
5.46749, 620.961, -563.589
2.68674, 241.449, -1494
4.53488, -123.959, -300.359
2.84243, 38.4253, -340.674
7.38558, 36.8924, 99.2922
2.5956, 1115.26, 1265.13
6.60363, -100.486, -211.814
5.2195, 1478.23, -985.141
5.72828, 56.4366, 16.2413
3.62934, -122.923, 295.227
2.733, -103.659, 953.595
3.63154, 10.5819, 11.7407
4.58371, 379.369, -955.27
6.40126, 68.8446, -321.116
3.72852, 558.618, -1117.72
4.81411, -158.491, -20.2315
6.14756, 313.954, -530.7
5.35237, 1781.33, -320.19
5.45997, -437.194, -775.91
4.98425, -56.1041, 37.1653
3.951, 6.50458, 27.5134
4.71107, -28.8152, -38.5666
2.53669, -926.009, 1935.43
7.41683, -25.0284, 42.2118
2.52822, -186.2, -241.517
4.8676, 583.864, 498.719
5.86497, 1277.36, 2040.19
