6.27803, -899.853, 444.864
3.5948, 294.245, 765.174
5.89648, 605.441, -348.015
5.09708, 47.9307, 225.38
2.76731, 1408.68, -1587.53
2.53849, 437.142, -179.518
4.58743, 2015.11, 1139.33
7.15218, 179.751, -89.8363
2.95982, -120.135, 474.813
6.00595, 629.936, 547.065
3.81226, 343.5, 153.445
4.14117, -21.0493, -74.8355
7.45519, -456.148, -589.52
7.41275, -35.663, 109.044
5.75759, 192.267, 530.685
6.92354, 110.78, -254.415
6.33247, 69.7458, 88.5942
3.87453, -763.446, 142.867
4.93259, 52.779, 169.771
2.80282, -1672.05, 168.094
5.08146, 72.4654, 311.429
4.96988, -1299.88, 412.385
7.23882, -294.957, -201.736
4.42071, -62.2251, 136.004
5.14874, -1020.5, 434.435
2.75042, -289.016, 1284.02
6.63909, 339.102, 525.57
5.94228, -476.242, -121.393
6.18112, 11.2003, 230.779
6.94286, -1083.93, -1180.59
4.25508, -37.185, 94.9305
6.72991, 125.741, 317.528
3.84659, -57.6595, 122.053
4.83959, 683.586, 68.2789
3.2686, 4.61761, -353.386
2.66527, -136.608, 143.213
7.2768, -670.848, -694.598
6.95369, 341.049, 292.934
3.29884, -860.23, -17.3758
3.15214, -707.099, -322.765
2.515, 731.9, -78.4788
6.0491, -143.685, -255.824
3.40448, 789.594, -151.377
5.76029, 18.1613, -229.954
4.42907, 50.3272, -275.738
3.23766, 450.729, 740.783
5.45054, 213.578, 434.97
3.24076, 945.429, -424.662
3.2091, -847.74, -730.416
4.94257, -298.608, -378.557
3.13015, -732.743, -73.4888
5.64635, -598.8, -20.3632
5.60817, 30.9063, -85.4769
4.88216, 984.771, -1361.32
2.64188, 512.259, 798.571
3.21011, 1212.11, -328.607
3.15594, 144.495, 237.012
3.31099, 665.843, -952.715
3.76529, 464.041, -177.045
4.77654, -1513.37, 824.064
6.54472, 6.66239, 45.5982
3.57624, 145.033, 213.449
3.75063, 145.668, 677.901
5.02978, 318.912, 525.003
6.27922, 120.657, -111.233
5.66369, -447.758, -1076.61
5.9449, -976.938, -641.343
7.27207, -759.034, -309.291
5.18713, 1269.67, -673.861
4.57014, 144.481, 731.657
4.70019, 259.993, 478.278
6.07821, -792.633, -919.539
6.20858, -687.751, -895.011
5.12494, -1070.5, 979.523
6.06711, -19.9765, -1.1199
5.91025, 135.88, -62.6319
6.82941, 787.853, -613.998
3.19597, 718.59, 372.46
3.57766, -56.0059, -14.98
5.0733, -87.3308, -369.344
4.83766, 326.985, 469.494
3.55759, 707.541, -994.09
5.65244, 628.54, -402.842
2.5044, 770.477, -1065.99
4.09589, -62.4568, -1458.76
5.90281, 68.6267, 198.685
6.0446, -71.2912, -233.748
2.90869, 32.3907, 335.205
3.56926, 240.138, 133.595
4.44412, -87.52, -173.199
4.44927, -1346.29, -540.116
3.92018, 234.998, -120.441
4.6123, 174.391, 254.106
2.55658, 646.48, 3.32158
3.72027, -1303.92, 716.932
4.49072, -307.798, -1208.4
6.64177, -136.438, 198.169
3.78584, -549.579, 453.597
3.59705, -558.509, -393.452
6.47385, 363.386, 355.001
5.8476, -527.688, -310.24
5.49108, -179.293, -468.219
5.99917, 1026.67, 470.965
5.13062, 10.8634, 88.6009
4.14833, 117.904, -74.3631
3.30844, 1114.42, 160.424
6.56633, -216.98, -89.5986
4.08004, 667.406, 318.586
4.05369, 56.2948, -223.372
4.65424, -95.8829, 189.632
4.46509, 535.248, 69.6181
4.43916, 303.153, -408.086
4.34871, 99.7211, 62.9502
5.88118, -497.371, -506.043
6.10384, 680.524, -24.8488
7.20082, -879.972, 44.2293
5.08573, -14.1102, -41.1236
5.5282, 623.094, 549.156
5.85049, 660.83, -961.438
5.11404, -428.521, 86.2642
3.87105, 231.127, 188.831
7.08924, 317.776, 405.311
3.73367, 151.702, 79.7974
4.77876, -405.349, 403.021
3.30374, -12.8353, -277.255
4.68319, -117.417, -364.058
7.45767, 308.776, -288.365
6.26931, 837.374, -1075.97
4.97846, 7.36252, -79.0641
7.01651, 23.3152, -19.066
4.68213, 382.665, 314.643
5.09239, 847.488, -642.111
4.44866, -777.82, -875.772
5.63431, 24.1274, 78.5063
5.19331, 174.617, -34.8024
4.35955, 348.008, -206.214
2.54674, -50.9343, -116.456
6.3794, -110.557, -203.749
2.85317, -105.045, 6.92844
3.98511, 129.278, -259.817
4.78581, 11.9646, -60.1349
3.25156, 169.84, 101.203
5.97819, 374.929, 349.681
4.15587, 352.529, -230.835
5.21197, -859.009, 1438.66
2.64678, -1145.84, -254.596
5.38086, -259.529, -564.663
5.18133, 245.317, -167.284
7.36678, -532.793, 568.336
5.57063, 67.3985, 89.1599
5.26431, 789.212, -1024.37
6.69051, -69.9552, 341.107
3.75764, 86.1253, 525.287
6.98957, 63.1514, -32.8116
5.97428, 486.4, -185.83
5.82752, 266.395, 950.33
3.06838, 324.447, 339.313
3.37987, 419.987, -69.9848
2.91253, 104.925, 122.939
6.68103, -264.249, 609.607
2.64818, -415.51, 213.809
6.34719, -98.1426, -113.494
4.29829, 215.797, -1133.63
6.24626, 810.203, -290.627
6.28385, 112.934, 142.617
3.60834, 948.177, 19.1699
5.58305, -5.72131, 6.88045
3.66846, -51.0603, 90.6398
6.22052, 133.605, -1063.29
5.80997, 319.404, 559.476
4.9209, -776.762, 1496.47
2.58972, -626.113, 195.755
4.98291, 53.5018, 483.5
5.09587, -98.5382, -99.6219
4.71395, 651.3, 989.39
4.14528, -891.566, 52.8219
3.52671, 208.004, -347.793
7.19863, -259.869, 733.539
2.85168, 852.556, 741.739
3.30042, -86.6578, -408.024
6.70788, 31.3141, 39.7652
4.13614, 350.717, 283.874
6.85942, 227.034, 533.601
5.99896, -387.317, -259.72
5.52801, -63.4277, 237.352
4.77536, 442.818, 571.882
2.91543, 1041.3, -29.4126
3.94883, -900.133, -758.545
6.51009, -356.539, -88.7466
6.81821, 516.014, 534.852
3.81831, -1388.58, 157.562
4.79881, 101.114, -264.506
4.95672, -91.4363, -261.068
5.82344, 575.43, -838.101
7.31738, -57.5147, 76.6304
7.23022, 211.243, 17.0079
2.81902, 133.289, -574.651
5.04829, 93.9329, -34.5063
6.13222, -245.47, -5.19354
5.65882, 278.084, -7.3715
3.26658, -54.5531, -345.788
5.09652, 652.529, 993.204
3.52281, 1578.65, -575.297
6.03231, 22.5862, -297.746
6.05786, -167.161, 1659.69
3.66304, 284.342, 198.649
6.80594, -292.598, -50.5051
2.67122, -440.054, -602.075
6.26587, 23.6358, 428.95
4.14789, 137.709, 111.415
4.65309, 1382.07, -150.117
7.33455, 239.106, 376.907
4.05803, -690.909, -720.689
5.69762, -1620.17, 166.171
5.95386, -61.2608, 33.2047
5.36403, 71.5871, 40.1692
6.60667, -866.882, 1464.82
4.21807, -1026.95, 618.04
5.09387, 6.11186, 246.489
6.78438, 725.856, -5.77593
6.18587, 671.183, 465.552
3.45992, -78.7034, 46.0783
2.83145, -31.1807, 24.3039
3.60828, -1261.02, 799.246
3.33656, 51.9498, -27.1111
6.31172, 68.0007, -47.3789
5.44905, 352.454, -939.151
4.65223, -1726.65, -293.688
7.09618, 816.424, -332.754
5.09668, -198.012, 361.842
7.38058, -487.974, 231.582
5.15714, 353.677, 282.829
2.98716, -289.107, 1032.41
5.83983, 297.943, 464.534
5.44444, -382.368, 938.082
5.01137, -16.0915, 85.8545
2.75808, 825.042, -43.0518
2.6753, 719.135, -299.772
4.41484, -27.805, -14.9864
5.55555, -726.96, -1080.5
5.06574, -1714.82, -264.329
5.98498, -10.2888, -67.8345
4.89891, -25.371, -320.343
3.88323, -1603.74, -32.6561
6.01685, -21.185, 1147.76
3.67701, -41.8692, 155.132
6.41501, 76.7899, -65.988
6.60589, 774.28, -420.16
3.21842, 790.694, 994.47
5.75757, 630.18, -543.867
3.87677, -158.235, 351.637
7.26215, 359.639, -515.936
4.58238, 50.5051, -19.7952
3.03869, 92.4737, 268.08
4.70633, 157.969, -25.3924
6.28811, 168.869, 67.3438
2.77803, 613.342, 566.209
3.51241, 127.855, 76.1295
6.82305, -170.447, 254.405
6.52456, -101.448, 31.8683
2.78861, 296.854, 907.809
4.40304, -138.792, 78.5985
4.56124, 288.836, 133.887
2.80071, -542.258, -102.91
7.09746, -651.658, -624.181
3.35398, -90.7576, -97.0311
6.51634, -170.565, 185.9
3.88599, 427.78, 359.274
4.44586, 84.6579, -125.571
7.19936, -899.236, -153.443
6.24573, 6.45269, 1105.05
3.44774, 713.363, -991.553
6.89581, 162.718, -54.5665
6.8953, 167.574, -80.7292
3.30515, -72.0544, -233.128
5.87346, -99.0386, 263.279
6.89096, 106.309, -157.228
6.98262, -475.017, 1127.47
3.06535, 12.188, 66.3557
5.93789, 332.814, 558.883
3.21651, -193.574, -393.333
3.6901, 456.201, -173.315
5.64383, 735.307, -620.991
4.312, 418.6, 323.959
4.64437, -781.429, -654.725
4.91936, 569.143, -514.816
6.20379, -242.04, -435.498
3.23098, 686.687, -394.496
7.36238, -287.692, -138.321
7.3158, 66.2692, -82.0892
3.14741, 600.812, -504.874
5.3784, -418.892, -335.929
4.66439, -368.34, 50.3991
5.50066, -41.2668, 104.443
5.85098, -138.098, -107.972
4.5137, -1092.9, -389.42
6.46691, -825.218, -651.119
4.89889, -945.45, 792.549
5.72449, -658.791, 354.951
4.28836, 1435.53, -320.778
5.96794, -93.9725, 603.067
5.83428, 251.956, 403.282
3.22071, 662.025, -384.304
7.10415, -57.778, 57.9164
4.22228, 566.435, 1262.65
6.66824, -198.611, -228.538
2.74349, 479.468, -194.134
3.27936, 376.74, -243.498
2.55765, 561.993, -302.433
3.94327, -54.0727, 5.50319
5.07295, 247.375, -247.56
3.65948, 147.178, -1250.01
2.75022, 290.653, -233.897
5.33091, -16.879, 77.624
6.69774, -9.85691, 229.398
4.28763, 457.911, 634.798
4.3452, 360.433, 340.884
7.22226, 385.123, 210.615
4.72425, -729.683, 407.835
6.82086, 44.6639, 128.47
5.82654, 314.783, -510.884
5.79297, -545.401, -358.204
7.10736, 977.999, -702.082
5.11536, -1059.32, 971.783
5.45229, -636.559, -335.658
5.79944, -229.949, -1083.58
4.24765, -820.758, 384.793
4.11714, 491.778, -76.0792
7.08984, 383.547, 360.706
3.08619, -1216.35, 485.799
7.31268, 205.497, -164.067
5.17978, 276.807, -152.621
5.81447, -521.618, -160.008
5.48362, -1320.37, 582.817
6.93363, -242.375, 202.293
6.67999, -150.16, -226.825
6.69339, 293.164, 442.666
6.85642, 34.2275, -273.207
2.5002, 322.289, 832.284
4.77274, 83.3756, 461.402
4.25696, 995.895, -120.698
5.80713, 1177.8, -1126.33
6.22234, 181.407, -150.193
3.3821, -418.203, -1274.84
7.4621, -575.11, 811.727
5.95466, 406.592, -299.407
6.97862, 163.042, 45.3046
3.51579, -270.753, -239.279
7.2356, 99.853, 672.678
4.88476, -1333.17, 575.341
6.78578, -1264.21, 798.969
6.41237, -276.726, -501.163
5.70687, -1076.68, 962.756
3.14521, -272.405, 556.304
5.77944, 151.367, -613.898
3.09199, -9.79605, 51.3207
3.88793, 1041.67, 58.2867
6.65548, 296.509, 1076.86
6.14153, 1162.72, 1440.56
6.74348, 1193.17, -890.281
3.43989, -91.2019, -645.52
6.09602, -40.1194, -422.2
4.25586, -360.119, 551.544
3.34555, 546.59, 748.589
4.52383, -1166.49, 207.302
4.20924, 165.912, 219.017
6.67141, 47.8677, 159.651
3.9111, -898.026, -1454.52
5.16766, 658.617, 520.933
6.25085, -319.626, 316.117
4.62554, -19.2244, 126.771
4.66964, 1011.18, -102.117
3.03022, -1223.69, -426.98
6.4639, -243.482, -358.786
3.91232, -162.616, -145.635
7.14264, 1123.89, 1312.36
5.37926, 321.893, 411.995
3.4895, 128.199, -592.455
5.99081, 148.073, 281.747
3.07265, -353.105, -485.678
4.22945, 551.178, 639.637
4.15646, -108.366, -402.522
6.42735, -1289.09, 634.51
6.65775, 388.54, 332.301
4.21712, 830.662, -469.138
4.2603, 204.268, 249.356
6.38197, -198.153, 78.7575
6.58658, -443.639, -346.826
4.26157, -44.3629, -135.869
7.09559, -179.928, -28.1156
3.2877, 648, 491.751
5.56029, 642.982, -537.861
5.54222, 7.31909, -7.1447
3.16647, 842.702, 1103.7
3.51409, 990.5, 1458.56
4.79457, -204.401, 52.7326
3.48759, -580.516, 404.866
6.77118, 74.6279, -147.494
6.54562, -474.716, -297.457
2.80131, 629.685, -836.424
6.50584, 521.228, -1406.53
5.49597, 2.45109, 168.515
7.43182, -146.046, 88.2289
2.65919, -763.421, 59.6298
6.8356, -923.29, 1131.98
3.69109, -7.43898, 526.544
3.6127, 134.785, -666.223
4.73907, 1680.85, 780.91
2.61231, 447.807, -214.241
6.79755, -151.734, 21.9813
4.15902, 390.07, -1679.41
5.72195, -436.737, -286.628
7.43521, 573.726, -93.5625
5.30162, 236.37, -422.46
4.74553, 27.671, 40.8243
5.213, 90.003, 60.1746
2.90797, 109.118, 12.7383
3.99606, 1016.44, 849.799
6.63964, -1252.47, -304.789
6.48936, -969.189, 239.207
5.71048, 9.40484, -15.7155
4.84105, -218.853, -186.26
7.15326, 363.421, 997.395
5.08798, -379.468, -232.456
7.42924, -1242.01, 836.074
5.94567, -75.8956, 202.205
6.19966, 66.9989, 81.4713
3.46323, 797.046, 469.363
6.08881, 1045.8, -742.89
6.11146, 225.667, 533.518
6.49298, -242.318, -126.289
4.23216, -1309.47, 206.329
5.1481, 227.204, 523.49
3.19001, 269.035, -667.998
6.73218, 4.561, -79.4229
6.32766, 297.944, -139.354
7.5, -1320.56, 582.559
4.24891, -1779.32, -720.69
5.50367, 928.868, -36.3992
3.50808, -20.4808, 1276.41
6.2385, -1037.83, 179.764
6.49225, 288.355, 425.447
3.03505, -385.371, 475.792
5.35813, -44.8074, 140.604
2.84683, -1589.59, 589.007
4.16036, -118.91, -183.065
5.80945, -31.0436, 217.336
5.27726, 283.56, 1188.35
7.12415, 190.31, -50.8905
2.69832, 232.933, 682.197
2.62083, 755.195, 724.193
4.61923, 179.513, 261.716
4.36987, 59.9233, 372.358
2.93303, 872.695, 678.5
3.05403, 123.896, -138.025
5.31992, -1160.24, 157.425
7.37269, -83.2618, 218.971
3.05066, 44.6338, -1267.92
5.99352, -985.855, -1155.23
2.79674, 322.853, 938.4
4.69755, 55.5902, -13.1774
5.24651, -626.755, -516.715
3.45129, 22.4613, -114.993
7.36597, 114.322, -260.474
3.19593, 0.926452, -482.177
5.48978, -1003.28, 300.272
7.12812, 212.376, -809.792
3.91116, 132.628, 413.915
6.8307, -51.471, -122.373
6.29598, 594.113, -644.016
6.10793, 141.635, -322.963
3.34241, 395.412, 564.609
3.32882, -333.743, -753.698
3.39076, -56.236, -213.625
5.87226, 57.4029, -170.795
4.83484, -179.913, -70.1753
6.85219, -45.0351, 138.049
5.76023, -154.268, -341.428
5.80464, -532.298, -155.83
2.58037, 116.753, 262.14
4.30596, 1518.36, 965.167
3.72747, -24.3959, -336.367
6.93086, 692.931, 731.322
5.23701, -1861.91, 15.396
6.57209, 55.6098, -280.466
5.24453, -453.243, -636.635
4.16156, 143.513, 316.681
4.40213, -618.468, -1005.42
2.52389, -569.628, -18.9149
6.95226, 258.802, 51.7851
6.16955, 533.769, -56.8464
6.04239, 339.396, 394.987
5.1278, 818.127, -745.789
6.41065, -89.6319, -57.5247
3.42484, -138.134, 115.844
5.72673, -75.8963, 144.728
3.42178, -181.901, 34.6932
3.31214, -867.875, 254.491
2.65594, 760.864, 77.6972
7.42716, -103.278, 116.954
4.04559, -41.0549, -63.3996
4.11075, -45.6443, 209.997
5.51155, 61.9348, -45.043
2.89107, 1297.37, 25.4933
3.93936, -194.89, 245.116
5.79307, 671.989, -483.659
7.36348, -125.674, -53.4262
7.27758, 1014.21, 332.069
7.42745, -353.023, -174.251
7.30478, -152.673, 110.329
3.0073, -38.5958, -230.262
3.71505, -120.341, 225.096
6.91151, -78.1997, -7.02642
5.28805, 336.755, 387.502
6.7669, 147.788, 113.671
7.49145, 740.899, -353.219
3.99751, -1087.73, 863.349
6.33157, -1994.82, -751.719
4.81901, -749.84, 46.4587
6.8168, 54.1375, -80.5371
6.99018, 263.002, 58.3842
7.377, -79.9194, -3.17966
2.77405, 218.296, 1.40234
6.32605, -206.67, 212.506
5.09219, 760.201, -925.893
3.46574, -25.4983, 453.121
6.98252, -18.9577, -110.004
6.38492, -283.931, 237.856
2.75968, 239.731, -133.154
7.47331, 600.438, -948.62
5.93659, 185.603, 11.3534
5.94854, -521.955, -162.697
6.57666, 972.321, -535.327
7.05426, -168.424, 90.7634
3.34218, 513.133, 1478.8
5.24183, 997.103, -695.125
6.53351, -109.196, 36.9196
4.17803, 174.535, 149.206
5.53435, 225.952, -481.811
6.59602, 430.821, -916.127
7.3485, 177.195, -44.4759
6.29349, -6.81484, -287.905
3.72113, 245.378, -337.88
5.80589, 107.122, -102.849
4.21574, 462.905, 164.233
7.27146, -28.7327, -65.3971
2.60828, 507.646, -1108.39
4.54979, 680.918, -319.983
2.55789, -312.626, 1037.93
3.04964, 146.922, -171.908
5.28259, 574.081, -822.887
4.45466, -69.7473, 16.8454
7.20539, -19.2721, -168.285
2.55572, -579.853, 11.275
6.22897, 104.64, 533.16
3.84293, 252.655, 4.68231
4.27153, -294.959, 8.36924
3.45835, 1445.5, -1551.2
5.14832, -145.992, -14.9429
4.39478, -289.324, -1307.53
3.16407, -62.2398, -188.69
4.26563, 296.193, -7.50767
4.2497, -1472.92, 632.677
7.41084, -998.28, -653.057
5.25961, 170.907, 355.711
4.99918, -950.445, -266.074
3.58531, 601.458, -835.194
4.37311, 173.631, -204.899
6.78251, 577.231, 434.67
6.45578, -748.484, 1283.65
3.9204, 977.953, -1010.06
5.07645, 424.049, -592.607
6.79238, -61.11, 12.4509
7.07844, 346.384, -430.217
7.48941, -746.464, -687.349
6.53177, -505.445, -476.138
5.22718, -114.367, -358.426
7.3461, 360.483, -354.947
5.31931, -275.493, 245.206
4.03031, 667.884, -542.68
5.41853, 428.012, -113.485
2.91197, -14.5221, -437.903
5.47382, 215.796, -173.122
3.31968, 720.582, 1041.08
6.46527, 198.958, 517.222
2.95373, -606.257, 354.324
6.3072, -69.2699, -25.9166
6.83996, 38.7649, 136.642
6.40105, 178.115, 116.314
6.61399, -895.982, -439.604
6.70974, 44.8956, -1.74896
4.48328, 665.977, 311.86
6.508, 66.2886, -51.8867
6.56811, 310.278, -0.130548
5.43493, 547.979, 883.094
4.64621, 45.5471, -188.404
2.5002, 466.135, -592.032
5.31153, 61.73, -275.143
6.22632, 377.579, 337.739
3.89846, 1076.07, 526.689
2.93406, -121.973, -1470.29
3.5733, -539.925, -21.4687
3.93296, -179.843, 21.3531
4.86595, 490.948, -274.114
6.95893, -842.947, -664.938
5.91955, 250.848, -176.567
3.54376, -10.7383, -85.0044
6.67533, 103.386, -44.0378
7.09218, -546.252, -323.794
4.48244, 638.16, 205.404
6.37858, 171.802, 428.116
5.68161, -183.064, -150.395
6.64746, -89.5906, 186.163
3.40204, -76.2597, -429.843
7.45927, 141.312, -37.5916
6.70558, 360.001, -513.246
4.65177, -476.101, 226.478
4.38589, -580.485, 170.628
2.70802, 96.2521, -136.716
6.80715, -281.709, -285.224
6.62116, -1134.04, 836.145
6.25052, 182.425, 607.886
3.55801, 200.852, 152.473
4.31029, -199.797, 23.2507
4.43545, 231.159, 420.342
7.32918, -1120.76, -772.662
6.5872, -26.9837, 117.466
4.5755, -631.142, -8.06908
5.83759, 261.947, 21.4386
2.52101, -1265.96, 881.178
6.98048, -168.028, 119.917
3.68416, 649.87, 546.599
3.79415, 91.9512, -106.679
5.4939, 349.321, -124.738
6.89823, -832.636, 120.435
6.16299, 692.563, 181.82
6.0773, -689.199, -281.72
3.57724, 1673.86, -105.15
6.30413, -1329.96, 890.585
3.85351, -100.922, -128.77
2.75246, -215.581, -183.261
4.78866, 243.857, -138.084
2.58759, 422.457, -97.757
3.01129, 1296.24, -973.318
2.639, -513.568, 196.993
5.65921, -164.184, -223.758
6.34425, -136.193, 15.9731
2.74132, -727.76, -369.693
6.6924, -237.085, -205.662
6.76899, 24.9282, 33.6847
6.57649, 617.416, -547.004
6.85188, -150.475, -1127.03
5.27222, -39.574, 92.2668
6.12646, 48.9383, 859.21
3.20424, -1423.44, 761.533
6.6115, 65.6166, -168.673
5.51185, -731.652, -1076.63
4.93856, 125.064, -136.406
6.14942, 36.9387, 273.144
4.05164, -947.199, 504.292
3.93925, 174.201, -531.627
5.45857, 815.507, -1071.01
5.34055, -1104.36, 358.172
5.41059, 1239.12, 586.055
2.84132, 401.149, -755.071
4.34304, -672.881, 404.065
6.28475, -66.6497, -117.18
6.35297, 765.367, 977.494
4.27217, 58.5306, -83.393
5.98913, -79.7891, -21.7761
5.08005, 912.919, 499.424
5.94494, -210.873, -41.3205
6.18066, -926.314, -845.208
2.56231, -922.959, -747.083
7.16549, -35.7662, 89.4651
5.37826, -585.973, -292.348
3.05587, -253.867, -357.71
4.87388, -32.9575, -39.2426
3.24247, -51.0325, -178.717
4.22594, -2265.21, -571.302
7.04476, -352.349, -207.176
4.54571, 987.092, -538.028
5.96642, -188.275, 73.5038
3.35865, -46.5764, -169.132
6.21715, -1062.9, 524.491
4.16319, 31.4527, 32.4476
4.62157, -30.2114, -46.6464
2.79523, 469.72, -368.736
5.09005, 283.375, 442.336
5.94425, -113.295, -472.301
5.01149, 3.75311, -196.715
6.56617, -143.823, -294.585
3.07974, -139.006, -34.7764
5.24841, 242.397, 526.302
5.06046, 65.1097, 41.6567
6.02649, -824.083, -658.659
5.65083, -114.438, 35.467
4.0207, -15.4061, 18.3208
6.74719, -5.91163, -61.2713
3.39619, 479.267, -856.492
2.61737, -236.397, 6.14402
4.19467, 316.251, -329.884
3.43818, -713.399, -703.704
6.60467, 110.3, -137.301
6.72507, 0.563987, 1066.97
6.78031, -958.775, 647.904
7.37454, 389.588, -207.747
2.99587, 257.004, -322.309
2.56182, -790.959, -808.409
2.58614, 177.019, -936.493
2.64527, 230.726, -110.33
4.1031, -871.12, -848.633
6.17815, -901.047, 444.984
3.14876, 109.774, 294.919
2.5161, 273.845, -392.992
6.91905, 241.549, -255.812
3.70482, 109.872, -534.703
4.38481, 182.681, -21.6232
4.44879, -133.853, -55.4741
2.81534, 787.047, 350.206
7.30792, 445.036, 269.793
3.75349, 444.298, -97.3834
6.85376, -57.9805, -265.637
2.85991, 629.894, -816.387
2.70653, 312.178, -621.324
3.46378, -49.7699, 75.5478
3.86708, -330.265, -979.719
7.4007, -16.6226, -20.6464
3.60607, 257.108, -1349.28
6.43119, 653.708, -956.469
4.42306, 220.2, -78.2915
3.78593, -1018.48, 859.358
3.91087, -98.9122, 331.679
7.33834, -99.223, -330.887
4.22841, -35.4646, -128.802
3.45922, -21.6219, 239.72
5.05037, -109.485, -19.9584
5.21857, 384.105, -1207.92
5.72333, -39.8644, 56.564
3.89738, 500.149, -521.172
3.41887, -230.276, -555.334
2.71579, 829.938, -1008.95
3.98408, -77.6212, 145.379
4.25548, 850.497, 156.117
7.09372, 611.456, -209.896
5.81225, -21.9503, -10.8467
5.08041, -760.638, -671.089
4.03763, -503.142, -137.935
3.0007, 718.812, 691.896
3.47502, 32.4275, -364.156
4.11407, 869.763, 1117.06
5.56182, -33.9741, 179.309
5.13511, -376.583, 224.061
3.45653, -381.182, 890.154
4.7178, 1601.79, 892.52
4.48693, 1705.09, -337.849
6.28051, 145.003, -50.7556
6.6213, 70.5965, 78.2343
5.51573, -242.651, -522.138
3.04573, 3.1196, 186
4.11797, 821.505, -86.2776
5.03403, 56.3367, -51.3465
4.76521, 447.017, 591.43
4.77315, -80.763, 37.9274
4.91125, -242.883, -78.7288
5.07896, -1435.82, 272.43
4.50207, -594.203, -947.483
4.22945, -540.89, -163.5
6.64533, 141.077, -251.666
3.02204, 1010.92, 24.7668
6.40057, 191.186, 367.472
3.19919, -86.2738, -30.5846
2.62171, 983.242, 1253.51
6.0664, 38.0416, -402.483
7.15538, 72.6418, -94.8175
7.47667, 31.6019, 119.402
3.86264, -70.3467, 134.906
3.6923, -547.404, 513.274
3.87328, -85.11, -781.595
5.70836, 353.787, 401.848
5.17637, 110.684, 16.4958
6.8967, -902.474, 1358.14
6.75968, 165.498, 376.726
2.98004, -200.181, 414.95
4.66818, -126.604, -264.23
3.17045, -158.066, -139.338
5.86802, 206.197, -81.1668
5.34964, -398.937, -68.9424
3.66474, 158.757, -765.427
5.50306, 131.145, 147.503
2.6551, -233.019, -321.353
7.08512, -54.5593, 130.411
3.82958, 575.79, 163.253
6.50016, 14.2152, 48.3606
5.46389, -0.131809, -40.0486
5.0822, 6.97452, -9.43431
5.2567, 293.964, 6.28133
3.47225, -4.38936, -186.582
5.36152, -688.589, -451.753
3.81992, -256.375, 1291.67
4.41648, 566.637, -1388.03
2.73626, -185.333, -20.7596
4.22823, 42.1922, -280.886
3.61594, -1015.03, 1939.28
3.81264, 101.231, 160.73
3.05141, -179.216, -123.231
7.40088, 148.084, -136.851
5.93794, -695.03, -281.127
5.82158, 32.8265, -113.818
5.99501, -97.1534, 126.827
2.68746, -17.5446, -235.403
3.6706, -146.531, -216.936
3.95397, -1267.63, -1926.89
3.50543, -111.989, 71.6099
2.7177, -810.328, 886.108
2.56571, 616.242, -586.33
6.07297, 1584.79, -576.155
6.88348, -99.1346, 8.54488
5.35088, 507.08, -966.44
6.92743, -582.305, -563.216
5.20042, -81.3722, -89.8498
3.31357, -715.328, 482.483
3.30492, -673.521, -852.462
7.19182, 90.991, -16.0632
3.45628, 208.301, -422.631
3.15761, -888.073, 308.658
4.41122, 329.716, -500.804
6.12674, -362.903, 950.223
2.50651, -1716.89, -265.794
4.60222, 1144.19, -759.342
5.18984, 510.33, 121.535
4.86596, -164.228, 361.783
6.33003, 203.122, 77.8622
2.9396, 680.006, 111.002
7.04284, 340.079, 371.12
3.20818, 392.898, -138.414
2.54782, -30.3648, -40.8889
2.82267, -73.2777, 60.7811
4.96742, 361.435, 355.667
5.40914, 71.2002, 82.8934
4.03373, 929.686, -1749.56
4.57091, -29.6666, 383.275
4.33401, -338.606, -232.894
3.42687, 29.278, -1181.65
2.76788, -565.27, -835.708
4.47222, -42.6164, 99.7476
3.98388, 584.322, 561.659
5.05388, 287.441, 326.329
3.75392, 613.269, -1149.82
5.01589, 168.064, -358.47
2.51168, 725.552, -4.88376
7.01807, -1327.4, 576.164
2.79181, 1094.38, 978.517
5.17506, 20.2974, 877.676
3.95754, 1007.39, -451.375
7.3023, -157.692, -65.5174
4.73406, -1094.93, -634.752
5.08479, 60.8445, -16.2002
5.93861, -228.927, -494.571
2.72187, 38.8029, -91.3893
7.2946, 1096.24, -900.421
5.70852, 34.3403, 367.049
2.80215, 227.393, -255.289
3.33964, 75.5636, 282.584
5.76491, 104.278, 315.322
6.19864, 317.652, 829.772
3.57011, 295.102, -526.83
4.31441, -28.9107, -632.772
6.56981, 634.034, -401.714
5.32057, 228.816, -38.7839
7.45886, -140.727, 24.838
6.5669, 46.3847, -8.78424
3.49157, 794.989, -1198.99
2.50003, 8.68398, -6.3291
4.62608, -926.184, 1122.44
4.07406, 762.178, 314.101
5.56218, -1132.26, 166.969
3.83351, 116.342, 15.932
4.39881, -235.167, -446.825
5.43397, -288.027, -675.357
5.95636, -217.787, 340.97
7.26736, 141.375, 10.3615
4.89785, 175.919, -511.996
3.60319, -720.558, 390.81
5.33741, -51.9375, -46.6954
6.09873, 34.2847, 62.0763
4.4953, 986.182, -280.21
3.48326, 729.404, -399.657
6.66971, -190.93, 43.0285
5.59561, 687.614, -89.2046
7.26866, 117.624, 349.106
3.23222, 571.656, 584.799
5.38953, -110.4, 27.9908
7.26796, 57.0307, -264.737
3.62331, -1336.68, 695.438
7.25137, -134.281, -30.9168
3.07874, 535.739, -133.986
2.58372, -91.2988, -347.659
3.90465, -48.8271, -401.573
7.15042, -155.486, 265.827
3.04796, -876.157, -293.354
6.77266, 215.521, 270.807
5.68532, -63.0466, -389.534
5.63853, 42.0897, -278.398
3.80589, -139.014, 537.07
5.13936, 579.228, -551.363
7.16608, 60.9835, 236.523
3.98055, 304.282, -163.861
4.78006, -384.797, -259.104
6.35659, -38.4567, 1110.56
4.17193, -479.833, -1500.15
6.31775, -3.88198, 83.6995
6.65892, -819.742, 453.343
2.64618, 825.137, -720.477
4.31315, 37.4107, -389.845
4.16221, -110.094, 545.762
3.17675, -77.2608, -123.015
3.00839, 339.707, -1088.14
5.11327, 521.739, 136.099
3.52046, 66.0976, -181.502
5.00728, -216.637, -329.195
5.1371, -1213.44, 536.493
4.13422, -259.419, 83.6878
4.75888, 196.068, -258.817
6.85263, -191.111, -29.6468
4.72884, 122.299, -151.81
6.03726, 183.365, -266.506
6.83171, -823.924, 277.474
6.5822, 38.0604, -116.718
2.67504, -784.425, -378.759
3.8644, 11.2298, 930.356
5.21858, 240.351, 2.2003
3.19942, -383.216, 141.43
5.57408, 120.866, 23.914
3.29182, 269.566, -498.45
4.41129, 442.578, -184.961
5.94997, 217.961, 241.584
3.21128, 1263.96, -123.678
5.65284, 151.062, -49.1884
3.15973, -694.436, -883.178
7.13583, -193.598, -23.7195
5.53465, 1212.64, -1883.43
5.50388, 711.096, -428.182
3.33635, 92.6641, -72.9017
3.301, 334.101, -38.1071
5.91628, -91.488, 4.12966
5.1456, -6.24624, -335.323
3.65264, -823.574, 115.606
6.55373, -51.6847, 123.971
5.76477, -83.6839, -231.293
4.08597, -71.8194, 359.382
2.53953, -169.986, 121.738
3.49176, -120.377, -890.315
3.78831, -369.295, 530.293
3.03825, 201.418, -317.745
3.49545, -673.336, 16.0999
6.75079, -1326.15, 698.584
6.63912, -193.909, -28.5571
6.76813, 164.058, 368.555
5.71027, 25.9929, 131.441
3.6787, -904.814, 884.342
6.80638, 146.189, -15.4876
5.4745, -263.717, 638.604
2.52745, -854.35, -854.214
6.84925, 318.949, 563.297
7.37729, 370.526, 360.494
5.59653, -820.921, -650.306
3.85574, 405.613, -178.311
7.46973, -154.479, -73.3387
4.60751, -448.875, 435.229
4.20537, 376.067, 617.459
4.80717, 262.283, -188.432
4.44822, -365.602, -1048.44
4.613, -1373.3, -343.162
2.84879, -5.4726, 43.1606
5.5153, 181.347, -37.8037
7.36114, 268.925, -181.085
5.07406, -60.4722, 63.6705
7.45461, 0.949694, 118.11
5.84906, -541.31, -1515.12
4.01716, -397.334, 76.5708
3.47371, -692.171, -280.885
4.0109, -238.261, -283.533
4.93946, 2.07444, -14.8616
4.72438, -463.638, -365.541
5.7844, -12.8895, 4.91715
3.74227, 1517.49, 965.483
4.72007, -757.837, -731.957
5.75894, -107.128, -166.788
6.67472, 415.201, -340.116
6.03698, 334.383, 217.728
4.93928, 191.525, 31.5397
6.72039, 394.506, 367.45
7.00296, -148.565, 141.466
6.33082, -76.9877, 371.115
5.29453, -811.407, -320.851
2.70603, 747.785, 105.526
5.46749, 407.386, -536.51
2.68674, 255.301, -1123.39
4.53488, 64.7858, 96.4997
2.84243, 216.288, -383.851
7.38558, 116.077, -159.486
2.5956, 986.341, 1014.66
6.60363, 67.5182, 165.918
5.2195, 1149.49, -695.118
5.72828, -115.347, 341.311
3.62934, -175.907, -25.0233
2.733, -177.842, 570.016
3.63154, -58.0697, 20.4773
4.58371, 429.441, -639.769
6.40126, -251.042, -194.524
3.72852, 434.898, -913.475
4.81411, 94.1691, -8.33566
6.14756, 108.285, -547.375
5.35237, 1269.19, -253.828
5.45997, -408.152, -650.186
4.98425, 53.7911, -279.014
3.951, -6.84999, 4.17639
4.71107, -64.4804, 56.1125
2.53669, -677.544, 1326.13
7.41683, -37.1005, 8.20571
2.52822, -291.303, -190.923
4.8676, 163.219, 425.404
5.86497, 988.217, 1510.28
