6.27803, -3540.67, 2079.55
3.5948, -89.7592, 1064.81
5.89648, 469.503, 197.971
5.09708, 603.077, 113.341
2.76731, 6871.41, -7039.97
2.53849, -2439.74, 3014.27
4.58743, 9648.18, 5728.97
7.15218, 130.309, -132.175
2.95982, 764.55, -479.219
6.00595, 421.068, 107.69
3.81226, -196.167, -35.9541
4.14117, 251.488, -51.5237
7.45519, 722.585, -816.871
7.41275, 141.783, 72.8265
5.75759, -547.083, -251.782
6.92354, 315.66, -65.5343
6.33247, 85.6796, 215.977
3.87453, -2629.41, -994.045
4.93259, -1378.8, -1155.51
2.80282, -8761.52, 2243.25
5.08146, 377.899, -56.9543
4.96988, -6105.86, 2303.45
7.23882, 112.415, 40.1363
4.42071, 205.159, -135.569
5.14874, -4582.26, 1187.98
2.75042, -321.425, 6106.51
6.63909, 568.1, 188.636
5.94228, 811.194, -245.342
6.18112, 693.624, 122.397
6.94286, -4509.21, -3897.56
4.25508, -192.652, 210.339
6.72991, 244.19, 12.6905
3.84659, 923.327, -379.281
4.83959, -164.256, 545.959
3.2686, -63.5734, -236.561
2.66527, 957.327, -595.677
7.2768, -1435.27, -991.321
6.95369, 87.5592, 190.456
3.29884, 12.7972, 415.412
3.15214, 2020.4, -1174.32
2.515, 3571.22, -653.399
6.0491, 89.5407, 103.249
3.40448, 14.8258, 16.6033
5.76029, -1111.2, 201.558
4.42907, 247.808, 13.902
3.23766, 1405.1, 1465.73
5.45054, 830.257, 190.058
3.24076, 3180.96, -1532.22
3.2091, -2615.76, -1502.52
4.94257, -44.7604, -85.4542
3.13015, 541.613, -325.178
5.64635, 1119.57, 268.349
5.60817, 226.209, -155.587
4.88216, 4157.09, -5730.33
2.64188, -859.032, -58.2258
3.21011, 4970.59, -710.17
3.15594, 710.556, -98.2254
3.31099, 1679.43, -2616.26
3.76529, -10.0979, 104.309
4.77654, -5830.22, 2794.45
6.54472, -168.766, -1191.8
3.57624, 277.633, -138
3.75063, 263.003, -43.7037
5.02978, -1387.56, -2401.87
6.27922, 198.147, -115.949
5.66369, -1988.64, -3974.51
5.9449, -2454.98, -1852.84
7.27207, 63.856, -235.601
5.18713, 5995.14, -3037.22
4.57014, 139.022, -2717.35
4.70019, -333.416, -381.896
6.07821, -2031.35, -1845.24
6.20858, -2995.89, -2204.87
5.12494, -3893.7, 3099.66
6.06711, 119.555, 58.3568
5.91025, 383.885, 311.02
6.82941, 2318.68, -1851.84
3.19597, 417.438, 1824.33
3.57766, 311.132, -54.5969
5.0733, 1442.17, 2522.64
4.83766, 191.955, -67.747
3.55759, 4463.32, -4517.02
5.65244, -152.182, 286.47
2.5044, 3524.57, -5072.65
4.09589, -910.552, -2989.93
5.90281, 184.344, -79.1216
6.0446, 221.332, 20.8645
2.90869, 134.284, -189.619
3.56926, -67.2615, -535.415
4.44412, 309.615, 208.197
4.44927, -4460.68, -1501.34
3.92018, 121.172, 562.586
4.6123, 335.435, 114.476
2.55658, -2649.31, -195.08
3.72027, -6220.39, 3259.38
4.49072, -2430.81, -4017.36
6.64177, 957.775, 317.44
3.78584, 700.011, -514.417
3.59705, -1166.63, 681.678
6.47385, 137.643, 39.195
5.8476, 1658.2, -388.27
5.49108, 562.377, 943.43
5.99917, 2894.17, 1934.91
5.13062, 339.089, 510.859
4.14833, 197.069, -6.90091
3.30844, 6932.45, 1212.45
6.56633, 49.834, 47.2418
4.08004, 68.079, -676.771
4.05369, 784.482, 437.832
4.65424, 125.346, -54.0618
4.46509, 328.995, 232.711
4.43916, 98.543, 29.869
4.34871, 202.349, -176.618
5.88118, 246.437, 79.6379
6.10384, 558.818, -229.738
7.20082, -2547.28, 1080.85
5.08573, 624.002, -339.845
5.5282, -540.937, -159.568
5.85049, 1690.9, -2554.96
5.11404, -0.395167, -115.223
3.87105, 32.682, 79.3757
7.08924, 295.015, -146.247
3.73367, 40.6814, 195.949
4.77876, 300.999, -613.884
3.30374, 48.1214, 105.231
4.68319, 346.164, 33.5731
7.45767, 903.815, -394.1
6.26931, 4496.26, -4337.02
4.97846, 8.18312, -798.025
7.01651, 220.637, -21.3803
4.68213, 42.1915, 121.651
5.09239, 2307.64, -1810.52
4.44866, -2022.93, -3339.57
5.63431, 210.081, 139.246
5.19331, 197.873, 51.0818
4.35955, 192.608, 1110.17
2.54674, 54.7998, -900.118
6.3794, 269.361, 31.196
2.85317, -424.504, -456.575
3.98511, 901.328, 163.817
4.78581, 48.4309, 1835.13
3.25156, 413.811, 126.606
5.97819, 68.4145, -567.443
4.15587, -393.443, -440.949
5.21197, -3872.03, 6791.77
2.64678, -3682.8, -2443.2
5.38086, 533.556, -517.528
5.18133, 143.243, -383.167
7.36678, 512.657, 350.284
5.57063, 120.182, -63.2652
5.26431, 2963.27, -5136.05
6.69051, 1097.33, -279.162
3.75764, 532.294, -1171.26
6.98957, 293.862, 50.1517
5.97428, 152.184, -187.662
5.82752, -562.124, 2543.92
3.06838, 669.996, -649.973
3.37987, -1827.52, -726.547
2.91253, -1961.53, 3138.21
6.68103, 510.381, 32.733
2.64818, 812.419, 4151.79
6.34719, 64.8724, -58.6192
4.29829, 216.951, -3944.62
6.24626, -1086.51, -389.177
6.28385, 142.384, 14.4303
3.60834, 2583.78, -1499.38
5.58305, -317.676, 206.657
3.66846, 461.528, 287.628
6.22052, -39.9504, -3909.94
5.80997, -142.257, -684.235
4.9209, -3782.54, 6869.35
2.58972, 617.334, 277.973
4.98291, -89.8608, 484.028
5.09587, 168.105, -79.531
4.71395, 685.454, 3599.35
4.14528, -2577.63, 1656.33
3.52671, 198.157, -46.7143
7.19863, 0.625534, 1033.16
2.85168, 1161.92, 3300.81
3.30042, 346.513, -1251.56
6.70788, -54.5037, 206.167
4.13614, 181.095, 159.663
6.85942, -152.163, 95.3724
5.99896, 388.918, -40.0994
5.52801, 697.827, 284.007
4.77536, 666.657, 21.7469
2.91543, -381.263, 738.374
3.94883, -3716.3, -901.454
6.51009, -43.4075, -107.097
6.81821, 281.378, -1528.78
3.81831, -5177.64, 406.165
4.79881, 783.19, 573.395
4.95672, 217.84, -142.738
5.82344, 1701.71, -2611.76
7.31738, 122.438, -307.999
7.23022, 534.857, 83.3821
2.81902, 1687.25, 171.445
5.04829, -584.139, -591.731
6.13222, 403.764, -395.997
5.65882, 326.8, -84.0525
3.26658, -409.827, -697.849
5.09652, 684.766, 3601.33
3.52281, 6577.04, -2059.76
6.03231, 39.4574, 82.4831
6.05786, -1413.59, 7012.49
3.66304, 391.15, 461.243
6.80594, 363.576, 173.184
2.67122, 455.127, -206.947
6.26587, 1061.79, -144.287
4.14789, 386.017, 1088.15
4.65309, 5938.04, -1558.71
7.33455, 22.2296, -613.699
4.05803, -1897.91, -1759.86
5.69762, -6845.42, -91.8064
5.95386, 59.0821, -30.9581
5.36403, -463.547, 144.46
6.60667, -3828.31, 6821.15
4.21807, -4128.48, 1572.94
5.09387, 221.188, -215.245
6.78438, 292.96, 1092.31
6.18587, -6.0982, 591.81
3.45992, 1997.69, -871.525
2.83145, 141.884, -141.94
3.60828, -4933.51, 3094.87
3.33656, 195.389, 84.1841
6.31172, 310.781, -180.02
5.44905, 1846.52, -2422.32
4.65223, -7161.21, -481.119
7.09618, 1603.92, 59.5936
5.09668, -1109.36, -1609.71
7.38058, -414.417, 62.9975
5.15714, 275.188, 108.55
2.98716, -1174.93, 525.745
5.83983, -563.327, -525.004
5.44444, -589.057, 3044.5
5.01137, 205.986, -6.52922
2.75808, 381.519, 1477.28
2.6753, -88.557, 54.6298
4.41484, 58.7848, 515.78
5.55555, -3033.56, -3321.93
5.06574, -7180.85, -482.504
5.98498, 557.328, 90.2401
4.89891, 219.584, 188.681
3.88323, -7378.83, 32.7073
6.01685, -331.456, 3295.42
3.67701, 219.006, 314.799
6.41501, 150.358, 33.9771
6.60589, 254.82, 241.22
3.21842, 4598.14, 3925.35
5.75757, -301.935, -479.726
3.87677, -1574.15, -1939.82
7.26215, 3297, -1233.66
4.58238, 371.921, -6.3359
3.03869, -104.424, -693.073
4.70633, 383.916, -553.222
6.28811, 196.454, -243.277
2.77803, 625.857, -11.4659
3.51241, 167.918, 8.17812
6.82305, 604.938, -291.679
6.52456, 62.328, -49.6704
2.78861, 757.325, 2032.29
4.40304, -134.924, 258.816
4.56124, 321.237, 9.6658
2.80071, -1716.32, -804.498
7.09746, -1191.08, -975.874
3.35398, 374.952, -115.581
6.51634, 341.131, -241.704
3.88599, 3116.61, -811.096
4.44586, 238.307, -0.672597
7.19936, -2135.67, 1250.43
6.24573, 162.202, 3349.68
3.44774, 5006.83, -5047.11
6.89581, 210.444, -154.226
6.8953, -47.8353, 13.5913
3.30515, 240.83, -1905.59
5.87346, 45.469, -235.097
6.89096, 165.048, 41.6582
6.98262, -793.698, 4508.49
3.06535, 541.955, -67.28
5.93789, -2111.95, -1565.69
3.21651, -84.7479, -325.39
3.6901, -932.804, 348.184
5.64383, 3470.31, -2383.25
4.312, 320.385, 338.345
4.64437, -2194.25, -2012.93
4.91936, 1817.48, -2182.87
6.20379, 131.1, 1954.56
3.23098, -40.0396, -467.041
7.36238, 220.988, -58.9898
7.3158, 518.323, -57.0322
3.14741, 3063.82, -1888.78
5.3784, 194.609, -223.899
4.66439, 260.158, -1011.57
5.50066, 395.54, -115.503
5.85098, 421.459, 387.354
4.5137, -3630.26, -1258.38
6.46691, -2022.25, -1737.58
4.89889, -4340.96, 2092.81
5.72449, 335.187, 149.841
4.28836, 6907.1, -1073.81
5.96794, 167.179, -960.773
5.83428, 1133.83, 650.085
3.22071, 351.392, -17.8287
7.10415, 189.881, -163.201
4.22228, 1309.21, 4646.14
6.66824, 375.262, 146.676
2.74349, 241.755, -1055.32
3.27936, 1517.56, -2585.54
2.55765, 851.526, -302.389
3.94327, 467.264, -263.093
5.07295, 171.156, 649.544
3.65948, 1372.86, -4165.25
2.75022, 350.412, -388.236
5.33091, 435.784, 116.744
6.69774, 473.581, -439.952
4.28763, 777.083, -200.464
4.3452, 209.309, -874.513
7.22226, 249.506, -5.97722
4.72425, -1340.61, -22.3433
6.82086, 205.974, 71.845
5.82654, 76.3801, -547.18
5.79297, 694.43, 241.767
7.10736, 3046.46, -2248.85
5.11536, -3891.13, 3097.74
5.45229, -76.242, 817.636
5.79944, -216.926, -3119.26
4.24765, -1780.06, 1174.97
4.11714, 530.845, 186.475
7.08984, 234.638, 921.673
3.08619, -5756.16, 2264.47
7.31268, -440.321, 436.138
5.17978, -32.0507, 321.338
5.81447, 1940.64, 1114.63
5.48362, -5985.39, 2868.01
6.93363, 176.072, -1048.11
6.67999, 633.68, -69.3573
6.69339, 241.013, -1.95013
6.85642, -508.03, -467.709
2.5002, -575.269, 2559.39
4.77274, -1256.53, -3737.05
4.25696, 1646.31, 139.427
5.80713, 6076.33, -4619.9
6.22234, -365.645, 54.3465
3.3821, -1145.8, -5175.06
7.4621, -1358.6, 1560.68
5.95466, 474.477, -443.881
6.97862, -557.663, 161.551
3.51579, -1366.66, -580.509
7.2356, 700.168, 608.641
4.88476, -5481.8, 2998.88
6.78578, -4930.64, 3095.94
6.41237, -127.004, 159.049
5.70687, -3746.3, 3641.84
3.14521, -78.2418, -114.744
5.77944, 216.793, -635.014
3.09199, 115.33, 2.61951
3.88793, 3085.63, 883.568
6.65548, 59.4686, 2870.79
6.14153, 4628.69, 5969.47
6.74348, 5164.22, -3865.01
3.43989, -143.493, 395.97
6.09602, 252.869, -117.064
4.25586, 106.98, -505.927
3.34555, 257.631, -180.286
4.52383, -5545.3, 622.383
4.20924, 143.962, -155.395
6.67141, -238.51, 225.982
3.9111, -4285.94, -6948.93
5.16766, 4403.28, 2515.83
6.25085, 1319, -2341.76
4.62554, 483.942, 240.716
4.66964, 547.991, 182.254
3.03022, -4026.79, -2976.62
6.4639, 358.708, 351.953
3.91232, 165.917, 42.9143
7.14264, 4578.96, 7139.85
5.37926, 239.846, -3.3168
3.4895, -452.441, -541.208
5.99081, 268.414, -42.199
3.07265, 1206.8, -207.08
4.22945, 170.97, -1138.43
4.15646, 328.955, 34.9341
6.42735, -6025.47, 2926.54
6.65775, 601.539, 9.09667
4.21712, 389.018, 110.989
4.2603, -610.055, -11.4363
6.38197, 150.558, -169.846
6.58658, 190.015, 212.045
4.26157, -511.279, -559.916
7.09559, 178.958, 241.141
3.2877, 714.091, -92.5475
5.56029, -57.5953, -409.24
5.54222, 159.222, 75.7866
3.16647, 3394.81, 3429.19
3.51409, 4365.85, 5924.73
4.79457, 492.334, 133.603
3.48759, -268.427, 1622.05
6.77118, 284.404, 130.575
6.54562, 1285.22, 1121.65
2.80131, 2902.57, -1886.01
6.50584, 1836.92, -5403.54
5.49597, 351.644, -154.35
7.43182, 402.812, 19.9844
2.65919, -210.136, -210.685
6.8356, -3683.84, 4378.65
3.69109, -2320.8, -795.524
3.6127, 2374.48, 984.588
4.73907, 7602.69, 3547.97
2.61231, -399.137, -248.264
6.79755, 233.061, 7.3652
4.15902, 489.43, -4447.53
5.72195, 662.07, -441.741
7.43521, -349.395, -117.512
5.30162, 160.378, 22.1664
4.74553, 129.466, 166.185
5.213, 204.145, -557.245
2.90797, -2788.86, 975.825
3.99606, 1629.85, 3228.93
6.63964, -4076.12, -747.319
6.48936, -4757.26, 2069.5
5.71048, 305.637, -277.799
4.84105, 16.8677, 505.767
7.15326, 563.677, 2044.99
5.08798, 202.939, -772.331
7.42924, -4902.19, 3031.86
5.94567, -253.42, 0.202904
6.19966, 289.419, -410.675
3.46323, 1179.26, 1615.4
6.08881, 3220.13, -1823.01
6.11146, 715.592, -607.293
6.49298, 132.148, 35.9523
4.23216, -5576.43, 354.042
5.1481, -2429.17, -1372.37
3.19001, 1137.97, -130.031
6.73218, 198.268, 74.7633
6.32766, -178.089, -362.731
7.5, -5985.56, 2863.47
4.24891, -8633.98, -2784.36
5.50367, -910.676, -299.888
3.50808, -530.568, 3653.16
6.2385, -3846.24, 650.951
6.49225, 1129.13, -443.43
3.03505, -924.087, -169.621
5.35813, 143.67, -37.4467
2.84683, -5549.78, 1840.37
4.16036, 522.506, 1099.25
5.80945, 177.206, 197.251
5.27726, 435.129, 4227.55
7.12415, 434.813, 662.51
2.69832, 359.171, 2958.57
2.62083, 673.586, 901.615
4.61923, 130.989, 1.17818
4.36987, -840.875, 473.653
2.93303, 3962.24, 3912.16
3.05403, 267.589, 259.302
5.31992, -5424.47, 171.539
7.37269, 163.473, 13.2796
3.05066, 164.893, -4076.14
5.99352, -3285.53, -3638.32
2.79674, 51.6981, 188.335
4.69755, 947.199, -654.866
5.24651, 1252.69, 528.531
3.45129, 306.349, -227.855
7.36597, -27.6662, 90.2835
3.19593, 151.429, 155.917
5.48978, -3281.96, 265.352
7.12812, 216.788, 384.526
3.91116, -1726.89, 401.062
6.8307, 423.715, -182.073
6.29598, 828.037, -1250.59
6.10793, -40.6065, 318.753
3.34241, 92.5847, -43.8789
3.32882, 1573.09, -2731.12
3.39076, 332.918, 122.907
5.87226, 315.46, -164.509
4.83484, -496.986, 795.082
6.85219, 353.919, -19.9231
5.76023, -547.432, 425.812
5.80464, 1935.3, 1111.77
2.58037, 293.053, -362.258
4.30596, 6409.2, 3601.15
3.72747, 119.375, 1331.18
6.93086, 293.354, -378.266
5.23701, -8161.77, 151.021
6.57209, -432.043, -226.728
5.24453, 937.065, -77.2309
4.16156, 777.99, -330.999
4.40213, -1933.3, -3473.67
2.52389, 2304.57, 462.421
6.95226, 160.828, 5.46473
6.16955, 722.595, 223.103
6.04239, 7.37264, -77.2588
5.1278, 2066.07, -3028.2
6.41065, 104.688, -220.174
3.42484, 165.784, 238.631
5.72673, 279.522, 158.589
3.42178, 43.4667, -81.9704
3.31214, -983.978, 682.56
2.65594, 1265.91, 1473.08
7.42716, 408.463, -202.866
4.04559, 648.968, 63.0994
4.11075, 425.788, -0.566226
5.51155, 61.2714, 38.9019
2.89107, 6237.58, -1151.76
3.93936, -750.822, 36.5368
5.79307, -178.164, 800.116
7.36348, 347.426, -16.6217
7.27758, 4419.4, 1781.98
7.42745, 382.498, 149.966
7.30478, 171.65, 3.13189
3.0073, 892.555, -48.2996
3.71505, -323.684, -61.1784
6.91151, 603.636, 149.868
5.28805, 172.519, 57.6034
6.7669, 247.914, 47.0298
7.49145, 566.764, 29.7228
3.99751, -5263.99, 2059.67
6.33157, -9501.53, -3074.87
4.81901, 935.351, -1527.3
6.8168, -374.583, -234.966
6.99018, 212.045, -308.988
7.377, 690.508, -95.1618
2.77405, 702.984, 33.7339
6.32605, -338.007, -253.77
5.09219, 1654.75, -2580.51
3.46574, -538.46, 380.402
6.98252, 267.452, -39.8995
6.38492, 167.765, 97.7455
2.75968, 848.071, -1887.86
7.47331, 1712, -2588.13
5.93659, 41.8098, -137.559
5.94854, 1952.38, 1122.64
6.57666, 3176.2, -1519.84
7.05426, -53.8168, -101.33
3.34218, 2900.9, 5560.78
5.24183, 3131.51, -2320.43
6.53351, 131.385, -87.0862
4.17803, 112.89, -3.72938
5.53435, 355.06, 520.196
6.59602, 1797.82, -2415.41
7.3485, 133.203, -192.632
6.29349, 771.568, 606.341
3.72113, 92.9439, -1278.85
5.80589, 404.902, -132.839
4.21574, -158.898, 38.0612
7.27146, 42.1529, 172.551
2.60828, 3354.32, -3569.56
4.54979, 145.68, 37.0171
2.55789, -4723.77, 4235.16
3.04964, 329.008, 1781.7
5.28259, 36.6079, 202.054
4.45466, 418.28, 92.1274
7.20539, 166.908, 43.5518
2.55572, -79.6025, 55.2407
6.22897, 1260.64, -2947.12
3.84293, 117.604, -267.994
4.27153, 351.701, 366.384
3.45835, 6935.26, -7057.8
5.14832, 120.42, -79.8555
4.39478, -1016.83, -5887.54
3.16407, 320.947, -27.6786
4.26563, 332.535, -753.737
4.2497, -5544.11, 2855.5
7.41084, -2446.15, -1853
5.25961, 475.861, -296.03
4.99918, -2009.57, -580.199
3.58531, 1579.14, -2294.6
4.37311, -226.777, -863.323
6.78251, 3609.66, 3261.91
6.45578, -3401.54, 6915.13
3.9204, 3146.47, -4018.93
5.07645, -336.094, -322.778
6.79238, 485.09, 36.0202
7.07844, 237.689, -183.155
7.48941, -2034.6, -1734.96
6.53177, 157.173, 83.191
5.22718, 273.39, -639.525
7.3461, 929.258, 123.059
5.31931, 1077.17, 492.705
4.03031, -158.151, -215.403
5.41853, 146.716, -190.478
2.91197, 95.2742, -314.361
5.47382, 196.786, 129.888
3.31968, 3127.42, 6135.85
6.46527, 787.072, 10.4012
2.95373, -302.848, 1714.81
6.3072, 104.278, -762.668
6.83996, 331.808, -27.1535
6.40105, 109.977, -109.641
6.61399, -1948.75, -274.39
6.70974, 176.736, 185.997
4.48328, 335.416, 718.206
6.508, 188.953, 98.8922
6.56811, 82.9686, -31.4984
5.43493, 358.347, 873.503
4.64621, 241.889, 769.961
2.5002, -1352, 448.782
5.31153, 318.531, -161.211
6.22632, -871.344, 740.192
3.89846, 3667.55, 2223.63
2.93406, -934.457, -5238.38
3.5733, 968.295, 1182.5
3.93296, 814.409, 189.794
4.86595, 522.603, 117.707
6.95893, -2023.89, -1667.28
5.91955, -678.444, 251.524
3.54376, -64.7502, -42.911
6.67533, 117.946, -55.37
7.09218, 394.214, -979.701
4.48244, 599.618, -52.1747
6.37858, 1720.5, 2.98342
5.68161, 785.986, 451.858
6.64746, -359.262, 38.5783
3.40204, 2011.75, 542.174
7.45927, 130.718, 56.5018
6.70558, 268.333, -114.746
4.65177, 156.931, -708.34
4.38589, 226.79, -103.637
2.70802, 442.105, -655.081
6.80715, -701.268, -1097.92
6.62116, -4832.53, 2885.4
6.25052, 1916.94, 1197.21
3.55801, 221.228, 161.505
4.31029, -449.431, -207.576
4.43545, -40.062, -299.664
7.32918, -3470.91, -2166.87
6.5872, 33.6496, -91.3752
4.5755, 2469.12, -356.927
5.83759, -268.002, 385.646
2.52101, -4698.88, 4983.51
6.98048, 404.078, 66.3518
3.68416, -217.723, 1297.55
3.79415, 238.954, -190.812
5.4939, 1442.16, 211.357
6.89823, 504.029, -137.801
6.16299, 248.541, 169.755
6.0773, 763.487, -345.086
3.57724, 6894.55, -308.058
6.30413, -4664.5, 3676.18
3.85351, -28.6549, -333.618
2.75246, 121.698, -28.7286
4.78866, -2026.02, 467.346
2.58759, 76.518, 21.2786
3.01129, 7096.49, -4495.44
2.639, 3555.46, -2154.62
5.65921, 144.377, -112.23
6.34425, 165.062, 53.063
2.74132, -64.4659, -51.9209
6.6924, 224.081, 343.533
6.76899, 122.414, -61.3178
6.57649, -195.057, 676.141
6.85188, 527.648, -4925.13
5.27222, 1159.84, -452.083
6.12646, 97.5399, 249.903
3.20424, -5069.24, 4371.81
6.6115, 237.245, -109.492
5.51185, -3029.93, -3324.9
4.93856, 209.766, -813.976
6.14942, 591.291, 352.893
4.05164, -1817.03, 1239.13
3.93925, 83.4826, -481.109
5.45857, 2346.65, -2931.02
5.34055, -3467.45, 1837.9
5.41059, 2850.06, 2366.09
2.84132, -509.922, 208.6
4.34304, -1669.62, -645.914
6.28475, -444.786, 20.0439
6.35297, 576.702, 3308.96
4.27217, 358.951, 198.751
5.98913, 41.2222, 59.2233
5.08005, 1823.43, 1219.16
5.94494, 679.273, 386.629
6.18066, -1721.46, -1382.61
2.56231, -3106.33, -1826.42
7.16549, 234.826, -66.2366
5.37826, -201.925, -269.705
3.05587, 1032.24, 14.3545
4.87388, 174.998, -61.1957
3.24247, 1904.71, -1145.57
4.22594, -9924.36, -2202.25
7.04476, 166.379, 44.8108
4.54571, 3125.05, -1544.35
5.96642, 303.738, -3.37737
3.35865, 112.372, -274.866
6.21715, -5400.14, 1871.09
4.16319, 302.51, -292.506
4.62157, 354.912, -28.1002
2.79523, 100.313, -272.178
5.09005, 303.267, 95.8038
5.94425, 465.915, -556.967
5.01149, 640.321, 209.953
6.56617, -37.4992, -14.4085
3.07974, 167.883, -342.448
5.24841, 682.701, -543.875
5.06046, 755.551, -176.859
6.02649, -2016.06, -1680.95
5.65083, 237.94, 25.714
4.0207, -199.966, 101.945
6.74719, 205.489, 46.9257
3.39619, 1897.81, -2449.02
2.61737, 428.673, 1450.51
4.19467, 418.492, 75.9888
3.43818, -2006.23, -1780.74
6.60467, 381.36, 99.997
6.72507, 97.0526, 3358.28
6.78031, -3466.39, 1933.83
7.37454, 153.671, -1.31864
2.99587, 35.5146, 376.69
2.56182, -4463.36, -3310.29
2.58614, 684.806, 690.188
2.64527, -70.1192, -585.777
4.1031, -1835.57, -1841.02
6.17815, -3538.9, 2125.74
3.14876, 847.595, 62.4502
2.5161, -3420.89, -711.681
6.91905, -1114.56, -814.88
3.70482, -119.277, 107.325
4.38481, 131.714, 1402.55
4.44879, 227.685, -33.2144
2.81534, 4110.96, 1559.19
7.30792, 388.741, 3.07274
3.75349, 606.15, -237.506
6.85376, 311.097, -8.7347
2.85991, 3452.02, -4646.04
2.70653, 4543.3, -2750.18
3.46378, -594.185, 329.037
3.86708, -2327.19, -1983.36
7.4007, 137.312, 37.5282
3.60607, 1370.09, -5651.76
6.43119, 1689, -2552.22
4.42306, -389.678, 1758.19
3.78593, -3213.71, 3731.42
3.91087, 72.3501, -196.302
7.33834, 1342.24, 625.835
4.22841, -87.9314, -158.957
3.45922, -607.835, -801.349
5.05037, 255.681, -27.4145
5.21857, 1251.39, -5043.83
5.72333, 974.055, -407.03
3.89738, -1097.6, 130.924
3.41887, 72.914, -163.776
2.71579, 2397.97, -2787.13
3.98408, -264.735, 192.378
4.25548, 711.579, -454.162
7.09372, 165.034, 42.8924
5.81225, 54.4814, 510.564
5.08041, -2005.99, -1740.96
4.03763, 368.712, -145.373
3.0007, 1985.14, 2123.46
3.47502, 224.562, -59.9569
4.11407, 3477.87, 3507.42
5.56182, 35.1239, -513.119
5.13511, 3273.96, -1615.01
3.45653, 303.927, 277.826
4.7178, 6146.27, 3618.51
4.48693, 7081.26, -1381.52
6.28051, 141.54, -265.86
6.6213, 781.688, -301.2
5.51573, -423.061, 590.876
3.04573, 67.7957, -628.883
4.11797, 2508.63, -778.425
5.03403, 144.414, -154.363
4.76521, 671.298, -649.303
4.77315, 533.878, 364.363
4.91125, 432.092, 16.2207
5.07896, -4807.27, 832.084
4.50207, -2321.13, -956.748
4.22945, -353.075, -217.835
6.64533, -226.006, -506.493
3.02204, 2355.54, -1660.06
6.40057, 361.328, -260.395
3.19919, 901.772, -618.603
2.62171, 4289.38, 4831.1
6.0664, 35.0291, 1137.83
7.15538, -74.1457, 480.798
7.47667, -39.8971, -218.159
3.86264, 75.9904, 184.011
3.6923, -1968.75, 109.075
3.87328, -491.782, -3339.04
5.70836, -770.592, -867.647
5.17637, 34.0604, -257.75
6.8967, -3086.89, 5456.7
6.75968, -82.846, 37.4685
2.98004, -47.7244, -252.033
4.66818, 223.715, -41.7359
3.17045, 245.129, -146.729
5.86802, 141.972, -31.7212
5.34964, 409.803, -474.989
3.66474, 45.1845, -553.797
5.50306, 1217.45, 315.949
2.6551, 199.516, -204.912
7.08512, 189.154, -15.7863
3.82958, 452.354, -690.955
6.50016, 285.804, -154.555
5.46389, 201.965, -157.366
5.0822, 595.587, 108.426
5.2567, 2573.79, -1340.56
3.47225, 441.762, -80.326
5.36152, -3206.32, 50.8923
3.81992, -682.974, 7541.24
4.41648, 3090.79, -6343.47
2.73626, -433.192, -227.196
4.22823, 591.462, -304.802
3.61594, -3285.28, 7979.62
3.81264, 162.116, 32.3422
3.05141, 458.385, -228.087
7.40088, -69.9063, -38.0799
5.93794, 722.578, -307.495
5.82158, 245.564, 283.595
5.99501, 673.597, 110.572
2.68746, 108.05, -74.1096
3.6706, 221.668, -151.415
3.95397, -6217.64, -9352.66
3.50543, 197.115, 124.901
2.7177, -2892.27, 4368.95
2.56571, -1534.75, 58.1654
6.07297, 6574.27, -2065.84
6.88348, 783.25, 132.764
5.35088, 1971.95, -3618.5
6.92743, -3344.68, -3823.73
5.20042, -1781.88, -697.262
3.31357, -1767.79, 84.674
3.30492, -2999.43, -2211.69
7.19182, 111.835, 97.2695
3.45628, 213.069, 678.201
3.15761, -3148.77, -432.868
4.41122, 692.596, -649.944
6.12674, -592.677, 3038.29
2.50651, -7178.19, -478.528
4.60222, 5089.06, -2872.52
5.18984, -756.542, -129.162
4.86596, -1459.43, -654.826
6.33003, -275.382, 68.0553
2.9396, -932.263, -1076.59
7.04284, 140.291, 29.9597
3.20818, 334.194, -520.113
2.54782, 339.487, 398.83
2.82267, -43.563, 765.336
4.96742, 234.496, -185.729
5.40914, 340.809, -23.9299
4.03373, 4242.63, -7396.28
4.57091, -0.981077, -265.103
4.33401, 1847.13, 2093.13
3.42687, 482.658, -2456.02
2.76788, -3014.48, -2647.27
4.47222, -18.8434, 0.70465
3.98388, -1565.17, -1647.84
5.05388, 79.0792, -192.123
3.75392, 2525.09, -4043.34
5.01589, -1560.07, 2661.65
2.51168, 7.57654, -333.72
7.01807, -5989.07, 2870.99
2.79181, 3606.27, 3802.48
5.17506, 254.495, 3359.51
3.95754, 2942.97, -1120.35
7.3023, 191.659, 78.5902
4.73406, -3495.69, -1294.59
5.08479, 205.505, -146.893
5.93861, 1044.02, -861.317
2.72187, 308.376, -306.12
7.2946, 4056.73, -2921.89
5.70852, 353.07, 361.27
2.80215, 160.994, 13.7093
3.33964, 505.782, 181.499
5.76491, 300.321, 338.805
6.19864, -530.176, 2535.72
3.57011, 426.958, -499.2
4.31441, 879.99, -1921.39
6.56981, -156.832, 284.499
5.32057, 117.319, -42.9925
7.45886, 377.944, -36.7299
6.5669, 108.536, 555.809
3.49157, 3705.04, -4678.99
2.50003, -1.76094, 754.578
4.62608, -3663.87, 4364.32
4.07406, 1846.81, 1129.28
5.56218, -3842.48, 609.142
3.83351, 40.4945, -125.709
4.39881, 1665.89, 341.767
5.43397, 376.525, -18.3847
5.95636, -2380.09, 156.006
7.26736, 128.373, -61.6637
4.89785, 222.043, 692.982
3.60319, 519.194, 1083.5
5.33741, 852.801, 650.767
6.09873, 27.8911, 40.2988
4.4953, 1783.35, 140.186
3.48326, -13.8995, 19.4763
6.66971, 564.26, -144.716
5.59561, 411.229, 147.788
7.26866, -229.813, 105.291
3.23222, -504.178, 633.335
5.38953, -452.279, -336.093
7.26796, 167.741, 59.8153
3.62331, -6032.55, 3043.01
7.25137, 196.182, -114.751
3.07874, 796.765, -382.48
2.58372, -233.466, -41.8398
3.90465, 385.29, -114.421
7.15042, 440.841, -372.368
3.04796, -163.06, -223.467
6.77266, 103.122, -196.462
5.68532, -227.658, 258.877
5.63853, 160.328, 32.3356
3.80589, -679.599, 1326.12
5.13936, -1010.88, 193.082
7.16608, 2370.78, 992.48
3.98055, -1178.37, -0.533073
4.78006, 390.718, -157.012
6.35659, -1209.75, 5037.02
4.17193, -2165.86, -3455.46
6.31775, 520.358, 275.418
6.65892, -2357.76, 2700.68
2.64618, 2576.84, -1705.56
4.31315, 60.9996, -1095.62
4.16221, 397.158, 247.052
3.17675, 2083.6, 2260.75
3.00839, 1377.09, -4262.21
5.11327, 282.159, -330.874
3.52046, 974.021, -589.565
5.00728, 70.6727, -733.552
5.1371, -5334.08, 3625.32
4.13422, 425.521, -77.1541
4.75888, 232.847, -388.351
6.85263, -715.889, 466.415
4.72884, 519.611, 136.25
6.03726, 256.804, -80.0833
6.83171, -1829.16, 353.886
6.5822, 426.133, -668.472
2.67504, -4124.38, -1603.89
3.8644, -955.312, 2131.83
5.21858, -1571.77, 1048.5
3.19942, 4921.27, -754.096
5.57408, 246.762, -217.485
3.29182, 821.15, -550.025
4.41129, 594.333, 536.868
5.94997, -797.497, -296.062
3.21128, 4145.89, 25.7227
5.65284, 446.072, 172.534
3.15973, -3541.7, -1636.49
7.13583, 356.378, -20.716
5.53465, 5878.32, -8966.49
5.50388, 740.495, 833.632
3.33635, 1312.97, -223.873
3.301, -1771.58, 2288.23
5.91628, 348.149, -271.155
5.1456, -332.337, 794.633
3.65264, -2064.8, 1134.39
6.55373, 61.8208, -16.669
5.76477, 377.789, 32.4679
4.08597, -169.643, 698.301
2.53953, 437.284, -486.803
3.49176, 510.918, -112.584
3.78831, 253.013, 126.049
3.03825, 412.053, -1497.06
3.49545, -98.7796, -673.377
6.75079, -6239.3, 3289.77
6.63912, 143.138, 649.947
6.76813, 394.222, 37.7797
5.71027, 176.895, 118.749
3.6787, -3096.99, 3206.77
6.80638, 450.796, -2.72818
5.4745, 391.065, 61.3713
2.52745, -1833.51, -1331.84
6.84925, -144.023, -680.754
7.37729, 381.713, -34.338
5.59653, -2028.17, -1667.68
3.85574, -349.063, -629.639
7.46973, 167.996, -0.543203
4.60751, -754.194, -766.132
4.20537, 817.364, 41.0366
4.80717, 356.2, -88.239
4.44822, -1119.34, -3101.72
4.613, -5121.39, -948.939
2.84879, 111.128, 812.956
5.5153, -180.448, -94.4149
7.36114, 177.029, 114.339
5.07406, -61.8751, 106.701
7.45461, 289.288, 171.437
5.84906, -2852.39, -6605.1
4.01716, 640.074, 549.469
3.47371, 763.642, -341.84
4.0109, -1488.7, 7.36406
4.93946, -179.175, -146.389
4.72438, 990.553, 111.797
5.7844, -263.016, 202.832
3.74227, 6409.77, 3600.35
4.72007, -1291.7, -1019.52
5.75894, 391.159, 86.0154
6.67472, 240.495, -103.426
6.03698, 74.8252, 1030.46
4.93928, -169.985, -1183.69
6.72039, 860.466, 83.9067
7.00296, 787.999, -660.127
6.33082, 230.848, 204.6
5.29453, 757.1, 1414.19
2.70603, -676.747, 623.673
5.46749, 379.395, -142.009
2.68674, -65.8406, -4148.6
4.53488, -1460.85, 1429.81
2.84243, -234.1, -636.466
7.38558, 179.537, 103.763
2.5956, 1974.48, 3294.35
6.60363, 255.765, -99.083
5.2195, 4166.76, -3589.39
5.72828, -158.654, 695.721
3.62934, 36.5842, 172.326
2.733, 730.467, 3504.13
3.63154, 76.5279, -383.729
4.58371, -170.607, -2762.17
6.40126, -362.559, -212.748
3.72852, 1800.29, -2405.79
4.81411, -85.5734, -439.799
6.14756, -1362.85, -745.709
5.35237, 5934.25, -813.855
5.45997, 822.054, 146.629
4.98425, -1114.06, -17.562
3.951, 147.359, -8.08511
4.71107, 488.399, -447.651
2.53669, -3436.3, 7571.37
7.41683, 283.402, -119.652
2.52822, -58.4638, -337.88
4.8676, 2158.06, 614.269
5.86497, 4069.6, 6982.35
