6.27803, -2262.57, 1246.19
3.5948, 145.995, 1365.94
5.89648, 761.839, -247.088
5.09708, 169.744, -63.705
2.76731, 4017.94, -4200.13
2.53849, -1125.99, 1221.38
4.58743, 5661.98, 3331.84
7.15218, -13.55, -64.749
2.95982, -431.021, 727.495
6.00595, 538.355, 332.437
3.81226, -28.5509, -155.893
4.14117, 198.601, 162.48
7.45519, 247.295, 82.0232
7.41275, 18.712, 76.5966
5.75759, 786.856, 108.935
6.92354, 112.163, 4.28744
6.33247, 81.2252, -50.2819
3.87453, -1772.55, -518.873
4.93259, -1054.87, -789.195
2.80282, -5089.61, 1162.53
5.08146, 358.023, -6.01399
4.96988, -3590.32, 1258.69
7.23882, 124.537, -152.198
4.42071, 181.476, -60.0926
5.14874, -2830.41, 788.318
2.75042, -310.656, 3655.96
6.63909, -490.607, 86.8133
5.94228, -434.24, -264.801
6.18112, -251.349, -69.0888
6.94286, -2778.58, -2532.52
4.25508, -259.203, 557.815
6.72991, 243.998, 161.324
3.84659, -328.611, -206.342
4.83959, -56.1926, 330.317
3.2686, 0.305885, -268.06
2.66527, 230.865, 471.29
7.2768, -1321.69, -926.573
6.95369, 272.877, -636.155
3.29884, -1009.13, 222.671
3.15214, 247.713, 46.4811
2.515, 2303.1, -367.038
6.0491, -117.811, -218.277
3.40448, 1228.06, 223.365
5.76029, -24.7331, 235.081
4.42907, 560.988, 279.181
3.23766, 1109.41, 1367.5
5.45054, 27.8063, -241.21
3.24076, 2214.81, -1088.16
3.2091, -1854.26, -1148.08
4.94257, 445.226, 69.7565
3.13015, -673.282, -479.55
5.64635, -259.361, 117.477
5.60817, 224.93, 16.1169
4.88216, 2530.92, -3500.01
2.64188, 614.404, 550.774
3.21011, 3102.01, -521.728
3.15594, -175.463, -327.291
3.31099, 1223.08, -1891.12
3.76529, -773.579, 169.251
4.77654, -3475.91, 1838.48
6.54472, 282.103, 287.751
3.57624, 194.176, 39.0805
3.75063, -72.9778, -135.781
5.02978, -435.61, -960.886
6.27922, 120.143, -1.68875
5.66369, -1189.16, -2573.31
5.9449, -1887.53, -1313.89
7.27207, 64.8098, 39.0334
5.18713, 3590.87, -1826.61
4.57014, 76.4548, -903.516
4.70019, -333.149, -543.707
6.07821, -1461.47, -1631
6.20858, -1950.42, -1593.93
5.12494, -2459.62, 2048.28
6.06711, 135.143, -170.489
5.91025, 8.22746, -53.5798
6.82941, 1677.22, -1280.45
3.19597, 741.102, 1407.22
3.57766, 81.5825, 92.7374
5.0733, 713.136, 1370.31
4.83766, 150.392, -164.803
3.55759, 2652.24, -2709.73
5.65244, 308.708, -188.15
2.5044, 2114.66, -3030.66
4.09589, -501.518, -2342.75
5.90281, 86.1788, -83.0074
6.0446, -158.887, 18.9445
2.90869, 523.789, 209.651
3.56926, -788.021, -246.178
4.44412, 399.497, -91.7024
4.44927, -2940.72, -1035.2
3.92018, 198.989, -142.978
4.6123, 138.806, 14.9165
2.55658, -979.55, 23.9786
3.72027, -3737.03, 2022.89
4.49072, -1352.95, -2694.59
6.64177, -480.232, -317.553
3.78584, -293.819, 636.594
3.59705, -1231.61, 72.2124
6.47385, 72.374, 26.633
5.8476, -338.445, 170.841
5.49108, 176.577, -330.636
5.99917, 2055.79, 1240.01
5.13062, 217.153, 72.1045
4.14833, 271.146, 532.314
3.30844, 3954.26, 676.193
6.56633, 74.1756, -76.6968
4.08004, 393.769, 390.468
4.05369, -416.868, 113.536
4.65424, 52.7592, -193.59
4.46509, -146.09, 265.76
4.43916, 304.484, -2.53032
4.34871, -81.1643, 743.424
5.88118, 343.286, 222.544
6.10384, 560.563, -80.8577
7.20082, -1886.88, 576.284
5.08573, -58.492, -20.9026
5.5282, 543.085, 342.256
5.85049, 1223.25, -1882.39
5.11404, 148.87, -113.971
3.87105, 534.064, -605.365
7.08924, 73.1957, 16.1441
3.73367, -70.8974, 15.8418
4.77876, 276.084, 861.781
3.30374, -8.68979, -236.319
4.68319, 294.282, -51.9639
7.45767, 53.3988, -132.45
6.26931, 2591.75, -2708.78
4.97846, 146.056, 108.204
7.01651, 65.6537, -7.64294
4.68213, -763.691, 87.5626
5.09239, 1636.3, -1390.06
4.44866, -1424.8, -2170.12
5.63431, 98.5302, -170.49
5.19331, 14.984, -40.7513
4.35955, -157.372, 726.735
2.54674, -379.061, 181.489
6.3794, 362.068, -165.162
2.85317, -459.207, -473.282
3.98511, 168.529, 470.36
4.78581, 428.414, 116.805
3.25156, -138.103, 30.5461
5.97819, 164.492, -232.831
4.15587, -430.506, -443.4
5.21197, -2277.16, 4049.7
2.64678, -2496.3, -1344.15
5.38086, 12.4908, 262.808
5.18133, 508.982, -228.699
7.36678, -429.126, -8.23252
5.57063, 205.916, -38.7224
5.26431, 1849.38, -3081.37
6.69051, 1160.8, 218.644
3.75764, 5.89171, -542.014
6.98957, 169.197, -174.001
5.97428, -54.4644, -58.4063
5.82752, -122.768, 1874.87
3.06838, 33.5328, 114.323
3.37987, -901.367, -791.032
2.91253, -1019.18, 1779.07
6.68103, 242.687, 175.977
2.64818, -35.8596, 2408.48
6.34719, 557.183, -202.777
4.29829, 254.2, -2586.28
6.24626, 664.937, 13.5568
6.28385, 107.957, 16.2621
3.60834, 2142.14, -867.968
5.58305, 1.22233, -72.9596
3.66846, -410.065, 116.046
6.22052, 31.6623, -2541.89
5.80997, -416.945, -789.843
4.9209, -2346.72, 4100.89
2.58972, 746.734, -69.681
4.98291, 118.382, -96.3921
5.09587, 110.248, -28.9422
4.71395, 717.748, 2405.09
4.14528, -1868.08, 908.065
3.52671, 190.058, -119.613
7.19863, -115.859, 1316.48
2.85168, 1090.15, 2101.9
3.30042, 507.924, -404.932
6.70788, 431.289, -777.121
4.13614, 204.623, -451.159
6.85942, 992.985, 198.005
5.99896, 236.739, -55.8944
5.52801, -130.824, 250.075
4.77536, -47.0922, 24.2895
2.91543, 772.441, 862.239
3.94883, -2422.1, -871.579
6.51009, 101.133, -38.6935
6.81821, 139.899, 451.344
3.81831, -3271.61, 257.413
4.79881, -493.527, -343.318
4.95672, -11.3493, -214.616
5.82344, 1241.16, -1921.26
7.31738, 142.438, -207.922
7.23022, 426.451, 203.163
2.81902, 1354.17, -393.724
5.04829, -892.182, -395.877
6.13222, 424.707, -28.4537
5.65882, 142.837, 74.4016
3.26658, 221.477, -171.682
5.09652, 717.803, 2408.75
3.52281, 4016.3, -1303.6
6.03231, 413.042, -26.9541
6.05786, -771.347, 4263.54
3.66304, 222.88, -609.393
6.80594, -121.107, 21.246
2.67122, -879.487, 88.1022
6.26587, -299.344, 27.7551
4.14789, -255.362, -296.209
4.65309, 3588.35, -832.777
7.33455, 406.856, 283.989
4.05803, -1467.67, -1316.62
5.69762, -4190.06, 3.10932
5.95386, 115.595, -7.0604
5.36403, 390.531, -186.941
6.60667, -2275.84, 4051.24
4.21807, -2602.16, 1112.45
5.09387, 403.981, -190.623
6.78438, 349.555, -326.997
6.18587, 622.17, 1049.39
3.45992, -271.723, 170.758
2.83145, 116.463, -20.271
3.60828, -3053.25, 1903.79
3.33656, 28.057, -97.821
6.31172, 255.881, -46.468
5.44905, 1179.1, -1686.77
4.65223, -4369.81, -393.404
7.09618, 1605.22, -218.787
5.09668, -486.409, -1051.57
7.38058, 17.7617, 33.0896
5.15714, 207.618, -451.049
2.98716, -928.866, 1046.62
5.83983, -466.547, -541.442
5.44444, -542.828, 2106.15
5.01137, 415.402, 134.43
2.75808, 830.145, 987.869
2.6753, 32.1524, -104.068
4.41484, 282.872, -51.6874
5.55555, -1872.77, -2261.44
5.06574, -4371.21, -389.992
5.98498, 68.2091, 180.642
4.89891, 126.657, -152.173
3.88323, -4369.4, 69.6785
6.01685, -175.69, 2291.6
3.67701, 12.1868, -171.407
6.41501, 182.176, 58.3748
6.60589, 1249.82, 140.196
3.21842, 2677.56, 2460.12
5.75757, 275.053, -46.2283
3.87677, -448.126, -1225.2
7.26215, 1975.08, -1063.97
4.58238, 158.994, -234.288
3.03869, -375.269, -113.997
4.70633, -10.1819, -0.465643
6.28811, 54.1358, -162.477
2.77803, 439.057, -24.4291
3.51241, 158.893, -155.239
6.82305, 7.6815, 51.1716
6.52456, -125.363, 71.5143
2.78861, 462.043, 1685.84
4.40304, 216.884, -101.851
4.56124, -207.842, -405.001
2.80071, 620.971, -2.30255
7.09746, -1096.55, -1047.63
3.35398, 100.875, -52.6861
6.51634, 249.55, 79.9544
3.88599, 1135.09, -421.206
4.44586, 236.509, -171.368
7.19936, -1636.83, 593.029
6.24573, 125.131, 2300.94
3.44774, 2813.84, -3029.57
6.89581, 213.713, 90.8186
6.8953, 123.681, 30.7267
3.30515, -62.869, -647.467
5.87346, 946.041, 360.824
6.89096, -75.6736, -65.8188
6.98262, -665.257, 2838.89
3.06535, 93.6308, -142.008
5.93789, -693.119, -694.828
3.21651, 704.957, -144.254
3.6901, 452.972, -121.503
5.64383, 2262.97, -1530.8
4.312, 64.3507, -209.862
4.64437, -1435.63, -1267.65
4.91936, 1323.14, -1454.68
6.20379, 56.1228, 838.818
3.23098, -85.3019, -162.078
7.36238, 80.2083, -6.1064
7.3158, 313.764, -66.6507
3.14741, 2111.49, -1400.99
5.3784, 196.258, 11.5325
4.66439, 520.302, 271.756
5.50066, 106.267, 23.2735
5.85098, -10.4094, 216.63
4.5137, -2416.79, -784.619
6.46691, -1468.11, -1368.13
4.89889, -2631.78, 1474.02
5.72449, -679.792, 696.223
4.28836, 4105.65, -680.777
5.96794, 144.411, 270.826
5.83428, -279.931, -310.685
3.22071, 401.606, -164.192
7.10415, 5.47508, 89.4893
4.22228, 954.394, 2978.35
6.66824, 189.877, 50.9844
2.74349, 114.78, 64.2658
3.27936, 1045.21, -1559.01
2.55765, -28.8872, -40.2474
3.94327, 272.172, -129.476
5.07295, 530.683, -454.807
3.65948, 729.646, -2754.18
2.75022, 504.169, 550.61
5.33091, 34.5235, -66.7407
6.69774, -257.876, 259.36
4.28763, -289.847, -445.866
4.3452, 17.2578, -651.317
7.22226, -54.4127, -5.02269
4.72425, -1452.54, 223.295
6.82086, 278.019, -107.138
5.82654, -35.0245, 701.931
5.79297, 333.912, -119.042
7.10736, 2134.11, -1596.81
5.11536, -2458.54, 2055.04
5.45229, 285.384, 250.603
5.79944, -289.105, -2178.59
4.24765, -1471.8, 951.681
4.11714, 66.8842, -295.085
7.08984, -9.92016, -393.352
3.08619, -3605.05, 1275.16
7.31268, 518.805, -138.065
5.17978, 59.4787, 274.561
5.81447, 1030, 375.774
5.48362, -3675.06, 1679.19
6.93363, -362.174, -1047.91
6.67999, 130.149, 27.178
6.69339, 154.086, -215.654
6.85642, 229.418, -372.133
2.5002, -126.84, 1863.89
4.77274, -497.373, -1657.56
4.25696, 1662.08, 48.0999
5.80713, 3556.69, -2829.78
6.22234, 729.793, -266.336
3.3821, -794.637, -3220.7
7.4621, -1096.01, 1355.26
5.95466, -588.014, 94.3828
6.97862, 220.056, 291.423
3.51579, -1174.09, -296.01
7.2356, -146.279, -31.641
4.88476, -3419.78, 1793.34
6.78578, -3057.35, 1905.6
6.41237, 540.323, 344.748
5.70687, -2391.3, 2314.61
3.14521, 265.698, 801.858
5.77944, -10.6176, -163.327
3.09199, 99.7673, -96.6697
3.88793, 2207.68, 493.322
6.65548, 250.828, 2102.37
6.14153, 2832.64, 3622.98
6.74348, 3154.14, -2353.48
3.43989, -802.292, -470.717
6.09602, 75.883, -134.332
4.25586, 157.058, 133.68
3.34555, 140.165, 171.394
4.52383, -3341.81, 427.394
4.20924, 170.011, 6.84119
6.67141, 119.766, -255.504
3.9111, -2534.37, -4108
5.16766, 2563.97, 1559.52
6.25085, 706.183, -1250.87
4.62554, -220.954, 127.393
4.66964, 1350.8, -31.5182
3.03022, -2674.84, -1696.75
6.4639, -8.45528, 83.8487
3.91232, -220.182, 287.765
7.14264, 2822.8, 4128.26
5.37926, 137.425, 14.1632
3.4895, 428.512, 149.713
5.99081, -309.041, -251.609
3.07265, -611.356, -105.924
4.22945, 146.908, 688.777
4.15646, 58.4527, -168.344
6.42735, -3672.7, 1671.02
6.65775, 305.514, 86.3769
4.21712, 860.094, -407.088
4.2603, -455.618, -83.0635
6.38197, 132.013, 292.556
6.58658, 804.637, -261.404
4.26157, 107.135, 422.762
7.09559, 41.5465, -103.449
3.2877, 462.637, 327.741
5.56029, 951.817, -160.559
5.54222, 178.541, -140.074
3.16647, 2123.94, 2323.31
3.51409, 2600.09, 3618.24
4.79457, -150.453, 125.216
3.48759, -682.042, 1216.13
6.77118, -82.525, -255.641
6.54562, -202.679, -328.461
2.80131, 1810.86, -1391.72
6.50584, 1173.76, -3396.35
5.49597, 276.029, -197.18
7.43182, 147.824, 48.8551
2.65919, -950.295, 286.482
6.8356, -2265.82, 2754.77
3.69109, -245.009, -363.96
3.6127, 869.07, 508.738
4.73907, 4540.22, 2111.78
2.61231, -219.035, -162.419
6.79755, 164.451, 48.9065
4.15902, 445.712, -3103.85
5.72195, 766.293, -144.619
7.43521, -420.532, -56.0289
5.30162, 268.975, -28.6305
4.74553, 163.085, -98.3092
5.213, -40.5437, -120.174
2.90797, -692.938, 296.501
3.99606, 1390.77, 2095.48
6.63964, -2721.19, -526.295
6.48936, -2851.48, 1139.02
5.71048, -178.065, 4.84435
4.84105, 138.565, -329.206
7.15326, 579.531, 1741.79
5.08798, -220.106, 169.451
7.42924, -2963.29, 1887.91
5.94567, 103.543, 196.415
6.19966, 281.623, 304.638
3.46323, 1216.74, 1139.63
6.08881, 2091.9, -1356.47
6.11146, 1091.83, 328.3
6.49298, 60.4998, -110.209
4.23216, -3473.51, 277.771
5.1481, -843.095, -382.519
3.19001, 1075.34, -746.208
6.73218, 156.633, -143.728
6.32766, -739.476, -465.301
7.5, -3655.44, 1682.66
4.24891, -5067.18, -1715.66
5.50367, 1035.06, 18.195
3.50808, -289.35, 2570.87
6.2385, -2543.47, 428.498
6.49225, -310.793, -299.058
3.03505, -266.889, -653.391
5.35813, 127.755, -1.78383
2.84683, -3559.4, 1240.22
4.16036, 316.005, -292.907
5.80945, 42.1832, -285.499
5.27726, 376.344, 2780.54
7.12415, 61.9, -391.712
2.69832, 219.192, 2009.18
2.62083, 974.247, 1114
4.61923, 391.514, 117.974
4.36987, -782.553, -75.8826
2.93303, 2388.29, 2339.21
3.05403, 415.817, 267.511
5.31992, -3270.9, 111.634
7.37269, 129.731, -7.76356
3.05066, 17.5557, -2753.11
5.99352, -2189.97, -2425.9
2.79674, 243.545, 1163.35
4.69755, -246.82, 133.134
5.24651, 488.894, 195.607
3.45129, 98.0493, -205.634
7.36597, 383.221, -65.5465
3.19593, 245.829, -186.794
5.48978, -2235.85, 300.497
7.12812, 146.982, -209.096
3.91116, -374.213, 44.844
6.8307, -15.6175, 69.6299
6.29598, 911.443, -1227.13
6.10793, 392.818, -131.746
3.34241, -77.6693, -596.225
3.32882, 604.56, -1834.68
3.39076, 315.086, -123.316
5.87226, -7.41497, -226.568
4.83484, 432.482, -34.9601
6.85219, 327.779, 239.546
5.76023, 399.627, -121.149
5.80464, 1025.04, 385.403
2.58037, -181.943, 585.942
4.30596, 3905.64, 2270.62
3.72747, 240.509, -649.797
6.93086, 593.025, 923.495
5.23701, -4911.62, 80.7021
6.57209, -217.596, -409.224
5.24453, -870.969, -180.662
4.16156, -151.779, 153.044
4.40213, -1349.6, -2351.22
2.52389, 761.399, 118.426
6.95226, 33.6143, -134.756
6.16955, 413.314, 111.562
6.04239, -574.735, 224.256
5.1278, 1543.62, -1959.81
6.41065, 204.328, -364.418
3.42484, 300.878, 23.5829
5.72673, 233.43, -0.793669
3.42178, 325.276, -5.40176
3.31214, -1197.27, 605.568
2.65594, 1226.33, 1050.87
7.42716, 185.159, -129.032
4.04559, 60.3424, 66.7192
4.11075, -439.434, 60.0877
5.51155, 223.798, -69.0617
2.89107, 3653.2, -572.396
3.93936, 262.72, 286.414
5.79307, 428.66, -849.56
7.36348, 426.907, -23.0581
7.27758, 2763.04, 1058.14
7.42745, 60.1658, -155.475
7.30478, 228.076, -74.4768
3.0073, 177.938, 559.032
3.71505, 915.779, -284.23
6.91151, -419.586, 120.958
5.28805, -122.774, -243.11
6.7669, 189.099, -165.879
7.49145, 486.27, -75.8251
3.99751, -3115.2, 1445.38
6.33157, -5591.92, -1869.53
4.81901, 121.179, 292.908
6.8168, 638.405, 131.336
6.99018, 139.065, 111.39
7.377, -391.514, -181.829
2.77405, 268.873, 62.69
6.32605, 305.599, 211.445
5.09219, 1208.25, -1847.68
3.46574, 217.86, -344.961
6.98252, 16.0625, -524.154
6.38492, 469.686, 20.7533
2.75968, 431.535, -107.995
7.47331, 1311.73, -1895.24
5.93659, 144.144, -414.023
5.94854, 1052.24, 427.973
6.57666, 2125.04, -940.25
7.05426, 359.594, -128.275
3.34218, 1666.6, 3485.7
5.24183, 2083.22, -1448.73
6.53351, 125.285, 92.4228
4.17803, 421.046, 208.345
5.53435, -419.619, -241.612
6.59602, 1029.84, -1786.69
7.3485, 490.396, 90.8115
6.29349, 230.295, 327.217
3.72113, 152.917, 221.864
5.80589, 171.22, 90.791
4.21574, 971.382, 400.613
7.27146, -41.9547, -81.9582
2.60828, 1916.35, -2382.57
4.54979, 732.519, -243.481
2.55789, -2454.13, 2620.48
3.04964, 259.611, 552.258
5.28259, 717.923, -973.417
4.45466, 359.603, -5.71331
7.20539, 214.559, 89.4153
2.55572, 360.207, 365.718
6.22897, 385.702, -1014.14
3.84293, 226.531, -138.722
4.27153, 247.77, -235.532
3.45835, 4086.01, -4193.99
5.14832, 457.307, 309.522
4.39478, -655.214, -3578.71
3.16407, 255.217, -94.586
4.26563, 91.7041, -143.953
4.2497, -3520.58, 1757.46
7.41084, -1892.24, -1280.25
5.25961, -434.839, -279.799
4.99918, -1765.39, -469.107
3.58531, 1262.74, -1949.31
4.37311, -163.443, -83.9624
6.78251, 2130.42, 1876.37
6.45578, -1996.66, 4002.85
3.9204, 2083.86, -2509.91
5.07645, 891.666, -153.548
6.79238, 140.419, -187.241
7.07844, -231.082, -60.3522
7.48941, -1475.46, -1373.25
6.53177, -394.52, 37.9333
5.22718, 659.194, 419.304
7.3461, -8.22357, 493.029
5.31931, 1046.3, -73.1913
4.03031, 408.033, -999.368
5.41853, -18.0772, -38.3803
2.91197, -159.598, 419.094
5.47382, 338.858, -94.9886
3.31968, 1899.8, 3528.35
6.46527, -180.079, -688.606
2.95373, -701.198, 1196.93
6.3072, 19.4221, 256.437
6.83996, 68.4301, 9.76354
6.40105, 379.254, -167.493
6.61399, -1669.86, -342.958
6.70974, 158.306, -264.091
4.48328, 405.308, 186.031
6.508, 228.157, -121.455
6.56811, 138.589, 5.66955
5.43493, 623.371, 1309.73
4.64621, 162.883, -92.1288
2.5002, -288.411, 197.449
5.31153, 330.156, -19.2081
6.22632, 171.924, -452.225
3.89846, 2437.18, 1379.38
2.93406, -509.804, -3353.2
3.5733, 32.4597, -236.226
3.93296, -431.419, 29.6435
4.86595, -455.04, -15.3316
6.95893, -1483.11, -1302.94
5.91955, 35.3932, -50.9051
3.54376, 156.147, -93.235
6.67533, -62.1149, 92.5147
7.09218, 590.676, 413.361
4.48244, -128.875, -113.86
6.37858, 1435.52, 410.248
5.68161, -176.634, 4.76522
6.64746, 132.604, 107.602
3.40204, -30.3906, 11.5917
7.45927, 147.19, -131.181
6.70558, 154.684, 42.8248
4.65177, 570.928, 188.555
4.38589, 440.274, -27.3774
2.70802, 212.627, -205.673
6.80715, -350.963, -603.99
6.62116, -2962.35, 1987.01
6.25052, 1203.24, 1223.19
3.55801, 389.47, -344.906
4.31029, 17.7908, 137.687
4.43545, 287.333, -7.20615
7.32918, -2369.4, -1519.1
6.5872, -172.121, -253.849
4.5755, -192.722, 72.0618
5.83759, 113.781, 502.165
2.52101, -2944.53, 2906.56
6.98048, 267.971, 3.67341
3.68416, 230.431, -226.038
3.79415, -448.672, 68.3029
5.4939, -388.375, -265.864
6.89823, -799.293, 22.2235
6.16299, 131.063, -266.08
6.0773, -495.396, -137.432
3.57724, 4222.06, -193.251
6.30413, -2968.27, 2313.42
3.85351, 595.068, 170.448
2.75246, 128.326, 3.48632
4.78866, -1108.7, 499.653
2.58759, -5.19228, -367.566
3.01129, 4103.91, -2675.7
2.639, 1142.31, -611.295
5.65921, -44.402, 297.488
6.34425, 174.2, -56.5997
2.74132, -160.913, -137.867
6.6924, 550.855, 839.053
6.76899, -78.8196, 49.7581
6.57649, 27.4362, 38.3955
6.85188, 180.644, -3050.09
5.27222, 184.44, 23.6628
6.12646, 0.609751, 1161.55
3.20424, -3227.74, 2558.96
6.6115, 228.81, 176.504
5.51185, -1876.07, -2262.35
4.93856, 108.315, -202.49
6.14942, -465.137, -256.579
4.05164, -1564.77, 878.246
3.93925, -216.806, 475.212
5.45857, 1685.32, -2048.28
5.34055, -2216.76, 1209.96
5.41059, 2118.82, 1525.13
2.84132, 175.063, -53.2404
4.34304, -1534.96, -43.0715
6.28475, 440.99, -151.827
6.35297, 762.324, 2204.26
4.27217, 95.0488, 541.607
5.98913, 144.265, -21.7612
5.08005, 1618.86, 955.649
5.94494, 15.4595, 16.1459
6.18066, -1527.02, -1071.09
2.56231, -1928.56, -1569.01
7.16549, 52.6752, -139.086
5.37826, 627.832, 225.65
3.05587, -50.5417, 662.75
4.87388, 67.7671, -86.1491
3.24247, 1370.62, -38.8408
4.22594, -5934.58, -1350.94
7.04476, 164.683, -138.789
4.54571, 2131.36, -918.926
5.96642, 69.6988, -85.6699
3.35865, 250.391, 149.957
6.21715, -3204.73, 1169.2
4.16319, 9.99412, 66.6909
4.62157, 198.555, -238.966
2.79523, 64.8406, 659.017
5.09005, 209.768, -2.16566
5.94425, 24.9779, 279.072
5.01149, 308.029, 283.981
6.56617, 126.576, 159.242
3.07974, 286.835, -61.1835
5.24841, 1117.98, 208.678
5.06046, 82.0339, -268.024
6.02649, -1502.33, -1350.89
5.65083, 179.929, 74.9927
4.0207, 680.09, 515.126
6.74719, 100.593, -68.845
3.39619, 1062.56, -1733.24
2.61737, 136.554, 245.094
4.19467, 524.038, -71.3045
3.43818, -1560.22, -1137.84
6.60467, 298.913, -120.764
6.72507, 75.9771, 2373.29
6.78031, -2267.06, 1362.21
7.37454, 356.223, -318.57
2.99587, 494.447, 240.253
2.56182, -2638.69, -2070.97
2.58614, 73.7464, -205.114
2.64527, 140.454, 521.25
4.1031, -1485.13, -1512.84
6.17815, -2273.89, 1254.55
3.14876, -357.61, -458.515
2.5161, -1595.74, -260.905
6.91905, 543.682, 102.914
3.70482, 107.26, 218.488
4.38481, 443.966, 339.121
4.44879, 118.425, 21.1652
2.81534, 2502.47, 962.034
7.30792, 133.316, 16.572
3.75349, 72.949, -42.8561
6.85376, 111.565, -84.4878
2.85991, 1995.11, -2756.48
2.70653, 2429.99, -1753.1
3.46378, 309.204, -220.262
3.86708, -1335.32, -1700.08
7.4007, 189.41, -155.816
3.60607, 799.056, -3494.45
6.43119, 1219.38, -1885.68
4.42306, 139.854, 556.219
3.78593, -2087.66, 2303.24
3.91087, 487.527, -225.123
7.33834, -187.016, -28.8947
4.22841, 65.2105, -183.969
3.45922, -105.62, -22.1538
5.05037, 382.87, -22.9196
5.21857, 819.243, -3135.74
5.72333, 344.746, 344.898
3.89738, 430.649, -194.336
3.41887, 88.1481, 116.244
2.71579, 1693.42, -2056.63
3.98408, 161.804, 304.982
4.25548, 1254.75, -524.928
7.09372, -8.82543, -70.2092
5.81225, -251.646, -60.8029
5.08041, -1459.64, -1303.51
4.03763, 50.6585, 53.3783
3.0007, 1466.29, 1542.94
3.47502, 202.299, 3.94603
4.11407, 2150.63, 2324.83
5.56182, 648.259, 94.1794
5.13511, 1546.93, -796.372
3.45653, -393.476, 1035.24
4.7178, 3776.12, 2173.31
4.48693, 4333.26, -844.403
6.28051, 292.544, 273.408
6.6213, -310.451, 142.326
5.51573, 17.7103, -854.288
3.04573, 298.573, -312.113
4.11797, 1901.85, -441.074
5.03403, 194.281, 65.8918
4.76521, 194.253, 830.768
4.77315, -129.568, 270.424
4.91125, -66.8692, -36.1517
5.07896, -3131.07, 564.474
4.50207, -1594.16, -1033.8
4.22945, -67.9904, -274.464
6.64533, 53.7399, 685.591
3.02204, 1872.64, -877.451
6.40057, 317.896, -7.28962
3.19919, 341.002, 55.6777
2.62171, 2598.52, 3005.68
6.0664, -217.106, 1021.89
7.15538, 73.8185, 281.446
7.47667, 53.831, -179.37
3.86264, 82.4215, 68.0034
3.6923, -1480.94, 512.947
3.87328, -253.397, -2224.56
5.70836, 348.979, 263.339
5.17637, 13.921, -42.911
6.8967, -1968.22, 3360.3
6.75968, 250.787, 305.108
2.98004, 107.23, 480.968
4.66818, 121.311, -0.273077
3.17045, -355.046, -78.6638
5.86802, 189.297, -28.8415
5.34964, -169.865, -399.056
3.66474, 118.405, -1222.44
5.50306, 103.026, -170.581
2.6551, 586.687, 96.9636
7.08512, 84.4003, -333.106
3.82958, 341.383, 399.148
6.50016, 111.01, -128.491
5.46389, 186.902, 131.921
5.0822, -294.154, -1.14613
5.2567, 850.425, -491.805
3.47225, -49.0213, 195.527
5.36152, -2071.41, -244.198
3.81992, -453.689, 4322.84
4.41648, 1792.54, -3813.52
2.73626, -220.188, -406.83
4.22823, 73.2655, 66.0874
3.61594, -2107.65, 4852.58
3.81264, 325.415, 127.39
3.05141, 327.375, 24.0403
7.40088, 68.1943, -446.512
5.93794, -491.879, -132.451
5.82158, -122.504, 134.51
5.99501, 186.387, -244.967
2.68746, 124.545, -29.5176
3.6706, 117.953, -36.9399
3.95397, -3632, -5474.22
3.50543, 322.639, -51.9317
2.7177, -1824.36, 2621.46
2.56571, 690.235, -264.296
6.07297, 4022.71, -1305.77
6.88348, -283.828, -341.868
5.35088, 1241.65, -2394.76
6.92743, -2023.93, -2239.32
5.20042, -729.774, 170.333
3.31357, -1425.76, 404.875
3.30492, -1943.1, -1572.88
7.19182, 128.31, 23.5578
3.45628, 316.179, -347.722
3.15761, -2172.89, -52.2346
4.41122, -296.742, 396.795
6.12674, -560.143, 2116.57
2.50651, -4367.45, -395.562
4.60222, 3113.47, -1797.72
5.18984, 644.97, 63.7822
4.86596, -345.775, -466
6.33003, 675.889, -604.012
2.9396, -508.326, -95.4613
7.04284, 12.9495, -60.0351
3.20818, -371.505, 540.776
2.54782, 162.587, -16.9868
2.82267, -15.8433, -452.2
4.96742, 142.409, 67.502
5.40914, 229.81, -109.527
4.03373, 2522.86, -4473.73
4.57091, -42.3455, -111.975
4.33401, 831.413, 1051.81
3.42687, 249.887, -1988.41
2.76788, -1787.08, -1866.21
4.47222, 118.377, 95.8954
3.98388, -267.188, -449.107
5.05388, -330.895, -203.516
3.75392, 1563.99, -2647.96
5.01589, -525.526, 1024.49
2.51168, 1073.26, -534.612
7.01807, -3667.65, 1686.18
2.79181, 2413.68, 2322.44
5.17506, 66.8615, 2272.04
3.95754, 2005.03, -938.992
7.3023, 297.627, -231.424
4.73406, -2374.45, -1028.74
5.08479, 209.156, 104.27
5.93861, -477.491, -42.4211
2.72187, 61.2219, 560.555
7.2946, 2579.31, -1926.9
5.70852, 0.0278568, 30.0497
2.80215, 3.8893, -255.45
3.33964, 200.303, 47.2354
5.76491, -100.116, 126.257
6.19864, -132.613, 1862.5
3.57011, -421.443, 95.5833
4.31441, 390.795, -1614.75
6.56981, 302.671, -186.035
5.32057, 178.591, -37.1671
7.45886, 195.408, -164.09
6.5669, 114.68, 196.281
3.49157, 2244.89, -2942.13
2.50003, -132.203, -36.5087
4.62608, -2275.99, 2753.74
4.07406, 1521.06, 905.551
5.56218, -2523.32, 361.339
3.83351, 69.6428, -11.4959
4.39881, 884.92, 603.641
5.43397, 301.673, 229.385
5.95636, -852.359, -425.292
7.26736, 180.23, 63.5258
4.89785, -223.106, 817.197
3.60319, 328.647, -408.689
5.33741, 693.035, 386.719
6.09873, 118.47, -74.3382
4.4953, 1681.46, -124.261
3.48326, 404.181, -163.577
6.66971, 340.906, 20.5541
5.59561, 282.638, -824.324
7.26866, 241.827, -25.5273
3.23222, 484.09, -88.2739
5.38953, 30.7261, 14.6333
7.26796, 30.9522, -167.777
3.62331, -3498.4, 1752.12
7.25137, 115.258, -81.2597
3.07874, 1186.81, -568.271
2.58372, 243.805, 188.466
3.90465, -172.795, 529.837
7.15042, 393.361, -181.007
3.04796, -1059.31, -484.293
6.77266, -363.304, -435.78
5.68532, 571.522, 378.436
5.63853, 308.135, 202.837
3.80589, -536.156, 1296.6
5.13936, 131.865, 1.03689
7.16608, 870.856, 507.606
3.98055, -947.66, 231.398
4.78006, 153.269, -163.34
6.35659, -620.307, 3096.74
4.17193, -1303.61, -2488.67
6.31775, 187.672, 47.4116
6.65892, -1622.47, 1655.43
2.64618, 1827.23, -1095.31
4.31315, -200.552, 102.55
4.16221, 134.499, -360.121
3.17675, 1276.11, 1038.16
3.00839, 885.985, -2723.05
5.11327, 156.698, -226.582
3.52046, 67.3105, -221.33
5.00728, 282.169, 611.939
5.1371, -3255.16, 2068.12
4.13422, 113.354, -35.1316
4.75888, -212.538, 718.554
6.85263, 806.568, -176.156
4.72884, -2.75163, 47.3115
6.03726, 416.267, 166.539
6.83171, -1511.79, 303.603
6.5822, 561.95, -282.498
2.67504, -2544.48, -995.892
3.8644, -546.14, 1722.46
5.21858, -870.643, 566.226
3.19942, 2140.56, -417.242
5.57408, 234.717, -104.455
3.29182, -346.813, -186.755
4.41129, -20.779, -392.865
5.94997, 360.871, 169.33
3.21128, 2768.15, -43.6635
5.65284, -22.0604, 161.925
3.15973, -2217.14, -1337.56
7.13583, 327.739, 242.999
5.53465, 3443.65, -5273.22
5.50388, 267.454, -472.479
3.33635, -142.709, 92.7295
3.301, -748.762, 1436.35
5.91628, 21.8301, -146.594
5.1456, -21.8017, -413.296
3.65264, -1543.28, 825.929
6.55373, 68.7848, 139.634
5.76477, 99.8635, -139.608
4.08597, 374.34, 120.204
2.53953, 293.446, 369.359
3.49176, -84.6386, -666.047
3.78831, 394.142, 174.542
3.03825, 416.548, 427.614
3.49545, 132.961, 266.143
6.75079, -3773.11, 2029.18
6.63912, 230.948, 8.4133
6.76813, 110.293, 3.63595
5.71027, 32.0512, -45.222
3.6787, -1983.36, 2059.64
6.80638, 152.934, -27.9738
5.4745, 300.17, 66.6314
2.52745, -1564.31, -1149.39
6.84925, -418.997, -790.009
7.37729, 142.257, 34.621
5.59653, -1477.97, -1299.74
3.85574, 599.533, 28.0015
7.46973, 228.152, -114.305
4.60751, -1166.16, -166.9
4.20537, -484.967, 52.8993
4.80717, 154.751, -273.098
4.44822, -782.188, -2171.68
4.613, -3254.25, -652.221
2.84879, 248.192, -222.018
5.5153, -142.95, 176.114
7.36114, 136.061, -42.177
5.07406, 79.3862, 256.688
7.45461, 152.166, -79.8009
5.84906, -1661.72, -3992.03
4.01716, 390.524, 289.647
3.47371, -495.826, -134.713
4.0109, 553.846, 217.157
4.93946, 367.965, -237.978
4.72438, -1.346, -44.5038
5.7844, -160.435, 2.89788
3.74227, 3906.13, 2269.71
4.72007, -1086.81, -977.6
5.75894, -56.083, -173.95
6.67472, 276.493, 71.6132
6.03698, -113.262, -321.391
4.93928, -145.11, 313.439
6.72039, -26.2512, -288.691
7.00296, 364.815, -368.276
6.33082, 112.734, 236.016
5.29453, -192.365, -362.284
2.70603, -280.824, -127.004
5.46749, 928.652, -184.461
2.68674, 126.386, -2757.81
4.53488, 278.64, -296.945
2.84243, 606.014, 340.598
7.38558, 316.051, -142.397
2.5956, 1540.16, 2212.93
6.60363, 123.008, -179.924
5.2195, 2688.81, -2136.74
5.72828, 635.089, -42.634
3.62934, -266.319, -218.323
2.733, 315.44, 2139.46
3.63154, -68.5838, 583.517
4.58371, 144.731, -1890.5
6.40126, -34.2846, -76.7207
3.72852, 1034.57, -1790.04
4.81411, 254.833, -117.808
6.14756, 120.139, 199.936
5.35237, 3640.22, -498.108
5.45997, -307.233, -716.965
4.98425, -268.756, -308.693
3.951, 61.3003, -54.9711
4.71107, 192.64, 310.018
2.53669, -1985.36, 4362.19
7.41683, 132.524, -90.4133
2.52822, 236.681, 58.0449
4.8676, 1514.7, 663.965
5.86497, 2463.05, 4160.7
