6.27803, -3313.66, 1960.38
3.5948, -67.3116, 1217.57
5.89648, 268.332, -47.694
5.09708, 493.719, 130.698
2.76731, 6380.79, -6526.73
2.53849, -2262.57, 2681.91
4.58743, 8943.92, 5305.46
7.15218, 311.098, -19.264
2.95982, 413.936, -315.12
6.00595, 192.829, -135.373
3.81226, 254.473, -87.5926
4.14117, 299.466, -92.264
7.45519, 778.464, -741.892
7.41275, 236.99, -149.714
5.75759, -482.424, -308.528
6.92354, 159.815, 128.799
6.33247, 60.9125, -10.5595
3.87453, -2499.3, -913.82
4.93259, -1394.25, -1102.97
2.80282, -8114.54, 2052.57
5.08146, 31.913, 68.2038
4.96988, -5671.46, 2118.08
7.23882, 413.534, 146.766
4.42071, 262.539, -37.5272
5.14874, -4279.46, 1118.55
2.75042, -319.553, 5678.33
6.63909, 344.964, -14.4502
5.94228, 782.21, -182.878
6.18112, 736.847, 70.5799
6.94286, -4207.92, -3660.43
4.25508, -330.77, 346.945
6.72991, 276.735, 289.723
3.84659, 852.851, -289.938
4.83959, -234.327, 659.234
3.2686, 72.0506, 45.8501
2.66527, 837.764, -513.517
7.2768, -1424.53, -997.394
6.95369, 156.324, 64.4945
3.29884, -260.849, 410.225
3.15214, 1778.08, -970.901
2.515, 3361.94, -602.371
6.0491, -101.502, -37.2681
3.40448, 544.548, 14.2067
5.76029, -1021.11, 266.562
4.42907, -71.2166, 162.824
3.23766, 1380.84, 1477.7
5.45054, 873.675, 340.768
3.24076, 3024.33, -1437.72
3.2091, -2501.4, -1440.93
4.94257, -291.044, -196.241
3.13015, 360.654, -586.989
5.64635, 1084.17, 208.559
5.60817, 389.782, -115.475
4.88216, 3871.94, -5339.88
2.64188, -595.825, -153.391
3.21011, 4649.08, -677.093
3.15594, 545.638, 6.57552
3.31099, 1610.48, -2459.24
3.76529, -291.472, 165.347
4.77654, -5395.1, 2613.04
6.54472, -128.809, -1050.66
3.57624, 200.259, 97.0963
3.75063, 246.661, 8.67857
5.02978, -1225.07, -2174.29
6.27922, 254.111, -22.2083
5.66369, -1849.21, -3737.56
5.9449, -2360.43, -1746.52
7.27207, 225.273, -469.68
5.18713, 5574.49, -2825.17
4.57014, 125.615, -2427.24
4.70019, -395.958, -499.727
6.07821, -1937.24, -1851.5
6.20858, -2824.36, -2105.47
5.12494, -3645.94, 2919.29
6.06711, 266.364, -81.569
5.91025, 417.418, 145.927
6.82941, 2193.07, -1750.6
3.19597, 483.317, 1784.88
3.57766, 223.001, 159.88
5.0733, 1324.13, 2339.74
4.83766, 274.432, 26.8565
3.55759, 4150.26, -4211.65
5.65244, -244.76, 418.648
2.5044, 3278.18, -4717.93
4.09589, -840.12, -2889.65
5.90281, 219.514, 33.5672
6.0446, 133.491, -197.722
2.90869, 248.821, 50.6598
3.56926, -281.319, -521.791
4.44412, 214.624, -196.893
4.44927, -4201.23, -1421.89
3.92018, 77.7771, 650.646
4.6123, 184.604, -161.56
2.55658, -2384.53, -154.982
3.72027, -5789.02, 3059.05
4.49072, -2245.57, -3793.24
6.64177, 769.115, 244.667
3.78584, 628.186, -456.892
3.59705, -1228.56, 593.924
6.47385, 231.107, 6.05911
5.8476, 1410.78, -390.623
5.49108, 447.506, 856.124
5.99917, 2758.22, 1819.23
5.13062, 233.176, 168.339
4.14833, 128.968, -187.548
3.30844, 6409.7, 1118.49
6.56633, 299.956, -152.866
4.08004, 78.0698, -687.874
4.05369, 782.24, 391.116
4.65424, 241.819, 45.6467
4.46509, 509.209, 212.095
4.43916, 292.486, -328.127
4.34871, 183.12, -194.55
5.88118, 301.406, 156.706
6.10384, 367.486, -398.04
7.20082, -2449.11, 998.376
5.08573, 91.2748, 9.91426
5.5282, -498.585, -201.006
5.85049, 1646.15, -2469.08
5.11404, 222.776, -157.391
3.87105, 375.063, 209.069
7.08924, 145.234, -7.46528
3.73367, 437.452, 76.7889
4.77876, 489.859, -350.384
3.30374, 355.779, 62.6787
4.68319, 115.535, -72.8761
7.45767, 855.33, -343.186
6.26931, 4161.47, -4047.42
4.97846, 63.7646, -838.365
7.01651, 158.246, -63.3901
4.68213, -307.142, 184.971
5.09239, 2233.33, -1765.52
4.44866, -1922.64, -3136.39
5.63431, 40.5718, 19.313
5.19331, 177.006, -72.9145
4.35955, 127.651, 1133.01
2.54674, -129.718, -812.161
6.3794, 328.544, -33.9952
2.85317, -489.001, -569.151
3.98511, 570.681, 94.7457
4.78581, 128.258, 1608.21
3.25156, 600.53, 201.907
5.97819, 100.414, -590.785
4.15587, -497.401, -572.47
5.21197, -3574.96, 6338.74
2.64678, -3487, -2255.29
5.38086, 286.873, -182.954
5.18133, -12.7188, -98.4283
7.36678, 658.98, 277.804
5.57063, 207.315, 16.8053
5.26431, 2768.3, -4778.61
6.69051, 1211.33, -202.646
3.75764, 456.18, -1154.9
6.98957, 95.5222, -77.5869
5.97428, 142.796, 106.126
5.82752, -491.287, 2434.73
3.06838, 565.209, -694.338
3.37987, -1695.2, -749.649
2.91253, -1801.16, 2909.53
6.68103, 512.817, 118.482
2.64818, 664.415, 3856.82
6.34719, 308.058, -67.4612
4.29829, 228.419, -3713.33
6.24626, -938.528, -335.969
6.28385, 297.756, -103.745
3.60834, 2520.75, -1407.45
5.58305, -343.684, 233.036
3.66846, 575.501, 301.07
6.22052, -30.7243, -3676.83
5.80997, -266.45, -798.494
4.9209, -3505.11, 6349.68
2.58972, 749.46, 383.113
4.98291, -8.67782, 407.532
5.09587, 245.803, 43.5643
4.71395, 695.861, 3405.47
4.14528, -2465.18, 1533.17
3.52671, 132.281, -27.036
7.19863, -1.3217, 1144.13
2.85168, 1155.89, 3101.42
3.30042, 416.38, -1204.86
6.70788, 29.3021, 130.322
4.13614, -24.526, -22.6547
6.85942, -20.7444, -30.6482
5.99896, 469.548, -2.86387
5.52801, 641.073, -2.18845
4.77536, 698.169, -214.666
2.91543, -187.292, 889.735
3.94883, -3503.99, -894.972
6.51009, -57.8018, 17.0662
6.81821, 224.49, -1298.2
3.81831, -4844.28, 380.333
4.79881, 746.844, 339.411
4.95672, 211.552, -65.9029
5.82344, 1617.85, -2458.05
7.31738, 218.083, -165.009
7.23022, 320.427, 82.5728
2.81902, 1665.88, 69.9914
5.04829, -718.916, -611.735
6.13222, 351.686, -294.639
5.65882, 196.064, 90.6632
3.26658, -360.509, -527.045
5.09652, 697.275, 3407.89
3.52281, 6127.52, -1933.96
6.03231, 96.1009, 159.648
6.05786, -1300.61, 6529.86
3.66304, 278.227, 449.901
6.80594, 169.762, -141.891
2.67122, 238.189, 169.606
6.26587, 938.653, -116.31
4.14789, 357.307, 856.568
4.65309, 5527.06, -1431.94
7.33455, 87.4904, -354.468
4.05803, -1815.98, -1756.62
5.69762, -6378.5, -74.4357
5.95386, 315.974, -152.011
5.36403, -486.91, 332.483
6.60667, -3590.21, 6335.1
4.21807, -3865.99, 1492.92
5.09387, -130.615, -155.163
6.78438, 212.612, 961.084
6.18587, 101.482, 789.658
3.45992, 1637.78, -747.481
2.83145, 307.7, -20.2179
3.60828, -4587.66, 2896.04
3.33656, 262.355, -227.035
6.31172, 143.324, -163.694
5.44905, 1692.47, -2272.2
4.65223, -6684.7, -465.191
7.09618, 1654.99, -8.30821
5.09668, -1016.98, -1542.05
7.38058, -559.211, 64.3873
5.15714, -42.421, -92.292
2.98716, -1167.17, 649.841
5.83983, -636.059, -601.605
5.44444, -600.708, 2887.43
5.01137, 326.329, 145.545
2.75808, 452.165, 1439.3
2.6753, -192.564, 303.191
4.41484, 149.044, 568.206
5.55555, -2829.85, -3140.01
5.06574, -6682.13, -469.691
5.98498, 234.451, 67.7425
4.89891, 320.44, -223.467
3.88323, -6851.46, 40.5376
6.01685, -307.837, 3133.51
3.67701, 180.75, -140.365
6.41501, 263.518, -27.4385
6.60589, 547.212, 436.17
3.21842, 4263.24, 3670.03
5.75757, -393.047, -349.628
3.87677, -1388.68, -1838.67
7.26215, 3100.33, -1206.86
4.58238, 473.145, 289.42
3.03869, 177.842, -432.42
4.70633, 356.008, -377.046
6.28811, 124.738, -538.963
2.77803, 154.303, -47.278
3.51241, 189.839, -93.6233
6.82305, 354.091, -277.668
6.52456, 361.406, 170.086
2.78861, 688.82, 2010.38
4.40304, 108.798, 151.41
4.56124, 25.0906, 30.7854
2.80071, -1359.29, -587.103
7.09746, -1183.84, -1021.89
3.35398, 195.503, -41.6886
6.51634, 248.158, -496.763
3.88599, 2790.66, -752.534
4.44586, 107.245, -92.174
7.19936, -2074.14, 1143.76
6.24573, 112.353, 3178.29
3.44774, 4622.47, -4694.2
6.89581, 262.523, -13.89
6.8953, 184.324, -15.7545
3.30515, 201.813, -1744.18
5.87346, 332.139, 216.192
6.89096, 149.364, -40.0423
6.98262, -772.821, 4221.42
3.06535, 303.383, 29.5033
5.93789, -1873.73, -1432.26
3.21651, 122.459, -592.727
3.6901, -889.789, 302.612
5.64383, 3271.77, -2240.85
4.312, 137.797, 52.9377
4.64437, -2066.41, -1902.98
4.91936, 1745.81, -2056.75
6.20379, 89.538, 1808.41
3.23098, 281.115, -376.943
7.36238, 105.461, -85.7992
7.3158, 408.646, -66.6474
3.14741, 2897.46, -1802.25
5.3784, 191.926, 145.188
4.66439, 166.593, -828.872
5.50066, 466.575, -15.8754
5.85098, 270.109, 448.695
4.5137, -3425.82, -1175.71
6.46691, -1940.35, -1662.39
4.89889, -4044.05, 1987.07
5.72449, 24.6407, 368.892
4.28836, 6415.7, -1003.57
5.96794, 112.067, -931.105
5.83428, 1037.78, 551.964
3.22071, 53.9827, -7.77155
7.10415, 180.949, -61.9809
4.22228, 1249.16, 4359.52
6.66824, 136.497, -181.448
2.74349, 180.936, -1028.93
3.27936, 1457.03, -2418.27
2.55765, 624.089, -363.213
3.94327, 283.73, -140.845
5.07295, 115.675, 324.269
3.65948, 1255.89, -3920.07
2.75022, 579.461, -342.458
5.33091, 566.807, 145.263
6.69774, 617.809, -252.965
4.28763, 606.727, 2.54851
4.3452, 196.352, -965.288
7.22226, 217.524, -40.306
4.72425, -1408.32, 11.6286
6.82086, 218.967, -176.703
5.82654, 244.079, -11.4961
5.79297, 417.552, 257.24
7.10736, 2907.09, -2128.71
5.11536, -3639.67, 2916.04
5.45229, -55.2962, 866.032
5.79944, -230.254, -2966.14
4.24765, -1729.35, 1150.06
4.11714, 470.945, 389.731
7.08984, 233.198, 842.831
3.08619, -5377.07, 2085.92
7.31268, -435.026, 346.092
5.17978, 205.268, -90.5632
5.81447, 1823.83, 1025.71
5.48362, -5566.1, 2663
6.93363, 87.1592, -1146.96
6.67999, 291.524, -66.1653
6.69339, 148.979, -60.9027
6.85642, -369.034, -366.143
2.5002, -443.279, 2472.4
4.77274, -1125.48, -3383.7
4.25696, 1673.68, 135.725
5.80713, 5633.83, -4305.69
6.22234, -199.268, 245.671
3.3821, -1086.73, -4835.65
7.4621, -1329.03, 1544.08
5.95466, 468.016, -201.164
6.97862, -493.644, 65.6455
3.51579, -1364.05, -522.257
7.2356, 765.367, 514.91
4.88476, -5131.34, 2792.05
6.78578, -4585.15, 2897.27
6.41237, -196.804, 22.8891
5.70687, -3510.16, 3413.06
3.14521, 386.496, -150.155
5.77944, 160.799, -585.527
3.09199, 283.237, 43.594
3.88793, 2947.72, 819.092
6.65548, 95.5979, 2742.74
6.14153, 4314.73, 5556.94
6.74348, 4813.41, -3600.65
3.43989, -416.406, 352.721
6.09602, 76.5846, -43.2687
4.25586, 3.55216, -637.279
3.34555, 350.345, 185.983
4.52383, -5162.63, 591.119
4.20924, 254.656, 110.716
6.67141, -235.905, 192.009
3.9111, -3977.67, -6448.84
5.16766, 4085.43, 2351.17
6.25085, 1216.93, -2168.09
4.62554, 550.131, 282.81
4.66964, 856.398, 158.87
3.03022, -3795.25, -2754.83
6.4639, 263.075, 234.539
3.91232, 451.792, -11.6345
7.14264, 4270.55, 6609.77
5.37926, 414.857, 155.718
3.4895, -420.817, -281.418
5.99081, 246.833, 19.0271
3.07265, 874.497, -57.0662
4.22945, 38.5093, -870.2
4.15646, 109.711, -216.267
6.42735, -5620.24, 2708.12
6.65775, 195.923, -201.81
4.21712, 158.138, -86.8534
4.2603, -701.281, -83.5696
6.38197, -24.5332, -7.38852
6.58658, 221.371, -303.36
4.26157, -264.977, -569.227
7.09559, 245.523, 132.212
3.2877, 594.505, -40.568
5.56029, -100.072, -166.317
5.54222, 208.64, -181.191
3.16647, 3163.57, 3234.68
3.51409, 4052.87, 5519.05
4.79457, 258.282, -153.012
3.48759, -355.811, 1585.3
6.77118, 437.341, 329.246
6.54562, 1106.28, 971.602
2.80131, 2717.95, -1809.33
6.50584, 1721.93, -5054.96
5.49597, 424.361, -18.3606
7.43182, 38.3932, -89.3834
2.65919, -443.438, -76.6353
6.8356, -3424.66, 4102.57
3.69109, -1995.18, -728.096
3.6127, 2134.69, 919.731
4.73907, 7063.67, 3294.99
2.61231, -258.619, -45.9724
6.79755, 126.093, -77.5827
4.15902, 483.624, -4217.82
5.72195, 805.053, -452.51
7.43521, 15.0489, -29.5464
5.30162, 222.662, 2.28547
4.74553, 193.247, -146.142
5.213, 87.9802, -398.207
2.90797, -2447.85, 854.912
3.99606, 1593.93, 3039.86
6.63964, -3847.39, -708.871
6.48936, -4425.98, 1906.15
5.71048, 459.137, -217.019
4.84105, 65.9644, 185.331
7.15326, 582.754, 2016.24
5.08798, 297.259, -784.319
7.42924, -4578.21, 2841.29
5.94567, -297.848, -189.451
6.19966, 181.437, 52.9343
3.46323, 1220.96, 1519.83
6.08881, 3043.14, -1750.43
6.11146, 914.779, -506.043
6.49298, 216.698, -127.541
4.23216, -5214.31, 339.638
5.1481, -2178.74, -1202.78
3.19001, 1235.6, -259.702
6.73218, 153.705, -191.461
6.32766, -353.951, -523.977
7.5, -5585.74, 2659.11
4.24891, -8004.66, -2596.09
5.50367, -603.184, -149.693
3.50808, -491.631, 3476.14
6.2385, -3634.3, 577.999
6.49225, 966.56, -272.065
3.03505, -885.435, -305.574
5.35813, 246.878, 70.4236
2.84683, -5205.9, 1731.06
4.16036, 369.501, 795.567
5.80945, 186.012, 175.377
5.27726, 425.332, 3984.53
7.12415, 418.747, 591.877
2.69832, 334.448, 2818.89
2.62083, 761.257, 1002.65
4.61923, 227.944, -210.255
4.36987, -916.432, 410.277
2.93303, 3691.29, 3641.68
3.05403, 248.952, -11.4292
5.31992, -5049.61, 156.624
7.37269, 196.15, -40.6103
3.05066, 139.726, -3852.5
5.99352, -3108.1, -3423.01
2.79674, 35.4201, 510.878
4.69755, 702.279, -574.015
5.24651, 1202.98, 548.129
3.45129, 6.23467, 149.477
7.36597, 320.307, 19.1997
3.19593, 260.153, -174.298
5.48978, -3110.04, 273.903
7.12812, 290.339, 558.335
3.91116, -1546.07, 354.4
6.8307, 508.212, -398.203
6.29598, 864.512, -1290.93
6.10793, 214.248, -49.8284
3.34241, 287.581, 18.7762
3.32882, 1396.18, -2597.2
3.39076, 331.225, -112.761
5.87226, 147.432, 63.3662
4.83484, -357.143, 640.619
6.85219, 89.0143, 22.626
5.76023, -591.426, 305.393
5.80464, 1833.86, 1024.72
2.58037, 149.452, 152.998
4.30596, 5972.54, 3367.18
3.72747, 126.831, 1003.67
6.93086, 100.811, 3.97611
5.23701, -7590.48, 138.674
6.57209, -520.088, -319.657
5.24453, 340.519, -68.0499
4.16156, 863.404, -336.96
4.40213, -1837.26, -3302.3
2.52389, 2080.09, 416.197
6.95226, 201.292, 47.3394
6.16955, 870.326, 256.647
6.04239, -226.635, 189.112
5.1278, 1982.11, -2855.31
6.41065, 155.259, 206.247
3.42484, 335.062, 99.6866
5.72673, 222.726, 17.5597
3.42178, -14.1199, -139.335
3.31214, -1058.58, 693.672
2.65594, 1248.88, 1473.72
7.42716, 68.6839, -21.1043
4.04559, 578.639, 141.897
4.11075, -142.851, -6.56851
5.51155, 279.205, -35.7119
2.89107, 5786.75, -1050.74
3.93936, -600.794, -31.8972
5.79307, -104.975, 560.24
7.36348, -66.9592, -64.9593
7.27758, 4135.5, 1657.03
7.42745, 430.996, -152.568
7.30478, 189.699, -56.2372
3.0073, 945.123, 120.212
3.71505, 61.1803, -55.2836
6.91151, 749.959, 68.5332
5.28805, 375.881, 3.32919
6.7669, 33.0681, 35.731
7.49145, 167.946, -79.3263
3.99751, -4887.63, 1953.8
6.33157, -8811.55, -2862.48
4.81901, 916.107, -1241.38
6.8168, -172.45, -103.216
6.99018, 162.218, -22.2791
7.377, 796.211, -33.1414
2.77405, 662.905, -220.126
6.32605, -210.563, -412.258
5.09219, 1575.72, -2482.34
3.46574, -610.77, 199.008
6.98252, 120.225, -46.7734
6.38492, 194.254, 30.7767
2.75968, 800.282, -1639.18
7.47331, 1619.8, -2559.72
5.93659, 210.219, -29.197
5.94854, 1798.08, 997.06
6.57666, 3028.93, -1447.15
7.05426, -138.633, -33.4306
3.34218, 2684.07, 5197.75
5.24183, 2938.14, -2200.4
6.53351, 115.88, 63.8959
4.17803, 365.46, -90.3125
5.53435, 50.582, 561.883
6.59602, 1711.21, -2293.42
7.3485, 176.504, 132.108
6.29349, 664.56, 488.215
3.72113, 63.1824, -1168.32
5.80589, 546.929, -131.512
4.21574, 120.592, -98.7155
7.27146, 236.427, 135.116
2.60828, 3105.62, -3365.53
4.54979, 164.59, -53.5399
2.55789, -4325.54, 3954.94
3.04964, 328.731, 1630.22
5.28259, 303.439, -211.054
4.45466, 229.52, 9.86749
7.20539, 213.209, -184.478
2.55572, -255.48, -24.1228
6.22897, 1108.12, -2629.25
3.84293, 72.8381, -269.247
4.27153, 153.622, 74.862
3.45835, 6422.25, -6562.28
5.14832, 490.319, 228.371
4.39478, -954.033, -5485.48
3.16407, 296.326, 113.467
4.26563, 106.052, -226.601
4.2497, -5173.99, 2674.01
7.41084, -2380.32, -1777.56
5.25961, 427.852, -9.66775
4.99918, -1994.08, -565.66
3.58531, 1502.73, -2213.32
4.37311, -266.491, -846.385
6.78251, 3354.76, 3020.89
6.45578, -3150.88, 6403.02
3.9204, 2963.21, -3758.77
5.07645, -181.741, -5.77441
6.79238, 458.542, -18.2328
7.07844, 148.472, -61.2655
7.48941, -1961.79, -1644.5
6.53177, 199.175, -206.02
5.22718, 237.846, -593.745
7.3461, 863.114, 310.053
5.31931, 1172.66, 408.574
4.03031, -196.282, -493.96
5.41853, 116.468, 65.6414
2.91197, 148.468, -416.578
5.47382, 318.869, 273.141
3.31968, 2912.09, 5678.73
6.46527, 452.445, 93.9349
2.95373, -407.888, 1640.22
6.3072, 73.9902, -749.677
6.83996, 147.034, 39.3346
6.40105, 223.323, 24.1303
6.61399, -1928.78, -287.824
6.70974, 225.315, 57.9971
4.48328, 366.603, 570.185
6.508, 218.102, -185.255
6.56811, 359.535, 93.9017
5.43493, 445.319, 1031.42
4.64621, 186.87, 694.365
2.5002, -1233.24, 446.455
5.31153, 118.685, -115.839
6.22632, -652.049, 657.377
3.89846, 3458.66, 2079.4
2.93406, -859.202, -4911.94
3.5733, 870.123, 1064.16
3.93296, 796.759, 23.7558
4.86595, 7.39833, -77.634
6.95893, -1927.71, -1667.75
5.91955, -539.361, 270.661
3.54376, -241.895, -133.587
6.67533, 310.557, 52.1182
7.09218, 255.826, -656.665
4.48244, 502.077, 273.718
6.37858, 1736, 89.4981
5.68161, 728.388, 244.437
6.64746, -271.096, -162.147
3.40204, 1743.23, 480.044
7.45927, 239.507, -101.722
6.70558, 109.553, -116.604
4.65177, 365.697, -719.012
4.38589, 200.317, -73.6445
2.70802, 506.989, -597.305
6.80715, -688.308, -1067.52
6.62116, -4512.63, 2706.46
6.25052, 1816.72, 1242.77
3.55801, 111.429, 182.266
4.31029, -429.792, -303.169
4.43545, -243.737, -309.3
7.32918, -3286.27, -2058.36
6.5872, 456.047, 62.3495
4.5755, 2074.6, -315.959
5.83759, -251.164, 565.837
2.52101, -4391.54, 4620.58
6.98048, 315.744, 41.3807
3.68416, -272.901, 1092.37
3.79415, 235.141, 45.2068
5.4939, 1232.1, 166.45
6.89823, 573.939, -124.037
6.16299, 130.968, -232.07
6.0773, 754.461, -296.895
3.57724, 6426.33, -287.013
6.30413, -4367.38, 3441.38
3.85351, -124.84, -405.26
2.75246, 345.502, 61.7666
4.78866, -1890.25, 494.17
2.58759, 31.5359, 219.909
3.01129, 6569.98, -4175.1
2.639, 3141.59, -1891.56
5.65921, 119.638, 195.807
6.34425, 212.498, -135.082
2.74132, 426.143, -30.8958
6.6924, 344.876, 606.728
6.76899, 263.183, -69.6694
6.57649, -236.159, 734.463
6.85188, 465.515, -4603.44
5.27222, 967.259, -303.147
6.12646, 58.8732, 567.946
3.20424, -4747.47, 4056.16
6.6115, 141.024, -10.4549
5.51185, -2833.12, -3143.54
4.93856, 213.166, -652.445
6.14942, 483.475, 279.172
4.05164, -1798.53, 1185.56
3.93925, 190.211, -490.079
5.45857, 2242.03, -2794
5.34055, -3263.15, 1744.64
5.41059, 2730.33, 2226.62
2.84132, -477.26, 300.019
4.34304, -1684.26, -531.709
6.28475, -435.217, 131.141
6.35297, 615.618, 3121.76
4.27217, 337.448, 466.006
5.98913, 384.835, -71.6836
5.08005, 1792.08, 1175.39
5.94494, 710.102, 257.896
6.18066, -1719.33, -1324.02
2.56231, -2912.32, -1782.22
7.16549, 140.702, 39.158
5.37826, -166.851, -286.181
3.05587, 1002.28, 218.649
4.87388, -11.8714, -244.145
3.24247, 1846.8, -982.609
4.22594, -9220.28, -2051.82
7.04476, 205.454, -179.168
4.54571, 2929.7, -1432.55
5.96642, 259.071, 30.5937
3.35865, 274.793, -10.7764
6.21715, -5016.59, 1745.16
4.16319, 248.023, 100.509
4.62157, 16.7668, -43.8111
2.79523, 279.733, 30.6233
5.09005, 85.2747, -129.011
5.94425, 353.473, -178.452
5.01149, 354.339, 166.742
6.56617, 194.462, 149.324
3.07974, 117.271, -491.006
5.24841, 889.246, -429.521
5.06046, 712.5, -31.3346
6.02649, -1925.18, -1682.3
5.65083, 176.246, -223.356
4.0207, 64.7006, -150.982
6.74719, 167.5, -84.7333
3.39619, 1704.87, -2349.41
2.61737, 346.785, 1056.78
4.19467, -49.0283, -135.298
3.43818, -1941.4, -1581.1
6.60467, 121.236, -127.574
6.72507, 125.217, 3195.26
6.78031, -3250.09, 1798.97
7.37454, 93.9744, 134.422
2.99587, 7.85602, 565.55
2.56182, -4146.87, -3095.04
2.58614, 663.977, 719.453
2.64527, -265.209, -317.261
4.1031, -1793.61, -1726.18
6.17815, -3334.48, 1983.73
3.14876, 838.448, 108.726
2.5161, -3114.62, -633.534
6.91905, -829.555, -633.063
3.70482, 110.565, 147.426
4.38481, 215.092, 1313.46
4.44879, -7.97344, -163.512
2.81534, 3834.77, 1455.89
7.30792, 107.242, -101.44
3.75349, 373.431, -8.01151
6.85376, 376.814, 108.751
2.85991, 3196.64, -4316.72
2.70653, 4178.14, -2575.59
3.46378, -593.073, 289.127
3.86708, -2170.16, -1965.79
7.4007, 200.036, -124.09
3.60607, 1269.47, -5277.49
6.43119, 1642.72, -2474.39
4.42306, -304.921, 1616.79
3.78593, -3016.92, 3484.97
3.91087, 150.47, 240.148
7.33834, 1222.77, 479.427
4.22841, 261.639, -77.6242
3.45922, -594.21, -786.265
5.05037, -24.5539, 130.459
5.21857, 1176.31, -4713.79
5.72333, 1031.05, -247.468
3.89738, -954.288, 159.695
3.41887, 259.906, -390.838
2.71579, 2286.82, -2655.37
3.98408, 15.6985, -26.6215
4.25548, 896.351, -558.351
7.09372, 143.149, -7.50747
5.81225, 160.701, 559.482
5.08041, -1964.72, -1640.65
4.03763, 205.3, -35.8106
3.0007, 1900.13, 2040.48
3.47502, 138.356, 90.9821
4.11407, 3254.07, 3309.59
5.56182, 64.021, -197.576
5.13511, 2981.37, -1425.91
3.45653, 108.938, 504.826
4.7178, 5725.52, 3363.93
4.48693, 6600.51, -1287.75
6.28051, 40.8857, -463.613
6.6213, 768.703, -343.799
5.51573, -191.048, 437.684
3.04573, 107.54, -550.665
4.11797, 2424.12, -716.999
5.03403, 207.329, 49.7081
4.76521, 419.012, -484.651
4.77315, 679.932, 261.692
4.91125, 73.9414, 4.46843
5.07896, -4517.84, 785.059
4.50207, -2216.15, -973.1
4.22945, -520.399, -335.53
6.64533, 2.47724, -424.365
3.02204, 2292.2, -1552.84
6.40057, 233.696, 29.409
3.19919, 933.523, -595.115
2.62171, 3993.32, 4511.82
6.0664, -47.442, 1186.17
7.15538, 181.257, 47.3177
7.47667, 206.09, -98.6486
3.86264, 93.1167, 127.388
3.6923, -1924.31, 187.478
3.87328, -453.702, -3160.37
5.70836, -620.473, -710.175
5.17637, 124.104, -166.652
6.8967, -2890.71, 5090.25
6.75968, -238.235, 18.8621
2.98004, -108.31, -442.446
4.66818, 220.075, -277.847
3.17045, -55.6923, 247.912
5.86802, 242.542, 64.0765
5.34964, 226.644, -588.178
3.66474, 74.9068, -798.471
5.50306, 1010.78, 260.336
2.6551, 177.263, 137.234
7.08512, 212.646, -100.008
3.82958, 424.809, -707.106
6.50016, 186.968, -62.8259
5.46389, 172.726, -178.367
5.0822, 749.386, 78.2785
5.2567, 2294.31, -1194.08
3.47225, 646.283, -204.66
5.36152, -3018.22, -0.407663
3.81992, -642.153, 6975.57
4.41648, 2862.64, -5900.27
2.73626, -518.946, -322.909
4.22823, 550.879, -63.1429
3.61594, -3077.64, 7429.73
3.81264, 183.748, -141.533
3.05141, 126.531, -1.06224
7.40088, 197.465, -220.251
5.93794, 717.001, -332.132
5.82158, 446.105, 48.0393
5.99501, 679.87, 229.705
2.68746, 288.06, 10.9092
3.6706, 384.374, -123.564
3.95397, -5760.78, -8667.4
3.50543, 300.055, -207.479
2.7177, -2705.24, 4065.93
2.56571, -1136.07, 103.098
6.07297, 6127.95, -1929.32
6.88348, 636.049, 126.511
5.35088, 1847.04, -3414.36
6.92743, -3110.57, -3559.34
5.20042, -1635.44, -555.098
3.31357, -1732.2, 141.807
3.30492, -2820.58, -2114.56
7.19182, 70.1236, 166.19
3.45628, 67.7214, 560.284
3.15761, -2994.82, -368.471
4.41122, 614.271, -531.433
6.12674, -582.547, 2897.07
2.50651, -6672.35, -465.995
4.60222, 4745.52, -2684.85
5.18984, -701.334, -74.5411
4.86596, -1323.48, -651.317
6.33003, -161.694, -241.57
2.9396, -917.221, -947.51
7.04284, 37.9674, 288.676
3.20818, -24.9783, -468.981
2.54782, 237.769, 551.146
2.82267, 28.315, 661.147
4.96742, 75.547, 223.713
5.40914, 131.909, -24.9268
4.03373, 3939.61, -6881.84
4.57091, 352.416, 18.6774
4.33401, 1679.72, 1934.57
3.42687, 443.524, -2395.53
2.76788, -2805.66, -2519.38
4.47222, 175.564, 34.8146
3.98388, -1355.33, -1481.33
5.05388, 342.035, -134.104
3.75392, 2359.18, -3805.09
5.01589, -1384.53, 2395.41
2.51168, 175.06, -486.452
7.01807, -5575.6, 2663.89
2.79181, 3399.58, 3545.74
5.17506, 231.312, 3191.21
3.95754, 2766.75, -1110.35
7.3023, 144.494, -35.2986
4.73406, -3305.25, -1254.4
5.08479, 175.132, -47.0923
5.93861, 854.755, -708.227
2.72187, 75.0003, -21.7887
7.2946, 3802.03, -2751.08
5.70852, 153.327, 61.0788
2.80215, 271.396, -169.832
3.33964, 594.616, 10.0186
5.76491, 248.457, 84.6828
6.19864, -485.555, 2436.2
3.57011, 240.181, -628.309
4.31441, 798.3, -1897.01
6.56981, -247.745, 420.947
5.32057, 303.036, 56.029
7.45886, 287.995, -244.373
6.5669, 207.771, 379.714
3.49157, 3451.5, -4376.73
2.50003, 3.29246, 446.985
4.62608, -3437.67, 4077.08
4.07406, 1835.97, 1137.01
5.56218, -3610.51, 605.777
3.83351, 332.839, -69.7025
4.39881, 1576.74, 420.035
5.43397, 185.985, -7.17443
5.95636, -2143.87, 49.6852
7.26736, 225.133, 38.6606
4.89785, 119.805, 850.983
3.60319, 392.16, 810.956
5.33741, 906.414, 688.329
6.09873, -187.68, -111.665
4.4953, 1827.92, 94.5109
3.48326, 129.25, 248.837
6.66971, 528.214, -134.879
5.59561, 41.1248, -99.991
7.26866, -247.292, 188.686
3.23222, -560.454, 480.425
5.38953, -309.788, -217.229
7.26796, 180.215, -39.5546
3.62331, -5643.74, 2795
7.25137, 109.914, 56.547
3.07874, 991.324, -424.373
2.58372, 232.362, -97.7987
3.90465, -33.745, 50.8886
7.15042, 219.373, -439.306
3.04796, -454.395, -278.861
6.77266, 267.687, 64.486
5.68532, 191.414, -7.86629
5.63853, 230.024, -39.432
3.80589, -680.806, 1356.19
5.13936, -920.465, 217.528
7.16608, 2145.34, 895.113
3.98055, -1201.19, 48.9955
4.78006, 272.633, -67.243
6.35659, -1107.37, 4701.67
4.17193, -2015.18, -3279.83
6.31775, 567.939, 347.76
6.65892, -2217.52, 2534.71
2.64618, 2445.69, -1581.99
4.31315, -53.3575, -1038.06
4.16221, 317.643, 154.3
3.17675, 1965.18, 2058.97
3.00839, 1299.13, -4005.58
5.11327, 96.2063, -281.93
3.52046, 878.101, -294.048
5.00728, 35.4084, -508.71
5.1371, -4971.16, 3356.63
4.13422, 368.683, 161.678
4.75888, 310.409, 102.692
6.85263, -417.225, 242.954
4.72884, 472.147, -97.3167
6.03726, 416.037, 109.349
6.83171, -1801.51, 351.615
6.5822, 542.289, -739.313
2.67504, -3855.46, -1500.44
3.8644, -893.272, 2079.82
5.21858, -1477.31, 985.327
3.19942, 4438.61, -695.85
5.57408, 151.269, 117.565
3.29182, 794.601, -392.244
4.41129, 697.287, 407.644
5.94997, -713.335, -308.317
3.21128, 3913.32, 14.4169
5.65284, 331.833, -167.066
3.15973, -3319.05, -1588.26
7.13583, 89.8289, 24.6316
5.53465, 5448.3, -8314.36
5.50388, 615.894, 764.722
3.33635, 1103.91, -216.155
3.301, -1603.33, 2153.36
5.91628, 163.461, -232.06
5.1456, -212.471, 624.038
3.65264, -1985.34, 1099.4
6.55373, 407.746, -65.6867
5.76477, 453.695, 178.549
4.08597, -115.007, 752.759
2.53953, 133.831, -240.385
3.49176, 690.451, -9.51108
3.78831, 48.6909, 262.256
3.03825, 289.393, -1225.87
3.49545, 9.11741, -736.852
6.75079, -5811.12, 3068.84
6.63912, 241.136, 607.594
6.76813, 468.549, -2.59527
5.71027, 186.049, -201.495
3.6787, -2903.84, 3009.8
6.80638, 128.046, -55.8607
5.4745, 68.1857, 175.167
2.52745, -1767.88, -1296.46
6.84925, -268.588, -797.391
7.37729, 52.8324, 50.9654
5.59653, -1928.92, -1665.23
3.85574, -155.665, -446.197
7.46973, 273.658, -48.74
4.60751, -892.504, -695.079
4.20537, 448.394, -15.6396
4.80717, 189.313, 78.082
4.44822, -1068.31, -2949.48
4.613, -4798.42, -898.129
2.84879, 30.9877, 527.084
5.5153, 36.4366, 74.2494
7.36114, 120.819, -133.006
5.07406, 162.735, 91.7117
7.45461, 223.974, 5.09525
5.84906, -2643.23, -6146.45
4.01716, 329.483, 235.905
3.47371, 753.343, -300.324
4.0109, -1182.65, -65.1289
4.93946, -235.672, -132.86
4.72438, 846.673, 116.614
5.7844, -445.347, 201.248
3.74227, 5972.29, 3368.3
4.72007, -1285.46, -1025.25
5.75894, 80.8959, -125.675
6.67472, 104.067, 106.709
6.03698, 76.9812, 907.258
4.93928, -50.6431, -1007.2
6.72039, 731.558, 79.2019
7.00296, 854.351, -698.855
6.33082, 352.259, -68.8759
5.29453, 698.968, 1176.57
2.70603, -719.679, 512.151
5.46749, 203.256, -130.223
2.68674, -35.7332, -3923.01
4.53488, -1180.07, 1192.49
2.84243, -24.4834, -548.882
7.38558, 196.366, -276.673
2.5956, 1905.43, 3113.88
6.60363, 107.192, 55.3472
5.2195, 3910.92, -3337.45
5.72828, -86.9845, 372.2
3.62934, -215.317, 197.924
2.733, 658.096, 3274.75
3.63154, 392.552, -222.701
4.58371, -116.694, -2627.1
6.40126, -286.837, -187.072
3.72852, 1717.71, -2301.21
4.81411, -116.579, -300.306
6.14756, -1190.84, -580.3
5.35237, 5533.2, -756.697
5.45997, 666.767, 222.951
4.98425, -1060.05, -66.8457
3.951, 258.541, 208.233
4.71107, 198.666, -121.552
2.53669, -3180.1, 7007.42
7.41683, 127.939, -78.1939
2.52822, 215.064, -133.133
4.8676, 2081.04, 630.611
5.86497, 3785.69, 6485.93
