6.27803, -3751.54, 2229.32
3.5948, -84.2235, 864.841
5.89648, 404.473, 202.687
5.09708, 496.061, -33.6321
2.76731, 7391.26, -7575.9
2.53849, -2621.48, 3355.83
4.58743, 10379.6, 6168.8
7.15218, 73.9376, -9.64895
2.95982, 1063.23, -624.79
6.00595, 315.568, 92.6246
3.81226, -352.491, 73.1989
4.14117, -23.6231, 117.235
7.45519, 638.768, -838.292
7.41275, 192.185, 115.142
5.75759, -512.605, -133.613
6.92354, 75.5551, -42.4314
6.33247, 285.277, -42.4692
3.87453, -2756.81, -1076.32
4.93259, -1352.26, -1195.18
2.80282, -9432.88, 2441.18
5.08146, 512.77, -173.031
4.96988, -6554.55, 2496.99
7.23882, 138.391, -69.4726
4.42071, 184.853, -12.5544
5.14874, -4894.54, 1259.59
2.75042, -323.374, 6549.68
6.63909, 606.257, 238.529
5.94228, 670.45, -294.646
6.18112, 463.934, 114.63
6.94286, -4820.64, -4142.51
4.25508, 2.48458, -17.7901
6.72991, 64.2313, -287.593
3.84659, 909.199, -401.23
4.83959, 18.8658, 384.637
3.2686, -0.937155, -456.489
2.66527, 1050.95, -675.947
7.2768, -1429.56, -977.708
6.95369, 297.502, -22.3717
3.29884, 315.286, 273.122
3.15214, 2255.6, -1392
2.515, 3783.29, -706.477
6.0491, 356.061, -61.0776
3.40448, -444.096, 271.203
5.76029, -1173.63, 113.481
4.42907, 222.257, -66.1752
3.23766, 1419.54, 1441.35
5.45054, 680.694, -39.8967
3.24076, 3317.38, -1648.17
3.2091, -2725.25, -1564.33
4.94257, 329.655, 55.3945
3.13015, 506.848, 74.5137
5.64635, 1101.43, 321.991
5.60817, 0.0100817, 113.459
4.88216, 4452.54, -6134.67
2.64188, -1078.35, 52.6268
3.21011, 5299.7, -751.064
3.15594, 671.968, -195.438
3.31099, 1732.59, -2667.62
3.76529, 580.383, -238.063
4.77654, -6289.53, 2987.84
6.54472, -255.296, -1284.54
3.57624, 199.2, -53.1453
3.75063, 92.7355, -134.523
5.02978, -1553.93, -2631.71
6.27922, 291.854, 50.9512
5.66369, -2132.49, -4217.2
5.9449, -2515.66, -1934.16
7.27207, 102.286, 159.218
5.18713, 6430.71, -3256.84
4.57014, 152.704, -3011.68
4.70019, -257.362, -208.638
6.07821, -2124.24, -1780.85
6.20858, -3172.43, -2304.78
5.12494, -4153.22, 3287.34
6.06711, 366.96, -126.097
5.91025, 255.417, 349.79
6.82941, 2417.86, -1935.7
3.19597, 341.431, 1851.23
3.57766, 91.5886, -66.6469
5.0733, 1561.76, 2706.45
4.83766, 156.288, 281.111
3.55759, 4787.8, -4830.45
5.65244, 19.8437, 19.4309
2.5044, 3779.55, -5439.2
4.09589, -982.889, -3089.42
5.90281, 287.684, -65.6434
6.0446, 235.761, -75.2206
2.90869, 364.551, -73.107
3.56926, 175.239, -478.446
4.44412, 218.531, 335.271
4.44927, -4726.96, -1582.93
3.92018, 113.311, 372.388
4.6123, 442.064, 261.542
2.55658, -2917.15, -236.577
3.72027, -6654.92, 3519.45
4.49072, -2621.53, -4247.17
6.64177, 1096.87, 338.539
3.78584, 731.138, -526.514
3.59705, -1079.26, 759.468
6.47385, 358.829, -53.4508
5.8476, 1892.36, -378.704
5.49108, 660.162, 996.521
5.99917, 3031.04, 2052.4
5.13062, 444.181, 736.964
4.14833, 280.513, 262.741
3.30844, 7474.29, 1309.8
6.56633, -48.585, 148.617
4.08004, 90.6709, -568.881
4.05369, 759.035, 434.714
4.65424, 359.221, -9.09101
4.46509, 121.442, -67.0641
4.43916, 430.224, 320.347
4.34871, 219.07, 94.6194
5.88118, 169.284, -188.376
6.10384, 622.722, -7.74463
7.20082, -2643.38, 1163.84
5.08573, 1120.07, -570.074
5.5282, -495.782, -129.684
5.85049, 1777.77, -2683.11
5.11404, 149.356, 63.5586
3.87105, -48.2273, -283.538
7.08924, 213.172, 1.55204
3.73367, -232.875, 145.691
4.77876, 67.6615, -781.265
3.30374, -59.7595, -119.929
4.68319, 185.388, -112.013
7.45767, 891.306, -404.186
6.26931, 4842.55, -4637.98
4.97846, -19.5001, -669.563
7.01651, 305.643, -28.0309
4.68213, 507.779, -173.896
5.09239, 2416.81, -1873.02
4.44866, -2125.25, -3550.35
5.63431, 223.54, -119.314
5.19331, 122.534, -9.22105
4.35955, 256.544, 1043.99
2.54674, 284.028, -919.237
6.3794, 101.184, -101.501
2.85317, -237.224, -259.883
3.98511, 1120.74, 181.288
4.78581, -30.9511, 2057.95
3.25156, -19.0301, -115.396
5.97819, 41.3917, -444.156
4.15587, -245.824, -265.79
5.21197, -4132.87, 7286.24
2.64678, -3882.55, -2635.94
5.38086, 726.77, -715.681
5.18133, 384.722, -493.257
7.36678, 279.249, 279.643
5.57063, -47.5944, -193.573
5.26431, 3165.15, -5505.54
6.69051, 920.778, -338.192
3.75764, 596.446, -1154.43
6.98957, 428.342, 188.379
5.97428, 190.502, -117.986
5.82752, -599.251, 2625.84
3.06838, 795.082, -521.632
3.37987, -1937.71, -698.213
2.91253, -2126.31, 3372.09
6.68103, 214.536, -64.4302
2.64818, 964.912, 4454.27
6.34719, 346.128, 72.0166
4.29829, 202.904, -4183.13
6.24626, -1210.7, -435.845
6.28385, 378.685, 91.1449
3.60834, 2643.67, -1591.54
5.58305, -172.721, 163.804
3.66846, 291.622, 34.5911
6.22052, -48.0323, -4149.23
5.80997, 34.7006, -485.645
4.9209, -4086.97, 7391.2
2.58972, 360.424, 37.5969
4.98291, -118.154, 477.72
5.09587, 283.943, 48.1115
4.71395, 672.13, 3794.07
4.14528, -2690.07, 1780.95
3.52671, 393.378, 14.9554
7.19863, 12.3401, 884.54
2.85168, 1165.92, 3503.59
3.30042, 264.832, -1266.69
6.70788, 15.0388, 68.7226
4.13614, 597.953, 62.5677
6.85942, -23.643, 224.277
5.99896, 101.627, 86.7839
5.52801, 677.242, 494.708
4.77536, 496.102, 242.036
2.91543, -549.21, 539.321
3.94883, -3932.91, -907.855
6.51009, 305.349, -5.34683
6.81821, 341.344, -1743.5
3.81831, -5522.64, 432.949
4.79881, 840.846, 770.906
4.95672, 241.108, 14.6128
5.82344, 1746.16, -2717.08
7.31738, 137.615, -127.985
7.23022, 603.133, -4.82208
2.81902, 1669.63, 266.951
5.04829, -394.711, -517.936
6.13222, 359.387, -313.487
5.65882, 251.679, -255.538
3.26658, -423.727, -816.057
5.09652, 673.085, 3793.02
3.52281, 7042.73, -2197.9
6.03231, 284.179, -126.511
6.05786, -1530.78, 7512.74
3.66304, 500.364, 301.289
6.80594, 207.569, 210.73
2.67122, 568.098, -433.694
6.26587, 1123.38, -173.212
4.14789, 407.904, 1284.35
4.65309, 6363.56, -1689.94
7.33455, 45.142, -779.119
4.05803, -2002.9, -1753.64
5.69762, -7329.68, -110.131
5.95386, -189.854, 93.7823
5.36403, -355.213, -77.4367
6.60667, -4098.9, 7318.76
4.21807, -4398.67, 1655.51
5.09387, 416.187, 115.691
6.78438, 372.839, 1188.67
6.18587, -82.435, 299.474
3.45992, 2360.2, -995.836
2.83145, 102.815, -68.373
3.60828, -5280.72, 3279.1
3.33656, 269.215, 115.307
6.31172, 239.73, 58.0267
5.44905, 1979.4, -2533.62
4.65223, -7666.02, -500.393
7.09618, 1535.72, 137.922
5.09668, -1200.04, -1669.5
7.38058, -179.716, 109.356
5.15714, 678.43, 41.5064
2.98716, -1163.89, 389.343
5.83983, -480.265, -390.502
5.44444, -581.244, 3198.73
5.01137, 14.6084, -50.0646
2.75808, 306.587, 1492.8
2.6753, 385.445, -46.0153
4.41484, -21.1916, 368.172
5.55555, -3240.6, -3511.32
5.06574, -7690.98, -493.409
5.98498, 607.365, 12.0589
4.89891, 27.8481, 256.366
3.88323, -7925.15, 24.1262
6.01685, -354.926, 3457.82
3.67701, 215.871, 616.708
6.41501, 278.336, 43.5769
6.60589, 64.4745, -260.328
3.21842, 4944.58, 4189.43
5.75757, -139.526, -597.666
3.87677, -1765.85, -2036.09
7.26215, 3494.76, -1262.43
4.58238, 29.3481, -106.251
3.03869, -294.387, -871.332
4.70633, 370.549, -623.732
6.28811, 348.654, 264.552
2.77803, 798.084, 83.2207
3.51241, 263.54, -3.41438
6.82305, 741.645, -269.765
6.52456, 308.385, -71.8784
2.78861, 821.912, 2043.58
4.40304, -193.092, 291.398
4.56124, 574.868, -208.242
2.80071, -2075.82, -1021.53
7.09746, -1194.15, -915.908
3.35398, 190.483, -1.63537
6.51634, 318.978, 241.08
3.88599, 3449.13, -872.176
4.44586, 211.528, 137.077
7.19936, -2190.94, 1354.76
6.24573, 199.329, 3536
3.44774, 5405.07, -5412.56
6.89581, 239.378, 145.149
6.8953, 99.331, -55.0448
3.30515, 281.565, -2058.13
5.87346, -87.4258, -617.699
6.89096, 262.894, -69.8962
6.98262, -814.863, 4803.87
3.06535, 455.691, -84.4251
5.93789, -2344.28, -1715.65
3.21651, -215.368, 45.4424
3.6901, -946.734, 383.539
5.64383, 3672.23, -2527.93
4.312, 546.551, 397.602
4.64437, -2322.94, -2115.38
4.91936, 1886.56, -2315.66
6.20379, 174.175, 2090.2
3.23098, -271.703, -422.322
7.36238, 381.66, 47.0056
7.3158, 358.495, 24.6135
3.14741, 3233.89, -1974.21
5.3784, 394.01, -308.497
4.66439, 350.261, -1146.08
5.50066, 132.443, 24.4407
5.85098, 509.19, 225.085
4.5137, -3835.63, -1343.91
6.46691, -2111.67, -1786.46
4.89889, -4647.74, 2201.69
5.72449, 521.97, -244.664
4.28836, 7416.31, -1147.12
5.96794, 255.592, -938.645
5.83428, 1205.53, 724.893
3.22071, 243.924, -68.3019
7.10415, 302.793, 153.324
4.22228, 1370.7, 4941.09
6.66824, 506.511, 323.431
2.74349, 299.174, -1020.51
3.27936, 1595.22, -2752.74
2.55765, 978.85, -181.386
3.94327, 454.524, -293.278
5.07295, 192.129, 927.104
3.65948, 1493.8, -4420.94
2.75022, 32.208, -373.249
5.33091, 149.095, 63.436
6.69774, 291.251, -607.197
4.28763, 818.678, -398.657
4.3452, 134.729, -721.666
7.22226, 209.588, -68.6965
4.72425, -1241.01, -32.8849
6.82086, -39.3736, 114.63
5.82654, -108.024, -925.094
5.79297, 865.986, 115.623
7.10736, 3192.18, -2373.73
5.11536, -4147.51, 3283.41
5.45229, -63.6598, 716.303
5.79944, -202.592, -3272.58
4.24765, -1829.51, 1203.46
4.11714, 498.765, -66.9051
7.08984, 231.581, 953.979
3.08619, -6148.52, 2450.53
7.31268, -406.955, 487.862
5.17978, -110.329, 543.706
5.81447, 2021.01, 1217.8
5.48362, -6414.99, 3095.46
6.93363, 235.783, -893.99
6.67999, 788.492, -45.5005
6.69339, 302.027, 43.2926
6.85642, -542.397, -570.09
2.5002, -656.508, 2725.51
4.77274, -1391.65, -4100.27
4.25696, 1603.4, 131.191
5.80713, 6535.03, -4945.58
6.22234, -392.813, -166.057
3.3821, -1205.81, -5525.72
7.4621, -1383.5, 1568.89
5.95466, 367.261, -488.679
6.97862, -546.837, 241.182
3.51579, -1355.34, -642.369
7.2356, 620.098, 619.401
4.88476, -5846.32, 3210.29
6.78578, -5277.4, 3277.78
6.41237, 108.586, 140.187
5.70687, -3990.42, 3877.64
3.14521, -398.659, 109.614
5.77944, 316.095, -576.235
3.09199, 230.97, 93.6658
3.88793, 3222.55, 948.808
6.65548, 22.1714, 2998.55
6.14153, 4953.49, 6397.16
6.74348, 5527.15, -4138.71
3.43989, 210.723, 322.789
6.09602, 238.827, 31.0539
4.25586, 232.425, -238.495
3.34555, -80.4651, -277.94
4.52383, -5940.52, 653.733
4.20924, 114.667, -509.052
6.67141, -142.655, 163.793
3.9111, -4605.72, -7467.72
5.16766, 4731.21, 2685.54
6.25085, 1426, -2516.93
4.62554, 285.056, 40.8208
4.66964, 126.464, -15.31
3.03022, -4264.96, -3205.53
6.4639, 299.527, 294.388
3.91232, -108.162, -120.512
7.14264, 4898.68, 7689.69
5.37926, -57.4972, 135.322
3.4895, -462.391, -799.022
5.99081, 174.728, -45.8642
3.07265, 1511.29, -330.309
4.22945, 332.303, -1362.56
4.15646, 350.591, 259.96
6.42735, -6419.71, 3080.96
6.65775, 818.454, 302.983
4.21712, 275.222, 131.281
4.2603, -451.31, 59.1516
6.38197, 509.081, -90.656
6.58658, 404.543, 490.513
4.26157, -718.937, -501.825
7.09559, 229.561, -68.4347
3.2877, 713.937, -254.834
5.56029, 12.3305, -542.895
5.54222, 248.186, -1.51787
3.16647, 3637.57, 3631.7
3.51409, 4691.5, 6345.54
4.79457, 418.591, 292.803
3.48759, -174.072, 1649.83
6.77118, 32.2294, -219.197
6.54562, 1457.45, 1262.72
2.80131, 3092.68, -1962.24
6.50584, 1955.6, -5763.6
5.49597, 189.392, 48.8783
7.43182, 419.295, 210.522
2.65919, 140.997, -305.593
6.8356, -3938.15, 4653.94
3.69109, -2650.2, -865.804
3.6127, 2612, 1053.77
4.73907, 8161.83, 3810.44
2.61231, -402.306, -364.305
6.79755, 173.563, 181.92
4.15902, 495.125, -4683.02
5.72195, 478.937, -344.634
7.43521, -629.475, -214.465
5.30162, 404.659, -70.5207
4.74553, 303.863, -40.88
5.213, 307.034, -598.861
2.90797, -3136.46, 1100.56
3.99606, 1665.05, 3421.18
6.63964, -4309.83, -787.058
6.48936, -5099.61, 2238.77
5.71048, 138.624, 18.0429
4.84105, 34.8171, 694.11
7.15326, 541.548, 2062.02
5.08798, 138.725, -686.402
7.42924, -5251.19, 3255.38
5.94567, -15.8568, 177.67
6.19966, 398.073, -589.562
3.46323, 1129.82, 1700.17
6.08881, 3397.7, -1894.03
6.11146, 460.914, -644.454
6.49298, 299.583, 1.88325
4.23216, -5949.37, 369.025
5.1481, -2682.34, -1548.33
3.19001, 957.445, -4.7811
6.73218, 50.9631, 55.6895
6.32766, 131.044, -107.801
7.5, -6416.14, 3110.85
4.24891, -9287.26, -2979.71
5.50367, -1193.47, -447.438
3.50808, -569.578, 3831.93
6.2385, -4078.32, 695.882
6.49225, 1265.46, -599.334
3.03505, -925.876, -24.9188
5.35813, 302.599, 27.9372
2.84683, -5901.25, 1955.32
4.16036, 640.721, 1347.64
5.80945, 164.387, -138.82
5.27726, 445.245, 4475.91
7.12415, 411.719, 664.874
2.69832, 383.079, 3098.99
2.62083, 562.245, 754.152
4.61923, 469.367, 210.954
4.36987, -726.888, 529.276
2.93303, 4241.95, 4191.36
3.05403, 5.32895, 238.577
5.31992, -5812.21, 188.582
7.37269, 236.834, 167.065
3.05066, 190.774, -4301.6
5.99352, -3468.13, -3861.64
2.79674, 163.987, -378.233
4.69755, 1145.2, -674.363
5.24651, 1277.72, 491.476
3.45129, 420.613, -420.717
7.36597, -162.429, -71.7
3.19593, 54.9954, 188.359
5.48978, -3455.47, 254.64
7.12812, 229.945, -68.478
3.91116, -1907.45, 439.294
6.8307, 138.371, 167.356
6.29598, 778.184, -1185.65
6.10793, -161.103, 645.194
3.34241, 269.061, 2.26614
3.32882, 1761.84, -2851.43
3.39076, 125.399, 218.213
5.87226, 151.899, 74.7297
4.83484, -610.936, 920.581
6.85219, 272.905, -30.0967
5.76023, -422.372, 521.602
5.80464, 2026.42, 1210.1
2.58037, 328.819, -752.756
4.30596, 6861.87, 3843.02
3.72747, 86.3109, 1649.06
6.93086, 432.897, -524.788
5.23701, -8754.12, 163.817
6.57209, -268.432, -115.116
5.24453, 1441.98, -64.5599
4.16156, 587.468, -294.627
4.40213, -2033.84, -3646.52
2.52389, 2524.56, 509.657
6.95226, 66.1119, 154.638
6.16955, 488.753, 84.21
6.04239, 438.084, -265.079
5.1278, 2150.64, -3201.79
6.41065, 134.117, -318.977
3.42484, 32.2745, -21.6547
5.72673, 222.705, -30.759
3.42178, 434.672, -91.9176
3.31214, -883.782, 656.37
2.65594, 1276.08, 1460.63
7.42716, 675.51, -122.259
4.04559, 598.752, -2.86731
4.11075, 1070.56, 104.085
5.51155, 45.267, 138.953
2.89107, 6704.19, -1256.56
3.93936, -856.686, 98.3199
5.79307, -216.509, 981.534
7.36348, 677.036, -79.5377
7.27758, 4711.44, 1910.74
7.42745, 253.051, 305.106
7.30478, 311.112, -12.0962
3.0073, 737.52, -210.169
3.71505, -509.059, 2.15174
6.91151, 248.063, 139.015
5.28805, -16.7153, -99.1235
6.7669, 262.365, -186.839
7.49145, 687.963, 91.4942
3.99751, -5654.3, 2168.29
6.33157, -10217.8, -3295.25
4.81901, 945.51, -1807.73
6.8168, -437.196, -378.197
6.99018, 134.292, -260.654
7.377, 455.207, -72.6129
2.77405, 542.863, 294.684
6.32605, -499.477, -64.1491
5.09219, 1830.01, -2614.08
3.46574, -443.917, 545.839
6.98252, 101.683, 75.014
6.38492, 346.089, -87.8999
2.75968, 905.11, -2136.3
7.47331, 1708.65, -2638.33
5.93659, 334.623, 63.4745
5.94854, 2064.62, 1238.26
6.57666, 3325.59, -1622.07
7.05426, 366.631, -50.9353
3.34218, 3125.61, 5936.6
5.24183, 3323.35, -2435.99
6.53351, 102.698, -15.5735
4.17803, 320.5, 162.133
5.53435, 612.058, 347.127
6.59602, 1890.93, -2567.61
7.3485, 294.778, -170.293
6.29349, 783.414, 688.398
3.72113, 129.475, -1355.21
5.80589, 148.125, 69.4724
4.21574, -262.678, 136.001
7.27146, 140.237, -58.9644
2.60828, 3610.79, -3779.46
4.54979, 210.217, -12.4932
2.55789, -5136.69, 4524.61
3.04964, 332.509, 1923.48
5.28259, -84.873, 289.733
4.45466, 267.363, 133.612
7.20539, 214.982, 35.5029
2.55572, 325.383, 110.272
6.22897, 1419.31, -3270.32
3.84293, 184.399, 56.2515
4.27153, 474.643, 456.565
3.45835, 7459.38, -7569.69
5.14832, -256.089, -279.583
4.39478, -1081.72, -6303.26
3.16407, 117.542, -338.002
4.26563, 539.978, -1208.69
4.2497, -5928.15, 3045.89
7.41084, -2526.91, -1949.2
5.25961, 346.099, -473.514
4.99918, -2013.37, -594.585
3.58531, 1659.6, -2379.6
4.37311, -157.35, -826.808
6.78251, 3871.8, 3511.56
6.45578, -3662.76, 7446.07
3.9204, 3335.37, -4287.02
5.07645, -410.439, -579.242
6.79238, 185.089, 38.4962
7.07844, 277.726, 110.95
7.48941, -2130.81, -1788.69
6.53177, 253.777, -59.1498
5.22718, 298.176, -566.779
7.3461, 883.042, -80.6162
5.31931, 938.795, 555.368
4.03031, -43.1013, 101.203
5.41853, 364.193, -62.1663
2.91197, 277.546, 67.2406
5.47382, -62.5006, -237.635
3.31968, 3350.66, 6609.5
6.46527, 1025.21, -52.1164
2.95373, -186.67, 1787.74
6.3072, 145.521, -674.728
6.83996, 248.367, -54.4431
6.40105, 333.596, -12.0458
6.61399, -1957.75, -260.303
6.70974, 272.836, -59.1256
4.48328, 243.839, 784.678
6.508, 237.391, 33.0971
6.56811, 11.4422, 200.499
5.43493, 278.672, 654.201
4.64621, 297.332, 786.457
2.5002, -1456.21, 444.397
5.31153, 139.895, 46.3634
6.22632, -1077.77, 804.18
3.89846, 3881.66, 2371.68
2.93406, -1013.09, -5575.06
3.5733, 1057.02, 1284.67
3.93296, 726.557, 297.568
4.86595, 881.54, 242.175
6.95893, -2078.4, -1717.62
5.91955, -771.656, 230.731
3.54376, 393.875, 38.8062
6.67533, 300.069, 37.4838
7.09218, 518.526, -1262.19
4.48244, 535.954, -385.033
6.37858, 1675.41, -79.0864
5.68161, 754.537, 617.213
6.64746, -401.187, 195.068
3.40204, 2273.95, 618.307
7.45927, 353.547, -148.678
6.70558, 234.473, 17.9896
4.65177, -70.7529, -630.741
4.38589, 196.014, 16.6232
2.70802, 298.271, -637.232
6.80715, -701.479, -1107.71
6.62116, -5166.59, 3076.15
6.25052, 2051.98, 1125.17
3.55801, 151.957, -95.6398
4.31029, -311.629, -99.7924
4.43545, 274.456, -181.293
7.32918, -3658.85, -2277.65
6.5872, -145.109, -147.297
4.5755, 2868.78, -398.587
5.83759, -212.266, 113.294
2.52101, -5017.26, 5359.15
6.98048, 156.744, -51.0715
3.68416, -148.976, 1485.73
3.79415, 224.068, 56.6812
5.4939, 1631.87, 250.161
6.89823, 144.979, 70.4079
6.16299, 407.357, 270.497
6.0773, 703.785, -270.869
3.57724, 7379.55, -330.164
6.30413, -4972.3, 3918.21
3.85351, 314.763, -53.684
2.75246, 22.3249, -320.955
4.78866, -2155.18, 435.171
2.58759, 466.705, -150.115
3.01129, 7642.6, -4827.77
2.639, 3980.13, -2426.45
5.65921, 279.286, -370.55
6.34425, 293.668, 10.6338
2.74132, -360.434, -189.558
6.6924, 130.397, -149.785
6.76899, 298.795, 46.3747
6.57649, -129.851, 588.837
6.85188, 592.195, -5256.34
5.27222, 1282.79, -577.441
6.12646, 317.854, -207.405
3.20424, -5402.17, 4698.11
6.6115, 224.162, 17.767
5.51185, -3235.46, -3508.97
4.93856, 209.974, -925.187
6.14942, 618.322, 298.233
4.05164, -1824.37, 1280.07
3.93925, -11.8767, -392.977
5.45857, 2451.52, -3067.59
5.34055, -3677.24, 1946.36
5.41059, 2971.04, 2507.54
2.84132, -494.21, 67.4519
4.34304, -1644.63, -770.204
6.28475, -310.085, -145.19
6.35297, 534.542, 3500.2
4.27217, 281.592, -156.569
5.98913, 95.5394, 116.818
5.08005, 1864.41, 1244.52
5.94494, 568.273, 435.624
6.18066, -1720.67, -1438.97
2.56231, -3303.31, -1870.9
7.16549, 214.841, -6.31436
5.37826, -112.83, -182.155
3.05587, 988.523, -197.909
4.87388, 348.14, 250.208
3.24247, 1962.94, -1296.81
4.22594, -10655.3, -2358.49
7.04476, 273.371, 55.3224
4.54571, 3347.61, -1617.93
5.96642, 99.5297, -128.795
3.35865, 237.179, -209.766
6.21715, -5797.89, 2002.51
4.16319, 301.165, -522.119
4.62157, 227.97, -7.15461
2.79523, 108.6, -294.65
5.09005, 489.488, 43.0438
5.94425, 529.049, -836.578
5.01149, 803.302, 204.65
6.56617, -12.4407, -232.215
3.07974, 265.238, 65.2511
5.24841, 428.265, -620.082
5.06046, 714.732, -297.656
6.02649, -2076.58, -1737.52
5.65083, 127.311, 112.098
4.0207, -328.236, 250.95
6.74719, 290.275, -24.9654
3.39619, 2058.64, -2533.85
2.61737, 505.608, 1836.69
4.19467, 821.661, 245.284
3.43818, -2069.42, -1932.23
6.60467, 432.196, 114.749
6.72507, 92.7685, 3510.01
6.78031, -3690.98, 2068.41
7.37454, 287.082, -56.3802
2.99587, 152.125, 92.1841
2.56182, -4790.18, -3532.79
2.58614, 676.56, 587.307
2.64527, 186.271, -881.323
4.1031, -1893.42, -1944.34
6.17815, -3769.19, 2236.59
3.14876, 862.08, -59.108
2.5161, -3734.92, -792.592
6.91905, -1393.54, -999.43
3.70482, -163.987, 11.1765
4.38481, 72.0049, 1460.38
4.44879, 422.345, 102.556
2.81534, 4395.27, 1665.83
7.30792, 221.545, 11.5314
3.75349, 780.53, -410.406
6.85376, 109.799, -131.651
2.85991, 3716.91, -4986.68
2.70653, 4920.29, -2930.63
3.46378, -524.055, 348.97
3.86708, -2484.54, -1989.49
7.4007, 210.403, -31.9486
3.60607, 1474.49, -6038.23
6.43119, 1782.34, -2683.28
4.42306, -471.392, 1879.31
3.78593, -3417.31, 3985.42
3.91087, 272.06, -505.451
7.33834, 1432.63, 760.261
4.22841, -174.003, -101.765
3.45922, -605.008, -790.639
5.05037, 571.54, -188.925
5.21857, 1328.96, -5384.3
5.72333, 840.967, -537.634
3.89738, -1211.12, 114.083
3.41887, 71.4516, 221.853
2.71579, 2508.05, -2922.78
3.98408, -399.93, 401.262
4.25548, 439.412, -264.448
7.09372, 222.046, -148.649
5.81225, -14.4682, 373.438
5.08041, -2120.69, -1807.24
4.03763, 212.796, -25.8872
3.0007, 2066.43, 2205.27
3.47502, 389.906, 26.2765
4.11407, 3706.98, 3708.02
5.56182, 131.988, -737.279
5.13511, 3561.86, -1799.71
3.45653, 289.707, -151.979
4.7178, 6583.92, 3882.27
4.48693, 7578.99, -1478.44
6.28051, 309.225, 216.222
6.6213, 717.164, -265.414
5.51573, -618.691, 715.154
3.04573, 91.3859, -589.174
4.11797, 2588.01, -840.381
5.03403, 169.782, -20.7754
4.76521, 868.234, -670.395
4.77315, 250.903, 283.276
4.91125, 261.825, -61.6409
5.07896, -5105.54, 880.972
4.50207, -2422.7, -937.141
4.22945, -159.337, -66.8304
6.64533, -394.739, -478.65
3.02204, 2416.13, -1772.57
6.40057, 221.323, -398.471
3.19919, 814.861, -603.547
2.62171, 4595.99, 5161.64
6.0664, 99.1877, 1028.34
7.15538, -298.316, 809.736
7.47667, -77.0219, -123.38
3.86264, 259.059, -30.7811
3.6923, -2001.84, 27.0711
3.87328, -530.05, -3519.35
5.70836, -904.615, -1008.56
5.17637, 239.093, 7.33091
6.8967, -3290.15, 5835.96
6.75968, 299.325, -95.3764
2.98004, 191.237, 83.5653
4.66818, 212.005, 287.826
3.17045, 439.685, -619.173
5.86802, 307.734, 43.8785
5.34964, 618.989, -318.873
3.66474, 13.9436, -225.829
5.50306, 1385.23, 354.227
2.6551, 415.002, -419.712
7.08512, 285.508, 56.5739
3.82958, 448.828, -537.726
6.50016, 282.735, 38.5703
5.46389, 304.761, 160.261
5.0822, 290.42, 119.022
5.2567, 2858.25, -1492.13
3.47225, -16.753, 36.3121
5.36152, -3397.2, 105.195
3.81992, -725.427, 8127.82
4.41648, 3327.34, -6802.54
2.73626, -269.21, -111.62
4.22823, 482.128, -386.602
3.61594, -3500.85, 8549.79
3.81264, 21.9028, 93.6903
3.05141, 498.28, -311.9
7.40088, -73.8203, 189.883
5.93794, 688.543, -288.144
5.82158, 17.0489, 227.413
5.99501, 529.998, -78.9539
2.68746, 352.814, -19.0454
3.6706, 2.10495, 102.803
3.95397, -6692.1, -10064.3
3.50543, 37.6635, 456.322
2.7177, -3085.92, 4681.78
2.56571, -1926.69, 7.05648
6.07297, 7036.45, -2202.51
6.88348, 832.687, 98.3177
5.35088, 2100.13, -3826.48
6.92743, -3585.37, -4093.85
5.20042, -1927.59, -837.362
3.31357, -1790.06, 22.4548
3.30492, -3177.65, -2310.08
7.19182, 442.346, -104.367
3.45628, 427.791, 713.701
3.15761, -3303.6, -499.369
4.41122, 734.081, -773.25
6.12674, -594.901, 3182.51
2.50651, -7695.18, -488.375
4.60222, 5444.05, -3066.67
5.18984, -768.856, -189.548
4.86596, -1583.2, -655.197
6.33003, -242.299, 354.696
2.9396, -934.375, -1193.85
7.04284, 352.915, -180.157
3.20818, 705.743, -472.474
2.54782, 468.07, 71.7097
2.82267, -130.059, 797.979
4.96742, 323.487, -401.283
5.40914, 337.339, -68.2306
4.03373, 4557.05, -7929.93
4.57091, -203.778, -265.611
4.33401, 2019.17, 2251.95
3.42687, 522.579, -2510.27
2.76788, -3228.52, -2776.82
4.47222, 139.593, -83.5374
3.98388, -1781.6, -1814.23
5.05388, 62.586, -22.6013
3.75392, 2696.07, -4288.06
5.01589, -1739.74, 2933.52
2.51168, -67.1454, -25.2635
7.01807, -6419.21, 3106.92
2.79181, 3819.46, 4066.57
5.17506, 265.051, 3528.23
3.95754, 3120.83, -1130.33
7.3023, 232.467, -132.568
4.73406, -3692.55, -1334.55
5.08479, 212.72, -43.0881
5.93861, 1211.09, -989.018
2.72187, 426.562, -237.674
7.2946, 4319.05, -3097.76
5.70852, 472.771, 435.228
2.80215, -22.2468, 210.267
3.33964, 249.959, 344.75
5.76491, 375.248, 317.275
6.19864, -628.013, 2622.9
3.57011, 566.572, -249.866
4.31441, 953.997, -1933.19
6.56981, 16.145, 29.7514
5.32057, 267.346, 18.2786
7.45886, 185.332, 93.1603
6.5669, 66.004, 638.713
3.49157, 3966.73, -4991.42
2.50003, 13.9897, 1013.35
4.62608, -3918.57, 4675.23
4.07406, 1869.21, 1118.84
5.56218, -4062.7, 646.188
3.83351, -36.1015, 144.183
4.39881, 1734.2, 248.589
5.43397, 188.515, -141.505
5.95636, -2616.61, 265.479
7.26736, 275.438, 33.8538
4.89785, 283.542, 467.515
3.60319, 663.639, 1364.76
5.33741, 720.705, 576.945
6.09873, 452.883, -59.5389
4.4953, 1704.09, 184.659
3.48326, -0.310798, -139.577
6.66971, 350.849, -129.818
5.59561, 627.794, 130.428
7.26866, -18.092, 23.9049
3.23222, -405.473, 747.026
5.38953, -524.501, -413.473
7.26796, 300.651, -66.2427
3.62331, -6432.11, 3285.58
7.25137, 177.038, -239.264
3.07874, 502.334, -320.181
2.58372, -621.121, 26.1459
3.90465, 575.463, -32.8195
7.15042, 604.61, -223.596
3.04796, 320.004, -35.2334
6.77266, 285.802, -186.351
5.68532, -526.339, 438.489
5.63853, 288.384, -185.428
3.80589, -667.427, 1278.82
5.13936, -1085.47, 158.442
7.16608, 2594.96, 1086.86
3.98055, -1116, -43.4443
4.78006, 132.603, 87.7611
6.35659, -1315.51, 5383.04
4.17193, -2318.24, -3633.93
6.31775, 374.979, 36.7444
6.65892, -2500.97, 2870.35
2.64618, 2706.52, -1829.91
4.31315, 193.533, -1109.54
4.16221, 298.32, 54.8581
3.17675, 2200.72, 2463.62
3.00839, 1457.02, -4520.5
5.11327, 380.54, -98.8884
3.52046, 1010.25, -862.357
5.00728, 80.8012, -887.615
5.1371, -5709.7, 3902.42
4.13422, 87.8837, -129.748
4.75888, 53.9064, -695.297
6.85263, -985.112, 654.006
4.72884, 383.529, 377.547
6.03726, 140.788, -40.0801
6.83171, -1844.07, 356.025
6.5822, 291.071, -508.789
2.67504, -4400.66, -1709.95
3.8644, -1015.32, 2178.39
5.21858, -1661.5, 1108.54
3.19942, 5422.53, -807.762
5.57408, 368.076, -398.348
3.29182, 781.827, -643.208
4.41129, 459.473, 574.668
5.94997, -846.489, -266.111
3.21128, 4383.71, 37.1422
5.65284, 387.182, 315.738
3.15973, -3769, -1684.58
7.13583, 299.024, -52.3598
5.53465, 6324.85, -9643.62
5.50388, 843.559, 861.566
3.33635, 1484.16, -231.546
3.301, -1942.62, 2423.96
5.91628, 420.81, -94.5831
5.1456, -420.93, 931.136
3.65264, -2142.09, 1171.31
6.55373, -231.461, 115.759
5.76477, 228.109, -191.533
4.08597, -167.208, 540.212
2.53953, 706.305, -608.018
3.49176, 128.753, -49.3456
3.78831, 221.793, -171.213
3.03825, 531.201, -1755.61
3.49545, -230.654, -578.115
6.75079, -6687, 3486.25
6.63912, 43.9278, 582.627
6.76813, 126.256, -69.8645
5.71027, 215.966, -67.391
3.6787, -3296.26, 3409.38
6.80638, 547.506, -74.753
5.4745, 584.565, -154.272
2.52745, -1890.12, -1369.59
6.84925, 37.8894, -484.431
7.37729, 444.316, -172.665
5.59653, -2075.82, -1721.09
3.85574, -504.818, -758.619
7.46973, 321.612, 47.1525
4.60751, -580.495, -818.338
4.20537, 1032.93, 136.237
4.80717, 195.581, -44.0903
4.44822, -1169.87, -3254.71
4.613, -5454.53, -1001.17
2.84879, 208.289, 1045.48
5.5153, -256.541, -271.664
7.36114, 73.1917, 97.1531
5.07406, -19.0452, 7.03661
7.45461, 226.434, -40.0322
5.84906, -3069.23, -7080.47
4.01716, 909.548, 820.926
3.47371, 704.827, -270.817
4.0109, -1798.06, 58.0759
4.93946, 111.338, -115.555
4.72438, 1036.82, 96.6481
5.7844, 70.8469, 82.6553
3.74227, 6861.3, 3841.72
4.72007, -1285.53, -998.839
5.75894, 436.94, 91.3189
6.67472, 392.807, -21.8763
6.03698, 101.933, 1129.25
4.93928, -201.856, -1362.55
6.72039, 805.554, 105.764
7.00296, 666.894, -561.364
6.33082, -12.4671, 231.364
5.29453, 808.881, 1640.51
2.70603, -595.736, 709.708
5.46749, 164.922, 79.3398
2.68674, -95.5239, -4377.47
4.53488, -1744.26, 1669.97
2.84243, -406.039, -667.078
7.38558, 66.6675, 92.4384
2.5956, 2043.6, 3478.05
6.60363, 301.473, -9.4144
5.2195, 4430.83, -3849.57
5.72828, -230.787, 981.358
3.62934, 393.158, -149.59
2.733, 798.673, 3745.81
3.63154, -231.59, -369.181
4.58371, -225.325, -2896.2
6.40126, -336.453, -175.364
3.72852, 1898.28, -2561.56
4.81411, 16.3254, -480.467
6.14756, -1528.79, -911.261
5.35237, 6349.25, -873.422
5.45997, 910.698, 51.6276
4.98425, -1154.42, 32.6086
3.951, 259.042, -44.5894
4.71107, 670.246, -610.912
2.53669, -3702.2, 8156.21
7.41683, 157.602, 115.769
2.52822, -205.595, -430.008
4.8676, 2227.5, 583.214
5.86497, 4364.46, 7497.29
