6.27803, -2733.26, 1600.11
3.5948, 70.2598, 1389.54
5.89648, 208.339, 26.3802
5.09708, 210.62, -339.178
2.76731, 5057, -5231.74
2.53849, -1651.04, 1844.57
4.58743, 7076.75, 4182.62
7.15218, 199.275, 116.05
2.95982, -291.873, 499.836
6.00595, -55.6384, -105.501
3.81226, 603.854, 59.3109
4.14117, 290.552, -141.545
7.45519, 791.573, -321.955
7.41275, 150.437, -73.9913
5.75759, 283.715, -12.3009
6.92354, 73.9154, 9.16558
6.33247, 638.359, 48.2179
3.87453, -2114.04, -696.074
4.93259, -1270.06, -914.548
2.80282, -6396.11, 1546.56
5.08146, 232.532, 128.28
4.96988, -4505.08, 1631.7
7.23882, 637.217, -241.733
4.42071, 153.632, 34.7524
5.14874, -3464.3, 932.039
2.75042, -314.572, 4534.44
6.63909, -472.429, 11.163
5.94228, 306.44, 61.7337
6.18112, 518.201, 15.1105
6.94286, -3400.87, -3024.29
4.25508, -421.179, 566.293
6.72991, 156.264, -170.435
3.84659, 178.594, 69.3167
4.83959, -243.81, 668.192
3.2686, 592.951, -93.8941
2.66527, 170.354, -71.412
7.2768, -1390.48, -989.046
6.95369, 378.779, -681.264
3.29884, -807.288, 374.565
3.15214, 1062.45, -448.157
2.515, 2778.91, -467.018
6.0491, 336.013, 77.8435
3.40448, 1062.75, 260.28
5.76029, -600.62, 371.327
4.42907, 176.063, -179.422
3.23766, 1260.53, 1450.76
5.45054, 470.969, 359.044
3.24076, 2613.94, -1258.42
3.2091, -2158.87, -1273.5
4.94257, -285.025, -149.965
3.13015, -308.583, -720.93
5.64635, 625.991, -18.8226
5.60817, 160.128, 49.262
4.88216, 3111.98, -4298.16
2.64188, 394.349, -37.2401
3.21011, 3779.2, -589.354
3.15594, -305.343, -139.163
3.31099, 1432.41, -2158.98
3.76529, -741.403, 189.158
4.77654, -4261.86, 2144.55
6.54472, 106.241, -439.963
3.57624, 203.41, -230.816
3.75063, 153.573, -31.8361
5.02978, -781.065, -1527.95
6.27922, 120.401, 43.299
5.66369, -1475.3, -3089.87
5.9449, -2114.85, -1524.51
7.27207, 461.422, -456.978
5.18713, 4451.74, -2259.59
4.57014, 92.014, -1612.5
4.70019, -432.498, -656.653
6.07821, -1676.19, -1767.29
6.20858, -2345.63, -1835.31
5.12494, -2973.82, 2432.22
6.06711, 326.128, 211.801
5.91025, 23.6275, 49.1302
6.82941, 1925.75, -1505.26
3.19597, 640.37, 1612.58
3.57766, 414.305, -234.389
5.0733, 993.357, 1817.98
4.83766, 211.286, 68.055
3.55759, 3313.12, -3378.14
5.65244, -188.502, 360.741
2.5044, 2619.84, -3766.63
4.09589, -650.328, -2598.22
5.90281, 266.347, -40.6526
6.0446, -25.4219, 271.37
2.90869, 17.6637, -166.67
3.56926, -696.152, -365.882
4.44412, -198.597, -134.983
4.44927, -3496.2, -1205.88
3.92018, -62.1909, 469.475
4.6123, 201.401, -107.632
2.55658, -1630.65, -50.3893
3.72027, -4667.63, 2486.45
4.49072, -1744.9, -3181.84
6.64177, -161.295, -305.208
3.78584, 7.88528, 229.942
3.59705, -1285.61, 314.903
6.47385, 134.816, 53.6847
5.8476, 550.446, -246.198
5.49108, 53.8878, 370.03
5.99917, 2374.55, 1498.76
5.13062, 0.631347, -455.239
4.14833, 278.589, 587.589
3.30844, 5017.63, 867.973
6.56633, 103.018, 141.048
4.08004, 241.1, -350.069
4.05369, 264.113, -31.6219
4.65424, 134.668, -10.6609
4.46509, 414.379, -210.793
4.43916, 631.609, -220.8
4.34871, 114.331, 636.762
5.88118, 122.166, -19.6349
6.10384, -130.543, -125.942
7.20082, -2153.82, 764.99
5.08573, 323.472, -9.69743
5.5282, 12.7584, -228.739
5.85049, 1436.31, -2156.43
5.11404, 173.682, 382.346
3.87105, 706.049, -369.182
7.08924, 110.888, 3.74192
3.73367, 542.416, -325.203
4.77876, 529.874, 552.139
3.30374, 215.446, 51.3727
4.68319, 94.9503, -19.6122
7.45767, 232.856, 66.0863
6.26931, 3267.71, -3282.24
4.97846, -7.98528, -600.56
7.01651, 97.1894, -243.952
4.68213, -740.061, 221.649
5.09239, 1894.75, -1558.06
4.44866, -1647.24, -2593.78
5.63431, -42.3585, 34.1237
5.19331, 239.739, 39.941
4.35955, -60.7044, 1010.03
2.54674, -487.209, -344.101
6.3794, 208.281, 305.714
2.85317, -564.609, -633.129
3.98511, 154, -106.211
4.78581, 343.501, 894.881
3.25156, 436.019, -91.2337
5.97819, 171.611, 119.851
4.15587, -567.033, -635.413
5.21197, -2836.15, 5059.09
2.64678, -2943.84, -1743.37
5.38086, -157.847, 334.684
5.18133, 650.587, -7.53816
7.36678, 227.921, -297.732
5.57063, 131.937, 32.1815
5.26431, 2247.98, -3820.86
6.69051, 1306.17, 41.0855
3.75764, 207.352, -965.558
6.98957, 28.0875, -90.851
5.97428, 534.859, 90.3785
5.82752, -292.451, 2121.44
3.06838, 181.081, -547.809
3.37987, -1281.96, -783.409
2.91253, -1365.31, 2282.44
6.68103, -82.7306, -276.329
2.64818, 266.379, 3053.62
6.34719, 233.152, -112.046
4.29829, 248.702, -3084.96
6.24626, -287.472, -128.116
6.28385, 180.546, 74.9323
3.60834, 2328.9, -1150.89
5.58305, -24.2572, 160.309
3.66846, 229.808, -69.7262
6.22052, 0.886821, -3042.93
5.80997, -407.046, -907.825
4.9209, -2874.26, 5013.51
2.58972, 942.439, 281.012
4.98291, 214.78, -254.927
5.09587, 114.931, 1.40115
4.71395, 715.046, 2858.79
4.14528, -2142.96, 1189.13
3.52671, 183.364, -34.3257
7.19863, -6.39969, 1321.59
2.85168, 1127.53, 2549.27
3.30042, 537.407, -884.621
6.70788, 471.62, -589.093
4.13614, 278.924, 157.575
6.85942, 869.156, 60.4525
5.99896, 148.013, -113.606
5.52801, -114.012, -292.9
4.77536, 442.306, -492.03
2.91543, 415.054, 1047.36
3.94883, -2918.82, -879.179
6.51009, 499.845, -340.76
6.81821, -1.54266, -449.544
3.81831, -3954.12, 311.298
4.79881, 84.3684, -416.85
4.95672, 187.38, 43.5463
5.82344, 1412.77, -2173.97
7.31738, 204.311, -167.513
7.23022, -86.0726, -254.237
2.81902, 1537.18, -204.507
5.04829, -902.479, -534.332
6.13222, -21.6788, -31.425
5.65882, 409.444, -281.062
3.26658, 249.387, 150.645
5.09652, 716.19, 2858.6
3.52281, 4935.97, -1580.47
6.03231, 72.6923, -50.3194
6.05786, -1000.26, 5244.72
3.66304, 190.396, -250.284
6.80594, -378.358, -56.2333
2.67122, -615.245, 304.665
6.26587, 43.6335, 109.155
4.14789, 104.533, -138.686
4.65309, 4429.93, -1093.25
7.33455, 509.067, 419.264
4.05803, -1632.2, -1622.19
5.69762, -5136.54, -29.7153
5.95386, 158.303, 47.8636
5.36403, -152.142, 411.6
6.60667, -2830.54, 5068.11
4.21807, -3156.64, 1278.15
5.09387, -158.554, 59.3818
6.78438, -87.0901, 310.313
6.18587, 427.676, 1022.47
3.45992, 558.131, -328.576
2.83145, 185.346, 90.3083
3.60828, -3693.42, 2340.63
3.33656, 255.712, 133.499
6.31172, 279.202, 65.1378
5.44905, 1432.79, -1917.77
4.65223, -5374.18, -426.242
7.09618, 1687.05, -140.705
5.09668, -743.952, -1303.41
7.38058, -544.98, 123.873
5.15714, 277.638, 165.954
2.98716, -1069.45, 914.975
5.83983, -657.074, -673.927
5.44444, -585.001, 2469.99
5.01137, 218.585, -229.826
2.75808, 628.864, 1224.35
2.6753, -166.614, 465.89
4.41484, 307.017, 40.4684
5.55555, -2291.77, -2645.82
5.06574, -5370.8, -429.74
5.98498, 176.862, -276.823
4.89891, 287.551, 94.4436
3.88323, -5445.57, 58.8646
6.01685, -238.615, 2674.47
3.67701, 327.565, -25.4413
6.41501, 93.3614, -39.7593
6.60589, 1090.94, 367.84
3.21842, 3367.39, 2986.73
5.75757, -316.983, -100.836
3.87677, -878.293, -1528.39
7.26215, 2529.15, -1153.06
4.58238, 305.34, 110.686
3.03869, -99.8776, 226.287
4.70633, 83.8993, 110.031
6.28811, 19.947, -674.804
2.77803, -252.868, -44.6533
3.51241, 48.1344, -66.9722
6.82305, 244.509, 28.4147
6.52456, 583.619, -82.1662
2.78861, 518.964, 1859.7
4.40304, 84.2814, -139.776
4.56124, 262.323, 58.5132
2.80071, -246.57, -12.6318
7.09746, -1145.58, -1086.88
3.35398, 92.955, 94.3264
6.51634, -145.752, -401.287
3.88599, 1885.7, -582.21
4.44586, 17.0557, -80.9098
7.19936, -1855, 838.878
6.24573, 137.61, 2757.98
3.44774, 3597.92, -3752.28
6.89581, -71.9238, -257.915
6.8953, 126.156, -0.674569
3.30515, 98.3699, -1223.3
5.87346, 863.916, 444.613
6.89096, 214.321, -79.7636
6.98262, -714.361, 3445.29
3.06535, -152.254, -451.427
5.93789, -1221.94, -1054.06
3.21651, 615.695, -548.094
3.6901, -453.342, 100.296
5.64383, 2719.23, -1847.44
4.312, 471.42, -0.345374
4.64437, -1674.09, -1505.13
4.91936, 1525.18, -1722.24
6.20379, -12.3431, 1327.26
3.23098, 305.16, 267.484
7.36238, 74.4106, 64.5373
7.3158, -222.248, -131.707
3.14741, 2452.35, -1548.4
5.3784, 14.1049, -162.515
4.66439, 202.076, 193.383
5.50066, 158.678, -143.898
5.85098, 168.834, -210.257
4.5137, -2854.87, -955.795
6.46691, -1736.74, -1503.35
4.89889, -3247.85, 1700.5
5.72449, -493.974, 630.721
4.28836, 5106.41, -819.07
5.96794, 92.181, -502.084
5.83428, 475.206, 166.345
3.22071, 117.145, -183.996
7.10415, -42.8864, -225.304
4.22228, 1085.06, 3584.62
6.66824, 348.52, 2.9101
2.74349, 71.3032, -691.116
3.27936, 1279.51, -1923.88
2.55765, 127.74, 185.037
3.94327, 219.783, -49.1994
5.07295, 510.244, -527.228
3.65948, 952.717, -3266.89
2.75022, 773.314, 136.153
5.33091, 8.14137, -79.6098
6.69774, 350.056, 398.481
4.28763, -274.197, -142.187
4.3452, 120.133, -918.752
7.22226, 125.521, 37.718
4.72425, -1479.58, 134.239
6.82086, 102.274, -152.278
5.82654, 76.6548, 715.274
5.79297, 100.018, -443.254
7.10736, 2501.86, -1841.33
5.11536, -2974.5, 2428.32
5.45229, 124.903, 743.313
5.79944, -263.943, -2531.92
4.24765, -1592.79, 1062.63
4.11714, 110.237, 418.267
7.08984, 211.038, 208.418
3.08619, -4365.57, 1615.79
7.31268, -117.415, 37.6449
5.17978, 304.063, -267.997
5.81447, 1434.84, 742.453
5.48362, -4473.84, 2112.39
6.93363, -188.986, -1181.97
6.67999, 317.736, -20.5503
6.69339, 214.189, -34.0452
6.85642, 451.603, -68.7266
2.5002, -280.574, 2178.84
4.77274, -772.171, -2420.54
4.25696, 1718.28, 88.5649
5.80713, 4455.82, -3468.95
6.22234, 656.14, 157.944
3.3821, -924.13, -3925.04
7.4621, -1217.43, 1460.21
5.95466, -351.236, 105.215
6.97862, 276.406, -105.936
3.51579, -1268.72, -364.542
7.2356, 639.955, -60.1856
4.88476, -4188.01, 2210.78
6.78578, -3697.49, 2342.66
6.41237, 467.02, -93.9066
5.70687, -2877.97, 2796.14
3.14521, 557.745, 512.763
5.77944, 128.345, 142.334
3.09199, 274.439, -33.2595
3.88793, 2549.07, 639.367
6.65548, 193.817, 2377.56
6.14153, 3475.92, 4459.34
6.74348, 3875.44, -2894.9
3.43989, -791.389, -135.195
6.09602, 161.991, 38.0444
4.25586, 71.9751, -574.953
3.34555, 142.979, -253.562
4.52383, -4135.89, 502.19
4.20924, 204.024, -25.2202
6.67141, 321.609, 32.8471
3.9111, -3158.21, -5119.66
5.16766, 3229.97, 1906.93
6.25085, 939.334, -1676.12
4.62554, 215.115, -102.841
4.66964, 1252.02, 30.1654
3.03022, -3168.17, -2158.82
6.4639, 365.455, -371.495
3.91232, -224.272, 133.108
7.14264, 3449.49, 5200.75
5.37926, 162.364, -156.392
3.4895, -122.134, 342.534
5.99081, 245.15, 25.3007
3.07265, -185.013, 313.752
4.22945, -96.8184, 203.862
4.15646, 525.764, -115.574
6.42735, -4535.32, 2130.4
6.65775, -13.7153, -104.312
4.21712, 432.593, -59.6741
4.2603, -730.601, -110.425
6.38197, 114.789, -216.162
6.58658, 722.13, -477.912
4.26157, 448.732, 16.7327
7.09559, 141.966, 40.373
3.2877, -115.985, -296.508
5.56029, 611.49, 180.19
5.54222, 254, -28.4812
3.16647, 2560.61, 2717.23
3.51409, 3225.42, 4440.29
4.79457, -379.171, 21.0354
3.48759, -578.467, 1434.23
6.77118, 485.942, 79.8308
6.54562, 526.948, 425.881
2.80131, 2215.2, -1586.18
6.50584, 1413, -4119.68
5.49597, 144.825, -444.058
7.43182, 263.811, -115.034
2.65919, -749.862, 238.359
6.8356, -2768.83, 3343.05
3.69109, -1073.66, -531.496
3.6127, 1451.76, 667.184
4.73907, 5630.89, 2622.88
2.61231, 222.269, -354.856
6.79755, 168.334, -39.9897
4.15902, 465.711, -3594.1
5.72195, 958.639, -309.542
7.43521, 341.526, 39.1379
5.30162, 40.2286, 68.8548
4.74553, 159.131, 169.553
5.213, 444.721, 188.248
2.90797, -1504.68, 531.331
3.99606, 1486.86, 2517.01
6.63964, -3220.64, -605.883
6.48936, -3537.89, 1471.17
5.71048, -37.7996, 237.027
4.84105, 331.146, 83.0464
7.15326, 608.024, 1894.97
5.08798, 393.587, -307.248
7.42924, -3658.63, 2322.09
5.94567, 155.742, -233.564
6.19966, 292.586, 550.128
3.46323, 1256.6, 1284.18
6.08881, 2530.11, -1550.71
6.11146, 1130.34, -23.2017
6.49298, 129.814, -74.4579
4.23216, -4236.82, 302.915
5.1481, -1472.36, -744.205
3.19001, 1228.11, -572.392
6.73218, 170.512, -25.8367
6.32766, -672.652, -555.658
7.5, -4506.28, 2121.5
4.24891, -6334.67, -2095.98
5.50367, 664.092, -15.5341
3.50808, -381.181, 2979.73
6.2385, -3028.2, 500.953
6.49225, -37.2597, 21.206
3.03505, -638.243, -578.905
5.35813, 301.985, -15.1458
2.84683, -4275.36, 1445.56
4.16036, 153.675, -310.624
5.80945, 276.523, 54.2728
5.27726, 399.124, 3316.27
7.12415, 117.401, -176.821
2.69832, 253.98, 2420.7
2.62083, 921.811, 1123.86
4.61923, 212.282, -148.564
4.36987, -947.118, 146.808
2.93303, 2962.06, 2914.35
3.05403, -58.4839, -87.7477
5.31992, -4045.72, 125.024
7.37269, 152.41, 41.05
3.05066, 68.3013, -3232.83
5.99352, -2609.59, -2863.65
2.79674, 157.528, 1011.8
4.69755, -135.284, 58.5053
5.24651, 923.222, 459.215
3.45129, -298.105, 212.65
7.36597, 57.1254, 7.39424
3.19593, 123.386, -55.8213
5.48978, -2629.24, 291.232
7.12812, 252.444, 507.496
3.91116, -986.737, 205.118
6.8307, 236.697, -557.425
6.29598, 920.321, -1300.69
6.10793, 122.801, 67.5676
3.34241, 10.195, -532.821
3.32882, 943.894, -2190.42
3.39076, 213.629, 78.8499
5.87226, 116.592, 22.107
4.83484, 304.519, -157.454
6.85219, 427.486, 212.695
5.76023, -266.521, -96.7537
5.80464, 1426.15, 744.651
2.58037, -204.833, 568.537
4.30596, 4803.43, 2746.63
3.72747, 206.427, -241.768
6.93086, 396.597, 754.263
5.23701, -6070.48, 105.794
6.57209, -453.48, -480.069
5.24453, -655.494, -40.2537
4.16156, 535.807, -214.723
4.40213, -1595.86, -2814.72
2.52389, 1406.1, 275.862
6.95226, 301.548, -42.4294
6.16955, 853.716, 253.441
6.04239, -580.703, 301.815
5.1278, 1744.36, -2365.47
6.41065, 217.616, 375.307
3.42484, -60.8112, -188.641
5.72673, 186.376, -19.6433
3.42178, -41.6185, 92.9593
3.31214, -1183.76, 667.632
2.65594, 1235.58, 1321.78
7.42716, 237.307, -31.9261
4.04559, 127.344, -252.689
4.11075, -568.91, 13.9659
5.51155, 156.907, 47.6291
2.89107, 4581.65, -781.715
3.93936, 302.17, -99.6535
5.79307, 247.067, -516.631
7.36348, 52.5221, -16.878
7.27758, 3366.76, 1320.23
7.42745, 157.271, 95.9027
7.30478, 95.9512, -23.5865
3.0073, 681.194, 521.492
3.71505, 897.923, -160.294
6.91151, 240.211, -130.028
5.28805, 351.857, 94.0505
6.7669, 151.165, -66.5712
7.49145, -317.74, -117.582
3.99751, -3884.24, 1667.52
6.33157, -6980.89, -2298.36
4.81901, 739.79, -361.258
6.8168, 733.469, -9.85681
6.99018, 239.306, -233.29
7.377, 335.662, 24.1223
2.77405, 109.578, -225.419
6.32605, 410.54, -343.393
5.09219, 1446.16, -2188.08
3.46574, -367.542, -324.81
6.98252, 186.021, -411.465
6.38492, -44.2457, -82.7796
2.75968, 641.753, -892.995
7.47331, 1380.89, -2242.24
5.93659, 152.303, 137.854
5.94854, 1445.91, 696.893
6.57666, 2491.13, -1158.28
7.05426, 428.267, -205.951
3.34218, 2106.64, 4228.67
5.24183, 2432.01, -1789.71
6.53351, 258.63, 7.71618
4.17803, -19.6657, 57.3311
5.53435, -460.685, 247.152
6.59602, 1327.76, -2024.89
7.3485, 60.1451, -119.424
6.29349, 61.302, -158.07
3.72113, 150.814, -680.931
5.80589, 95.2133, 52.7109
4.21574, 888.589, 215.904
7.27146, 214.699, 107.356
2.60828, 2436.05, -2813.89
4.54979, 205.957, 59.1634
2.55789, -3265.29, 3202.62
3.04964, 310.219, 1124.36
5.28259, 625.323, -811.739
4.45466, 229.975, 127.93
7.20539, 197.873, -234.792
2.55572, 236.506, -242.979
6.22897, 705.042, -1747.29
3.84293, 384.568, 245.499
4.27153, 66.9438, -548.953
3.45835, 5078.39, -5193.7
5.14832, 662.155, 485.859
4.39478, -785.595, -4408.88
3.16407, 213.321, -84.0925
4.26563, 339.377, 392.71
4.2497, -4220.3, 2212.84
7.41084, -2127.6, -1495.6
5.25961, -397.375, 16.6882
4.99918, -1896.2, -518.673
3.58531, 1369.72, -2025.01
4.37311, -418.171, -529.069
6.78251, 2666.66, 2376.12
6.45578, -2491.08, 5040.57
3.9204, 2469.33, -3057.13
5.07645, 669.654, 118.631
6.79238, 162.878, -115.501
7.07844, 429.698, 21.3158
7.48941, -1730.18, -1502.75
6.53177, 127.252, 282.38
5.22718, 342.007, 153.897
7.3461, 415.268, 614.754
5.31931, 1223.92, 149.431
4.03031, 95.7129, -948.357
5.41853, 383.967, -147.045
2.91197, 203.395, -36.7598
5.47382, -21.7114, -11.687
3.31968, 2338.64, 4460.4
6.46527, -227.296, -460.32
2.95373, -587.392, 1382.62
6.3072, 181.262, -308.041
6.83996, 116.218, 0.683047
6.40105, -48.313, -173.188
6.61399, -1817.45, -321.731
6.70974, 187.077, 104.385
4.48328, 111.577, -213.088
6.508, 249.633, -35.4423
6.56811, 76.0764, -0.880397
5.43493, 607.094, 1273.16
4.64621, 187.669, -88.4176
2.5002, -805.873, 394.688
5.31153, -17.3669, 40.7027
6.22632, 81.0393, 208.713
3.89846, 2889, 1687.53
2.93406, -660.565, -4033.9
3.5733, 503.971, 602.421
3.93296, 53.4391, -85.9212
4.86595, -494.647, -157.801
6.95893, -1666.22, -1486.76
5.91955, 216.39, -6.01815
3.54376, 238.831, -39.9536
6.67533, 262.99, -73.7871
7.09218, 355.023, 388.832
4.48244, -45.4739, 469.138
6.37858, 1629.45, 290.513
5.68161, -111.969, 101.481
6.64746, 320.507, -243.421
3.40204, 907.185, 290.195
7.45927, 193.529, 91.4218
6.70558, -11.8465, -142.651
4.65177, 682.474, -385.216
4.38589, -19.3616, -34.1067
2.70802, 211.617, -7.54303
6.80715, -576.664, -873.787
6.62116, -3674.25, 2271.43
6.25052, 1496.24, 1264.71
3.55801, 484.816, -536.512
4.31029, 180.664, -47.9678
4.43545, -199.295, -46.0061
7.32918, -2777.37, -1760.3
6.5872, 486.918, 120.008
4.5755, 932.914, -181.386
5.83759, -75.0391, 731.376
2.52101, -3572.03, 3651.04
6.98048, -49.2608, -196.32
3.68416, -271.426, 360.398
3.79415, -370.198, -168.926
5.4939, 290.44, 56.8169
6.89823, -382.013, -6.79147
6.16299, 221.463, 104.552
6.0773, 246.961, 22.5751
3.57724, 5177.74, -232.635
6.30413, -3575.03, 2808.19
3.85351, 245.848, 154.254
2.75246, 259.522, -69.9273
4.78866, -1473.96, 532.823
2.58759, 443.739, -119.539
3.01129, 5170.11, -3323.7
2.639, 2024.65, -1167.62
5.65921, 77.9144, -177.166
6.34425, 219.65, -58.0016
2.74132, 552.977, 162.71
6.6924, 514.707, 887.156
6.76899, 99.6262, -135.289
6.57649, -211.794, 581.702
6.85188, 301.527, -3733.01
5.27222, -5.15671, -15.8146
6.12646, 15.095, 1033.27
3.20424, -3887.8, 3210.89
6.6115, 27.1504, -171.019
5.51185, -2291.48, -2652.75
4.93856, 103.791, 222.07
6.14942, -261.095, -311.046
4.05164, -1689.51, 1000.96
3.93925, 68.5371, 284.579
5.45857, 1943.31, -2399.59
5.34055, -2648.56, 1439.22
5.41059, 2394.87, 1839.11
2.84132, -263.213, 423.13
4.34304, -1639.38, -258.273
6.28475, 14.875, 344.374
6.35297, 707.807, 2612.2
4.27217, 129.446, 691.167
5.98913, -51.3226, -63.9592
5.08005, 1742.44, 1048.09
5.94494, 326.467, -288.39
6.18066, -1639.28, -1163.66
2.56231, -2371.65, -1658.1
7.16549, 228.493, -44.5277
5.37826, 440.969, 287.498
3.05587, 547.167, 666.182
4.87388, 320.01, 148.179
3.24247, 1628.39, -462.268
4.22594, -7352.1, -1653.05
7.04476, 230.78, -36.3356
4.54571, 2487.1, -1087.92
5.96642, 250.59, -45.9134
3.35865, 211.474, -231.498
6.21715, -3992.43, 1415.41
4.16319, 235.649, -286.243
4.62157, 208.039, 215.357
2.79523, 164.901, 754.087
5.09005, 148.531, -102.096
5.94425, -156.522, 322.72
5.01149, 178.623, 2.63388
6.56617, 160.798, -18.6154
3.07974, 113.828, -121.731
5.24841, 1142.84, -108.852
5.06046, 91.0457, 273.266
6.02649, -1670.57, -1471.14
5.65083, 156.354, 75.2719
4.0207, 670.81, 341.288
6.74719, 136.955, -145.544
3.39619, 1248.97, -2026.81
2.61737, 156.917, -137.278
4.19467, 210.347, 32.6258
3.43818, -1768.92, -1312.73
6.60467, 236.756, 194.151
6.72507, 118.413, 2688.88
6.78031, -2721.94, 1509.9
7.37454, 360.805, -509.319
2.99587, 309.633, 669.743
2.56182, -3296.98, -2517.83
2.58614, 439.394, 537.755
2.64527, -290.775, 351.739
4.1031, -1676.14, -1592.71
6.17815, -2732.36, 1593.02
3.14876, -42.6797, -77.6477
2.5161, -2276.11, -421.854
6.91905, 279.131, 6.46028
3.70482, 340.129, -283.364
4.38481, 420.975, 911.777
4.44879, 340.264, 340.832
2.81534, 3088.01, 1178.11
7.30792, 65.5687, 63.2255
3.75349, 210.106, -87.3681
6.85376, 339.186, 186.478
2.85991, 2516.42, -3435.7
2.70653, 3195.18, -2108.66
3.46378, -326.518, 19.1452
3.86708, -1711.01, -1860.28
7.4007, 166.55, -59.8792
3.60607, 1002.22, -4272.54
6.43119, 1431.11, -2153.36
4.42306, -75.6182, 1117.41
3.78593, -2491.07, 2820.68
3.91087, 558.923, 274.125
7.33834, 623.983, 4.94753
4.22841, -102.854, -266.248
3.45922, -442.517, -538.812
5.05037, 242.821, -173.438
5.21857, 974.97, -3825.76
5.72333, 864.44, 114.682
3.89738, -394.553, 199.463
3.41887, 630.372, -297.034
2.71579, 1963.83, -2301.71
3.98408, 610.633, 143.939
4.25548, 1185.72, -655.609
7.09372, 145.241, -37.7518
5.81225, 303.128, 32.3425
5.08041, -1682.28, -1516.46
4.03763, 193.03, 2.20209
3.0007, 1669.54, 1780.85
3.47502, 134, -54.7155
4.11407, 2643, 2763.87
5.56182, 695.435, 296.448
5.13511, 2204.77, -1020.18
3.45653, -267.32, 884.376
4.7178, 4613.86, 2686.71
4.48693, 5317.16, -1036.87
6.28051, 3.82553, -245.095
6.6213, 257.24, 64.9532
5.51573, 252.044, -516.147
3.04573, 72.7687, 135.012
4.11797, 2158.71, -557.868
5.03403, 146.177, 38.2256
4.76521, 24.4357, 469.892
4.77315, 140.302, -238.316
4.91125, 524.02, -93.9059
5.07896, -3737.78, 660.212
4.50207, -1892.82, -1010.36
4.22945, -449.042, -508.854
6.64533, 248.657, 446.672
3.02204, 2096.63, -1218.98
6.40057, 208.232, 47.8185
3.19919, 827.072, -253.437
2.62171, 3203.47, 3659.39
6.0664, -188.741, 1168.99
7.15538, 280.582, -302.914
7.47667, 286.145, 117.556
3.86264, 126.51, -43.1723
3.6923, -1728.81, 392.169
3.87328, -345.341, -2656.32
5.70836, 58.2356, -132.448
5.17637, 278.542, -1.83599
6.8967, -2367.88, 4111.39
6.75968, 32.3809, -211.429
2.98004, 161.599, -369.287
4.66818, 182.116, -7.10718
3.17045, -489.908, 245.118
5.86802, 198.31, 4.57998
5.34964, -157.433, -673.332
3.66474, 92.1841, -1144.02
5.50306, 53.5722, 3.63079
2.6551, 24.7394, 22.8212
7.08512, 226.995, 105.595
3.82958, 245.126, -404.453
6.50016, 161.186, 82.1761
5.46389, 193.648, -169.648
5.0822, 48.7713, -78.0803
5.2567, 1515.43, -787.886
3.47225, 536.1, -309.784
5.36152, -2493.31, -137.046
3.81992, -534.38, 5470.59
4.41648, 2255.54, -4718.39
2.73626, -451.604, -480.91
4.22823, 152.665, -53.5117
3.61594, -2526.47, 5966.93
3.81264, -106.136, -188.191
3.05141, -90.1067, 32.749
7.40088, 237.82, 96.6828
5.93794, 290.441, -28.8324
5.82158, -149.14, -201.844
5.99501, 321.08, 352.027
2.68746, 127.721, 16.2129
3.6706, 161.311, -53.3906
3.95397, -4549.62, -6850.68
3.50543, 100.101, 274.969
2.7177, -2206.3, 3251.97
2.56571, 206.876, 83.1508
6.07297, 4933.16, -1574.69
6.88348, -269.22, -296.689
5.35088, 1507.93, -2850.68
6.92743, -2491.43, -2821.79
5.20042, -1192.22, -142.04
3.31357, -1582.37, 295.373
3.30492, -2331.71, -1817.16
7.19182, 192.459, -224.21
3.45628, -45.6119, -272.209
3.15761, -2558.1, -193.462
4.41122, -22.3366, 191.758
6.12674, -572.045, 2467.19
2.50651, -5365.32, -422.67
4.60222, 3824.58, -2183.14
5.18984, -172.861, -51.6774
4.86596, -868.453, -585.242
6.33003, 343.947, -667.09
2.9396, -783.938, -515.984
7.04284, 274.14, -102.412
3.20818, -523.557, 118.109
2.54782, 87.5973, 601.566
2.82267, 410.961, -79.2888
4.96742, 248.243, -122.106
5.40914, 179.076, 24.8306
4.03373, 3134.72, -5514.46
4.57091, 459.676, 370.646
4.33401, 1211.1, 1474.1
3.42687, 335.895, -2191.8
2.76788, -2236.74, -2161.71
4.47222, 250.054, -244.094
3.98388, -768.625, -988.898
5.05388, -333.142, 13.3997
3.75392, 1911.93, -3158.13
5.01589, -902.119, 1659.38
2.51168, 827.211, -629.494
7.01807, -4504.88, 2128.83
2.79181, 2842.63, 2851.61
5.17506, 88.182, 2696.22
3.95754, 2308.2, -1058.15
7.3023, 45.8839, 55.6609
4.73406, -2788.23, -1134.5
5.08479, -147.243, -228.122
5.93861, 218.75, 132.806
2.72187, -53.7703, 571.444
7.2946, 3115.03, -2289.44
5.70852, 468.246, -164.492
2.80215, 180.552, 40.7753
3.33964, 50.6364, -169.811
5.76491, 359.52, -376.949
6.19864, -279.506, 2139.54
3.57011, -371.126, -381.055
4.31441, 568.82, -1773.88
6.56981, -187.828, 354.13
5.32057, 346.797, 6.3039
7.45886, 211.086, -2.03722
6.5669, 148.576, -376.645
3.49157, 2770.94, -3566.88
2.50003, 355.543, -45.9687
4.62608, -2779.84, 3331.85
4.07406, 1677.71, 1061.78
5.56218, -3004.89, 461.027
3.83351, 129.37, -79.5764
4.39881, 1239.39, 573.155
5.43397, 154.737, 32.4495
5.95636, -1463.63, -236.468
7.26736, 92.927, -41.0327
4.89785, -132.208, 950.542
3.60319, 172.941, -316.08
5.33741, 889.505, 619.319
6.09873, 171.408, -89.0196
4.4953, 1808.71, -30.3139
3.48326, 113.292, -176.963
6.66971, -15.95, -215.752
5.59561, 18.9831, -764.794
7.26866, 270.761, -134.288
3.23222, -346.526, -48.788
5.38953, 432.617, -102.231
7.26796, 326.368, 0.657646
3.62331, -4450.53, 2090.47
7.25137, 80.9388, 2.84534
3.07874, 1178.59, -546.187
2.58372, 651.061, 323.906
3.90465, -258.742, 526.575
7.15042, -189.316, -104.592
3.04796, -905.574, -429.078
6.77266, -104.267, -282.199
5.68532, 199.326, 245.652
5.63853, 188.129, 50.75
3.80589, -633.42, 1366.34
5.13936, -560.583, 203.599
7.16608, 1460.88, 649.108
3.98055, -1138.87, 170.826
4.78006, 169.827, 76.9581
6.35659, -832.637, 3799.29
4.17193, -1583.76, -2801.5
6.31775, 125.009, -73.2746
6.65892, -1880.85, 2054.82
2.64618, 2074.71, -1281.14
4.31315, -299.29, -510.17
4.16221, 287.56, 136.925
3.17675, 1602.39, 1501.11
3.00839, 1074.94, -3290.88
5.11327, 445.038, 213.981
3.52046, 63.9088, 236.955
5.00728, 216.038, 436.971
5.1371, -4001.3, 2632.81
4.13422, 136.968, -186.956
4.75888, -95.3592, 686.985
6.85263, 596.945, -232.35
4.72884, 40.6994, 88.6586
6.03726, -54.8818, -196.296
6.83171, -1675.12, 328.872
6.5822, 684.672, -623.791
2.67504, -3124.47, -1218.84
3.8644, -708.067, 1903.23
5.21858, -1173.25, 780.005
3.19942, 3146.93, -539.626
5.57408, 173.196, 16.3671
3.29182, 124.055, 197.676
4.41129, 555.736, -210.185
5.94997, -185.969, -257.518
3.21128, 3276.39, -17.3667
5.65284, -255.145, -22.8567
3.15973, -2707.33, -1451
7.13583, 430.265, 211.802
5.53465, 4308, -6584.72
5.50388, 145.416, 278.293
3.33635, 44.1904, 76.6712
3.301, -1133.94, 1769.47
5.91628, 227.373, 90.0351
5.1456, 320.553, -206.625
3.65264, -1762.45, 991.501
6.55373, 120.353, -134.434
5.76477, 165.144, -159.792
4.08597, 133.304, 602.466
2.53953, 125.125, 552.879
3.49176, 38.8915, 26.7607
3.78831, 37.772, -286.151
3.03825, -103.144, -237.322
3.49545, 356.93, -375.849
6.75079, -4641.47, 2483.37
6.63912, 125.534, -80.6024
6.76813, 195.031, -0.0658244
5.71027, 212.279, -5.75956
3.6787, -2384.79, 2476.85
6.80638, 98.1689, -66.4564
5.4745, -107.255, -371.199
2.52745, -1655.01, -1240.87
6.84925, -408.265, -903.539
7.37729, 365.095, -122.33
5.59653, -1666.9, -1485.47
3.85574, 614.034, 186.156
7.46973, 166.65, 11.1645
4.60751, -1138.48, -424.975
4.20537, -452.565, 12.1188
4.80717, 195.366, -27.7692
4.44822, -917.542, -2523.57
4.613, -3929.37, -760.41
2.84879, 370.173, -380.092
5.5153, 351.949, -266.315
7.36114, 583.223, 51.5048
5.07406, 232.887, -321.525
7.45461, 204.037, -60.8309
5.84906, -2086.48, -4924.97
4.01716, 238.253, 228.064
3.47371, 245.081, 25.5066
4.0109, -186.358, -211.269
4.93946, 21.8312, 96.3154
4.72438, -38.7147, -1.20376
5.7844, -518.74, 100.804
3.74227, 4804.39, 2746.56
4.72007, -1212.86, -1003.8
5.75894, 281.067, 142.054
6.67472, 73.7517, -174.38
6.03698, 217.021, 289.207
4.93928, 294.074, -289.897
6.72039, -128.64, -143.14
7.00296, 715.983, -676.842
6.33082, -247.537, 87.1201
5.29453, 437.068, 359.863
2.70603, -658.478, 106.461
5.46749, 579.219, 143.379
2.68674, 55.1844, -3293.25
4.53488, -361.179, 498.354
2.84243, 623.784, 20.0984
7.38558, 274.688, 225.473
2.5956, 1707.96, 2615.37
6.60363, 55.9351, -118.576
5.2195, 3223.17, -2661.09
5.72828, 599.195, -252.527
3.62934, -536.637, -106.529
2.733, 466.182, 2648.32
3.63154, 320.469, 566.551
4.58371, 30.1583, -2233.3
6.40126, 448.286, 52.0973
3.72852, 1326.4, -2024.69
4.81411, 339.859, 146.608
6.14756, -623.666, -86.9478
5.35237, 4461.78, -606.848
5.45997, -107.137, -271.458
4.98425, -761.124, -240.104
3.951, 208.814, 17.6719
4.71107, 103.344, 496.343
2.53669, -2500.35, 5507.01
7.41683, 232.518, -38.6611
2.52822, -36.006, -146.487
4.8676, 1805.93, 663.051
5.86497, 3033.16, 5166.1
