6.27803, -3203.5, 1885.02
3.5948, -38.3134, 1281.43
5.89648, 53.5469, -69.4753
5.09708, 355.15, 170.787
2.76731, 6097.1, -6228.76
2.53849, -2156.65, 2483.2
4.58743, 8529.39, 5056.18
7.15218, 163.711, 72.1233
2.95982, 140.467, -111.66
6.00595, 16.9923, -253.418
3.81226, 512.11, 16.4292
4.14117, 97.7456, 28.4704
7.45519, 804.124, -672.127
7.41275, 132.319, -131.099
5.75759, -404.047, -290.944
6.92354, 89.1176, 5.38866
6.33247, 303.656, -117.58
3.87453, -2419.04, -866.184
4.93259, -1398.2, -1064.02
2.80282, -7733.47, 1940.3
5.08146, -11.0521, -12.3945
4.96988, -5414.55, 2009.45
7.23882, 517.822, 113.91
4.42071, 182.325, -90.6415
5.14874, -4100.16, 1077.45
2.75042, -318.452, 5425.56
6.63909, 36.3751, -122.419
5.94228, 720.994, -139.712
6.18112, 774.211, 36.9453
6.94286, -4029.86, -3520.21
4.25508, -381.153, 398.977
6.72991, 257.545, 316.24
3.84659, 798.119, -218.51
4.83959, -271.737, 689.607
3.2686, 320.5, 120.913
2.66527, 746.162, -464.348
7.2768, -1410.73, -999.952
6.95369, 322.02, -186.711
3.29884, -419.126, 439.068
3.15214, 1630.84, -861.184
2.515, 3236.24, -572.347
6.0491, -63.6425, -137.981
3.40448, 703.46, 118.191
5.76029, -951.096, 299.163
4.42907, -169.611, 115.544
3.23766, 1361.45, 1479.61
5.45054, 842.564, 391.671
3.24076, 2957.35, -1399.39
3.2091, -2430.45, -1404.15
4.94257, -373.908, -185.96
3.13015, 215.639, -687.482
5.64635, 1034.19, 171.885
5.60817, 283.79, 26.4345
4.88216, 3703.76, -5109.5
2.64188, -441.038, -185.38
3.21011, 4457.98, -657.718
3.15594, 332.051, 55.0637
3.31099, 1594.93, -2393.14
3.76529, -418.683, 197.963
4.77654, -5141.74, 2507.63
6.54472, -86.7715, -949.948
3.57624, 175.754, 72.287
3.75063, 114.224, -82.18
5.02978, -1128.27, -2036.92
6.27922, 99.1405, 25.3936
5.66369, -1766.72, -3596.41
5.9449, -2320.97, -1714.22
7.27207, 291.544, -540.17
5.18713, 5326.25, -2700.06
4.57014, 117.804, -2252.88
4.70019, -414.145, -554.951
6.07821, -1879.98, -1844.64
6.20858, -2724.84, -2054.28
5.12494, -3492.36, 2810.22
6.06711, 149.933, -140.432
5.91025, 284.598, -26.5593
6.82941, 2124.04, -1704.79
3.19597, 520.463, 1755.07
3.57766, 100.603, 116.152
5.0733, 1253.14, 2228.97
4.83766, 209.054, 55.0546
3.55759, 3965.56, -4029.97
5.65244, -263.45, 449.432
2.5044, 3132.72, -4508.22
4.09589, -798.301, -2828.34
5.90281, 175.582, -44.3311
6.0446, 244.532, -212.142
2.90869, 379.446, 140.876
3.56926, -394.556, -476.222
4.44412, 2.8953, -246.722
4.44927, -4047, -1374.66
3.92018, 26.1397, 657.407
4.6123, 211.051, -152.704
2.55658, -2224.7, -131.295
3.72027, -5561.9, 2926.03
4.49072, -2135.71, -3659.85
6.64177, 606.826, 183.003
3.78584, 562.507, -392.015
3.59705, -1253.24, 537.212
6.47385, 169.595, -71.455
5.8476, 1251.6, -387.063
5.49108, 363.154, 781.955
5.99917, 2676.12, 1749.88
5.13062, 168.817, -173.154
4.14833, 264.91, 57.5898
3.30844, 6101.49, 1063.07
6.56633, 233.241, -123.916
4.08004, 101.03, -658.483
4.05369, 734.013, 333.819
4.65424, 160.216, -56.6435
4.46509, 569.258, 126.363
4.43916, 437.599, -352.786
4.34871, 188.076, 66.7192
5.88118, 230.905, -6.91055
6.10384, 214.163, -431.306
7.20082, -2388.35, 948.172
5.08573, -66.9164, 97.1351
5.5282, -437.459, -226.932
5.85049, 1600.74, -2407.63
5.11404, 394.967, -1.70117
3.87105, 524.697, 93.3982
7.08924, 90.9195, -48.8048
3.73367, 561.945, -91.79
4.77876, 564.74, -138.337
3.30374, 399.237, -69.766
4.68319, -3.97668, -243.8
7.45767, 807.247, -270.657
6.26931, 3963.79, -3877.12
4.97846, 77.3501, -827.077
7.01651, 300.726, 6.01444
4.68213, -445.058, 226.806
5.09239, 2178.24, -1715.14
4.44866, -1862.85, -3016.61
5.63431, 158.54, -19.1474
5.19331, 245.541, -34.2618
4.35955, 85.0424, 1127.4
2.54674, -227.549, -735.284
6.3794, 192.329, -139.378
2.85317, -532.27, -639.496
3.98511, 280.086, 31.34
4.78581, 175.918, 1467.02
3.25156, 649.512, 205.57
5.97819, 139.962, -526.07
4.15587, -522.609, -611.297
5.21197, -3413.2, 6058.55
2.64678, -3369.87, -2143.47
5.38086, 88.9329, 103.979
5.18133, 72.5894, 109.794
7.36678, 686.22, 152.676
5.57063, 174.564, -41.5685
5.26431, 2653.24, -4567.35
6.69051, 1257.42, -150.09
3.75764, 404.815, -1133.99
6.98957, 258.73, -68.0984
5.97428, 326.075, 222.991
5.82752, -445.909, 2374.51
3.06838, 486.085, -694.756
3.37987, -1611.22, -759.929
2.91253, -1705.87, 2773.13
6.68103, 408.034, 76.0353
2.64818, 576.648, 3681.27
6.34719, 317.977, -11.5206
4.29829, 234.187, -3576.02
6.24626, -832.441, -301.658
6.28385, 336.23, -30.9054
3.60834, 2480.84, -1352.45
5.58305, -322.779, 232.695
3.66846, 590.852, 260.054
6.22052, -24.6133, -3538.24
5.80997, -320.286, -848.051
4.9209, -3352.66, 6040.88
2.58972, 816.545, 385.951
4.98291, 47.3338, 306.645
5.09587, 217.766, -15.0202
4.71395, 701.878, 3289.78
4.14528, -2396.86, 1459.09
3.52671, 249.483, -131.367
7.19863, -2.4367, 1199.31
2.85168, 1151.25, 2981.98
3.30042, 453.772, -1158.63
6.70788, 234.924, -24.4453
4.13614, 81.8423, -155.434
6.85942, 259.943, -58.7098
5.99896, 341.323, -43.1737
5.52801, 552.432, -171.172
4.77536, 679.52, -341.21
2.91543, -59.7547, 955.905
3.94883, -3377.15, -891.101
6.51009, 90.634, 21.3224
6.81821, 190.888, -1146.54
3.81831, -4647.5, 365.097
4.79881, 681.547, 159.963
4.95672, 205.829, 61.4636
5.82344, 1556.31, -2424.43
7.31738, 244.603, 71.3954
7.23022, 51.3838, -55.184
2.81902, 1643.26, 11.5132
5.04829, -780.417, -607.926
6.13222, 220.094, -100.646
5.65882, 128.011, -13.7772
3.26658, -284.978, -434.03
5.09652, 702.839, 3288.77
3.52281, 5863.44, -1850.8
6.03231, 249.984, -38.9901
6.05786, -1234.05, 6245.3
3.66304, 155.721, 414.083
6.80594, -52.0594, -165.282
2.67122, -15.3635, 277.25
6.26587, 822.326, -107.072
4.14789, 341.448, 689.853
4.65309, 5284.51, -1357.11
7.33455, 166.586, -104.082
4.05803, -1766.6, -1741.44
5.69762, -6103.33, -64.3407
5.95386, 245.517, -121.058
5.36403, -466.747, 398.877
6.60667, -3430.61, 6061.1
4.21807, -3710.31, 1445.58
5.09387, -250.128, -79.8512
6.78438, 158.131, 858.808
6.18587, 172.204, 880.732
3.45992, 1418.97, -671.037
2.83145, 167.897, 74.6782
3.60828, -4382.58, 2762.52
3.33656, 193.887, -191.343
6.31172, 216.005, 71.1195
5.44905, 1641.62, -2177.86
4.65223, -6394.82, -460.728
7.09618, 1677.2, -42.7613
5.09668, -960.117, -1497.1
7.38058, -610.73, 80.8436
5.15714, -21.6928, -134.764
2.98716, -1156.68, 718.17
5.83983, -664.137, -636.479
5.44444, -596.679, 2809.85
5.01137, 252.656, 121.385
2.75808, 491.155, 1406.7
2.6753, -211.184, 400.789
4.41484, 218.945, 549.5
5.55555, -2712.82, -3037.36
5.06574, -6388.8, -455.891
5.98498, 47.1084, -162.417
4.89891, 207.704, -305.068
3.88323, -6540.4, 44.9294
6.01685, -293.389, 3035.5
3.67701, 282.249, -283.493
6.41501, 178.425, -62.7249
6.60589, 700.893, 473.407
3.21842, 4065.45, 3519.2
5.75757, -428.282, -286.644
3.87677, -1278.39, -1775.31
7.26215, 2981.15, -1192.05
4.58238, 485.549, 360.512
3.03869, 340.197, -197.959
4.70633, 299.897, -203.777
6.28811, 108.669, -653.724
2.77803, -94.3828, -28.5891
3.51241, 157.173, -5.99608
6.82305, 149.494, -166.863
6.52456, 567.62, 111.923
2.78861, 643.088, 1992.38
4.40304, 288.22, -35.3754
4.56124, 108.448, -136.924
2.80071, -1140.26, -456.922
7.09746, -1177.58, -1044.19
3.35398, 135.61, 48.2931
6.51634, 161.72, -551.398
3.88599, 2595.64, -718.029
4.44586, 207.889, 6.47837
7.19936, -2032.8, 1078.09
6.24573, 101.962, 3104.91
3.44774, 4395.77, -4485.95
6.89581, 194.686, 125.187
6.8953, 396.222, -61.5577
3.30515, 178.892, -1641.56
5.87346, 485.559, 332.698
6.89096, 246.274, -81.9942
6.98262, -760.272, 4051.11
3.06535, 21.9268, -53.5416
5.93789, -1730.31, -1356.27
3.21651, 240.763, -661.272
3.6901, -851.965, 267.485
5.64383, 3152.67, -2155.58
4.312, 237.316, -213.545
4.64437, -1987.72, -1832.75
4.91936, 1700.92, -1982.94
6.20379, 65.6359, 1714.71
3.23098, 442.695, -233.612
7.36238, 280.981, -44.3893
7.3158, 167.629, -30.1805
3.14741, 2798.64, -1749.4
5.3784, 321.884, 189.687
4.66439, 114.638, -689.549
5.50066, 351.728, 163.67
5.85098, 198.724, 411.159
4.5137, -3302.5, -1127.11
6.46691, -1892.74, -1668.24
4.89889, -3868.52, 1924.33
5.72449, -128.543, 421.183
4.28836, 6125.9, -962.394
5.96794, 83.0101, -883.709
5.83428, 965.794, 480.174
3.22071, 176.188, 122.208
7.10415, 157.705, 128.98
4.22228, 1213.38, 4189.5
6.66824, 70.0726, -195.477
2.74349, 143.407, -985.067
3.27936, 1427.47, -2318.55
2.55765, 459.238, -345.79
3.94327, 144.31, 74.6939
5.07295, 94.4759, 56.419
3.65948, 1187.47, -3776
2.75022, 666.433, -275.787
5.33091, 557.437, 146.875
6.69774, 658.923, -111.906
4.28763, 413.521, 131.432
4.3452, 166.365, -998.095
7.22226, 144.485, -26.9416
4.72425, -1434.97, 39.4081
6.82086, 191.303, -115.848
5.82654, 263.991, 278.911
5.79297, 207.105, 201.606
7.10736, 2825.38, -2060.38
5.11536, -3498.2, 2810.69
5.45229, -33.7158, 870.291
5.79944, -237.898, -2873.36
4.24765, -1699.51, 1134.75
4.11714, 423.483, 450.149
7.08984, 229.047, 772.34
3.08619, -5153.31, 1981.13
7.31268, -412.407, 285.154
5.17978, 345.761, -279.642
5.81447, 1742.34, 951.687
5.48362, -5364.28, 2565.27
6.93363, 22.5583, -1180.82
6.67999, 11.4446, -45.4806
6.69339, 252.889, -55.1346
6.85642, -252.232, -255.496
2.5002, -398.665, 2425.86
4.77274, -1047.8, -3173.74
4.25696, 1688.33, 122.5
5.80713, 5372.96, -4120.44
6.22234, -43.1721, 302.059
3.3821, -1051.38, -4634.94
7.4621, -1308.54, 1530.42
5.95466, 360.087, 0.746354
6.97862, -424.82, 0.651492
3.51579, -1353.87, -489.731
7.2356, 779.91, 420.291
4.88476, -4925.53, 2668.21
6.78578, -4379.34, 2763.23
6.41237, -155.014, -79.0188
5.70687, -3370.62, 3277.51
3.14521, 528.992, -3.49074
5.77944, 123.566, -515.032
3.09199, 325.984, -64.9267
3.88793, 2863.57, 780.335
6.65548, 116.991, 2664.94
6.14153, 4129.36, 5313.78
6.74348, 4606.25, -3444.64
3.43989, -540.083, 253.51
6.09602, 174.671, 6.77748
4.25586, -26.9294, -674.635
3.34555, 312.165, 272.516
4.52383, -4936.33, 572.178
4.20924, 158.712, -21.8028
6.67141, -199.925, 230.146
3.9111, -3796.04, -6154.21
5.16766, 3897.25, 2253.59
6.25085, 1156.72, -2063.24
4.62554, 548.243, 273.555
4.66964, 983.08, 121.693
3.03022, -3657.82, -2623.58
6.4639, 161.699, -12.0399
3.91232, 406.085, -120.602
7.14264, 4088.73, 6297.45
5.37926, 386.417, 133.648
3.4895, -396.194, -129.412
5.99081, 113.513, -83.4949
3.07265, 649.071, 61.4977
4.22945, -19.3286, -681.34
4.15646, 70.3008, -127.51
6.42735, -5351.01, 2560.25
6.65775, -58.7627, -164.986
4.21712, -19.3181, -5.13868
4.2603, -742.238, -91.0346
6.38197, 62.4167, 61.194
6.58658, 367.416, -438.418
4.26157, -120.256, -532.256
7.09559, 246.414, -90.1636
3.2877, 451.142, -22.1263
5.56029, -56.1169, 37.5929
5.54222, 187.946, -135.117
3.16647, 3028.45, 3120.14
3.51409, 3868.89, 5280
4.79457, -9.92394, -178.924
3.48759, -403.804, 1561.78
6.77118, 500.67, 349.138
6.54562, 992.95, 874.383
2.80131, 2608.25, -1762.52
6.50584, 1653.89, -4848.83
5.49597, 311.87, 62.4284
7.43182, -75.2253, -0.257538
2.65919, -534.023, -6.49096
6.8356, -3280.57, 3920.9
3.69109, -1798.97, -686.929
3.6127, 2008.2, 831.277
4.73907, 6746.09, 3145.97
2.61231, -72.7831, 63.3847
6.79755, 253.224, 10.9791
4.15902, 480.039, -4081.21
5.72195, 872.863, -429.753
7.43521, 325.528, 20.8845
5.30162, 158.034, -71.5388
4.74553, 194.98, -175.417
5.213, 40.7126, -205.005
2.90797, -2243.87, 784.383
3.99606, 1571.74, 2926.63
6.63964, -3710.93, -686.15
6.48936, -4230.15, 1809.82
5.71048, 472.48, -89.6543
4.84105, 251.68, -73.3563
7.15326, 594.03, 1993.62
5.08798, 351.774, -746.05
7.42924, -4388.35, 2748.83
5.94567, -255.489, -284.318
6.19966, 185.959, 279.528
3.46323, 1244.74, 1454.11
6.08881, 2935.87, -1706.77
6.11146, 995.057, -416.77
6.49298, 259.263, -91.8778
4.23216, -4999.64, 331.248
5.1481, -2027.63, -1102.28
3.19001, 1258.95, -334.128
6.73218, 41.9267, -212.917
6.32766, -449.388, -567.341
7.5, -5339.4, 2540.48
4.24891, -7634.12, -2485.2
5.50367, -378.161, -63.1732
3.50808, -468.049, 3369.52
6.2385, -3502.64, 559.062
6.49225, 823.89, -171.056
3.03505, -852.994, -380.505
5.35813, 251.715, 33.0262
2.84683, -5001.49, 1667.13
4.16036, 282.853, 616.733
5.80945, 175.251, -38.5139
5.27726, 419.591, 3839.46
7.12415, 384.439, 512.409
2.69832, 318.923, 2734.36
2.62083, 805.7, 1047.44
4.61923, 293.506, -53.9335
4.36987, -947.153, 363.597
2.93303, 3530.94, 3481.62
3.05403, 67.0929, -156.911
5.31992, -4828.13, 148.558
7.37269, 264.357, -75.547
3.05066, 124.715, -3718.06
5.99352, -3002.56, -3297.06
2.79674, 60.3492, 662.079
4.69755, 539.125, -497.023
5.24651, 1163.8, 544.788
3.45129, -112.577, 232.503
7.36597, 313.233, -185.264
3.19593, 158.226, -117.59
5.48978, -3006.56, 278.345
7.12812, 331.534, 607.006
3.91116, -1433.82, 324.761
6.8307, 501.947, -460.102
6.29598, 883.542, -1304.59
6.10793, 307.995, -231.931
3.34241, 181.045, 72.4031
3.32882, 1294.35, -2512.73
3.39076, 142.525, -43.3463
5.87226, 186.017, 120.156
4.83484, -253.679, 529.592
6.85219, -13.5289, -47.9574
5.76023, -554.653, 225.265
5.80464, 1731.15, 955.62
2.58037, 51.7669, 293.867
4.30596, 5714.76, 3230.22
3.72747, 137.996, 787.912
6.93086, 120.639, 280.809
5.23701, -7253.76, 131.394
6.57209, -553.685, -378.782
5.24453, -34.4432, 0.353317
4.16156, 840.205, -349.655
4.40213, -1781.08, -3199.17
2.52389, 1941.36, 388.444
6.95226, 172.299, -59.7386
6.16955, 918.721, 269.819
6.04239, -341.358, 259.675
5.1278, 1931.38, -2750.69
6.41065, 189.899, 344.904
3.42484, 360.555, -141.783
5.72673, 205.2, -154.911
3.42178, 109.055, -99.1279
3.31214, -1095, 693.335
2.65594, 1233.38, 1472.99
7.42716, 63.449, 142.548
4.04559, 466.701, 191.685
4.11075, -309.499, -3.25798
5.51155, 194.139, -75.1722
2.89107, 5520.57, -991.208
3.93936, -483.224, -76.1524
5.79307, -42.3106, 387.797
7.36348, -180.539, -90.9204
7.27758, 3967.01, 1582.99
7.42745, 355.577, -265.878
7.30478, 241.266, -6.03758
3.0073, 930.209, 220.602
3.71505, 427.377, -13.4301
6.91151, 779.616, 49.6437
5.28805, 308.608, -39.8154
6.7669, 189.403, -62.3439
7.49145, -97.0159, -100.906
3.99751, -4665.69, 1890.93
6.33157, -8405.32, -2737.38
4.81901, 895.74, -1065.09
6.8168, 31.5966, -26.5379
6.99018, 48.846, 134.25
7.377, 793.733, 13.1057
2.77405, 593.729, -309.455
6.32605, -98.3106, -470.707
5.09219, 1557.67, -2396.73
3.46574, -609.898, 78.0003
6.98252, 60.7222, 57.5914
6.38492, 250.629, -174.421
2.75968, 769.938, -1486.74
7.47331, 1564.26, -2512.21
5.93659, 256.113, 50.3723
5.94854, 1744.93, 963.019
6.57666, 2909.58, -1390.96
7.05426, -95.4598, 24.9019
3.34218, 2556.2, 4983.5
5.24183, 2820.19, -2122.07
6.53351, 166.855, -14.1795
4.17803, 434.206, -31.8953
5.53435, -108.078, 553.623
6.59602, 1636.74, -2241.55
7.3485, 282.256, 182.077
6.29349, 578.726, 396.548
3.72113, 70.008, -1090.31
5.80589, 555.737, -58.5647
4.21574, 434.805, -87.2798
7.27146, 286.744, -103.003
2.60828, 2958.35, -3244.49
4.54979, 316.449, -36.0705
2.55789, -4090.78, 3789.19
3.04964, 327.345, 1533.14
5.28259, 401.007, -403.13
4.45466, 104.324, 22.2724
7.20539, 199.889, -72.1283
2.55572, -263.998, -57.9328
6.22897, 1018.71, -2438.78
3.84293, 78.1984, -107.08
4.27153, 44.7317, -213.83
3.45835, 6116.03, -6267.12
5.14832, 591.879, 341.8
4.39478, -916.905, -5247.91
3.16407, 167.449, 26.1427
4.26563, 102.768, 122.335
4.2497, -4956.07, 2568.46
7.41084, -2321.44, -1705.72
5.25961, 206.334, 115.911
4.99918, -1979.63, -556.692
3.58531, 1458.86, -2165.84
4.37311, -298.62, -796.651
6.78251, 3203.59, 2878.62
6.45578, -3003.77, 6101.16
3.9204, 2854.65, -3604.61
5.07645, -21.516, 160.913
6.79238, 332.003, -38.2309
7.07844, 303.606, 139.785
7.48941, -1869.07, -1610.75
6.53177, 336.089, -237.386
5.22718, 174.085, -522.171
7.3461, 783.803, 412.76
5.31931, 1211.22, 355.547
4.03031, -169.916, -632.224
5.41853, 305.2, 110.412
2.91197, 202.871, -411.48
5.47382, 345.216, 209.92
3.31968, 2785.14, 5409.13
6.46527, 161.547, 103.943
2.95373, -459.673, 1592.77
6.3072, 73.35, -711.25
6.83996, 105.238, 23.3849
6.40105, 203.472, 55.6589
6.61399, -1911.73, -295.792
6.70974, 168.884, -209.229
4.48328, 367.341, 448.482
6.508, 186.174, -139.52
6.56811, 366.157, 146.909
5.43493, 490.296, 1103.59
4.64621, 151.099, 612.7
2.5002, -1153.86, 442.135
5.31153, 233.745, 83.1548
6.22632, -509.793, 595.986
3.89846, 3334.31, 1993.66
2.93406, -815.042, -4718.68
3.5733, 803.952, 983.488
3.93296, 728.758, -66.9249
4.86595, -174.655, -161.467
6.95893, -1892.32, -1614.9
5.91955, -434.482, 289.225
3.54376, -228.954, -187.799
6.67533, 284.303, 7.04
7.09218, 175.047, -414.858
4.48244, 376.964, 399.811
6.37858, 1729.84, 141.435
5.68161, 639.184, 147.467
6.64746, -188.638, -283.97
3.40204, 1576.66, 440.646
7.45927, 230.809, -53.3876
6.70558, 232.774, 37.6616
4.65177, 473.015, -684.199
4.38589, 129.837, 9.12067
2.70802, 527.186, -530.691
6.80715, -674.148, -1039.54
6.62116, -4325.26, 2603.77
6.25052, 1750.46, 1256.78
3.55801, 194.093, -76.7701
4.31029, -367.922, -323.011
4.43545, -322.076, -285.334
7.32918, -3175.79, -1993.58
6.5872, 570.661, 83.1815
4.5755, 1836.26, -290.829
5.83759, -221.794, 643.812
2.52101, -4210.25, 4406.34
6.98048, 73.321, -71.1197
3.68416, -297.593, 958.286
3.79415, 294.005, -6.5685
5.4939, 1087.68, 137.962
6.89823, 498.234, -92.5093
6.16299, 208.74, -341.854
6.0773, 707.677, -282.869
3.57724, 6150.11, -274.75
6.30413, -4192.1, 3302.27
3.85351, -89.61, -415.396
2.75246, 308.813, -66.0219
4.78866, -1804.72, 507.135
2.58759, 145.468, 292.256
3.01129, 6259.74, -3986.36
2.639, 2894.89, -1734.24
5.65921, 199.932, 162.003
6.34425, 157.038, 58.0379
2.74132, 554.096, -13.0758
6.6924, 401.446, 707.979
6.76899, 352.008, -110.103
6.57649, -244.661, 739.006
6.85188, 428.967, -4412.62
5.27222, 835.537, -185.913
6.12646, 43.1972, 717.744
3.20424, -4557.5, 3869.64
6.6115, 234.195, 11.8235
5.51185, -2712.75, -3030.42
4.93856, 230.307, -513.901
6.14942, 392.632, 149.284
4.05164, -1781.29, 1148.96
3.93925, 230.718, -454.421
5.45857, 2178.57, -2710.62
5.34055, -3137, 1704.39
5.41059, 2658.25, 2142.92
2.84132, -450.637, 368.073
4.34304, -1683.28, -472.25
6.28475, -390.144, 186.207
6.35297, 637.798, 3010.37
4.27217, 313.875, 566.784
5.98913, 463.205, -34.8174
5.08005, 1779.12, 1142.87
5.94494, 685.642, 171.744
6.18066, -1720.8, -1282.48
2.56231, -2795.89, -1755.54
7.16549, 210.309, -7.33164
5.37826, -81.3786, -256.566
3.05587, 939.723, 340.333
4.87388, -2.46964, -259.89
3.24247, 1807.13, -870.837
4.22594, -8805.73, -1963.28
7.04476, 184.853, -135.206
4.54571, 2828.11, -1362.14
5.96642, 69.1683, -37.304
3.35865, 191.059, 106.917
6.21715, -4790.3, 1671.43
4.16319, 104.323, 164.372
4.62157, 6.01453, -39.365
2.79523, 288.779, 315.425
5.09005, 135.206, -113.565
5.94425, 187.462, 124.678
5.01149, 146.725, -34.8596
6.56617, 259.192, 6.24868
3.07974, 80.0047, -516.139
5.24841, 979.45, -359.32
5.06046, 632.01, 95.8967
6.02649, -1854.28, -1666.1
5.65083, 205.453, -81.7815
4.0207, 327.742, -188.102
6.74719, 227.094, -125.805
3.39619, 1583.68, -2273.06
2.61737, 294.543, 805.702
4.19467, -169.63, -139.626
3.43818, -1911.03, -1508.34
6.60467, 33.0107, -185.919
6.72507, 129.063, 3068.93
6.78031, -3126.36, 1709.71
7.37454, 160.563, -6.02248
2.99587, 48.9269, 635.791
2.56182, -3959.65, -2967.8
2.58614, 635.442, 716.61
2.64527, -330.159, -140.358
4.1031, -1785.11, -1657.67
6.17815, -3186.93, 1900.63
3.14876, 740.402, 159.075
2.5161, -2932.14, -587.218
6.91905, -645.842, -524.672
3.70482, 303.325, -16.2188
4.38481, 263.243, 1247.38
4.44879, 69.9264, -135.129
2.81534, 3670.96, 1394.76
7.30792, 67.2817, -24.0531
3.75349, 116.616, 75.7176
6.85376, 275.089, 71.9864
2.85991, 3046.11, -4122.22
2.70653, 3962.02, -2472.41
3.46378, -593.873, 248.267
3.86708, -2073.34, -1950.25
7.4007, 291.548, -74.973
3.60607, 1210.21, -5056.09
6.43119, 1604.49, -2402.8
4.42306, -257.742, 1519.82
3.78593, -2900.72, 3338.96
3.91087, 239.181, 375.517
7.33834, 1131.49, 385.497
4.22841, 326.726, 36.5131
3.45922, -577.117, -760.055
5.05037, -3.32306, 156.278
5.21857, 1131.92, -4518.4
5.72333, 1035.82, -165.282
3.89738, -853.613, 181.71
3.41887, 391.538, -440.163
2.71579, 2218.87, -2577.29
3.98408, 318.006, -147.687
4.25548, 988.746, -596.639
7.09372, 295.381, -146.75
5.81225, 227.66, 548.845
5.08041, -1946.99, -1596.88
4.03763, 104.332, -119.214
3.0007, 1850.58, 1989.23
3.47502, 272.191, 38.5404
4.11407, 3120.77, 3191.12
5.56182, 252.859, 100.933
5.13511, 2814.2, -1321.75
3.45653, 0.246604, 604.747
4.7178, 5478.21, 3213.83
4.48693, 6316.78, -1232.34
6.28051, 5.2213, -518.549
6.6213, 737.72, -319.44
5.51573, -28.5884, 313.745
3.04573, 185.798, -460.475
4.11797, 2370.49, -680.106
5.03403, 168.519, -63.6128
4.76521, 240.824, -337.828
4.77315, 708.727, 117.764
4.91125, 38.3519, -39.6313
5.07896, -4346.36, 757.385
4.50207, -2150.5, -982.188
4.22945, -516.396, -392.215
6.64533, 172.467, -318.647
3.02204, 2252.79, -1489.26
6.40057, 62.6691, 27.746
3.19919, 932.544, -547.342
2.62171, 3818.63, 4323.38
6.0664, -90.8925, 1197.86
7.15538, 364.988, -206.731
7.47667, 357.021, 92.4668
3.86264, 262.458, -2.54536
3.6923, -1892.23, 233.374
3.87328, -430.658, -3052.62
5.70836, -516.047, -602.997
5.17637, 301.448, 38.3732
6.8967, -2775, 4873.92
6.75968, -242.941, -32.9213
2.98004, -106.471, -506.962
4.66818, 195.754, -175.451
3.17045, -202.769, 299.861
5.86802, 255.65, 36.366
5.34964, 136.164, -631.772
3.66474, 99.3827, -905.747
5.50306, 866.469, 210.508
2.6551, 219.13, 64.2046
7.08512, 158.828, -5.82272
3.82958, 398.407, -691.522
6.50016, 209.264, 68.8739
5.46389, 193.827, 78.847
5.0822, 709.379, 35.2801
5.2567, 2126.97, -1106.86
3.47225, 709.678, -244.462
5.36152, -2905.21, -30.426
3.81992, -618.16, 6642.18
4.41648, 2728.16, -5638.82
2.73626, -555.485, -379.877
4.22823, 484.837, 106.577
3.61594, -2955.37, 7105.63
3.81264, 59.3626, -245.608
3.05141, -84.0772, 89.2525
7.40088, 329.536, -37.0767
5.93794, 712.359, -313.319
5.82158, 424.887, -156.606
5.99501, 648.682, 312.233
2.68746, 152.499, -26.3336
3.6706, 289.379, 3.25952
3.95397, -5491.89, -8264.06
3.50543, 214.018, -196.323
2.7177, -2594.89, 3886.65
2.56571, -889.164, 124.974
6.07297, 5863.97, -1853.87
6.88348, 480.224, 94.1585
5.35088, 1772.81, -3292.23
6.92743, -2971.8, -3400.74
5.20042, -1546.39, -464.067
3.31357, -1705.77, 175.521
3.30492, -2707.4, -2039.24
7.19182, 168.161, 30.4492
3.45628, -17.031, 430.454
3.15761, -2901.78, -330.391
4.41122, 547.639, -428.436
6.12674, -584.059, 2795.7
2.50651, -6388.87, -460.718
4.60222, 4542.42, -2574.02
5.18984, -632.024, -74.9474
4.86596, -1235.89, -644.282
6.33003, -51.4072, -398.393
2.9396, -901.205, -863.896
7.04284, 44.051, 305.139
3.20818, -198.457, -391.781
2.54782, 181.294, 623.636
2.82267, 106.669, 566.12
4.96742, 36.4408, 311.728
5.40914, 219.152, -170.474
4.03373, 3761.12, -6578.75
4.57091, 428.652, 220.031
4.33401, 1579.28, 1838.23
3.42687, 420.075, -2355.99
2.76788, -2681.39, -2442.49
4.47222, 385.014, -52.0158
3.98388, -1229.74, -1379.54
5.05388, 287.548, 41.0647
3.75392, 2260.87, -3663.52
5.01589, -1279.81, 2236.25
2.51168, 354.882, -550.907
7.01807, -5332.58, 2543.44
2.79181, 3277.15, 3393.39
5.17506, 211.662, 3089.25
3.95754, 2660.63, -1104.35
7.3023, 255.775, -59.2053
4.73406, -3192.39, -1229.59
5.08479, 170.042, 1.6866
5.93861, 754.592, -572.283
2.72187, -16.627, 212.014
7.2946, 3651.05, -2649.8
5.70852, 72.289, -161.473
2.80215, 181.01, 18.8058
3.33964, 584.21, -72.196
5.76491, 196.947, -228.144
6.19864, -447.16, 2364.72
3.57011, 78.8345, -620.41
4.31441, 748.719, -1876.92
6.56981, -266.836, 454.275
5.32057, 284.102, 11.7961
7.45886, 187.23, -196.822
6.5669, 276.595, 192.025
3.49157, 3301.51, -4198.09
2.50003, 40.0436, 208.962
4.62608, -3290.97, 3934.21
4.07406, 1821.42, 1138.28
5.56218, -3478.19, 576.388
3.83351, 347.874, 88.6964
4.39881, 1514.63, 462.337
5.43397, 142.979, -188.085
5.95636, -2000.09, -13.229
7.26736, 181.532, -28.2681
4.89785, 56.807, 910.713
3.60319, 297.886, 604.595
5.33741, 922.877, 692.95
6.09873, -219.837, -185.205
4.4953, 1839.19, 66.2708
3.48326, 209.942, 248.629
6.66971, 388.57, -79.04
5.59561, -37.4041, -325.07
7.26866, -180.558, 189.793
3.23222, -572.866, 372.59
5.38953, -159.332, -103.116
7.26796, 158.428, -170.863
3.62331, -5410.61, 2639.93
7.25137, 80.6031, -30.725
3.07874, 1060.91, -466.819
2.58372, 492.202, -33.8921
3.90465, -136.32, 213.548
7.15042, 72.5663, -428.63
3.04796, -588.935, -321.726
6.77266, 388.303, 57.5084
5.68532, 287.378, -143.695
5.63853, 232.207, -133.847
3.80589, -676.821, 1367.02
5.13936, -856.016, 227.646
7.16608, 1996.69, 860.129
3.98055, -1202.62, 77.2743
4.78006, 112.714, 41.3905
6.35659, -1046.83, 4503.15
4.17193, -1924.42, -3174.42
6.31775, 552.097, 327.2
6.65892, -2133.97, 2436.2
2.64618, 2365.36, -1507.45
4.31315, -125.013, -967.514
4.16221, 134.829, -15.3886
3.17675, 1890.16, 1937.12
3.00839, 1251.93, -3850.86
5.11327, 70.371, -89.1224
3.52046, 769.155, -115.368
5.00728, 52.8684, -342.097
5.1371, -4756.91, 3197.51
4.13422, 200.325, 176.345
4.75888, 208.546, 351.371
6.85263, -201.74, 105.736
4.72884, 319.128, -188.112
6.03726, 398.509, 124.839
6.83171, -1780.02, 348.927
6.5822, 593.972, -749.33
2.67504, -3695.65, -1438.9
3.8644, -854.753, 2045.72
5.21858, -1417.26, 945.113
3.19942, 4153.93, -661.328
5.57408, 217.55, 50.2225
3.29182, 739.918, -252.22
4.41129, 737.684, 295.52
5.94997, -641.271, -307.379
3.21128, 3774.63, 7.6063
5.65284, 114.211, -285.155
3.15973, -3186.1, -1558.97
7.13583, -18.5739, -45.1622
5.53465, 5195.18, -7930.46
5.50388, 531.203, 700.906
3.33635, 951.298, -204.35
3.301, -1502.38, 2071.82
5.91628, 77.0934, 7.11061
5.1456, -109.834, 512.916
3.65264, -1937.96, 1078.95
6.55373, 417.115, -24.5952
5.76477, 387.465, 173.947
4.08597, -80.2743, 755.825
2.53953, 64.5499, 67.4691
3.49176, 715.368, 59.501
3.78831, -53.9048, 204.852
3.03825, 212.637, -1052.93
3.49545, 96.8768, -735.03
6.75079, -5542.31, 2945.07
6.63912, 296.85, 532.673
6.76813, 313.866, -51.3901
5.71027, 212.291, -116.03
3.6787, -2789.52, 2892.91
6.80638, 159.375, -179.6
5.4745, -70.5302, 72.4619
2.52745, -1715.53, -1291.26
6.84925, -318.485, -851.369
7.37729, 104.21, -44.3038
5.59653, -1889.85, -1616.92
3.85574, -50.6462, -295.6
7.46973, 143.332, -85.3306
4.60751, -962.22, -641.743
4.20537, 133.131, 16.1959
4.80717, 121.884, -21.5741
4.44822, -1037.08, -2857.58
4.613, -4607.21, -867.958
2.84879, 18.3174, 318.244
5.5153, 304.167, 28.5474
7.36114, 163.738, 37.4489
5.07406, 354.169, -60.7334
7.45461, 177.94, -163.196
5.84906, -2519.92, -5876.02
4.01716, 166.169, -67.8246
3.47371, 705.443, -286.409
4.0109, -991.811, -111.667
4.93946, -235.808, -79.7528
4.72438, 733.079, 83.3144
5.7844, -506.52, 179.249
3.74227, 5713.81, 3230.33
4.72007, -1275.89, -1024.43
5.75894, 67.7397, -246.642
6.67472, 216.176, 153.536
6.03698, 93.888, 814.551
4.93928, 23.3755, -896.148
6.72039, 594.292, 73.412
7.00296, 848.66, -723.517
6.33082, 166.256, -199.604
5.29453, 659.81, 1024.54
2.70603, -728.676, 435.693
5.46749, 49.3543, 49.2349
2.68674, -17.2027, -3787.63
4.53488, -1010.69, 1048.66
2.84243, 125.138, -449.664
7.38558, 123.873, -318.31
2.5956, 1863.53, 3005.87
6.60363, 230.689, -79.4515
5.2195, 3759.52, -3188.45
5.72828, -11.578, 140.285
3.62934, -348.372, 141.061
2.733, 614.787, 3139.58
3.63154, 487.587, 19.2195
4.58371, -84.4817, -2544.45
6.40126, -194.688, -165.857
3.72852, 1636.28, -2236.88
4.81411, -124.441, -174.423
6.14756, -1083.25, -479.852
5.35237, 5296.42, -723.175
5.45997, 569.378, 205.14
4.98425, -1018.35, -97.0339
3.951, 301.696, 138.435
4.71107, 117.348, 185.92
2.53669, -3029.24, 6675.05
7.41683, 218.471, 38.9072
2.52822, 321.656, 97.8153
4.8676, 2029.7, 638.986
5.86497, 3618.61, 6193.43
