6.27803, -1464.34, 774.45
3.5948, 247.251, 1112.91
5.89648, 883.928, -397.419
5.09708, -8.76924, -249.743
2.76731, 2493.4, -2614.15
2.53849, -153.823, 121.55
4.58743, 3485.63, 2023.18
7.15218, -32.5061, -72.0964
2.95982, -368.749, 711.141
6.00595, 739.438, 533.569
3.81226, 492.406, 271.357
4.14117, -133.43, -103.996
7.45519, -468.915, -433.916
7.41275, 14.3919, 104.077
5.75759, 673.747, 315.936
6.92354, -27.3311, 73.0103
6.33247, 141.74, 95.9645
3.87453, -1260.58, -125.803
4.93259, -506.16, -481.923
2.80282, -3065.27, 570.27
5.08146, -189.303, -131.051
4.96988, -2262.63, 745.583
7.23882, 119.141, -6.40919
4.42071, 39.816, -65.6949
5.14874, -1806.5, 567.326
2.75042, -303.14, 2269.26
6.63909, 389.048, 193.287
5.94228, -690.772, -285.112
6.18112, 6.29731, -173.131
6.94286, -1791.27, -1748.36
4.25508, 94.9185, -226.738
6.72991, -131.444, -325.875
3.84659, 136.028, 34.1433
4.83959, 661.698, -208.432
3.2686, 16.003, 262.225
2.66527, 168.992, -57.1045
7.2768, -1104.41, -802.774
6.95369, 270.884, 251.1
3.29884, -1049.42, 81.485
3.15214, -677.097, -199.559
2.515, 1462.52, -222.097
6.0491, 185.329, 139.948
3.40448, 1147.88, 8.69495
5.76029, 22.3904, -101.491
4.42907, 231.066, 354.977
3.23766, 787.4, 1077.95
5.45054, 191.383, 522.036
3.24076, 1476.21, -754.279
3.2091, -1301.22, -976.343
4.94257, -100.121, -86.162
3.13015, -916.001, -216.604
5.64635, -692.618, 199.056
5.60817, 276.137, 139.901
4.88216, 1621.61, -2245.83
2.64188, 588.288, 865.955
3.21011, 2012.08, -413.287
3.15594, 494.567, 324.48
3.31099, 943.91, -1346.98
3.76529, -243.961, -5.17766
4.77654, -2391.04, 1240.7
6.54472, 191.145, -208.23
3.57624, -96.231, -223.163
3.75063, 363.222, 542.572
5.02978, 352.34, 268.567
6.27922, 81.2235, 21.8329
5.66369, -756.691, -1719.95
5.9449, -1445.93, -924.479
7.27207, -703.827, -199.641
5.18713, 2235.38, -1148.07
4.57014, 137.096, 528.807
4.70019, 399.614, 327.714
6.07821, -1089.24, -1288.59
6.20858, -1212.96, -1197.54
5.12494, -1641.98, 1443.78
6.06711, 17.2099, -17.8423
5.91025, 140.487, -99.0501
6.82941, 1219.11, -912.645
3.19597, 841.839, 869.007
3.57766, -134.804, -24.1711
5.0733, 170.588, 508.31
4.83766, 387.409, 351.881
3.55759, 1508.92, -1699.25
5.65244, 754.06, -427.672
2.5044, 1325.36, -1856.19
4.09589, -250.1, -1866
5.90281, 5.57796, -175.584
6.0446, 323.096, 193.971
2.90869, 422.056, 594.036
3.56926, -423.391, -27.3731
4.44412, -153.463, 126.876
4.44927, -2030.61, -753.855
3.92018, -235.997, 57.9509
4.6123, -110.184, -53.4379
2.55658, 450.39, 9.36242
3.72027, -2340.81, 1202.84
4.49072, -730.618, -1859.92
6.64177, 104.417, -105.708
3.78584, -551.978, 656.133
3.59705, -948.322, -304.884
6.47385, 285.4, 266.27
5.8476, -664.193, -27.175
5.49108, -206.642, 22.8503
5.99917, 1495.61, 804.995
5.13062, -52.401, -200.666
4.14833, 3.56606, -179.496
3.30844, 2290.35, 374.85
6.56633, 70.2505, -23.8961
4.08004, 725.85, 479.443
4.05369, 147.108, 38.739
4.65424, 131.868, -87.7668
4.46509, 174.121, -98.1856
4.43916, 281.184, -105.81
4.34871, -179.969, 279.814
5.88118, -265.93, -554.136
6.10384, 790.493, -148.489
7.20082, -1365.36, 261.189
5.08573, -113.051, -76.9979
5.5282, 737.408, 540.703
5.85049, 940.048, -1351.53
5.11404, 209.703, -28.6006
3.87105, -35.3578, -235.448
7.08924, 282.844, 270.764
3.73367, 71.9999, 53.4528
4.77876, -220.148, 771.737
3.30374, 216.258, 341.121
4.68319, 204.383, 201.673
7.45767, 188.571, -290.294
6.26931, 1580.43, -1774.01
4.97846, -67.7429, -86.078
7.01651, 166.543, -99.5066
4.68213, -230.707, -118.073
5.09239, 1189.64, -980.849
4.44866, -1051.02, -1464.15
5.63431, 20.6474, -162.774
5.19331, -128.08, -30.3157
4.35955, 73.5171, -314.568
2.54674, 281.258, 381.815
6.3794, 151.442, 100.348
2.85317, 188.383, 148.304
3.98511, 50.6434, 440.221
4.78581, -178.696, -153.2
3.25156, -94.6135, -54.3981
5.97819, 103.749, 530.913
4.15587, 277.785, 175.128
5.21197, -1468.55, 2505.96
2.64678, -1719.7, -705.479
5.38086, -11.9826, -611.037
5.18133, -168.631, 174.998
7.36678, -727.295, 443.572
5.57063, 83.1663, -29.7407
5.26431, 1224.74, -1900.05
6.69051, 521.293, 534.194
3.75764, 79.2393, 585.275
6.98957, 166.965, 111.322
5.97428, 137.86, 23.0688
5.82752, 129.854, 1378.03
3.06838, -91.0816, 165.51
3.37987, -144.816, -626.967
2.91253, -431.078, 907.753
6.68103, -100.988, 682.603
2.64818, -327.811, 1190.44
6.34719, -174.875, 201.002
4.29829, 241.63, -1757.8
6.24626, 960.19, -165.727
6.28385, 68.885, -115.65
3.60834, 1536.05, -354.597
5.58305, 15.5512, -33.3844
3.66846, -447.221, -101.113
6.22052, 90.6422, -1710.78
5.80997, -29.719, -48.2688
4.9209, -1410.88, 2603.97
2.58972, -319.713, -74.7497
4.98291, 77.7721, 399.285
5.09587, 309.141, -71.6684
4.71395, 695.578, 1622.03
4.14528, -1357.77, 429.614
3.52671, 43.0563, -35.8179
7.19863, -234.266, 1083.06
2.85168, 987.74, 1341.31
3.30042, -307.981, -95.6868
6.70788, 106.194, -314.603
4.13614, 47.3598, 197.027
6.85942, 725.044, 420.552
5.99896, 109.975, 24.3066
5.52801, -72.1137, -221.401
4.77536, 271.327, 694.229
2.91543, 1071.73, 362.61
3.94883, -1578.12, -830.418
6.51009, 42.1108, 8.92059
6.81821, 490.354, 757.155
3.81831, -2186.18, 175.365
4.79881, -320.5, 184.062
4.95672, 228.976, 231.181
5.82344, 822.489, -1367.39
7.31738, -87.0549, -68.0953
7.23022, -63.3187, -137.346
2.81902, 767.313, -589.77
5.04829, -425.05, -61.1353
6.13222, 258.798, 46.9433
5.65882, 83.938, 33.8359
3.26658, 267.128, -136.939
5.09652, 696.913, 1623.09
3.52281, 2586.51, -879.323
6.03231, -187.827, 213.54
6.05786, -413.165, 2730.77
3.66304, 70.3378, -121.986
6.80594, 426.546, -2.34965
2.67122, -776.912, -400.787
6.26587, 109.637, 324.727
4.14789, 271.523, 99.1003
4.65309, 2262.95, -416.592
7.33455, -60.851, -188.642
4.05803, -1106.78, -966.298
5.69762, -2713, 83.5423
5.95386, 58.3418, -102.307
5.36403, 223.375, -277.503
6.60667, -1432.94, 2502.06
4.21807, -1702.25, 842.435
5.09387, -130.265, -437.165
6.78438, 835.787, -87.7947
6.18587, 777.691, 806.679
3.45992, -31.6793, -204.448
2.83145, 198.755, 49.7843
3.60828, -2012.52, 1281.68
3.33656, 247.052, -137.143
6.31172, 44.306, -71.7192
5.44905, 707.883, -1326.12
4.65223, -2807.01, -326.361
7.09618, 1268.47, -288.373
5.09668, 80.2826, -412.967
7.38058, -223.857, 134.929
5.15714, 49.6003, 194.551
2.98716, -591.798, 1115.82
5.83983, 417.389, 296.205
5.44444, -468.176, 1486.52
5.01137, 76.7459, 93.1784
2.75808, 958.345, 422.268
2.6753, 713.819, -603.779
4.41484, 55.1904, -140.236
5.55555, -1217.96, -1603.38
5.06574, -2806.2, -334.078
5.98498, -26.7785, -80.0063
4.89891, 261.375, -157.892
3.88323, -2686.73, 34.7814
6.01685, -102.562, 1667.2
3.67701, -19.2057, -111.273
6.41501, -177.898, 20.5391
6.60589, 1121.88, -223.447
3.21842, 1581.06, 1616.82
5.75757, 635.505, -581.144
3.87677, 219.347, -381.194
7.26215, 1065.87, -806.07
4.58238, 52.3627, -169.337
3.03869, -329.248, -354.357
4.70633, -218.596, -81.113
6.28811, -183.03, -219.46
2.77803, 722.703, 577.615
3.51241, 222.186, -91.5395
6.82305, 193.423, -361.01
6.52456, 306.638, 6.13087
2.78861, 379.592, 1304.69
4.40304, 30.0932, 39.8841
4.56124, -138.42, -255.34
2.80071, -47.511, -26.016
7.09746, -887.772, -823.335
3.35398, 154.056, 52.6657
6.51634, 44.1268, -49.446
3.88599, -95.4835, 172.825
4.44586, 352.626, -168.711
7.19936, -1200.74, 150.215
6.24573, 39.5346, 1618.75
3.44774, 1581.44, -1885.15
6.89581, -249.139, -136.758
6.8953, -143.619, -144.048
3.30515, 374.071, -60.4549
5.87346, 523.663, 8.31352
6.89096, 29.3556, 183.4
6.98262, -569.005, 1857.99
3.06535, -85.6151, -77.5392
5.93789, 273.307, 373.787
3.21651, 171.127, 233.619
3.6901, 763.278, -229.364
5.64383, 1425.64, -1003.56
4.312, 280.396, 227.145
4.64437, -1124.65, -1065.96
4.91936, 935.038, -976.733
6.20379, -0.953243, -428.733
3.23098, 564.293, -495.358
7.36238, 244.51, -5.74504
7.3158, -144.696, -118.04
3.14741, 1261.45, -980.004
5.3784, -96.1312, -65.6502
4.66439, 117.566, -364.67
5.50066, -71.8303, 206.584
5.85098, 176.292, 129.795
4.5137, -1700.42, -551.627
6.46691, -1096.79, -953.601
4.89889, -1647.59, 1095.37
5.72449, -730.678, 578.282
4.28836, 2538.77, -468.762
5.96794, -68.3168, 297.276
5.83428, -136.389, -360.855
3.22071, 750.769, -434.519
7.10415, 13.4702, 94.7423
4.22228, 735.895, 1993.79
6.66824, 110.026, 188.847
2.74349, 626.222, 125.142
3.27936, 659.865, -915.263
2.55765, 536.673, -80.4553
3.94327, 96.1697, -109.243
5.07295, -114.818, 131.725
3.65948, 386.289, -1906.56
2.75022, -154.935, 284.354
5.33091, 65.5882, -15.9685
6.69774, 175.751, -215.632
4.28763, 415.219, 323.416
4.3452, 296.785, 310.085
7.22226, 452.376, 67.8536
4.72425, -1129.2, 396.218
6.82086, 63.4046, -112.056
5.82654, 161.188, -203.022
5.79297, -493.042, 133.79
7.10736, 1510.28, -1119.92
5.11536, -1646.54, 1450.02
5.45229, -321.578, -522.823
5.79944, -271.3, -1584.1
4.24765, -1182.47, 647.727
4.11714, 599.887, -345.928
7.08984, 306.901, 187.768
3.08619, -2179.38, 780.767
7.31268, -273.214, 10.1147
5.17978, -118.131, -170.284
5.81447, -198.237, -92.736
5.48362, -2298.35, 1009.2
6.93363, -492.002, -437.946
6.67999, 102.369, 242.003
6.69339, 306.661, 154.072
6.85642, 71.541, 217.861
2.5002, 126.714, 1328.11
4.77274, -19.365, -276.513
4.25696, 1380.12, -45.7949
5.80713, 2154.01, -1829.88
6.22234, -156.221, 47.796
3.3821, -580.675, -2095.51
7.4621, -830.582, 1092.97
5.95466, -22.3658, 104.698
6.97862, -148.446, -209.521
3.51579, -864.755, -239.677
7.2356, -187.059, 686.006
4.88476, -2197.29, 1116.49
6.78578, -2011.1, 1278.64
6.41237, 8.51654, -324.476
5.70687, -1622.67, 1525.35
3.14521, -165.579, 847.595
5.77944, 234.362, -97.2402
3.09199, 38.2509, -230.22
3.88793, 1583.76, 247.302
6.65548, 297.155, 1565.63
6.14153, 1823.49, 2325.88
6.74348, 2012.87, -1499.9
3.43989, -477.527, -744.931
6.09602, 209.508, 214.057
4.25586, -118.592, 698.002
3.34555, 460.834, 769.663
4.52383, -2075.55, 300.283
4.20924, -169.253, -40.3026
6.67141, 229.452, 9.50952
3.9111, -1565.81, -2537.75
5.16766, 1475.27, 982.058
6.25085, 227.588, -317.379
4.62554, 62.2104, 73.8468
4.66964, 1263.57, -56.1416
3.03022, -1857.09, -956.758
6.4639, -434.301, -406.824
3.91232, 47.3816, -101.728
7.14264, 1845.11, 2462.9
5.37926, 279.714, 265.52
3.4895, 459.635, -527.576
5.99081, -129.978, -213.594
3.07265, -601.646, -593.734
4.22945, 436.786, 792.369
4.15646, 235.873, -415.818
6.42735, -2301.37, 1016.36
6.65775, 231.878, 316.883
4.21712, 1029.94, -501.628
4.2603, 463.578, 227.283
6.38197, -147.562, -65.3055
6.58658, -155.078, 31.7608
4.26157, 281.316, 57.4352
7.09559, -3.62828, 47.8523
3.2877, 714.809, 684.263
5.56029, 777.05, -513.002
5.54222, 39.0548, -59.0899
3.16647, 1370.76, 1602.68
3.51409, 1639.14, 2339.9
4.79457, 152.198, -105.165
3.48759, -703.894, 813.376
6.77118, 99.9384, -157.114
6.54562, -589.189, -529.598
2.80131, 1123.2, -1074.94
6.50584, 792.235, -2241.82
5.49597, 9.33491, -241.845
7.43182, 126.636, 52.2008
2.65919, -982.706, 189.643
6.8356, -1479.69, 1818.4
3.69109, 311.077, 530.25
3.6127, -205.509, -291.184
4.73907, 2847.25, 1320.67
2.61231, 397.758, -50.4338
6.79755, 20.2521, 43.3745
4.15902, 409.333, -2294.3
5.72195, -385.633, 28.1179
7.43521, 84.0067, -94.1981
5.30162, 304.664, 62.0712
4.74553, 86.6504, 53.8114
5.213, 68.8878, -133.018
2.90797, 515.801, -12.2039
3.99606, 1202.01, 1388.26
6.63964, -1890.29, -398.387
6.48936, -1750.42, 617.39
5.71048, 290.638, 85.1633
4.84105, 155.47, 275.909
7.15326, 483.158, 1377.05
5.08798, -624.644, -105.718
7.42924, -1944.2, 1259.83
5.94567, 123.86, 23.6187
6.19966, -0.917807, 63.4362
3.46323, 1056.28, 800.641
6.08881, 1468.49, -1056.5
6.11146, 673.818, 648.538
6.49298, 357.457, -24.5533
4.23216, -2231.44, 242.867
5.1481, 352.415, 320.306
3.19001, 658.491, -814.449
6.73218, 113.187, -65.5007
6.32766, -455.14, -41.593
7.5, -2309.68, 1010.55
4.24891, -3110.95, -1126.23
5.50367, 1107.11, 25.1962
3.50808, -130.956, 1858.74
6.2385, -1711.94, 266.097
6.49225, 213.257, 367.064
3.03505, 240.028, -31.9089
5.35813, 11.5796, 174.467
2.84683, -2443.86, 847.388
4.16036, 119.672, -123.746
5.80945, 82.8847, -259.433
5.27726, 330.694, 1884.27
7.12415, 45.968, -221.11
2.69832, 246.331, 1291.85
2.62083, 918.325, 963.662
4.61923, -138.076, -220.575
4.36987, 72.808, -283.97
2.93303, 1516.39, 1370.25
3.05403, 36.7765, -178.257
5.31992, -2044.22, 121.902
7.37269, 250.883, 0.587785
3.05066, -14.9781, -1956.04
5.99352, -1497.49, -1700.69
2.79674, 333.39, 1133.1
4.69755, 363.046, 54.9786
5.24651, -529.657, -447.302
3.45129, 4.75818, -160.417
7.36597, -136.482, 313.903
3.19593, 160.506, -77.177
5.48978, -1558.98, 307.3
7.12812, 249.633, -830.495
3.91116, 476.884, 243.853
6.8307, 196.703, 429.227
6.29598, 789.211, -970.99
6.10793, -88.0957, 175.479
3.34241, 280.266, 400.74
3.32882, 43.2067, -1212.24
3.39076, 172.811, 82.9703
5.87226, 49.3909, -175.446
4.83484, 158.565, -150.403
6.85219, 57.254, -10.6853
5.76023, -75.0808, 49.7317
5.80464, -198.858, -97.2188
2.58037, 146.592, -164.322
4.30596, 2494.36, 1513.11
3.72747, 12.9635, 17.7819
6.93086, 711.904, 922.979
5.23701, -3108.37, 41.7148
6.57209, 204.761, 289.66
5.24453, -726.398, -393.198
4.16156, -215.451, -81.0167
4.40213, -927.94, -1598.16
2.52389, -497.17, -76.4666
6.95226, -50.3499, -225.496
6.16955, -142.04, -150.388
6.04239, 302.11, -16.4917
5.1278, 1164.59, -1276.52
6.41065, 211.557, -312.606
3.42484, 162.371, 25.3606
5.72673, -11.0761, -25.5592
3.42178, 208.344, -98.9349
3.31214, -1076.39, 409.903
2.65594, 1070.25, 527.189
7.42716, 7.95264, -143.789
4.04559, -50.3831, 124.178
4.11075, 72.8737, -99.4024
5.51155, 77.9033, -111.642
2.89107, 2263.66, -201.051
3.93936, -99.191, -262.384
5.79307, 642.527, -838.235
7.36348, -93.4704, 183.052
7.27758, 1772.33, 637.036
7.42745, -136.866, 63.2028
7.30478, 203.075, 3.09275
3.0073, 201.847, -164.67
3.71505, 336.46, -394.004
6.91151, -129.96, -68.0591
5.28805, 332.131, 357.18
6.7669, 101.901, -204.054
7.49145, 862.759, -280.323
3.99751, -1909.11, 1097.19
6.33157, -3449.83, -1205.8
4.81901, -628.358, 214.173
6.8168, -153.526, -99.9575
6.99018, -225.162, -76.7662
7.377, 84.6534, -117.575
2.77405, -392.848, -12.7153
6.32605, 59.4654, -267.645
5.09219, 1023.6, -1414.44
3.46574, 198.809, 582.48
6.98252, 322.667, 172.076
6.38492, -307.12, 324.815
2.75968, -141.758, 44.6611
7.47331, 935.813, -1387.52
5.93659, 78.5888, -68.1824
5.94854, -201.083, -95.9428
6.57666, 1510.19, -683.853
7.05426, -17.0163, 53.1782
3.34218, 984.37, 2313.9
5.24183, 1530.26, -976.376
6.53351, 56.8924, 154.047
4.17803, 356.519, 588.616
5.53435, -72.4124, -717.617
6.59602, 671.178, -1300.27
7.3485, 177.1, -31.3611
6.29349, 9.39044, 401.187
3.72113, -78.6906, -354.729
5.80589, 36.7065, -2.36465
4.21574, 891.63, 321.657
7.27146, 16.6397, 21.6693
2.60828, 1087.53, -1671.19
4.54979, 885.322, -376.832
2.55789, -1183.82, 1707.15
3.04964, -35.1269, -47.0361
5.28259, 693.923, -981.547
4.45466, -0.602162, 183.662
7.20539, 224.704, 153.787
2.55572, -402.623, 428.866
6.22897, 74.4615, 449.091
3.84293, -223.703, -228.396
4.27153, 184.393, -191.237
3.45835, 2491.56, -2646.26
5.14832, -7.20856, -170.43
4.39478, -444.612, -2258.52
3.16407, -165.607, 161.851
4.26563, -372.141, -258.531
4.2497, -2312.98, 1172.73
7.41084, -1408.54, -924.753
5.25961, 376.513, 292.857
4.99918, -1393.84, -377.759
3.58531, 835.688, -1357.39
4.37311, 535.651, -138.96
6.78251, 1261.82, 1062.48
6.45578, -1247.49, 2392.82
3.9204, 1455.5, -1630.55
5.07645, 830.899, -576.591
6.79238, 85.8712, 0.957441
7.07844, 368.083, -92.4811
7.48941, -1111.74, -964.238
6.53177, -679.123, -439.762
5.22718, 208.81, 344.53
7.3461, -8.69585, -477.426
5.31931, 129.612, -160.386
4.03031, 673.407, -789.109
5.41853, 604.609, -209.871
2.91197, -141.064, 393.864
5.47382, -10.3147, 60.4878
3.31968, 1209.26, 2069.79
6.46527, 35.862, -270.31
2.95373, -682.422, 788.998
6.3072, 74.9637, 100.852
6.83996, 73.416, -142.297
6.40105, -129.328, -403.116
6.61399, -1286.09, -384.606
6.70974, 236.733, -50.2888
4.48328, 770.953, 562.652
6.508, 86.7393, 48.0609
6.56811, -6.34787, -62.3366
5.43493, 616.778, 1156.18
4.64621, 96.6352, 130.228
2.5002, 440.325, -573.496
5.31153, 137.473, 180.636
6.22632, 220.191, 335.141
3.89846, 1679.83, 885.489
2.93406, -277.929, -2265.39
3.5733, -488.894, -319.86
3.93296, 35.5763, -76.6788
4.86595, 574.594, -19.4783
6.95893, -1103.37, -948.094
5.91955, -365.536, 81.0045
3.54376, 95.9964, -204.864
6.67533, -36.5152, -47.2097
7.09218, -324.444, -132.505
4.48244, 579.342, -170.66
6.37858, 888.918, 508.937
5.68161, 190.315, 349.081
6.64746, 254.707, -386.197
3.40204, -490.585, -455.056
7.45927, 49.2102, -47.7662
6.70558, 496.231, -562.649
4.65177, -202.791, 601.227
4.38589, -328.424, 224.177
2.70802, -44.1445, 197.103
6.80715, 142.185, 121.461
6.62116, -1864.69, 1346.09
6.25052, 638.731, 995.547
3.55801, -43.7749, -62.275
4.31029, 146.869, 57.6439
4.43545, -45.9556, -267.403
7.32918, -1675.56, -1104.93
6.5872, 5.79593, -172.374
4.5755, -704.03, 109.663
5.83759, -130.895, -225.551
2.52101, -1959.36, 1731.27
6.98048, 79.4897, 88.4693
3.68416, 731.618, 331.16
3.79415, 153.453, -191.881
5.4939, 12.1407, 20.3762
6.89823, -946.355, 98.3324
6.16299, 431.283, -45.4921
6.0773, -843.867, -335.548
3.57724, 2724, -137.476
6.30413, -2014.06, 1504.9
3.85351, -8.56514, -80.9374
2.75246, 471.312, 200.972
4.78866, -310.989, 300.043
2.58759, 168.751, 148.714
3.01129, 2446.18, -1669.59
2.639, -303.787, 135.432
5.65921, -95.2919, -178.947
6.34425, -19.0164, 81.806
2.74132, -639.901, -544.883
6.6924, 438.364, 346.518
6.76899, 71.8117, 38.0657
6.57649, 625.045, -543.931
6.85188, -3.63642, -1933.39
5.27222, -56.8667, -32.8706
6.12646, 21.263, 1096.26
3.20424, -2183.27, 1519.79
6.6115, -114.166, -163.161
5.51185, -1214.48, -1609.35
4.93856, 100.677, -46.7489
6.14942, 19.4057, -145.093
4.05164, -1218.07, 689.488
3.93925, 204.174, -135.191
5.45857, 1229.37, -1490.9
5.34055, -1620.87, 750.662
5.41059, 1645.66, 997.912
2.84132, 401.698, -761.321
4.34304, -1170.73, 287.497
6.28475, -121.358, -114.612
6.35297, 803.537, 1515.95
4.27217, -11.0261, -189.102
5.98913, -11.3305, 38.0028
5.08005, 1275.85, 725.353
5.94494, 26.1371, 170.659
6.18066, -1275.32, -934.252
2.56231, -1394.84, -1165.81
7.16549, 57.4864, 34.6128
5.37826, -344.397, -127.454
3.05587, -685.449, 49.0159
4.87388, -87.5352, -43.6253
3.24247, 499.088, 367.168
4.22594, -3748.57, -886.08
7.04476, -8.68, -253.819
4.54571, 1501.01, -673.165
5.96642, -15.5644, 3.38478
3.35865, 212.644, 89.6678
6.21715, -1957.09, 791.754
4.16319, 117.974, -67.9308
4.62157, 78.5221, -109.825
2.79523, 201.977, -339.71
5.09005, 52.0576, 65.6229
5.94425, 93.7851, -603.268
5.01149, -55.0956, -154.036
6.56617, 126.855, 165.166
3.07974, 171.287, 191.993
5.24841, 766.161, 483.638
5.06046, 89.8284, -103.969
6.02649, -1083.28, -998.566
5.65083, -65.8246, 68.2511
4.0207, 114.383, 73.3206
6.74719, 162.182, 132.749
3.39619, 667.617, -1326.64
2.61737, -7.51461, -22.8803
4.19467, -106.074, 74.1202
3.43818, -1012.44, -964.275
6.60467, 53.3365, 4.33016
6.72507, 41.6881, 1696.46
6.78031, -1510.77, 977.549
7.37454, -80.0376, 44.6693
2.99587, -237.562, 73.1366
2.56182, -1582.86, -1351.82
2.58614, 107.057, -889.818
2.64527, -80.4403, -81.9851
4.1031, -1183.09, -1216.67
6.17815, -1481.91, 801.744
3.14876, 28.7608, -129.981
2.5161, -332.603, -14.6178
6.91905, -257.956, 1.2215
3.70482, 503.994, -400.199
4.38481, -367.916, -227.411
4.44879, 157.085, 134.537
2.81534, 1540.02, 611.85
7.30792, 458.812, 101.549
3.75349, 470.56, -451.269
6.85376, -21.059, 266.782
2.85991, 1170.94, -1669.55
2.70653, 1199.88, -1149.89
3.46378, 144.979, -188.456
3.86708, -749.046, -1330.77
7.4007, -0.720988, -19.0152
3.60607, 482.61, -2249.03
6.43119, 945.191, -1355.54
4.42306, -292.235, -150.668
3.78593, -1455.27, 1468.36
3.91087, -338.326, 186.647
7.33834, 201.735, 191.18
4.22841, 183.243, 185.208
3.45922, 358.517, -266.216
5.05037, -72.0659, 196.648
5.21857, 568.672, -2025.55
5.72333, 54.134, -272.708
3.89738, 738.564, -473.378
3.41887, -510.027, -377.857
2.71579, 1189.58, -1494.17
3.98408, 208.113, -483.287
4.25548, 1107.08, -124.593
7.09372, 296.586, -116.143
5.81225, 148.256, -138.951
5.08041, -1066.64, -914.682
4.03763, -63.6985, 76.313
3.0007, 1079.84, 1092.41
3.47502, 35.1103, 198.389
4.11407, 1414.31, 1663.16
5.56182, -332.6, 113.715
5.13511, 378.418, -303.533
3.45653, -449.928, 1040.88
4.7178, 2491.42, 1396.7
4.48693, 2788.24, -544.044
6.28051, -258.389, -139.803
6.6213, -92.7592, -92.5584
5.51573, -209.645, -854.472
3.04573, 177.559, 80.803
4.11797, 1363.99, -220.112
5.03403, 86.4845, 27.0769
4.76521, 377.9, 883.701
4.77315, 332.277, 43.9739
4.91125, 420.028, -63.3895
5.07896, -2157.92, 403.779
4.50207, -1046.06, -1106.54
4.22945, -86.4202, -92.3568
6.64533, 17.3196, 291.82
3.02204, 1448.57, -336.141
6.40057, -125.336, -119.178
3.19919, 122.557, 126.197
2.62171, 1649.45, 1977.9
6.0664, -127.613, 441.634
7.15538, -96.6915, -182.067
7.47667, 43.2868, -151.17
3.86264, 101.954, 82.3877
3.6923, -976.088, 604.927
3.87328, -162.805, -1429.05
5.70836, -72.4694, -277.048
5.17637, -206.873, -140.155
6.8967, -1343.62, 2180.19
6.75968, -50.8709, -324.68
2.98004, -111.566, 723.492
4.66818, -1.42454, 210.998
3.17045, 63.7047, 32.8014
5.86802, 108.727, -121.183
5.34964, 74.2319, -126.151
3.66474, 156.03, -1075.81
5.50306, 76.3852, -122.803
2.6551, 410.525, -379.928
7.08512, 233.701, -6.66872
3.82958, 750.838, 404.322
6.50016, 115.152, -33.1028
5.46389, 10.6979, 186.747
5.0822, 197.816, -0.619965
5.2567, -275.722, 124.415
3.47225, 253.629, -248.813
5.36152, -1321.01, -409.921
3.81992, -335.57, 2535.78
4.41648, 1071.24, -2392.83
2.73626, 42.2514, -54.6147
4.22823, -178.99, 74.7134
3.61594, -1459.26, 3123.52
3.81264, 99.1775, 79.9766
3.05141, 25.7077, -177.072
7.40088, -6.64111, -52.0233
5.93794, -840.143, -340.266
5.82158, 59.5711, -159.35
5.99501, 141.039, -76.2701
2.68746, 252.286, 209.631
3.6706, 149.245, 122.018
3.95397, -2220.7, -3357.06
3.50543, 63.4291, 80.8828
2.7177, -1227.63, 1613.75
2.56571, 718.142, -508.995
6.07297, 2588.27, -876.107
6.88348, 167.589, 152.188
5.35088, 811.548, -1611.46
6.92743, -1236.77, -1306.99
5.20042, 341.141, 25.2107
3.31357, -1071.8, 511.327
3.30492, -1192.54, -1185.17
7.19182, 177.047, -32.3186
3.45628, -92.7037, -146.641
3.15761, -1480.63, 161.887
4.41122, 114.464, -147.266
6.12674, -475.971, 1467.34
2.50651, -2807.22, -325.795
4.60222, 1980.13, -1190.7
5.18984, 825.937, 175.132
4.86596, 200.395, 462.427
6.33003, 761.535, -107.299
2.9396, 642.894, -48.2332
7.04284, 18.9236, 166.524
3.20818, 251.275, 533.776
2.54782, 121.116, -82.583
2.82267, 306.507, 90.7616
4.96742, 294.281, 273.018
5.40914, 109.416, -72.0018
4.03373, 1576.13, -2859.14
4.57091, 48.6892, -301.38
4.33401, 131.937, -18.5382
3.42687, 108.106, -1559.87
2.76788, -1049.99, -1333.4
4.47222, 195.193, 1.68928
3.98388, 555.493, 467.607
5.05388, -132.547, -354.867
3.75392, 1007.97, -1806
5.01589, 246.675, -260.172
2.51168, 1038.55, -248.594
7.01807, -2303.23, 1018.99
2.79181, 1662.17, 1538.93
5.17506, 53.997, 1504.39
3.95754, 1528.3, -719.84
7.3023, 148.736, -3.7324
4.73406, -1673.43, -818.343
5.08479, 0.894666, -32.5164
5.93861, -507.515, -516.663
2.72187, -153.665, -156.476
7.2946, 1717.71, -1342.64
5.70852, 37.1478, -52.6842
2.80215, -230.265, 139.663
3.33964, 118.988, -87.3191
5.76491, 0.404896, -341.21
6.19864, 128.791, 1334.49
3.57011, 234.325, 3.1892
4.31441, 125.503, -1192.93
6.56981, 751.888, -427.714
5.32057, 43.8283, -47.1992
7.45886, 57.0996, -87.5471
6.5669, -36.1719, -78.448
3.49157, 1402.03, -1945.09
2.50003, -37.356, -78.6599
4.62608, -1480.95, 1806.89
4.07406, 1168.72, 593.148
5.56218, -1734.11, 255.882
3.83351, 147.402, -43.0495
4.39881, 2.42282, 43.9362
5.43397, -147.35, -344.894
5.95636, 155.67, 167.928
7.26736, 72.651, 63.3077
4.89785, 24.3155, 31.5634
3.60319, -437.135, 377.479
5.33741, -351.803, -90.9292
6.09873, 82.3428, -37.7114
4.4953, 1329.59, -285.137
3.48326, 802.975, -430.752
6.66971, 235.571, -66.0631
5.59561, 586.768, -536.695
7.26866, -64.1645, -217.614
3.23222, 778.491, 594.847
5.38953, -43.5843, 27.8746
7.26796, 190.408, 269.48
3.62331, -2158.76, 1140.18
7.25137, -1.04228, -131.645
3.07874, 962.909, -421.586
2.58372, 89.5314, 155.906
3.90465, 229.253, -281.357
7.15042, 212.693, -304.416
3.04796, -1066.23, -404.823
6.77266, -92.0058, -352.206
5.68532, 130.831, 264.719
5.63853, 35.5405, 370.916
3.80589, -360.052, 968.354
5.13936, 632.069, -505.702
7.16608, -44.2417, -284.653
3.98055, -181.645, -5.58868
4.78006, 189.162, -68.556
6.35659, -286.706, 1958.71
4.17193, -840.487, -1941.07
6.31775, 2.26545, 42.5659
6.65892, -1178.05, 983.607
2.64618, 1331.89, -867.751
4.31315, 538.822, -134.605
4.16221, 186.255, 366.693
3.17675, 495.226, 222.427
3.00839, 569.968, -1793.17
5.11327, 204.729, 447.274
3.52046, 50.581, 449.196
5.00728, 177.194, 41.3423
5.1371, -2056.95, 1156.13
4.13422, 222.437, 44.7049
4.75888, -154.059, 266.375
6.85263, 461.406, -16.2213
4.72884, -29.9557, -69.1759
6.03726, -137.24, 129.149
6.83171, -1193.25, 241.204
6.5822, 110.871, -88.5893
2.67504, -1553.57, -639.684
3.8644, -246.784, 1333.48
5.21858, -26.004, 20.9178
3.19942, 441.392, -213.52
5.57408, 33.9773, -57.3583
3.29182, -53.7913, -623.191
4.41129, 365.535, -35.9959
5.94997, -95.325, -263.631
3.21128, 1918.85, -88.4482
5.65284, -92.8807, 34.2456
3.15973, -1380.3, -1126.26
7.13583, 61.1228, -10.8042
5.53465, 2113.06, -3252.86
5.50388, 607.71, -645.276
3.33635, 340.309, 116.299
3.301, -65.376, 786.112
5.91628, -79.0879, -20.1059
5.1456, 4.13389, 137.376
3.65264, -1190.97, 478.132
6.55373, 79.7431, 19.6508
5.76477, -109.296, -10.3328
4.08597, -315.615, -213.48
2.53953, 67.8606, 87.0329
3.49176, -109.725, -965.901
3.78831, -129.267, 660.453
3.03825, 724.028, 11.8489
3.49545, -629.716, 204.011
6.75079, -2341.58, 1299.19
6.63912, -2.9406, -16.7681
6.76813, 59.2548, -133.526
5.71027, -106.988, -134.845
3.6787, -1348.02, 1383.68
6.80638, 40.4665, 73.0824
5.4745, -107.3, 687.846
2.52745, -1061.57, -960.354
6.84925, -26.8262, -48.5237
7.37729, 289.206, 276.31
5.59653, -1099.63, -948.434
3.85574, -67.9235, 107.517
7.46973, 100.971, -179.074
4.60751, -869.812, 244.582
4.20537, 353.575, 141.378
4.80717, 45.7495, 210.108
4.44822, -547.091, -1554.33
4.613, -2169.11, -475.472
2.84879, 222.158, -90.1892
5.5153, 212.484, -107.21
7.36114, -391.765, 100.906
5.07406, 2.1354, 81.3132
7.45461, 180.44, -37.0868
5.84906, -1000, -2534.43
4.01716, -339.966, -288.567
3.47371, -842.416, -333.968
4.0109, 101.058, 114.324
4.93946, -243.565, -22.0742
4.72438, 107.966, 98.8011
5.7844, 86.0973, -82.2779
3.74227, 2494.53, 1511.94
4.72007, -870.839, -898.01
5.75894, -103.451, 35.8573
6.67472, -64.5293, 30.1137
6.03698, 365.321, 152.866
4.93928, -355.285, -194.562
6.72039, 601.968, 364.525
7.00296, 85.4636, -7.14942
6.33082, -246.353, -120.375
5.29453, -825.892, -299.348
2.70603, 719.997, 50.4366
5.46749, 832.836, -531.516
2.68674, 213.573, -1849.84
4.53488, -1.49652, -558.36
2.84243, -72.5575, 105.659
7.38558, -205.577, -39.5311
2.5956, 1237.19, 1529.29
6.60363, 49.2894, -156.979
5.2195, 1814.58, -1291.75
5.72828, -45.7426, -221.508
3.62934, 120.456, 375.022
2.733, -11.722, 1308.36
3.63154, 28.7764, -160.212
4.58371, 324.716, -1241.84
6.40126, 354.905, -259.385
3.72852, 669.152, -1297.67
4.81411, 200.506, -74.4063
6.14756, 485.667, -393.978
5.35237, 2300.27, -367.676
5.45997, -440.289, -844.579
4.98425, 206.604, 297.026
3.951, 177.111, -97.1354
4.71107, 244.016, -54.0142
2.53669, -1197.11, 2574.17
7.41683, 113.777, -80.373
2.52822, 141.577, -52.3927
4.8676, 887.151, 570.416
5.86497, 1585.18, 2596.41
