6.27803, -735.139, -987.443
3.5948, 56.6824, -91.6792
5.89648, 362.609, -900.531
5.09708, -243.389, 886.064
2.76731, -938.083, 650.652
2.53849, 342.254, 53.1527
4.58743, -848.58, -231.865
7.15218, 179.222, 380.063
2.95982, 48.7393, 691.807
6.00595, -160.709, 317.977
3.81226, 532.742, 811.662
4.14117, 471.279, -897.996
7.45519, 509.532, 256.558
7.41275, -495.325, -256.611
5.75759, 501.537, 441.526
6.92354, 261.623, -846.972
6.33247, -120.273, -451.536
3.87453, -500.925, -57.5559
4.93259, -666.739, -288.842
2.80282, 821.947, 777.137
5.08146, 5.55609, 798.52
4.96988, 963.324, -363.987
7.23882, -811.1, -469.666
4.42071, -15.1383, -836.407
5.14874, 820.36, -451.938
2.75042, 866.126, -53.7382
6.63909, 545.238, 542.869
5.94228, -953.895, -743.063
6.18112, 258.762, 733.655
6.94286, 976.89, 449.305
4.25508, -373.493, -536.827
6.72991, 182.727, 25.5416
3.84659, 664.143, -164.025
4.83959, 67.6564, -180.709
3.2686, -652.337, -440.141
2.66527, 619.771, 140.38
7.2768, -12.4773, 81.0918
6.95369, 110.995, 491.325
3.29884, 675.071, 245.089
3.15214, 428.128, -570.707
2.515, -453.45, -814.243
6.0491, -935.829, -175.318
3.40448, -502.487, 861.01
5.76029, 770.804, -358.25
4.42907, 368.47, -697.751
3.23766, -13.8218, -238.497
5.45054, 672.834, 170.265
3.24076, 135.858, 909.432
3.2091, -180.364, 958.873
4.94257, -490.14, 125.027
3.13015, 886.888, -67.8947
5.64635, -355.194, -593.671
5.60817, 298.669, -738.918
4.88216, -495.37, 598.024
2.64188, -564.858, -251.902
3.21011, -130.527, 803.538
3.15594, -182.482, 885.791
3.31099, -830.566, 747.453
3.76529, -267.052, -847.525
4.77654, 580.904, -746.716
6.54472, -93.4717, -298.726
3.57624, 301.507, 853.458
3.75063, 818.35, 364.896
5.02978, -58.8627, 719.193
6.27922, 637.936, 168.546
5.66369, 905.081, -65.8472
5.9449, 614.386, -136.94
7.27207, 965.137, 414.447
5.18713, -420.509, 723.644
4.57014, -779.571, 34.2272
4.70019, 750.32, 158.753
6.07821, 733.759, 457.632
6.20858, 404.333, 594.189
5.12494, 769.015, -956.977
6.06711, -861.51, -75.2417
5.91025, 332.53, -21.212
6.82941, 830.195, -596.8
3.19597, 82.1287, 770.15
3.57766, 963.137, -102.909
5.0733, -360.308, -115.567
4.83766, -113.61, 736.114
3.55759, -263.984, 609.515
5.65244, -690.687, 975.397
2.5044, -971.954, 202.085
4.09589, 450.654, 541.722
5.90281, 363.352, -142.188
6.0446, 668.156, -584.723
2.90869, -806.014, 652.032
3.56926, 256.472, 522.268
4.44412, -830.804, -569.764
4.44927, 908.067, 903.325
3.92018, 380.815, -460.419
4.6123, 561.143, 547.706
2.55658, -613.196, -436.702
3.72027, 929.83, -616.053
4.49072, -714.453, 655.918
6.64177, -649.265, 200.585
3.78584, 971.194, -692.221
3.59705, -801.966, -536.658
6.47385, 387.644, 267.95
5.8476, 499.136, 390.724
5.49108, -887.541, 287.353
5.99917, -366.838, -537.782
5.13062, 529.021, -757.111
4.14833, 188.947, 108.336
3.30844, -715.662, 399.274
6.56633, 715.555, -27.0145
4.08004, 481.876, 115.371
4.05369, 50.0757, -739.449
4.65424, 31.4923, 155.646
4.46509, -236.301, -472.722
4.43916, -55.1711, -135.708
4.34871, -831.547, -445.664
5.88118, 342.51, -495.472
6.10384, 447.992, 28.449
7.20082, -74.19, 886.249
5.08573, -79.8733, -358.677
5.5282, -191.301, 323.437
5.85049, -689.02, 987.673
5.11404, 77.7465, -304.789
3.87105, -937.862, 628.955
7.08924, 97.4289, 284.153
3.73367, 927.915, -457.576
4.77876, 380.448, 678.464
3.30374, -952.343, 645.173
4.68319, 410.354, 403.577
7.45767, 490.042, 179.955
6.26931, -436.96, 390.392
4.97846, -978.876, -652.873
7.01651, -652.988, -831.671
4.68213, 491.561, 556.886
5.09239, 166.851, -976.485
4.44866, 88.4488, -855.667
5.63431, -217.753, -567.971
5.19331, 410.746, 318.386
4.35955, 633.418, -437.121
2.54674, -373.914, 368.428
6.3794, 39.9605, -783.861
2.85317, -884.429, -563.501
3.98511, 441.936, -679.928
4.78581, -41.4191, -889.719
3.25156, -107.348, 35.4333
5.97819, 671.706, -434.33
4.15587, 361.13, 150.34
5.21197, 966.871, -875.726
2.64678, 727.981, -971.392
5.38086, -18.7479, -232.31
5.18133, 372.32, 470.223
7.36678, -764.425, -922.196
5.57063, -299.603, -614.045
5.26431, -741.398, 203.667
6.69051, -264.421, 899.482
3.75764, -500.339, 922.15
6.98957, 624.749, -127.578
5.97428, 501.849, -494.349
5.82752, -473.607, -94.2096
3.06838, -576.479, -780.912
3.37987, -973.425, 96.0307
2.91253, -136.502, 190.336
6.68103, -243.674, 367.328
2.64818, 930.642, -779.844
6.34719, -3.85271, -846.671
4.29829, -510.974, 865.527
6.24626, 8.41798, 527.812
6.28385, 364.082, 337.678
3.60834, -536.283, -917.279
5.58305, 304.901, 131.8
3.66846, -549.346, -247.552
6.22052, -671.281, 300.105
5.80997, -905.023, -684.221
4.9209, 921.925, -747.843
2.58972, 828.576, 233.485
4.98291, 447.518, 199.597
5.09587, -103.084, -879.446
4.71395, -863.305, 534.532
4.14528, -57.0213, 941.745
3.52671, 482.816, -105.95
7.19863, -239.501, -643.906
2.85168, -490.661, 928.75
3.30042, 51.3427, -733.1
6.70788, -782.401, 28.8648
4.13614, -163.177, -273.69
6.85942, 168.633, 428.681
5.99896, 668.73, 515.136
5.52801, 867.141, -217.916
4.77536, 81.4975, -244.9
2.91543, -501.774, -196.053
3.94883, -55.7471, -125.842
6.51009, -578.077, -780.031
6.81821, 340.247, 49.9617
3.81831, 418.787, -508.946
4.79881, -833.808, -237.659
4.95672, 618.515, -523.564
5.82344, -466.565, -982.947
7.31738, -628.643, -165.701
7.23022, 569.625, -746.887
2.81902, 223.304, -653.654
5.04829, -422.063, -297.014
6.13222, 666.604, 669.085
5.65882, 595.525, -336.014
3.26658, -912.526, -907.838
5.09652, -867.108, 528.971
3.52281, -552.89, 849.68
6.03231, 401.108, -819.539
6.05786, -470.766, -23.2539
3.66304, -561.147, -230.749
6.80594, -50.1679, -126.552
2.67122, -107.073, 944.03
6.26587, -936.224, 62.3633
4.14789, 635.771, 151.954
4.65309, 68.5729, -530.315
7.33455, 958.273, -195.364
4.05803, 730.138, 690.725
5.69762, 974.967, -695.846
5.95386, 877.066, -59.3148
5.36403, 72.3127, 625.33
6.60667, 895.039, -688.212
4.21807, -894.113, -674.948
5.09387, -817.945, -767.773
6.78438, 121.625, -944.882
6.18587, 335.869, 59.569
3.45992, -914.005, 374.151
2.83145, -307.918, 337.977
3.60828, 847.631, -716.258
3.33656, 167.854, -227.203
6.31172, 378.869, -922.686
5.44905, -840.448, 419.247
4.65223, 864.523, 863.557
7.09618, 657.228, 12.4052
5.09668, 443.679, 183.577
7.38058, -681.32, -25.4383
5.15714, -452.254, 144.359
2.98716, 334.515, 385.884
5.83983, 212.218, 100.413
5.44444, 139.048, -30.346
5.01137, -693.781, -125.202
2.75808, -925.773, 455.044
2.6753, -345.455, 31.8958
4.41484, -791.265, -527.78
5.55555, 180.993, 98.4176
5.06574, 541.086, 871.187
5.98498, 306.602, -25.8439
4.89891, -23.102, -186.712
3.88323, 67.8917, 423.508
6.01685, -438.246, 206.661
3.67701, 872.57, 52.9172
6.41501, 169.123, -186.109
6.60589, 357.009, 831.227
3.21842, -528.888, 51.0314
5.75757, -486.326, 809.466
3.87677, 866.296, -979.61
7.26215, -410.785, 714.689
4.58238, -748.146, 14.7397
3.03869, -126.149, 400.689
4.70633, -795.106, 530.44
6.28811, -428.787, -298.578
2.77803, -338.868, -315.291
3.51241, -25.6188, 142.4
6.82305, 937.775, -763.731
6.52456, -265.404, -2.76407
2.78861, -676.97, -668.962
4.40304, -65.6898, -702.301
4.56124, -137.482, 760.909
2.80071, -378.697, 302.405
7.09746, 810.683, 652.929
3.35398, 532.781, 810.096
6.51634, -927.552, 172.505
3.88599, 730.714, 50.6564
4.44586, 171.189, 737.309
7.19936, 56.7538, 623.428
6.24573, 165.348, -174.362
3.44774, -326.992, 757.187
6.89581, 433.368, 483.327
6.8953, 413.85, -844.321
3.30515, -803.703, -271.868
5.87346, -800.934, -163.218
6.89096, 629.772, 128.852
6.98262, 240.121, 516.577
3.06535, -22.1274, 751.279
5.93789, -239.293, -255.439
3.21651, -815.905, -781.825
3.6901, 410.64, -44.6266
5.64383, 939.166, -218.865
4.312, 817.816, 367.477
4.64437, 587.953, 717.06
4.91936, -10.9556, -835.912
6.20379, -3.84484, -111.581
3.23098, -371.563, 870.813
7.36238, -829.665, -760.388
7.3158, -504.777, -187.029
3.14741, -597.398, 661.979
5.3784, -314.471, -606.345
4.66439, 169.021, -128.252
5.50066, -228.824, -240.853
5.85098, -691.694, -110.979
4.5137, 397.099, 983.243
6.46691, 641.867, 688.914
4.89889, -969.827, -249.435
5.72449, 305.283, 275.184
4.28836, -248.524, 601.355
5.96794, -328.941, -220.347
5.83428, -416.439, -692.28
3.22071, -398.168, 713.676
7.10415, -970.683, 214.921
4.22228, 30.2917, -236.242
6.66824, -411.223, -467.369
2.74349, 273.253, -741.977
3.27936, -242.459, -68.8219
2.55765, 330.216, 504.604
3.94327, 119.609, 587.273
5.07295, -345.659, -171.727
3.65948, 680.533, 436.758
2.75022, -255.774, -81.4099
5.33091, -596.618, -837.418
6.69774, -149.77, 671.797
4.28763, -642.796, -438.242
4.3452, 163.634, 867.811
7.22226, 257.17, -72.5521
4.72425, -907.89, -174.778
6.82086, 492.026, 171.997
5.82654, -786.42, -733.531
5.79297, 172.182, 663.829
7.10736, -956.627, 958.496
5.11536, 958.576, -622.973
5.45229, 438.749, -441.559
5.79944, 667.171, 653.268
4.24765, 271.137, 466.037
4.11714, 346.535, 33.5686
7.08984, -101.892, 736.36
3.08619, 905.264, -444.335
7.31268, 662.836, -162.985
5.17978, 50.9286, -325.412
5.81447, 845.48, 631.953
5.48362, 903.32, -501.915
6.93363, -506.462, -741.937
6.67999, -651.191, -610.949
6.69339, 247.254, 200.952
6.85642, -208.12, 334.64
2.5002, -768.803, 332.453
4.77274, 260.644, 347.647
4.25696, -928.288, 174.781
5.80713, -257.134, 706.463
6.22234, -879.942, 153.216
3.3821, -129.52, -464.248
7.4621, 794.63, -806.744
5.95466, -926.761, 164.866
6.97862, 145.826, -9.10933
3.51579, 365.569, -141.56
7.2356, -461.871, -35.1083
4.88476, 882.349, -504.43
6.78578, 914.321, -747.223
6.41237, -973.155, -545.742
5.70687, 901.767, -909.98
3.14521, -721.406, 151.136
5.77944, 5.23733, 651.355
3.09199, 53.6763, 7.77636
3.88793, 330.964, 800.002
6.65548, -227.826, -224.157
6.14153, -749.588, -512.207
6.74348, -598.69, 295.117
3.43989, -758.708, -919.843
6.09602, 555.929, -281.848
4.25586, 154.768, 330.995
3.34555, -417.235, -701.586
4.52383, 324.003, -533.523
4.20924, 160.09, 766.172
6.67141, 375.241, -128.463
3.9111, 697.762, 584.614
5.16766, -666.405, -472.447
6.25085, 985.511, -850.873
4.62554, -689.721, -756.178
4.66964, -561.404, 550.518
3.03022, 855.698, -928.92
6.4639, -49.3655, -465.109
3.91232, -576.443, -480.136
7.14264, -584.352, -234.379
5.37926, 258.1, 514.039
3.4895, 830.142, -296.38
5.99081, 575.334, -735.991
3.07265, 493.933, -950.565
4.22945, 297.058, 780.521
4.15646, -584.494, -236.284
6.42735, 827.653, -956.525
6.65775, 458.79, -212.18
4.21712, -737.725, 753.578
4.2603, -274.894, 907.09
6.38197, 153.059, -809.236
6.58658, -10.7828, 687.114
4.26157, -133.53, 283.794
7.09559, -410.164, -302.433
3.2877, 501.757, 258.185
5.56029, -490.151, 569.408
5.54222, -398.445, 714.245
3.16647, -250.172, -740.252
3.51409, -740.557, -481.448
4.79457, -854.189, 502.039
3.48759, -518.358, 928.242
6.77118, -851.792, 384.241
6.54562, -760.134, -686.992
2.80131, -901.642, 880.654
6.50584, -721.312, 641.953
5.49597, -196.477, -540.93
7.43182, -887.165, 298.422
2.65919, -162.788, 638.784
6.8356, 929.299, -762.762
3.69109, 662.993, 343.259
3.6127, 158.514, 427.294
4.73907, -961.347, -555.734
2.61231, 862.674, -182.728
6.79755, -255.508, 4.85157
4.15902, 212.497, 586.558
5.72195, 302.451, 258.287
7.43521, -939.233, -485.624
5.30162, 284.526, -581.911
4.74553, -756.858, -246.486
5.213, 155.195, -724.533
2.90797, 773.32, -33.0264
3.99606, -822.502, -272.334
6.63964, 814.096, 667.106
6.48936, 623.043, 928.98
5.71048, -104.849, 680.175
4.84105, 628.706, 382.86
7.15326, -202.173, -603.209
5.08798, -243.761, -60.7519
7.42924, 795.693, -525.48
5.94567, -75.1758, -715.9
6.19966, -178.243, -461.773
3.46323, -393.554, -927.698
6.08881, -459.177, 616.515
6.11146, 569.869, -176.843
6.49298, 268.109, 152.973
4.23216, 254.646, -990.001
5.1481, -16.4998, -67.9569
3.19001, 716.611, -355.407
6.73218, -224.974, -227.231
6.32766, -78.885, -878.029
7.5, 925.6, -428.777
4.24891, 479.987, 978.976
5.50367, -598.69, 584.919
3.50808, -495.074, 80.8642
6.2385, 33.3191, 160.818
6.49225, 968.508, 216.821
3.03505, -704.308, 108.595
5.35813, -506.924, 46.7917
2.84683, 366.224, -348.867
4.16036, 726.818, 690.832
5.80945, 483.357, -705.304
5.27726, 173.86, -182.151
7.12415, 228.74, -11.5445
2.69832, -482.131, 223.273
2.62083, -307.928, 236.702
4.61923, 216.402, -654.26
4.36987, 461.625, 133.44
2.93303, -227.863, -245.704
3.05403, -160.829, 165.424
5.31992, 361.554, -340.835
7.37269, 55.0128, 738.297
3.05066, -41.8228, -882.908
5.99352, 99.1376, 973.183
2.79674, -51.4931, -735.183
4.69755, 834.204, -104.235
5.24651, 986.517, 713.55
3.45129, 688.112, -747.168
7.36597, 318.073, 323.459
3.19593, -683.983, -59.0582
5.48978, 922.334, -426.361
7.12812, -869.503, 703.447
3.91116, -70.3759, 889.277
6.8307, -151.344, -89.4265
6.29598, -219.953, -595.417
6.10793, 356.391, 614.532
3.34241, -365.976, 363.268
3.32882, 817.713, 365.929
3.39076, -647.443, -982.885
5.87226, 332.568, -597.701
4.83484, -348.234, 35.9925
6.85219, -806.557, -357.643
5.76023, -692.083, -119.973
5.80464, 752.269, 871.123
2.58037, -658.706, -617.121
4.30596, -773.142, -669.922
3.72747, 918.133, 104.62
6.93086, -930.371, -944.159
5.23701, 820.803, 780.875
6.57209, -29.5262, -636.491
5.24453, 176.499, 861.243
4.16156, 505.415, -53.1773
4.40213, 20.0462, -653.725
2.52389, 925.729, 650.295
6.95226, -89.5964, -397.632
6.16955, -492.326, 682.745
6.04239, -153.585, 652.461
5.1278, 66.562, -180.913
6.41065, -187.696, -809.917
3.42484, -390.823, -470.342
5.72673, 255.385, 521.388
3.42178, -683.129, -336.035
3.31214, 56.877, -97.5633
2.65594, -182.091, 847.444
7.42716, 131.172, -666.529
4.04559, -328.715, -711.114
4.11075, -674.22, -303.983
5.51155, 280.226, -235.662
2.89107, -328.61, -917.495
3.93936, -7.05551, 74.0296
5.79307, -130.539, -490.233
7.36348, -983.063, -349.861
7.27758, -362.947, -790.573
7.42745, -674.185, -300.739
7.30478, -906.947, -752.898
3.0073, -557.632, 559.706
3.71505, -130.248, -490.288
6.91151, 101.131, -429.036
5.28805, 339.605, 693.593
6.7669, 799.664, 517.083
7.49145, -534.138, 529.121
3.99751, -259.307, -484.436
6.33157, 960.54, 477.247
4.81901, 287.684, -146.746
6.8168, -636.568, -787.286
6.99018, 856.709, -0.512628
7.377, 256.887, -413.276
2.77405, 641.818, 108.651
6.32605, 929.752, -619.656
5.09219, -928.738, 738.226
3.46574, 917.361, -227.08
6.98252, 203.092, -546.018
6.38492, -842.183, 94.5923
2.75968, 413.21, 538.681
7.47331, -845.894, 760.613
5.93659, -11.1587, -456.029
5.94854, 884.572, 496.463
6.57666, -654.817, 806.714
7.05426, -38.3779, -445.166
3.34218, -201.394, 397.726
5.24183, -581.611, 801.333
6.53351, -498.236, -258.991
4.17803, 337.308, -545.064
5.53435, -105.53, 26.135
6.59602, -941.013, 333.842
7.3485, 80.0856, -252.901
6.29349, 579.153, 494.821
3.72113, -168.466, -90.6454
5.80589, -571.711, 400.254
4.21574, -451.151, -189.255
7.27146, 373.526, -393.905
2.60828, 800.698, 553.767
4.54979, -890.044, 941.533
2.55789, 582.935, -671.691
3.04964, 830.507, 195.022
5.28259, -829.293, 98.4507
4.45466, -6.55999, -228.06
7.20539, 117.12, -182.952
2.55572, 179.305, 381.39
6.22897, -217.196, -439.802
3.84293, 108.782, 120.363
4.27153, -668.542, -760.115
3.45835, -446.866, 625.847
5.14832, 294.036, -165.304
4.39478, -52.6349, -859.827
3.16407, -10.3465, -805.15
4.26563, -131.824, -558.092
4.2497, 782.466, 979.73
7.41084, 624.782, -132.632
5.25961, 152.332, -371.092
4.99918, 15.8358, -718.471
3.58531, -833.956, 450.084
4.37311, -248.832, -645.663
6.78251, -662.085, -468.519
6.45578, 796.732, -525.525
3.9204, -492.655, 924.5
5.07645, 436.39, 104.351
6.79238, -285.127, -17.2807
7.07844, -935.013, -175.605
7.48941, 130.411, 907.711
6.53177, 172.933, -180.898
5.22718, -894.255, -178.834
7.3461, 157.521, -724.702
5.31931, -584.024, 362.628
4.03031, -422.557, 653.572
5.41853, 956.305, 943.793
2.91197, 56.4549, -324.496
5.47382, 362.861, 609.522
3.31968, -596.667, -591.146
6.46527, -619.254, -434.477
2.95373, 581.699, 729.984
6.3072, -503.438, -679.233
6.83996, -233.856, 26.3294
6.40105, 186.762, -334.06
6.61399, 908.38, 959.157
6.70974, 371.566, 550.884
4.48328, 505.474, 258.526
6.508, -156.441, 170.381
6.56811, 378.094, -42.9754
5.43493, -408.196, 99.3074
4.64621, 791.825, -46.1854
2.5002, -43.3686, -459.565
5.31153, -812.19, 318.542
6.22632, 339.683, 345.259
3.89846, 962.403, 283.738
2.93406, -978.211, 563.527
3.5733, 853.314, -878.124
3.93296, -480.317, 569.56
4.86595, -400.264, 470.759
6.95893, 842.857, 819.567
5.91955, 520.043, -506.985
3.54376, -44.8903, -73.0726
6.67533, 790.226, 9.42065
7.09218, 913.382, 911.154
4.48244, -477.336, -696.771
6.37858, 541.188, 521.829
5.68161, -152.907, -88.2274
6.64746, 482.274, 283.89
3.40204, 550.494, -471.247
7.45927, 575.231, -747.386
6.70558, -155.611, -843.342
4.65177, 884.356, 262.775
4.38589, 595.694, 883.484
2.70802, 649.102, -503.49
6.80715, -788.828, -520.538
6.62116, 916.711, -891.809
6.25052, 13.0418, 728.791
3.55801, -165.657, 983.229
4.31029, -780.93, -190.907
4.43545, -587.062, -791.141
7.32918, 788.418, 630.442
6.5872, -159.757, 643.763
4.5755, -80.31, 447.335
5.83759, 199.572, 177.273
2.52101, 474.554, 979.438
6.98048, -739.266, 249.98
3.68416, -344.255, 353.973
3.79415, 351.304, -88.6954
5.4939, 402.309, -706.042
6.89823, -831.242, 368.176
6.16299, -558.004, -584.601
6.0773, 903.613, 568.936
3.57724, -604.48, 481.453
6.30413, 679.774, -954.549
3.85351, -164.255, -552.237
2.75246, 661.1, 333.214
4.78866, 274.487, 246.482
2.58759, 444.388, -772.794
3.01129, 66.8324, -180.065
2.639, -134.198, 285.793
5.65921, -343.713, -518.199
6.34425, 79.6551, -251.885
2.74132, 526.453, -835.607
6.6924, -52.122, -630.769
6.76899, -262.243, -310.406
6.57649, -452.213, 576.466
6.85188, 792.818, 401.981
5.27222, -625.257, -155.114
6.12646, -288.462, 51.2023
3.20424, -518.352, 917.475
6.6115, 585.21, -525.44
5.51185, 727.237, -195.32
4.93856, 504.457, -914.433
6.14942, -284.736, 939.113
4.05164, 757.021, -666.929
3.93925, -699.793, 350.208
5.45857, -944.344, 800.834
5.34055, 646.657, 872.304
5.41059, -934.49, -570.256
2.84132, -687.441, 283.269
4.34304, 149.448, -386.751
6.28475, -925.674, -573.435
6.35297, -447.928, -869.346
4.27217, -393.532, -255.403
5.98913, 237.62, 925.98
5.08005, -660.745, -285.902
5.94494, 385.8, 136.018
6.18066, -81.6301, 617.25
2.56231, -340.847, -670.785
7.16549, 618.466, -135.296
5.37826, 129.767, 124.208
3.05587, 471.548, 973.495
4.87388, -96.218, 39.1803
3.24247, 201.092, 99.6147
4.22594, 50.8831, 444.257
7.04476, -927.988, 166.366
4.54571, 10.8937, 524.596
5.96642, -674.202, -65.3555
3.35865, 377.703, -937.066
6.21715, 877.633, -502.95
4.16319, -426.378, 648.364
4.62157, 659.622, 313.472
2.79523, -138.91, -106.17
5.09005, 288.787, -225.655
5.94425, 470.716, -578.651
5.01149, -260.801, 5.49075
6.56617, -170.339, -747.557
3.07974, 84.282, -931.776
5.24841, 285.727, 460.458
5.06046, 403.88, 20.4913
6.02649, 965.112, 441.065
5.65083, -238.109, 873.865
4.0207, -29.5539, -651.33
6.74719, 399.303, 365.732
3.39619, 610.951, -25.3198
2.61737, -525.817, -99.8566
4.19467, 722.316, 46.8704
3.43818, 356.559, -98.688
6.60467, -291.649, 171.095
6.72507, -895.197, -169.481
6.78031, 845.614, -714.788
7.37454, -953.233, 649.775
2.99587, 463.488, -446.757
2.56182, 564.944, 652.79
2.58614, 224.996, 575.087
2.64527, 247.248, 97.6452
4.1031, 143.644, -385.005
6.17815, 624.562, 300.47
3.14876, 340.857, 478.827
2.5161, -369.462, 503.49
6.91905, 140.242, -788.944
3.70482, 228.042, -568.08
4.38481, -813.117, 770.663
4.44879, 624.573, 180.026
2.81534, 597.297, 293.005
7.30792, 183.97, 945.721
3.75349, 724.021, -341.646
6.85376, -678.845, -76.5692
2.85991, -913.115, 419.384
2.70653, -616.346, 563.645
3.46378, 353.611, -521.497
3.86708, -308.234, 303.05
7.4007, -949, -364.25
3.60607, 325.778, -533.715
6.43119, -873.537, 851.761
4.42306, 296.118, -419.501
3.78593, 476.088, -634.925
3.91087, -930.411, 54.0798
7.33834, 865.588, -41.7773
4.22841, 758.177, 165.591
3.45922, -975.153, 735.449
5.05037, -547.371, -378.124
5.21857, -554.117, 630.087
5.72333, -661.407, -607.468
3.89738, -8.22168, 793.354
3.41887, -297.165, -713.462
2.71579, -828.947, 364.173
3.98408, -503.269, -266.603
4.25548, -231.042, 138.845
7.09372, -426.32, 703.498
5.81225, 497.908, -358.34
5.08041, 865.392, 578.046
4.03763, 609.674, 582.326
3.0007, -348.923, 153.002
3.47502, 377.745, -879.207
4.11407, 30.3735, -126.756
5.56182, 954.102, 87.4963
5.13511, 956.598, -978.477
3.45653, 265.364, 280.343
4.7178, -629.537, -422.605
4.48693, -703.078, 846.818
6.28051, -603.767, 744.647
6.6213, 734.583, 602.58
5.51573, 142.762, -347.801
3.04573, 605.558, -821.845
4.11797, 483.752, -165.15
5.03403, 10.7136, 316.465
4.76521, -652.878, 809.212
4.77315, -179.081, -446.343
4.91125, 929.611, 919.357
5.07896, 367.651, -650.37
4.50207, 202.925, 823.192
4.22945, 975.369, 480.318
6.64533, 931.176, -236.315
3.02204, -727.024, -791.109
6.40057, 578.989, 560.716
3.19919, -296.612, -238.198
2.62171, -791.31, -522.279
6.0664, 404.679, -745.418
7.15538, 142.031, -826.062
7.47667, 192.392, 173.872
3.86264, -872.104, 152.755
3.6923, -479.912, -259.052
3.87328, 954.927, 617.623
5.70836, -903.484, -729.368
5.17637, 308.323, 149.269
6.8967, 821.728, -293.095
6.75968, -669.924, -827.362
2.98004, 895.125, -47.084
4.66818, -738.471, 219.552
3.17045, -200.858, -752.489
5.86802, -172.505, 306.041
5.34964, -51.9456, -468.072
3.66474, -612.79, 576.249
5.50306, 264.505, -684.485
2.6551, -796.306, -25.8255
7.08512, 565.098, -307.995
3.82958, 858.407, -173.396
6.50016, -181.146, -511.365
5.46389, 156.266, -726.776
5.0822, 337.205, 629.568
5.2567, 327.699, 634.914
3.47225, 495.596, -236.793
5.36152, 131.372, -738.737
3.81992, 208.642, 399.806
4.41648, -766.756, 538.005
2.73626, -760.638, -897.244
4.22823, 585.188, -673.081
3.61594, 657.137, -426.219
3.81264, 19.3804, -725.929
3.05141, -427.136, -405.844
7.40088, -703.127, 15.3499
5.93794, 796.047, 635.163
5.82158, -547.545, -375.892
5.99501, -599.074, -670.522
2.68746, -830.536, -762.439
3.6706, -631.389, -746.401
3.95397, 736.878, 688.038
3.50543, -24.7711, -245.375
2.7177, 353.697, 342.692
2.56571, -527.501, 525.215
6.07297, -523.124, 765.049
6.88348, -867.287, -619.635
5.35088, -885.27, 274.937
6.92743, 860.41, 853.655
5.20042, -358.007, -278.034
3.31357, 928.278, -642.038
3.30492, 950.89, 441.833
7.19182, 309.767, 283.38
3.45628, 549.584, -845.062
3.15761, 3.14914, -99.346
4.41122, -301.214, -9.13875
6.12674, 259.759, -257.066
2.50651, 541.082, 867.854
4.60222, 26.6769, 734.439
5.18984, 297.382, -215.976
4.86596, -237.227, 245.341
6.33003, 546.541, 864.605
2.9396, 556.149, -456.493
7.04284, 139.981, 321.796
3.20818, -858.409, -401.81
2.54782, 422.681, -47.7467
2.82267, 258.598, 516.634
4.96742, 380.422, 221.813
5.40914, 525.664, 969.213
4.03373, -942.495, 543.589
4.57091, 891.845, -67.2494
4.33401, -578.924, -683.01
3.42687, 167.684, 663.214
2.76788, 625.584, 194.266
4.47222, 536.164, -64.5683
3.98388, -346.753, -132.937
5.05388, -394.894, 817.676
3.75392, -706.251, 228.295
5.01589, 952.904, 888.802
2.51168, -1.86142, 777.156
7.01807, 986.027, -446.773
2.79181, -908.751, -941.64
5.17506, -675.294, 808.589
3.95754, -379.552, 868.763
7.3023, -799.003, -262.747
4.73406, 323.261, -108.687
5.08479, 886.957, 169.233
5.93861, -249.643, 35.5108
2.72187, -160.28, 72.5595
7.2946, -794.575, 604.312
5.70852, 370.968, 156.143
2.80215, 621.563, -774.634
3.33964, 53.178, 267.078
5.76491, 488.506, -241.358
6.19864, -769.551, 337.806
3.57011, 847.367, 204.667
4.31441, 153.727, -861.774
6.56981, -647.122, 929.877
5.32057, 807.979, -469.777
7.45886, -48.5813, -879.115
6.5669, -763.163, 391.814
3.49157, -986.438, -22.0891
2.50003, -140.979, -832.375
4.62608, 938.237, -764.009
4.07406, 854.784, 209.344
5.56218, 605.426, -928.13
3.83351, -189.369, -539.593
4.39881, -594.022, -63.5223
5.43397, 949.245, 302.221
5.95636, -139.82, -503.301
7.26736, -453.932, -568.175
4.89785, -293.387, -946.864
3.60319, 382.096, -720.662
5.33741, -718.264, -452.426
6.09873, 421.632, 361.343
4.4953, -494.241, 552.69
3.48326, -691.366, 970.462
6.66971, -668.73, -756.34
5.59561, -449.85, -863.907
7.26866, -285.244, 185.3
3.23222, -14.0466, -266.773
5.38953, 36.011, -456.494
7.26796, -387.648, 710.695
3.62331, 716.888, -980.562
7.25137, -495.214, 794.835
3.07874, 785.139, -504.99
2.58372, 30.8007, -250.57
3.90465, -353.954, -167.092
7.15042, 634.036, 178.707
3.04796, 762.452, 876.676
6.77266, 25.1495, 818.491
5.68532, -722.344, -728.822
5.63853, 404.918, -710.123
3.80589, 722.924, 737.104
5.13936, -952.577, 211.956
7.16608, -273.126, 891.739
3.98055, 918.279, 113.625
4.78006, 159.61, 442.222
6.35659, -659.44, -603.055
4.17193, 118.636, 122.828
6.31775, -39.9689, -927.74
6.65892, -30.5718, 939.711
2.64618, -724.52, 566.62
4.31315, 712.092, -265.96
4.16221, 276.61, 462.887
3.17675, -513.771, -291.049
3.00839, -304.226, 622.374
5.11327, -606.987, 807.968
3.52046, 30.6727, -529.298
5.00728, -863.393, -620.674
5.1371, -6.48864, 963.494
4.13422, -262.883, -293.335
4.75888, 227.567, -439.053
6.85263, -6.19347, 966.552
4.72884, 639.599, 863.836
6.03726, -457.312, -908.994
6.83171, 905.474, -697.275
6.5822, 858.298, 212.166
2.67504, 884.759, 840.193
3.8644, -648.271, -239.03
5.21858, -420.865, -430.022
3.19942, -955.141, -557.847
5.57408, -771.12, -930.873
3.29182, -667.678, -604.534
4.41129, 100.6, 219.991
5.94997, -94.9007, 188.38
3.21128, -394.774, 466.238
5.65284, -783.988, 787.295
3.15973, 192.435, 935.741
7.13583, -734.974, 243.203
5.53465, -936.123, 783.859
5.50388, -928.651, 379.972
3.33635, 588.694, -526.194
3.301, -866.295, -397.578
5.91628, 615.197, -26.7631
5.1456, -704.758, -11.1745
3.65264, -140.586, 792.482
6.55373, -505.62, -54.6219
5.76477, -418.393, -557.517
4.08597, -572.032, -591.487
2.53953, -260.352, -810.934
3.49176, 729.485, 728.472
3.78831, -5.66337, 380.446
3.03825, 879.676, 38.7267
3.49545, 127.063, -426.921
6.75079, 803.769, -769.88
6.63912, -966.599, 216.328
6.76813, -967.317, -556.418
5.71027, 291.503, 777.295
3.6787, 717.722, -981.26
6.80638, -502.802, -803.255
5.4745, 35.3398, -106.967
2.52745, 503.848, -36.8802
6.84925, -659.597, -470.356
7.37729, 648.143, 99.4032
5.59653, 375.456, 16.0136
3.85574, -926.785, 380.776
7.46973, -163.266, -626.318
4.60751, -717.563, -525.045
4.20537, -792.218, -613.219
4.80717, 375.941, -129.925
4.44822, 261.583, -382.777
4.613, -45.7259, 514.283
2.84879, 130.01, 291.222
5.5153, -52.6903, -134.656
7.36114, -49.8322, 227.471
5.07406, -697.669, -529.938
7.45461, 947.981, -136.949
5.84906, 617.966, -129.622
4.01716, -604.537, 68.6022
3.47371, 866.609, 577.81
4.0109, -713.302, -929.665
4.93946, -336.426, 459.49
4.72438, 531.633, 984.641
5.7844, 322.289, -933.155
3.74227, -772.21, -667.536
4.72007, 54.0842, 553.684
5.75894, -692.634, 45.7927
6.67472, -716.71, 192.992
6.03698, 191.046, 809.341
4.93928, -865.658, -614.943
6.72039, 397.906, -235.068
7.00296, -516.637, -194.286
6.33082, -653.839, -520.848
5.29453, 632.488, 854.111
2.70603, -12.4822, 81.7018
5.46749, 561.915, 67.1824
2.68674, -669.647, 809.943
4.53488, 30.343, 436.888
2.84243, -969.782, -878.741
7.38558, -769.549, -882.93
2.5956, -512.002, -238.361
6.60363, -156.842, -266.283
5.2195, -390.361, 861.147
5.72828, 787.006, -333.321
3.62934, -259.301, 38.4615
2.733, 835.719, -702.377
3.63154, 207.078, -549.946
4.58371, -633.696, 134.152
6.40126, 264.185, -628.414
3.72852, -924.788, 371.527
4.81411, 648.184, 99.518
6.14756, 927.216, 289.567
5.35237, -331.477, 811.96
5.45997, 930.755, 908.221
4.98425, -933.237, 279.327
3.951, 473.638, 119.557
4.71107, -13.5123, -237.962
2.53669, 850.577, -397.484
7.41683, 499.179, -358.887
2.52822, -800.56, -165.717
4.8676, -118.892, 747.101
5.86497, -312.303, -123.163
