6.27803, -2153.37, 1156
3.5948, 165.314, 1340.63
5.89648, 824.664, -303.084
5.09708, 156.818, 154.084
2.76731, 3738.85, -3913.63
2.53849, -973.479, 1044.47
4.58743, 5272.73, 3097.77
7.15218, 9.75607, 52.1049
2.95982, -443.123, 755.465
6.00595, 616.598, 402.33
3.81226, -64.6665, -155.668
4.14117, 226.514, -42.5709
7.45519, -59.6951, 20.5261
7.41275, 40.7388, -33.8674
5.75759, 820.446, 134.401
6.92354, 156.899, -48.9371
6.33247, -8.96825, -156.35
3.87453, -1670.1, -458.957
4.93259, -981.396, -747.789
2.80282, -4729.17, 1056.75
5.08146, 350.85, 31.6455
4.96988, -3342.32, 1167.6
7.23882, -50.4541, 51.022
4.42071, 147.457, 59.8566
5.14874, -2652.63, 748.452
2.75042, -309.518, 3411.78
6.63909, -417.728, 24.9497
5.94228, -537.428, -315.831
6.18112, -317.395, -138.847
6.94286, -2605.18, -2395.22
4.25508, -174.315, 515.781
6.72991, 202.41, 165.129
3.84659, -336.737, -253.696
4.83959, 12.1263, 111.052
3.2686, -121.5, -112.894
2.66527, 260.225, 484.579
7.2768, -1292.72, -905.498
6.95369, 213.199, -563.544
3.29884, -1043.5, 202.889
3.15214, -111.314, 60.4716
2.515, 2164.46, -341.24
6.0491, -76.1782, -321.593
3.40448, 1244.62, 193.006
5.76029, 196.105, 71.7458
4.42907, 549.022, 341.93
3.23766, 1061.07, 1332.21
5.45054, 72.2424, -261.175
3.24076, 2094.5, -1036.72
3.2091, -1762.51, -1115.54
4.94257, 487.714, 143.515
3.13015, -748.665, -390.803
5.64635, -416.319, 167.801
5.60817, 77.0734, -133.052
4.88216, 2369.95, -3278.55
2.64188, 596.081, 648.175
3.21011, 2912.14, -502.851
3.15594, -70.1235, -273.948
3.31099, 1183.13, -1791.09
3.76529, -744.8, 138.899
4.77654, -3287.49, 1740.14
6.54472, 282.45, 322.546
3.57624, 107.338, -136.875
3.75063, 116.423, -93.2363
5.02978, -337.349, -782.851
6.27922, 6.70955, 80.8776
5.66369, -1110.82, -2425.92
5.9449, -1825.05, -1230.19
7.27207, -202.24, 32.4538
5.18713, 3351.85, -1706.57
4.57014, 74.2539, -675.854
4.70019, -286.342, -460.055
6.07821, -1397.72, -1582.55
6.20858, -1830.99, -1514.05
5.12494, -2314.28, 1946.52
6.06711, -7.81986, -56.2434
5.91025, -38.6871, 89.2829
6.82941, 1602.48, -1217.77
3.19597, 768.361, 1325.85
3.57766, -120.364, 71.128
5.0733, 624.034, 1241.34
4.83766, 78.7664, -255.973
3.55759, 2457.48, -2521.21
5.65244, 457.106, -291.541
2.5044, 1974.6, -2824.86
4.09589, -458.634, -2265.87
5.90281, -34.8788, -77.1569
6.0446, -12.7037, -104.576
2.90869, 537.14, 333.696
3.56926, -778.266, -204.958
4.44412, 439.814, -147.036
4.44927, -2783.73, -986.841
3.92018, 101.39, -292.958
4.6123, 10.5127, 15.1491
2.55658, -774.991, 38.4009
3.72027, -3498.95, 1901.28
4.49072, -1242.6, -2555.07
6.64177, -490.483, -287.658
3.78584, -368.435, 669.912
3.59705, -1198.86, 3.01163
6.47385, 149.328, 30.7313
5.8476, -451.331, 198.264
5.49108, 287.439, -347.748
5.99917, 1962.75, 1165.89
5.13062, 266.812, 31.5228
4.14833, 215.24, 454.277
3.30844, 3659.81, 622.999
6.56633, 52.7871, 104.802
4.08004, 494.431, 473.364
4.05369, -443.6, 123.126
4.65424, 27.087, -140.979
4.46509, -206.08, 317.09
4.43916, 27.4443, 7.76416
4.34871, -111.028, 721.014
5.88118, 242.599, 99.1695
6.10384, 665.05, -143.864
7.20082, -1805.08, 522.365
5.08573, 29.1275, 34.7043
5.5282, 607.182, 406.498
5.85049, 1183.07, -1784.95
5.11404, 186.068, -225.948
3.87105, 453.201, -624.964
7.08924, 149.527, 30.2205
3.73367, -145.058, 30.6487
4.77876, 192.61, 892.294
3.30374, 83.7442, -139.033
4.68319, 214.521, -112.848
7.45767, 188.693, 0.104334
6.26931, 2410.15, -2550.59
4.97846, 150.389, 207.058
7.01651, 135.595, -122.322
4.68213, -736.064, 45.6674
5.09239, 1562.4, -1333.87
4.44866, -1361, -2050.03
5.63431, 290.348, -63.0976
5.19331, 56.3185, 31.1825
4.35955, -171.64, 607.73
2.54674, -238.761, 285.507
6.3794, 211.445, -214.651
2.85317, -370.357, -378.025
3.98511, 147.772, 541.908
4.78581, 265.647, -140.108
3.25156, -48.214, 95.7227
5.97819, 88.0853, -182.398
4.15587, -335.888, -354.797
5.21197, -2124.74, 3787.01
2.64678, -2366.92, -1232.99
5.38086, 156.942, 117.303
5.18133, 321.1, -235.643
7.36678, -548.802, 104.519
5.57063, 170.527, -38.6429
5.26431, 1738.85, -2874.93
6.69051, 1080.05, 275.62
3.75764, 8.5324, -350.845
6.98957, 74.4608, -243.996
5.97428, -177.242, 57.971
5.82752, -96.1982, 1809.57
3.06838, 151.288, 163.785
3.37987, -783.99, -783.627
2.91253, -920.238, 1634.34
6.68103, 181.071, 340.474
2.64818, -116.349, 2220.14
6.34719, 504.053, -186.97
4.29829, 254.081, -2444.45
6.24626, 781.033, -15.0971
6.28385, 54.5048, 71.9154
3.60834, 2046.01, -772.647
5.58305, 80.9092, 103.182
3.66846, -517.6, 123.546
6.22052, 41.0949, -2399.69
5.80997, -402.944, -722.222
4.9209, -2185.12, 3844.92
2.58972, 627.698, -170.512
4.98291, 37.6697, -297.303
5.09587, -36.9229, 16.2869
4.71395, 716.672, 2274.67
4.14528, -1786.16, 827.035
3.52671, 103.867, -137.247
7.19863, -142.082, 1294.44
2.85168, 1076.61, 1973.26
3.30042, 453.744, -214.195
6.70788, 394.752, -783.109
4.13614, 170.431, -473.334
6.85942, 985.417, 232.091
5.99896, 205.033, 66.5602
5.52801, -37.527, 325.173
4.77536, -46.3882, 239.046
2.91543, 849.378, 787.351
3.94883, -2274.57, -864.466
6.51009, -56.009, 60.5919
6.81821, 217.831, 581.217
3.81831, -3081.9, 242.132
4.79881, -551.187, -240.75
4.95672, -60.4283, -228.103
5.82344, 1154.66, -1862.18
7.31738, 195.378, 4.38039
7.23022, 459.589, 230.925
2.81902, 1284.69, -440.38
5.04829, -866.033, -358.144
6.13222, 283.288, 73.5655
5.65882, 89.6392, 103.581
3.26658, 17.743, -42.6119
5.09652, 716.08, 2276.92
3.52281, 3767.92, -1233.59
6.03231, 313.63, -28.6581
6.05786, -707.998, 3992.03
3.66304, 212.08, -616.774
6.80594, 82.7376, 11.1059
2.67122, -902.781, 5.61471
6.26587, -252.789, -61.9576
4.14789, -281.476, -284.275
4.65309, 3354.6, -760.204
7.33455, 285.447, 129.894
4.05803, -1447.21, -1251.34
5.69762, -3928.67, 12.1263
5.95386, 30.6104, 72.2435
5.36403, 430.849, -315.384
6.60667, -2131.29, 3760.1
4.21807, -2446.31, 1066.24
5.09387, 341.624, -292.551
6.78438, 509.781, -309.936
6.18587, 668.744, 1029.99
3.45992, -361.081, 178.604
2.83145, 32.6271, 71.9263
3.60828, -2877.55, 1794.57
3.33656, 183.959, -78.1213
6.31172, 185.583, 49.6038
5.44905, 1102.53, -1624.25
4.65223, -4090.95, -380.345
7.09618, 1567.46, -236.221
5.09668, -394.338, -965.583
7.38058, 291.102, -62.0093
5.15714, 173.12, -472.799
2.98716, -880.022, 1072.6
5.83983, -368.062, -457.257
5.44444, -541.403, 2009.72
5.01137, 482.675, 114.056
2.75808, 872.256, 906.781
2.6753, 248.266, -340.621
4.41484, 363.759, 21.7248
5.55555, -1758.22, -2153.31
5.06574, -4095.44, -383.85
5.98498, 142.5, 57.7045
4.89891, -58.2414, -119.543
3.88323, -4070.68, 71.9519
6.01685, -155.484, 2179.9
3.67701, 202.378, -177.536
6.41501, 321.47, 63.5491
6.60589, 1249.97, 70.2236
3.21842, 2485.35, 2313.24
5.75757, 440.673, -188.894
3.87677, -322.919, -1123.18
7.26215, 1816.91, -1028.62
4.58238, 81.7791, -65.5623
3.03869, -395.139, -229.188
4.70633, 2.46857, 6.33852
6.28811, 151.931, 90.737
2.77803, 566.808, 128.686
3.51241, 45.6864, -55.5775
6.82305, 108.035, 149.006
6.52456, -207.307, 92.2973
2.78861, 447.978, 1628.97
4.40304, 206.989, -161.837
4.56124, -255.94, -450.827
2.80071, 654.905, -7.64608
7.09746, -1075.73, -1019.94
3.35398, -118.915, -83.1005
6.51634, 368.17, 30.0438
3.88599, 907.076, -369.122
4.44586, 86.5079, -120.14
7.19936, -1567.68, 521.992
6.24573, 103.387, 2167.44
3.44774, 2596.39, -2828.69
6.89581, 350.34, 72.2948
6.8953, 244.911, -48.1549
3.30515, -81.9952, -428.245
5.87346, 928.492, 322.358
6.89096, -80.1931, -96.2096
6.98262, -650.464, 2668.58
3.06535, 134.669, 71.4351
5.93789, -531.263, -578.902
3.21651, 653.434, -30.3431
3.6901, 617.971, -131.763
5.64383, 2128.68, -1440.53
4.312, -8.89, -332.609
4.64437, -1416.01, -1234.27
4.91936, 1261.53, -1376.7
6.20379, 72.3025, 667.495
3.23098, 19.3453, -287.092
7.36238, 23.4516, 16.8268
7.3158, 361.519, -23.9728
3.14741, 1968.51, -1364.26
5.3784, 387.193, -7.28768
4.66439, 584.877, 147.383
5.50066, 134.93, -113.837
5.85098, -69.6823, 246.036
4.5137, -2296.16, -741.889
6.46691, -1399.43, -1277.4
4.89889, -2459.53, 1409.63
5.72449, -709.826, 693.685
4.28836, 3828.45, -642.89
5.96794, 99.1012, 294.221
5.83428, -309.138, -416.404
3.22071, 545.583, -284.108
7.10415, 189.66, 91.3655
4.22228, 917.153, 2807.71
6.66824, 87.0607, 11.6392
2.74349, 218.752, 237.767
3.27936, 979.344, -1456.76
2.55765, -94.4185, 31.2785
3.94327, 336.799, -51.0175
5.07295, 485.684, -367.974
3.65948, 668.567, -2608.76
2.75022, 387.59, 596.99
5.33091, 214.119, -73.1785
6.69774, -351.278, 96.2431
4.28763, -222.721, -397.91
4.3452, -39.7982, -524.043
7.22226, -144.829, 14.0462
4.72425, -1433.79, 249.766
6.82086, 131.496, -149.867
5.82654, -59.3815, 635.523
5.79297, 270.926, 125.695
7.10736, 2028.62, -1521.63
5.11536, -2317.18, 1944.85
5.45229, 276.893, -34.3732
5.79944, -292.492, -2080.73
4.24765, -1433.88, 912.539
4.11714, 225.686, -406.013
7.08984, -68.3657, -370.357
3.08619, -3360.44, 1173.36
7.31268, 512.432, -81.9086
5.17978, 125.595, 306.018
5.81447, 876.855, 282.7
5.48362, -3428.41, 1541.8
6.93363, -406.02, -984.238
6.67999, -7.44016, -144.256
6.69339, 8.36852, -236.035
6.85642, 63.3544, -319.267
2.5002, -76.0923, 1762.18
4.77274, -419.126, -1439.03
4.25696, 1630.37, 34.1649
5.80713, 3307.94, -2652.79
6.22234, 645.632, -304.655
3.3821, -757.88, -3023.93
7.4621, -1056.55, 1318.28
5.95466, -575.652, 106.951
6.97862, 127.434, 235.169
3.51579, -1153.51, -287.114
7.2356, -251.509, 180.231
4.88476, -3197.37, 1681.81
6.78578, -2876.5, 1797.08
6.41237, 456.408, 351.23
5.70687, -2255.9, 2179.09
3.14521, 168.048, 847.316
5.77944, -99.2746, -60.7598
3.09199, 100.062, 46.7069
3.88793, 2106.24, 451.396
6.65548, 260.698, 2021.8
6.14153, 2654.18, 3391.99
6.74348, 2953.45, -2203.09
3.43989, -772.139, -546.203
6.09602, 135.2, 15.3296
4.25586, 101.85, 352.544
3.34555, 228.429, 363.609
4.52383, -3119.93, 405.399
4.20924, 240.791, -27.3194
6.67141, 60.1006, -43.3004
3.9111, -2362.11, -3828.69
5.16766, 2376.72, 1461.36
6.25085, 636.819, -1119.77
4.62554, -181.875, 63.4601
4.66964, 1360.8, -38.0495
3.03022, -2535.09, -1567.42
6.4639, -217.009, -37.816
3.91232, -144.963, 294.758
7.14264, 2649.42, 3832.16
5.37926, 133.473, -165.199
3.4895, 539.739, -7.95191
5.99081, -395.142, -285.1
3.07265, -657.133, -232.332
4.22945, 208.394, 752.29
4.15646, 1.83587, 109.894
6.42735, -3439.28, 1576
6.65775, 131.677, 22.6965
4.21712, 928.823, -443.369
4.2603, -302.414, -53.9045
6.38197, 211.156, 214.599
6.58658, 761.461, -171.855
4.26157, -16.2433, 322.755
7.09559, 50.7275, -77.7041
3.2877, 537.713, 463.368
5.56029, 951.942, -254.048
5.54222, 95.4538, -103.106
3.16647, 2008.38, 2190.55
3.51409, 2428.18, 3391.07
4.79457, 73.5069, 93.1244
3.48759, -693.834, 1167.85
6.77118, -68.0814, -215.399
6.54562, -322.088, -453.03
2.80131, 1693.72, -1332.81
6.50584, 1106.92, -3194.31
5.49597, 217.869, 60.7081
7.43182, 272.147, -29.8691
2.65919, -980.764, 281.182
6.8356, -2129.05, 2585.75
3.69109, 14.3307, -295.663
3.6127, 706.156, 435.886
4.73907, 4239.08, 1970.8
2.61231, -252.295, -20.6342
6.79755, 89.4, 129.968
4.15902, 439.188, -2964.81
5.72195, 642.826, -96.0243
7.43521, -460.096, -54.9015
5.30162, 112.792, -147.018
4.74553, 103.001, 86.7452
5.213, -141.253, 26.2637
2.90797, -442.279, 212.134
3.99606, 1361.34, 1974.85
6.63964, -2579.06, -504.025
6.48936, -2659.55, 1046.99
5.71048, -87.9778, -100.332
4.84105, 214.927, -297.983
7.15326, 567.434, 1688.93
5.08798, -358.869, 124.595
7.42924, -2775.24, 1771.56
5.94567, 42.2757, 44.5817
6.19966, 322.962, 128.049
3.46323, 1201.48, 1090.73
6.08881, 1978.01, -1298.29
6.11146, 1048.6, 415.301
6.49298, 155.773, -277.553
4.23216, -3258.76, 271.368
5.1481, -613.849, -293.259
3.19001, 1019.09, -777.034
6.73218, 237.792, -91.3883
6.32766, -730.384, -424.915
7.5, -3425.5, 1551.21
4.24891, -4718.01, -1610.73
5.50367, 1079.91, 20.6028
3.50808, -262.593, 2452.08
6.2385, -2401.98, 398.486
6.49225, -268.973, -331.284
3.03505, -147.945, -636.877
5.35813, 161.974, 5.96921
2.84683, -3383.19, 1176.53
4.16036, 263.101, -136.723
5.80945, 151.543, -191.18
5.27726, 369.359, 2627.69
7.12415, 46.2297, -277.902
2.69832, 226.794, 1888.08
2.62083, 976.549, 1098.93
4.61923, 393.894, 88.6551
4.36987, -698.516, -133.838
2.93303, 2232.66, 2167.59
3.05403, 367.233, 290.243
5.31992, -3054.91, 110.353
7.37269, 17.5763, 80.3737
3.05066, 7.38296, -2616.76
5.99352, -2070.43, -2301.2
2.79674, 263.903, 1179.85
4.69755, -154.017, 105.498
5.24651, 267.609, 63.4581
3.45129, 299.368, -123.055
7.36597, 200.457, -110.95
3.19593, 177.473, -144.53
5.48978, -2122.17, 302.519
7.12812, 202.869, -424.682
3.91116, -146.35, -24.38
6.8307, -8.57143, 278.813
6.29598, 900.123, -1194.99
6.10793, 262.858, -268.235
3.34241, -71.1692, -543.68
3.32882, 510.41, -1727.93
3.39076, 181.441, -49.826
5.87226, -105.698, -125.532
4.83484, 244.324, 117.648
6.85219, 260.38, 139.332
5.76023, 484.823, -71.0844
5.80464, 886.43, 283.251
2.58037, -121.059, 556.089
4.30596, 3656.29, 2136.96
3.72747, 249.736, -643.591
6.93086, 620.296, 946.405
5.23701, -4591.3, 73.7652
6.57209, -95.127, -306.895
5.24453, -890.38, -215.436
4.16156, -243.082, 171.88
4.40213, -1276.75, -2222.55
2.52389, 534.32, 39.0063
6.95226, 186.398, -28.2461
6.16955, 162.335, -0.697288
6.04239, -524.231, 172.621
5.1278, 1483.73, -1842.97
6.41065, 237.849, -467.685
3.42484, 353.922, -89.9709
5.72673, 120.762, 56.2402
3.42178, 228.465, -10.9003
3.31214, -1187.28, 578.786
2.65594, 1214.19, 970.746
7.42716, 85.7023, -94.8373
4.04559, 63.1788, 5.68872
4.11075, -343.67, 58.2473
5.51155, 188.645, 58.2854
2.89107, 3394.33, -509.551
3.93936, 179.252, 228.459
5.79307, 468.767, -884.276
7.36348, 294.526, -51.005
7.27758, 2592.5, 984.67
7.42745, 168.936, -75.5319
7.30478, 194.363, 61.3692
3.0073, 34.9749, 445.944
3.71505, 865.465, -298.253
6.91151, -451.465, 118.409
5.28805, -128.326, -301.037
6.7669, 94.1527, -89.5707
7.49145, 618.934, -119.675
3.99751, -2901.8, 1383.52
6.33157, -5209.39, -1751.25
4.81901, -98.5095, 312.675
6.8168, 510.813, 146.527
6.99018, 240.324, 175.206
7.377, -418.001, -187.122
2.77405, 166.429, -52.5606
6.32605, 122.456, 262.51
5.09219, 1155.87, -1803.45
3.46574, 351.162, -183.362
6.98252, -38.8526, -444.979
6.38492, 423.479, -5.34757
2.75968, 247.606, 162.289
7.47331, 1274.01, -1802.56
5.93659, 167.093, -510.809
5.94854, 903.966, 310.385
6.57666, 2026.45, -875.757
7.05426, 194.404, -15.2839
3.34218, 1545.2, 3279.37
5.24183, 1996.4, -1352.41
6.53351, 106.373, 5.63298
4.17803, 462.243, 337.054
5.53435, -343.166, -389.414
6.59602, 960.488, -1716.18
7.3485, 566.193, 61.5618
6.29349, 224.586, 437.433
3.72113, 66.0711, 329.927
5.80589, 42.1664, 78.4926
4.21574, 994.074, 413.525
7.27146, 25.2255, 94.3606
2.60828, 1771.14, -2260.88
4.54979, 811.045, -296.613
2.55789, -2228.59, 2458.16
3.04964, 213.136, 310.037
5.28259, 727.588, -993.963
4.45466, 353.982, 10.2437
7.20539, 214.592, -33.1164
2.55572, 219.044, 479.219
6.22897, 295.929, -785.345
3.84293, 29.0698, -289.365
4.27153, 174.822, 32.7636
3.45835, 3806.93, -3920.44
5.14832, 346.689, 176.522
4.39478, -618.706, -3347.23
3.16407, 276.339, -228.992
4.26563, -83.1269, -263.507
4.2497, -3309.75, 1657.06
7.41084, -1813.39, -1235.42
5.25961, -328.536, -265.914
4.99918, -1718.52, -458.509
3.58531, 1181.92, -1864.07
4.37311, 28.1747, 84.7642
6.78251, 1979.81, 1735.92
6.45578, -1861.64, 3716.35
3.9204, 1975.2, -2356.4
5.07645, 927.078, -237.733
6.79238, 141.741, -245.86
7.07844, -294.235, -15.1781
7.48941, -1398.78, -1270.88
6.53177, -481.756, -97.1997
5.22718, 664.948, 442.376
7.3461, -116.053, 371.283
5.31931, 953.97, -127.809
4.03031, 482.148, -983.376
5.41853, 191.978, -138.295
2.91197, -181.431, 459.864
5.47382, 226.791, -42.1109
3.31968, 1777.94, 3270.09
6.46527, -157.828, -690.223
2.95373, -711.197, 1125.8
6.3072, -0.659355, 209.769
6.83996, 112.112, 23.3279
6.40105, 328.689, -311.293
6.61399, -1620.16, -347.09
6.70974, 85.0547, -191.398
4.48328, 510.429, 312.918
6.508, 234.398, -118.484
6.56811, 18.4688, 91.6261
5.43493, 625.8, 1303.05
4.64621, 8.34115, 103.102
2.5002, -80.7487, 58.7895
5.31153, 272.587, 3.11764
6.22632, 118.014, -422.437
3.89846, 2308.79, 1292.73
2.93406, -468.217, -3162.94
3.5733, -99.345, -363.9
3.93296, -449.623, 27.2592
4.86595, -351.276, 8.88673
6.95893, -1399.35, -1286.58
5.91955, -153.821, -1.60917
3.54376, 259.876, -93.3087
6.67533, 23.376, 38.2744
7.09218, 579.487, 332.542
4.48244, 8.15036, -291.705
6.37858, 1362.85, 437.422
5.68161, -5.70272, -71.9044
6.64746, 48.1436, -121.385
3.40204, -229.993, -129.581
7.45927, 73.9187, -143.234
6.70558, 355.127, -160.577
4.65177, 453.145, 363.369
4.38589, 422.169, -101.788
2.70802, 256.672, -256.09
6.80715, -248.043, -490.261
6.62116, -2763.52, 1881.83
6.25052, 1113.14, 1198.54
3.55801, 260.831, -171.352
4.31029, 49.9445, -46.0806
4.43545, 144.572, 27.951
7.32918, -2252.35, -1449.36
6.5872, -241.794, -317.017
4.5755, -338.378, 93.8379
5.83759, 154.118, 404.519
2.52101, -2770.48, 2699.66
6.98048, 214.393, -153.875
3.68416, 448.746, -159.664
3.79415, -346.346, 145.533
5.4939, -424.041, -295.442
6.89823, -858.795, 35.6681
6.16299, 103.064, -133.733
6.0773, -609.072, -185.548
3.57724, 3957.12, -182.778
6.30413, -2799.96, 2173.97
3.85351, 556.199, 101.149
2.75246, 328.413, 128.382
4.78866, -993.43, 483.049
2.58759, -136.93, -247.968
3.01129, 3809.37, -2496.78
2.639, 885.329, -444.959
5.65921, 2.09302, 213.33
6.34425, 103.863, 79.7104
2.74132, -302.446, -250.133
6.6924, 564.624, 789.112
6.76899, -122.279, -33.7526
6.57649, 214.631, -212.774
6.85188, 148.025, -2857.7
5.27222, 353.484, 82.5645
6.12646, 2.89888, 1172.33
3.20424, -3044.23, 2377.1
6.6115, 167.984, 111.903
5.51185, -1759.98, -2150.06
4.93856, 226.555, -143.469
6.14942, -445.65, -258.342
4.05164, -1506.91, 847.831
3.93925, -237.156, 458.119
5.45857, 1598.21, -1956.13
5.34055, -2117.18, 1160.67
5.41059, 2038.69, 1435.15
2.84132, 251.808, -323.962
4.34304, -1493.77, 15.9925
6.28475, 350.102, -322.617
6.35297, 774.43, 2087.42
4.27217, 142.378, 437.494
5.98913, 28.8134, 77.8974
5.08005, 1571.14, 922.845
5.94494, 247.095, -37.3808
6.18066, -1497.01, -1047.56
2.56231, -1846.93, -1536.26
7.16549, 157.559, -219.631
5.37826, 610.384, 168.754
3.05587, -219.115, 594.88
4.87388, 80.0823, 127.41
3.24247, 1264.19, 71.8206
4.22594, -5544.17, -1267.82
7.04476, 93.4939, -94.5282
4.54571, 2034.53, -901.188
5.96642, 147.265, -115.201
3.35865, 102.177, 133.109
6.21715, -2985.43, 1101.84
4.16319, 63.9507, 71.9604
4.62157, 90.6037, -86.7862
2.79523, 10.893, 557.651
5.09005, 228.46, 87.35
5.94425, 144.234, 160.493
5.01149, 253.779, 116.034
6.56617, 94.8069, 64.2986
3.07974, 216.16, -172.655
5.24841, 1100.48, 288.592
5.06046, 160.857, -244.552
6.02649, -1392.23, -1290.76
5.65083, 47.5706, 17.907
4.0207, 639.84, 513.222
6.74719, -14.5962, -108.128
3.39619, 993.942, -1648.66
2.61737, 159.549, 238.852
4.19467, 403.602, -123.416
3.43818, -1506.83, -1095.3
6.60467, 208.417, -7.40901
6.72507, 69.8118, 2269.78
6.78031, -2135.67, 1302.46
7.37454, 262.141, -171.801
2.99587, 483.124, 76.107
2.56182, -2454.57, -1945.9
2.58614, 46.2492, -426.227
2.64527, 257.974, 489.334
4.1031, -1438.28, -1472.56
6.17815, -2104.83, 1154.14
3.14876, -375.032, -490.218
2.5161, -1397.41, -220.674
6.91905, 473.469, 70.6128
3.70482, 325.845, 175.671
4.38481, 362.437, 77.0331
4.44879, 89.011, -203.13
2.81534, 2337.12, 901.336
7.30792, -36.7108, 28.3052
3.75349, 127.567, -284.76
6.85376, 142.534, -227.714
2.85991, 1850.28, -2566.87
2.70653, 2215.73, -1653.75
3.46378, 392.475, -154.371
3.86708, -1231.9, -1644.13
7.4007, 106.268, -86.4569
3.60607, 743.011, -3276.92
6.43119, 1182.23, -1779.32
4.42306, 208.991, 334.975
3.78593, -1975.75, 2158
3.91087, 346.715, -273.223
7.33834, -224.971, 122.942
4.22841, 233.577, 80.0369
3.45922, 147.772, 65.9974
5.05037, 291.644, -31.1119
5.21857, 775.662, -2942.35
5.72333, 164.707, 312.083
3.89738, 581.412, -271.433
3.41887, -165.229, 17.8765
2.71579, 1634.39, -1963.35
3.98408, 7.17493, 129.666
4.25548, 1248.33, -459.404
7.09372, -186.792, -4.60629
5.81225, -225.567, 18.4305
5.08041, -1438.82, -1257.54
4.03763, 106.322, -153.741
3.0007, 1404.68, 1470.79
3.47502, 145.703, -11.722
4.11407, 2008.76, 2217.43
5.56182, 539.277, -0.0354688
5.13511, 1357.43, -730.774
3.45653, -415.051, 1054.24
4.7178, 3546.35, 2032.6
4.48693, 4060.24, -791.07
6.28051, 286.529, 195.422
6.6213, -351.133, 47.3948
5.51573, -33.9857, -893.254
3.04573, 293.768, -316.582
4.11797, 1821.32, -407.352
5.03403, 67.4471, 13.6001
4.76521, 236.661, 876.62
4.77315, -63.5145, 357.094
4.91125, -142.191, -47.2556
5.07896, -2961.18, 537.65
4.50207, -1493.37, -1048.63
4.22945, 119.618, -80.6813
6.64533, 23.8326, 689.978
3.02204, 1806.2, -782.138
6.40057, 293.071, 11.408
3.19919, 85.4528, 23.4178
2.62171, 2430.75, 2824.21
6.0664, -215.898, 956.296
7.15538, 94.2261, 304.046
7.47667, 188.024, 54.6216
3.86264, 15.4845, -167.516
3.6923, -1401.77, 539.486
3.87328, -231.268, -2090.68
5.70836, 269.171, 214.973
5.17637, 210.297, -65.1027
6.8967, -1857.56, 3151.77
6.75968, 220.14, 266.087
2.98004, 59.0861, 593.11
4.66818, 67.3886, -0.246173
3.17045, -214.827, -143.318
5.86802, 84.445, -91.9816
5.34964, -104.792, -239.53
3.66474, 125.665, -1219.57
5.50306, 286.692, -76.1124
2.6551, 665.179, 12.1257
7.08512, 98.6241, -356.727
3.82958, 449.51, 452.534
6.50016, 143.885, -42.0765
5.46389, 216.103, -18.8251
5.0822, -257.985, 56.335
5.2567, 651.133, -401.749
3.47225, -35.5479, 279.017
5.36152, -1948.96, -272.597
3.81992, -431.825, 4005.46
4.41648, 1664.53, -3562.56
2.73626, -97.2464, -306.526
4.22823, 178.551, -83.8037
3.61594, -1992.14, 4544.85
3.81264, 238.163, 6.87284
3.05141, 294.843, 159.695
7.40088, 74.3368, -396.93
5.93794, -612.844, -188.195
5.82158, 19.341, 119.115
5.99501, 259.229, -191.031
2.68746, -4.48188, -110.63
3.6706, -1.97172, 39.6554
3.95397, -3379.55, -5095.53
3.50543, 244.175, -173.118
2.7177, -1718.52, 2445.17
2.56571, 740.886, -295.529
6.07297, 3766.45, -1227.1
6.88348, -217.549, -287.363
5.35088, 1166.7, -2263.45
6.92743, -1889.98, -2076.3
5.20042, -566.588, 248.211
3.31357, -1374.89, 429.852
3.30492, -1804.45, -1518.3
7.19182, 127.577, -140.28
3.45628, 384.03, -210.629
3.15761, -2058.36, -14.3848
4.41122, -321.961, 369.342
6.12674, -542.113, 2004.33
2.50651, -4090.87, -382.16
4.60222, 2915.05, -1690.62
5.18984, 736.089, 116.274
4.86596, -159.947, -401.082
6.33003, 740.249, -543.436
2.9396, -337.998, 13.6626
7.04284, 63.9169, 148.64
3.20818, -285.088, 619.397
2.54782, 115.148, -207.046
2.82267, -109.003, -357.817
4.96742, 251.946, -65.8467
5.40914, 92.6333, -107.383
4.03373, 2354.11, -4186.42
4.57091, -124.955, -293.482
4.33401, 718.513, 918.324
3.42687, 224.841, -1923.16
2.76788, -1659.82, -1779.81
4.47222, 193.805, -30.1717
3.98388, -89.1442, -234.451
5.05388, -260.931, -300.155
3.75392, 1466.55, -2503.5
5.01589, -422.837, 825.489
2.51168, 1095.95, -494.453
7.01807, -3426.25, 1564.82
2.79181, 2287.26, 2185.89
5.17506, 74.1641, 2162.06
3.95754, 1920.62, -907.637
7.3023, 150.915, -103.877
4.73406, -2256.2, -996.806
5.08479, 346.711, 43.8745
5.93861, -544.168, -130.744
2.72187, 133.517, 478.845
7.2946, 2428.6, -1824.88
5.70852, -97.9292, -150.678
2.80215, 103.483, -266.847
3.33964, 319.218, -17.5165
5.76491, -229.253, 94.9722
6.19864, -73.3477, 1771.18
3.57011, -379.023, 219.179
4.31441, 340.553, -1559.03
6.56981, 461.559, -294.591
5.32057, 42.1916, -112.908
7.45886, 138.147, -94.7891
6.5669, 246.513, 326.007
3.49157, 2097.93, -2767.96
2.50003, -53.4184, -9.97405
4.62608, -2132.47, 2598.29
4.07406, 1471.25, 856.878
5.56218, -2389.52, 344.282
3.83351, 135.727, -137.065
4.39881, 769.971, 580.513
5.43397, 276.018, 305.417
5.95636, -668.77, -434.222
7.26736, 294.001, 54.3598
4.89785, -228.644, 743.238
3.60319, 302.968, -287.675
5.33741, 581.088, 292.339
6.09873, 97.3939, -130.653
4.4953, 1628.53, -150.966
3.48326, 543.13, -285.514
6.66971, 243.474, 180.477
5.59561, 358.665, -786.757
7.26866, 311.79, 132.579
3.23222, 614.826, 75.3306
5.38953, -3.05053, 17.7462
7.26796, 213.889, -149.356
3.62331, -3251.42, 1630.54
7.25137, 124.586, 63.7093
3.07874, 1171.54, -566.019
2.58372, 95.6336, 10.9099
3.90465, -112.924, 487.15
7.15042, 436.102, -335.875
3.04796, -1082.07, -478.677
6.77266, -391.031, -450.526
5.68532, 574.075, 382.6
5.63853, 269.708, 369.109
3.80589, -507.318, 1261.25
5.13936, 331.076, -154.929
7.16608, 680.45, 456.485
3.98055, -860.475, 216.265
4.78006, 250.924, -140.3
6.35659, -561.224, 2899.27
4.17193, -1227.23, -2395.73
6.31775, 220.234, 45.7977
6.65892, -1547.91, 1541.26
2.64618, 1755.2, -1039.73
4.31315, -37.1191, 208.354
4.16221, 239.386, -356.31
3.17675, 1170.7, 905.469
3.00839, 831.578, -2562.66
5.11327, -49.8299, -150.337
3.52046, 237.382, -215.255
5.00728, 303.758, 601.263
5.1371, -3047.17, 1909.11
4.13422, 131.679, -31.358
4.75888, -217.503, 686.772
6.85263, 817.409, -145.698
4.72884, -12.8779, 101.885
6.03726, 374.214, 290.1
6.83171, -1451.61, 294.184
6.5822, 450.399, -133.604
2.67504, -2378.47, -932.459
3.8644, -497.773, 1664.15
5.21858, -770.879, 494.756
3.19942, 1856.27, -381.805
5.57408, 69.7782, -95.3849
3.29182, -335.76, -321.076
4.41129, -86.9171, -302.387
5.94997, 294.741, 201.367
3.21128, 2623.24, -51.2464
5.65284, 166.577, 73.1615
3.15973, -2076.85, -1304.52
7.13583, 260.386, 143.226
5.53465, 3205.77, -4912.19
5.50388, 362.059, -559.016
3.33635, -57.1262, -46.364
3.301, -637.244, 1334.75
5.91628, 106.299, 51.5059
5.1456, -161.273, -305.138
3.65264, -1490.81, 767.017
6.55373, 46.9481, 41.3743
5.76477, 75.4042, 31.6758
4.08597, 325.326, -117.71
2.53953, 314.564, 180.476
3.49176, -92.2974, -761.189
3.78831, 339.94, 375.171
3.03825, 570.061, 441.427
3.49545, -96.052, 317.884
6.75079, -3518.94, 1895.71
6.63912, 358.459, -1.69077
6.76813, 92.1699, 15.797
5.71027, 168.017, 64.42
3.6787, -1871.44, 1942.24
6.80638, 15.7721, 128.673
5.4745, 202.857, 288.749
2.52745, -1503.58, -1105.93
6.84925, -402.364, -726.823
7.37729, 151.37, -170.56
5.59653, -1401.33, -1288.92
3.85574, 489.973, -32.1167
7.46973, 27.208, -78.2417
4.60751, -1136.83, -91.0075
4.20537, -390.884, 34.8006
4.80717, 233.895, -306.576
4.44822, -742.651, -2068.96
4.613, -3065.11, -621.688
2.84879, 144.865, -28.9109
5.5153, -138.602, 191.151
7.36114, -123.632, 23.7721
5.07406, 107.814, 305.049
7.45461, 175.325, -244.87
5.84906, -1544.26, -3733.78
4.01716, 379.491, 185.281
3.47371, -613.776, -197.123
4.0109, 561.62, 280.167
4.93946, 248.56, -153.271
4.72438, 237.747, -38.756
5.7844, 97.8886, 17.2642
3.74227, 3656.43, 2138.28
4.72007, -1042.39, -969.715
5.75894, 52.804, -255.827
6.67472, 223.966, -127.096
6.03698, -166.303, -297.804
4.93928, -281.114, 269.882
6.72039, 122.549, -140.961
7.00296, 199.166, -176.382
6.33082, 243.601, 128.316
5.29453, -375.528, -381.245
2.70603, -83.0837, -128.112
5.46749, 971.701, -263.665
2.68674, 143.044, -2602.98
4.53488, 239.201, -464.287
2.84243, 502.883, 393.685
7.38558, 305.609, -318.391
2.5956, 1490.45, 2097.34
6.60363, 130.224, -34.5781
5.2195, 2538.75, -1989.77
5.72828, 539.388, 39.4193
3.62934, -114.547, -230.326
2.733, 263.073, 1992.03
3.63154, -154.12, 508.155
4.58371, 177.163, -1787.86
6.40126, -36.271, 44.2608
3.72852, 962.174, -1718.01
4.81411, 23.5915, -59.957
6.14756, 334.793, 178.982
5.35237, 3412.23, -471.535
5.45997, -349.555, -775.215
4.98425, -86.6247, -255.179
3.951, 137.22, -120.043
4.71107, 264.679, 143.219
2.53669, -1843.82, 4045.38
7.41683, 165.301, -124.777
2.52822, 174.75, -0.729972
4.8676, 1420.8, 658.113
5.86497, 2306.18, 3882.89
