6.27803, -2382.23, 1316.81
3.5948, 127.634, 1382.26
5.89648, 663.671, -189.842
5.09708, 253.366, -250.739
2.76731, 4279.27, -4465.51
2.53849, -1263.85, 1383.4
4.58743, 6023.04, 3548.96
7.15218, 127.809, -179.158
2.95982, -410.402, 690.342
6.00595, 454.234, 254.192
3.81226, 168.335, -135.078
4.14117, 136.466, 236.236
7.45519, 493.796, 10.7818
7.41275, 117.294, 52.7709
5.75759, 724.213, 84.1481
6.92354, 141.655, -12.9251
6.33247, 337.823, 33.0092
3.87453, -1865.25, -566.614
4.93259, -1117.31, -824.428
2.80282, -5423.52, 1260.6
5.08146, 218.798, -49.6735
4.96988, -3829.74, 1359.97
7.23882, 311.952, -273.487
4.42071, 150.18, -80.0447
5.14874, -2993.88, 825.185
2.75042, -311.68, 3881.4
6.63909, -510.869, 114.147
5.94228, -313.498, -196.469
6.18112, -133.586, 21.1327
6.94286, -2938.5, -2659.04
4.25508, -321.366, 578.756
6.72991, 240.376, 102.213
3.84659, -301.195, -132.359
4.83959, -115.457, 459.081
3.2686, 199.861, -328.099
2.66527, 184.519, 420.075
7.2768, -1344.87, -944.838
6.95369, 312.193, -678.491
3.29884, -966.984, 255.894
3.15214, 532.689, -72.6683
2.515, 2428.15, -391.097
6.0491, -98.3268, -97.1944
3.40448, 1196.43, 244.598
5.76029, -206.143, 307.816
4.42907, 535.891, 198.994
3.23766, 1151.68, 1395.23
5.45054, 37.8768, -38.7174
3.24076, 2322.37, -1134.02
3.2091, -1936.24, -1179.34
4.94257, 349.745, -4.1055
3.13015, -599.193, -558.261
5.64635, -67.5397, 57.7802
5.60817, 329.116, 107.705
4.88216, 2679.76, -3704.64
2.64188, 618.341, 437.977
3.21011, 3276.63, -539.117
3.15594, -254.384, -317.76
3.31099, 1262.5, -1978.14
3.76529, -780.923, 185.081
4.77654, -3649.02, 1922.99
6.54472, 280.355, 212.321
3.57624, 108.417, 136.933
3.75063, -139.891, -133.21
5.02978, -522.347, -1116.14
6.27922, 167.643, -59.1573
5.66369, -1262.18, -2707.83
5.9449, -1959.36, -1368.4
7.27207, 344.416, -91.3305
5.18713, 3811.65, -1937.56
4.57014, 77.5313, -1097.75
4.70019, -364.83, -595.619
6.07821, -1518.9, -1671.23
6.20858, -2055.86, -1651.66
5.12494, -2587.35, 2151.9
6.06711, 290.615, -166.811
5.91025, 111.048, -107.77
6.82941, 1744.2, -1337.93
3.19597, 714.335, 1468.53
3.57766, 287.734, 17.5611
5.0733, 789.942, 1489.62
4.83766, 160.543, 35.1318
3.55759, 2826.24, -2883.96
5.65244, 99.5984, -22.486
2.5044, 2244.18, -3220.13
4.09589, -540.487, -2411.34
5.90281, 267.973, 10.3483
6.0446, -178.697, 76.0839
2.90869, 471.469, 101.838
3.56926, -782.986, -281.302
4.44412, 275.093, -30.4073
4.44927, -3084.6, -1079.48
3.92018, 62.7559, 110.875
4.6123, 222.739, -38.5356
2.55658, -1155.67, 5.15445
3.72027, -3976.33, 2137.36
4.49072, -1454.27, -2821.58
6.64177, -432.322, -333.819
3.78584, -212.615, 584.376
3.59705, -1254.53, 135.686
6.47385, 115.047, -42.1214
5.8476, -176.813, 115.837
5.49108, 46.9083, -223.249
5.99917, 2139.88, 1307.56
5.13062, 34.5627, -49.3552
4.14833, 293.163, 587.445
3.30844, 4226.57, 725.35
6.56633, 151.488, -200.998
4.08004, 276.846, 261.234
4.05369, -338.239, 72.9737
4.65424, 165.245, -86.4655
4.46509, -58.6069, 147.898
4.43916, 484.221, -79.8753
4.34871, -44.7264, 740.975
5.88118, 334.392, 294.671
6.10384, 402.428, 0.642453
7.20082, -1959.27, 625.487
5.08573, 34.8729, -53.2692
5.5282, 448.05, 259.224
5.85049, 1257.49, -1974.49
5.11404, 104.158, 126.975
3.87105, 596.818, -568.139
7.08924, 117.196, -28.3808
3.73367, 73.2698, -116.709
4.77876, 348.15, 810.851
3.30374, 22.5153, -245.205
4.68319, 324.147, 34.3608
7.45767, -23.2678, -165.163
6.26931, 2762.71, -2854.59
4.97846, 44.4149, -130.275
7.01651, 155.048, 68.123
4.68213, -776.105, 124.748
5.09239, 1703.5, -1438.6
4.44866, -1482.91, -2279.94
5.63431, -47.1177, -138.012
5.19331, 14.4888, -169.049
4.35955, -137.957, 818.497
2.54674, -472.88, 44.589
6.3794, 422.553, -24.9437
2.85317, -508.744, -541.707
3.98511, 167.768, 402.369
4.78581, 468.097, 354.957
3.25156, -131.68, -51.3779
5.97819, 205.669, -37.4759
4.15587, -485.034, -511.664
5.21197, -2416.05, 4312.23
2.64678, -2613.87, -1446.66
5.38086, -66.9858, 334.038
5.18133, 611.53, -186.999
7.36678, -289.094, -121.291
5.57063, 148.615, -2.40736
5.26431, 1951.55, -3271.58
6.69051, 1214.23, 171.216
3.75764, 44.518, -683.158
6.98957, 243.956, -27.1757
5.97428, 198.07, -132.089
5.82752, -186.832, 1946.15
3.06838, 19.5295, -74.0432
3.37987, -1004.65, -792.499
2.91253, -1109.33, 1910.59
6.68103, 223.951, -24.3178
2.64818, 40.5514, 2578.67
6.34719, 552.766, -206.678
4.29829, 253.648, -2715.91
6.24626, 499.025, 41.9511
6.28385, 223.88, -74.5321
3.60834, 2219.34, -973.549
5.58305, 127.322, -169.53
3.66846, -303.71, 102.968
6.22052, 23.2836, -2671.93
5.80997, -422.168, -838.411
4.9209, -2491.63, 4334.65
2.58972, 828.455, 26.8255
4.98291, 174.162, 84.1214
5.09587, 239.68, -23.2826
4.71395, 717.575, 2525.07
4.14528, -1941.39, 981.722
3.52671, 186.855, -77.3878
7.19863, -89.9122, 1329.48
2.85168, 1101.32, 2218.92
3.30042, 534.036, -554.217
6.70788, 456.519, -758.677
4.13614, 213.193, -366.285
6.85942, 986.442, 165.222
5.99896, 141.067, -91.5928
5.52801, -163.42, 146.311
4.77536, 58.1964, -231.383
2.91543, 693.99, 923.733
3.94883, -2556.6, -876.311
6.51009, 330.593, -164.105
6.81821, 64.597, 293.723
3.81831, -3446.69, 271.396
4.79881, -393.599, -408.399
4.95672, 118.984, -133.045
5.82344, 1317.58, -1958.08
7.31738, 149.458, -333.105
7.23022, 304.693, 81.4657
2.81902, 1410.05, -348.365
5.04829, -903.27, -436.06
6.13222, 422.034, -134.438
5.65882, 146.286, -129.283
3.26658, 390.079, -90.899
5.09652, 718.946, 2526.46
3.52281, 4256.01, -1370.71
6.03231, 432.181, -10.1045
6.05786, -829.938, 4514.73
3.66304, 237.533, -575.558
6.80594, -253.25, 2.98004
2.67122, -838.995, 159.381
6.26587, -302.085, 97.9043
4.14789, -214.801, -306.67
4.65309, 3804.23, -899.692
7.33455, 460.014, 379.468
4.05803, -1496.91, -1410.53
5.69762, -4432.14, -5.22453
5.95386, 185.894, -120.043
5.36403, 276.296, 92.4235
6.60667, -2414.3, 4307.78
4.21807, -2745.36, 1155.03
5.09387, 379.099, -60.3372
6.78438, 164.87, -256.525
6.18587, 575.351, 1057.26
3.45992, -144.262, 118.271
2.83145, 207.356, -101.278
3.60828, -3219.89, 2007.41
3.33656, -30.5785, -139.576
6.31172, 223.11, -157.029
5.44905, 1247.63, -1745.09
4.65223, -4629.35, -401.855
7.09618, 1634.45, -200.754
5.09668, -562.812, -1122.94
7.38058, -192.526, 76.7508
5.15714, 215.648, -363.884
2.98716, -970.229, 1018.55
5.83983, -536.684, -597.793
5.44444, -555.213, 2216.05
5.01137, 331.552, 124.868
2.75808, 784.965, 1057.77
2.6753, -60.8265, 151.315
4.41484, 131.339, -147.532
5.55555, -1978.32, -2361.01
5.06574, -4625.52, -401.831
5.98498, 53.7442, 209.052
4.89891, 316.33, -121.345
3.88323, -4645.29, 67.2477
6.01685, -193.037, 2392.68
3.67701, -19.5149, -60.6281
6.41501, 9.27229, -6.42222
6.60589, 1235.08, 206.127
3.21842, 2854.81, 2595.49
5.75757, 16.9637, 25.5937
3.87677, -561.673, -1311.45
7.26215, 2119.64, -1094.42
4.58238, 119.134, -277.499
3.03869, -352.296, -9.76355
4.70633, 123.692, -18.2898
6.28811, 8.97275, -376.67
2.77803, 234.75, -190.536
3.51241, 229.16, -114.406
6.82305, -8.03408, -143.007
6.52456, 34.6704, 23.0779
2.78861, 475.437, 1734.87
4.40304, 174.015, 41.509
4.56124, -174.421, -309.174
2.80071, 541.691, 15.4716
7.09746, -1112.4, -1066.33
3.35398, 264.663, -46.163
6.51634, 24.1216, 15.0491
3.88599, 1335.93, -465.611
4.44586, 245.058, -115.598
7.19936, -1697.05, 657.429
6.24573, 138.771, 2422.09
3.44774, 3014.79, -3215.01
6.89581, 79.1232, -54.3034
6.8953, 98.7127, -53.7041
3.30515, -22.9093, -817.697
5.87346, 955.587, 396.131
6.89096, 53.9975, 21.8206
6.98262, -678.382, 2995.42
3.06535, -22.242, -293.59
5.93789, -834.11, -793.413
3.21651, 724.679, -252.475
3.6901, 196.193, -88.9066
5.64383, 2383.66, -1613.31
4.312, 173.564, 11.4136
4.64437, -1474.22, -1324.65
4.91936, 1377.85, -1525.06
6.20379, 41.6898, 978.253
3.23098, -64.644, 36.0132
7.36238, 249.14, -42.616
7.3158, 103.5, -129.076
3.14741, 2218.99, -1420.12
5.3784, -33.5458, -24.5787
4.66439, 455.387, 342.112
5.50066, 204.089, 62.7853
5.85098, 92.4043, 145.996
4.5137, -2526.79, -825.989
6.46691, -1548.55, -1416.19
4.89889, -2790.39, 1532.85
5.72449, -644.285, 691.174
4.28836, 4361.98, -715.971
5.96794, 167.616, 147.446
5.83428, -199.486, -208.262
3.22071, 249.177, -45.8439
7.10415, -110.152, -10.6592
4.22228, 988.393, 3135.02
6.66824, 189.508, -2.14687
2.74349, 118.279, -199.222
3.27936, 1105.32, -1652.31
2.55765, 138.317, -173.402
3.94327, 158.235, -97.7707
5.07295, 545.363, -507.324
3.65948, 786.334, -2887.22
2.75022, 600.979, 480.921
5.33091, -25.7732, -39.045
6.69774, -130.753, 360.407
4.28763, -347.557, -417.333
4.3452, 70.2121, -738.618
7.22226, 133.277, -26.0025
4.72425, -1466.12, 200.392
6.82086, 310.492, -33.1313
5.82654, -8.30023, 741.517
5.79297, 327.039, -310.586
7.10736, 2230.48, -1663.37
5.11536, -2595.39, 2146.51
5.45229, 268.837, 444.19
5.79944, -283.153, -2269.48
4.24765, -1505.05, 984.411
4.11714, -51.8036, -88.9658
7.08984, 41.1058, -380.694
3.08619, -3795.48, 1352.76
7.31268, 461.794, -153.19
5.17978, 57.5274, 161.878
5.81447, 1152.96, 478.917
5.48362, -3844.12, 1798.53
6.93363, -321.138, -1095.06
6.67999, 287.025, 78.053
6.69339, 225.509, -96.9199
6.85642, 360.384, -350.104
2.5002, -153.378, 1927.77
4.77274, -568.726, -1856.15
4.25696, 1684.99, 59.9653
5.80713, 3786.85, -2993.46
6.22234, 782.517, -183.647
3.3821, -828.267, -3401.96
7.4621, -1130.13, 1386.03
5.95466, -568.307, 75.2738
6.97862, 304.552, 284.233
3.51579, -1184.91, -301.918
7.2356, 37.5083, -211.269
4.88476, -3631.43, 1897.27
6.78578, -3216.47, 2004.84
6.41237, 600.97, 268.168
5.70687, -2516.26, 2439
3.14521, 351.68, 749.511
5.77944, 166.085, -161.725
3.09199, 53.7495, -160.33
3.88793, 2298.65, 531.507
6.65548, 243.276, 2173.75
6.14153, 2997.57, 3836.89
6.74348, 3339.33, -2492.36
3.43989, -817.892, -390.216
6.09602, 119.743, -170.556
4.25586, 184.042, -158.558
3.34555, 87.052, -86.2095
4.52383, -3546.16, 447.217
4.20924, 58.4627, -21.6782
6.67141, 239.518, -295.135
3.9111, -2693.89, -4366.67
5.16766, 2735.9, 1649.4
6.25085, 768.228, -1366.12
4.62554, -214.737, 107.8
4.66964, 1340.39, -18.4081
3.03022, -2802.72, -1815.77
6.4639, 245.333, 15.516
3.91232, -267.838, 284.632
7.14264, 2983.22, 4402.48
5.37926, 113.852, 119.283
3.4895, 244.881, 246.122
5.99081, -197.882, -208.871
3.07265, -537.774, 14.0597
4.22945, 78.2421, 606.202
4.15646, 227.716, -293.299
6.42735, -3900.85, 1792.46
6.65775, 379.078, 21.8539
4.21712, 780.539, -361.45
4.2603, -564.279, -97.0093
6.38197, 40.163, 251.274
6.58658, 814.608, -334.59
4.26157, 252.456, 432.823
7.09559, 201.71, -98.4584
3.2877, 370.838, 156.685
5.56029, 907.549, -61.7391
5.54222, 195.166, -132.125
3.16647, 2230.65, 2423.59
3.51409, 2759.59, 3828.54
4.79457, -275.777, 108.06
3.48759, -683.081, 1259.32
6.77118, -42.7968, -243.018
6.54562, -34.8524, -181.857
2.80131, 1916.82, -1443.96
6.50584, 1235.33, -3582.48
5.49597, 262.133, -353.268
7.43182, 70.0809, 37.8836
2.65919, -912.753, 283.333
6.8356, -2402.64, 2910.83
3.69109, -472.534, -407.173
3.6127, 1013.41, 568.935
4.73907, 4819.11, 2242.4
2.61231, -150.348, -277.086
6.79755, 192.25, -144.85
4.15902, 451.471, -3231.03
5.72195, 848.558, -194.105
7.43521, -346.12, -54.5534
5.30162, 321.54, 78.3359
4.74553, 151.944, -223.952
5.213, 190.679, -193.984
2.90797, -910.311, 362.153
3.99606, 1416.81, 2205.47
6.63964, -2851.07, -546.788
6.48936, -3028.15, 1224.1
5.71048, -172.242, 104.403
4.84105, 38.9276, -269.98
7.15326, 589.058, 1786.58
5.08798, -57.886, 172.118
7.42924, -3141.28, 1998.31
5.94567, 193.054, 224.778
6.19966, 274.292, 410.172
3.46323, 1227.19, 1182.02
6.08881, 2198.02, -1416.12
6.11146, 1115.74, 242.983
6.49298, 110.618, 46.0315
4.23216, -3670.68, 283.912
5.1481, -1027.49, -474.553
3.19001, 1120.97, -711.09
6.73218, 6.80244, -139.65
6.32766, -738.384, -501.374
7.5, -3888.14, 1793.09
4.24891, -5390.88, -1812.87
5.50367, 978.06, 14.892
3.50808, -313.556, 2678.42
6.2385, -2671.55, 452.217
6.49225, -303.829, -255.368
3.03505, -368.406, -651.014
5.35813, 100.176, 10.4503
2.84683, -3741.37, 1290.05
4.16036, 330.599, -386.944
5.80945, -24.3444, -228.331
5.27726, 382.515, 2920.05
7.12415, 72.2118, -437.394
2.69832, 212.584, 2121.31
2.62083, 967.404, 1122.46
4.61923, 328.282, 143.315
4.36987, -843.598, -20.1222
2.93303, 2537.39, 2492.25
3.05403, 405.295, 202.72
5.31992, -3470.11, 113.874
7.37269, 166.914, -57.3001
3.05066, 28.182, -2877.24
5.99352, -2299.35, -2539.9
2.79674, 223.478, 1138.91
4.69755, -286.746, 163.848
5.24651, 638.592, 290.494
3.45129, -96.2548, -69.7156
7.36597, 441.89, -4.34416
3.19593, 190.416, -87.1272
5.48978, -2339.04, 298.415
7.12812, 64.3835, 71.3705
3.91116, -562.481, 97.9627
6.8307, 22.9171, -204.336
6.29598, 918.355, -1252.13
6.10793, 418.419, 32.7777
3.34241, -78.1714, -622.708
3.32882, 691.434, -1929.96
3.39076, 312.217, -153.17
5.87226, 124.284, -257.841
4.83484, 477.073, -171.931
6.85219, 371.002, 299.414
5.76023, 250.918, -179.749
5.80464, 1146.17, 471.85
2.58037, -226.411, 594.722
4.30596, 4136.07, 2391.9
3.72747, 232.502, -616.091
6.93086, 561.907, 890.321
5.23701, -5208.12, 87.1231
6.57209, -299.426, -465.117
5.24453, -838.161, -146.837
4.16156, -18.9383, 82.3739
4.40213, -1416.2, -2469.23
2.52389, 942.437, 170.439
6.95226, 8.86368, -123.091
6.16955, 574.935, 174.207
6.04239, -600.77, 258.674
5.1278, 1597.09, -2066.24
6.41065, 172.98, -177.889
3.42484, 141.785, 79.2029
5.72673, 216.262, -41.028
3.42178, 254.881, -86.4906
3.31214, -1201.05, 626.57
2.65594, 1235.63, 1120.96
7.42716, 177.09, -90.3136
4.04559, 133.453, 35.0688
4.11075, -521.376, 45.5523
5.51155, 177.336, -87.1086
2.89107, 3892.02, -627.181
3.93936, 354.137, 263.362
5.79307, 385.228, -799.956
7.36348, 483.652, -16.6498
7.27758, 2919.33, 1125.71
7.42745, 100.382, -155.537
7.30478, 134.688, -103.273
3.0073, 316.04, 606.649
3.71505, 942.361, -260.232
6.91151, -343.783, 68.5411
5.28805, -62.802, -140.154
6.7669, 211.272, -38.4733
7.49145, 256.11, -40.9868
3.99751, -3312.39, 1502.48
6.33157, -5946.59, -1979.11
4.81901, 351.683, 185.64
6.8168, 717.187, 105.332
6.99018, 69.4475, -69.3755
7.377, -322.51, -161.839
2.77405, 284.058, 120.086
6.32605, 457.263, 83.9413
5.09219, 1277.73, -1914.5
3.46574, 49.4428, -400.484
6.98252, 55.4868, -550.578
6.38492, 433.593, 30.3992
2.75968, 516.167, -340.487
7.47331, 1329.91, -1979.75
5.93659, 124.047, -255.407
5.94854, 1165.47, 516.381
6.57666, 2207.18, -984.609
7.05426, 436.851, -201.069
3.34218, 1779.08, 3676.25
5.24183, 2172.85, -1537.98
6.53351, 86.9719, 30.4828
4.17803, 365.553, 54.702
5.53435, -489.136, -118.231
6.59602, 1099.29, -1848.18
7.3485, 345.551, 114.582
6.29349, 258.829, 161.812
3.72113, 178.587, -17.0388
5.80589, 234.378, -46.476
4.21574, 954.587, 358.677
7.27146, 34.7997, -170.298
2.60828, 2050.12, -2494.08
4.54979, 671.113, -185.627
2.55789, -2662.2, 2770.24
3.04964, 286.788, 725.21
5.28259, 703.546, -946.243
4.45466, 217.892, -58.739
7.20539, 130.589, 91.273
2.55572, 426.399, 222.15
6.22897, 469.609, -1210.84
3.84293, 353.624, 57.896
4.27153, 198.911, -402.188
3.45835, 4342.66, -4447.76
5.14832, 540.336, 396.666
4.39478, -688.796, -3792.11
3.16407, 88.6098, 19.6345
4.26563, 282.725, 63.7118
4.2497, -3701.7, 1869.64
7.41084, -1948.36, -1337.77
5.25961, -479.973, -221.33
4.99918, -1803.36, -482.593
3.58531, 1323.85, -1999.91
4.37311, -265.506, -233.842
6.78251, 2268.81, 2005.32
6.45578, -2122.32, 4268.2
3.9204, 2183.52, -2651.12
5.07645, 846.206, -79.646
6.79238, 220.424, -61.5031
7.07844, -135.885, -69.4668
7.48941, -1554.58, -1414.53
6.53177, -310.03, 171.919
5.22718, 629.238, 375.711
7.3461, 108.434, 571.428
5.31931, 1114.68, -20.7617
4.03031, 331.437, -1004.91
5.41853, -84.9965, -45.2409
2.91197, -121.334, 351.771
5.47382, 342.471, -95.1366
3.31968, 2012.34, 3767.15
6.46527, -194.712, -664.124
2.95373, -669.62, 1254.12
6.3072, 83.642, 250.898
6.83996, 112.641, -26.9118
6.40105, 273.568, -32.0586
6.61399, -1712.07, -338.424
6.70974, 219.437, -238.963
4.48328, 238.202, 50.4505
6.508, 188.769, -100.361
6.56811, 153.027, -58.2984
5.43493, 621.914, 1309.51
4.64621, 232.95, -258.773
2.5002, -446.962, 271.234
5.31153, 279.488, -63.487
6.22632, 247.186, -394.629
3.89846, 2554.53, 1459.05
2.93406, -548.342, -3528.45
3.5733, 186.368, 38.1581
3.93296, -389.777, 32.7228
4.86595, -494.218, -47.1006
6.95893, -1542.75, -1340.98
5.91955, 272.938, -108.495
3.54376, 82.7822, -18.614
6.67533, -69.1719, 26.4091
7.09218, 555.443, 454.613
4.48244, -185.748, 95.6266
6.37858, 1495.13, 382.375
5.68161, -241.924, 97.0683
6.64746, 297.631, 123.435
3.40204, 251.169, 162.227
7.45927, 201.457, -70.6225
6.70558, 1.22334, 89.0479
4.65177, 637.219, 27.172
4.38589, 335.637, 17.1701
2.70802, 83.1717, -7.33108
6.80715, -433.387, -683.864
6.62116, -3148.08, 2079.69
6.25052, 1283.27, 1240.21
3.55801, 446.866, -430.529
4.31029, 77.3487, 215.826
4.43545, 301.414, -43.6644
7.32918, -2475.89, -1582.4
6.5872, -57.785, -170.223
4.5755, 13.4641, 30.5364
5.83759, 77.5233, 573.511
2.52101, -3105.37, 3097.6
6.98048, 197.53, 89.6072
3.68416, -5.23076, -182.792
3.79415, -476.691, 4.57909
5.4939, -314.987, -213.597
6.89823, -728.692, 12.6045
6.16299, 154.95, -206.369
6.0773, -350.615, -79.4283
3.57724, 4466.96, -203.118
6.30413, -3123.81, 2441.33
3.85351, 569.468, 203.119
2.75246, 60.5767, -122.668
4.78866, -1209.44, 511.892
2.58759, 137.503, -444.27
3.01129, 4376.61, -2841.39
2.639, 1373.44, -757.401
5.65921, -40.0502, 290.973
6.34425, 226.192, -110.218
2.74132, 32.4546, -19.7083
6.6924, 534.503, 876.156
6.76899, 68.0166, 51.1522
6.57649, -86.6508, 242.352
6.85188, 211.107, -3226.65
5.27222, 36.6484, -101.711
6.12646, -0.887378, 1142.73
3.20424, -3397.13, 2726.57
6.6115, 300.4, 97.6273
5.51185, -1984.23, -2363.72
4.93856, -8.74212, -87.5014
6.14942, -451.332, -274.833
4.05164, -1612.74, 900.776
3.93925, -179.719, 470.222
5.45857, 1757.71, -2148.04
5.34055, -2324.17, 1264.16
5.41059, 2191.41, 1607.14
2.84132, 27.741, 178.995
4.34304, -1568.05, -97.9333
6.28475, 425.217, 23.6796
6.35297, 749.851, 2310.72
4.27217, 60.7312, 598.395
5.98913, 236.67, -167.275
5.08005, 1658.02, 983.047
5.94494, -71.4563, -123.195
6.18066, -1558.09, -1092.66
2.56231, -2043.17, -1586.43
7.16549, -46.1244, 5.26644
5.37826, 596.946, 264.334
3.05587, 115.206, 706.85
4.87388, 114.468, -201.065
3.24247, 1447.02, -149.01
4.22594, -6296.54, -1428.04
7.04476, 185.679, -140.763
4.54571, 2230.65, -944.281
5.96642, 98.821, 4.88913
3.35865, 309.21, 132.598
6.21715, -3407.04, 1231.8
4.16319, 97.0089, 31.1311
4.62157, 205.461, -236.089
2.79523, 98.3838, 730.301
5.09005, 124.748, -42.2303
5.94425, -71.5351, 318.183
5.01149, 306.514, 314.23
6.56617, 172.361, 97.3666
3.07974, 309.113, 87.1592
5.24841, 1135.9, 125.475
5.06046, 16.7774, -149.611
6.02649, -1560.97, -1412.02
5.65083, 174.966, 3.961
4.0207, 701.519, 496.35
6.74719, 208.616, 38.317
3.39619, 1122.71, -1817.73
2.61737, 153.2, 126.264
4.19467, 556.555, -55.1012
3.43818, -1623.44, -1188.61
6.60467, 291.843, -137.355
6.72507, 82.5409, 2462.44
6.78031, -2387.64, 1412.26
7.37454, 389.977, -421.021
2.99587, 450.911, 384.135
2.56182, -2808.19, -2186.06
2.58614, 163.774, 79.0292
2.64527, 11.7013, 513.551
4.1031, -1526.33, -1544.16
6.17815, -2395.26, 1355.69
3.14876, -312.734, -385.838
2.5161, -1775.95, -299.912
6.91905, 560.035, 115.062
3.70482, 26.1246, 142.493
4.38481, 462.028, 520.594
4.44879, 172.742, 223.538
2.81534, 2654.01, 1017.79
7.30792, 236.424, -46.082
3.75349, 132.253, 158.752
6.85376, 206.766, 108.081
2.85991, 2128.84, -2931.15
2.70653, 2627.09, -1844.21
3.46378, 107.849, -256.264
3.86708, -1431.25, -1748
7.4007, 188.367, -75.7123
3.60607, 850.977, -3694.76
6.43119, 1258.41, -1979.49
4.42306, 76.1795, 724.237
3.78593, -2191.09, 2436.74
3.91087, 568.781, -130.38
7.33834, -59.543, -150.143
4.22841, -52.9995, -320.64
3.45922, -249.015, -160.36
5.05037, 370.561, 33.5437
5.21857, 859.343, -3313.62
5.72333, 509.213, 301.099
3.89738, 183.347, -0.134168
3.41887, 373.686, 82.2384
2.71579, 1758.13, -2107.29
3.98408, 335.289, 352.109
4.25548, 1251.06, -582.144
7.09372, 212.335, -23.0956
5.81225, -186.475, -143.636
5.08041, -1490.41, -1329.45
4.03763, 118.921, 114.52
3.0007, 1521.08, 1607.13
3.47502, 132.393, -87.6179
4.11407, 2281.37, 2439.79
5.56182, 705.858, 165.732
5.13511, 1718.6, -854.948
3.45653, -369.327, 1009.14
4.7178, 3989.51, 2304.14
4.48693, 4585.54, -893.728
6.28051, 225.686, 269.437
6.6213, -242.922, 202.251
5.51573, 68.0569, -800.279
3.04573, 267.206, -241.419
4.11797, 1972.6, -471.625
5.03403, 175.716, -3.30694
4.76521, 155.281, 771.458
4.77315, -179.972, 138.576
4.91125, 149.636, -6.55532
5.07896, -3287.44, 589.107
4.50207, -1676.21, -1027.16
4.22945, -187.215, -384.708
6.64533, 93.7369, 656.445
3.02204, 1932.33, -965.695
6.40057, 257.856, -78.632
3.19919, 526.668, -7.95652
2.62171, 2753.58, 3173.32
6.0664, -214.918, 1072.44
7.15538, 61.0509, 178.695
7.47667, 37.8985, -271.331
3.86264, 209.329, 190.645
3.6923, -1550.42, 485.783
3.87328, -277.181, -2341.97
5.70836, 349.012, 247.078
5.17637, -116.043, -29.797
6.8967, -2070.58, 3552.94
6.75968, 257.675, 255.215
2.98004, 184.639, 341.814
4.66818, 167.753, -154.527
3.17045, -443.51, 2.96323
5.86802, 127.209, -21.6781
5.34964, -203.265, -503.556
3.66474, 111.653, -1215.91
5.50306, -49.7943, -121.108
2.6551, 460.458, 190.53
7.08512, 85.8412, -238.421
3.82958, 232.138, 296.471
6.50016, 142.235, -187.104
5.46389, 129.903, 152.399
5.0822, -270.679, -43.4742
5.2567, 1022.55, -563.389
3.47225, 14.0533, 31.2056
5.36152, -2181.9, -217.502
3.81992, -474.138, 4616.56
4.41648, 1911.02, -4045.44
2.73626, -295.898, -464.419
4.22823, 65.6921, 76.2036
3.61594, -2214.68, 5137.55
3.81264, 293.085, 153.712
3.05141, 307.81, -117.593
7.40088, 78.9159, -414.132
5.93794, -348.754, -73.0636
5.82158, -219.203, 74.3522
5.99501, 75.0555, -120.628
2.68746, 172.682, -59.6132
3.6706, 144.858, -39.5267
3.95397, -3866.17, -5825.49
3.50543, 300.351, 83.6218
2.7177, -1922.22, 2783.79
2.56571, 633.633, -233.213
6.07297, 4253.71, -1377.01
6.88348, -322.812, -358.369
5.35088, 1310.49, -2514.07
6.92743, -2145.55, -2389.56
5.20042, -866.599, 91.749
3.31357, -1469.41, 379.663
3.30492, -2043.08, -1656.1
7.19182, 88.7802, 127.497
3.45628, 236.848, -425.108
3.15761, -2276.18, -87.5584
4.41122, -251.036, 399.776
6.12674, -564.696, 2197.34
2.50651, -4621.93, -400.838
4.60222, 3296.34, -1896.61
5.18984, 531.547, 7.57915
4.86596, -500.289, -494.967
6.33003, 603.328, -645.368
2.9396, -606.592, -211.182
7.04284, 1.18278, -235.12
3.20818, -436.304, 453.667
2.54782, 152.599, 220.634
2.82267, 93.8813, -469.751
4.96742, 108.634, 46.2645
5.40914, 223.655, -154.321
4.03373, 2679.21, -4739.82
4.57091, 135.838, 82.1901
4.33401, 931.763, 1167.55
3.42687, 272.523, -2044.96
2.76788, -1903.65, -1944.17
4.47222, 88.7292, 58.974
3.98388, -399.253, -618.509
5.05388, -385.942, -146.235
3.75392, 1653.67, -2780.22
5.01589, -615.955, 1202.44
2.51168, 1042.92, -566.519
7.01807, -3898.12, 1788.61
2.79181, 2523.42, 2453.53
5.17506, 65.6799, 2375.82
3.95754, 2082.59, -968.187
7.3023, 355.869, -226.956
4.73406, -2482.35, -1057.1
5.08479, -3.08271, -19.5113
5.93861, -377.001, 50.486
2.72187, 8.37594, 592.756
7.2946, 2717.72, -2020.69
5.70852, 149.605, 140.238
2.80215, -2.26693, -166.01
3.33964, 16.6125, 46.0883
5.76491, 56.2226, 119.855
6.19864, -157.477, 1941.65
3.57011, -459.937, -28.941
4.31441, 436.879, -1661.68
6.56981, 96.6651, -16.5886
5.32057, 173.659, -1.57109
7.45886, 148.451, -63.3569
6.5669, 54.8562, -13.48
3.49157, 2380.23, -3102.71
2.50003, -78.7431, -8.10594
4.62608, -2393.43, 2895.94
4.07406, 1563.96, 948.443
5.56218, -2646.57, 381.423
3.83351, 121.004, 64.5473
4.39881, 981.323, 610.699
5.43397, 286.091, 81.0754
5.95636, -1018.04, -385.127
7.26736, 10.9412, 0.344538
4.89785, -210.292, 869.152
3.60319, 323.254, -456.458
5.33741, 765.023, 463.727
6.09873, 148.195, 86.4077
4.4953, 1723.4, -100.004
3.48326, 249.692, -45.6579
6.66971, 329.047, -171.287
5.59561, 209.959, -842.113
7.26866, 103.956, -181.618
3.23222, 308.856, -208.754
5.38953, 232.187, 18.2007
7.26796, 17.3553, -106.385
3.62331, -3742.87, 1844.59
7.25137, 91.8425, -173.162
3.07874, 1193.82, -564.89
2.58372, 382.178, 266.659
3.90465, -217.457, 549.859
7.15042, 232.111, 0.817067
3.04796, -1028.53, -485.386
6.77266, -312.961, -423.526
5.68532, 527.693, 357.804
5.63853, 330.922, 59.0005
3.80589, -560.865, 1323.47
5.13936, -125.82, 61.0532
7.16608, 1032.45, 542.934
3.98055, -1016.64, 228.774
4.78006, 75.8697, -73.2502
6.35659, -674.871, 3278.11
4.17193, -1373.31, -2573.07
6.31775, 58.2122, 60.9561
6.65892, -1690.18, 1759.55
2.64618, 1892.93, -1145.19
4.31315, -303.232, -26.1127
4.16221, 40.1151, -267.146
3.17675, 1366.87, 1160.43
3.00839, 935.569, -2870.11
5.11327, 350.836, -159.96
3.52046, -62.4947, -59.5957
5.00728, 267.428, 595.364
5.1371, -3446.87, 2214.02
4.13422, 195.702, 22.4031
4.75888, -195.528, 732.5
6.85263, 772.904, -201.972
4.72884, 160.085, -27.8426
6.03726, 384.878, 51.0066
6.83171, -1561.37, 310.528
6.5822, 625.973, -393.49
2.67504, -2695.52, -1053.83
3.8644, -589.478, 1773.06
5.21858, -955.545, 627.003
3.19942, 2400.84, -449.82
5.57408, 225.383, -152.398
3.29182, -312.03, -66.6721
4.41129, 110.377, -419.709
5.94997, 373.377, 96.1852
3.21128, 2900.44, -36.764
5.65284, -148.142, 174.124
3.15973, -2344.93, -1367.38
7.13583, 369.34, 300.061
5.53465, 3664.27, -5608.02
5.50388, 150.815, -371.081
3.33635, -162.288, 168.459
3.301, -849.811, 1526.14
5.91628, 58.4177, -207.015
5.1456, 123.245, -426.594
3.65264, -1590.77, 883.105
6.55373, 138.299, 108.57
5.76477, 205.031, -61.7279
4.08597, 359.882, 321.275
2.53953, 246.148, 473.5
3.49176, -81.4143, -548.909
3.78831, 398.539, -34.8336
3.03825, 250.567, 364.939
3.49545, 331.966, 143.817
6.75079, -3996.42, 2149.86
6.63912, 18.4721, -33.1977
6.76813, 241.106, -43.6579
5.71027, 16.2214, -172.131
3.6787, -2086.58, 2167.45
6.80638, 256.66, -185.796
5.4745, 263.774, -180.573
2.52745, -1588.61, -1166.85
6.84925, -424.217, -836.106
7.37729, 114.268, 121.619
5.59653, -1538.94, -1337.74
3.85574, 657.422, 84.8331
7.46973, 324.4, -78.0827
4.60751, -1184.96, -237.3
4.20537, -529.255, 68.3017
4.80717, 108.64, -139.83
4.44822, -817.978, -2264.54
4.613, -3428.25, -680.221
2.84879, 310.955, -317.75
5.5153, -107.213, 100.862
7.36114, 364.585, -57.6572
5.07406, 64.8863, 190.099
7.45461, 84.2333, 84.1616
5.84906, -1770.43, -4230.91
4.01716, 396.689, 318.42
3.47371, -349.963, -69.5309
4.0109, 485.204, 123.868
4.93946, 396.944, -245.372
4.72438, -148.503, -18.8911
5.7844, -324.077, 22.5921
3.74227, 4136.58, 2393.22
4.72007, -1125.4, -985.759
5.75894, -62.1471, -28.8113
6.67472, 204.531, 166.158
6.03698, -38.1437, -307.912
4.93928, 15.5462, 300.095
6.72039, -108.381, -334.501
7.00296, 486.588, -479.599
6.33082, -36.5576, 246.911
5.29453, -21.294, -298.878
2.70603, -416.985, -106.487
5.46749, 880.788, -110.775
2.68674, 110.175, -2899.06
4.53488, 258.974, -54.9058
2.84243, 663.313, 295.587
7.38558, 286.023, 63.2723
2.5956, 1584.8, 2318.11
6.60363, 185.678, -107.602
5.2195, 2826.66, -2271.88
5.72828, 684.178, -104.853
3.62934, -375.484, -202.984
2.733, 355.895, 2273.17
3.63154, 21.133, 629.985
4.58371, 115.043, -1982.34
6.40126, 146.987, -89.8786
3.72852, 1100.97, -1848.94
4.81411, 408.261, -79.6969
6.14756, -108.727, 160.875
5.35237, 3850.78, -524.886
5.45997, -262.432, -643.498
4.98425, -429.655, -308.79
3.951, 7.79518, -133.336
4.71107, 149.596, 412.079
2.53669, -2116.73, 4655.26
7.41683, 65.8978, -3.17624
2.52822, 119.75, 48.0749
4.8676, 1596.24, 666.769
5.86497, 2608.55, 4417.88
