6.27803, -3567.52, 2095.65
3.5948, -90.4209, 1044.43
5.89648, 480.331, 210.151
5.09708, 600.238, 103.988
2.76731, 6929.77, -7100.6
2.53849, -2460.42, 3053.1
4.58743, 9731, 5778.78
7.15218, 111.626, -126.625
2.95982, 801.345, -497.883
6.00595, 421.233, 125.037
3.81226, -220.086, -23.5988
4.14117, 214.561, -24.475
7.45519, 714.43, -822.227
7.41275, 126.985, 89.2429
5.75759, -547.136, -241.652
6.92354, 306.681, -85.9792
6.33247, 106.359, 221.075
3.87453, -2644.22, -1003.42
4.93259, -1376.31, -1160.74
2.80282, -8837.57, 2265.67
5.08146, 400.473, -73.3594
4.96988, -6156.79, 2325.32
7.23882, 86.5378, 18.3703
4.42071, 208.678, -136.96
5.14874, -4617.73, 1196.11
2.75042, -321.645, 6156.77
6.63909, 579.506, 201.028
5.94228, 807.963, -252.04
6.18112, 676.955, 128.005
6.94286, -4544.54, -3925.36
4.25508, -171.428, 189.624
6.72991, 220.202, -43.516
3.84659, 924.021, -378.184
4.83959, -153.28, 529.198
3.2686, -60.2351, -262.76
2.66527, 968.983, -604.48
7.2768, -1435.52, -990.256
6.95369, 89.1525, 179.861
3.29884, 45.5116, 408.632
3.15214, 2047.48, -1199.22
2.515, 3595.49, -659.404
6.0491, 132.17, 107.574
3.40448, -42.8985, 51.4992
5.76029, -1119.57, 192.963
4.42907, 260.795, -30.3656
3.23766, 1407.28, 1463.6
5.45054, 816.277, 168.486
3.24076, 3197.51, -1531.05
3.2091, -2628.69, -1509.67
4.94257, -10.1805, -63.0136
3.13015, 550.122, -285.146
5.64635, 1120.5, 275.087
5.60817, 174.443, -136.953
4.88216, 4190.58, -5776.17
2.64188, -885.503, -45.5658
3.21011, 5007.96, -714.222
3.15594, 709.615, -110.762
3.31099, 1689.87, -2633.79
3.76529, 36.4473, 85.2525
4.77654, -5881.83, 2816.04
6.54472, -176.632, -1198.35
3.57624, 275.546, -145.343
3.75063, 251.069, -60.8999
5.02978, -1406.52, -2428.2
6.27922, 185.306, -107.057
5.66369, -2004.97, -4002.15
5.9449, -2466.18, -1855.48
7.27207, 49.2288, -198.73
5.18713, 6044.53, -3062.12
4.57014, 140.589, -2751.01
4.70019, -326.811, -364.823
6.07821, -2041.91, -1842.39
6.20858, -3021.1, -2215.84
5.12494, -3921, 3117.12
6.06711, 132.456, 51.7863
5.91025, 368.546, 320.063
6.82941, 2330.33, -1862.82
3.19597, 409.388, 1828.01
3.57766, 293.841, -65.92
5.0733, 1455.86, 2543.75
4.83766, 181.88, -22.038
3.55759, 4500.09, -4552.69
5.65244, -139.967, 267.129
2.5044, 3553.49, -5114.25
4.09589, -918.786, -3001.43
5.90281, 166.319, -88.1413
6.0446, 245.751, 5.98631
2.90869, 174.993, -196.591
3.56926, -41.7258, -531.492
4.44412, 297.432, 237.384
4.44927, -4490.99, -1510.62
3.92018, 121.359, 545.652
4.6123, 349.959, 144.584
2.55658, -2679.97, -199.785
3.72027, -6273.5, 3285.76
4.49072, -2452.49, -4043.53
6.64177, 976.007, 321.571
3.78584, 706.6, -517.973
3.59705, -1157.9, 691.052
6.47385, 151.941, 6.68442
5.8476, 1685.77, -387.5
5.49108, 574.218, 951.452
5.99917, 2909.88, 1948.35
5.13062, 350.447, 541.461
4.14833, 213.9, 54.1705
3.30844, 6993.86, 1223.49
6.56633, 18.5774, 64.9801
4.08004, 72.1429, -669.607
4.05369, 785.15, 438.728
4.65424, 135.439, -78.3867
4.46509, 304.862, 224.949
4.43916, 122.43, 93.7625
4.34871, 202.146, -131.597
5.88118, 233.182, 42.785
6.10384, 574.018, -207.88
7.20082, -2558.46, 1090.37
5.08573, 683.102, -369.252
5.5282, -540.722, -155.049
5.85049, 1696.67, -2565.69
5.11404, -0.449637, -89.7918
3.87105, 7.7258, 37.4256
7.08924, 284.06, -159.487
3.73367, -3.09025, 195.145
4.77876, 275.325, -638.327
3.30374, 18.511, 79.2169
4.68319, 341.533, 20.5967
7.45767, 906.32, -398.869
6.26931, 4535.55, -4371.09
4.97846, 3.43795, -788.635
7.01651, 255.962, -22.5622
4.68213, 95.6721, 104.514
5.09239, 2319.94, -1816.29
4.44866, -2034.62, -3363.45
5.63431, 229.052, 130.25
5.19331, 195.976, 26.7553
4.35955, 199.932, 1104.84
2.54674, 78.0541, -906.368
6.3794, 250.295, 20.8225
2.85317, -410.319, -439.036
3.98511, 930.301, 167.856
4.78581, 39.2227, 1860.99
3.25156, 375.64, 108.846
5.97819, 65.3311, -558.046
4.15587, -380.834, -421.842
5.21197, -3903, 6846.68
2.64678, -3705.59, -2465.14
5.38086, 557.515, -544.383
5.18133, 169.604, -403.605
7.36678, 489.778, 355.763
5.57063, 89.9804, -86.9737
5.26431, 2986.17, -5177.98
6.69051, 1080.74, -286.687
3.75764, 540.421, -1171.14
6.98957, 323.256, 69.6888
5.97428, 165.39, -204.99
5.82752, -570.9, 2552.87
3.06838, 685.73, -636.203
3.37987, -1841.71, -723.059
2.91253, -1980.27, 3164.87
6.68103, 495.474, 15.773
2.64818, 829.743, 4186.23
6.34719, 70.9922, -48.7964
4.29829, 215.466, -3971.7
6.24626, -1102.1, -394.889
6.28385, 142.216, 35.39
3.60834, 2590.8, -1510
5.58305, -306.716, 205.331
3.66846, 444.467, 276.961
6.22052, -40.9414, -3937.17
5.80997, -126.51, -663.263
4.9209, -3816.41, 6929.53
2.58972, 597.598, 258.951
4.98291, -92.2216, 488.011
5.09587, 169.773, -91.8397
4.71395, 682.963, 3621.94
4.14528, -2590.58, 1670.61
3.52671, 240.521, -42.8659
7.19863, 1.77073, 1018.3
2.85168, 1162.49, 3323.98
3.30042, 337.868, -1254.93
6.70788, -51.7198, 203.647
4.13614, 231.442, 162.747
6.85942, -148.866, 115.336
5.99896, 350.478, -27.8288
5.52801, 700.008, 311.546
4.77536, 659.422, 51.1588
2.91543, -401.215, 717.548
3.94883, -3741.02, -902.2
6.51009, -33.0425, -107.786
6.81821, 288.138, -1554.18
3.81831, -5216.77, 409.2
4.79881, 783.556, 598.775
4.95672, 210.027, -123.127
5.82344, 1702.55, -2625.65
7.31738, 120.389, -306.843
7.23022, 549.418, 72.5484
2.81902, 1686.57, 182.912
5.04829, -565.026, -586.785
6.13222, 402.685, -392.752
5.65882, 319.771, -119.483
3.26658, -412.917, -714.053
5.09652, 684.327, 3623.27
3.52281, 6624.74, -2083.82
6.03231, 57.7721, 57.5332
6.05786, -1426.86, 7069.18
3.66304, 400.352, 452.785
6.80594, 357.68, 196.085
2.67122, 463.405, -242.986
6.26587, 1071.9, -148.546
4.14789, 389.346, 1112.37
4.65309, 5986.28, -1573.59
7.33455, 19.6395, -637.826
4.05803, -1908.32, -1759.57
5.69762, -6900.29, -93.8672
5.95386, 10.2322, -16.7408
5.36403, -456.592, 120.863
6.60667, -3858.38, 6877.62
4.21807, -4159.19, 1582.31
5.09387, 267.901, -199.521
6.78438, 302.16, 1105.02
6.18587, -17.0335, 563.412
3.45992, 2039.24, -885.792
2.83145, 126.467, -148.051
3.60828, -4969.18, 3117.57
3.33656, 177.154, 95.5653
6.31172, 323.645, -144.1
5.44905, 1863.34, -2434.73
4.65223, -7218.26, -478.889
7.09618, 1596.95, 68.0694
5.09668, -1119.89, -1616.99
7.38058, -395.689, 66.1564
5.15714, 325.146, 111.341
2.98716, -1174.82, 510.779
5.83983, -551.836, -514.684
5.44444, -582.348, 3060.08
5.01137, 166.055, -16.3059
2.75808, 373.078, 1480.15
2.6753, -58.4854, 15.8793
4.41484, 45.7386, 499.601
5.55555, -3054.8, -3346.32
5.06574, -7236.98, -484.909
5.98498, 571.283, 80.8785
4.89891, 193.612, 220.774
3.88323, -7440.76, 31.7576
6.01685, -334.165, 3314.1
3.67701, 221.206, 357.842
6.41501, 133.993, 51.0295
6.60589, 218.382, 200.087
3.21842, 4637.44, 3955.31
5.75757, -284.77, -491.743
3.87677, -1595.87, -1951.18
7.26215, 3319.7, -1236.89
4.58238, 342.308, -54.7479
3.03869, -127.826, -717.202
4.70633, 385.202, -566.165
6.28811, 208.261, -191.639
2.77803, 655.44, -2.05923
3.51241, 154.037, 9.86874
6.82305, 626.77, -291.97
6.52456, 72.7394, -85.9076
2.78861, 764.928, 2034.16
4.40304, -152.832, 265.053
4.56124, 357.369, -27.9538
2.80071, -1757.56, -829.535
7.09746, -1191.55, -969.823
3.35398, 376.572, -114.062
6.51634, 346.405, -196.124
3.88599, 3154.55, -817.995
4.44586, 250.778, 15.0977
7.19936, -2142.33, 1262.56
6.24573, 166.583, 3371.05
3.44774, 5051.97, -5088.54
6.89581, 200.217, -139.354
6.8953, -47.9384, 12.6252
3.30515, 245.429, -1923.6
5.87346, 27.6795, -285.94
6.89096, 201.908, 59.0261
6.98262, -796.119, 4542.07
3.06535, 543.391, -72.7992
5.93789, -2139.2, -1582.27
3.21651, -104.098, -286.256
3.6901, -935.935, 352.749
5.64383, 3493.37, -2399.79
4.312, 352.713, 348.23
4.64437, -2209.01, -2025.11
4.91936, 1825.56, -2197.8
6.20379, 136.01, 1970.69
3.23098, -71.0741, -468.134
7.36238, 243.249, -70.9265
7.3158, 517.216, -49.1539
3.14741, 3083.22, -1898.68
5.3784, 219.8, -243.365
4.66439, 271.958, -1029.16
5.50066, 371.133, -116.569
5.85098, 434.944, 371.572
4.5137, -3653.87, -1268.1
6.46691, -2025.13, -1748.22
4.89889, -4375.77, 2105.19
5.72449, 368.624, 104.818
4.28836, 6964.82, -1082.09
5.96794, 174.417, -961.139
5.83428, 1143.3, 659.814
3.22071, 381.835, -18.3328
7.10415, 207.052, -137.58
4.22228, 1316.21, 4679.67
6.66824, 399.841, 182.779
2.74349, 247.611, -1054.6
3.27936, 1525.62, -2604.92
2.55765, 870.642, -289.516
3.94327, 471.954, -271.399
5.07295, 172.978, 684.56
3.65948, 1386.62, -4194.15
2.75022, 318.699, -391.764
5.33091, 403.777, 113.779
6.69774, 451.151, -468.153
4.28763, 785.676, -224.511
4.3452, 207.869, -860.969
7.22226, 248.965, -28.2627
4.72425, -1330.7, -23.6313
6.82086, 171.282, 103.323
5.82654, 55.1021, -597.516
5.79297, 720.723, 232.486
7.10736, 3062.94, -2263.05
5.11536, -3922.38, 3122.7
5.45229, -77.5945, 808.107
5.79944, -215.329, -3136.91
4.24765, -1785.92, 1178
4.11714, 536.178, 160.846
7.08984, 234.673, 927.807
3.08619, -5800.65, 2285.51
7.31268, -437.993, 443.937
5.17978, -40.796, 351.979
5.81447, 1943.65, 1119.76
5.48362, -6030.02, 2897.65
6.93363, 185.761, -1033.45
6.67999, 658.529, -66.8433
6.69339, 236.221, 4.10517
6.85642, -518.52, -477.114
2.5002, -586.044, 2580.84
4.77274, -1271.87, -3778.35
4.25696, 1643.06, 138.81
5.80713, 6128.31, -4656.81
6.22234, -373.827, 27.6613
3.3821, -1152.67, -5214.86
7.4621, -1361.68, 1562.04
5.95466, 470.649, -456.528
6.97862, -560.193, 171.619
3.51579, -1366.05, -587.579
7.2356, 691.084, 613.548
4.88476, -5523.06, 3022.97
6.78578, -4973.09, 3117.51
6.41237, -108.472, 168.229
5.70687, -3774, 3668.63
3.14521, -124.386, -91.6735
5.77944, 223.869, -634.876
3.09199, 138.121, 30.8626
3.88793, 3101.45, 891.041
6.65548, 55.2347, 2885.52
6.14153, 4665.53, 6017.94
6.74348, 5205.38, -3896.04
3.43989, -106.741, 395.97
6.09602, 262.13, -102.812
4.25586, 119.138, -484.061
3.34555, 215.179, -210.665
4.52383, -5590.16, 625.988
4.20924, 129.324, -201.764
6.67141, -232.854, 225.188
3.9111, -4322.17, -7007.71
5.16766, 4440.52, 2535.12
6.25085, 1331.04, -2361.85
4.62554, 467.612, 228.99
4.66964, 500.9, 173.654
3.03022, -4053.87, -3002.61
6.4639, 352.405, 359.164
3.91232, 105.158, 25.1171
7.14264, 4615.2, 7202.15
5.37926, 206.419, 11.6255
3.4895, -454.641, -571.311
5.99081, 236.98, -65.2356
3.07265, 1243.08, -221.671
4.22945, 188.975, -1166.12
4.15646, 352.238, 76.4381
6.42735, -6071.03, 2949.8
6.65775, 638.034, 36.7903
4.21712, 381.537, 131.001
4.2603, -596.164, -2.91365
6.38197, 198.763, -186.706
6.58658, 215.572, 254.72
4.26157, -537.842, -555.1
7.09559, 185.34, 229.119
3.2877, 724.643, -111.511
5.56029, -50.0755, -429.602
5.54222, 170.284, 113.657
3.16647, 3422.15, 3452.07
3.51409, 4402.7, 5972.4
4.79457, 501.039, 164.599
3.48759, -257.976, 1625.88
6.77118, 255.934, 91.2007
6.54562, 1305.34, 1138.29
2.80131, 2924.16, -1894.81
6.50584, 1850.39, -5444.41
5.49597, 319.354, -150.238
7.43182, 416.451, 51.5141
2.65919, -174.891, -227.065
6.8356, -3710.84, 4412.07
3.69109, -2358.54, -803.423
3.6127, 2404.63, 986.992
4.73907, 7666.04, 3577.7
2.61231, -402.906, -270.629
6.79755, 246.639, 49.0044
4.15902, 490.091, -4474.36
5.72195, 642.896, -436.63
7.43521, -386.472, -127.551
5.30162, 162.153, 0.0794356
4.74553, 132.3, 171.843
5.213, 217.895, -565.023
2.90797, -2828.51, 990.024
3.99606, 1633.94, 3250.9
6.63964, -4102.77, -751.829
6.48936, -4796.11, 2088.69
5.71048, 279.706, -272.945
4.84105, 16.6363, 532.224
7.15326, 561.313, 2047.57
5.08798, 195.891, -763.858
7.42924, -4940.78, 3055.75
5.94567, -238.729, 22.6929
6.19966, 303.212, -438.429
3.46323, 1174, 1625.69
6.08881, 3240.53, -1831.3
6.11146, 688.177, -615.191
6.49298, 173.671, 63.1034
4.23216, -5618.81, 355.741
5.1481, -2458.14, -1392.28
3.19001, 1121.76, -115.956
6.73218, 156.003, 95.0955
6.32766, -153.15, -339.386
7.5, -6028.92, 2890.95
4.24891, -8707.97, -2806.49
5.50367, -943.798, -316.977
3.50808, -535.056, 3673.65
6.2385, -3872.95, 657.562
6.49225, 1146.58, -458.989
3.03505, -926.098, -153.472
5.35813, 164.778, -29.8423
2.84683, -5589.9, 1853.29
4.16036, 533.536, 1131.73
5.80945, 176.622, 169.376
5.27726, 436.28, 4255.87
7.12415, 434.521, 666.183
2.69832, 361.962, 2974.7
2.62083, 661.957, 887.202
4.61923, 183.058, 32.0724
4.36987, -829.95, 479.963
2.93303, 3994, 3943.86
3.05403, 248.019, 275.685
5.31992, -5468.46, 173.39
7.37269, 170.232, 56.3962
3.05066, 167.837, -4102.03
5.99352, -3306.29, -3663.65
2.79674, 54.0585, 129.804
4.69755, 973.241, -660.111
5.24651, 1257.14, 525.156
3.45129, 318.39, -261.989
7.36597, -59.2369, 72.2497
3.19593, 131.553, 186.045
5.48978, -3301.86, 264.247
7.12812, 211.41, 352.227
3.91116, -1747.61, 406.186
6.8307, 406.214, -141.799
6.29598, 823.103, -1244.53
6.10793, -60.7562, 358.223
3.34241, 92.1783, -47.5464
3.32882, 1594.27, -2745.85
3.39076, 314.513, 152.841
5.87226, 315.852, -163.094
4.83484, -511.26, 810.918
6.85219, 377.062, -18.3764
5.76023, -538.923, 438.818
5.80464, 1953.12, 1125.81
2.58037, 292.337, -412.98
4.30596, 6461.11, 3628.71
3.72747, 118.953, 1367.64
6.93086, 312.958, -400.85
5.23701, -8228.89, 152.472
6.57209, -417.153, -212.029
5.24453, 997.499, -75.4876
4.16156, 756.585, -328.494
4.40213, -1944.64, -3493.51
2.52389, 2330.11, 467.817
6.95226, 116.941, 27.6844
6.16955, 698.361, 216.604
6.04239, 49.4732, -112.028
5.1278, 2075.78, -3048.15
6.41065, 96.5789, -243.874
3.42484, 146.368, 226.345
5.72673, 279.225, 148.923
3.42178, 75.8296, -75.9729
3.31214, -973.853, 680.312
2.65594, 1267.42, 1472.34
7.42716, 447.094, -200.872
4.04559, 648.957, 54.9761
4.11075, 508.556, 5.22975
5.51155, 44.5765, 49.9021
2.89107, 6290.5, -1163.63
3.93936, -765.011, 43.7875
5.79307, -183.593, 824.199
7.36348, 409.733, -17.7281
7.27758, 4452.61, 1796.61
7.42745, 362.072, 178.001
7.30478, 197.949, 38.2371
3.0073, 880.325, -67.6149
3.71505, -351.604, -57.3137
6.91151, 578.851, 153.829
5.28805, 123.487, 40.0824
6.7669, 271.523, 6.90123
7.49145, 591.572, 33.7633
3.99751, -5308.21, 2072.04
6.33157, -9582.65, -3099.83
4.81901, 936.867, -1559.75
6.8168, -386.474, -252.703
6.99018, 203.573, -317.955
7.377, 670.627, -96.7927
2.77405, 697.324, 68.5183
6.32605, -353.435, -231.305
5.09219, 1670.43, -2590.83
3.46574, -526.648, 400.409
6.98252, 239.785, -14.5194
6.38492, 168.926, 65.2327
2.75968, 853.802, -1916.82
7.47331, 1719.92, -2586.56
5.93659, 44.5705, -121.181
5.94854, 1971.84, 1139.82
6.57666, 3193.28, -1535.37
7.05426, -18.8733, -110.621
3.34218, 2926.37, 5603.39
5.24183, 3153.66, -2333.87
6.53351, 107.804, -89.4217
4.17803, 105.873, 25.229
5.53435, 387.745, 507.34
6.59602, 1809.57, -2426.54
7.3485, 139.835, -209.223
6.29349, 780.852, 617.822
3.72113, 96.7847, -1289.26
5.80589, 370.027, -121.641
4.21574, -175.086, 56.9482
7.27146, 35.3838, 155.321
2.60828, 3383.45, -3593.42
4.54979, 190.031, 38.207
2.55789, -4770.55, 4268.01
3.04964, 329.014, 1798.6
5.28259, 16.8838, 222.727
4.45466, 409.375, 113.624
7.20539, 163.471, 81.8646
2.55572, -47.8478, 69.3651
6.22897, 1278.61, -2984.05
3.84293, 128.119, -247.004
4.27153, 362.461, 387.743
3.45835, 6995.04, -7115.83
5.14832, 62.1811, -113.307
4.39478, -1024.2, -5934.71
3.16407, 303.995, -78.3411
4.26563, 356.915, -807.838
4.2497, -5587.61, 2876.97
7.41084, -2452.79, -1869.38
5.25961, 465.256, -321.332
4.99918, -2010.65, -581.839
3.58531, 1588.21, -2304.19
4.37311, -220.302, -861.962
6.78251, 3639.47, 3290.21
6.45578, -3431.08, 6975.3
3.9204, 3167.93, -4049.39
5.07645, -345.767, -355.721
6.79238, 468.946, 44.3655
7.07844, 244.769, -163.162
7.48941, -2047.39, -1741.44
6.53177, 171.137, 79.609
5.22718, 278.181, -636.98
7.3461, 930.12, 99.8356
5.31931, 1063.6, 501.254
4.03031, -150.146, -179.3
5.41853, 175.92, -195.82
2.91197, 98.6579, -284.098
5.47382, 176.538, 75.8962
3.31968, 3152.72, 6189.53
6.46527, 818.881, 0.92674
2.95373, -289.897, 1723.96
6.3072, 108.824, -758.243
6.83996, 361.826, -32.4022
6.40105, 126.421, -104.389
6.61399, -1950.37, -272.815
6.70974, 175.226, 181.982
4.48328, 330.533, 730.723
6.508, 181.796, 118.859
6.56811, 58.9584, -1.40728
5.43493, 347.316, 852.053
4.64621, 246.962, 773.868
2.5002, -1364.72, 448.63
5.31153, 341.311, -147.571
6.22632, -895.664, 748.536
3.89846, 3691.93, 2240.48
2.93406, -943.333, -5276.62
3.5733, 978.966, 1195.04
3.93296, 809.657, 207.382
4.86595, 570.787, 137.858
6.95893, -2035.89, -1675.58
5.91955, -691.468, 249.883
3.54376, -25.6963, -19.418
6.67533, 122.539, -41.6693
7.09218, 409.009, -1013.85
4.48244, 603.148, -94.2701
6.37858, 1716.75, -6.65901
5.68161, 783.871, 473.599
6.64746, -365.666, 62.4088
3.40204, 2042.44, 549.224
7.45927, 169.183, 36.6273
6.70558, 267.931, -95.1511
4.65177, 131.188, -703.036
4.38589, 207.262, -106.048
2.70802, 429.802, -660.553
6.80715, -701.944, -1100.12
6.62116, -4870.27, 2906.77
6.25052, 1927.55, 1189.81
3.55801, 230.329, 125.444
4.31029, -444.631, -199.38
4.43545, -7.40366, -292.452
7.32918, -3492.38, -2179.51
6.5872, -0.716397, -109.499
4.5755, 2514.83, -361.672
5.83759, -266.425, 360.02
2.52101, -4734.97, 5026.11
6.98048, 387.681, 57.1529
3.68416, -210.397, 1320.01
3.79415, 251, -190.169
5.4939, 1464.77, 216.275
6.89823, 482.769, -129.973
6.16299, 271.473, 196.696
6.0773, 759.794, -344.007
3.57724, 6949.54, -310.549
6.30413, -4699.4, 3703.67
3.85351, -4.72367, -318.501
2.75246, 86.3514, -67.6229
4.78866, -2041.22, 463.888
2.58759, 122.445, -0.774664
3.01129, 7158.36, -4533.09
2.639, 3603.79, -2185.46
5.65921, 156.428, -151.7
6.34425, 165.034, 70.1906
2.74132, -106.738, -67.8212
6.6924, 209.635, 302.071
6.76899, 127.587, -57.5967
6.57649, -186.198, 666.771
6.85188, 534.956, -4962.78
5.27222, 1176.16, -471.053
6.12646, 103.644, 199.883
3.20424, -5107, 4408.83
6.6115, 261.647, -94.8016
5.51185, -3055.6, -3342.97
4.93856, 204.452, -829.765
6.14942, 598.943, 351.634
4.05164, -1818.38, 1244.56
3.93925, 71.9844, -475.66
5.45857, 2358.71, -2946.77
5.34055, -3491.29, 1849.73
5.41059, 2863.93, 2382.27
2.84132, -511.153, 193.984
4.34304, -1667.44, -660.093
6.28475, -434.904, 2.65912
6.35297, 572.025, 3330.78
4.27217, 362.173, 150.418
5.98913, 28.9259, 75.3986
5.08005, 1827.9, 1223.01
5.94494, 670.208, 396.983
6.18066, -1721.57, -1389.21
2.56231, -3128.86, -1831.53
7.16549, 247.682, -61.5382
5.37826, -199.011, -263.62
3.05587, 1030.73, -9.71038
4.87388, 217.309, -22.9814
3.24247, 1911.7, -1162.99
4.22594, -10007.1, -2219.94
7.04476, 161.513, 60.2437
4.54571, 3149.76, -1557.13
5.96642, 286.002, -30.1803
3.35865, 112.938, -285.722
6.21715, -5445.19, 1885.95
4.16319, 298.572, -325.898
4.62157, 377.152, 0.105509
2.79523, 88.2188, -290.037
5.09005, 325.767, 99.7907
5.94425, 475.344, -593.087
5.01149, 665.596, 207.003
6.56617, -48.761, -42.052
3.07974, 171.115, -309.406
5.24841, 656.051, -554.855
5.06046, 755.565, -188.405
6.02649, -2017.5, -1675.33
5.65083, 231.559, 64.1113
4.0207, -220.528, 121.314
6.74719, 188.532, 30.8536
3.39619, 1917.82, -2459.1
2.61737, 437.746, 1495.22
4.19467, 475.078, 96.1217
3.43818, -2011.47, -1800.54
6.60467, 403.088, 102.967
6.72507, 95.7581, 3375.71
6.78031, -3491.85, 1949.23
7.37454, 193.078, -18.9831
2.99587, 41.3003, 352.67
2.56182, -4500.46, -3335.54
2.58614, 685.664, 683.177
2.64527, -41.1311, -615.755
4.1031, -1841.81, -1853.42
6.17815, -3562.32, 2139.67
3.14876, 848.525, 50.7298
2.5161, -3456.63, -720.846
6.91905, -1146.85, -835.683
3.70482, -133.332, 92.8449
4.38481, 121.912, 1411.03
4.44879, 270.672, -5.91079
2.81534, 4143.28, 1571.3
7.30792, 388.993, 17.2096
3.75349, 622.525, -258.414
6.85376, 276.896, -25.7462
2.85991, 3482.03, -4684.68
2.70653, 4586.1, -2770.66
3.46378, -589.102, 332.448
3.86708, -2345.11, -1984.78
7.4007, 163.899, 42.6895
3.60607, 1381.91, -5695.64
6.43119, 1698.63, -2568.35
4.42306, -399.299, 1772.61
3.78593, -3236.8, 3760.28
3.91087, 96.0458, -244.064
7.33834, 1353.78, 641.893
4.22841, -108.123, -158.217
3.45922, -608.227, -801.197
5.05037, 308.642, -53.3572
5.21857, 1260.19, -5082.49
5.72333, 962.819, -425.197
3.89738, -1112.56, 128.034
3.41887, 66.2433, -120.439
2.71579, 2410.7, -2802.55
3.98408, -285.287, 219.521
4.25548, 686.273, -435.856
7.09372, 180.04, 2.19367
5.81225, 48.3544, 502.293
5.08041, -2030.94, -1745.24
4.03763, 377.73, -153.18
3.0007, 1994.83, 2132.93
3.47502, 272.703, -52.2318
4.11407, 3503.98, 3530.39
5.56182, 38.9657, -543.607
5.13511, 3307.1, -1636.08
3.45653, 323.076, 242.819
4.7178, 6195.8, 3648.41
4.48693, 7137.7, -1392.52
6.28051, 151.48, -224.954
6.6213, 781.299, -298.047
5.51573, -446.979, 606.005
3.04573, 72.4242, -625.645
4.11797, 2518.04, -785.535
5.03403, 125.921, -161.24
4.76521, 700.22, -664.277
4.77315, 510.646, 359.702
4.91125, 442.018, 15.5328
5.07896, -4841.16, 837.617
4.50207, -2332.97, -954.674
4.22945, -333.679, -201.594
6.64533, -248.555, -509.863
3.02204, 2362.67, -1672.67
6.40057, 348.871, -280.683
3.19919, 894.745, -619.269
2.62171, 4324.15, 4868.59
6.0664, 45.1175, 1129.04
7.15538, -102.583, 522.377
7.47667, -52.8292, -215.551
3.86264, 96.5082, 183.955
3.6923, -1973.18, 99.8264
3.87328, -496.178, -3359.72
5.70836, -786.76, -884.521
5.17637, 42.2847, -244.876
6.8967, -3109.93, 5499.71
6.75968, -52.8731, 32.5637
2.98004, -31.3889, -224.497
4.66818, 243.314, 12.8207
3.17045, 282.119, -206.575
5.86802, 163.282, -33.4019
5.34964, 433.415, -456.703
3.66474, 40.1438, -519.906
5.50306, 1238.44, 320.891
2.6551, 232.65, -238.562
7.08512, 182.123, 14.7403
3.82958, 454.541, -679.129
6.50016, 310.14, -138.323
5.46389, 215.987, -116.766
5.0822, 568.353, 119.461
5.2567, 2606.3, -1357.73
3.47225, 402.333, -57.3571
5.36152, -3228.15, 56.9719
3.81992, -687.779, 7607.71
4.41648, 3117.59, -6395.51
2.73626, -416.576, -208.06
4.22823, 585.618, -321.566
3.61594, -3309.69, 8044.23
3.81264, 118.666, 53.2626
3.05141, 472.864, -240.925
7.40088, -85.6678, -11.5099
5.93794, 722.891, -302.746
5.82158, 218.987, 295.091
5.99501, 665.934, 93.9869
2.68746, 119.116, -95.0679
3.6706, 179.754, -126.917
3.95397, -6271.37, -9433.24
3.50543, 175.055, 184.269
2.7177, -2914.22, 4404.47
2.56571, -1580.12, 52.0928
6.07297, 6629.63, -2076.47
6.88348, 794.043, 130.37
5.35088, 1986.54, -3642.25
6.92743, -3372.06, -3854.51
5.20042, -1798.3, -713.522
3.31357, -1771.19, 77.9495
3.30492, -3010.33, -2223.9
7.19182, 131.636, 69.0458
3.45628, 235.563, 688.495
3.15761, -3166.55, -440.418
4.41122, 695.022, -661.342
6.12674, -598.324, 3056.8
2.50651, -7240.52, -485.613
4.60222, 5129.35, -2894.54
5.18984, -760.237, -136.183
4.86596, -1474.21, -654.904
6.33003, -280.643, 103.065
2.9396, -933.157, -1090.72
7.04284, 176.252, -18.7096
3.20818, 378.29, -520.728
2.54782, 353.685, 372.81
2.82267, -50.4037, 773.418
4.96742, 252.082, -228.982
5.40914, 351.118, -20.2038
4.03373, 4278.25, -7456.74
4.57091, -31.701, -277.27
4.33401, 1866.62, 2111.41
3.42687, 487.211, -2462.59
2.76788, -3038.85, -2662.09
4.47222, -15.031, 4.00219
3.98388, -1589.68, -1666.98
5.05388, 53.4377, -179.134
3.75392, 2544.52, -4071.18
5.01589, -1580.54, 2692.65
2.51168, -5.7848, -306.337
7.01807, -6046.46, 2889.88
2.79181, 3630.48, 3832.51
5.17506, 256.451, 3378.9
3.95754, 2963.36, -1121.5
7.3023, 216.398, 67.2872
4.73406, -3518.01, -1299.19
5.08479, 187.087, -161.274
5.93861, 1064.18, -877.067
2.72187, 323.98, -315.175
7.2946, 4086.54, -2941.88
5.70852, 378.403, 380.887
2.80215, 127.766, 32.1505
3.33964, 486.013, 199.585
5.76491, 306.943, 348.422
6.19864, -536.595, 2545.6
3.57011, 444.323, -472.399
4.31441, 889.14, -1923.18
6.56981, -138.219, 258.019
5.32057, 119.074, -37.9977
7.45886, 365.576, 4.43772
6.5669, 100.727, 570.303
3.49157, 3734.76, -4714.44
2.50003, -1.57423, 786.363
4.62608, -3695.48, 4396.41
4.07406, 1848.88, 1127.91
5.56218, -3867.29, 611.68
3.83351, 12.1097, -100.411
4.39881, 1674.98, 331.98
5.43397, 357.206, -19.0709
5.95636, -2407.29, 168.452
7.26736, 156.532, -58.9609
4.89785, 231.15, 669.414
3.60319, 539.629, 1113.7
5.33741, 843.82, 643.558
6.09873, 73.6716, 54.8289
4.4953, 1776.09, 145.234
3.48326, -20.32, -13.9982
6.66971, 552.924, -144.497
5.59561, 446.029, 145.77
7.26866, -217.995, 93.7686
3.23222, -495.032, 649.021
5.38953, -464.482, -346.264
7.26796, 172.081, 25.4568
3.62331, -6077.95, 3071.14
7.25137, 187.788, -155.994
3.07874, 768.05, -383.159
2.58372, -281.152, -32.4689
3.90465, 425.022, -110.899
7.15042, 465.438, -360.657
3.04796, -121.001, -211.693
6.77266, 119.425, -216.843
5.68532, -265.988, 282.604
5.63853, 162.935, -14.9688
3.80589, -678.788, 1321.6
5.13936, -1020.21, 189.684
7.16608, 2395.27, 1006.18
3.98055, -1173.73, -6.48679
4.78006, 377.931, -154.348
6.35659, -1221.75, 5076.31
4.17193, -2183.31, -3475.85
6.31775, 507.94, 260.009
6.65892, -2374.1, 2720.03
2.64618, 2591.84, -1719.84
4.31315, 75.3095, -1099.56
4.16221, 396.963, 241.521
3.17675, 2097.11, 2284.02
3.00839, 1386.15, -4291.86
5.11327, 308.69, -319.734
3.52046, 979.367, -622.29
5.00728, 69.9544, -755.737
5.1371, -5376.68, 3656.79
4.13422, 409.788, -106.6
4.75888, 212.733, -429.638
6.85263, -747.681, 488.994
4.72884, 509.266, 160.438
6.03726, 229.661, -100.105
6.83171, -1831.59, 353.989
6.5822, 411.119, -656.267
2.67504, -4155.81, -1615.97
3.8644, -962.33, 2137.47
5.21858, -1582.33, 1055.56
3.19942, 4978.16, -760.765
5.57408, 254.499, -257.059
3.29182, 819.602, -562.8
4.41129, 580.912, 545.153
5.94997, -805.04, -293.355
3.21128, 4173, 27.0317
5.65284, 442.577, 197.603
3.15973, -3567.63, -1642.04
7.13583, 359.006, -28.6927
5.53465, 5928.88, -9043.18
5.50388, 753.507, 838.99
3.33635, 1334.54, -224.892
3.301, -1791.12, 2303.82
5.91628, 364.621, -260.385
5.1456, -343.722, 812.089
3.65264, -2073.87, 1138.58
6.55373, 20.0233, -11.3354
5.76477, 367.06, -0.318093
4.08597, -175.041, 686.77
2.53953, 468.209, -505.855
3.49176, 477.084, -121.6
3.78831, 268.171, 91.7035
3.03825, 425.902, -1527.37
3.49545, -117.606, -661.986
6.75079, -6288.06, 3313.92
6.63912, 133.549, 646.286
6.76813, 359.462, 41.7467
5.71027, 197.875, 127.772
3.6787, -3119.62, 3229.81
6.80638, 475.541, -16.7186
5.4745, 421.274, 28.7191
2.52745, -1840.4, -1336.13
6.84925, -124.59, -666.376
7.37729, 410.631, -64.6435
5.59653, -2031.08, -1675.48
3.85574, -369.016, -647.408
7.46973, 152.139, 18.21
4.60751, -736.321, -773.436
4.20537, 849.958, 49.3256
4.80717, 353.741, -97.0127
4.44822, -1125.18, -3119.3
4.613, -5159.22, -954.879
2.84879, 121.551, 841.835
5.5153, -196.326, -116.507
7.36114, 148.987, 135.767
5.07406, -68.056, 101.011
7.45461, 288.293, 165.575
5.84906, -2876.97, -6658.98
4.01716, 672.677, 582.092
3.47371, 761.864, -345.109
4.0109, -1524.12, 13.1058
4.93946, -164.143, -142.807
4.72438, 1000.71, 110.831
5.7844, -235.089, 194.063
3.74227, 6460.34, 3627.53
4.72007, -1291.59, -1018.12
5.75894, 420.252, 91.6715
6.67472, 270.872, -112.477
6.03698, 74.6145, 1042.64
4.93928, -177.472, -1212.66
6.72039, 863.399, 88.96
7.00296, 777.569, -651.801
6.33082, 202.747, 216.839
5.29453, 763.354, 1440.75
2.70603, -669.667, 635.168
5.46749, 384.495, -120.192
2.68674, -69.2797, -4174.79
4.53488, -1493.36, 1457.33
2.84243, -255.568, -642.669
7.38558, 154.066, 131.692
2.5956, 1982.43, 3315.34
6.60363, 285.134, -116.408
5.2195, 4196.74, -3618.92
5.72828, -168.25, 730.305
3.62934, 83.1462, 160.77
2.733, 738.67, 3531.36
3.63154, 37.3027, -387.968
4.58371, -176.869, -2777.65
6.40126, -367.903, -216.786
3.72852, 1808.18, -2433.6
4.81411, -79.5562, -448.076
6.14756, -1382.37, -764.668
5.35237, 5981.31, -820.591
5.45997, 834.182, 133.658
4.98425, -1119.04, -11.4659
3.951, 166.445, -50.585
4.71107, 514.562, -470.191
2.53669, -3466.42, 7637.63
7.41683, 292.009, -85.8156
2.52822, -80.0973, -353.422
4.8676, 2166.3, 612.122
5.86497, 4102.99, 7040.69
