6.27803, -3090.86, 1804.31
3.5948, -12.1112, 1321.68
5.89648, -37.3159, -20.1937
5.09708, 206.438, 146.45
2.76731, 5863.14, -5986.2
2.53849, -2047.97, 2317.64
4.58743, 8183.79, 4848.35
7.15218, 82.4355, 7.15097
2.95982, -47.8995, 96.9283
6.00595, -60.8351, -248.898
3.81226, 602.948, 91.3069
4.14117, 41.2718, 55.8497
7.45519, 819.741, -602.867
7.41275, 198.34, -1.02719
5.75759, -314.911, -243.705
6.92354, 197.614, -65.1739
6.33247, 475.571, -101.769
3.87453, -2349.93, -826.214
4.93259, -1398.58, -1021.89
2.80282, -7415.59, 1846.67
5.08146, 11.3022, -104.679
4.96988, -5199.58, 1919.16
7.23882, 594.188, 55.4323
4.42071, 147.969, -48.2349
5.14874, -3950, 1043.05
2.75042, -317.534, 5214.35
6.63909, -149.27, -154.455
5.94228, 656.214, -93.618
6.18112, 778.241, 30.4253
6.94286, -3880.96, -3402.9
4.25508, -414.512, 428.339
6.72991, 246.145, 280.709
3.84659, 730.279, -151.117
4.83959, -288.008, 703.895
3.2686, 483.39, 101.512
2.66527, 651.88, -406.726
7.2768, -1394.65, -1005.45
6.95369, 360.088, -373.339
3.29884, -532.861, 441.129
3.15214, 1504.7, -767.421
2.515, 3129.92, -547.311
6.0491, 42.7992, -198.541
3.40448, 816.99, 181.97
5.76029, -883.099, 324.729
4.42907, -207.425, 49.6628
3.23766, 1342.01, 1478.03
5.45054, 783.571, 414.083
3.24076, 2883.43, -1369.64
3.2091, -2369.17, -1373.26
4.94257, -412.161, -179.36
3.13015, 80.7283, -734.897
5.64635, 976.566, 131.626
5.60817, 98.31, 37.0475
4.88216, 3563.33, -4917.08
2.64188, -283.708, -204.404
3.21011, 4297.8, -641.527
3.15594, 44.1605, 37.8949
3.31099, 1547.98, -2356.11
3.76529, -504.565, 221.307
4.77654, -4931.69, 2420.31
6.54472, -46.9163, -863.37
3.57624, 260.665, -125.198
3.75063, 181.408, -58.7848
5.02978, -1046.82, -1920.13
6.27922, 125.177, -46.1
5.66369, -1697.72, -3477.68
5.9449, -2256.4, -1668.08
7.27207, 331.082, -560.369
5.18713, 5118.88, -2595.57
4.57014, 111.427, -2105.14
4.70019, -428.547, -598.904
6.07821, -1832.07, -1833.64
6.20858, -2630.88, -1995.47
5.12494, -3370.39, 2720.13
6.06711, 145.894, -126.111
5.91025, 105.071, -146.063
6.82941, 2071.16, -1666.51
3.19597, 550.549, 1726.57
3.57766, 87.5685, -49.7509
5.0733, 1193, 2134.63
4.83766, 172.335, -62.9058
3.55759, 3811.22, -3877.22
5.65244, -267.743, 463.92
2.5044, 3011.16, -4332.79
4.09589, -763.222, -2775.85
5.90281, 199.32, -91.9542
6.0446, 294.301, -72.1616
2.90869, 394.443, 140.515
3.56926, -479.379, -425.362
4.44412, -116.257, -249.099
4.44927, -3917.47, -1334.99
3.92018, -12.8488, 640.149
4.6123, 202.064, 37.6772
2.55658, -2088.62, -111.54
3.72027, -5340.27, 2818.76
4.49072, -2043.6, -3547.71
6.64177, 444.984, 112.406
3.78584, 473.611, -315.195
3.59705, -1268.52, 487.592
6.47385, 211.045, -71.977
5.8476, 1109.13, -378.784
5.49108, 285.785, 699.873
5.99917, 2606.41, 1691.32
5.13062, 128.372, -345.065
4.14833, 297.789, 261.494
3.30844, 5844.2, 1016.78
6.56633, 118.761, -43.0051
4.08004, 150.357, -624.641
4.05369, 672.075, 268.125
4.65424, 205.33, -39.5574
4.46509, 578.586, -6.12541
4.43916, 529.351, -335.53
4.34871, 179.011, 287.024
5.88118, 76.653, -167.747
6.10384, 80.8423, -415.837
7.20082, -2335.69, 905.535
5.08573, -112.784, 92.0689
5.5282, -359.03, -245.26
5.85049, 1549.77, -2346.12
5.11404, 417.002, 170.395
3.87105, 593.21, -52.8177
7.08924, 228.324, -67.7778
3.73367, 609.99, -182.821
4.77876, 593.688, 50.4903
3.30374, 284.589, -124.07
4.68319, 27.1027, -299.232
7.45767, 739.262, -197.489
6.26931, 3798.62, -3735.27
4.97846, 74.6451, -817.909
7.01651, 255.141, 96.1389
4.68213, -535.502, 244.377
5.09239, 2123.11, -1670.17
4.44866, -1812.51, -2916.56
5.63431, 323.607, -36.5471
5.19331, 182.315, -51.0104
4.35955, 48.5921, 1113.93
2.54674, -302.453, -659.041
6.3794, 32.4204, -20.6615
2.85317, -565.415, -661.958
3.98511, 101.871, -126.026
4.78581, 215.693, 1343.42
3.25156, 665.084, 170.246
5.97819, 166.897, -445.073
4.15587, -542.865, -629.228
5.21197, -3298.69, 5835.67
2.64678, -3270.93, -2049.47
5.38086, -20.3203, 226.423
5.18133, 276.537, 171.132
7.36678, 660.398, 49.3939
5.57063, 198.347, -40.4473
5.26431, 2557.13, -4390.68
6.69051, 1284.45, -105.45
3.75764, 361.085, -1109.94
6.98957, 313.638, 47.2938
5.97428, 430.44, 238.801
5.82752, -412.865, 2319.34
3.06838, 407.243, -666.604
3.37987, -1538.08, -767.201
2.91253, -1625.85, 2658.28
6.68103, 231.519, 24.7593
2.64818, 503.097, 3533.77
6.34719, 196.052, 17.9638
4.29829, 238.442, -3460.7
6.24626, -731.931, -273.014
6.28385, 189.744, 17.0009
3.60834, 2446.15, -1306.12
5.58305, -287.486, 228.22
3.66846, 568.114, 199.841
6.22052, -19.1256, -3421.84
5.80997, -349.914, -877.683
4.9209, -3232.92, 5785.28
2.58972, 848.113, 383.303
4.98291, 63.521, 174.365
5.09587, 213.651, -64.5632
4.71395, 706.559, 3187.71
4.14528, -2338.6, 1396.38
3.52671, 199.135, -51.1278
7.19863, -4.24483, 1237.83
2.85168, 1146.72, 2881.11
3.30042, 479.404, -1108.05
6.70788, 377.201, -211.045
4.13614, 227.879, -130.902
6.85942, 473.083, -47.9705
5.99896, 74.1463, -65.2198
5.52801, 425.255, -280.793
4.77536, 660.854, -422.514
2.91543, 52.3686, 996.817
3.94883, -3270.22, -887.908
6.51009, 321.686, -94.8545
6.81821, 160.673, -1007.1
3.81831, -4483.09, 352.366
4.79881, 591.637, -32.7347
4.95672, 254.655, -74.1235
5.82344, 1549.54, -2381.68
7.31738, 216.627, 185.459
7.23022, -47.7034, -152.029
2.81902, 1622.44, -39.8848
5.04829, -822.03, -596.558
6.13222, 22.6146, 56.7121
5.65882, 249.629, -137.929
3.26658, -206.305, -341.179
5.09652, 706.496, 3191.16
3.52281, 5641.63, -1788.09
6.03231, 285.667, -173.829
6.05786, -1178.51, 6007.76
3.66304, 78.2991, 350.309
6.80594, -195.401, -112.955
2.67122, -197.091, 315.592
6.26587, 697.349, -107.649
4.14789, 338.134, 523.714
4.65309, 5081.89, -1294.58
7.33455, 307.2, 136.343
4.05803, -1729.16, -1721.7
5.69762, -5873.7, -55.9982
5.95386, 126.878, -1.80689
5.36403, -425.572, 432.092
6.60667, -3275.36, 5822.32
4.21807, -3579.79, 1405.97
5.09387, -292.118, -41.2002
6.78438, 96.3387, 762.281
6.18587, 238.866, 930.31
3.45992, 1230.85, -604.016
2.83145, 82.2455, 9.89669
3.60828, -4231.82, 2654.23
3.33656, 117.574, 46.9658
6.31172, 285.775, 186.374
5.44905, 1597.53, -2110.81
4.65223, -6150.87, -450.592
7.09618, 1689.3, -68.2022
5.09668, -911.208, -1456.42
7.38058, -637.708, 94.9098
5.15714, 70.1448, -112.117
2.98716, -1141.86, 771.027
5.83983, -677.906, -657.295
5.44444, -582.532, 2732.04
5.01137, 188.163, -42.182
2.75808, 521.781, 1373.64
2.6753, -207.31, 461.91
4.41484, 302.415, 512.43
5.55555, -2612.69, -2945.05
5.06574, -6146.79, -449.152
5.98498, 15.8743, -280.306
4.89891, 101.316, -270.798
3.88323, -6280.64, 48.4586
6.01685, -280.987, 2952.17
3.67701, 351.323, -301.333
6.41501, 150.872, -63.567
6.60589, 817.796, 473.942
3.21842, 3900.11, 3393.11
5.75757, -438.384, -258.659
3.87677, -1185.49, -1720.23
7.26215, 2879.41, -1180.55
4.58238, 480.968, 364.625
3.03869, 373.015, 11.4684
4.70633, 157.642, 25.9846
6.28811, 86.0193, -702.993
2.77803, -206.14, 14.428
3.51241, 306.089, -33.581
6.82305, 125.157, 35.8506
6.52456, 670.61, 32.7908
2.78861, 588.68, 1969.3
4.40304, 281.4, -169.73
4.56124, 270.085, -193.134
2.80071, -948.353, -351.474
7.09746, -1171.47, -1059.65
3.35398, 244.662, 1.10811
6.51634, 61.6422, -543.073
3.88599, 2430.8, -689.074
4.44586, 247.732, 5.15163
7.19936, -1994.96, 1022.19
6.24573, 106.411, 3034.52
3.44774, 4206.47, -4311.99
6.89581, 74.7928, 92.8023
6.8953, 418.869, -60.4506
3.30515, 159.787, -1551.07
5.87346, 602.367, 391.433
6.89096, 216.933, 21.075
6.98262, -749.643, 3908.31
3.06535, -78.5401, -210.783
5.93789, -1610.11, -1288.61
3.21651, 336.036, -680.503
3.6901, -801.062, 220.957
5.64383, 3051.97, -2083.63
4.312, 354.294, -223.678
4.64437, -1918.39, -1770.86
4.91936, 1661.79, -1921.42
6.20379, 46.0871, 1631.95
3.23098, 511.362, -66.6701
7.36238, 372.578, -42.1395
7.3158, -52.0777, -21.8304
3.14741, 2716.43, -1703.82
5.3784, 378.736, 100.427
4.66439, 81.8883, -542.673
5.50066, 242.593, 211.472
5.85098, 137.047, 331.56
4.5137, -3198.09, -1086.61
6.46691, -1828.25, -1641.63
4.89889, -3721.7, 1871.68
5.72449, -240.825, 448.147
4.28836, 5883.94, -928.161
5.96794, 67.7208, -813.654
5.83428, 892.173, 409.737
3.22071, 317.954, 83.5737
7.10415, 213.025, 111.199
4.22228, 1183.29, 4046.94
6.66824, 47.2607, -144.005
2.74349, 120.086, -936.302
3.27936, 1406.05, -2234.56
2.55765, 301.421, -293.794
3.94327, 153.789, 173.376
5.07295, 176.682, -228.404
3.65948, 1130.88, -3655.74
2.75022, 735.1, -217.436
5.33091, 514.624, 119.978
6.69774, 665.45, 20.3523
4.28763, 174.344, 188.358
4.3452, 133.405, -1011.5
7.22226, 142.817, -55.5013
4.72425, -1452.27, 62.3784
6.82086, 187.617, 5.22657
5.82654, 211.127, 438.892
5.79297, 56.7882, 31.1353
7.10736, 2755.82, -2006.64
5.11536, -3373.42, 2721.21
5.45229, -8.93688, 860.381
5.79944, -244.171, -2794.45
4.24765, -1674.71, 1120.68
4.11714, 362.082, 469.688
7.08984, 223.442, 696.866
3.08619, -4966.39, 1893.94
7.31268, -385.436, 237.866
5.17978, 379.586, -341.503
5.81447, 1680.78, 902.273
5.48362, -5139.31, 2443.19
6.93363, -30.6575, -1194.87
6.67999, -67.5687, -27.3405
6.69339, 237.233, -31.0447
6.85642, -127.399, -129.4
2.5002, -366.326, 2379.3
4.77274, -982.637, -2997.31
4.25696, 1702.27, 112.302
5.80713, 5155.21, -3965.78
6.22234, 131.224, 318.703
3.3821, -1021.59, -4467.03
7.4621, -1289.65, 1516.89
5.95466, 138.652, 102.112
6.97862, -336.018, -55.5658
3.51579, -1340.45, -461.911
7.2356, 783.089, 322.498
4.88476, -4754.38, 2563.23
6.78578, -4235.22, 2653.9
6.41237, -56.6864, -183.888
5.70687, -3253.96, 3163.94
3.14521, 582.903, 149.039
5.77944, 118.172, -445.095
3.09199, 232.318, -130.432
3.88793, 2791.61, 747.544
6.65548, 134.927, 2598.65
6.14153, 3974.46, 5110.84
6.74348, 4433.1, -3314.29
3.43989, -613.163, 148.573
6.09602, 239.166, -76.3856
4.25586, -19.8016, -681.242
3.34555, 252.551, 283.607
4.52383, -4747, 556.058
4.20924, 46.1586, -77.8563
6.67141, -125.761, 249.514
3.9111, -3644.49, -5908.38
5.16766, 3739.67, 2171.82
6.25085, 1106.17, -1974.13
4.62554, 540.333, 233.553
4.66964, 1070.06, 97.5271
3.03022, -3542.54, -2513.73
6.4639, 176.774, -271.627
3.91232, 236.134, -155.763
7.14264, 3936.96, 6036.87
5.37926, 290.316, 85.9045
3.4895, -356.002, -1.77229
5.99081, 194.739, -63.8281
3.07265, 431.22, 185.617
4.22945, -72.1988, -505.664
4.15646, 143.88, 25.2061
6.42735, -5144.32, 2431.46
6.65775, -136.384, -108.996
4.21712, -49.5538, 59.5055
4.2603, -759.572, -95.2328
6.38197, 212.815, 26.403
6.58658, 480.085, -500.464
4.26157, 5.21168, -462.3
7.09559, 119.11, -107.727
3.2877, 237.344, -31.025
5.56029, 68.6106, 188.27
5.54222, 156.012, -1.80218
3.16647, 2916.32, 3024.53
3.51409, 3715.64, 5080.54
4.79457, -167.249, -103.049
3.48759, -443.341, 1539
6.77118, 542.747, 330.135
6.54562, 892.542, 786.42
2.80131, 2516.1, -1722.44
6.50584, 1596.94, -4676.37
5.49597, 104.94, 12.6782
7.43182, -74.836, 74.5045
2.65919, -592.031, 50.3156
6.8356, -3156.95, 3787.25
3.69109, -1632.35, -651.566
3.6127, 1888.3, 781.331
4.73907, 6481.11, 3021.65
2.61231, 137.133, 105.638
6.79755, 338.894, 89.294
4.15902, 476.933, -3966.51
5.72195, 914.875, -397.9
7.43521, 446.302, 58.2506
5.30162, 232.111, -49.6136
4.74553, 123.015, -47.178
5.213, 60.1429, 14.8178
2.90797, -2072.02, 725.48
3.99606, 1552.6, 2831.05
6.63964, -3596.06, -667.151
6.48936, -4066.35, 1729.42
5.71048, 423.238, 45.8359
4.84105, 399.061, -74.9038
7.15326, 608.644, 1973.48
5.08798, 392.667, -690.578
7.42924, -4193.86, 2665.47
5.94567, -211.58, -330.912
6.19966, 192.418, 396.449
3.46323, 1253.54, 1412.01
6.08881, 2843.23, -1670.83
6.11146, 1046.41, -330.643
6.49298, 217.801, 32.8831
4.23216, -4819.72, 324.335
5.1481, -1899.54, -1017.88
3.19001, 1266.81, -395.338
6.73218, 42.2212, -115.88
6.32766, -518.698, -576.819
7.5, -5141.05, 2461.13
4.24891, -7325.11, -2392.69
5.50367, -160.997, 1.6437
3.50808, -447.994, 3279.15
6.2385, -3369.35, 547.839
6.49225, 687.621, -77.7982
3.03505, -818.419, -435.432
5.35813, 185.643, -83.6745
2.84683, -4830.06, 1614.03
4.16036, 205.717, 428.94
5.80945, 136.907, -141.348
5.27726, 414.83, 3717.21
7.12415, 339.906, 419.964
2.69832, 305.27, 2662.44
2.62083, 839.395, 1075.39
4.61923, 166.998, 70.5918
4.36987, -962.837, 316.625
2.93303, 3396.67, 3347.63
3.05403, -26.9153, -179.407
5.31992, -4642.94, 142.261
7.37269, 148.371, -22.6674
3.05066, 111.981, -3604.46
5.99352, -2913.27, -3193.15
2.79674, 77.5745, 769.942
4.69755, 394.817, -399.873
5.24651, 1121.93, 534.973
3.45129, -187.981, 262.735
7.36597, 233.472, -263.623
3.19593, 207.843, 49.9956
5.48978, -2918.93, 281.765
7.12812, 340.622, 623.192
3.91116, -1335.91, 298.783
6.8307, 470.034, -497.023
6.29598, 896.573, -1310.68
6.10793, 338.818, -259.699
3.34241, 154.264, 2.35179
3.32882, 1210.31, -2439.7
3.39076, 119.299, 24.3452
5.87226, 298.083, 40.6028
4.83484, -157.026, 416.328
6.85219, 56.8975, -77.1551
5.76023, -504.778, 162.04
5.80464, 1656.64, 907.804
2.58037, -15.5105, 408.906
4.30596, 5498.51, 3114.91
3.72747, 145.054, 593.996
6.93086, 189.575, 439.986
5.23701, -6972.74, 125.317
6.57209, -558.139, -422.856
5.24453, -242.68, 15.938
4.16156, 795.358, -343.16
4.40213, -1734.59, -3111.85
2.52389, 1821.38, 364.523
6.95226, 203.539, -55.7159
6.16955, 936.814, 267.495
6.04239, -424.463, 288.053
5.1278, 1888.27, -2661.74
6.41065, 232.065, 408.356
3.42484, 283.55, -277.786
5.72673, 132.986, -126.734
3.42178, 267.695, -72.5233
3.31214, -1122.4, 690.348
2.65594, 1231.55, 1448.53
7.42716, 105.659, 197.263
4.04559, 332.992, 179.371
4.11075, -406.033, -0.801552
5.51155, 131.234, -46.8678
2.89107, 5298.13, -941.516
3.93936, -358.972, -110.233
5.79307, 33.3553, 209.523
7.36348, -211.387, -109.061
7.27758, 3825.66, 1520.97
7.42745, 242.165, -299.508
7.30478, 183.264, 28.173
3.0073, 901.228, 307.706
3.71505, 600.33, -72.5871
6.91151, 746.544, 8.3341
5.28805, 117.789, -48.745
6.7669, 299.643, -0.250974
7.49145, -238.132, -116.388
3.99751, -4480.36, 1838.21
6.33157, -8066.56, -2633.03
4.81901, 874.319, -912.139
6.8168, 300.588, 24.5992
6.99018, 95.3144, 158.885
7.377, 750.467, 60.6557
2.77405, 514.321, -363.726
6.32605, 12.6071, -495.585
5.09219, 1550.63, -2336.09
3.46574, -584.459, -27.8971
6.98252, 182.371, 69.2086
6.38492, 171.1, -260.64
2.75968, 743.075, -1354.87
7.47331, 1518.2, -2462.22
5.93659, 201.918, -63.3986
5.94854, 1675.79, 909.254
6.57666, 2812.65, -1340.09
7.05426, 1.09048, 27.5765
3.34218, 2449.46, 4804.51
5.24183, 2721.52, -2049.61
6.53351, 142.743, -154.605
4.17803, 372.497, 9.08877
5.53435, -229.961, 524.238
6.59602, 1565.54, -2191.36
7.3485, 340.974, 112.911
6.29349, 480.844, 300.343
3.72113, 81.2155, -1018.96
5.80589, 495.448, 20.1665
4.21574, 617.533, -13.2701
7.27146, 189.567, -196.398
2.60828, 2835.01, -3142.99
4.54979, 285.806, -38.9923
2.55789, -3894.83, 3650.5
3.04964, 325.074, 1446.62
5.28259, 457.655, -540.228
4.45466, 126.912, -48.9825
7.20539, 195.646, 46.1906
2.55572, -201.454, -97.1118
6.22897, 944.333, -2277.93
3.84293, 119.218, 96.0608
4.27153, 24.6831, -358.047
3.45835, 5858.58, -6016.24
5.14832, 635.253, 416.033
4.39478, -885.845, -5049.27
3.16407, 129.323, -109.878
4.26563, 153.075, 272.835
4.2497, -4774.4, 2481.59
7.41084, -2293.75, -1659.37
5.25961, -14.3301, 143.875
4.99918, -1964.39, -548.735
3.58531, 1423.49, -2126.84
4.37311, -336.693, -749.913
6.78251, 3076.9, 2759.7
6.45578, -2881.39, 5849.24
3.9204, 2763.7, -3475.44
5.07645, 176.296, 235.943
6.79238, 80.8336, -69.9843
7.07844, 406.727, 169.159
7.48941, -1824.39, -1576.76
6.53177, 404.679, -138.851
5.22718, 109.509, -416.881
7.3461, 705.691, 488.446
5.31931, 1230.05, 310.407
4.03031, -120.697, -733.771
5.41853, 409.502, 49.1015
2.91197, 245.452, -399.173
5.47382, 315.709, 13.0478
3.31968, 2679.16, 5184.02
6.46527, -21.7123, -11.118
2.95373, -498.306, 1547.75
6.3072, 88.2144, -658.424
6.83996, 213.581, -82.695
6.40105, 194.151, -61.415
6.61399, -1894.41, -302.367
6.70974, 135.59, -245.993
4.48328, 351.886, 320.146
6.508, 151.124, -1.18678
6.56811, 357.914, 136.54
5.43493, 525.078, 1154.58
4.64621, 127.906, 520.722
2.5002, -1081.92, 436.384
5.31153, 363.548, 77.0762
6.22632, -380.832, 534.211
3.89846, 3229.79, 1921.66
2.93406, -778.271, -4556.87
3.5733, 742.712, 910.061
3.93296, 635.028, -132.569
4.86595, -290.942, -190.088
6.95893, -1844.61, -1594.62
5.91955, -317.725, 272.438
3.54376, -147.443, -218.269
6.67533, 190.899, -94.5846
7.09218, 125.949, -159.026
4.48244, 271.924, 474.704
6.37858, 1714.66, 181.018
5.68161, 530.109, 67.1475
6.64746, -99.9533, -356.573
3.40204, 1430.12, 407.218
7.45927, 147.503, -21.9554
6.70558, 280.51, 48.1832
4.65177, 551.834, -637.927
4.38589, 253.724, -17.2057
2.70802, 526.699, -445.75
6.80715, -658.2, -1010.14
6.62116, -4169.6, 2519.98
6.25052, 1693.25, 1263.55
3.55801, 329.359, -265.875
4.31029, -292.986, -305.549
4.43545, -360.09, -253.229
7.32918, -3082.62, -1939.02
6.5872, 615.777, 103.881
4.5755, 1632.85, -268.649
5.83759, -189.919, 696.505
2.52101, -4058.84, 4227.32
6.98048, -62.9375, -160.234
3.68416, -312.497, 837.139
3.79415, 130.27, -153.433
5.4939, 947.476, 114.796
6.89823, 359.615, -35.8524
6.16299, 260.665, -358.059
6.0773, 666.095, -271.423
3.57724, 5919.43, -264.603
6.30413, -4045.72, 3185.72
3.85351, -35.7904, -390.08
2.75246, 105.435, -48.4351
4.78866, -1730.32, 515.971
2.58759, 255.31, 302.723
3.01129, 6000.87, -3828.9
2.639, 2689.6, -1599.84
5.65921, 300.894, -11.44
6.34425, 149.385, 165.117
2.74132, 581.565, 22.9727
6.6924, 437.01, 773.351
6.76899, 303.866, -50.5556
6.57649, -244.925, 723.709
6.85188, 398.523, -4252.58
5.27222, 674.399, -79.687
6.12646, 36.0961, 817.282
3.20424, -4398.76, 3713.68
6.6115, 277.856, -53.7405
5.51185, -2614, -2941.69
4.93856, 236.501, -349.015
6.14942, 227.986, -5.71269
4.05164, -1763.43, 1116.29
3.93925, 232.292, -379.497
5.45857, 2124.5, -2639.43
5.34055, -3004.61, 1644.01
5.41059, 2597.17, 2072.17
2.84132, -422.498, 430.163
4.34304, -1678.02, -422.337
6.28475, -334.217, 241.09
6.35297, 655.691, 2916.94
4.27217, 284.451, 631.102
5.98913, 414.243, -0.174106
5.08005, 1772.45, 1113.28
5.94494, 628.94, 54.1293
6.18066, -1705.87, -1248.64
2.56231, -2697.41, -1732.91
7.16549, 311.892, -130.939
5.37826, 53.1337, -197.126
3.05587, 864.897, 432.277
4.87388, 57.3193, -184.911
3.24247, 1770.42, -775.973
4.22594, -8460.04, -1889.47
7.04476, 155.735, -4.35782
4.54571, 2745.88, -1295.42
5.96642, 40.3517, -164.152
3.35865, 54.1627, 87.0829
6.21715, -4601.23, 1610.18
4.16319, 75.6123, 86.09
4.62157, 153.752, -103.48
2.79523, 246.038, 499.175
5.09005, 218.065, 1.88854
5.94425, 61.5465, 241.111
5.01149, 102.129, -185.546
6.56617, 189.342, -75.4714
3.07974, 69.0993, -507.254
5.24841, 1039.04, -299.328
5.06046, 536.292, 194.753
6.02649, -1819.51, -1631.53
5.65083, 197.101, 24.3571
4.0207, 480.635, -62.2447
6.74719, 231.899, -77.8524
3.39619, 1488.54, -2205.64
2.61737, 247.014, 577.946
4.19467, -210.133, -129.932
3.43818, -1882.58, -1456.25
6.60467, 54.3846, -191.148
6.72507, 123.797, 2969.41
6.78031, -3043.93, 1657.41
7.37454, 249.79, -238.876
2.99587, 96.2762, 682.75
2.56182, -3802.97, -2861.37
2.58614, 601.754, 700.754
2.64527, -357.351, 11.94
4.1031, -1789.95, -1599.75
6.17815, -3083.01, 1846.56
3.14876, 606.721, 178.705
2.5161, -2778.57, -548.326
6.91905, -480.05, -429.443
3.70482, 431.149, -169.956
4.38481, 302.173, 1184.41
4.44879, 274.981, 0.442388
2.81534, 3533.6, 1343.58
7.30792, 230.774, 29.0943
3.75349, -3.43954, -8.80933
6.85376, 128.364, -70.0974
2.85991, 2920.44, -3959.63
2.70653, 3781.04, -2386.15
3.46378, -568.595, 186.808
3.86708, -1990.33, -1934.05
7.4007, 209.296, 50.3876
3.60607, 1160.77, -4870.82
6.43119, 1550.73, -2341.08
4.42306, -217.568, 1434.24
3.78593, -2803.62, 3216.64
3.91087, 298.588, 424.938
7.33834, 1045.02, 300.72
4.22841, 248.591, 64.4506
3.45922, -555.299, -727.471
5.05037, 67.0428, 133.901
5.21857, 1094.79, -4354.79
5.72333, 1022.69, -100.495
3.89738, -760.987, 206.269
3.41887, 477.005, -442.418
2.71579, 2160.69, -2511.92
3.98408, 476.552, -142.706
4.25548, 1048.2, -621.899
7.09372, 308.456, -118.783
5.81225, 288.562, 504.778
5.08041, -1905.77, -1569.55
4.03763, 164.779, -133.091
3.0007, 1809.6, 1943.25
3.47502, 177.204, -93.3238
4.11407, 3008.69, 3091.21
5.56182, 400.591, 253.067
5.13511, 2675.31, -1243.19
3.45653, -80.8538, 675.773
4.7178, 5272.23, 3088.56
4.48693, 6079.76, -1186.03
6.28051, -12.6324, -531.974
6.6213, 666.448, -252.434
5.51573, 126.12, 158.687
3.04573, 250.436, -327.36
4.11797, 2323.61, -648.996
5.03403, 191.984, -53.0813
4.76521, 80.708, -139.545
4.77315, 665.815, -21.0939
4.91125, 174.928, -49.5022
5.07896, -4202.7, 734.305
4.50207, -2093.18, -989.603
4.22945, -516.872, -419.882
6.64533, 316.05, -170.517
3.02204, 2219.05, -1435.8
6.40057, 54.3612, -92.6301
3.19919, 927.635, -492.926
2.62171, 3672.73, 4165.95
6.0664, -120.646, 1200.75
7.15538, 409.815, -304.384
7.47667, 382.024, 197.589
3.86264, 314.886, -165.761
3.6923, -1861.6, 271.537
3.87328, -411.051, -2961.15
5.70836, -401.63, -525.804
5.17637, 332.475, 99.8448
6.8967, -2678.39, 4693.16
6.75968, -204.446, -112.504
2.98004, -77.7575, -537.52
4.66818, 150.526, 73.9628
3.17045, -297.702, 320.068
5.86802, 180.942, -87.0781
5.34964, 47.0756, -658.562
3.66474, 116.379, -978.495
5.50306, 725.711, 162.519
2.6551, 252.865, -138.233
7.08512, 97.4472, -29.9158
3.82958, 372.675, -669.598
6.50016, 212.299, -3.13689
5.46389, 297.44, 173.958
5.0822, 654.577, 3.1619
5.2567, 1985.45, -1033.2
3.47225, 734.741, -280.133
5.36152, -2809.53, -55.454
3.81992, -598.181, 6363.93
4.41648, 2615.92, -5420.47
2.73626, -557.762, -426.776
4.22823, 403.463, 214.785
3.61594, -2853.4, 6835.15
3.81264, -42.5905, -303.83
3.05141, -158.301, 126.615
7.40088, 298.896, 135.592
5.93794, 691.477, -268.892
5.82158, 325.414, -267.831
5.99501, 605.996, 356.342
2.68746, 104.162, -71.7161
3.6706, 90.7516, 58.4749
3.95397, -5267.71, -7927.8
3.50543, 60.8935, -30.7723
2.7177, -2502.72, 3736.61
2.56571, -672.268, 145.045
6.07297, 5644.22, -1786.9
6.88348, 266.683, 58.3402
5.35088, 1710.48, -3189.19
6.92743, -2855.99, -3266.12
5.20042, -1469.11, -387.654
3.31357, -1680.65, 203.709
3.30492, -2630.43, -2003.94
7.19182, 277.637, -176.563
3.45628, -76.1896, 291.065
3.15761, -2822.71, -298.507
4.41122, 482.545, -315.142
6.12674, -593.542, 2719.78
2.50651, -6149.93, -457.713
4.60222, 4372.56, -2481.39
5.18984, -559.266, -74.4826
4.86596, -1158.01, -635.831
6.33003, 63.1457, -495.638
2.9396, -882.912, -789.532
7.04284, 80.8854, 282.775
3.20818, -320.749, -301.256
2.54782, 141.405, 656.492
2.82267, 186.166, 470.171
4.96742, 33.6318, 297.002
5.40914, 226.099, -144.685
4.03373, 3612.23, -6325.86
4.57091, 446.339, 319.321
4.33401, 1494.17, 1755.86
3.42687, 400.294, -2320.65
2.76788, -2576.95, -2377.38
4.47222, 422.65, -169.395
3.98388, -1123.32, -1291.93
5.05388, 76.5102, 116.594
3.75392, 2178.5, -3544.67
5.01589, -1191.59, 2101.92
2.51168, 484.818, -600.584
7.01807, -5149.22, 2461.64
2.79181, 3174.59, 3265.62
5.17506, 190.583, 3002.18
3.95754, 2570.83, -1099.47
7.3023, 265.801, -23.8208
4.73406, -3097.63, -1208.15
5.08479, 261.51, -4.09433
5.93861, 662.388, -447.386
2.72187, -50.6668, 338.214
7.2946, 3524.55, -2564.89
5.70852, 167.331, -254.87
2.80215, 229.809, 14.051
3.33964, 528.607, -138.705
5.76491, 257.973, -352.762
6.19864, -407.455, 2308.55
3.57011, -53.1935, -598.815
4.31441, 706.666, -1857.06
6.56981, -261.846, 461.211
5.32057, 150.32, -87.2898
7.45886, 127.498, -9.22906
6.5669, 338.161, -31.5152
3.49157, 3176.01, -4048.69
2.50003, 114.354, -17.0047
4.62608, -3173.19, 3787.47
4.07406, 1796.42, 1137
5.56218, -3392.07, 546.477
3.83351, 303.539, 156.697
4.39881, 1458.39, 494.086
5.43397, 172.958, -170.411
5.95636, -1877.25, -65.879
7.26736, 145.814, -68.3224
4.89785, 5.11525, 939.956
3.60319, 211.229, 433.914
5.33741, 928.616, 687.943
6.09873, -196.232, -234.79
4.4953, 1841.29, 43.0432
3.48326, 262.967, 158.749
6.66971, 125.537, -24.054
5.59561, -65.221, -462.771
7.26866, -108.221, 176.386
3.23222, -566.648, 271.676
5.38953, -10.0582, -7.29513
7.26796, 130.496, -100.895
3.62331, -5211, 2504.2
7.25137, 240.173, -76.1597
3.07874, 1103.19, -494.219
2.58372, 612.711, 79.6813
3.90465, -181.441, 317.161
7.15042, -37.155, -384.865
3.04796, -683.328, -354.903
6.77266, 356.806, 12.4706
5.68532, 230.59, -196.58
5.63853, 186.557, 45.7757
3.80589, -670.834, 1372.2
5.13936, -800.395, 237.513
7.16608, 1874.33, 816.997
3.98055, -1197.15, 100.121
4.78006, 94.1545, -22.0263
6.35659, -996.171, 4336.93
4.17193, -1847.38, -3085.31
6.31775, 517.409, 281.732
6.65892, -2071.05, 2352.77
2.64618, 2296.24, -1444.28
4.31315, -177.75, -879.496
4.16221, 83.6279, -121.165
3.17675, 1824.42, 1835.36
3.00839, 1211.52, -3719.98
5.11327, 130.011, 84.7514
3.52046, 644.449, 32.251
5.00728, 92.0258, -141.607
5.1371, -4577.86, 3064.23
4.13422, 51.9632, 65.8689
4.75888, 111.077, 475.66
6.85263, 25.4348, -11.7129
4.72884, 117.143, -172.401
6.03726, 259.492, 86.7824
6.83171, -1759.15, 345.815
6.5822, 628.256, -741.8
2.67504, -3561.44, -1387.19
3.8644, -821.494, 2015.19
5.21858, -1364.32, 909.535
3.19942, 3915.86, -632.485
5.57408, 257.828, -88.8054
3.29182, 656.219, -133.048
4.41129, 750.584, 189.725
5.94997, -563.935, -306.719
3.21128, 3657.9, 1.8307
5.65284, -60.4735, -287.489
3.15973, -3074.1, -1534.04
7.13583, 57.4252, -75.476
5.53465, 4984.13, -7610.36
5.50388, 451.537, 632.138
3.33635, 799.711, -179.999
3.301, -1416.96, 2002.45
5.91628, 149.663, 182.115
5.1456, -12.6573, 401.178
3.65264, -1898.56, 1060.93
6.55373, 352.522, 42.2831
5.76477, 246.159, 66.2554
4.08597, -43.3899, 743.481
2.53953, 55.0484, 264.965
3.49176, 642.359, 134.856
3.78831, -101.711, 112.867
3.03825, 141.248, -898.334
3.49545, 174.76, -693.999
6.75079, -5334.8, 2838.65
6.63912, 341.984, 448.612
6.76813, 126.84, -58.555
5.71027, 208.906, 5.35921
3.6787, -2693.83, 2794.88
6.80638, 255.373, -85.0706
5.4745, -139.148, -57.8082
2.52745, -1704.81, -1292.74
6.84925, -348.052, -880.821
7.37729, 252.886, -132.04
5.59653, -1842.29, -1597.28
3.85574, 67.1719, -134.304
7.46973, 161.426, -47.6167
4.60751, -1013.6, -593.215
4.20537, -98.8047, 26.1582
4.80717, 213.849, -53.3162
4.44822, -1010.34, -2779.69
4.613, -4447.1, -842.641
2.84879, 45.6408, 102.901
5.5153, 386.588, -128.822
7.36114, 349.041, 119.521
5.07406, 402.062, -163.223
7.45461, 149.965, -118.854
5.84906, -2417, -5650.26
4.01716, 111.137, -209.863
3.47371, 666.819, -271.831
4.0109, -825.057, -137.486
4.93946, -218.475, -3.0833
4.72438, 613.944, 43.5769
5.7844, -536.197, 167.632
3.74227, 5498.71, 3116.24
4.72007, -1264.8, -1021.88
5.75894, 90.3058, -236.901
6.67472, 292.144, 43.1074
6.03698, 119.313, 726.814
4.93928, 99.1468, -787.881
6.72039, 451.344, 94.925
7.00296, 829.67, -729.698
6.33082, -36.0671, -174.449
5.29453, 623.66, 889.19
2.70603, -725.914, 365.094
5.46749, 122.77, 160.716
2.68674, -1.19261, -3673.14
4.53488, -866.262, 925.388
2.84243, 274.491, -336.037
7.38558, 87.2153, -269.247
2.5956, 1827.8, 2914.73
6.60363, 234.205, -223.689
5.2195, 3632.79, -3063.76
5.72828, 129.413, -90.8934
3.62934, -434.954, 82.185
2.733, 578.883, 3025.31
3.63154, 499.534, 207.796
4.58371, -57.4263, -2473.59
6.40126, -67.9299, -105.395
3.72852, 1570.45, -2188.68
4.81411, -91.6262, -58.9272
6.14756, -988.796, -392.38
5.35237, 5098.57, -695.314
5.45997, 468.72, 151.734
4.98425, -974, -131.775
3.951, 277.47, -1.23102
4.71107, 98.0692, 338.946
2.53669, -2903.43, 6397.66
7.41683, 196.704, -11.4824
2.52822, 324.223, 136.542
4.8676, 1983.09, 645.636
5.86497, 3479.31, 5949.37
