6.27803, -4.44878, 16.6399
3.5948, 137.572, 118.899
5.89648, 49.4083, -45.7132
5.09708, -40.2407, -276.357
2.76731, 228.798, -394.761
2.53849, -72.2822, -112.89
4.58743, 422.142, 200.36
7.15218, -131.113, -101.018
2.95982, 41.9965, -237.408
6.00595, 165.818, 244.332
3.81226, -283.079, -108.951
4.14117, -64.5579, 12.7759
7.45519, -128.468, -300.59
7.41275, 93.1902, 267.623
5.75759, -186.703, -164.03
6.92354, -280.709, 12.6159
6.33247, -71.4579, -99.1779
3.87453, 90.9476, 221.194
4.93259, 88.9968, 208.16
2.80282, -10.7062, -160.549
5.08146, -26.7675, -185.222
4.96988, -40.2842, 97.8068
7.23882, 154.857, 41.7249
4.42071, 149.299, 199.775
5.14874, 83.3657, 133.776
2.75042, -178.124, 37.4005
6.63909, -21.075, 60.8515
5.94228, 225.861, 76.9058
6.18112, 36.9406, -291.837
6.94286, -267.209, -380.546
4.25508, -39.1251, -133.875
6.72991, 94.3278, 56.0167
3.84659, 86.9199, -55.8414
4.83959, 175.521, 230.977
3.2686, 26.4589, 85.7823
2.66527, -163.381, -115.048
7.2768, 42.6996, -52.4276
6.95369, -269.776, -135.348
3.29884, -257.564, -21.8697
3.15214, -502.051, -111.363
2.515, -358.22, 129.596
6.0491, 78.7864, 30.6756
3.40448, -127.117, -188.011
5.76029, -130.056, -32.2595
4.42907, -192.108, -37.6605
3.23766, -40.3006, -21.5673
5.45054, -121.596, -123.875
3.24076, 79.462, -138.563
3.2091, -361.933, -356.079
4.94257, 72.4937, 117.314
3.13015, -76.716, -23.6102
5.64635, -102.563, -155.181
5.60817, -346.27, 208.249
4.88216, 199.545, -290.874
2.64188, 278.029, 320.261
3.21011, 92.1897, -195.854
3.15594, -126.847, -221.101
3.31099, 178.28, -287.608
3.76529, 58.2499, 45.441
4.77654, -417.184, 279.635
6.54472, 140.865, 33.744
3.57624, -21.6558, -67.3535
3.75063, -49.4114, 17.5844
5.02978, -150.867, -46.7073
6.27922, -62.5921, -58.7089
5.66369, -7.86275, -127.159
5.9449, -212.39, -265.336
7.27207, -360.589, -157.394
5.18713, -26.2969, -43.5954
4.57014, 63.5899, 285.39
4.70019, -26.3801, -109.66
6.07821, -283.379, -213.749
6.20858, -3.35933, -129.761
5.12494, -358.084, 255.955
6.06711, -30.0534, -30.465
5.91025, -5.2028, 26.2898
6.82941, -13.0983, 17.0788
3.19597, 48.9489, -217.047
3.57766, -382.182, 99.1302
5.0733, 45.968, 143.791
4.83766, -145.352, -42.4764
3.55759, -91.294, -131.221
5.65244, 247.768, -254.695
2.5044, 199.669, -210.725
4.09589, 124.083, -884.837
5.90281, -119.559, -214.873
6.0446, -202.326, -139.33
2.90869, 68.9127, -190.231
3.56926, -86.7799, -19.2476
4.44412, -38.4844, 258.301
4.44927, -456.122, -256.9
3.92018, -32.3072, -83.1464
4.6123, -105.213, 3.78823
2.55658, 389.176, 83.8486
3.72027, -245.218, 94.2811
4.49072, 129.445, -279.655
6.64177, 234.307, -1.56373
3.78584, -294.519, 106.706
3.59705, 104.378, -170.062
6.47385, -87.7624, 103.566
5.8476, -117.574, -510.624
5.49108, 165.745, -272.007
5.99917, 215.313, 66.4481
5.13062, -22.057, -159.621
4.14833, -2.92499, -146.718
3.30844, -319.734, 11.4483
6.56633, 34.1521, -70.901
4.08004, 17.2238, -85.1223
4.05369, 42.3345, -6.0437
4.65424, -224.182, -133.723
4.46509, 214.061, 294.303
4.43916, -212.382, 29.1047
4.34871, 159.277, 277.494
5.88118, -299.623, 25.7066
6.10384, 225.652, -14.4954
7.20082, -95.0554, -228.523
5.08573, -65.6238, -36.1556
5.5282, 156.147, 241.841
5.85049, 118.827, -247.96
5.11404, -326.149, 168.097
3.87105, 216.408, -242.685
7.08924, -66.0546, 165.708
3.73367, -200.738, 231.427
4.77876, -182.845, -270.075
3.30374, 211.037, -185.343
4.68319, 11.6069, 224.952
7.45767, -126.974, 44.8977
6.26931, -79.735, -24.6114
4.97846, 55.5699, 237.102
7.01651, -28.4249, 80.9579
4.68213, -140.552, -29.6495
5.09239, 262.006, -122.049
4.44866, -283.333, -73.9418
5.63431, -28.1469, -134.846
5.19331, -291.385, -173.11
4.35955, -143.186, 223.891
2.54674, -123.768, 15.6944
6.3794, 36.0619, 260.771
2.85317, 353.801, 236.789
3.98511, -277.739, -28.0432
4.78581, -175.111, 290.538
3.25156, -5.55157, -144.572
5.97819, -91.6195, 333.526
4.15587, -267.465, -213.247
5.21197, -203.38, 194.226
2.64678, -370.37, 196.475
5.38086, -94.279, 39.9601
5.18133, -130.076, -91.7294
7.36678, 55.9648, 317.229
5.57063, -144.011, -168.51
5.26431, 61.6915, 39.9326
6.69051, 14.3855, -309.346
3.75764, 162.018, -57.7661
6.98957, -26.9576, 61.3054
5.97428, -105.795, 70.4646
5.82752, 334.771, 158.8
3.06838, 399.598, 240.954
3.37987, 290.295, 517.431
2.91253, 143.611, -565.345
6.68103, -105.105, 41.6289
2.64818, 47.9921, -695.514
6.34719, 37.3046, 9.56056
4.29829, 171.577, -234.208
6.24626, 162.851, -307.031
6.28385, -72.6226, -141.964
3.60834, -32.3087, 300.191
5.58305, -112.168, -153.989
3.66846, 11.8941, 217.833
6.22052, 189.543, -46.5164
5.80997, 293.819, 331.341
4.9209, -145.312, 155.781
2.58972, -485.139, 314.483
4.98291, -63.4352, 13.9602
5.09587, 226.521, -102.909
4.71395, 412.091, 130.481
4.14528, 82.0841, -180.135
3.52671, -190.509, 110.968
7.19863, -178.269, 3.52033
2.85168, 436.883, -29.6991
3.30042, -24.2683, 305.839
6.70788, -11.7608, -135.004
4.13614, 272.334, 195.587
6.85942, -7.77798, -336.396
5.99896, -221.137, -171.076
5.52801, 41.9886, -125.791
4.77536, 141.384, 109.726
2.91543, 604.363, -419.809
3.94883, 97.7169, -185.6
6.51009, 245.051, 50.3045
6.81821, 19.8087, -17.7925
3.81831, -369.909, 190.186
4.79881, -183.228, 39.9623
4.95672, -104.304, 139.588
5.82344, 306.647, -54.2497
7.31738, 39.8225, 234.14
7.23022, -96.2851, -14.51
2.81902, -303.664, 71.8728
5.04829, 45.1972, 220.055
6.13222, -120.991, -251.46
5.65882, -34.9055, -116.491
3.26658, 66.9524, 28.7243
5.09652, 413.315, 133.196
3.52281, 411.477, -228.065
6.03231, -251.07, 51.895
6.05786, 97.9509, 413.977
3.66304, 22.6206, -97.1773
6.80594, -95.2384, -258.673
2.67122, 15.2722, -570.372
6.26587, 34.1739, -125.259
4.14789, -14.8851, -114.554
4.65309, 238.17, 72.2004
7.33455, 61.6317, -73.7719
4.05803, -17.6417, -127.37
5.69762, -316.65, 145.106
5.95386, 93.3338, -50.3264
5.36403, -129.305, -253.042
6.60667, -166.892, 218.537
4.21807, -176.969, 84.1638
5.09387, 311.13, 202.336
6.78438, 169.538, -13.778
6.18587, -3.11508, 33.941
3.45992, 156.172, -257.747
2.83145, 28.987, 96.363
3.60828, -397.501, 161.312
3.33656, -46.0086, 185.847
6.31172, -44.3921, -28.5497
5.44905, 66.1869, -209.296
4.65223, -448.024, -221.134
7.09618, 44.1743, -239.955
5.09668, -361.739, -50.4607
7.38058, -160.686, 85.8826
5.15714, 269.239, 195.254
2.98716, 5.88745, 717.261
5.83983, -79.5506, 123.483
5.44444, -254.275, 162.575
5.01137, 150.482, 249.762
2.75808, 206.153, -515.72
2.6753, 174.891, 126.189
4.41484, 87.2752, 110.094
5.55555, -119.812, -226.897
5.06574, -477.445, -177.4
5.98498, -168.207, -178.055
4.89891, 106.466, 93.4397
3.88323, -315.123, -72.1062
6.01685, 86.939, 157.116
3.67701, 40.1255, -348.279
6.41501, 78.5431, 77.7876
6.60589, 179.434, -391.793
3.21842, 3.83958, -228.4
5.75757, 218.537, -223.275
3.87677, -319.837, 128.661
7.26215, -307.755, 346.708
4.58238, 38.3263, 148.667
3.03869, 16.2739, 87.4314
4.70633, 229.092, -174.493
6.28811, -21.6611, 15.4355
2.77803, 218.308, 373.989
3.51241, -88.5083, 158.458
6.82305, -216.9, 194.575
6.52456, 104.276, -23.9317
2.78861, 144.862, 170.818
4.40304, 203.701, -60.4244
4.56124, -199.209, -80.7688
2.80071, -213.121, -283.617
7.09746, -254.197, -261.683
3.35398, -181.489, -276.758
6.51634, 146.665, -76.9992
3.88599, 134.064, 211.932
4.44586, -560.383, 222.801
7.19936, -249.668, -338.427
6.24573, 32.1048, 187.268
3.44774, -211.559, 245.984
6.89581, -138.134, 94.2037
6.8953, -204.69, 26.2362
3.30515, -119.096, 151.445
5.87346, 189.125, 215.123
6.89096, -136.351, 92.1802
6.98262, -278.77, 136.695
3.06535, -251.707, -229.096
5.93789, 163.448, 284.32
3.21651, -104.008, -112.364
3.6901, -186.238, 104.259
5.64383, -193.221, -49.2635
4.312, -54.0969, -12.1733
4.64437, -274.174, -212.989
4.91936, -128.61, 185.569
6.20379, 100.827, 94.4914
3.23098, 242.384, -149.157
7.36238, 167.172, -86.5117
7.3158, 35.6412, 244.012
3.14741, -315.353, 346.428
5.3784, -138.062, -104.867
4.66439, -79.7645, 515.608
5.50066, 178.146, 203.434
5.85098, 207.682, 107.906
4.5137, -101.658, -287.846
6.46691, -285.969, -231.54
4.89889, -130.537, 309.404
5.72449, -370.931, -81.7567
4.28836, 34.3979, -149.684
5.96794, 95.4707, 262.961
5.83428, 299.971, 304.991
3.22071, 147.868, -208.273
7.10415, 267.469, 29.1589
4.22228, 304.65, 320.913
6.66824, -83.3708, -94.353
2.74349, -210.395, 12.6531
3.27936, -380.938, 369.356
2.55765, 81.1871, -277.901
3.94327, 79.8535, -266.509
5.07295, 247.392, -41.7823
3.65948, -29.8213, -388.426
2.75022, 249.885, -40.9715
5.33091, 184.627, 217.863
6.69774, -246.209, -238.052
4.28763, 142.689, 409.827
4.3452, -24.4527, 75.2951
7.22226, -277.493, 46.7374
4.72425, -113.625, 206.739
6.82086, 35.1085, -216.002
5.82654, 242.943, -47.2957
5.79297, 6.09577, -445.709
7.10736, 261.615, -238.518
5.11536, -351.281, 258.321
5.45229, -449.817, -12.5386
5.79944, -167.006, -214.801
4.24765, -298.945, 161.972
4.11714, -98.9517, -60.4528
7.08984, -151.839, -20.0117
3.08619, -123.922, 72.347
7.31268, 54.7575, -48.7341
5.17978, 156.657, -170.234
5.81447, -233.897, -151.521
5.48362, -126.644, 100.22
6.93363, 378.406, 76.4133
6.67999, 65.9897, 40.6818
6.69339, -97.6382, 153.76
6.85642, -171.032, 32.6258
2.5002, 419.671, 41.5884
4.77274, 89.2732, 8.98805
4.25696, 415.891, -99.0784
5.80713, 25.7765, -207.4
6.22234, 255.489, -72.5299
3.3821, -205.025, -224.369
7.4621, -190.169, 276.167
5.95466, 199.266, -156.277
6.97862, -194.229, -8.58926
3.51579, 453.666, 236.517
7.2356, 330.561, 62.7242
4.88476, -65.0857, 93.354
6.78578, -394.981, 159.807
6.41237, 6.87608, 15.4122
5.70687, -356.756, 267.453
3.14521, -80.6574, 23.4804
5.77944, 5.24596, -300.825
3.09199, -23.5903, 182.631
3.88793, 82.0245, -175.966
6.65548, 165.969, 237.321
6.14153, 432.719, 409.722
6.74348, 105.888, -67.3824
3.43989, 239.96, 79.5037
6.09602, -2.64075, -196.608
4.25586, -269.53, 34.8747
3.34555, 445.484, 246.848
4.52383, 85.3068, 57.0152
4.20924, -178.882, -33.1255
6.67141, -214.111, -121.004
3.9111, -99.7129, -180.604
5.16766, -441.655, -122.361
6.25085, -158.798, 204.582
4.62554, 96.7979, 172.96
4.66964, 369.518, -183.587
3.03022, -368.839, 132.586
6.4639, 213.768, 67.0558
3.91232, 158.213, -87.437
7.14264, 220.659, 12.3565
5.37926, -67.6451, 164.9
3.4895, -245.25, -46.3851
5.99081, -171.995, -3.20883
3.07265, 268.871, 105.493
4.22945, 230.702, 107.554
4.15646, 100.178, 77.2698
6.42735, -110.229, 87.2299
6.65775, -149.623, 128.275
4.21712, 148.619, -301.721
4.2603, -141.437, -106.562
6.38197, 74.9612, 41.7211
6.58658, -206.77, -404.668
4.26157, 247.825, -388.89
7.09559, 95.4555, 242.186
3.2877, 49.4605, -59.5678
5.56029, 249.988, -208.818
5.54222, 173.843, -64.5328
3.16647, 223.478, 328.236
3.51409, 416.087, 366.61
4.79457, 239.981, -217.78
3.48759, -110.238, -165.413
6.77118, 245.382, -115.655
6.54562, 188.989, 98.1308
2.80131, 192.078, -342.872
6.50584, 187.976, -304.482
5.49597, -69.2398, -113.442
7.43182, 205.647, -18.5779
2.65919, -174.161, -286.121
6.8356, -257.193, 260.596
3.69109, 1.26228, -161.592
3.6127, 495.263, -489.102
4.73907, 356.527, 199.469
2.61231, -155.136, 130.879
6.79755, 106.106, -36.9859
4.15902, 349.684, -931.393
5.72195, -87.6339, -199.918
7.43521, 413.895, 29.5944
5.30162, -163.606, -53.9694
4.74553, 65.408, 260.561
5.213, 105.179, -100.728
2.90797, -315.148, -168.081
3.99606, 659.638, 198.954
6.63964, -376.168, -180.606
6.48936, 25.3914, -213.836
5.71048, -75.4462, -51.0809
4.84105, -127.051, -268.647
7.15326, 204.394, 329.022
5.08798, 107.502, 19.417
7.42924, -387.919, 187.652
5.94567, 33.1712, -158.674
6.19966, -68.0466, -118.741
3.46323, 50.0838, 0.656433
6.08881, 254.519, -227.056
6.11146, -21.5874, -201.415
6.49298, -82.8576, -251.278
4.23216, -66.042, 157.651
5.1481, 116.507, 290.589
3.19001, -269.437, -36.9834
6.73218, 69.9755, 231.954
6.32766, 179.743, -176.327
7.5, -136.812, 67.6967
4.24891, -295.621, -238.511
5.50367, 319.04, -131.407
3.50808, 86.2006, 429.275
6.2385, -127.587, 115.124
6.49225, 50.1009, -14.1282
3.03505, -740.126, 501.504
5.35813, 183.863, 213.846
2.84683, -532.441, 285.222
4.16036, -126.32, -236.83
5.80945, -75.696, -204.527
5.27726, 120.352, 128.512
7.12415, -47.4286, -98.352
2.69832, 184.555, -354.621
2.62083, 325.505, 309.068
4.61923, -339.296, 288.995
4.36987, -136.471, -121.98
2.93303, -151.825, -85.7628
3.05403, -19.108, 201.309
5.31992, 94.2421, 32.2359
7.37269, -106.363, 22.6003
3.05066, 37.6999, -200.411
5.99352, -291.651, -520.006
2.79674, 176.638, 221.341
4.69755, 91.015, -98.2133
5.24651, -261.319, -321.503
3.45129, -238.898, 111.069
7.36597, -156.942, -100.263
3.19593, -178.878, 36.9904
5.48978, -75.5109, 11.858
7.12812, 127.907, -396.532
3.91116, 10.316, -189.635
6.8307, -104.403, 143.416
6.29598, 300.847, -75.247
6.10793, -159.321, -30.121
3.34241, 136.149, 197.616
3.32882, -306.671, 163.244
3.39076, -140.642, -30.5769
5.87226, -236.584, -58.3667
4.83484, 191.218, 79.0973
6.85219, 181.929, 196.937
5.76023, -41.4325, 190.4
5.80464, -271.58, -168.624
2.58037, 397.242, 238.912
4.30596, 420.225, 317.376
3.72747, -208.684, -451.081
6.93086, 463.576, 257.699
5.23701, -445.828, -12.9967
6.57209, 125.145, -77.0873
5.24453, -8.72069, -470.742
4.16156, -43.4163, 19.2237
4.40213, -137.459, -97.2827
2.52389, -111.527, -122.69
6.95226, -204.98, -10.0581
6.16955, 299.086, -189.834
6.04239, -109.753, -10.2551
5.1278, -8.48884, -19.6546
6.41065, -67.476, -42.3292
3.42484, 167.173, 33.9498
5.72673, 24.9709, -8.26711
3.42178, 123.415, 224.874
3.31214, -105.628, 45.5574
2.65594, -103.337, -142.796
7.42716, 74.1734, -206.714
4.04559, -37.1437, -128.379
4.11075, 113.499, 262.402
5.51155, -8.37617, 41.0591
2.89107, 45.7689, 194.14
3.93936, -247.258, -75.5414
5.79307, 258.06, 12.4348
7.36348, 176.995, 217.12
7.27758, -183.269, -93.6705
7.42745, 14.2228, -25.6803
7.30478, 318.332, 222.717
3.0073, 87.2796, -326.82
3.71505, 196.423, 95.0175
6.91151, 28.768, -212.669
5.28805, 50.0393, 78.4118
6.7669, -156.353, -176.142
7.49145, 232.852, -232.573
3.99751, -246.335, 522.757
6.33157, -404.771, -236.687
4.81901, -472.361, 18.0367
6.8168, 50.9328, 230.961
6.99018, -149.758, 17.1964
7.377, -150.538, -180.138
2.77405, -282.861, 79.9075
6.32605, -281.98, 103.329
5.09219, 153.154, -271.784
3.46574, 34.5957, -192.61
6.98252, -321.415, -7.02261
6.38492, 206.269, -3.37076
2.75968, -73.3252, -85.5344
7.47331, 158.301, -282.993
5.93659, 248.63, -117.28
5.94854, -239.542, -148.476
6.57666, 138.466, -244.984
7.05426, 138.525, 222.12
3.34218, -3.85656, 449.917
5.24183, -3.5909, -180.791
6.53351, 123.976, 249.718
4.17803, -304.376, -42.7175
5.53435, 250.871, 96.8637
6.59602, 113.559, -198.777
7.3485, 178.428, 58.2194
6.29349, -82.2789, 122.917
3.72113, 281.058, 109.966
5.80589, 243.67, -194.206
4.21574, -482.138, -179.743
7.27146, 77.6566, -34.2453
2.60828, -71.601, -138.934
4.54979, 309.354, -175.499
2.55789, 532.958, 145.374
3.04964, 98.3951, 42.2744
5.28259, 191.544, -250.747
4.45466, 38.4259, 188.137
7.20539, -0.408751, 120.332
2.55572, -69.3411, -437.701
6.22897, 162.08, -36.4365
3.84293, -341.658, -23.41
4.27153, -7.94158, -150.272
3.45835, 297.348, -400.372
5.14832, -160.25, -153.43
4.39478, -83.2281, -112.81
3.16407, 29.7023, 62.0027
4.26563, 383.459, 5.48681
4.2497, -422.334, -1.67816
7.41084, -215.735, -259.573
5.25961, 18.646, -124.061
4.99918, -88.9899, -148.926
3.58531, 243.03, -210.987
4.37311, -196.806, 158.229
6.78251, -494.381, -191.562
6.45578, -127.704, -17.1289
3.9204, 284.446, -227.308
5.07645, -148.787, -162.377
6.79238, 262.376, 77.1234
7.07844, -5.98327, -198.782
7.48941, -239.539, -411.624
6.53177, 11.4749, -75.1976
5.22718, 41.9943, 137.766
7.3461, 129.42, 254.269
5.31931, 135.794, -117.397
4.03031, 222.651, -156.156
5.41853, -278.476, -8.78266
2.91197, -43.5914, -111.832
5.47382, -183.05, 180.523
3.31968, 41.4874, -151.7
6.46527, 369.316, 255.287
2.95373, -172.219, -205.096
6.3072, -1.72029, 75.3238
6.83996, 66.031, -34.9468
6.40105, -62.0777, -110.502
6.61399, -331.933, -393.151
6.70974, 83.5001, -57.581
4.48328, 142.232, 49.1613
6.508, 92.0446, 100.443
6.56811, 9.12669, 46.3989
5.43493, 263.746, 271.698
4.64621, 55.8341, 91.5317
2.5002, 157.364, -8.61545
5.31153, 179.432, -128.014
6.22632, -88.4546, 117.226
3.89846, 185.965, 10.6125
2.93406, 15.688, -465.788
3.5733, -201.757, 125.003
3.93296, -55.6276, -343.505
4.86595, -223.551, 131.846
6.95893, -279.004, -221.549
5.91955, -9.69676, 176.237
3.54376, -84.3764, 240.939
6.67533, -17.1368, -19.6075
7.09218, -244.564, -267.576
4.48244, 228.59, 475.877
6.37858, -235.323, -226.167
5.68161, 107.373, -66.1618
6.64746, -306.574, -12.8734
3.40204, -48.9769, 258.03
7.45927, -97.1636, -22.9955
6.70558, -72.1762, -137.535
4.65177, -416.811, -258.61
4.38589, -314.348, -14.7933
2.70802, 47.5895, 195.727
6.80715, -17.0453, 18.7713
6.62116, -234.77, 83.2512
6.25052, -44.6206, -245.875
3.55801, -188.832, -114.463
4.31029, 199.215, 202.629
4.43545, 299.01, 292.426
7.32918, -271.305, -249.507
6.5872, -190.942, -326.126
4.5755, 91.1535, -150.182
5.83759, -11.8502, 31.7718
2.52101, -212.65, -9.82408
6.98048, 228.489, -23.4887
3.68416, 162.728, 207.28
3.79415, -31.4967, -9.49353
5.4939, -184.138, -73.558
6.89823, -187.781, 162.556
6.16299, 427.482, 210.824
6.0773, -214.497, -246.402
3.57724, 445.571, -79.4022
6.30413, -357.619, 126.563
3.85351, -82.8313, -235.474
2.75246, -128.085, -266.411
4.78866, -34.4202, -216.322
2.58759, -261.864, 59.8798
3.01129, -65.4503, -130.997
2.639, -0.523633, -99.9421
5.65921, -46.0458, -48.7079
6.34425, 195.07, 8.62773
2.74132, -417.948, -37.8305
6.6924, -146.921, -107.534
6.76899, 93.4254, 185.844
6.57649, 308.402, -213.498
6.85188, -181.62, 28.6902
5.27222, 124.483, 244.616
6.12646, 111.593, 275.995
3.20424, -319.854, -83.9892
6.6115, -238.583, -77.6148
5.51185, -124.387, -226.787
4.93856, -320.091, -49.7823
6.14942, 39.8591, -281.235
4.05164, -360.025, 242.539
3.93925, -14.7058, -151.894
5.45857, 215.753, -317.023
5.34055, -325.216, -80.6968
5.41059, 641.462, 99.5542
2.84132, 175.086, -291.417
4.34304, 175.006, 168.112
6.28475, -2.80882, 62.8749
6.35297, 516.835, 290.557
4.27217, 35.7849, 249.517
5.98913, 93.0291, -57.9152
5.08005, 215.631, 103.087
5.94494, -22.2087, 156.506
6.18066, -289.654, -515.659
2.56231, -287.829, -168.609
7.16549, 18.6148, 36.1259
5.37826, -136.119, -119.742
3.05587, 566.694, 168.382
4.87388, -27.0722, -116.576
3.24247, 1.81848, 31.4126
4.22594, -672.578, -231.343
7.04476, 134.646, 59.9948
4.54571, 156.294, -306.721
5.96642, 152.456, 166.657
3.35865, 58.9976, -25.8106
6.21715, -3.84168, 68.3081
4.16319, 91.6587, -141.845
4.62157, -83.5394, -31.5815
2.79523, 283.982, -15.6503
5.09005, -113.597, -3.99496
5.94425, -122.071, 244.129
5.01149, -51.9516, 76.8303
6.56617, 75.6448, 43.8266
3.07974, 92.3962, -60.9559
5.24841, -157.596, -238.708
5.06046, 70.9098, 24.8141
6.02649, -278.61, -231.113
5.65083, -46.732, -158.016
4.0207, 90.1258, 15.4014
6.74719, -34.2276, -48.4083
3.39619, 82.9558, -200.749
2.61737, 230.092, -15.0521
4.19467, -83.0126, -123.589
3.43818, -264.874, -285.622
6.60467, -122.938, 86.5495
6.72507, -24.0469, 318.431
6.78031, -290.546, 158.543
7.37454, 202.534, -243.645
2.99587, 86.6904, -8.39088
2.56182, 135.458, 180.466
2.58614, 308.879, -654.056
2.64527, -127.791, -162.447
4.1031, -242.645, -143.509
6.17815, 7.65328, -31.2628
3.14876, -282.889, -3.48946
2.5161, 102.943, -217.957
6.91905, 154.117, -61.8574
3.70482, -108.407, 87.1835
4.38481, 114.027, -290.342
4.44879, 5.03436, 15.6838
2.81534, -207.906, -141.767
7.30792, -69.7456, 106.263
3.75349, -150.112, 267.901
6.85376, -60.4421, -70.0689
2.85991, 39.6463, 282.345
2.70653, -316.397, 361.174
3.46378, -204.177, -38.563
3.86708, 20.8896, -462.935
7.4007, 161.748, -98.4917
3.60607, 25.287, -161.27
6.43119, 193.364, -274.537
4.42306, -57.2518, -235.173
3.78593, -441.791, 295.236
3.91087, 176.99, -101.267
7.33834, -425.348, 67.8488
4.22841, 257.19, 395.62
3.45922, 183.665, 42.7244
5.05037, 64.0402, 175.997
5.21857, 139.719, -73.4631
5.72333, 94.1733, -67.4056
3.89738, -92.3286, -197.432
3.41887, -54.1876, 115.155
2.71579, 158.973, -280.416
3.98408, 144.224, 197.852
4.25548, 214.841, 195.146
7.09372, 308.963, -194.736
5.81225, -15.4453, -205.224
5.08041, -265.429, -136.813
4.03763, -525.293, -203.36
3.0007, 59.4193, 87.0274
3.47502, 31.8573, 272.791
4.11407, 188.712, 384.033
5.56182, -160.142, -184.376
5.13511, -341.93, 188.287
3.45653, 87.0627, 314.628
4.7178, 574.534, 333.382
4.48693, 445.911, -107.747
6.28051, 28.7235, -81.8814
6.6213, -211.779, -305.392
5.51573, 160.456, 272.148
3.04573, 7.30547, -39.827
4.11797, -150.008, 15.393
5.03403, 32.8027, -20.124
4.76521, 233.702, -33.4528
4.77315, -143.55, -85.3565
4.91125, -193.358, -208.716
5.07896, -517.808, 181.479
4.50207, -108.905, -490.976
4.22945, -241.768, -149.463
6.64533, -373.811, 73.5268
3.02204, 255.539, 358.708
6.40057, -142.626, 206.693
3.19919, -61.9682, -117.106
2.62171, 235.341, 353.386
6.0664, -206.571, -118.867
7.15538, -114.02, -10.1058
7.47667, 89.1857, -32.5149
3.86264, 247.255, -58.9238
3.6923, -29.0495, 234.887
3.87328, 14.9849, 291.945
5.70836, 442.925, 253.013
5.17637, -18.159, -104.29
6.8967, -335.527, 400.829
6.75968, 310.111, 342.491
2.98004, -4.51859, -187.793
4.66818, 278.067, -110.415
3.17045, 45.8375, 12.167
5.86802, 74.9431, 114.823
5.34964, 32.647, 117.68
3.66474, 23.2348, 133.002
5.50306, 60.0239, -117.611
2.6551, 208.214, 279.256
7.08512, 60.4519, -96.5738
3.82958, -197.445, -199.422
6.50016, -4.85007, -1.99427
5.46389, 47.9677, 5.60205
5.0822, 101.482, -51.3797
5.2567, 57.8989, -35.0967
3.47225, 299.883, 520.099
5.36152, 78.9507, -93.4925
3.81992, -139.073, -187.355
4.41648, -29.0809, -139.279
2.73626, 344.101, 257.182
4.22823, -128.458, -6.44654
3.61594, -525.33, 658.44
3.81264, 127.597, 78.319
3.05141, -95.6069, -258.488
7.40088, -23.8181, 161.722
5.93794, -223.011, -276.193
5.82158, 56.7262, 180.285
5.99501, 90.8376, 157.234
2.68746, 253.153, -41.0537
3.6706, -162.129, -34.8786
3.95397, -237.962, -379.979
3.50543, 74.2258, 183.413
2.7177, -310.672, 2.71473
2.56571, 235.215, -201.728
6.07297, 410.659, -236.344
6.88348, 320.707, 227.137
5.35088, 163.15, -1.29635
6.92743, 346.28, 299.293
5.20042, -35.8061, 262.188
3.31357, -98.3944, 39.9021
3.30492, -93.7727, -299.488
7.19182, 24.3304, -106.372
3.45628, 249.828, -33.0162
3.15761, 62.9749, 113.729
4.41122, 166.823, -73.9834
6.12674, -242.919, 175.178
2.50651, -475.645, -175.686
4.60222, 28.3569, -100.503
5.18984, -216.455, -91.8407
4.86596, 62.8635, -299.038
6.33003, -381.887, -63.011
2.9396, 46.5485, 233.622
7.04284, 80.4687, 68.7723
3.20818, -44.8895, -701.834
2.54782, -75.7086, 44.7652
2.82267, 70.1863, 30.1567
4.96742, -91.3442, 121.043
5.40914, -209.16, -210.159
4.03373, 225.895, -509.416
4.57091, -15.9482, -100.362
4.33401, 18.9038, 113.068
3.42687, 32.4013, -568.639
2.76788, -34.117, -1.74032
4.47222, 73.155, -100.908
3.98388, 114.273, 204.13
5.05388, 290.673, 48.9255
3.75392, 192.275, -130.398
5.01589, -251.866, -169.047
2.51168, -131.309, -22.8187
7.01807, -126.651, 84.6726
2.79181, 353.316, 359.937
5.17506, 108.917, -104.973
3.95754, -0.969199, -47.8759
7.3023, 172.749, 229.593
4.73406, -212.215, -232.126
5.08479, 88.0555, 91.8772
5.93861, 110.833, 55.3516
2.72187, 22.5908, 97.4183
7.2946, 233.285, -183.99
5.70852, -36.5599, -170.616
2.80215, 31.5031, -34.9019
3.33964, -15.3276, 64.1467
5.76491, -28.7235, 50.5736
6.19864, 416.952, 42.036
3.57011, -80.8969, -321.787
4.31441, 49.6605, 326.709
6.56981, 248.674, -253.843
5.32057, -35.6893, -40.3231
7.45886, 111.455, -87.6974
6.5669, 272.297, -189.715
3.49157, 36.7673, -177.39
2.50003, -104.023, -86.0273
4.62608, -273.276, 264.815
4.07406, 64.6116, -36.1288
5.56218, -120.258, 157.917
3.83351, -33.9415, -122.811
4.39881, 20.3814, -16.0944
5.43397, -318.848, -533.582
5.95636, 110.225, -92.8448
7.26736, -31.1414, -27.0979
4.89785, 173.516, -209.451
3.60319, -698.42, 190.654
5.33741, 231.375, 233.782
6.09873, -17.3235, -11.8354
4.4953, 234.577, -146.386
3.48326, 271.651, -269.198
6.66971, 169.325, -25.0185
5.59561, -21.7585, 281.975
7.26866, 12.1631, 198.104
3.23222, 147.479, 112.727
5.38953, 113.982, -116.365
7.26796, 205.282, -177.829
3.62331, 107.027, 78.4807
7.25137, 181.13, -68.1097
3.07874, -293.789, 201.107
2.58372, -14.4273, 1.60028
3.90465, -78.879, 55.8337
7.15042, 98.3162, -121.842
3.04796, -353.24, -184.481
6.77266, -174.867, -133.259
5.68532, 221.698, -160.156
5.63853, -205.013, -36.0725
3.80589, 49.687, -260.11
5.13936, 263.967, -186.842
7.16608, -33.2503, -269.603
3.98055, -226.302, 111.749
4.78006, -386.043, -473.914
6.35659, 163.757, -123.172
4.17193, -90.3333, -910.088
6.31775, 100.214, -55.7242
6.65892, -285.255, -104.295
2.64618, 242.415, -390.072
4.31315, -423.372, 86.3471
4.16221, -257.365, 98.1431
3.17675, 65.0802, 198.981
3.00839, -50.6292, -134.456
5.11327, 221.041, -96.987
3.52046, 148.976, -163.895
5.00728, 72.3952, 122.439
5.1371, -198.573, -86.1006
4.13422, 303.926, -83.6743
4.75888, 173.53, 45.3617
6.85263, 261.701, -228.633
4.72884, -241.954, -198.269
6.03726, -106.031, 249.973
6.83171, -287.887, 182.508
6.5822, -139.559, -9.97706
2.67504, 318.783, 167.577
3.8644, 326.846, 158.436
5.21858, -72.5692, -77.6519
3.19942, 130.547, -54.1881
5.57408, -64.7508, 8.66472
3.29182, 244.245, 66.5073
4.41129, -154.728, 64.1491
5.94997, 12.5817, 210.682
3.21128, 333.665, -163.954
5.65284, 177.684, -193.987
3.15973, -121.161, -494.589
7.13583, 193.811, -51.5353
5.53465, 238.664, -391.655
5.50388, 349.783, -68.4372
3.33635, -52.5121, 252.13
3.301, -45.8568, -706.009
5.91628, 6.74102, 78.1403
5.1456, 50.448, 85.1666
3.65264, -228.371, -364.454
6.55373, 205.005, 219.592
5.76477, -100.846, -17.2585
4.08597, 365.003, 149.486
2.53953, 306.561, -6.67133
3.49176, -153.155, -482.944
3.78831, -410.831, 11.9811
3.03825, -383.74, 93.3323
3.49545, -185.806, -155.607
6.75079, -33.8706, 16.766
6.63912, 203.749, -53.3406
6.76813, 304.124, 360.947
5.71027, 155.834, -282.365
3.6787, -336.932, 183.009
6.80638, 23.795, -9.18106
5.4745, -208.703, 94.2674
2.52745, -575.505, -406.725
6.84925, 288.157, 335.25
7.37729, -88.4255, 116.744
5.59653, -291.182, -214.097
3.85574, 207.889, -156.56
7.46973, 22.4625, -39.2826
4.60751, 216.805, 115.307
4.20537, 274.776, 366.765
4.80717, 129.766, 49.4695
4.44822, -145.677, -222.161
4.613, -297.452, -155.908
2.84879, 218.359, -76.4493
5.5153, 72.7637, 25.2425
7.36114, 74.3026, 79.7355
5.07406, 311.048, 228.669
7.45461, -58.1045, 18.9572
5.84906, -24.2139, -273.305
4.01716, 246.662, 184.061
3.47371, -219.082, -272.3
4.0109, 143.086, 29.3454
4.93946, 10.1299, -170.193
4.72438, -351.543, -211.691
5.7844, -73.8001, -124.735
3.74227, 420.451, 316.25
4.72007, -318.801, -176.209
5.75894, 64.3325, 70.6474
6.67472, 210.801, -375.962
6.03698, -99.7875, -180.09
4.93928, 126.806, 469.887
6.72039, -303.534, 44.3268
7.00296, 121.809, 166.456
6.33082, 363.56, 155.427
5.29453, -383.306, -268.791
2.70603, 265.68, 63.7971
5.46749, -235.106, -19.4165
2.68674, 155.088, -52.2964
4.53488, 34.1664, -25.3397
2.84243, 375.098, -168.901
7.38558, -96.0892, 15.1684
2.5956, 581.754, 377.449
6.60363, 120.311, 296.307
5.2195, 174.69, -97.4463
5.72828, -340.326, 224.886
3.62934, -12.2725, 90.59
2.733, 254.763, -432.413
3.63154, -58.2013, -135.383
4.58371, 267.287, 233.573
6.40126, -186.949, 269.958
3.72852, 119.265, -196.181
4.81411, -38.4542, -229.698
6.14756, -283.528, -51.045
5.35237, -73.6978, -48.0551
5.45997, -214.324, -207.834
4.98425, 265.251, -150.293
3.951, -86.7224, -252.771
4.71107, 241.939, -82.1766
2.53669, 14.1828, -108.422
7.41683, -16.535, -248.295
2.52822, 18.5934, -41.2984
4.8676, -233.221, -216.471
5.86497, 202.368, 285.258
