6.27803, -2250.77, 1240.07
3.5948, 148.087, 1363.62
5.89648, 770.376, -254.472
5.09708, 166.188, -34.3044
2.76731, 3987.92, -4169.46
2.53849, -1109.84, 1202.58
4.58743, 5620.29, 3306.77
7.15218, -20.2577, -50.8701
2.95982, -432.812, 731.077
6.00595, 548.662, 344.179
3.81226, -37.1685, -158.913
4.14117, 205.286, 147.198
7.45519, 214.143, 86.5756
7.41275, 13.4078, 71.0394
5.75759, 791.938, 111.937
6.92354, 122.791, 3.27112
6.33247, 55.3861, -62.8041
3.87453, -1761.54, -513.027
4.93259, -1047.31, -784.945
2.80282, -5051.04, 1151.2
5.08146, 363.532, -6.10885
4.96988, -3564.26, 1246.99
7.23882, 101.275, -130.586
4.42071, 186.454, -50.2958
5.14874, -2811.45, 784.054
2.75042, -310.536, 3629.87
6.63909, -485.703, 81.7142
5.94228, -445.858, -272.133
6.18112, -261.446, -78.6906
6.94286, -2760.07, -2517.87
4.25508, -251.033, 554.428
6.72991, 242.883, 164.442
3.84659, -332.742, -210.467
4.83959, -48.0111, 312.262
3.2686, -18.9709, -254.466
2.66527, 235.109, 475.276
7.2768, -1318.79, -924.381
6.95369, 267.426, -629.631
3.29884, -1013.45, 220.664
3.15214, 206.623, 54.2421
2.515, 2288.44, -364.278
6.0491, -115.593, -230.714
3.40448, 1230.61, 220.303
5.76029, -1.32029, 223.216
4.42907, 561.622, 286.798
3.23766, 1104.37, 1364
5.45054, 32.4101, -251.938
3.24076, 2202.14, -1082.75
3.2091, -1844.6, -1144.53
4.94257, 450.874, 77.7251
3.13015, -681.127, -469.863
5.64635, -278.038, 123.983
5.60817, 207.203, 3.82575
4.88216, 2513.7, -3476.34
2.64188, 613.008, 562.3
3.21011, 3081.76, -519.713
3.15594, -165.383, -325.503
3.31099, 1220.74, -1872.41
3.76529, -771.437, 166.391
4.77654, -3455.8, 1828.26
6.54472, 284.58, 297.606
3.57624, 186.671, 19.5922
3.75063, -56.951, -136.103
5.02978, -425.369, -942.53
6.27922, 110.88, 0.57115
5.66369, -1180.74, -2557.65
5.9449, -1879.05, -1306.25
7.27207, 30.1145, 43.1044
5.18713, 3565.33, -1813.77
4.57014, 76.311, -880.148
4.70019, -328.93, -536.119
6.07821, -1454.73, -1626.07
6.20858, -1939.29, -1585.76
5.12494, -2444.87, 2042.35
6.06711, 116.049, -159.322
5.91025, 1.19268, -50.4461
6.82941, 1669.34, -1273.78
3.19597, 744.3, 1398.92
3.57766, 58.6788, 92.79
5.0733, 703.921, 1356.72
4.83766, 149.787, -184.285
3.55759, 2631.77, -2689.52
5.65244, 322.581, -200.908
2.5044, 2099.68, -3008.7
4.09589, -496.969, -2334.67
5.90281, 66.667, -87.9862
6.0446, -151.583, 7.70722
2.90869, 525.779, 222.892
3.56926, -787.775, -241.915
4.44412, 406.387, -98.5476
4.44927, -2924, -1030.06
3.92018, 199.271, -171.96
4.6123, 108.53, 26.2626
2.55658, -958.545, 26.1253
3.72027, -3710.49, 2009.92
4.49072, -1341.19, -2679.78
6.64177, -483.817, -314.797
3.78584, -302.488, 640.998
3.59705, -1228.52, 64.8408
6.47385, 75.5569, 25.9961
5.8476, -352.43, 175.503
5.49108, 190.203, -336.034
5.99917, 2045.95, 1232.14
5.13062, 231.271, 71.6818
4.14833, 267.619, 524.851
3.30844, 3922.77, 670.507
6.56633, 69.6241, -59.0183
4.08004, 405.41, 401.435
4.05369, -419.222, 117.838
4.65424, 46.0167, -196.813
4.46509, -153.93, 273.736
4.43916, 276.435, 5.60312
4.34871, -84.6908, 742.276
5.88118, 334.696, 209.085
6.10384, 574.452, -88.2116
7.20082, -1878.31, 570.554
5.08573, -57.4365, -15.2187
5.5282, 548.411, 350.62
5.85049, 1218.57, -1877.41
5.11404, 155.631, -135.801
3.87105, 526.07, -608.498
7.08924, 78.4713, 23.0033
3.73367, -80.8142, 25.4544
4.77876, 267.481, 866.474
3.30374, -3.50853, -227.863
4.68319, 285.714, -63.1148
7.45767, 69.0035, -125.307
6.26931, 2572.16, -2691.93
4.97846, 147.45, 128.343
7.01651, 65.4729, -25.3298
4.68213, -761.502, 83.2537
5.09239, 1628.46, -1384.24
4.44866, -1418.02, -2157.35
5.63431, 116.453, -171.577
5.19331, 17.4821, -33.4565
4.35955, -159.268, 715.048
2.54674, -365.888, 194.846
6.3794, 350.034, -172.141
2.85317, -451.805, -464.175
3.98511, 166.94, 476.884
4.78581, 418.193, 87.8423
3.25156, -134.396, 41.5068
5.97819, 152.318, -237.9
4.15587, -422.48, -434.461
5.21197, -2261.25, 4026.46
2.64678, -2482.58, -1332.28
5.38086, 27.7065, 250.966
5.18133, 493.549, -229.955
7.36678, -444.884, 3.84493
5.57063, 207.482, -40.1194
5.26431, 1837.56, -3059.34
6.69051, 1153.88, 224.015
3.75764, 2.31227, -522.506
6.98957, 158.174, -190.965
5.97428, -75.5664, -48.8935
5.82752, -119.767, 1870.37
3.06838, 41.9099, 127.393
3.37987, -889.115, -790.559
2.91253, -1008.67, 1763.72
6.68103, 239.942, 195.377
2.64818, -44.5523, 2388.54
6.34719, 554.754, -201.931
4.29829, 254.224, -2571.2
6.24626, 679.513, 10.4438
6.28385, 102.846, 23.3692
3.60834, 2132.11, -857.451
5.58305, -2.63845, -51.9167
3.66846, -428.348, 114.898
6.22052, 32.6524, -2526.76
5.80997, -417.214, -781.161
4.9209, -2329.65, 4073.69
2.58972, 735.528, -80.8951
4.98291, 109.768, -125.655
5.09587, 86.6445, -31.8741
4.71395, 717.003, 2392.78
4.14528, -1859.46, 899.47
3.52671, 185.354, -127.572
7.19863, -118.757, 1314.51
2.85168, 1088.77, 2088.25
3.30042, 504.362, -386.299
6.70788, 427.823, -778.461
4.13614, 203.172, -458.139
6.85942, 992.907, 201.644
5.99896, 236.609, -45.2725
5.52801, -122.598, 260.01
4.77536, -51.7166, 51.4752
2.91543, 781.067, 854.635
3.94883, -2406.41, -870.882
6.51009, 74.4192, -22.5575
6.81821, 148.131, 468.67
3.81831, -3251.35, 255.786
4.79881, -502.664, -333.491
4.95672, -20.9743, -220.752
5.82344, 1231.51, -1916.06
7.31738, 145.23, -184.875
7.23022, 431.973, 208.951
2.81902, 1347.21, -398.821
5.04829, -890.249, -392.009
6.13222, 420.911, -13.9703
5.65882, 140.745, 86.7458
3.26658, 196.547, -169.538
5.09652, 718.285, 2393.41
3.52281, 3989.76, -1298.01
6.03231, 411.1, -29.2078
6.05786, -764.573, 4234.51
3.66304, 221.107, -611.839
6.80594, -103.818, 22.3508
2.67122, -883.022, 79.6357
6.26587, -296.435, 18.7664
4.14789, -260.206, -294.227
4.65309, 3563.37, -825.028
7.33455, 397.827, 269.135
4.05803, -1466.03, -1302.83
5.69762, -4162.09, 4.07209
5.95386, 116.011, 16.282
5.36403, 405.464, -206.333
6.60667, -2259.93, 4016.11
4.21807, -2585.54, 1107.52
5.09387, 396.337, -201.328
6.78438, 369.94, -328.521
6.18587, 627.359, 1047.87
3.45992, -284.143, 173.587
2.83145, 113.433, -4.43766
3.60828, -3036.97, 1895.21
3.33656, 47.0863, -90.2996
6.31172, 250.856, -32.3279
5.44905, 1171.04, -1680.06
4.65223, -4341.16, -389.308
7.09618, 1601.48, -220.759
5.09668, -477.154, -1042.7
7.38058, 51.8429, 30.2115
5.15714, 204.499, -455.378
2.98716, -923.843, 1049.61
5.83983, -457.33, -533.816
5.44444, -540.29, 2095.81
5.01137, 426.36, 134.289
2.75808, 835.062, 979.468
2.6753, 52.9781, -135.677
4.41484, 295.288, -44.0798
5.55555, -1861.66, -2253.56
5.06574, -4337.9, -390.545
5.98498, 73.8637, 172.517
4.89891, 102.467, -155.229
3.88323, -4337.48, 69.9408
6.01685, -173.612, 2279.77
3.67701, 28.0579, -179.967
6.41501, 200.693, 58.0668
6.60589, 1250.44, 132.698
3.21842, 2657.04, 2444.44
5.75757, 298.908, -61.8551
3.87677, -434.853, -1214.77
7.26215, 1958.28, -1060.29
4.58238, 161.151, -220.598
3.03869, -378.344, -126.219
4.70633, -18.5867, -0.697256
6.28811, 62.2376, -132.413
2.77803, 457.406, -8.38774
3.51241, 139.193, -153.383
6.82305, 16.736, 68.7308
6.52456, -138.543, 73.806
2.78861, 460.523, 1679.96
4.40304, 221.184, -116.168
4.56124, -213.88, -413.021
2.80071, 627.224, -2.69281
7.09746, -1094.53, -1045.05
3.35398, 65.7497, -52.9928
6.51634, 268.851, 76.8043
3.88599, 1111.35, -415.913
4.44586, 228.719, -172.124
7.19936, -1629.65, 585.503
6.24573, 123.212, 2286.83
3.44774, 2790.59, -3008.11
6.89581, 231.787, 98.263
6.8953, 141.683, 27.267
3.30515, -67.4676, -626.192
5.87346, 943.536, 357.625
6.89096, -81.2047, -72.3183
6.98262, -663.707, 2820.73
3.06535, 106.127, -121.635
5.93789, -676.348, -682.963
3.21651, 700.727, -132.079
3.6901, 473.836, -121.324
5.64383, 2248.81, -1521.2
4.312, 54.1244, -226.646
4.64437, -1432.59, -1262.39
4.91936, 1316.68, -1446.44
6.20379, 57.8748, 821.681
3.23098, -79.446, -179.049
7.36238, 66.5787, -1.84822
7.3158, 327.117, -60.3108
3.14741, 2098.3, -1398.24
5.3784, 222.247, 7.05687
4.66439, 528.105, 260.868
5.50066, 105.986, -0.590201
5.85098, -19.7149, 221.227
4.5137, -2404, -779.977
6.46691, -1464.11, -1363.49
4.89889, -2613.39, 1467.18
5.72449, -683.416, 696.345
4.28836, 4076.01, -676.718
5.96794, 138.551, 277.957
5.83428, -286.292, -322.983
3.22071, 423.836, -178.878
7.10415, 24.7213, 96.7612
4.22228, 950.436, 2960.16
6.66824, 176.33, 50.5011
2.74349, 119.976, 92.2107
3.27936, 1038.22, -1548.16
2.55765, -39.6304, -24.9247
3.94327, 284.586, -126.319
5.07295, 527.193, -447.147
3.65948, 723.105, -2738.71
2.75022, 492.26, 556.942
5.33091, 46.5648, -71.5869
6.69774, -269.616, 243.866
4.28763, -282.03, -445.99
4.3452, 11.1282, -639.523
7.22226, -71.3189, -1.95244
4.72425, -1450.71, 225.992
6.82086, 268.363, -115.285
5.82654, -37.8818, 695.94
5.79297, 331.017, -92.0432
7.10736, 2122.9, -1588.94
5.11536, -2442.67, 2038.34
5.45229, 283.59, 223.981
5.79944, -289.664, -2168.13
4.24765, -1467.85, 947.688
4.11714, 84.087, -310.282
7.08984, -15.6183, -394.498
3.08619, -3579.89, 1265.98
7.31268, 520.75, -134.876
5.17978, 64.7921, 284.171
5.81447, 1012.75, 365.985
5.48362, -3655.25, 1659.13
6.93363, -366.809, -1041.82
6.67999, 107.213, 9.05686
6.69339, 136.689, -223.628
6.85642, 212.362, -371.049
2.5002, -120.63, 1847.46
4.77274, -489.065, -1634.4
4.25696, 1659.03, 46.6635
5.80713, 3530.09, -2810.85
6.22234, 721.686, -272.492
3.3821, -790.727, -3199.7
7.4621, -1091.93, 1351.49
5.95466, -588.294, 96.0938
6.97862, 211.419, 287.337
3.51579, -1172.33, -295.167
7.2356, -161.981, -7.82575
4.88476, -3395.73, 1781.43
6.78578, -3036.96, 1892.35
6.41237, 530.248, 347.428
5.70687, -2376.84, 2300.17
3.14521, 255.452, 807.054
5.77944, -22.6253, -155.453
3.09199, 107.394, -80.8983
3.88793, 2196.99, 488.871
6.65548, 251.677, 2093.95
6.14153, 2813.56, 3598.26
6.74348, 3132.7, -2337.41
3.43989, -799.82, -479.553
6.09602, 69.9313, -123.774
4.25586, 151.014, 160.862
3.34555, 151.787, 197.213
4.52383, -3318.13, 425.07
4.20924, 181.152, 0.0673032
6.67141, 107.025, -240.765
3.9111, -2515.94, -4078.11
5.16766, 2544.02, 1549.07
6.25085, 698.892, -1237.2
4.62554, -218.957, 126.461
4.66964, 1351.91, -33.148
3.03022, -2659.98, -1682.95
6.4639, -37.6793, 73.84
3.91232, -214.293, 288.856
7.14264, 2804.26, 4096.58
5.37926, 138.957, -3.39784
3.4895, 444.322, 133.394
5.99081, -319.975, -256.163
3.07265, -617.852, -119.667
4.22945, 153.671, 696.739
4.15646, 40.3259, -141.803
6.42735, -3649, 1662.74
6.65775, 291.33, 87.6948
4.21712, 868.266, -411.519
4.2603, -440.559, -81.3785
6.38197, 143.62, 289.194
6.58658, 801.778, -251.944
4.26157, 93.1587, 414.762
7.09559, 30.4033, -102.406
3.2877, 471.277, 344.424
5.56029, 954.947, -172.366
5.54222, 175.899, -129.573
3.16647, 2112.36, 2311.76
3.51409, 2581.67, 3593.94
4.79457, -132.081, 126.23
3.48759, -683.226, 1211.6
6.77118, -83.7611, -254.022
6.54562, -219.15, -343.666
2.80131, 1798.47, -1385.55
6.50584, 1166.62, -3374.79
5.49597, 274.972, -172.076
7.43182, 159.4, 44.369
2.65919, -954.115, 286.296
6.8356, -2249.71, 2739.26
3.69109, -217.509, -357.388
3.6127, 856.246, 497.48
4.73907, 4508, 2096.69
2.61231, -224.23, -147.734
6.79755, 152.97, 67.104
4.15902, 445.027, -3089.07
5.72195, 755.16, -139.73
7.43521, -426.664, -56.6629
5.30162, 259.28, -45.3389
4.74553, 165.245, -80.0571
5.213, -61.1665, -106.872
2.90797, -667.099, 288.384
3.99606, 1387.69, 2082.66
6.63964, -2706.08, -523.919
6.48936, -2831, 1129.18
5.71048, -176.632, -8.36925
4.84105, 150.062, -330.388
7.15326, 578.329, 1736.36
5.08798, -235.807, 166.169
7.42924, -2942.99, 1875.33
5.94567, 95.9597, 188.284
6.19966, 283.349, 285.041
3.46323, 1215.36, 1134.58
6.08881, 2079.78, -1349.97
6.11146, 1088.21, 337.953
6.49298, 60.5201, -129.479
4.23216, -3450.63, 277.075
5.1481, -819.253, -372.998
3.19001, 1069.67, -749.856
6.73218, 173.94, -142.96
6.32766, -738.958, -460.666
7.5, -3629.36, 1668.85
4.24891, -5029.8, -1704.43
5.50367, 1040.68, 18.4845
3.50808, -286.518, 2558.3
6.2385, -2528.5, 425.527
6.49225, -308.959, -303.317
3.03505, -254.681, -652.659
5.35813, 141.478, -1.20874
2.84683, -3538.8, 1234.83
4.16036, 310.103, -279.603
5.80945, 52.9864, -283.521
5.27726, 375.613, 2764.3
7.12415, 59.2087, -384.245
2.69832, 220.002, 1996.26
2.62083, 974.713, 1112.68
4.61923, 395.382, 117.35
4.36987, -774.5, -82.1444
2.93303, 2371.33, 2320.96
3.05403, 413.457, 274.076
5.31992, -3247.83, 111.437
7.37269, 118.402, -0.59094
3.05066, 16.4083, -2738.64
5.99352, -2177.25, -2412.64
2.79674, 245.788, 1165.6
4.69755, -239.245, 128.262
5.24651, 469.032, 183.431
3.45129, 126.596, -210.238
7.36597, 372.304, -73.8439
3.19593, 245.545, -184.859
5.48978, -2223.8, 300.725
7.12812, 158.603, -237.228
3.91116, -350.924, 39.2147
6.8307, -17.7496, 96.2841
6.29598, 910.422, -1223.96
6.10793, 383.798, -148.108
3.34241, -75.6249, -591.835
3.32882, 594.505, -1823.46
3.39076, 307.267, -111.309
5.87226, -20.1038, -214.299
4.83484, 416.786, -12.5922
6.85219, 324.29, 232.64
5.76023, 413.651, -116.812
5.80464, 1012.77, 373.211
2.58037, -176.06, 584.08
4.30596, 3879.66, 2256.01
3.72747, 241.662, -651.491
6.93086, 596.173, 926.486
5.23701, -4877.36, 79.96
6.57209, -206.456, -401.445
5.24453, -873.858, -184.463
4.16156, -164.131, 157.989
4.40213, -1341.85, -2337.52
2.52389, 739.147, 111.267
6.95226, 49.1433, -124.839
6.16955, 391.821, 104.065
6.04239, -570.534, 219.479
5.1278, 1537.32, -1947.4
6.41065, 208.597, -380.544
3.42484, 312.284, 13.239
5.72673, 225.855, 5.08816
3.42178, 316.608, -7.76804
3.31214, -1196.49, 602.892
2.65594, 1225.13, 1042.68
7.42716, 176.769, -131.584
4.04559, 55.9233, 66.7233
4.11075, -430.305, 60.0607
5.51155, 228.089, -63.7732
2.89107, 3625.53, -565.924
3.93936, 254.067, 284.265
5.79307, 433.371, -854.117
7.36348, 412.861, -28.664
7.27758, 2744.88, 1050.3
7.42745, 58.3187, -153.667
7.30478, 228.99, -57.5216
3.0073, 162.524, 550.253
3.71505, 911.444, -286.391
6.91151, -425.382, 124.001
5.28805, -126.101, -251.806
6.7669, 185.322, -164.736
7.49145, 504.622, -82.1893
3.99751, -3092.39, 1438.77
6.33157, -5550.97, -1856.87
4.81901, 94.9802, 300.846
6.8168, 626.516, 132.93
6.99018, 150.224, 120.858
7.377, -396.424, -182.551
2.77405, 264.562, 56.8228
6.32605, 285.286, 222.198
5.09219, 1200.55, -1841.57
3.46574, 232.983, -333.821
6.98252, 11.5623, -519.018
6.38492, 468.517, 18.8268
2.75968, 417.943, -76.6294
7.47331, 1308.36, -1885.42
5.93659, 147.211, -427.202
5.94854, 1037.99, 416.467
6.57666, 2115.81, -933.736
7.05426, 349.271, -118.057
3.34218, 1653.61, 3463.65
5.24183, 2072.86, -1438.15
6.53351, 125.539, 89.5396
4.17803, 428.197, 225.885
5.53435, -409.433, -256.179
6.59602, 1022.78, -1779.64
7.3485, 501.501, 87.1044
6.29349, 229.982, 342.377
3.72113, 146.512, 239.107
5.80589, 161.948, 98.3123
4.21574, 974.063, 403.374
7.27146, -37.3164, -68.0056
2.60828, 1900.85, -2369.62
4.54979, 740.969, -249.372
2.55789, -2430.04, 2603.13
3.04964, 252.775, 530.386
5.28259, 719.244, -976.035
4.45466, 362.031, 3.3636
7.20539, 219.781, 78.8113
2.55572, 346.24, 380.488
6.22897, 376.031, -990.473
3.84293, 211.024, -160.676
4.27153, 250.373, -209.826
3.45835, 4056.24, -4164.7
5.14832, 445.316, 297.145
4.39478, -651.32, -3553.99
3.16407, 262.536, -113.348
4.26563, 71.1319, -163.979
4.2497, -3498.5, 1746.87
7.41084, -1885.56, -1274.53
5.25961, -425.514, -281.84
4.99918, -1760.81, -467.668
3.58531, 1255.05, -1941.56
4.37311, -148.034, -64.9776
6.78251, 2114.36, 1861.41
6.45578, -1982.18, 3972.19
3.9204, 2072.29, -2493.54
5.07645, 895.995, -162.353
6.79238, 137.407, -195.604
7.07844, -240.227, -58.3343
7.48941, -1463.07, -1364.35
6.53177, -402.864, 21.9483
5.22718, 661.122, 423.004
7.3461, -20.5822, 481.807
5.31931, 1037.37, -79.0735
4.03031, 416.402, -998.405
5.41853, -0.747293, -43.6416
2.91197, -162.837, 424.787
5.47382, 334.043, -91.6625
3.31968, 1886.78, 3500.73
6.46527, -178.017, -690.051
2.95373, -702.784, 1189.13
6.3072, 14.322, 254.311
6.83996, 74.0512, 21.4606
6.40105, 379.29, -182.418
6.61399, -1664.75, -343.401
6.70974, 147.229, -260.419
4.48328, 422.493, 197.956
6.508, 233.99, -119.742
6.56811, 132.5, 11.8288
5.43493, 623.468, 1309.4
4.64621, 145.719, -70.8786
2.5002, -268.027, 186.651
5.31153, 333.472, -12.0191
6.22632, 164.544, -452.727
3.89846, 2423.52, 1370.14
2.93406, -505.353, -3332.9
3.5733, 15.7352, -256.447
3.93296, -435.021, 29.0553
4.86595, -446.263, -12.9037
6.95893, -1472.05, -1297.94
5.91955, 7.96562, -41.0231
3.54376, 173.673, -97.6517
6.67533, -56.3874, 94.2165
7.09218, 593.39, 406.436
4.48244, -119.276, -136.444
6.37858, 1428.16, 413.309
5.68161, -160.3, -7.41327
6.64746, 113.434, 92.9576
3.40204, -55.452, -6.88114
7.45927, 137.736, -135.82
6.70558, 182.559, 23.1915
4.65177, 561.05, 206.766
4.38589, 443.56, -36.0112
2.70802, 220.915, -217.617
6.80715, -340.574, -593.5
6.62116, -2940.99, 1975.98
6.25052, 1193.77, 1220.84
3.55801, 379.439, -333.023
4.31029, 14.9518, 125.504
4.43545, 281.07, 1.606
7.32918, -2356.98, -1511.71
6.5872, -181.267, -261.189
4.5755, -211.098, 75.1289
5.83759, 117.442, 493.063
2.52101, -2925.92, 2884.45
6.98048, 269.204, -14.7341
3.68416, 255.094, -221.438
3.79415, -439.292, 77.1804
5.4939, -396.003, -270.009
6.89823, -806.443, 23.3645
6.16299, 132.247, -265.37
6.0773, -506.823, -137.603
3.57724, 4193.73, -192.121
6.30413, -2950.28, 2298.57
3.85351, 594.401, 165.493
2.75246, 153.39, 20.6569
4.78866, -1096.71, 498.07
2.58759, -20.1487, -356.253
3.01129, 4072.4, -2656.55
2.639, 1115.22, -594.012
5.65921, -44.054, 291.529
6.34425, 167.46, -42.1394
2.74132, -178.417, -150.703
6.6924, 552.596, 834.291
6.76899, -89.2264, 43.8205
6.57649, 40.3584, 8.60934
6.85188, 177.141, -3029.59
5.27222, 199.576, 35.967
6.12646, 0.82362, 1163.17
3.20424, -3208.13, 2539.55
6.6115, 221.035, 176.453
5.51185, -1862.48, -2246.81
4.93856, 119.833, -205.753
6.14942, -465.4, -256.004
4.05164, -1558.83, 875.227
3.93925, -220.054, 474.48
5.45857, 1675.25, -2038.06
5.34055, -2204.69, 1204.03
5.41059, 2110.33, 1515.57
2.84132, 184.423, -91.4254
4.34304, -1530.83, -36.743
6.28475, 435.087, -169.918
6.35297, 763.691, 2191.85
4.27217, 99.535, 532.553
5.98913, 126.314, 0.160818
5.08005, 1614.02, 952.301
5.94494, 39.6487, 27.8943
6.18066, -1523.39, -1068.71
2.56231, -1916.72, -1568.15
7.16549, 67.8539, -156.555
5.37826, 628.41, 220.469
3.05587, -69.1318, 656.307
4.87388, 60.7166, -65.0177
3.24247, 1360.53, -25.822
4.22594, -5892.78, -1342.04
7.04476, 161.442, -134.14
4.54571, 2119.6, -916.708
5.96642, 71.016, -90.381
3.35865, 237.619, 149.624
6.21715, -3181.3, 1161.98
4.16319, 14.4883, 66.233
4.62157, 191.539, -231.147
2.79523, 58.8705, 649.202
5.09005, 212.976, 11.2628
5.94425, 36.0874, 270.628
5.01149, 304.213, 274.422
6.56617, 123.722, 158.013
3.07974, 283.379, -78.328
5.24841, 1115.59, 218.412
5.06046, 89.7857, -273.853
6.02649, -1492.33, -1344.21
5.65083, 169.406, 78.4023
4.0207, 676.57, 516.065
6.74719, 92.5549, -78.3848
3.39619, 1055.32, -1723.96
2.61737, 137.801, 252.05
4.19467, 514.977, -75.2554
3.43818, -1554.68, -1132.06
6.60467, 295.1, -113.686
6.72507, 75.2921, 2362.58
6.78031, -2253.07, 1356.06
7.37454, 348.795, -305.119
2.99587, 496.212, 223.856
2.56182, -2619.05, -2057.62
2.58614, 68.0576, -232.81
2.64527, 155.471, 520.452
4.1031, -1480.25, -1508.82
6.17815, -2257.32, 1240.71
3.14876, -360.332, -464.399
2.5161, -1574.72, -256.601
6.91905, 539.079, 101.371
3.70482, 122.433, 218.486
4.38481, 440.815, 314.928
4.44879, 114.24, -12.3291
2.81534, 2484.87, 955.564
7.30792, 109.056, 19.9084
3.75349, 69.2038, -69.8542
6.85376, 113.465, -105.378
2.85991, 1979.63, -2736.24
2.70653, 2407.14, -1742.53
3.46378, 325.633, -213.13
3.86708, -1324.25, -1694.29
7.4007, 176.012, -158.292
3.60607, 793.058, -3471.24
6.43119, 1216.05, -1873.68
4.42306, 147.334, 534.935
3.78593, -2075.7, 2287.75
3.91087, 476.097, -234.4
7.33834, -196.347, -12.8869
4.22841, 81.6196, -155.046
3.45922, -84.3876, -7.82527
5.05037, 379.368, -29.7336
5.21857, 814.595, -3115.11
5.72333, 326.301, 346.341
3.89738, 450.853, -204.408
3.41887, 54.9592, 110.957
2.71579, 1688.98, -2047.75
3.98408, 141.21, 295.185
4.25548, 1254.54, -518.103
7.09372, -32.6362, -65.7861
5.81225, -252.298, -50.222
5.08041, -1459.66, -1301.46
4.03763, 48.5487, 37.2185
3.0007, 1459.82, 1535.36
3.47502, 203.425, -1.88403
4.11407, 2134.89, 2311.4
5.56182, 639.27, 85.8952
5.13511, 1526.87, -789.486
3.45653, -395.991, 1037.74
4.7178, 3751.5, 2158.22
4.48693, 4304.08, -838.7
6.28051, 297.559, 271.26
6.6213, -317.008, 132.366
5.51573, 12.0086, -859.398
3.04573, 298.897, -316.862
4.11797, 1893.43, -437.507
5.03403, 185.516, 67.4918
4.76521, 198.69, 836.441
4.77315, -124.05, 283.474
4.91125, -79.3996, -33.7454
5.07896, -3112.95, 561.616
4.50207, -1584.31, -1034.7
4.22945, -51.3672, -258.972
6.64533, 50.3723, 687.335
3.02204, 1865.64, -867.249
6.40057, 321.807, -4.79825
3.19919, 315.538, 57.7373
2.62171, 2580.59, 2986.28
6.0664, -217.156, 1015.44
7.15538, 72.9346, 284.576
7.47667, 66.9419, -161.167
3.86264, 68.58, 45.1746
3.6923, -1472.67, 515.934
3.87328, -250.786, -2210.55
5.70836, 344.937, 263.025
5.17637, 33.1975, -50.8832
6.8967, -1956.39, 3338.01
6.75968, 248.267, 306.124
2.98004, 99.5031, 494.243
4.66818, 109.209, 24.9969
3.17045, -342.059, -85.0498
5.86802, 185.425, -34.8688
5.34964, -165.896, -384.383
3.66474, 119.186, -1222.62
5.50306, 129.691, -167.194
2.6551, 597.101, 85.5948
7.08512, 85.2974, -340.379
3.82958, 353.67, 407.309
6.50016, 111.063, -114.961
5.46389, 191.63, 121.402
5.0822, -294.091, 4.25477
5.2567, 829.848, -482.913
3.47225, -51.8642, 208.119
5.36152, -2058.47, -247.256
3.81992, -451.338, 4288.89
4.41648, 1778.85, -3786.69
2.73626, -206.099, -396.563
4.22823, 83.7384, 51.078
3.61594, -2095.29, 4819.65
3.81264, 324.138, 120.382
3.05141, 328.14, 38.5555
7.40088, 68.4212, -444.522
5.93794, -507.132, -143.192
5.82158, -109.14, 138.97
5.99501, 197.292, -245.826
2.68746, 110.059, -36.1372
3.6706, 101.134, -30.7919
3.95397, -3604.96, -5433.67
3.50543, 315.851, -69.2722
2.7177, -1813.04, 2602.65
2.56571, 696.031, -266.447
6.07297, 3995.31, -1296.26
6.88348, -277.618, -337.79
5.35088, 1233.67, -2380.84
6.92743, -2009.73, -2221.9
5.20042, -713.279, 179.203
3.31357, -1420.51, 407.653
3.30492, -1928.01, -1564.71
7.19182, 131.844, 6.84275
3.45628, 323.401, -333.972
3.15761, -2160.79, -48.174
4.41122, -300.639, 395.043
6.12674, -560.46, 2104.85
2.50651, -4343.42, -396.77
4.60222, 3092.29, -1786.27
5.18984, 657.343, 69.2406
4.86596, -327.303, -460.417
6.33003, 683.442, -598.292
2.9396, -494.26, -82.0175
7.04284, 11.232, -29.7864
3.20818, -363.054, 549.947
2.54782, 154.85, -41.5037
2.82267, -27.1524, -445.738
4.96742, 161.521, 58.8761
5.40914, 223.781, -101.44
4.03373, 2504.8, -4442.98
4.57091, -57.4727, -131.252
4.33401, 819.578, 1037.98
3.42687, 247.234, -1981.64
2.76788, -1773.53, -1857.08
4.47222, 128.862, 83.8458
3.98388, -251.313, -427.765
5.05388, -322.076, -213.825
3.75392, 1553.59, -2632.58
5.01589, -514.835, 1003.59
2.51168, 1076.2, -530.551
7.01807, -3637.49, 1675.22
2.79181, 2400.59, 2307.79
5.17506, 67.243, 2260.16
3.95754, 1996.03, -935.65
7.3023, 285.653, -225.758
4.73406, -2361.89, -1025.39
5.08479, 233.763, 99.1398
5.93861, -487.01, -51.717
2.72187, 68.4626, 554.774
7.2946, 2563.25, -1916.02
5.70852, -14.7048, 11.2716
2.80215, 9.91897, -259.078
3.33964, 219.326, 39.5115
5.76491, -115.328, 124.217
6.19864, -126.797, 1853.05
3.57011, -415.115, 108.348
4.31441, 385.442, -1609.04
6.56981, 322.522, -204.379
5.32057, 166.953, -50.7724
7.45886, 199.325, -158.421
6.5669, 126.879, 216.916
3.49157, 2229.21, -2923.53
2.50003, -134.233, -40.5843
4.62608, -2262.84, 2733.44
4.07406, 1515.91, 900.464
5.56218, -2509.04, 359.259
3.83351, 78.8933, -25.8202
4.39881, 873.233, 601.896
5.43397, 301.802, 242.396
5.95636, -833.988, -427.777
7.26736, 205.138, 66.442
4.89785, -224.122, 810.235
3.60319, 327.804, -399.655
5.33741, 683.08, 377.041
6.09873, 117.92, -86.1622
4.4953, 1676.18, -127.086
3.48326, 421.094, -179.784
6.66971, 335.056, 43.529
5.59561, 290.889, -821.168
7.26866, 257.505, -6.08791
3.23222, 499.357, -69.3918
5.38953, 17.8437, 17.7775
7.26796, 45.1406, -173.536
3.62331, -3471.43, 1738.81
7.25137, 119.68, -66.3861
3.07874, 1185.62, -568.356
2.58372, 228.74, 173.736
3.90465, -167, 526.324
7.15042, 397.717, -203.064
3.04796, -1062.21, -483.874
6.77266, -367.613, -438.086
5.68532, 574.595, 378.695
5.63853, 304.061, 220.833
3.80589, -533.184, 1293.12
5.13936, 160.81, -15.9054
7.16608, 849.325, 504.857
3.98055, -938.851, 229.956
4.78006, 169.473, -171.559
6.35659, -613.992, 3075.69
4.17193, -1295.51, -2478.81
6.31775, 191.903, 53.0918
6.65892, -1614.57, 1643.31
2.64618, 1819.54, -1089.46
4.31315, -185.832, 116.242
4.16221, 146.379, -363.015
3.17675, 1265.21, 1023.9
3.00839, 880.205, -2705.97
5.11327, 128.579, -228.842
3.52046, 84.7929, -235.015
5.00728, 284.954, 612.349
5.1371, -3232.95, 2051.18
4.13422, 112.642, -33.6845
4.75888, -213.764, 716.051
6.85263, 809.139, -172.857
4.72884, -12.1655, 56.39
6.03726, 414.553, 180.138
6.83171, -1505.7, 302.732
6.5822, 552.684, -268.052
2.67504, -2526.88, -989.149
3.8644, -541.043, 1716.41
5.21858, -860.4, 558.884
3.19942, 2110.34, -413.456
5.57408, 220.922, -103.184
3.29182, -348.306, -201.08
4.41129, -29.735, -384.676
5.94997, 357.562, 174.53
3.21128, 2752.75, -44.4683
5.65284, -4.20877, 157.225
3.15973, -2202.24, -1334.07
7.13583, 322.318, 231.69
5.53465, 3418.18, -5234.56
5.50388, 278.61, -483.862
3.33635, -135.898, 81.7917
3.301, -736.955, 1425.73
5.91628, 23.1691, -128.871
5.1456, -38.9753, -405.359
3.65264, -1537.8, 819.56
6.55373, 61.8359, 135.668
5.76477, 87.9729, -130.487
4.08597, 373.414, 96.6362
2.53953, 298.482, 353.338
3.49176, -85.6214, -677.627
3.78831, 388.888, 198.481
3.03825, 434.2, 431.509
3.49545, 109.317, 279.232
6.75079, -3746.6, 2014.98
6.63912, 248.656, 7.65452
6.76813, 99.6378, 15.8109
5.71027, 39.713, -33.9017
3.6787, -1971.41, 2047.13
6.80638, 128.773, -10.2461
5.4745, 292.515, 94.1795
2.52745, -1558.34, -1146.99
6.84925, -416.75, -785.765
7.37729, 153.644, 11.7042
5.59653, -1471.27, -1299.17
3.85574, 589.73, 21.8029
7.46973, 205.061, -111.206
4.60751, -1163.48, -158.789
4.20537, -476.264, 51.3543
4.80717, 160.355, -283.334
4.44822, -778.002, -2160.81
4.613, -3234.07, -648.969
2.84879, 240.21, -207.941
5.5153, -144.635, 180.903
7.36114, 101.473, -33.9624
5.07406, 81.0921, 261.743
7.45461, 159.457, -99.9218
5.84906, -1649.16, -3964.41
4.01716, 390.069, 283.157
3.47371, -513.28, -143.463
4.0109, 558.422, 225.629
4.93946, 360.646, -232.97
4.72438, 28.4649, -52.5131
5.7844, -138.576, 4.29202
3.74227, 3878.69, 2256.06
4.72007, -1082.15, -976.687
5.75894, -49.1996, -187.529
6.67472, 277.097, 53.026
6.03698, -119.395, -320.569
4.93928, -161.8, 311.774
6.72039, -15.2862, -277.955
7.00296, 348.79, -351.918
6.33082, 130.716, 229.697
5.29453, -210.464, -365.98
2.70603, -262.964, -128.844
5.46749, 932.909, -191.915
2.68674, 128.203, -2741.35
4.53488, 275.963, -318.373
2.84243, 596.784, 344.722
7.38558, 316.38, -165.173
2.5956, 1534.92, 2200.66
6.60363, 120.407, -173.504
5.2195, 2672.82, -2121.07
5.72828, 626.882, -34.8929
3.62934, -252.282, -219.997
2.733, 310.561, 2123.77
3.63154, -78.1185, 576.755
4.58371, 148.185, -1879.69
6.40126, -44.5524, -70.685
3.72852, 1025.8, -1782.18
4.81411, 230.184, -119.799
6.14756, 144.731, 200.589
5.35237, 3615.87, -495.109
5.45997, -311.979, -724.058
4.98425, -249.513, -304.217
3.951, 71.6897, -53.7053
4.71107, 198.519, 293.634
2.53669, -1970.2, 4328.31
7.41683, 140.209, -93.0858
2.52822, 241.254, 51.4068
4.8676, 1504.95, 663.485
5.86497, 2446.25, 4130.98
