6.27803, -2070.7, 1096.75
3.5948, 176.81, 1321.25
5.89648, 845.414, -315.691
5.09708, 137.8, 221.085
2.76731, 3570.55, -3739.53
2.53849, -878.403, 935.175
4.58743, 5036.17, 2955.52
7.15218, 109.038, 109.419
2.95982, -444.629, 766.97
6.00595, 645.494, 423.487
3.81226, -44.544, -113.271
4.14117, 189.801, -183.504
7.45519, -177.396, -51.61
7.41275, 102.997, -106.47
5.75759, 827.02, 147.768
6.92354, 163.492, -76.8091
6.33247, -9.91112, -173.112
3.87453, -1609.31, -419.579
4.93259, -933.389, -720.466
2.80282, -4509.86, 992.44
5.08146, 310.025, 57.7747
4.96988, -3203.79, 1120.93
7.23882, -78.9832, 155.993
4.42071, 71.8897, 85.6095
5.14874, -2543.71, 724.178
2.75042, -308.804, 3262.73
6.63909, -345.124, -13.1821
5.94228, -589.017, -326.099
6.18112, -331.953, -170.262
6.94286, -2499.23, -2311.26
4.25508, -111.977, 470.203
6.72991, 176.521, 123.977
3.84659, -315.621, -299.379
4.83959, 84.3807, -89.3854
3.2686, -130.893, 12.0681
2.66527, 285.603, 477.075
7.2768, -1273.12, -892.099
6.95369, 166.642, -502.478
3.29884, -1058.54, 189.741
3.15214, -256.233, 8.96618
2.515, 2078.23, -325.522
6.0491, -43.0483, -349.331
3.40448, 1247.84, 172.647
5.76029, 251.466, -75.4665
4.42907, 524.264, 369.554
3.23766, 1030.19, 1307.76
5.45054, 76.0975, -185.751
3.24076, 2019.09, -1004.32
3.2091, -1705.1, -1096.54
4.94257, 514.784, 162.592
3.13015, -789.8, -343.812
5.64635, -496.387, 187.806
5.60817, 87.0074, -204.261
4.88216, 2271.85, -3143.47
2.64188, 579.6, 697.666
3.21011, 2795.85, -491.302
3.15594, 4.76919, -183.883
3.31099, 1153.25, -1729.27
3.76529, -717.966, 116.362
4.77654, -3172.33, 1677.47
6.54472, 233.469, 312.253
3.57624, 33.4385, -215.999
3.75063, 250.05, -63.2165
5.02978, -280.682, -662.471
6.27922, 9.898, 101.426
5.66369, -1063.58, -2335.16
5.9449, -1790.49, -1201.08
7.27207, -313.914, -1.4373
5.18713, 3206.02, -1633.38
4.57014, 73.6213, -523.113
4.70019, -248.875, -392.197
6.07821, -1358.16, -1550.42
6.20858, -1747.2, -1471.11
5.12494, -2227.41, 1885.94
6.06711, -21.065, 11.6072
5.91025, -10.9296, 161.965
6.82941, 1555.76, -1179.23
3.19597, 782.639, 1272.85
3.57766, -209.407, 14.0177
5.0733, 567.148, 1161.57
4.83766, 54.6229, -236.987
3.55759, 2335.34, -2407.88
5.65244, 532.652, -343.066
2.5044, 1889.28, -2698.94
4.09589, -432.121, -2217.54
5.90281, -33.4951, -41.8515
6.0446, 147.463, -148.024
2.90869, 545.015, 386.473
3.56926, -762.582, -178.529
4.44412, 434.694, -167.449
4.44927, -2687.28, -957.096
3.92018, 10.0351, -307.551
4.6123, 69.8348, 36.0952
2.55658, -642.344, 25.5016
3.72027, -3367.46, 1806.53
4.49072, -1174.93, -2468.7
6.64177, -476.577, -268.238
3.78584, -407.067, 682.805
3.59705, -1174.21, -39.6608
6.47385, 162.814, -14.5554
5.8476, -498.448, 196.072
5.49108, 325.23, -303.029
5.99917, 1904.91, 1120.14
5.13062, 226.758, -11.0078
4.14833, 181.598, 391.331
3.30844, 3480.34, 590.555
6.56633, 90.0088, 108.225
4.08004, 549.582, 504.076
4.05369, -448.448, 107.667
4.65424, 91.3411, -72.2173
4.46509, -225.687, 321.961
4.43916, -68.6451, 83.06
4.34871, -126.28, 695.078
5.88118, 165.429, 13.7257
6.10384, 704.183, -173.503
7.20082, -1753.29, 489.127
5.08573, 134.869, 61.5288
5.5282, 652.725, 427.054
5.85049, 1149.69, -1722.51
5.11404, 173.792, -216.895
3.87105, 396.585, -625.079
7.08924, 161.698, -9.83576
3.73367, -140.211, 1.17321
4.77876, 141.997, 895.942
3.30374, 194.999, -52.4367
4.68319, 187.668, -113.885
7.45767, 255.664, 104.003
6.26931, 2301.14, -2452.95
4.97846, 153.919, 211.456
7.01651, 146.186, -127.288
4.68213, -710.668, 25.7365
5.09239, 1516.74, -1297.73
4.44866, -1321.62, -1976.06
5.63431, 338.703, 23.1879
5.19331, 98.4482, 61.0848
4.35955, -175.811, 521.996
2.54674, -143.586, 336.911
6.3794, 83.8399, -207.463
2.85317, -287.472, -316.276
3.98511, 138.968, 571.373
4.78581, 99.2316, -209.578
3.25156, 90.6131, 84.7829
5.97819, 85.9818, -63.4294
4.15587, -249.286, -300.579
5.21197, -2037.32, 3604.78
2.64678, -2286.87, -1164.99
5.38086, 231.133, -48.8091
5.18133, 166.004, -236.259
7.36678, -602.877, 166.364
5.57063, 121.915, -27.7078
5.26431, 1671.45, -2748.66
6.69051, 1024.91, 321.829
3.75764, 27.8867, -203.501
6.98957, 39.4745, -248.012
5.97428, -215.936, 114.927
5.82752, -76.6872, 1758.09
3.06838, 215.376, 94.1583
3.37987, -709.111, -775.381
2.91253, -859.101, 1544.65
6.68103, 133.898, 422.382
2.64818, -161.181, 2094.56
6.34719, 435.436, -165.414
4.29829, 253.622, -2357.09
6.24626, 834.275, -33.1288
6.28385, -8.74317, 100.71
3.60834, 1985.15, -716.582
5.58305, 171.078, 92.2023
3.66846, -560.399, 117.555
6.22052, 47.0378, -2312.15
5.80997, -387.132, -679.94
4.9209, -2084.85, 3687.01
2.58972, 538.161, -216.426
4.98291, 41.4619, -318.339
5.09587, -71.3959, 99.9714
4.71395, 715.756, 2196.12
4.14528, -1734.75, 776.921
3.52671, 106.541, -67.9043
7.19863, -157.045, 1277.01
2.85168, 1067.55, 1893.71
3.30042, 404.406, -73.4192
6.70788, 363.224, -766.272
4.13614, 147.481, -458.716
6.85942, 972.155, 253.308
5.99896, 161.424, 134.429
5.52801, 34.0827, 327.968
4.77536, -13.7686, 338.746
2.91543, 891.843, 737.646
3.94883, -2183.87, -859.856
6.51009, -48.4771, 69.1217
6.81821, 262.203, 635.873
3.81831, -2965.95, 232.764
4.79881, -567.19, -172.447
4.95672, -72.9363, -207.847
5.82344, 1111.99, -1816.05
7.31738, 200.433, 82.9999
7.23022, 458.266, 232.146
2.81902, 1233.66, -466.609
5.04829, -841.98, -332.772
6.13222, 123.172, 97.1293
5.65882, 62.2905, 84.7458
3.26658, -63.082, 58.8082
5.09652, 714.392, 2192.9
3.52281, 3615.02, -1182.31
6.03231, 162.796, -38.9351
6.05786, -669.38, 3826.6
3.66304, 208.354, -600.498
6.80594, 237.402, 23.0294
2.67122, -905.43, -44.8527
6.26587, -202.331, -100.879
4.14789, -269.405, -270.536
4.65309, 3211.95, -715.842
7.33455, 147.295, 11.8897
4.05803, -1399.92, -1229.61
5.69762, -3769.64, 17.6653
5.95386, -34.2135, 72.4978
5.36403, 425.158, -376.539
6.60667, -2040.06, 3601.86
4.21807, -2350.79, 1037.94
5.09387, 280.255, -360.164
6.78438, 583.208, -277.248
6.18587, 694.453, 1012.27
3.45992, -395.138, 163.442
2.83145, -12.614, 85.9582
3.60828, -2768.19, 1731.6
3.33656, 210.287, -47.676
6.31172, 156.132, 102.975
5.44905, 1054.7, -1586.33
4.65223, -3925.91, -376.576
7.09618, 1541.39, -245.66
5.09668, -335.393, -917.526
7.38058, 358.118, -106.558
5.15714, 146.915, -461.974
2.98716, -848.285, 1086.03
5.83983, -288.871, -390.527
5.44444, -533.995, 1930.43
5.01137, 479.441, 86.3733
2.75808, 893.892, 853.636
2.6753, 344.632, -424.778
4.41484, 354.066, 69.2292
5.55555, -1691.09, -2081.14
5.06574, -3921.01, -374.707
5.98498, 174.74, -79.3769
4.89891, -97.2524, -47.3982
3.88323, -3888.32, 73.0984
6.01685, -143.837, 2114.52
3.67701, 278.825, -102.807
6.41501, 363.703, 60.4935
6.60589, 1248.26, 30.2947
3.21842, 2367.87, 2223.41
5.75757, 502.989, -261.918
3.87677, -245.639, -1055.65
7.26215, 1717.34, -1006.29
4.58238, -11.0368, -22.6292
3.03869, -401.248, -299.392
4.70633, 83.6526, 70.4314
6.28811, 222.046, 160.116
2.77803, 630.382, 207.594
3.51241, 44.6189, 60.2998
6.82305, 188.64, 107.303
6.52456, -220.635, 99.1344
2.78861, 439.5, 1592.26
4.40304, 205.404, -122.131
4.56124, -272.432, -471.003
2.80071, 650.87, -11.9661
7.09746, -1060.31, -999.101
3.35398, -181.951, -103.91
6.51634, 337.234, -23.2836
3.88599, 759.783, -330.69
4.44586, 34.0132, -15.4197
7.19936, -1523.22, 477.973
6.24573, 78.8659, 2092.94
3.44774, 2463.76, -2706.03
6.89581, 363.095, 20.7955
6.8953, 239.752, -43.6794
3.30515, -91.4887, -266.22
5.87346, 908.158, 281.604
6.89096, -43.8806, -115.401
6.98262, -641.078, 2564.21
3.06535, 141.56, 124.06
5.93789, -425.175, -500.955
3.21651, 606.084, 40.8774
3.6901, 675.176, -124.075
5.64383, 2044.61, -1385.01
4.312, -37.7585, -362.441
4.64437, -1412.16, -1241.56
4.91936, 1222.67, -1328.08
6.20379, 79.3832, 549.352
3.23098, 111.009, -372.885
7.36238, 52.363, 31.4492
7.3158, 299.867, 14.8017
3.14741, 1873.16, -1318.81
5.3784, 441.691, -5.78008
4.66439, 602.279, 61.35
5.50066, 150.91, -179.539
5.85098, -71.7581, 242.485
4.5137, -2221.51, -716.376
6.46691, -1350.05, -1212.34
4.89889, -2354.15, 1369.94
5.72449, -723.866, 688.111
4.28836, 3659.48, -619.883
5.96794, 108.849, 281.54
5.83428, -316.644, -462.709
3.22071, 602.05, -342.945
7.10415, 253.486, 36.019
4.22228, 894.193, 2703.03
6.66824, 65.139, -21.5299
2.74349, 296.813, 282.067
3.27936, 938.551, -1393.31
2.55765, -80.6318, 26.4389
3.94327, 315.034, 25.1771
5.07295, 440.84, -293.009
3.65948, 631.427, -2519.28
2.75022, 309.924, 610.498
5.33091, 268.258, -67.2779
6.69774, -365.642, -11.8925
4.28763, -185.033, -325.873
4.3452, -73.0492, -425.042
7.22226, -139.632, 33.0067
4.72425, -1420.84, 271.535
6.82086, 26.2848, -64.415
5.82654, -70.8016, 582.908
5.79297, 161.635, 237.094
7.10736, 1963.68, -1474.04
5.11536, -2229, 1875.73
5.45229, 232.995, -197.952
5.79944, -292.444, -2020.27
4.24765, -1409.78, 886.574
4.11714, 313.541, -445.704
7.08984, -92.5132, -320.887
3.08619, -3198.95, 1102.92
7.31268, 474.16, -26.4872
5.17978, 135.019, 289.592
5.81447, 789.419, 234.311
5.48362, -3294.62, 1505.24
6.93363, -430.33, -931.989
6.67999, -8.79345, -214.011
6.69339, -51.7161, -225.676
6.85642, -45.5953, -246.23
2.5002, -40.1607, 1709.15
4.77274, -370.712, -1303.3
4.25696, 1607.43, 25.1247
5.80713, 3156.39, -2544.92
6.22234, 578.809, -315.243
3.3821, -735.267, -2903.57
7.4621, -1031.02, 1293.91
5.95466, -542.523, 123.941
6.97862, 86.0181, 182.366
3.51579, -1136.4, -280.644
7.2356, -277.203, 287.381
4.88476, -3064.26, 1613.15
6.78578, -2765.02, 1728.91
6.41237, 398.665, 336.413
5.70687, -2173.22, 2095.92
3.14521, 110.627, 870.513
5.77944, -148.107, 21.1169
3.09199, 68.6524, 67.997
3.88793, 2042.74, 425.511
6.65548, 268.203, 1967.84
6.14153, 2545.35, 3251.39
6.74348, 2830.91, -2111.31
3.43989, -746.828, -586.105
6.09602, 218.519, 137.782
4.25586, 63.0497, 440.242
3.34555, 288.493, 447.005
4.52383, -2984.2, 391.719
4.20924, 238.529, -51.3049
6.67141, 56.9612, 125.558
3.9111, -2257.25, -3658.68
5.16766, 2261.82, 1400.93
6.25085, 593.043, -1035.69
4.62554, -123.38, -7.51366
4.66964, 1361.58, -40.1956
3.03022, -2449.07, -1488.25
6.4639, -282.161, -122.288
3.91232, -81.5129, 292.537
7.14264, 2543.81, 3651.94
5.37926, 157.084, -250.14
3.4895, 580.326, -90.5904
5.99081, -430.842, -306.228
3.07265, -668.171, -303.627
4.22945, 244.009, 780.219
4.15646, 44.8672, 184.306
6.42735, -3288.26, 1470.67
6.65775, 15.559, -22.2125
4.21712, 962.295, -460.026
4.2603, -183.555, -24.6227
6.38197, 243.544, 123.706
6.58658, 721.367, -114.349
4.26157, -80.2899, 229.869
7.09559, 127.301, -76.0945
3.2877, 578.349, 527.289
5.56029, 937.743, -287.036
5.54222, 20.1609, -37.5808
3.16647, 1923.56, 2109.04
3.51409, 2323.72, 3252.75
4.79457, 243.125, 26.512
3.48759, -700.412, 1133.02
6.77118, -24.8661, -185.327
6.54562, -381.038, -501.271
2.80131, 1620.71, -1295.42
6.50584, 1066.04, -3070.74
5.49597, 96.9315, 132.399
7.43182, 303.431, -98.815
2.65919, -993.862, 275.132
6.8356, -2040.07, 2488.74
3.69109, 168.021, -211.23
3.6127, 558.721, 399.151
4.73907, 4055.78, 1885.03
2.61231, -237.77, 61.3926
6.79755, 53.8729, 69.3192
4.15902, 435.123, -2879.24
5.72195, 543.65, -66.9762
7.43521, -464.913, -54.276
5.30162, 14.5047, -119.468
4.74553, 17.0532, 124.244
5.213, -184.202, 70.566
2.90797, -277.211, 140.532
3.99606, 1342.7, 1900.43
6.63964, -2491.51, -490.388
6.48936, -2542.04, 990.872
5.71048, 33.2893, -127.239
4.84105, 239.458, -255.766
7.15326, 559.1, 1654.4
5.08798, -437.502, 77.7443
7.42924, -2662.35, 1701.92
5.94567, 13.2455, -92.6928
6.19966, 302.308, 4.12102
3.46323, 1189.51, 1058.79
6.08881, 1908.21, -1266.21
6.11146, 1012.61, 462.744
6.49298, 236.74, -316.339
4.23216, -3127.01, 267.581
5.1481, -462.275, -235.245
3.19001, 981.261, -792.226
6.73218, 220.227, -15.3038
6.32766, -715.194, -403.232
7.5, -3277.12, 1488.88
4.24891, -4505.68, -1546.88
5.50367, 1099.36, 22.1461
3.50808, -245.99, 2378.31
6.2385, -2314, 376.896
6.49225, -214.703, -321.067
3.03505, -71.4765, -616.041
5.35813, 158.728, 22.5576
2.84683, -3265.96, 1133.07
4.16036, 196.349, -64.8161
5.80945, 198.884, -51.6929
5.27726, 364.922, 2533.45
7.12415, 50.4465, -157.328
2.69832, 231.312, 1813.73
2.62083, 975.852, 1086.86
4.61923, 335.49, 29.3532
4.36987, -635.015, -170.88
2.93303, 2139.32, 2063.01
3.05403, 343.181, 282.902
5.31992, -2922.99, 110.213
7.37269, 16.4668, 95.0616
3.05066, 1.74862, -2532.51
5.99352, -1996.95, -2224.47
2.79674, 275.599, 1185.09
4.69755, -81.5573, 69.1992
5.24651, 76.528, -49.4485
3.45129, 344.647, -16.3183
7.36597, 40.6132, -81.6558
3.19593, 84.4352, -79.6689
5.48978, -2051.75, 303.631
7.12812, 227.389, -523.582
3.91116, 14.4482, -56.9614
6.8307, 8.67448, 374.017
6.29598, 891.308, -1172.7
6.10793, 145.253, -310.507
3.34241, -64.9415, -489.492
3.32882, 452.838, -1660.77
3.39076, 58.0394, 4.64031
5.87226, -118.235, -39.3116
4.83484, 107.763, 153.966
6.85219, 205.47, 30.1873
5.76023, 502.49, -44.3445
5.80464, 797.146, 228.878
2.58037, -79.7439, 522.457
4.30596, 3503.66, 2056.16
3.72747, 249.807, -619.984
6.93086, 635.274, 955.31
5.23701, -4396.25, 69.5417
6.57209, 5.62706, -188.608
5.24453, -893.879, -235.639
4.16156, -292.169, 161.838
4.40213, -1231.96, -2143.4
2.52389, 386, -19.1147
6.95226, 217.164, 54.778
6.16955, -19.2923, -77.3068
6.04239, -477.498, 131.859
5.1278, 1446, -1770.91
6.41065, 238.008, -493.564
3.42484, 314.234, -135.528
5.72673, 26.1295, 66.6645
3.42178, 94.7114, -41.3581
3.31214, -1178.35, 560.618
2.65594, 1204.02, 918.819
7.42716, 58.8195, -80.0347
4.04559, 113.412, -13.441
4.11075, -263.616, 30.9985
5.51155, 152.368, 114.487
2.89107, 3238.63, -467.095
3.93936, 114.85, 142.128
5.79307, 489.296, -897.773
7.36348, 176.814, -44.2368
7.27758, 2487.71, 939.684
7.42745, 262.859, -35.3773
7.30478, 111.757, 84.6728
3.0073, -41.3483, 348.36
3.71505, 818.402, -311.88
6.91151, -447.439, 115.134
5.28805, -103.314, -316.201
6.7669, 32.6283, -11.393
7.49145, 687.341, -148.527
3.99751, -2771.67, 1345.78
6.33157, -4976.81, -1679.3
4.81901, -216.843, 319.96
6.8168, 409.82, 148.235
6.99018, 296.801, 180.073
7.377, -414.661, -190.801
2.77405, 53.8102, -112.326
6.32605, 20.1235, 238.357
5.09219, 1145.96, -1772.75
3.46574, 405.581, -35.6684
6.98252, -69.0932, -364.86
6.38492, 338.77, -0.168166
2.75968, 158.473, 264.057
7.47331, 1244.96, -1744.7
5.93659, 190.175, -529.341
5.94854, 793.147, 226.553
6.57666, 1963.81, -851.44
7.05426, 41.507, 25.3385
3.34218, 1471.35, 3153.43
5.24183, 1946.25, -1302.6
6.53351, 62.2911, -7.9437
4.17803, 466.078, 406.59
5.53435, -306.375, -478.096
6.59602, 920.952, -1672.51
7.3485, 580.142, 41.1383
6.29349, 208.825, 481.092
3.72113, 10.3451, 324.795
5.80589, -75.1542, 70.2013
4.21574, 1003.63, 413.421
7.27146, 108.816, 96.9841
2.60828, 1682.33, -2186.02
4.54979, 862.89, -333.14
2.55789, -2090.79, 2359.29
3.04964, 202.447, 111.25
5.28259, 730.441, -1002.38
4.45466, 312.761, -6.82371
7.20539, 178.069, -112.072
2.55572, 123.734, 520.191
6.22897, 241.604, -634.647
3.84293, -54.0395, -336.754
4.27153, 73.1486, 157.317
3.45835, 3636.1, -3754.02
5.14832, 234.935, 91.2721
4.39478, -596.337, -3205.74
3.16407, 235.441, -261.976
4.26563, -161.862, -307.187
4.2497, -3179.37, 1595.07
7.41084, -1759.16, -1189.16
5.25961, -252.188, -246.147
4.99918, -1684.51, -452.631
3.58531, 1117.88, -1802.7
4.37311, 197.537, 111.11
6.78251, 1887.49, 1649.72
6.45578, -1779.8, 3541.98
3.9204, 1908.46, -2262.41
5.07645, 954.095, -294.014
6.79238, 153.237, -219.492
7.07844, -294.549, 25.9883
7.48941, -1355.94, -1210.63
6.53177, -526.109, -165.912
5.22718, 645.165, 458.465
7.3461, -172.783, 270.973
5.31931, 887.206, -161.256
4.03031, 524.659, -966.331
5.41853, 309.5, -198.867
2.91197, -190.548, 480.427
5.47382, 105.517, 50.3846
3.31968, 1703.58, 3112.68
6.46527, -140.814, -677.782
2.95373, -713.636, 1083.11
6.3072, 20.2223, 155.459
6.83996, 133.108, -22.8907
6.40105, 269.964, -389.907
6.61399, -1587.95, -349.874
6.70974, 88.0157, -69.0336
4.48328, 553.315, 394.064
6.508, 185.518, -136.909
6.56811, 5.2638, 94.1323
5.43493, 627.927, 1293.36
4.64621, 7.83867, 144.145
2.5002, 93.0758, -59.4886
5.31153, 186.336, 2.85108
6.22632, 90.0996, -369.567
3.89846, 2229.7, 1239.71
2.93406, -442.93, -3046.56
3.5733, -172.124, -401.404
3.93296, -430.821, 33.7766
4.86595, -266.915, 42.5048
6.95893, -1343.56, -1267.48
5.91955, -227.283, 52.163
3.54376, 243.809, -34.8205
6.67533, 142.562, -31.1878
7.09218, 542.141, 276.445
4.48244, 127.027, -341.309
6.37858, 1314.27, 452.307
5.68161, 145.769, -71.6003
6.64746, 45.9212, -263.719
3.40204, -317.307, -193.68
7.45927, 87.6404, -75.9031
6.70558, 414.753, -261.275
4.65177, 376.526, 444.686
4.38589, 384.542, -145.777
2.70802, 259.054, -253.605
6.80715, -182.509, -398.35
6.62116, -2643.28, 1815.71
6.25052, 1056.41, 1180.85
3.55801, 124.823, -19.0861
4.31029, 142.307, -119.151
4.43545, 15.3145, -50.306
7.32918, -2179.94, -1406.17
6.5872, -264.352, -334.922
4.5755, -423.467, 93.621
5.83759, 173.619, 320.542
2.52101, -2664.34, 2573.37
6.98048, 126.046, -199.089
3.68416, 538.687, -95.0772
3.79415, -263.596, 174.942
5.4939, -419.264, -291.318
6.89823, -886.885, 46.3042
6.16299, 50.4507, -9.74865
6.0773, -666.043, -217.863
3.57724, 3795.58, -176.504
6.30413, -2697.29, 2088.34
3.85351, 492.3, 45.6838
2.75246, 396.733, 194.964
4.78866, -919.354, 470.608
2.58759, -179.048, -179.037
3.01129, 3630.04, -2387.88
2.639, 724.118, -335.141
5.65921, 39.608, 97.7242
6.34425, 48.8786, 86.4215
2.74132, -372.287, -306.367
6.6924, 569.927, 751.926
6.76899, -114.17, -70.4911
6.57649, 312.648, -299.254
6.85188, 128.295, -2739.59
5.27222, 432.882, 54.082
6.12646, 4.59951, 1174.2
3.20424, -2932.19, 2265.91
6.6115, 132.421, 6.19435
5.51185, -1686.59, -2085.84
4.93856, 218.654, -48.7805
6.14942, -414.206, -263.23
4.05164, -1469.19, 827.401
3.93925, -236.768, 435.924
5.45857, 1548.62, -1900.1
5.34055, -2062.7, 1121.87
5.41059, 1988.96, 1379.64
2.84132, 289.38, -432.05
4.34304, -1465.72, 51.8954
6.28475, 253.249, -370.063
6.35297, 781.012, 2015.28
4.27217, 167.868, 341.062
5.98913, -14.6833, 84.4071
5.08005, 1539.36, 901.192
5.94494, 320.367, -96.7948
6.18066, -1471.67, -1031.61
2.56231, -1798.03, -1493.22
7.16549, 196.157, -199.341
5.37826, 571.881, 123.76
3.05587, -313.269, 545.523
4.87388, 119.94, 171.383
3.24247, 1184.57, 132.184
4.22594, -5306.81, -1217.31
7.04476, 26.1706, -97.5448
4.54571, 1973.83, -867.316
5.96642, 194.646, -164.226
3.35865, -2.54701, 62.6116
6.21715, -2851.48, 1060.93
4.16319, 70.2983, 71.9089
4.62157, 51.7797, 47.4105
2.79523, -18.092, 481.748
5.09005, 225.043, 58.0839
5.94425, 225.423, 23.2216
5.01149, 152.346, -19.0757
6.56617, 86.1421, -63.8457
3.07974, 141.477, -164.416
5.24841, 1078.4, 318.302
5.06046, 164.912, -142.325
6.02649, -1384.41, -1240.45
5.65083, 19.7371, -30.3993
4.0207, 607.546, 497
6.74719, -62.5895, -90.9895
3.39619, 951.455, -1598.96
2.61737, 176.368, 165.442
4.19467, 299.45, -141.952
3.43818, -1456.93, -1077.82
6.60467, 108.085, 63.3371
6.72507, 66.2249, 2203.21
6.78031, -2055.04, 1263.94
7.37454, 129.918, -36.6084
2.99587, 417.43, -35.0474
2.56182, -2341.89, -1869.33
2.58614, 48.5679, -530.298
2.64527, 299.559, 420.187
4.1031, -1408.26, -1445.28
6.17815, -2011.19, 1105.38
3.14876, -373.632, -482.234
2.5161, -1273.95, -195.905
6.91905, 408.697, 43.2426
3.70482, 431.283, 103.743
4.38481, 255.886, -86.0688
4.44879, 72.4623, -251.555
2.81534, 2235.5, 864.111
7.30792, -84.5233, 27.151
3.75349, 198.12, -386.069
6.85376, 196.744, -253.64
2.85991, 1761.89, -2450.88
2.70653, 2084.37, -1592.43
3.46378, 392.652, -107.18
3.86708, -1168.9, -1608.05
7.4007, 29.234, -5.81317
3.60607, 708.905, -3143.83
6.43119, 1153.54, -1726.5
4.42306, 240.807, 161.919
3.78593, -1907.52, 2069.01
3.91087, 217.139, -283.874
7.33834, -206.389, 196.076
4.22841, 316.369, 175.862
3.45922, 324.173, 57.3237
5.05037, 169.324, -36.718
5.21857, 748.968, -2823.91
5.72333, 60.5282, 268.174
3.89738, 642.13, -308.484
3.41887, -271.162, -54.8455
2.71579, 1587.84, -1902.46
3.98408, 1.42945, -38.5548
4.25548, 1242.07, -418.288
7.09372, -246.051, 52.2009
5.81225, -174.54, 61.4629
5.08041, -1391.09, -1230.42
4.03763, 217.568, -201.216
3.0007, 1365.85, 1425.35
3.47502, 86.7523, -19.8782
4.11407, 1933.04, 2151.39
5.56182, 436.681, -69.1105
5.13511, 1239.39, -689.114
3.45653, -425.977, 1061.23
4.7178, 3406.83, 1947.33
4.48693, 3893.72, -758.575
6.28051, 252.977, 113.792
6.6213, -370.234, 7.08042
5.51573, -64.4971, -907.659
3.04573, 295.692, -282.821
4.11797, 1770.39, -384.457
5.03403, 40.7745, -27.2513
4.76521, 258.607, 898.291
4.77315, -8.17412, 375.906
4.91125, -124.186, -39.7444
5.07896, -2857.23, 521.154
4.50207, -1439.41, -1069.54
4.22945, 265.066, 17.2146
6.64533, 9.07745, 679.38
3.02204, 1764.43, -724.13
6.40057, 192.321, 0.0950996
3.19919, -46.7562, -44.8281
2.62171, 2328.44, 2713.52
6.0664, -213.222, 910.173
7.15538, 154.753, 273.612
7.47667, 239.867, 182.395
3.86264, 24.8446, -255.67
3.6923, -1351.54, 553.945
3.87328, -220.358, -2006.95
5.70836, 189.49, 127.285
5.17637, 310.739, -36.4497
6.8967, -1790.13, 3024.57
6.75968, 179.097, 194.553
2.98004, 38.6972, 646.697
4.66818, 53.6313, -16.032
3.17045, -106.905, -175.409
5.86802, 97.6556, -128.881
5.34964, -14.3933, -132.551
3.66474, 130.009, -1212.92
5.50306, 330.695, 41.621
2.6551, 683.205, -38.1944
7.08512, 104.184, -324.349
3.82958, 510.577, 465.495
6.50016, 179.816, -23.0254
5.46389, 159.435, -109.575
5.0822, -199.235, 86.4329
5.2567, 518.68, -334.432
3.47225, -4.65324, 295.626
5.36152, -1872.6, -289.699
3.81992, -418.659, 3812.15
4.41648, 1586.56, -3409.51
2.73626, 1.74603, -190.973
4.22823, 213.336, -163.756
3.61594, -1921.87, 4357.55
3.81264, 138.55, -114.488
3.05141, 229.708, 182.309
7.40088, 87.6334, -324.712
5.93794, -670.402, -221.602
5.82158, 131.668, 60.5097
5.99501, 258.714, -103.127
2.68746, -37.5597, -162.086
3.6706, 23.575, 114.531
3.95397, -3226.14, -4865.4
3.50543, 147.97, -179.995
2.7177, -1654.01, 2337.32
2.56571, 761.227, -312.162
6.07297, 3611.05, -1184.07
6.88348, -151.746, -252.492
5.35088, 1120.76, -2182.13
6.92743, -1807.09, -1976.8
5.20042, -454.789, 286.781
3.31357, -1341.85, 444.046
3.30492, -1735.65, -1487.55
7.19182, 164.098, -153.756
3.45628, 407.071, -104.925
3.15761, -1987.05, 8.58963
4.41122, -324.392, 339.573
6.12674, -535.596, 1951.45
2.50651, -3926.21, -376.31
4.60222, 2793.73, -1625.27
5.18984, 773.589, 145.772
4.86596, -36.7694, -332.933
6.33003, 772.346, -498.76
2.9396, -192.075, 45.6724
7.04284, 128.083, 180.189
3.20818, -223.748, 659.406
2.54782, 92.3746, -259.675
2.82267, -146.98, -261.971
4.96742, 235.68, -126.168
5.40914, 58.9673, -32.1833
4.03373, 2251.46, -4011.55
4.57091, -125.344, -372.925
4.33401, 646.195, 832.934
3.42687, 209.42, -1881.13
2.76788, -1581.61, -1725.96
4.47222, 211.807, -95.4853
3.98388, 52.9198, -110.581
5.05388, -239.503, -373.497
3.75392, 1406.93, -2414.65
5.01589, -357.085, 698.446
2.51168, 1104.41, -467.146
7.01807, -3279.6, 1480.43
2.79181, 2207.6, 2102.08
5.17506, 91.5541, 2085.42
3.95754, 1868.85, -888.085
7.3023, -7.55384, 8.40703
4.73406, -2183.28, -976.517
5.08479, 358.918, -0.600691
5.93861, -567.908, -186.407
2.72187, 182.245, 398.466
7.2946, 2336.23, -1762.43
5.70852, -120.351, -230.498
2.80215, 165.998, -202.004
3.33964, 341.502, -42.1911
5.76491, -277.223, 44.2884
6.19864, -41.8017, 1718.66
3.57011, -342.825, 276.96
4.31441, 309.759, -1522.47
6.56981, 530.706, -340.322
5.32057, 63.7675, -77.8545
7.45886, 51.1651, -47.7738
6.5669, 316.647, 340.449
3.49157, 2007.98, -2661.5
2.50003, 62.6792, 45.7307
4.62608, -2053.37, 2493.38
4.07406, 1438.85, 825.932
5.56218, -2307.76, 337.479
3.83351, 170.349, -159.288
4.39881, 692.838, 558.662
5.43397, 259.233, 320.052
5.95636, -549.605, -420.39
7.26736, 297.048, 41.2688
4.89785, -227.149, 686.322
3.60319, 255.077, -178.227
5.33741, 484.028, 240.327
6.09873, 118.357, -59.799
4.4953, 1592.24, -167.73
3.48326, 604.395, -342.681
6.66971, 174.944, 207.097
5.59561, 407.283, -769.486
7.26866, 306.395, 169.832
3.23222, 658.619, 171.824
5.38953, 87.6154, 18.615
7.26796, 312.939, -78.1532
3.62331, -3103.42, 1558.86
7.25137, 149.349, 129.384
3.07874, 1157.78, -561.299
2.58372, 27.3273, -89.9666
3.90465, -72.3958, 449.101
7.15042, 442.345, -373.811
3.04796, -1091.33, -473.45
6.77266, -385.839, -452.27
5.68532, 564.543, 386.062
5.63853, 246.339, 427.149
3.80589, -488.625, 1236.55
5.13936, 404.74, -227.711
7.16608, 569.167, 393.638
3.98055, -800.933, 204.355
4.78006, 228.226, -75.7056
6.35659, -525.202, 2778.17
4.17193, -1179.86, -2338.34
6.31775, 194.525, -2.2671
6.65892, -1501.72, 1470.8
2.64618, 1716.41, -1004.63
4.31315, 94.2878, 241.411
4.16221, 300.364, -316.252
3.17675, 1103.9, 823.99
3.00839, 798.048, -2464.14
5.11327, -128.677, -44.6091
3.52046, 294.797, -106.429
5.00728, 311.986, 579.412
5.1371, -2919.94, 1811.49
4.13422, 189.91, -15.8448
4.75888, -215.721, 658.528
6.85263, 809.003, -127.229
4.72884, 78.7066, 86.5927
6.03726, 306.45, 340.535
6.83171, -1411.21, 284.038
6.5822, 340.138, -38.2575
2.67504, -2275.54, -893.412
3.8644, -467.516, 1626.68
5.21858, -705.147, 447.75
3.19942, 1680.44, -362.507
5.57408, 42.1818, -74.421
3.29182, -313.995, -395.747
4.41129, -134.094, -244.357
5.94997, 198.65, 140.816
3.21128, 2533.91, -55.9318
5.65284, 253.432, -5.42589
3.15973, -1990.1, -1283.85
7.13583, 203.269, 27.794
5.53465, 3061.19, -4692.72
5.50388, 410.643, -594.867
3.33635, 33.7744, -138.344
3.301, -567.939, 1270.05
5.91628, 186.831, 135.664
5.1456, -220.543, -216.771
3.65264, -1457.25, 731.274
6.55373, 81.0374, -43.1663
5.76477, 100.7, 146.146
4.08597, 239.301, -248.255
2.53953, 290.859, 12.0538
3.49176, -95.7561, -806.705
3.78831, 293.183, 467.808
3.03825, 654.834, 413.928
3.49545, -211.951, 300.203
6.75079, -3355.78, 1824.74
6.63912, 381.612, -1.61568
6.76813, 104.372, -15.3859
5.71027, 285.713, 116.051
3.6787, -1803.07, 1870.25
6.80638, -10.1818, 78.6442
5.4745, 146.247, 404.754
2.52745, -1479.31, -1054.58
6.84925, -385.986, -676.754
7.37729, 110.283, -224.74
5.59653, -1343.45, -1267.32
3.85574, 397.822, -67.9548
7.46973, -7.18293, -39.7752
4.60751, -1114.4, -44.5135
4.20537, -313.622, 11.9743
4.80717, 301.436, -258.394
4.44822, -718.124, -2005.12
4.613, -2949.29, -602.939
2.84879, 124.93, 105.54
5.5153, -111.27, 172.769
7.36114, -235.278, 40.7788
5.07406, 128.363, 288.97
7.45461, 134.748, -249.459
5.84906, -1472.71, -3576.41
4.01716, 334.929, 87.173
3.47371, -669.109, -222.393
4.0109, 549.964, 307.965
4.93946, 138.609, -35.543
4.72438, 329.615, -7.66716
5.7844, 252.402, -6.19724
3.74227, 3504.66, 2056.92
4.72007, -1015.31, -965.723
5.75894, 151.079, -233.253
6.67472, 162.676, -242.907
6.03698, -179.622, -258.299
4.93928, -342.659, 220.602
6.72039, 243.004, 6.85974
7.00296, 87.0589, -17.1139
6.33082, 294.728, 17.3715
5.29453, -469.145, -371.716
2.70603, 71.5387, -117.599
5.46749, 974.478, -324.167
2.68674, 152.9, -2507.55
4.53488, 203.319, -542.347
2.84243, 433.31, 417.074
7.38558, 286.799, -373.381
2.5956, 1459.38, 2025.88
6.60363, 192.172, 69.4555
5.2195, 2446.68, -1899.7
5.72828, 456.82, 97.2567
3.62934, 30.8233, -231.834
2.733, 225.208, 1908.35
3.63154, -196.557, 448.84
4.58371, 197.016, -1723.48
6.40126, 62.3678, 120.506
3.72852, 916.821, -1668.13
4.81411, -28.1123, 4.37795
6.14756, 434.637, 103.732
5.35237, 3271.8, -457.844
5.45997, -369.17, -803.531
4.98425, 9.67228, -211.936
3.951, 146.826, -131.757
4.71107, 198.207, -11.9289
2.53669, -1757.86, 3852.34
7.41683, 113.761, -121.803
2.52822, 91.0482, 14.9266
4.8676, 1360.51, 652.941
5.86497, 2210.84, 3713.72
