6.27803, -2312.14, 1273.74
3.5948, 138.278, 1373.68
5.89648, 725.72, -221.077
5.09708, 198.948, -158.726
2.76731, 4128.24, -4312.51
2.53849, -1184.81, 1290.12
4.58743, 5814.77, 3423.72
7.15218, 39.3838, -127.3
2.95982, -423.422, 713.127
6.00595, 506.338, 304.86
3.81226, 27.0079, -139.631
4.14117, 172.07, 206.544
7.45519, 359.689, 57.3231
7.41275, 38.3045, 79.6893
5.75759, 764.495, 98.4668
6.92354, 111.702, -2.04413
6.33247, 197.339, -0.253675
3.87453, -1812.37, -539.551
4.93259, -1081.95, -804.436
2.80282, -5230.97, 1204.04
5.08146, 321.183, -28.5704
4.96988, -3688.28, 1303.97
7.23882, 211.355, -221.296
4.42071, 148.304, -79.2529
5.14874, -2899.75, 803.934
2.75042, -311.092, 3751.48
6.63909, -503.333, 102.301
5.94228, -388.792, -238.112
6.18112, -209.821, -30.5623
6.94286, -2846.36, -2586.16
4.25508, -287.46, 568.42
6.72991, 241.139, 145.906
3.84659, -317.376, -176.308
4.83959, -83.3127, 389.905
3.2686, 79.656, -309.182
2.66527, 213.982, 452.345
7.2768, -1331.94, -934.465
6.95369, 290.876, -657.184
3.29884, -991.297, 229.941
3.15214, 388.166, 7.53063
2.515, 2356.46, -377.165
6.0491, -119.164, -171.494
3.40448, 1216.66, 233.85
5.76029, -105.418, 270.948
4.42907, 553.278, 249.288
3.23766, 1127.59, 1379.8
5.45054, 21.2145, -176.531
3.24076, 2260.8, -1107.77
3.2091, -1889.32, -1161.2
4.94257, 416.608, 39.4038
3.13015, -643.472, -513.993
5.64635, -183.712, 94.6918
5.60817, 279.629, 53.9686
4.88216, 2593.96, -3586.7
2.64188, 618.192, 505.985
3.21011, 3176.08, -529.1
3.15594, -211.999, -328.518
3.31099, 1240.27, -1925.8
3.76529, -778.504, 178.036
4.77654, -3549.48, 1875.22
6.54472, 283.321, 256.275
3.57624, 187.378, 107.532
3.75063, -115.619, -136.636
5.02978, -472.595, -1027.3
6.27922, 150.559, -18.3682
5.66369, -1220.04, -2630.49
5.9449, -1918.48, -1339.44
7.27207, 202.266, 0.73851
5.18713, 3684.41, -1873.61
4.57014, 76.8718, -987.325
4.70019, -347.303, -569.05
6.07821, -1485.99, -1648.56
6.20858, -1990.12, -1620.01
5.12494, -2517.4, 2095.49
6.06711, 198.868, -194.947
5.91025, 47.7067, -72.8135
6.82941, 1705.84, -1304.84
3.19597, 728.701, 1435.44
3.57766, 172.02, 74.553
5.0733, 746.804, 1420.43
4.83766, 153.493, -87.4466
3.55759, 2726.57, -2783.68
5.65244, 234.537, -117.031
2.5044, 2169.52, -3111
4.09589, -518.102, -2372.08
5.90281, 168.656, -49.7604
6.0446, -180.707, 43.8578
2.90869, 511.388, 160.775
3.56926, -787.455, -261.449
4.44412, 366.183, -66.5707
4.44927, -3001.8, -1054
3.92018, 163.471, -35.6867
4.6123, 194.644, -23.6726
2.55658, -1055.25, 16.0611
3.72027, -3836.07, 2070.67
4.49072, -1395.95, -2748.59
6.64177, -463.751, -326.408
3.78584, -260.578, 618.479
3.59705, -1242.15, 99.1614
6.47385, 76.5651, 1.54984
5.8476, -278.481, 151.19
5.49108, 124.607, -300.653
5.99917, 2091.63, 1268.73
5.13062, 139.324, 52.1338
4.14833, 282.205, 557.55
3.30844, 4069.59, 697.016
6.56633, 92.6872, -145.085
4.08004, 348.572, 343.283
4.05369, -390.957, 101.827
4.65424, 95.4422, -160.708
4.46509, -109.918, 225.45
4.43916, 393.072, -36.9229
4.34871, -67.2923, 745.046
5.88118, 356.447, 274.665
6.10384, 502.881, -48.6637
7.20082, -1917.91, 597.199
5.08573, -39.4946, -43.732
5.5282, 512.304, 305.096
5.85049, 1236.57, -1925.28
5.11404, 115.354, -19.2328
3.87105, 562.057, -591.797
7.08924, 69.1257, -17.8812
3.73367, -16.2977, -30.7043
4.77876, 307.079, 842.477
3.30374, -9.58017, -249.221
4.68319, 310.493, -5.18609
7.45767, -4.89967, -158.652
6.26931, 2663.85, -2770.51
4.97846, 107.243, 8.43619
7.01651, 81.2712, 51.9114
4.68213, -770.104, 103.157
5.09239, 1664.89, -1411.03
4.44866, -1449.51, -2216.77
5.63431, 34.1708, -157.122
5.19331, 17.7061, -103.486
4.35955, -149.821, 767.625
2.54674, -423.175, 127.912
6.3794, 403.627, -116.309
2.85317, -483.276, -504.511
3.98511, 171.896, 441.465
4.78581, 451.485, 220.216
3.25156, -141.978, -6.61444
5.97819, 193.463, -177.645
4.15587, -457.247, -474.705
5.21197, -2331.26, 4150.25
2.64678, -2546.34, -1387.59
5.38086, -33.5932, 294.511
5.18133, 559.401, -218.926
7.36678, -370.461, -54.775
5.57063, 179.562, -24.1465
5.26431, 1892.66, -3162.01
6.69051, 1184.39, 198.577
3.75764, 21.7139, -605.908
6.98957, 202.159, -93.863
5.97428, 42.2623, -95.0159
5.82752, -152.951, 1893.96
3.06838, 13.0885, 43.6857
3.37987, -945.68, -792.195
2.91253, -1057.51, 1835.02
6.68103, 243.33, 98.7245
2.64818, -3.74992, 2481.08
6.34719, 559.697, -204.095
4.29829, 254.042, -2641.36
6.24626, 605.428, 26.1377
6.28385, 148.35, -37.2302
3.60834, 2178.15, -907.974
5.58305, 35.963, -120.424
3.66846, -360.078, 116.876
6.22052, 28.0734, -2597.12
5.80997, -420.526, -809.756
4.9209, -2408.72, 4200.19
2.58972, 784.526, -28.7171
4.98291, 139.375, 12.9451
5.09587, 179.891, -6.4303
4.71395, 718.66, 2457.39
4.14528, -1899.4, 939.408
3.52671, 197.982, -106.796
7.19863, -105.059, 1322.86
2.85168, 1095.03, 2151.68
3.30042, 518.835, -470.948
6.70788, 443.092, -770.867
4.13614, 212.727, -423.869
6.85942, 991.839, 184.463
5.99896, 222.67, -97.4818
5.52801, -152.52, 219.423
4.77536, -15.5715, -88.1377
2.91543, 740.067, 889.234
3.94883, -2479.35, -873.913
6.51009, 217.646, -86.0387
6.81821, 107.284, 388.671
3.81831, -3345.8, 263.353
4.79881, -456.011, -375.185
4.95672, 40.1789, -192.566
5.82344, 1275.04, -1937.54
7.31738, 142.945, -277.48
7.23022, 385.702, 169.439
2.81902, 1378.76, -374.787
5.04829, -895.081, -411.192
6.13222, 434.926, -78.7311
5.65882, 140.526, 5.32195
3.26658, 306.63, -155.421
5.09652, 717.552, 2457.77
3.52281, 4116.76, -1332.26
6.03231, 430.799, -19.1055
6.05786, -796.16, 4369.92
3.66304, 229.496, -597.9
6.80594, -183.193, 13.4472
2.67122, -864.731, 118.843
6.26587, -305.269, 58.4762
4.14789, -240.06, -304.062
4.65309, 3679.81, -861.139
7.33455, 434.119, 333.003
4.05803, -1476.95, -1357.65
5.69762, -4292.55, -0.417734
5.95386, 139.881, -65.3462
5.36403, 353.002, -63.6149
6.60667, -2337.76, 4168
4.21807, -2662.91, 1130.5
5.09387, 408.075, -141.751
6.78438, 274.928, -308.618
6.18587, 602.761, 1053.89
3.45992, -222.145, 155.044
2.83145, 139.701, -56.7418
3.60828, -3123.02, 1945.78
3.33656, -16.4802, -114.852
6.31172, 264.513, -94.006
5.44905, 1208.4, -1711.41
4.65223, -4476.08, -397.609
7.09618, 1618.27, -211.36
5.09668, -519.63, -1082.99
7.38058, -82.2043, 49.9841
5.15714, 211.393, -426.37
2.98716, -946.839, 1035.2
5.83983, -498.278, -567.339
5.44444, -557.668, 2151.35
5.01137, 372.536, 135.336
2.75808, 811.562, 1018.18
2.6753, -20.2197, 14.8323
4.41484, 215.668, -89.3567
5.55555, -1916.91, -2306.71
5.06574, -4480.22, -396.653
5.98498, 56.9324, 199.909
4.89891, 220.992, -138.81
3.88323, -4486.28, 68.683
6.01685, -183.166, 2334.68
3.67701, -27.07, -128.92
6.41501, 89.574, 35.4197
6.60589, 1245.97, 167.906
3.21842, 2752.69, 2517.5
5.75757, 177.56, 6.50083
3.87677, -496.486, -1262.57
7.26215, 2036.47, -1077.17
4.58238, 150.28, -264.783
3.03869, -361.276, -67.4776
4.70633, 25.8274, 4.44504
6.28811, 30.8582, -265.833
2.77803, 363.745, -94.4082
3.51241, 221.579, -150.627
6.82305, -18.2819, -23.7616
6.52456, -68.8992, 59.462
2.78861, 467.656, 1707.01
4.40304, 207.986, -53.5016
4.56124, -196.241, -368.622
2.80071, 594.393, 0.593871
7.09746, -1103.6, -1056.32
3.35398, 200.923, -47.5135
6.51634, 159.193, 80.1494
3.88599, 1221.08, -440.263
4.44586, 248.819, -162.778
7.19936, -1662.74, 620.45
6.24573, 131.552, 2352.41
3.44774, 2898.96, -3108.15
6.89581, 152.247, 39.5289
6.8953, 88.7547, 10.292
3.30515, -46.4405, -722.389
5.87346, 954.919, 373.04
6.89096, -36.0822, -31.2816
6.98262, -670.874, 2905.29
3.06535, 43.1918, -225.393
5.93789, -753.659, -737.399
3.21651, 718.041, -188.605
3.6901, 363.455, -123.872
5.64383, 2314.46, -1565.87
4.312, 104.364, -128.68
4.64437, -1448.95, -1289.25
4.91936, 1346.57, -1484.68
6.20379, 49.8705, 899.665
3.23098, -96.8523, -84.5703
7.36238, 151.878, -19.2821
7.3158, 247.515, -87.5659
3.14741, 2158.84, -1410.43
5.3784, 82.4842, 11.7428
4.66439, 488.733, 309.547
5.50066, 149.098, 66.5911
5.85098, 29.2272, 195.48
4.5137, -2463.5, -801.837
6.46691, -1509.11, -1395.12
4.89889, -2699.03, 1499.02
5.72449, -665.674, 694.966
4.28836, 4214.22, -695.664
5.96794, 162.136, 233.283
5.83428, -248.767, -271.099
3.22071, 332.241, -120.427
7.10415, -51.666, 46.955
4.22228, 968.843, 3044.83
6.66824, 199.196, 51.4979
2.74349, 109.322, -49.479
3.27936, 1070.74, -1598.63
2.55765, 31.0716, -107.107
3.94327, 218.449, -115.377
5.07295, 540.856, -479.716
3.65948, 753.628, -2810.69
2.75022, 546.593, 524.573
5.33091, -4.24493, -47.5841
6.69774, -208.388, 309.203
4.28763, -315.731, -442.712
4.3452, 39.6767, -691.343
7.22226, 13.5529, -18.7553
4.72425, -1458.8, 213.529
6.82086, 300.878, -75.9287
5.82654, -24.103, 721.193
5.79297, 335.258, -208.636
7.10736, 2175.07, -1625.34
5.11536, -2512.88, 2090.55
5.45229, 286.202, 343.822
5.79944, -286.772, -2216.99
4.24765, -1486.1, 965.934
4.11714, 2.56303, -224.353
7.08984, 6.59508, -391.369
3.08619, -3691.92, 1304.36
7.31268, 504.239, -147.037
5.17978, 51.4797, 233.684
5.81447, 1076.97, 422.727
5.48362, -3737.05, 1736.09
6.93363, -345.019, -1069.03
6.67999, 204.657, 66.8832
6.69339, 205.567, -179.214
6.85642, 286.823, -368.37
2.5002, -144.5, 1895.8
4.77274, -527.696, -1742.02
4.25696, 1672.52, 53.2487
5.80713, 3654.16, -2899.1
6.22234, 757.493, -237.402
3.3821, -808.922, -3297.55
7.4621, -1110.7, 1368.69
5.95466, -583.729, 87.2578
6.97862, 253.002, 303.306
3.51579, -1179.64, -298.848
7.2356, -80.875, -114.425
4.88476, -3508.52, 1837.02
6.78578, -3126, 1948.56
6.41237, 571.614, 316.753
5.70687, -2444.26, 2367.39
3.14521, 302.691, 781.376
5.77944, 55.1049, -179.402
3.09199, 75.2777, -131.156
3.88793, 2246.53, 509.563
6.65548, 247.717, 2132.96
6.14153, 2902.5, 3713.54
6.74348, 3232.62, -2412.32
3.43989, -810.065, -437.26
6.09602, 95.7062, -172.694
4.25586, 176.936, 15.7977
3.34555, 92.7217, 62.3247
4.52383, -3428.45, 435.85
4.20924, 125.42, 17.9614
6.67141, 172.143, -291.511
3.9111, -2601.91, -4217.51
5.16766, 2636.92, 1597.68
6.25085, 732.672, -1300.32
4.62554, -224.815, 126.335
4.66964, 1347.37, -25.9216
3.03022, -2729.15, -1747.22
6.4639, 109.371, 94.5188
3.91232, -243.091, 285.273
7.14264, 2890.73, 4244.35
5.37926, 109.37, 87.1722
3.4895, 357.082, 196.351
5.99081, -265.917, -233.52
3.07265, -584.189, -55.3241
4.22945, 121.464, 656.725
4.15646, 124.773, -240.1
6.42735, -3764.27, 1734.2
6.65775, 344.78, 69.3658
4.21712, 828.387, -389.62
4.2603, -506.578, -89.0953
6.38197, 92.6799, 288.222
6.58658, 811.643, -294.151
4.26157, 164.29, 442.342
7.09559, 98.2256, -100.884
3.2877, 429.712, 259.78
5.56029, 936.603, -118.097
5.54222, 179.86, -170.537
3.16647, 2168.12, 2365.68
3.51409, 2667.58, 3707.28
4.79457, -210.15, 117.573
3.48759, -678.866, 1230.97
6.77118, -72.272, -256.937
6.54562, -138.238, -271.975
2.80131, 1855.98, -1414.08
6.50584, 1199.86, -3475.26
5.49597, 276.481, -277.233
7.43182, 97.0622, 55.5036
2.65919, -935.336, 286.091
6.8356, -2330.83, 2820.58
3.69109, -342.787, -383.258
3.6127, 927.091, 539.948
4.73907, 4658.3, 2167.08
2.61231, -194.998, -214.038
6.79755, 191.272, -33.0618
4.15902, 448.191, -3157.87
5.72195, 804.932, -163.781
7.43521, -394.1, -52.163
5.30162, 294.988, 25.7402
4.74553, 149.141, -163.409
5.213, 50.7631, -169.52
2.90797, -786.192, 325.204
3.99606, 1401.93, 2142.24
6.63964, -2776.38, -534.985
6.48936, -2926.39, 1175.06
5.71048, -173.435, 52.6581
4.84105, 96.8419, -315.342
7.15326, 583.756, 1761.24
5.08798, -158.132, 175.864
7.42924, -3038.1, 1934.29
5.94567, 140.618, 215.594
6.19966, 273.625, 359.422
3.46323, 1221.41, 1157.85
6.08881, 2136.33, -1380.9
6.11146, 1103.33, 292.681
6.49298, 74.9599, -41.2999
4.23216, -3557.18, 280.346
5.1481, -929.426, -421.731
3.19001, 1095.41, -732.11
6.73218, 93.8996, -143.299
6.32766, -740.286, -481.461
7.5, -3770.55, 1725.72
4.24891, -5204.19, -1756.82
5.50367, 1012.8, 16.9494
3.50808, -299.664, 2616.68
6.2385, -2598.03, 438.963
6.49225, -311.307, -282.646
3.03505, -310.924, -654.242
5.35813, 87.6877, 14.8228
2.84683, -3635.99, 1260.82
4.16036, 330.416, -339.258
5.80945, 7.56106, -276.952
5.27726, 378.989, 2839.84
7.12415, 72.3231, -412.659
2.69832, 216.272, 2056.53
2.62083, 972.035, 1118.2
4.61923, 375.129, 122.539
4.36987, -810.338, -52.6086
2.93303, 2451.18, 2405.19
3.05403, 416.649, 242.53
5.31992, -3355.34, 112.466
7.37269, 141.825, -13.3794
3.05066, 21.8946, -2805.9
5.99352, -2236.43, -2474.34
2.79674, 235.192, 1154.11
4.69755, -269.086, 146.87
5.24651, 557.865, 237.499
3.45129, -0.421493, -155.129
7.36597, 417.09, -35.8997
3.19593, 236.122, -175.793
5.48978, -2279.78, 299.64
7.12812, 103.203, -90.4555
3.91116, -457.161, 67.1745
6.8307, 3.57316, -44.2786
6.29598, 914.792, -1238.26
6.10793, 412.385, -66.5654
3.34241, -84.0577, -610.018
3.32882, 641.368, -1875.42
3.39076, 327.773, -159.898
5.87226, 43.5872, -259.495
4.83484, 463.159, -98.6258
6.85219, 344.688, 268.497
5.76023, 343.243, -152.61
5.80464, 1083.66, 418.647
2.58037, -202.378, 590.193
4.30596, 4003.48, 2321.43
3.72747, 237.098, -639.485
6.93086, 580.868, 911.216
5.23701, -5037.17, 83.421
6.57209, -252.83, -436.437
5.24453, -858.774, -166.573
4.16156, -101.364, 128.944
4.40213, -1377.9, -2401.29
2.52389, 840.779, 141.559
6.95226, 0.701986, -161.566
6.16955, 484.698, 142.106
6.04239, -587.964, 240.302
5.1278, 1566.47, -2005.08
6.41065, 193.464, -296.917
3.42484, 243.727, 55.5934
5.72673, 243.736, -19.0126
3.42178, 319.837, -13.4983
3.31214, -1199.51, 614.949
2.65594, 1230.6, 1080.63
7.42716, 198.623, -114.819
4.04559, 88.4845, 53.8706
4.11075, -477.74, 56.8918
5.51155, 209.969, -102.685
2.89107, 3754.45, -595.814
3.93936, 301.431, 284.017
5.79307, 410.758, -830.831
7.36348, 466.105, -17.4179
7.27758, 2829.39, 1086.8
7.42745, 70.5981, -159.087
7.30478, 201.579, -120.911
3.0073, 233.305, 587.339
3.71505, 929.432, -275.145
6.91151, -392.986, 99.0433
5.28805, -104.428, -205.073
6.7669, 192.624, -133.505
7.49145, 403, -53.7321
3.99751, -3198.73, 1469.58
6.33157, -5742.03, -1915.92
4.81901, 216.441, 258.458
6.8168, 677.791, 119.879
6.99018, 102.248, 49.7385
7.377, -368.716, -178.936
2.77405, 280.907, 90.271
6.32605, 378.247, 163.016
5.09219, 1237.45, -1873.38
3.46574, 149.655, -377.441
6.98252, 32.106, -540.076
6.38492, 464.753, 25.4351
2.75968, 473.447, -213.052
7.47331, 1322.37, -1931.13
5.93659, 132.992, -357.947
5.94854, 1102.3, 467.828
6.57666, 2159.36, -961.125
7.05426, 398.783, -168.468
3.34218, 1714.21, 3566.43
5.24183, 2121.21, -1486.92
6.53351, 124.646, 82.9435
4.17803, 406.512, 144.074
5.53435, -453.653, -190.079
6.59602, 1058.09, -1812.9
7.3485, 442.166, 103.464
6.29349, 238.75, 259.092
3.72113, 171.86, 147.676
5.80589, 208.565, 40.8179
4.21574, 960.402, 388.202
7.27146, -31.7945, -119.516
2.60828, 1973.06, -2429.91
4.54979, 702.466, -223.55
2.55789, -2542.3, 2683.96
3.04964, 279.883, 629.427
5.28259, 712.488, -962.916
4.45466, 322.138, -24.5752
7.20539, 181.09, 107.278
2.55572, 400.008, 307.43
6.22897, 421.534, -1098.73
3.84293, 279.18, -42.9711
4.27153, 229.443, -316.041
3.45835, 4194.88, -4301.35
5.14832, 495.325, 352.675
4.39478, -669.456, -3669.16
3.16407, 205.994, -31.5929
4.26563, 183.615, -60.5735
4.2497, -3595, 1799.46
7.41084, -1916.2, -1302.89
5.25961, -465.966, -261.717
4.99918, -1781.82, -474.711
3.58531, 1289.56, -1974.54
4.37311, -212.514, -149.853
6.78251, 2189.13, 1931.09
6.45578, -2049.79, 4115.19
3.9204, 2126.17, -2569.81
5.07645, 874.22, -121.71
6.79238, 162.335, -135.72
7.07844, -197.77, -66.0919
7.48941, -1500.2, -1391.4
6.53177, -363.474, 96.2606
5.22718, 649.604, 403.193
7.3461, 38.7441, 531.108
5.31931, 1077.18, -51.3261
4.03031, 375.935, -1002.87
5.41853, -64.9906, -37.8666
2.91197, -145.694, 394.874
5.47382, 346.746, -109.765
3.31968, 1947.48, 3629.49
6.46527, -186.936, -680.841
2.95373, -693.123, 1226.47
6.3072, 41.9481, 265.68
6.83996, 66.5812, -14.4629
6.40105, 362.002, -116.325
6.61399, -1688.15, -341.258
6.70974, 187.699, -261.83
4.48328, 338.837, 130.563
6.508, 204.145, -98.4284
6.56811, 130.547, -25.1689
5.43493, 622.923, 1310.34
4.64621, 207.226, -184.106
2.5002, -359.134, 232.013
5.31153, 305.092, -33.8197
6.22632, 201.931, -442.217
3.89846, 2487.03, 1413.19
2.93406, -526.118, -3427.5
3.5733, 100.328, -147.647
3.93296, -414.651, 32.6483
4.86595, -478.661, -27.9758
6.95893, -1510.5, -1316.9
5.91955, 136.957, -81.715
3.54376, 96.0877, -61.5548
6.67533, -74.6487, 77.5891
7.09218, 578.089, 434.499
4.48244, -158.153, -26.8197
6.37858, 1461.65, 398.74
5.68161, -215.299, 46.1031
6.64746, 205.432, 131.295
3.40204, 79.8895, 83.2089
7.45927, 185.062, -116.021
6.70558, 68.2915, 85.549
4.65177, 603.86, 121.252
4.38589, 400.312, 1.38678
2.70802, 162.612, -143.701
6.80715, -387.505, -640.029
6.62116, -3040.78, 2026.9
6.25052, 1237.57, 1231.15
3.55801, 418.719, -384.215
4.31029, 35.2236, 172.24
4.43545, 308.35, -38.0086
7.32918, -2414.7, -1546.05
6.5872, -132.773, -223.724
4.5755, -118.844, 57.5418
5.83759, 101.482, 532.582
2.52101, -3012.66, 2987.5
6.98048, 252.771, 59.5755
3.68416, 130.016, -225.347
3.79415, -467.748, 37.3937
5.4939, -358.982, -248.088
6.89823, -771.251, 18.1136
6.16299, 135.969, -252.36
6.0773, -440.421, -112.021
3.57724, 4325.79, -197.41
6.30413, -3034.16, 2367.71
3.85351, 590.302, 186.373
2.75246, 77.4521, -60.853
4.78866, -1152, 505.127
2.58759, 48.4305, -408.036
3.01129, 4219.38, -2745.85
2.639, 1240.92, -673.799
5.65921, -41.9405, 313.126
6.34425, 186.472, -102.248
2.74132, -87.4903, -87.4874
6.6924, 544.047, 855.5
6.76899, -29.1605, 63.8572
6.57649, -25.5352, 136.479
6.85188, 193.508, -3125.02
5.27222, 113.263, -28.8218
6.12646, -0.105305, 1154.65
3.20424, -3299.51, 2630.01
6.6115, 262.509, 158.768
5.51185, -1922.39, -2302.45
4.93856, 60.0615, -171.602
6.14942, -457.174, -261.386
4.05164, -1585.95, 888.679
3.93925, -203.003, 475.649
5.45857, 1719.18, -2092.82
5.34055, -2261.69, 1232.33
5.41059, 2149.73, 1560
2.84132, 125.766, 69.9083
4.34304, -1549.54, -66.2798
6.28475, 450.64, -82.8909
6.35297, 757.182, 2249.52
4.27217, 79.867, 570.453
5.98913, 213.587, -97.0739
5.08005, 1636.04, 967.591
5.94494, -48.5106, -37.3922
6.18066, -1540.28, -1080
2.56231, -1976.31, -1574.75
7.16549, -0.304928, -74.9495
5.37826, 620.782, 242.536
3.05587, 18.5806, 685.234
4.87388, 102.806, -142.727
3.24247, 1404.19, -85.7883
4.22594, -6087.78, -1383.57
7.04476, 176.637, -158.038
4.54571, 2172.91, -930.264
5.96642, 82.7401, -63.1088
3.35865, 282.399, 152.289
6.21715, -3290.47, 1195.68
4.16319, 21.1498, 62.02
4.62157, 210.603, -254.591
2.79523, 82.7146, 694.761
5.09005, 176.405, -42.6951
5.94425, -14.8188, 296.593
5.01149, 310.808, 307.428
6.56617, 140.799, 148.709
3.07974, 300.103, 10.5731
5.24841, 1126.39, 173.212
5.06046, 55.0851, -233.413
6.02649, -1533.97, -1375.24
5.65083, 208.662, 39.626
4.0207, 691.139, 509.525
6.74719, 150.414, -33.3987
3.39619, 1088.68, -1767.94
2.61737, 131.521, 210.189
4.19467, 547.887, -63.267
3.43818, -1587.65, -1162.8
6.60467, 307.521, -139.302
6.72507, 78.5773, 2411.83
6.78031, -2318.22, 1384.19
7.37454, 374.891, -366.988
2.99587, 485.03, 298.876
2.56182, -2710.56, -2119.77
2.58614, 94.1156, -94.4987
2.64527, 82.4447, 518.206
4.1031, -1502.77, -1526.87
6.17815, -2327.24, 1299.78
3.14876, -344.762, -428.784
2.5161, -1672.47, -276.858
6.91905, 555.988, 108.234
3.70482, 56.6749, 205.856
4.38481, 453.626, 421.08
4.44879, 148.041, 118.359
2.81534, 2566.8, 985.691
7.30792, 212.427, -8.40974
3.75349, 104.856, 45.7215
6.85376, 142.115, -0.738849
2.85991, 2051.77, -2830.53
2.70653, 2513.57, -1791.75
3.46378, 237.371, -247.39
3.86708, -1375.9, -1720.85
7.4007, 207.9, -148.973
3.60607, 821.036, -3579.38
6.43119, 1232.8, -1924.34
4.42306, 112.1, 629.761
3.78593, -2131.48, 2359.87
3.91087, 526.767, -187.435
7.33834, -142.77, -83.5593
4.22841, 1.60706, -257.564
3.45922, -175.759, -77.1149
5.05037, 386.431, -1.01189
5.21857, 836.248, -3211.18
5.72333, 413.887, 332.304
3.89738, 342.987, -133.994
3.41887, 214.921, 115.876
2.71579, 1715.13, -2074.2
3.98408, 237.625, 333.022
4.25548, 1254.41, -549.595
7.09372, 81.8262, -70.4247
5.81225, -231.813, -100.448
5.08041, -1470.02, -1314.25
4.03763, 69.938, 101.204
3.0007, 1489.74, 1570.41
3.47502, 188.344, 11.3879
4.11407, 2206.85, 2373.79
5.56182, 675.455, 127.907
5.13511, 1620, -821.378
3.45653, -383.814, 1025.16
4.7178, 3866.39, 2228.64
4.48693, 4440.14, -865.294
6.28051, 262.326, 275.206
6.6213, -285.074, 175.691
5.51573, 38.8844, -833.7
3.04573, 295.08, -287.255
4.11797, 1932.26, -454.076
5.03403, 206.015, 50.1557
4.76521, 177.974, 807.986
4.77315, -154.81, 212.066
4.91125, -0.650839, -26.7793
5.07896, -3197.38, 574.922
4.50207, -1629.53, -1030.79
4.22945, -124.201, -324.829
6.64533, 68.111, 675.486
3.02204, 1898.1, -914.833
6.40057, 306.893, -19.0938
3.19919, 425.957, 41.6334
2.62171, 2664.2, 3076.7
6.0664, -216.566, 1044.44
7.15538, 74.9231, 254.673
7.47667, 35.6632, -227.995
3.86264, 138.538, 141.473
3.6923, -1510.82, 501.731
3.87328, -263.285, -2275.09
5.70836, 355.172, 253.381
5.17637, -48.2031, -25.0667
6.8967, -2011.57, 3441.91
6.75968, 258.469, 291.584
2.98004, 138.935, 428.695
4.66818, 151.661, -82.1824
3.17045, -401.219, -52.6769
5.86802, 184.948, -9.00835
5.34964, -184.947, -447.668
3.66474, 115.544, -1220.78
5.50306, 17.6653, -166.133
2.6551, 542.034, 136.573
7.08512, 83.5697, -296.51
3.82958, 294.813, 362.014
6.50016, 120.602, -174.619
5.46389, 165.661, 154.501
5.0822, -289.504, -19.8485
5.2567, 924.483, -523.123
3.47225, -35.1267, 139.203
5.36152, -2118.5, -232.947
3.81992, -462.326, 4447.22
4.41648, 1842.71, -3911.76
2.73626, -255.87, -436.055
4.22823, 44.1105, 92.6174
3.61594, -2152.96, 4973.23
3.81264, 324.388, 149.386
3.05141, 331.323, -43.6192
7.40088, 67.4708, -446.419
5.93794, -439.737, -111.645
5.82158, -168.265, 112.427
5.99501, 137.889, -222.404
2.68746, 153.381, -13.5423
3.6706, 157.476, -41.1998
3.95397, -3731.1, -5622.88
3.50543, 332.268, 12.2765
2.7177, -1865.81, 2690.29
2.56571, 668.299, -254.102
6.07297, 4121.18, -1335.82
6.88348, -302.781, -351.651
5.35088, 1270.86, -2445.53
6.92743, -2075.68, -2303.03
5.20042, -789.526, 137.369
3.31357, -1444.62, 394.461
3.30492, -1996.21, -1607.17
7.19182, 115.806, 76.8171
3.45628, 287.165, -389.874
3.15761, -2216.94, -67.1453
4.41122, -280.04, 400.775
6.12674, -553.805, 2152.5
2.50651, -4479.35, -393.465
4.60222, 3190.99, -1839.62
5.18984, 595.58, 41.8936
4.86596, -412.412, -479.983
6.33003, 646.796, -623.396
2.9396, -554.134, -145.238
7.04284, 10.9948, -147.139
3.20818, -400.765, 505.582
2.54782, 173.864, 85.9821
2.82267, 27.7869, -468.549
4.96742, 101.163, 73.8284
5.40914, 257.638, -139.159
4.03373, 2589.05, -4586.38
4.57091, 26.7246, -29.7114
4.33401, 874.288, 1101.59
3.42687, 259.541, -2012.77
2.76788, -1836.58, -1899.44
4.47222, 111.226, 113.714
3.98388, -325.104, -522.609
5.05388, -356.89, -173.9
3.75392, 1602.02, -2704.12
5.01589, -564.206, 1100.4
2.51168, 1061.58, -548.85
7.01807, -3760.44, 1717.47
2.79181, 2460.63, 2376.87
5.17506, 65.941, 2315.77
3.95754, 2037.9, -951.278
7.3023, 333.553, -239.618
4.73406, -2420.32, -1040.87
5.08479, 114.072, 84.337
5.93861, -438.854, -4.97774
2.72187, 36.6199, 577.809
7.2946, 2638.05, -1966.69
5.70852, 52.6919, 95.9605
2.80215, -12.2354, -229.441
3.33964, 112.748, 54.0868
5.76491, -40.2479, 128.286
6.19864, -137.808, 1905.32
3.57011, -440.486, 48.0061
4.31441, 410.36, -1635.15
6.56981, 231.422, -119.184
5.32057, 205.775, 1.49698
7.45886, 164.712, -144.812
6.5669, 77.8919, 120.654
3.49157, 2302.27, -3010.19
2.50003, -119.02, -26.5593
4.62608, -2315.3, 2814.59
4.07406, 1539.56, 923.955
5.56218, -2575.57, 369.402
3.83351, 89.4506, 48.4053
4.39881, 926.655, 608.45
5.43397, 302.103, 174.216
5.95636, -920.304, -410.509
7.26736, 94.4724, 39.4109
4.89785, -218.555, 840.957
3.60319, 329.1, -435.275
5.33741, 726.225, 420.897
6.09873, 117.348, -21.0875
4.4953, 1700.04, -113.954
3.48326, 329.02, -122.798
6.66971, 351.986, -67.8446
5.59561, 252.141, -833.955
7.26866, 173.421, -97.3122
3.23222, 423.613, -146.773
5.38953, 99.6366, 10.0643
7.26796, 1.71196, -133.866
3.62331, -3604.72, 1797.45
7.25137, 107.885, -122.976
3.07874, 1190.36, -567.437
2.58372, 304.624, 224.479
3.90465, -192.904, 540.462
7.15042, 347.184, -99.3732
3.04796, -1047.65, -485.426
6.77266, -343.759, -430.415
5.68532, 557.038, 373.424
5.63853, 319.678, 145.044
3.80589, -546.827, 1308.68
5.13936, 10.4529, 33.6926
7.16608, 942.496, 521.134
3.98055, -979.354, 236.404
4.78006, 103.231, -123.243
6.35659, -643.428, 3173.69
4.17193, -1333.2, -2524.62
6.31775, 157.896, 53.2262
6.65892, -1651.29, 1699.69
2.64618, 1855.23, -1116.6
4.31315, -248.49, 50.9176
4.16221, 91.7786, -338.549
3.17675, 1315.24, 1090.2
3.00839, 907.075, -2785.48
5.11327, 251.137, -212.232
3.52046, 6.43536, -153.65
5.00728, 273.719, 605.902
5.1371, -3336.42, 2130.04
4.13422, 151.648, -24.268
4.75888, -206.624, 726.127
6.85263, 793.656, -186.999
4.72884, 53.6021, 8.63148
6.03726, 412.755, 117.672
6.83171, -1533.46, 306.647
6.5822, 592.195, -332.263
2.67504, -2608.71, -1020.51
3.8644, -564.656, 1744.27
5.21858, -907.379, 592.548
3.19942, 2251, -431.092
5.57408, 252.277, -142.828
3.29182, -336.906, -137.458
4.41129, 28.614, -409.442
5.94997, 374.255, 146.59
3.21128, 2824.37, -40.7282
5.65284, -80.3695, 174.007
3.15973, -2271.47, -1350.27
7.13583, 342.825, 268.076
5.53465, 3537.02, -5414.91
5.50388, 222.706, -424.501
3.33635, -158.494, 130.474
3.301, -791.787, 1474.82
5.91628, 28.7156, -194.34
5.1456, 44.2697, -429.865
3.65264, -1563.26, 849.565
6.55373, 99.4263, 144.23
5.76477, 141.323, -143.891
4.08597, 377.044, 209.464
2.53953, 274.369, 420.58
3.49176, -79.424, -620.102
3.78831, 409.483, 84.9971
3.03825, 349.55, 407.512
3.49545, 220.23, 220.897
6.75079, -3869.09, 2080.86
6.63912, 140.216, 2.60097
6.76813, 183.623, -19.1081
5.71027, 4.32858, -96.33
3.6787, -2027.11, 2105.38
6.80638, 212.809, -87.5097
5.4745, 314.063, -39.3705
2.52745, -1575.1, -1152.48
6.84925, -421.672, -812.945
7.37729, 104.209, 90.866
5.59653, -1506.27, -1315.13
3.85574, 631.362, 51.7572
7.46973, 285.431, -107.048
4.60751, -1175.08, -196.632
4.20537, -510.609, 59.3278
4.80717, 139.188, -215.67
4.44822, -797.437, -2211.25
4.613, -3328.05, -664.107
2.84879, 274.801, -267.222
5.5153, -132.351, 150.006
7.36114, 247.43, -53.936
5.07406, 75.918, 231.918
7.45461, 122.674, 3.76028
5.84906, -1707.75, -4093.2
4.01716, 393.476, 306.945
3.47371, -431.216, -107.073
4.0109, 531.297, 183.538
4.93946, 388.122, -248.386
4.72438, -85.1675, -24.8263
5.7844, -238.984, 8.40124
3.74227, 4003.53, 2322.73
4.72007, -1103.55, -981.027
5.75894, -70.5288, -116.4
6.67472, 257.998, 125.285
6.03698, -87.5777, -317.618
4.93928, -80.4532, 313.719
6.72039, -61.8417, -319.28
7.00296, 419.72, -420.795
6.33082, 45.274, 249.792
5.29453, -124.682, -344.042
2.70603, -342.344, -119.307
5.46749, 911.138, -155.027
2.68674, 119.639, -2817.86
4.53488, 282.432, -209.09
2.84243, 634.985, 323.786
7.38558, 303.698, -54.5482
2.5956, 1559.21, 2257.67
6.60363, 147.674, -176.026
5.2195, 2747.29, -2194.06
5.72828, 660.44, -69.6894
3.62934, -315.555, -211.915
2.733, 332.873, 2196.49
3.63154, -32.3778, 605.908
4.58371, 132.118, -1929.75
6.40126, 19.6715, -90.8687
3.72852, 1063.44, -1816.58
4.81411, 328.422, -101.757
6.14756, 17.3768, 185.544
5.35237, 3729.41, -509.29
5.45997, -288.978, -688.601
4.98425, -340.799, -312.664
3.951, 28.8147, -71.715
4.71107, 172.141, 359.085
2.53669, -2040.95, 4486.3
7.41683, 101.85, -62.2584
2.52822, 199.049, 75.1137
4.8676, 1549.84, 665.442
5.86497, 2524.62, 4269.6
