6.27803, -2180.04, 1177.58
3.5948, 161.213, 1346.74
5.89648, 815.098, -293.388
5.09708, 163.447, 119.509
2.76731, 3798.45, -3975.06
2.53849, -1006.54, 1082.69
4.58743, 5356.18, 3147.95
7.15218, -14.4913, 31.03
2.95982, -441.4, 750.472
6.00595, 593.747, 398.807
3.81226, -62.5123, -160.272
4.14117, 233.838, 14.1707
7.45519, -4.81022, 48.6839
7.41275, 35.7652, -8.73129
5.75759, 815.685, 129.408
6.92354, 154.212, -33.2594
6.33247, -7.18162, -140.567
3.87453, -1691.66, -472.627
4.93259, -997.708, -757.011
2.80282, -4806.49, 1079.43
5.08146, 362.579, 22.2012
4.96988, -3394.55, 1183.4
7.23882, -28.8395, 3.45095
4.42071, 163.688, 41.1757
5.14874, -2690.89, 757.008
2.75042, -309.765, 3464.24
6.63909, -437.976, 40.6709
5.94228, -516.542, -310.191
6.18112, -308.261, -126.778
6.94286, -2642.45, -2424.74
4.25508, -194.312, 526.9
6.72991, 211.67, 165.484
3.84659, -337.662, -241.652
4.83959, -6.52247, 167.807
3.2686, -107.206, -152.102
2.66527, 255.69, 489.85
7.2768, -1299.27, -910.125
6.95369, 227.309, -581.494
3.29884, -1037.19, 207.325
3.15214, -49.753, 71.8969
2.515, 2194.52, -346.776
6.0491, -87.6929, -303.592
3.40448, 1242.32, 199.822
5.76029, 153.176, 120.748
4.42907, 554.248, 330.033
3.23766, 1071.69, 1340.27
5.45054, 59.8103, -274.2
3.24076, 2120.68, -1047.94
3.2091, -1782.47, -1122.4
4.94257, 474.778, 129.71
3.13015, -732.092, -407.644
5.64635, -386.123, 159.23
5.60817, 92.8474, -90.0633
4.88216, 2404.51, -3326.11
2.64188, 600.966, 629.116
3.21011, 2952.99, -506.91
3.15594, -94.8229, -291.519
3.31099, 1191.52, -1801.83
3.76529, -752.534, 146.112
4.77654, -3327.99, 1761.75
6.54472, 288.745, 323.763
3.57624, 116.606, -99.5557
3.75063, 70.6606, -102.323
5.02978, -358.88, -822.773
6.27922, 44.793, 71.1954
5.66369, -1127.56, -2457.73
5.9449, -1829.51, -1247.26
7.27207, -154.201, 42.2745
5.18713, 3403.19, -1732.34
4.57014, 74.7574, -726.66
4.70019, -297.98, -480.851
6.07821, -1411.53, -1593.39
6.20858, -1859.26, -1530.22
5.12494, -2351.79, 1968.83
6.06711, 11.3455, -83.1219
5.91025, -37.8878, 49.6294
6.82941, 1618.72, -1231.28
3.19597, 762.94, 1343.93
3.57766, -82.2747, 79.2912
5.0733, 643.911, 1269.12
4.83766, 100.081, -258.673
3.55759, 2499.92, -2561.51
5.65244, 432.468, -276.16
2.5044, 2004.66, -2869.12
4.09589, -467.905, -2282.62
5.90281, -21.2276, -85.7007
6.0446, -57.3546, -81.8743
2.90869, 536.907, 306.84
3.56926, -781.879, -214.067
4.44412, 436.505, -137.746
4.44927, -2817.56, -997.268
3.92018, 132.754, -277.763
4.6123, 14.0248, 13.0705
2.55658, -819.982, 38.4469
3.72027, -3547.69, 1927.66
4.49072, -1266.36, -2585.24
6.64177, -492.315, -293.116
3.78584, -353.633, 664.195
3.59705, -1206.63, 17.9256
6.47385, 138.976, 37.4411
5.8476, -430.678, 195.8
5.49108, 266.87, -350.813
5.99917, 1982.92, 1181.9
5.13062, 265.89, 38.9232
4.14833, 229.802, 471.359
3.30844, 3723.02, 634.422
6.56633, 43.7887, 86.734
4.08004, 474.12, 459.149
4.05369, -438.963, 122.344
4.65424, 25.5667, -165.653
4.46509, -195.548, 311.326
4.43916, 85.7149, -0.332248
4.34871, -105.16, 727.977
5.88118, 263.096, 127.094
6.10384, 646.66, -131.462
7.20082, -1822.97, 534.004
5.08573, -4.78071, 21.8767
5.5282, 601.41, 395.638
5.85049, 1192.49, -1803.63
5.11404, 178.796, -216.384
3.87105, 471.736, -622.621
7.08924, 139.758, 36.9
3.73367, -136.922, 42.7649
4.77876, 210.66, 888.894
3.30374, 52.6662, -163.665
4.68319, 224.119, -110.276
7.45767, 155.595, -33.1185
6.26931, 2448.83, -2584.7
4.97846, 150.93, 194.738
7.01651, 132.076, -111.484
4.68213, -743.37, 54.9142
5.09239, 1578.37, -1346.25
4.44866, -1374.78, -2075.94
5.63431, 255.166, -95.7854
5.19331, 45.7406, 7.67169
4.35955, -169.233, 635.523
2.54674, -271.414, 265.163
6.3794, 253.703, -212.939
2.85317, -394.274, -400.398
3.98511, 151.06, 527.951
4.78581, 314.644, -94.8913
3.25156, -77.5611, 91.4688
5.97819, 91.5803, -214.055
4.15587, -362.476, -374.403
5.21197, -2157.03, 3847.27
2.64678, -2394.89, -1256.89
5.38086, 123.486, 157.947
5.18133, 368.269, -232.766
7.36678, -527.621, 80.1425
5.57063, 186.605, -40.0863
5.26431, 1762.58, -2919.32
6.69051, 1099.82, 260.065
3.75764, 5.78609, -395.823
6.98957, 86.627, -241.711
5.97428, -162.468, 30.0683
5.82752, -102.362, 1826.28
3.06838, 123.391, 166.889
3.37987, -809.736, -785.814
2.91253, -941.616, 1665.65
6.68103, 199.929, 306.592
2.64818, -99.1445, 2260.96
6.34719, 521.388, -191.896
4.29829, 254.172, -2475.05
6.24626, 759.49, -8.90743
6.28385, 73.1288, 57.4156
3.60834, 2067.05, -792.669
5.58305, 45.7131, 81.9385
3.66846, -500.72, 122.746
6.22052, 39.0371, -2430.37
5.80997, -406.619, -742.34
4.9209, -2220.15, 3900.18
2.58972, 656.081, -151.592
4.98291, 44.7368, -266.626
5.09587, -14.7879, -7.40201
4.71395, 716.052, 2303.71
4.14528, -1804, 844.553
3.52671, 110.068, -152.694
7.19863, -136.624, 1299.86
2.85168, 1079.65, 2001.06
3.30042, 470.491, -257.97
6.70788, 403.543, -783.097
4.13614, 181.105, -474.648
6.85942, 988.428, 224.676
5.99896, 211.211, 31.0388
5.52801, -62.2878, 316.039
4.77536, -54.0216, 199.686
2.91543, 833.594, 804.134
3.94883, -2306.38, -866.073
6.51009, -39.2024, 50.6853
6.81821, 201.827, 558.716
3.81831, -3122.67, 245.425
4.79881, -543.223, -263.665
4.95672, -53.5157, -227.894
5.82344, 1172.04, -1876.44
7.31738, 185.102, -37.0182
7.23022, 456.446, 227.505
2.81902, 1300.53, -430.503
5.04829, -873.032, -366.606
6.13222, 329.379, 58.4296
5.65882, 102.981, 106.136
3.26658, 60.4071, -82.7018
5.09652, 717.385, 2304.73
3.52281, 3821.61, -1241.99
6.03231, 350.935, -33.5689
6.05786, -721.598, 4050.31
3.66304, 213.398, -618.782
6.80594, 32.9314, 17.542
2.67122, -899.963, 23.7725
6.26587, -265.761, -42.8085
4.14789, -281.043, -288.608
4.65309, 3404.81, -775.805
7.33455, 323.354, 167.736
4.05803, -1457.9, -1266.19
5.69762, -3984.74, 10.1863
5.95386, 64.4864, 76.7995
5.36403, 433.988, -292.845
6.60667, -2162.42, 3819.25
4.21807, -2479.86, 1076.18
5.09387, 355.148, -268.451
6.78438, 480.43, -319.107
6.18587, 659.133, 1035.15
3.45992, -346.362, 181.386
2.83145, 48.3793, 74.6432
3.60828, -2913.57, 1820.34
3.33656, 166.083, -78.4768
6.31172, 196.118, 43.2157
5.44905, 1119.17, -1637.63
4.65223, -4154.52, -385.936
7.09618, 1576.09, -232.674
5.09668, -415.776, -983.685
7.38058, 247.142, -38.3388
5.15714, 181.402, -472.131
2.98716, -890.848, 1067.41
5.83983, -392.055, -478.539
5.44444, -535.948, 2032.32
5.01137, 478.795, 121.655
2.75808, 863.94, 924.783
2.6753, 208.277, -300.249
4.41484, 356.555, 3.32103
5.55555, -1783.6, -2173.66
5.06574, -4149.43, -381.059
5.98498, 123.851, 99.6159
4.89891, -29.8074, -135.663
3.88323, -4134.85, 71.5005
6.01685, -159.998, 2204.06
3.67701, 161.537, -189.192
6.41501, 299.902, 59.0233
6.60589, 1250.81, 85.359
3.21842, 2526.66, 2344.82
5.75757, 412.813, -159.84
3.87677, -349.983, -1145.96
7.26215, 1851.1, -1036.37
4.58238, 119.704, -96.8833
3.03869, -391.769, -204.623
4.70633, -19.6471, -6.10536
6.28811, 128.981, 45.7738
2.77803, 543.8, 96.5674
3.51241, 50.1949, -98.3666
6.82305, 79.9646, 144.68
6.52456, -197.279, 84.7144
2.78861, 450.975, 1641.53
4.40304, 216.736, -162.883
4.56124, -250.055, -439.924
2.80071, 652.024, -6.65345
7.09746, -1080.6, -1026.57
3.35398, -83.7441, -74.2938
6.51634, 357.151, 45.5742
3.88599, 957.348, -380.905
4.44586, 129.759, -147.481
7.19936, -1582.91, 537.366
6.24573, 108.989, 2196.45
3.44774, 2643.08, -2871.85
6.89581, 334.58, 86.6035
6.8953, 228.278, -32.6622
3.30515, -81.262, -478.768
5.87346, 930.967, 333.785
6.89096, -89.8276, -96.431
6.98262, -653.7, 2705.23
3.06535, 141.996, 26.2501
5.93789, -567.062, -604.824
3.21651, 667.504, -54.47
3.6901, 587.4, -130.721
5.64383, 2157.88, -1460
4.312, 3.38696, -313.649
4.64437, -1418.9, -1237.8
4.91936, 1274.98, -1393.62
6.20379, 69.2137, 706.595
3.23098, -8.9034, -268.61
7.36238, 26.1351, 5.32694
7.3158, 367.807, -30.116
3.14741, 2003.53, -1379.09
5.3784, 355.906, -11.2586
4.66439, 573.831, 176.777
5.50066, 140.613, -84.5214
5.85098, -62.4677, 242.87
4.5137, -2322.24, -750.953
6.46691, -1415.17, -1301.32
4.89889, -2496.57, 1423.53
5.72449, -704.107, 694.924
4.28836, 3887.96, -651.009
5.96794, 105.873, 303.02
5.83428, -305.713, -395.328
3.22071, 520.817, -261.028
7.10415, 152.105, 101.824
4.22228, 925.192, 2844.45
6.66824, 104.677, 23.0377
2.74349, 189.245, 213.43
3.27936, 993.584, -1478.87
2.55765, -89.6335, 29.1118
3.94327, 331.331, -69.8
5.07295, 497.941, -389.876
3.65948, 681.663, -2640.12
2.75022, 413.57, 589.459
5.33091, 173.018, -68.3325
6.69774, -336.285, 133.09
4.28763, -234.512, -419.437
4.3452, -27.6152, -554.813
7.22226, -139.09, 12.3659
4.72425, -1438.08, 243.72
6.82086, 170.611, -152.019
5.82654, -54.6987, 651.726
5.79297, 293.816, 76.8191
7.10736, 2051.38, -1538.07
5.11536, -2341.27, 1968.13
5.45229, 277.656, 34.536
5.79944, -292.139, -2101.81
4.24765, -1442.19, 921.29
4.11714, 190.498, -388.567
7.08984, -56.0704, -381.547
3.08619, -3413.79, 1199.64
7.31268, 518.07, -97.1298
5.17978, 114.348, 299.874
5.81447, 910.805, 299.132
5.48362, -3486.04, 1563.59
6.93363, -396.102, -999.878
6.67999, 5.50805, -113.739
6.69339, 34.7795, -238.618
6.85642, 98.4662, -339.334
2.5002, -81.5133, 1783.97
4.77274, -436.037, -1486.34
4.25696, 1637.79, 37.2504
5.80713, 3361.32, -2690.78
6.22234, 665.388, -298.928
3.3821, -765.807, -3066.24
7.4621, -1065.27, 1326.54
5.95466, -581.438, 104.9
6.97862, 145.357, 246.113
3.51579, -1158.71, -289.206
7.2356, -236.491, 137.837
4.88476, -3244.67, 1705.83
6.78578, -2916.68, 1819.15
6.41237, 475.23, 354.465
5.70687, -2284.99, 2208.28
3.14521, 188.865, 838.048
5.77944, -80.9095, -87.875
3.09199, 109.312, 35.9561
3.88793, 2128.3, 460.453
6.65548, 257.941, 2039.78
6.14153, 2692.5, 3441.54
6.74348, 2996.57, -2235.39
3.43989, -779.907, -531.197
6.09602, 107.365, -22.5974
4.25586, 116.847, 313.804
3.34555, 205.663, 332.233
4.52383, -3167.64, 410.17
4.20924, 225.015, -36.8323
6.67141, 64.4646, -104.502
3.9111, -2399.06, -3888.61
5.16766, 2417.04, 1482.53
6.25085, 651.947, -1148.57
4.62554, -192.726, 88.268
4.66964, 1359.54, -37.1831
3.03022, -2565.23, -1595.24
6.4639, -186.715, -7.57641
3.91232, -164.048, 293.583
7.14264, 2686.64, 3895.69
5.37926, 124.715, -119.208
3.4895, 519.804, 25.3998
5.99081, -380.793, -279.347
3.07265, -650.236, -205.77
4.22945, 195.519, 740.589
4.15646, -3.15915, 66.187
6.42735, -3495.39, 1600.39
6.65775, 176.099, 51.5616
4.21712, 915.399, -436.498
4.2603, -338.41, -61.7179
6.38197, 197.773, 236.627
6.58658, 772.965, -191.503
4.26157, 8.8394, 349.589
7.09559, 30.5997, -80.824
3.2877, 521.949, 437.406
5.56029, 953.92, -242.023
5.54222, 123.41, -122.509
3.16647, 2038.29, 2220.79
3.51409, 2465.03, 3439.82
4.79457, 16.4339, 111.455
3.48759, -691.318, 1179.22
6.77118, -77.3465, -227.45
6.54562, -300.105, -431.085
2.80131, 1719.12, -1345.69
6.50584, 1121.29, -3237.76
5.49597, 243.832, 6.84251
7.43182, 248.906, -4.52667
2.65919, -975.195, 282.871
6.8356, -2161.6, 2627.83
3.69109, -41.7687, -313.748
3.6127, 745.747, 449.905
4.73907, 4303.69, 2001.04
2.61231, -247.696, -52.5039
6.79755, 101.265, 132.456
4.15902, 440.607, -2994.8
5.72195, 673.727, -106.678
7.43521, -455.299, -55.2723
5.30162, 155.883, -134.777
4.74553, 125.306, 48.506
5.213, -134.057, -4.06835
2.90797, -498.116, 232.431
3.99606, 1367.78, 2000.9
6.63964, -2609.73, -508.817
6.48936, -2700.84, 1066.75
5.71048, -119.957, -81.9542
4.84105, 208.125, -308.268
7.15326, 570.193, 1700.67
5.08798, -326.829, 137.77
7.42924, -2815.29, 1796.3
5.94567, 57.1221, 93.8432
6.19966, 318.439, 166.742
3.46323, 1205.22, 1101.58
6.08881, 2002.57, -1310.25
6.11146, 1059.55, 397.421
6.49298, 126.007, -249.018
4.23216, -3305.01, 272.723
5.1481, -664.555, -312.805
3.19001, 1031.78, -771.032
6.73218, 235.94, -111.404
6.32766, -734.135, -431.306
7.5, -3470.6, 1585.23
4.24891, -4792.89, -1633.24
5.50367, 1071.69, 20.0958
3.50808, -268.388, 2477.81
6.2385, -2432.63, 405.393
6.49225, -281.791, -326.901
3.03505, -174.4, -642.138
5.35813, 165.094, 2.13607
2.84683, -3422.1, 1191.67
4.16036, 272.736, -174.067
5.80945, 130.56, -226.278
5.27726, 370.888, 2660.69
7.12415, 48.4625, -312.376
2.69832, 225.168, 1914.15
2.62083, 976.428, 1102.67
4.61923, 401.029, 97.692
4.36987, -718.359, -121.427
2.93303, 2265.68, 2204.47
3.05403, 380.599, 292.912
5.31992, -3101.32, 110.521
7.37269, 34.5473, 69.2363
3.05066, 9.46594, -2646.22
5.99352, -2096.2, -2328.1
2.79674, 259.652, 1177.15
4.69755, -174.195, 111.658
5.24651, 323.38, 98.5699
3.45129, 273.51, -153.525
7.36597, 256.048, -115.394
3.19593, 208.595, -152.533
5.48978, -2146.77, 302.106
7.12812, 195.245, -385.025
3.91116, -196.429, -11.3936
6.8307, -13.1027, 239.678
6.29598, 902.884, -1202.35
6.10793, 300.186, -243.981
3.34241, -71.9194, -558.358
3.32882, 530.648, -1751.19
3.39076, 216.863, -64.3733
5.87226, -91.4144, -150.22
4.83484, 294.98, 93.483
6.85219, 275.766, 167.988
5.76023, 473.338, -81.8898
5.80464, 917.224, 305.411
2.58037, -135.094, 565.089
4.30596, 3709.46, 2165.88
3.72747, 248.58, -648.679
6.93086, 614.793, 942.378
5.23701, -4660.04, 75.2537
6.57209, -125.009, -336.955
5.24453, -887.653, -208.131
4.16156, -226.737, 173.629
4.40213, -1292.45, -2250.29
2.52389, 587.899, 58.5143
6.95226, 169.166, -53.6289
6.16955, 227.353, 35.5552
6.04239, -537.46, 185.091
5.1278, 1496.79, -1868.19
6.41065, 232.18, -452.326
3.42484, 357.233, -69.6189
5.72673, 151.464, 51.8699
3.42178, 262.472, -5.53863
3.31214, -1189.93, 584.857
2.65594, 1217.21, 988.617
7.42716, 125.629, -103.622
4.04559, 55.8905, 24.161
4.11075, -368.852, 60.0611
5.51155, 209.812, 42.201
2.89107, 3449.84, -523.615
3.93936, 198.68, 250.3
5.79307, 460.913, -878.239
7.36348, 321.659, -50.5162
7.27758, 2629.25, 1000.48
7.42745, 133.35, -92.4253
7.30478, 219.557, 34.806
3.0073, 64.2582, 474.613
3.71505, 878.163, -296.414
6.91151, -448.938, 122.11
5.28805, -128.574, -293.759
6.7669, 110.321, -126.432
7.49145, 595.942, -109.834
3.99751, -2947.63, 1396.8
6.33157, -5291.42, -1776.62
4.81901, -56.7719, 312.167
6.8168, 540.759, 144.106
6.99018, 216.706, 168.865
7.377, -416.156, -186.022
2.77405, 194.474, -13.6778
6.32605, 161.247, 263.742
5.09219, 1162.26, -1812.01
3.46574, 325.342, -230.411
6.98252, -27.2783, -467.158
6.38492, 440.463, 0.851076
2.75968, 289.513, 115.599
7.47331, 1283.2, -1822.67
5.93659, 162.155, -497.023
5.94854, 939.493, 337.592
6.57666, 2048.92, -886.417
7.05426, 248.869, -32.0755
3.34218, 1571.24, 3323.69
5.24183, 2012.75, -1369.72
6.53351, 128.194, 25.4569
4.17803, 456.38, 313.086
5.53435, -357.787, -358.107
6.59602, 976.424, -1733.03
7.3485, 555.632, 67.8347
6.29349, 227.148, 417.943
3.72113, 88.3899, 323.137
5.80589, 78.5855, 92.1613
4.21574, 990.14, 412.809
7.27146, 0.231347, 55.8661
2.60828, 1802.37, -2287.11
4.54979, 793.453, -285.619
2.55789, -2277.07, 2493.01
3.04964, 222.47, 370.084
5.28259, 726.021, -990.276
4.45466, 366.658, 14.8491
7.20539, 227.542, -8.13646
2.55572, 252.039, 459.045
6.22897, 315.095, -836.217
3.84293, 71.5562, -264.074
4.27153, 204.697, -26.0976
3.45835, 3866.96, -3979.1
5.14832, 370.596, 209.189
4.39478, -626.562, -3396.99
3.16407, 279.961, -207.232
4.26563, -49.24, -244.242
4.2497, -3355.49, 1678.79
7.41084, -1838.06, -1246
5.25961, -353.647, -271.785
4.99918, -1729.6, -460.401
3.58531, 1201.2, -1884.56
4.37311, -29.2953, 59.2015
6.78251, 2012.23, 1766.17
6.45578, -1890.55, 3777.81
3.9204, 1998.61, -2389.43
5.07645, 920.164, -219.255
6.79238, 146.289, -242.264
7.07844, -288.185, -28.2613
7.48941, -1417.36, -1308.83
6.53177, -463.206, -72.3599
5.22718, 665.815, 439.28
7.3461, -94.5964, 400.983
5.31931, 975.497, -116.067
4.03031, 466.731, -988.086
5.41853, 148.165, -108.174
2.91197, -178.372, 453.282
5.47382, 264.584, -61.3995
3.31968, 1804.12, 3325.53
6.46527, -163.156, -692.194
2.95373, -709.783, 1140.85
6.3072, 3.60237, 224.221
6.83996, 102.906, 24.7679
6.40105, 348.357, -286.174
6.61399, -1631.17, -346.187
6.70974, 92.4889, -208.793
4.48328, 494.486, 286.647
6.508, 230.652, -106.173
6.56811, 27.1559, 63.583
5.43493, 624.856, 1305.49
4.64621, 33.5929, 59.0531
2.5002, -129.718, 96.5138
5.31153, 294.568, 2.67056
6.22632, 127.571, -433.913
3.89846, 2336.49, 1311.37
2.93406, -477.135, -3203.85
3.5733, -70.8435, -345.185
3.93296, -450.512, 25.1753
4.86595, -374.123, 2.47106
6.95893, -1415.96, -1284.54
5.91955, -121.854, -10.6939
3.54376, 251.529, -99.1181
6.67533, -0.736605, 63.2831
7.09218, 589.125, 350.44
4.48244, -29.0806, -261.173
6.37858, 1379.18, 431.87
5.68161, -46.4419, -58.2363
6.64746, 54.6585, -63.5291
3.40204, -194.578, -105.612
7.45927, 79.1216, -153.14
6.70558, 324.861, -119.2
4.65177, 481.266, 327.033
4.38589, 432.781, -85.6597
2.70802, 251.355, -257.219
6.80715, -271.031, -518.115
6.62116, -2806.04, 1904.77
6.25052, 1132.78, 1204.3
3.55801, 295.619, -222.454
4.31029, 27.2071, -8.04422
4.43545, 190.073, 35.5992
7.32918, -2277.65, -1464.45
6.5872, -227.578, -306.944
4.5755, -310.773, 90.4471
5.83759, 144.509, 428.392
2.52101, -2807.85, 2744.11
6.98048, 238.247, -127.051
3.68416, 407.803, -179.077
3.79415, -371.607, 130.126
5.4939, -421.821, -289.936
6.89823, -847.458, 31.6022
6.16299, 116.168, -178.241
6.0773, -589.888, -180.904
3.57724, 4014, -185.008
6.30413, -2836.1, 2204.01
3.85351, 572.642, 119.428
2.75246, 288.14, 106.235
4.78866, -1018.79, 486.981
2.58759, -110.929, -273.392
3.01129, 3872.57, -2535.17
2.639, 941.335, -481.811
5.65921, -14.7705, 240.286
6.34425, 117.162, 66.3498
2.74132, -275.588, -226.596
6.6924, 562.173, 800.918
6.76899, -118.084, -16.4065
6.57649, 173.792, -171.82
6.85188, 155.001, -2899.14
5.27222, 316.068, 82.2548
6.12646, 2.35424, 1170.83
3.20424, -3083.66, 2416.2
6.6115, 181.317, 137.163
5.51185, -1784.08, -2177.38
4.93856, 206.806, -173.011
6.14942, -453.099, -257.34
4.05164, -1519.75, 854.728
3.93925, -234.842, 463.746
5.45857, 1616.11, -1975.74
5.34055, -2132.82, 1169.57
5.41059, 2056.04, 1454.58
2.84132, 235.568, -279.177
4.34304, -1503.11, 3.33369
6.28475, 375.311, -293.227
6.35297, 771.963, 2112.66
4.27217, 131.298, 463.444
5.98913, 52.412, 67.3616
5.08005, 1581.85, 930.171
5.94494, 204.642, -15.1142
6.18066, -1501.31, -1054.08
2.56231, -1862.12, -1549.3
7.16549, 143.009, -216.771
5.37826, 618.543, 182.555
3.05587, -184.154, 610.658
4.87388, 73.6167, 90.8173
3.24247, 1288.48, 48.3601
4.22594, -5627.89, -1285.64
7.04476, 115.256, -100.274
4.54571, 2054.32, -909.913
5.96642, 108.827, -102.619
3.35865, 137.381, 142.821
6.21715, -3032.56, 1116.27
4.16319, 53.7384, 62.5384
4.62157, 115.821, -143.406
2.79523, 21.8365, 581.644
5.09005, 229.315, 78.5998
5.94425, 115.867, 194.484
5.01149, 280.536, 159.915
6.56617, 105.582, 105.624
3.07974, 241.106, -159.111
5.24841, 1104.28, 276.253
5.06046, 144.765, -265.065
6.02649, -1409.33, -1304.05
5.65083, 80.0741, 44.0029
4.0207, 649.76, 515.825
6.74719, 13.9965, -108.896
3.39619, 1008.82, -1666.46
2.61737, 151.47, 253.323
4.19467, 435.834, -113.878
3.43818, -1519.03, -1102.5
6.60467, 235.872, -40.5841
6.72507, 71.0988, 2292.61
6.78031, -2163.98, 1315.67
7.37454, 289.219, -206.405
2.99587, 492.681, 113.493
2.56182, -2494.18, -1972.81
2.58614, 47.0482, -383.522
2.64527, 234.666, 501.552
4.1031, -1448.58, -1481.7
6.17815, -2143.07, 1174.77
3.14876, -371.89, -488.021
2.5161, -1440.37, -229.335
6.91905, 492.678, 79.6121
3.70482, 273.744, 199.666
4.38481, 388.337, 137.024
4.44879, 93.8127, -172.43
2.81534, 2372.76, 914.404
7.30792, -6.92791, 31.8306
3.75349, 102.308, -238.456
6.85376, 127.378, -207.703
2.85991, 1881.39, -2607.64
2.70653, 2261.84, -1675.19
3.46378, 382.353, -166.498
3.86708, -1254.09, -1656.48
7.4007, 121.478, -124.044
3.60607, 755.033, -3323.71
6.43119, 1193.13, -1809.31
4.42306, 194.326, 387.048
3.78593, -1999.78, 2189.26
3.91087, 385.217, -266.636
7.33834, -225.936, 91.0136
4.22841, 186.272, 34.2025
3.45922, 84.1863, 54.4328
5.05037, 325.976, -36.9078
5.21857, 785.039, -2983.96
5.72333, 200.924, 328.599
3.89738, 555.32, -258.091
3.41887, -119.186, 44.8856
2.71579, 1649.27, -1984.37
3.98408, 35.4198, 179.479
4.25548, 1250.48, -473.831
7.09372, -155.999, -23.3605
5.81225, -236.446, 2.19927
5.08041, -1448.81, -1261.36
4.03763, 80.4081, -110.934
3.0007, 1418.12, 1486.52
3.47502, 165.538, -10.6279
4.11407, 2035.35, 2239.31
5.56182, 569.797, 22.2137
5.13511, 1398.51, -745.107
3.45653, -410.802, 1050.98
4.7178, 3595.59, 2062.73
4.48693, 4118.87, -802.518
6.28051, 293.336, 219.93
6.6213, -344.736, 67.4118
5.51573, -23.0954, -886.539
3.04573, 295.574, -323.778
4.11797, 1838.91, -414.682
5.03403, 99.017, 23.7613
4.76521, 228.045, 867.542
4.77315, -80.9775, 344.712
4.91125, -135.009, -45.447
5.07896, -2997.73, 543.43
4.50207, -1518.55, -1042.32
4.22945, 66.1891, -128.938
6.64533, 29.6699, 691.048
3.02204, 1820.67, -802.58
6.40057, 313.079, 12.5053
3.19919, 142.216, 49.6536
2.62171, 2466.77, 2863.18
6.0664, -216.478, 971.395
7.15538, 80.3313, 304.773
7.47667, 158.186, 4.80859
3.86264, 19.3533, -126.462
3.6923, -1419.1, 534.066
3.87328, -235.553, -2119.88
5.70836, 292.764, 236.693
5.17637, 172.698, -79.8437
6.8967, -1881.32, 3196.55
6.75968, 230.426, 282.263
2.98004, 67.1124, 571.9
4.66818, 67.4746, 9.11396
3.17045, -247.564, -128.947
5.86802, 116.108, -67.5433
5.34964, -127.391, -276.417
3.66474, 124.118, -1221.04
5.50306, 265.049, -108.582
2.6551, 653.119, 28.4332
7.08512, 94.5912, -360.357
3.82958, 427.252, 444.672
6.50016, 129.139, -50.8211
5.46389, 209.894, 17.6554
5.0822, -272.443, 44.6131
5.2567, 695.368, -422.52
3.47225, -44.8132, 268.848
5.36152, -1975.53, -266.537
3.81992, -436.494, 4073.57
4.41648, 1692, -3616.45
2.73626, -123.746, -333.156
4.22823, 158.42, -55.5523
3.61594, -2016.92, 4610.86
3.81264, 268.074, 44.8263
3.05141, 309.938, 136.89
7.40088, 72.196, -413.732
5.93794, -589.213, -178.337
5.82158, -16.4589, 132.478
5.99501, 246.75, -209.006
2.68746, 9.85024, -81.9398
3.6706, 8.18796, 7.79364
3.95397, -3433.67, -5176.72
3.50543, 267.203, -154.281
2.7177, -1741.24, 2483.09
2.56571, 732.059, -288.496
6.07297, 3821.26, -1247.84
6.88348, -235.692, -299.222
5.35088, 1182.84, -2291.85
6.92743, -1918.96, -2111.32
5.20042, -603.617, 232.656
3.31357, -1386.16, 424.673
3.30492, -1831.8, -1527.95
7.19182, 115.474, -116.555
3.45628, 367.707, -242.196
3.15761, -2083.2, -22.4901
4.41122, -318.699, 377.366
6.12674, -551.329, 2027.19
2.50651, -4153.85, -388.308
4.60222, 2957.71, -1713.62
5.18984, 720.31, 105.33
4.86596, -200.55, -417.66
6.33003, 727.633, -557.783
2.9396, -385.352, -3.52179
7.04284, 45.6037, 118.354
3.20818, -304.968, 603.865
2.54782, 124.803, -177.95
2.82267, -92.1756, -384.868
4.96742, 243.983, -35.693
5.40914, 110.856, -109.096
4.03373, 2390.31, -4248.05
4.57091, -119.716, -255.425
4.33401, 743.259, 947.708
3.42687, 230.254, -1937.55
2.76788, -1687.25, -1798.55
4.47222, 185.602, 6.92032
3.98388, -137.353, -280.76
5.05388, -276.332, -277.572
3.75392, 1487.51, -2534.65
5.01589, -445.428, 868.979
2.51168, 1092.03, -503.553
7.01807, -3474.06, 1586.71
2.79181, 2314.98, 2215.26
5.17506, 71.6052, 2185.42
3.95754, 1938.8, -914.413
7.3023, 190.768, -145.975
4.73406, -2281.72, -1003.79
5.08479, 330.758, 52.3908
5.93861, -533.173, -111.762
2.72187, 117.357, 501.476
7.2946, 2461.05, -1846.83
5.70852, -83.8072, -117.179
2.80215, 78.0263, -272.185
3.33964, 301.942, -7.68558
5.76491, -204.686, 108.583
6.19864, -87.9429, 1788.99
3.57011, -389.013, 195.251
4.31441, 351.371, -1571.44
6.56981, 428.027, -273.158
5.32057, 56.7168, -111.469
7.45886, 165.396, -111.9
6.5669, 219.572, 312.017
3.49157, 2129.54, -2805.4
2.50003, -82.0508, -29.5029
4.62608, -2158.56, 2623.3
4.07406, 1482.28, 867.54
5.56218, -2418.29, 347.442
3.83351, 105.689, -118.807
4.39881, 795.774, 586.752
5.43397, 286.41, 295.453
5.95636, -709.631, -437.826
7.26736, 284.87, 57.218
4.89785, -228.227, 760.895
3.60319, 312.803, -321.81
5.33741, 609.179, 312.929
6.09873, 95.0014, -135.744
4.4953, 1640.57, -145.168
3.48326, 518.107, -262.09
6.66971, 266.839, 153.54
5.59561, 342.579, -796.183
7.26866, 306.851, 108.326
3.23222, 593.897, 40.5525
5.38953, -11.2946, 18.7213
7.26796, 171.443, -165.298
3.62331, -3303.83, 1656.18
7.25137, 122.47, 31.2422
3.07874, 1175.59, -567.083
2.58372, 127.951, 65.072
3.90465, -126.686, 497.981
7.15042, 429.789, -313.945
3.04796, -1077.99, -480.196
6.77266, -387.702, -448.56
5.68532, 575.667, 379.022
5.63853, 275.571, 339.452
3.80589, -513.707, 1269.38
5.13936, 300.53, -124.924
7.16608, 721.585, 470.264
3.98055, -880.193, 219.912
4.78006, 241.699, -158.874
6.35659, -573.911, 2941.78
4.17193, -1243.76, -2415.81
6.31775, 215.331, 65.0173
6.65892, -1564.04, 1565.92
2.64618, 1770.61, -1051.83
4.31315, -77.6492, 189.881
4.16221, 220.41, -363.441
3.17675, 1193.79, 933.884
3.00839, 843.323, -2597.22
5.11327, -14.461, -178.42
3.52046, 205.662, -237.739
5.00728, 299.967, 606.265
5.1371, -3091.89, 1943.37
4.13422, 120.741, -28.8431
4.75888, -217.546, 695.208
6.85263, 817.604, -152.076
4.72884, -26.6679, 99.3949
6.03726, 389.939, 266.334
6.83171, -1465.17, 296.539
6.5822, 479.376, -167.43
2.67504, -2414.38, -946.146
3.8644, -508.289, 1676.99
5.21858, -793.084, 510.651
3.19942, 1917.7, -389.399
5.57408, 109.341, -87.3254
3.29182, -339.989, -293.375
4.41129, -73.3226, -326.874
5.94997, 317.202, 201.338
3.21128, 2654.52, -49.6077
5.65284, 129.12, 95.6762
3.15973, -2107.17, -1311.7
7.13583, 276.487, 165.463
5.53465, 3256.77, -4989.6
5.50388, 343.462, -543.737
3.33635, -83.0082, -14.293
3.301, -661.397, 1357.01
5.91628, 80.7135, 5.80292
5.1456, -134.964, -334.128
3.65264, -1502.32, 779.591
6.55373, 35.0693, 72.7279
5.76477, 69.306, -16.6997
4.08597, 345.729, -65.434
2.53953, 319.152, 231.153
3.49176, -90.8462, -743.055
3.78831, 353.48, 337.805
3.03825, 539.644, 442.884
3.49545, -42.9519, 315.05
6.75079, -3574.94, 1924.37
6.63912, 337.114, 1.17277
6.76813, 84.0437, 21.9366
5.71027, 125.622, 27.7697
3.6787, -1895.49, 1967.52
6.80638, 31.1601, 119.5
5.4745, 225.159, 242.029
2.52745, -1517.02, -1119.29
6.84925, -407.424, -737.785
7.37729, 166.968, -130.936
5.59653, -1415.29, -1281.2
3.85574, 516.962, -19.2646
7.46973, 57.1662, -85.0614
4.60751, -1143.93, -107.319
4.20537, -412.01, 39.4231
4.80717, 207.959, -313.299
4.44822, -751.212, -2091.22
4.613, -3105.8, -628.266
2.84879, 173.567, -81.4514
5.5153, -143.684, 192.964
7.36114, -83.2907, 14.6945
5.07406, 96.8499, 291.694
7.45461, 183.991, -221.771
5.84906, -1569.46, -3789.21
4.01716, 387.406, 213.82
3.47371, -587.271, -171.991
4.0109, 564.808, 268.11
4.93946, 285.913, -177.265
4.72438, 202.833, -50.0349
5.7844, 27.9006, 13.7462
3.74227, 3710.5, 2166.31
4.72007, -1052.03, -971.266
5.75894, 22.3679, -247.361
6.67472, 245.213, -81.1291
6.03698, -157.725, -308.082
4.93928, -255.808, 283.897
6.72039, 79.5037, -183.988
7.00296, 237.335, -225.247
6.33082, 223.554, 161.55
5.29453, -337.505, -380.257
2.70603, -132.381, -129.478
5.46749, 965.498, -240.097
2.68674, 139.524, -2636.4
4.53488, 251.731, -432.904
2.84243, 525.792, 381.607
7.38558, 309.913, -288.776
2.5956, 1501.25, 2122.33
6.60363, 115.154, -67.8116
5.2195, 2571.06, -2021.4
5.72828, 561.187, 19.1807
3.62934, -152.304, -227.953
2.733, 276.259, 2022.97
3.63154, -136.405, 526.896
4.58371, 170.18, -1810.19
6.40126, -51.8463, 12.4766
3.72852, 975.198, -1731.67
4.81411, 57.1683, -85.0845
6.14756, 293.841, 192.134
5.35237, 3461.27, -476.887
5.45997, -340.616, -764.008
4.98425, -123.704, -264.768
3.951, 129.811, -113.919
4.71107, 250.283, 187.133
2.53669, -1874.15, 4113.38
7.41683, 170.873, -116.712
2.52822, 207.28, 9.31223
4.8676, 1441.48, 659.634
5.86497, 2339.82, 3942.5
