6.27803, -1814.8, 961.308
3.5948, 208.857, 1247.46
5.89648, 906.223, -349.62
5.09708, 170.657, 212.134
2.76731, 3090.35, -3238.31
2.53849, -591.061, 606.248
4.58743, 4353.15, 2544.8
7.15218, 306.066, 53.0503
2.95982, -427.618, 770.267
6.00595, 721.313, 482.087
3.81226, 207.991, 173.843
4.14117, -1.77088, -332.345
7.45519, -355.462, -265.401
7.41275, 250.417, -71.6271
5.75759, 782.737, 211.334
6.92354, 134.573, -6.15153
6.33247, 113.848, -59.0397
3.87453, -1451.86, -287.832
4.93259, -777.628, -629.149
2.80282, -3875.25, 806.616
5.08146, -3.82896, -10.3351
4.96988, -2799.72, 954.408
7.23882, -35.628, 279.191
4.42071, 87.68, 46.8509
5.14874, -2224.81, 654.108
2.75042, -306.596, 2829.1
6.63909, -5.11935, -43.5137
5.94228, -683.63, -338.127
6.18112, -287.799, -239.972
6.94286, -2190.59, -2066.31
4.25508, 117.841, 209.129
6.72991, -13.1867, -166.303
3.84659, -161.949, -337.167
4.83959, 415.227, -275.613
3.2686, -142.126, 270.331
2.66527, 376.751, 312.949
7.2768, -1207.92, -851.828
6.95369, 94.9585, -196.791
3.29884, -1078.95, 146.505
3.15214, -535.742, -105.474
2.515, 1819.51, -279.948
6.0491, 41.2519, -269.845
3.40448, 1229.74, 106.77
5.76029, 229.631, -260.364
4.42907, 440.061, 438.874
3.23766, 933.184, 1222.43
5.45054, 118.348, 238.461
3.24076, 1790.84, -904.771
3.2091, -1533.85, -1045.34
4.94257, 454.62, 147.7
3.13015, -880.646, -264.395
5.64635, -621.36, 220.426
5.60817, 113.749, -119.515
4.88216, 1987.15, -2751.01
2.64188, 586.678, 805.979
3.21011, 2455.71, -457.54
3.15594, 343.964, 142.486
3.31099, 1055, -1567.38
3.76529, -586.818, 39.9259
4.77654, -2836.27, 1485.15
6.54472, 55.5665, 116.218
3.57624, -118.909, -259.961
3.75063, 385.094, 225.58
5.02978, -106.142, -241.991
6.27922, 140.119, -130.126
5.66369, -928.635, -2068.68
5.9449, -1635.63, -1091.71
7.27207, -536.618, -103.983
5.18713, 2782.05, -1420.94
4.57014, 112.617, 91.7502
4.70019, -14.3523, -112.216
6.07821, -1241.21, -1445.96
6.20858, -1523.61, -1360.69
5.12494, -1970.26, 1695.19
6.06711, 151.112, 39.9276
5.91025, 241.442, 43.3969
6.82941, 1415.04, -1065.37
3.19597, 815.842, 1105.15
3.57766, -357.143, -79.7406
5.0733, 397.918, 911.39
4.83766, 165.93, -82.5214
3.55759, 1973.68, -2090.62
5.65244, 685.497, -418.072
2.5044, 1642.2, -2331.44
4.09589, -353.687, -2070.55
5.90281, 138.216, 96.9438
6.0446, 433.229, -45.4402
2.90869, 548.941, 501.452
3.56926, -668.062, -106.578
4.44412, 237.119, -59.1949
4.44927, -2403.79, -869.517
3.92018, -193.992, -206.009
4.6123, 227.303, 56.9568
2.55658, -197.179, -32.0217
3.72027, -2922.83, 1543.18
4.49072, -977.788, -2210.18
6.64177, -333.789, -205.547
3.78584, -491.765, 694.705
3.59705, -1077.07, -162.777
6.47385, 109.375, -90.8046
5.8476, -613.933, 112.462
5.49108, 238.988, -21.3701
5.99917, 1731.69, 984.787
5.13062, -91.4967, -144.279
4.14833, 111.011, 87.5249
3.30844, 2959.54, 496.288
6.56633, 86.0772, -122.272
4.08004, 667.126, 551.736
4.05369, -310.679, 39.2512
4.65424, 132.195, 77.8083
4.46509, -224.24, 211.442
4.43916, -81.3851, 195.968
4.34871, -162.532, 572.08
5.88118, -70.1549, -361.062
6.10384, 765.986, -186.975
7.20082, -1593.8, 390.971
5.08573, 167.885, -79.9863
5.5282, 714.648, 476.415
5.85049, 1059.62, -1569.73
5.11404, 75.1002, 68.4587
3.87105, 205.952, -554.135
7.08924, 110.828, -89.1695
3.73367, 104.558, -21.8108
4.77876, -17.8875, 867.89
3.30374, 325.613, 244.378
4.68319, 94.5232, 25.1025
7.45767, 158.999, 216.393
6.26931, 1987.5, -2161.48
4.97846, 140.996, -6.36647
7.01651, 140.682, 58.5255
4.68213, -577.9, -21.1075
5.09239, 1384.63, -1184
4.44866, -1205.14, -1757.33
5.63431, 158.545, 100.011
5.19331, 242.727, -56.3972
4.35955, -158.303, 198.423
2.54674, 108.396, 400.802
6.3794, -98.7365, -130.648
2.85317, 113.954, -55.3934
3.98511, 108.844, 579.76
4.78581, -190.789, -232.754
3.25156, 218.444, -14.2731
5.97819, 55.9047, 337.062
4.15587, 83.1641, -66.9926
5.21197, -1766.75, 3123.21
2.64678, -2048.64, -965.676
5.38086, 189.325, -372.016
5.18133, -139.653, -15.886
7.36678, -695.898, 309.299
5.57063, 109.262, 8.83666
5.26431, 1475.83, -2380
6.69051, 843.161, 440.466
3.75764, 99.1114, 311.431
6.98957, 124.14, -56.8164
5.97428, -242.858, 104.54
5.82752, -2.90183, 1584.86
3.06838, 88.7675, -185.812
3.37987, -473.784, -730.997
2.91253, -677.559, 1276.45
6.68103, 43.5452, 584.117
2.64818, -235.175, 1703.75
6.34719, 43.1519, -26.7128
4.29829, 250.462, -2099.31
6.24626, 931.72, -89.9063
6.28385, 197.796, 63.9183
3.60834, 1799.19, -557.355
5.58305, 296.412, 68.7609
3.66846, -574.754, 50.2949
6.22052, 65.172, -2053.81
5.80997, -309.926, -497.161
4.9209, -1790.03, 3220.27
2.58972, 175.959, -290.39
4.98291, 115.084, -36.4221
5.09587, 36.9747, 47.3283
4.71395, 709.782, 1951.71
4.14528, -1578.25, 628.269
3.52671, 32.2878, 155.991
7.19863, -195.732, 1209.31
2.85168, 1037.29, 1657.61
3.30042, 8.02928, 180.391
6.70788, 270.242, -638.473
4.13614, 40.8336, -308.255
6.85942, 894.201, 310.021
5.99896, 103.705, -35.3745
5.52801, 213.14, 163.562
4.77536, 132.753, 559.965
2.91543, 994.094, 579.177
3.94883, -1919.28, -847.15
6.51009, 182.152, 33.0408
6.81821, 379.899, 730.958
3.81831, -2627.35, 205.858
4.79881, -536.095, 8.3502
4.95672, 78.9126, -81.5556
5.82344, 977.195, -1617.81
7.31738, 155.49, 28.9486
7.23022, 366.358, 122.391
2.81902, 1057.9, -526.54
5.04829, -722.057, -213.421
6.13222, -46.842, -8.59861
5.65882, 68.9839, -38.8442
3.26658, -87.5893, 205.679
5.09652, 708.527, 1951.25
3.52281, 3158.99, -1050.65
6.03231, -151.878, 59.6693
6.05786, -557.217, 3346.78
3.66304, 210.288, -451.052
6.80594, 493.5, 13.6176
2.67122, -879.226, -188.343
6.26587, 92.1839, -129.355
4.14789, -111.957, -186.735
4.65309, 2797.14, -586.374
7.33455, -25.0138, -282.199
4.05803, -1215.38, -1083.34
5.69762, -3310.46, 34.6672
5.95386, 191.097, 66.1398
5.36403, 383.904, -405.831
6.60667, -1791.21, 3113.43
4.21807, -2070.94, 954.611
5.09387, 104.073, -518.201
6.78438, 728.898, -180.002
6.18587, 749.961, 937.846
3.45992, -371.456, 20.392
2.83145, 139.955, -6.31726
3.60828, -2438.92, 1537.82
3.33656, 84.782, 70.0488
6.31172, 111.926, 73.2728
5.44905, 911.141, -1475.79
4.65223, -3434.19, -356.597
7.09618, 1452.99, -266.834
5.09668, -159.442, -747.326
7.38058, 282.88, -121.869
5.15714, 37.4203, -310.427
2.98716, -745.174, 1112.72
5.83983, 42.0908, -59.2971
5.44444, -513.612, 1739.44
5.01137, 246.218, -58.9793
2.75808, 940.303, 681.18
2.6753, 545.362, -557.112
4.41484, 138.885, 56.7112
5.55555, -1486.69, -1878.19
5.06574, -3437.51, -356.898
5.98498, 130.83, -296.009
4.89891, -48.302, 174.232
3.88323, -3356.41, 74.3317
6.01685, -129.57, 1926.81
3.67701, 213.685, 171.478
6.41501, 207.412, -106.349
6.60589, 1218.25, -82.2128
3.21842, 2025.22, 1960.93
5.75757, 603.29, -444.666
3.87677, -25.3848, -819.644
7.26215, 1435.97, -920.938
4.58238, 141.404, 133.033
3.03869, -414.829, -386.943
4.70633, 190.921, 76.3731
6.28811, 178.817, 66.6583
2.77803, 727.716, 400.086
3.51241, 203.404, -9.01884
6.82305, 310.975, -192.923
6.52456, -119.533, 42.5718
2.78861, 414.61, 1476.34
4.40304, -14.4478, 137.085
4.56124, -314.829, -450.094
2.80071, 529.158, -16.3958
7.09746, -998.589, -926.105
3.35398, -227.543, -86.8521
6.51634, 37.1369, -54.7193
3.88599, 270.114, -172.705
4.44586, -12.0454, 70.5487
7.19936, -1382.31, 346.313
6.24573, 58.5304, 1897.41
3.44774, 2078.37, -2348.85
6.89581, 32.3067, -125.141
6.8953, -48.7581, 66.6878
3.30515, 79.2698, 174.228
5.87346, 801.321, 152.819
6.89096, 272.771, -22.5377
6.98262, -611.859, 2258.49
3.06535, 232.153, 84.7158
5.93789, -61.5334, -207.562
3.21651, 439.32, 253.654
3.6901, 785.925, -161.926
5.64383, 1788.96, -1220.66
4.312, -79.71, -194.576
4.64437, -1314.08, -1197.65
4.91936, 1103.77, -1181.34
6.20379, 115.355, 82.5681
3.23098, 341.218, -507.056
7.36238, 218.457, -124.234
7.3158, -80.3767, 44.613
3.14741, 1606.08, -1175.75
5.3784, 449.594, -29.6946
4.66439, 466.433, -180.935
5.50066, 192.64, -92.2903
5.85098, 28.7672, 18.7219
4.5137, -1999.53, -643.592
6.46691, -1254.13, -1094.51
4.89889, -2046.55, 1252.53
5.72449, -745.781, 655.607
4.28836, 3169.05, -553.458
5.96794, 178.52, -29.3376
5.83428, -252.341, -511.047
3.22071, 692.153, -430.977
7.10415, 180.028, -146.927
4.22228, 826.304, 2396.08
6.66824, 166.726, -49.1608
2.74349, 490.565, 284.849
3.27936, 816.305, -1201.19
2.55765, 222.28, 87.2205
3.94327, 43.4608, 118.545
5.07295, 114.124, -41.05
3.65948, 523.928, -2255.59
2.75022, 73.2427, 559.504
5.33091, 177.13, 18.2337
6.69774, -211.939, -261.697
4.28763, 1.17925, -84.1258
4.3452, -54.1498, 33.6722
7.22226, 16.7023, 6.66968
4.72425, -1304.29, 340.329
6.82086, 95.2234, 184.973
5.82654, -77.4767, 356.401
5.79297, -178.337, 320.113
7.10736, 1771.9, -1327.99
5.11536, -1976.68, 1687.98
5.45229, -8.62838, -478.935
5.79944, -286.405, -1837.31
4.24765, -1336.66, 798.999
4.11714, 514.818, -451.217
7.08984, -89.0403, -115.465
3.08619, -2740.76, 957.542
7.31268, 139.522, 93.8454
5.17978, 163.362, -45.6093
5.81447, 466.852, 25.9305
5.48362, -2841.86, 1288.09
6.93363, -479.502, -751.375
6.67999, 127.97, -117.109
6.69339, -90.1309, -169.497
6.85642, -147.273, 109.46
2.5002, 48.0651, 1567.93
4.77274, -225.128, -892.21
4.25696, 1524.73, -3.518
5.80713, 2717.03, -2231.92
6.22234, 314.605, -275.66
3.3821, -668.664, -2552.22
7.4621, -950.197, 1214.86
5.95466, -397.767, 193.77
6.97862, -58.0952, -215.853
3.51579, -1065.95, -256.448
7.2356, -283.367, 516.028
4.88476, -2686.23, 1406.61
6.78578, -2440.13, 1535.37
6.41237, 167.039, 208.727
5.70687, -1932.6, 1851.3
3.14521, -27.1124, 904.897
5.77944, -60.8517, 216.022
3.09199, -60.8574, -112.156
3.88793, 1850.56, 348.939
6.65548, 284.778, 1800.88
6.14153, 2229.37, 2844.5
6.74348, 2474.14, -1844.39
3.43989, -649.466, -680.67
6.09602, 331.55, 327.292
4.25586, -10.5745, 597.463
3.34555, 384.104, 634.451
4.52383, -2588.06, 351.265
4.20924, -65.6035, -2.15953
6.67141, 211.981, 289.13
3.9111, -1953.68, -3166.52
5.16766, 1924.24, 1222.2
6.25085, 453.891, -760.714
4.62554, 157.851, -133.892
4.66964, 1340.45, -45.4969
3.03022, -2195.1, -1256.98
6.4639, -424.96, -292.677
3.91232, 163.906, 139.673
7.14264, 2237.6, 3130.15
5.37926, 59.123, -120.663
3.4895, 584.524, -321.579
5.99081, -402.45, -317.996
3.07265, -664.817, -470.656
4.22945, 339.611, 819.296
4.15646, 283.394, -2.83836
6.42735, -2861.29, 1268.58
6.65775, 92.4742, -83.8775
4.21712, 1028.66, -484.05
4.2603, 259.969, 123.337
6.38197, -4.38673, -241.739
6.58658, 512.592, 43.8704
4.26157, 10.4571, -92.6244
7.09559, 141.862, -69.3786
3.2877, 662.113, 638.787
5.56029, 882.54, -409.816
5.54222, 148.3, 30.0632
3.16647, 1680.02, 1884.27
3.51409, 2022.14, 2852.11
4.79457, 395.106, -110.531
3.48759, -712.89, 1012.04
6.77118, 214.643, 44.5559
6.54562, -514.174, -549.759
2.80131, 1395.16, -1179.58
6.50584, 946.798, -2710.13
5.49597, -63.6533, -102.107
7.43182, 138.231, -70.0731
2.65919, -1010.11, 247.851
6.8356, -1801.54, 2196.74
3.69109, 373.127, 220.301
3.6127, 42.1535, 167.837
4.73907, 3525.13, 1636.93
2.61231, -76.7588, 106.69
6.79755, 118.439, -139.553
4.15902, 423.256, -2627.1
5.72195, 75.0108, 87.3044
7.43521, -367.541, -63.7082
5.30162, 16.7888, 143.81
4.74553, 201.257, -80.4574
5.213, -178.914, 126.906
2.90797, 301.884, -40.5425
3.99606, 1285.15, 1680.43
6.63964, -2233.1, -450.49
6.48936, -2198.3, 827.975
5.71048, 392.1, -33.0981
4.84105, 156.483, 20.23
7.15326, 530.506, 1543.86
5.08798, -568.953, -30.5436
7.42924, -2341.15, 1504.53
5.94567, 115.582, -258.853
6.19966, 84.5998, -118.07
3.46323, 1143.2, 956.018
6.08881, 1708.78, -1181.1
6.11146, 880.851, 572.71
6.49298, 396.32, -262.53
4.23216, -2740.29, 256.959
5.1481, 113.588, -77.1104
3.19001, 856.441, -819.906
6.73218, 86.9288, 108.265
6.32766, -629.29, -289.09
7.5, -2868.62, 1277.56
4.24891, -3892.04, -1362.1
5.50367, 1126.81, 26.4271
3.50808, -196.636, 2157.82
6.2385, -2067.67, 298.769
6.49225, 68.0908, -197.794
3.03505, 158.119, -483.365
5.35813, 87.647, -75.4449
2.84683, -2912.06, 1005.97
4.16036, -63.2267, 25.5632
5.80945, 138.083, 120.252
5.27726, 351.112, 2254.89
7.12415, 112.543, 157.343
2.69832, 241.883, 1593.51
2.62083, 964.304, 1042.96
4.61923, 9.96413, -198.366
4.36987, -384.342, -310.063
2.93303, 1868.48, 1760.1
3.05403, 143.197, 189.72
5.31992, -2539.23, 112.707
7.37269, -25.8853, -19.1084
3.05066, -12.2439, -2283.29
5.99352, -1781, -1998.56
2.79674, 306.013, 1180.49
4.69755, 305.84, 31.8489
5.24651, -297.995, -253.692
3.45129, 133.701, 94.2659
7.36597, -180.944, 186.92
3.19593, -42.7317, 167.728
5.48978, -1842.04, 306.251
7.12812, 248.254, -718.075
3.91116, 430.449, 26.4815
6.8307, 90.1926, 491.399
6.29598, 857.241, -1096.22
6.10793, -155.243, -187.872
3.34241, 2.45793, -193.837
3.32882, 283.839, -1455.49
3.39076, -46.9076, 11.2364
5.87226, 89.8848, 137.521
4.83484, -51.6389, -110.967
6.85219, -18.5791, -178.316
5.76023, 391.08, 62.4641
5.80464, 465.538, 13.5986
2.58037, 69.6849, 340.379
4.30596, 3061.97, 1820.61
3.72747, 185.67, -455.742
6.93086, 673.973, 961.606
5.23701, -3831.19, 57.3133
6.57209, 277.411, 161.9
5.24453, -859.178, -286.623
4.16156, -353.467, 69.6891
4.40213, -1100.41, -1909.7
2.52389, -183.408, -113.364
6.95226, 166.181, 79.5261
6.16955, -262.49, -106.243
6.04239, -261.25, -15.9886
5.1278, 1330.09, -1558.22
6.41065, 222.055, -518.883
3.42484, 20.4599, -51.2756
5.72673, 153.334, 1.21496
3.42178, -38.4651, 72.0014
3.31214, -1141.77, 500.321
2.65594, 1161.38, 758.673
7.42716, 142.65, 102.447
4.04559, 240.979, -137.091
4.11075, 85.578, 36.9533
5.51155, 110.362, 57.1149
2.89107, 2808.81, -344.333
3.93936, -176.443, -115.667
5.79307, 554.046, -903.961
7.36348, -163.123, 68.9844
7.27758, 2179.45, 808.18
7.42745, 313.532, 43.7858
7.30478, -44.2636, -25.3337
3.0073, -65.5441, -52.08
3.71505, 650.259, -361.153
6.91151, -393.932, 71.1542
5.28805, 63.3016, -158.698
6.7669, 130.207, 94.6597
7.49145, 812.717, -219.257
3.99751, -2393.81, 1236.36
6.33157, -4304.78, -1471.17
4.81901, -455.381, 306.018
6.8168, -11.8875, -12.5798
6.99018, 246.539, -8.64903
7.377, -321.543, -216.016
2.77405, -266.266, -53.6139
6.32605, -151.254, 7.00815
5.09219, 1107.75, -1644.12
3.46574, 378.906, 344.337
6.98252, -64.6626, -20.4639
6.38492, -92.0174, 110.899
2.75968, -110.095, 298.521
7.47331, 1135.89, -1571.57
5.93659, 223.812, -448.545
5.94854, 435.859, 36.2118
6.57666, 1774.24, -775.64
7.05426, -193.659, 98.6519
3.34218, 1257.61, 2787.02
5.24183, 1780.32, -1152.76
6.53351, 179.593, -39.9181
4.17803, 443.489, 542.454
5.53435, -223.357, -644.535
6.59602, 804.834, -1527.72
7.3485, 543.193, -28.084
6.29349, 153.327, 503.355
3.72113, -84.2972, 99.2395
5.80589, 42.5739, -0.85975
4.21574, 1001.01, 390.954
7.27146, 170.989, -160.341
2.60828, 1423.04, -1965.11
4.54979, 914.266, -361.052
2.55789, -1691.31, 2074.49
3.04964, -19.9059, -172.396
5.28259, 725.894, -1008.72
4.45466, 79.3812, -80.4963
7.20539, 50.6692, -77.1448
2.55572, -142.268, 538.856
6.22897, 119.746, -68.7424
3.84293, -206.144, -382.019
4.27153, -98.8104, 103.328
3.45835, 3137.48, -3271.47
5.14832, -72.8822, -187.127
4.39478, -530.767, -2793.21
3.16407, -67.967, -15.6673
4.26563, -315.848, -328.496
4.2497, -2799.79, 1413.01
7.41084, -1628.56, -1068.6
5.25961, 109.628, -22.7844
4.99918, -1571.86, -429.864
3.58531, 984.315, -1654.17
4.37311, 482.089, -47.098
6.78251, 1616.99, 1396.41
6.45578, -1544.47, 3037.29
3.9204, 1712.47, -1987.73
5.07645, 958.516, -450.282
6.79238, 140.594, 72.9324
7.07844, -92.5658, 146.887
7.48941, -1248.29, -1093.97
6.53177, -624.889, -322.004
5.22718, 508.078, 465.339
7.3461, -225.909, -118.779
5.31931, 632.04, -227.056
4.03031, 616.268, -906.711
5.41853, 510.214, -236.581
2.91197, -207.906, 498.18
5.47382, -151.785, 119.873
3.31968, 1487.44, 2656.03
6.46527, -78.5938, -583.908
2.95373, -709.792, 957.188
6.3072, 116.174, -192.586
6.83996, 177.465, -52.851
6.40105, 85.5681, -495.069
6.61399, -1471.56, -367.905
6.70974, 112.107, 139.598
4.48328, 662.037, 516.701
6.508, -34.6094, 2.05753
6.56811, 158.158, 25.6558
5.43493, 628.638, 1248.6
4.64621, 165.24, -87.8628
2.5002, 353.646, -350.243
5.31153, 79.9817, -130.237
6.22632, 11.7849, 21.1597
3.89846, 1995.44, 1085.39
2.93406, -369.982, -2706.92
3.5733, -369.691, -418.768
3.93296, -324.314, 43.5204
4.86595, 197.195, 96.6767
6.95893, -1228.85, -1141.61
5.91955, -413.036, 107.092
3.54376, 105.642, 107.978
6.67533, 96.4227, -73.5624
7.09218, 321.678, 95.321
4.48244, 383.703, -340.971
6.37858, 1153.61, 487.779
5.68161, 369.427, 122.073
6.64746, 117.592, -444.292
3.40204, -478.075, -338.516
7.45927, 109.988, 91.8496
6.70558, 511.524, -424.192
4.65177, 119.039, 610.81
4.38589, 149.852, -53.7836
2.70802, 144.592, 45.486
6.80715, 81.7436, -25.5843
6.62116, -2298.37, 1616.51
6.25052, 882.932, 1117.34
3.55801, -70.8305, 163.312
4.31029, 165.561, 2.54945
4.43545, -101.487, -233.508
7.32918, -1964.76, -1277.71
6.5872, -222.258, -357.921
4.5755, -614.124, 109.402
5.83759, 118.503, -91.0682
2.52101, -2356.03, 2205.95
6.98048, -53.9897, -194.746
3.68416, 681.56, 115.217
3.79415, 80.2035, 113.969
5.4939, -364.41, -191.066
6.89823, -937.041, 71.2248
6.16299, -3.22426, 66.03
6.0773, -787.293, -297.399
3.57724, 3326.61, -158.823
6.30413, -2398.87, 1836.65
3.85351, 85.4047, -67.4219
2.75246, 531.145, 239.462
4.78866, -683.23, 420.947
2.58759, -152.25, 63.5394
3.01129, 3110.63, -2072.58
2.639, 162.038, 17.2692
5.65921, 83.0329, -276.725
6.34425, 170.256, 20.452
2.74132, -514.139, -452.104
6.6924, 539.408, 613.836
6.76899, 220.751, -70.0076
6.57649, 482.105, -436.662
6.85188, 71.6771, -2392.49
5.27222, 410.807, -65.1695
6.12646, 10.8046, 1159.59
3.20424, -2605.94, 1941.46
6.6115, 19.4002, -238.241
5.51185, -1481.37, -1882.33
4.93856, -31.0618, 6.33013
6.14942, -282.155, -258.311
4.05164, -1347.81, 764.69
3.93925, -166.7, 288.037
5.45857, 1417.29, -1723.72
5.34055, -1885.76, 964.347
5.41059, 1840.88, 1215.49
2.84132, 360.676, -632.09
4.34304, -1370.74, 156.547
6.28475, 30.5702, -372.263
6.35297, 796.008, 1801.54
4.27217, 158.253, -132.252
5.98913, 130.452, -12.7427
5.08005, 1435.54, 831.133
5.94494, 235.595, -133.164
6.18066, -1401.44, -990.124
2.56231, -1633.08, -1357.03
7.16549, 2.98281, 13.5345
5.37826, 303.022, -36.2804
3.05587, -545.352, 362.826
4.87388, 158.675, -27.2385
3.24247, 925.313, 298.399
4.22594, -4620.97, -1071.44
7.04476, 169.722, 60.8421
4.54571, 1782.56, -776.111
5.96642, 170.954, -44.8625
3.35865, 84.6795, -109.3
6.21715, -2461.42, 942.772
4.16319, -41.3707, -45.6945
4.62157, 110.277, 60.5388
2.79523, -30.6504, 180.961
5.09005, 59.4092, -185.351
5.94425, 205.157, -397.425
5.01149, -27.5033, -324.929
6.56617, 105.586, -135.247
3.07974, 66.7659, 145.21
5.24841, 967.307, 398.845
5.06046, 35.4427, 159.406
6.02649, -1295.9, -1113.14
5.65083, 230.119, -5.24994
4.0207, 491.078, 365.63
6.74719, 55.4821, -13.0051
3.39619, 827.364, -1460.57
2.61737, 161.853, -197.091
4.19467, -93.2711, -58.3136
3.43818, -1273.12, -1017.33
6.60467, -108.979, 131.235
6.72507, 55.9585, 1995.75
6.78031, -1818.87, 1144.71
7.37454, -143.852, 139.827
2.99587, 6.3503, -136.449
2.56182, -2012.53, -1645.28
2.58614, 73.3511, -742.172
2.64527, 307.469, 99.1439
4.1031, -1314.39, -1355.55
6.17815, -1764.14, 965.275
3.14876, -297.113, -378.932
2.5161, -897.749, -121.558
6.91905, 21.2536, -96.3543
3.70482, 560.318, -154.701
4.38481, -143.685, -275.118
4.44879, 110.655, -99.134
2.81534, 1936.34, 754.954
7.30792, 34.5542, 33.0699
3.75349, 353.3, -484.082
6.85376, 148.852, -34.0532
2.85991, 1504.7, -2112.05
2.70653, 1699.1, -1407.26
3.46378, 159.071, 101.725
3.86708, -985.775, -1495.06
7.4007, 131.178, 111.038
3.60607, 610.141, -2755.07
6.43119, 1061.46, -1572.29
4.42306, 0.0173454, -236.506
3.78593, -1709.47, 1808.54
3.91087, -152.974, -89.0937
7.33834, -80.8395, 308.8
4.22841, 321.879, 329.64
3.45922, 469.277, -143.825
5.05037, -166.101, 96.2831
5.21857, 670.829, -2477.49
5.72333, -158.241, -5.23605
3.89738, 740.028, -386.443
3.41887, -458.713, -210.691
2.71579, 1412.22, -1736.02
3.98408, 164.571, -384.058
4.25548, 1204.48, -298.898
7.09372, -198.143, 144.142
5.81225, 53.405, 102.011
5.08041, -1214.33, -1166.41
4.03763, 344.993, -171.739
3.0007, 1247.16, 1286.81
3.47502, 133.561, -64.567
4.11407, 1709.51, 1945.71
5.56182, -47.115, -117.724
5.13511, 881.785, -554.192
3.45653, -448.752, 1065.19
4.7178, 3004.2, 1702.64
4.48693, 3410.06, -664.406
6.28051, -3.74745, -158.771
6.6213, -374.442, -63.787
5.51573, -144.296, -916.37
3.04573, 131.577, -32.1828
4.11797, 1608.38, -313.848
5.03403, 176.893, -72.0735
4.76521, 314.648, 925.506
4.77315, 179.408, 330.308
4.91125, 263.212, 108.918
5.07896, -2553.73, 472.057
4.50207, -1314.53, -1112.48
4.22945, 358.084, 108.842
6.64533, -13.3848, 583.896
3.02204, 1635.75, -555.561
6.40057, -152.409, -90.0102
3.19919, -80.1297, -189.826
2.62171, 2031.36, 2391.87
6.0664, -194.452, 745.084
7.15538, 140.421, -32.6875
7.47667, 276.017, 263.871
3.86264, 169.551, -244.339
3.6923, -1196.25, 587.028
3.87328, -194.349, -1759.55
5.70836, -60.1028, -213.856
5.17637, 271.029, 25.2033
6.8967, -1594.54, 2655.07
6.75968, 1.60976, -193.117
2.98004, -33.4977, 738.263
4.66818, 255.12, -20.1264
3.17045, 230.182, -22.9229
5.86802, 129.926, 63.2191
5.34964, 214.827, 164.328
3.66474, 142.086, -1172.77
5.50306, 295.379, 190.322
2.6551, 636.751, -186.941
7.08512, 113.335, 25.1278
3.82958, 646.354, 458.025
6.50016, 104.19, -66.0407
5.46389, 56.8984, -153.631
5.0822, 78.7591, 31.5052
5.2567, 40.226, -28.7042
3.47225, 117.21, 192.925
5.36152, -1641.86, -338.665
3.81992, -381.364, 3252.04
4.41648, 1360.61, -2964.96
2.73626, 281.479, 161.778
4.22823, 0.530155, -157.413
3.61594, -1718.57, 3815.43
3.81264, 103.273, -216.69
3.05141, 1.88912, -58.6892
7.40088, 137.326, 29.2581
5.93794, -778.396, -297.793
5.82158, 312.827, -154.792
5.99501, 48.8472, 154.756
2.68746, 52.304, -64.4379
3.6706, 172.745, -104.662
3.95397, -2783.21, -4200.94
3.50543, -60.1131, 50.861
2.7177, -1466.9, 2022.38
2.56571, 776.765, -379.407
6.07297, 3166.9, -1048.97
6.88348, 168.29, -28.7631
5.35088, 986.302, -1939.8
6.92743, -1561.9, -1687.15
5.20042, -71.6567, 318.881
3.31357, -1236.16, 480.674
3.30492, -1496.51, -1358.23
7.19182, 90.0596, 28.0635
3.45628, 206.681, 182.265
3.15761, -1773.16, 75.2036
4.41122, -237.791, 201.64
6.12674, -509.275, 1750.56
2.50651, -3428.02, -354.659
4.60222, 2439.83, -1435.3
5.18984, 844.079, 193.2
4.86596, 299.248, 64.3259
6.33003, 831.848, -335.751
2.9396, 369.368, 11.8795
7.04284, 168.947, -17.7924
3.20818, 1.55388, 677.356
2.54782, 147.497, -53.6359
2.82267, -28.5681, 126.59
4.96742, 78.019, -90.8902
5.40914, 176.937, 64.4229
4.03373, 1954.56, -3505.41
4.57091, -62.4836, -456.307
4.33401, 419.578, 548.049
3.42687, 164.779, -1749.49
2.76788, -1351.7, -1563.59
4.47222, 67.7389, -21.1228
3.98388, 400.122, 250.749
5.05388, -220.759, -454.935
3.75392, 1232.97, -2152.91
5.01589, -133.875, 286.95
2.51168, 1103.62, -378.419
7.01807, -2856.5, 1270.75
2.79181, 1971.92, 1856.22
5.17506, 79.3213, 1828.67
3.95754, 1718.85, -826.41
7.3023, -214.53, 118.117
4.73406, -1967.01, -912.588
5.08479, 109.891, -34.2234
5.93861, -570.221, -348.443
2.72187, 209.916, -50.115
7.2946, 2066.29, -1580.21
5.70852, -108.873, -326.309
2.80215, 74.1214, 141.108
3.33964, 167.652, 10.9575
5.76491, -280.335, -179.501
6.19864, 42.3614, 1563.92
3.57011, -193.598, 321.939
4.31441, 220.294, -1405.11
6.56981, 681.235, -415.866
5.32057, 104.299, 89.7032
7.45886, -23.275, 173.563
6.5669, 396.929, 191.614
3.49157, 1744.91, -2350.8
2.50003, 305.765, 13.1835
4.62608, -1794.18, 2197.19
4.07406, 1333.98, 730.105
5.56218, -2049.78, 334.806
3.83351, 123.213, 127.147
4.39881, 454.161, 412.06
5.43397, 163.62, 167.19
5.95636, -145.318, -340.44
7.26736, 71.5983, -131.94
4.89785, -161.781, 480.021
3.60319, -109.045, 216.79
5.33741, 51.5763, 60.649
6.09873, 36.3753, 135.844
4.4953, 1467.56, -222.243
3.48326, 692.021, -429.71
6.66971, 13.6104, -7.27121
5.59561, 513.264, -712.488
7.26866, 134.352, 20.2623
3.23222, 753.66, 418.6
5.38953, 231.75, -167.378
7.26796, 369.624, 202.797
3.62331, -2677.8, 1361.77
7.25137, 194.534, 65.3243
3.07874, 1096.55, -531.156
2.58372, 124.534, -239.492
3.90465, 90.8344, 262.073
7.15042, 386.844, -427.935
3.04796, -1099.1, -450.597
6.77266, -287.799, -463.019
5.68532, 453.103, 384.93
5.63853, 159.918, 493.541
3.80589, -436.05, 1142.32
5.13936, 515.446, -433.911
7.16608, 183.403, 160.682
3.98055, -585.777, 155.212
4.78006, 2.949, 92.0995
6.35659, -420.761, 2423.26
4.17193, -1037.65, -2168.75
6.31775, 108.818, -127.567
6.65892, -1364.11, 1262.18
2.64618, 1562.66, -948.083
4.31315, 440.473, 148.078
4.16221, 399.171, -48.8193
3.17675, 894.08, 572.515
3.00839, 699.335, -2174.63
5.11327, -46.8785, 330.869
3.52046, 248.381, 295.212
5.00728, 311.788, 448.189
5.1371, -2547.29, 1524.91
4.13422, 114.145, -32.6916
4.75888, -237.232, 550.695
6.85263, 719.801, -77.3073
4.72884, 324.479, -3.68196
6.03726, 79.9491, 397.59
6.83171, -1328.7, 248.456
6.5822, -77.0941, 12.152
2.67504, -1966.67, -780.203
3.8644, -376.348, 1509.02
5.21858, -483.914, 288.665
3.19942, 1159.98, -305.247
5.57408, 104.192, 89.9425
3.29182, -211.599, -562.207
4.41129, -126.253, -95.6152
5.94997, -76.2676, -179.498
3.21128, 2269.92, -69.827
5.65284, 277.223, -187.027
3.15973, -1731.52, -1220.25
7.13583, -17.8937, -175.469
5.53465, 2643.65, -4058.79
5.50388, 514.905, -651.604
3.33635, 360.828, -60.1331
3.301, -352.272, 1076.16
5.91628, 175.958, 11.9724
5.1456, -264.605, 32.1283
3.65264, -1351.2, 625.089
6.55373, 202.443, -81.6164
5.76477, 173.879, 80.5233
4.08597, -66.9831, -401.626
2.53953, 75.9026, -114.722
3.49176, -100.131, -905.233
3.78831, 108.08, 644.543
3.03825, 765.56, 260.486
3.49545, -452.351, 296.559
6.75079, -2913, 1607.25
6.63912, 93.2173, -65.265
6.76813, 174.708, -17.1147
5.71027, 333.515, 104.181
3.6787, -1604.14, 1659.33
6.80638, 224.95, -140.511
5.4745, -25.3152, 595.313
2.52745, -1310.2, -975.631
6.84925, -308.209, -495.517
7.37729, 76.3532, -150.519
5.59653, -1229.45, -1142.1
3.85574, 33.6877, 33.1962
7.46973, 182.779, 110.896
4.60751, -1030.16, 88.171
4.20537, 9.07279, -88.7516
4.80717, 381.82, -7.76028
4.44822, -645.081, -1814.08
4.613, -2610.64, -547.867
2.84879, 140.804, 193.897
5.5153, 181.067, -49.4788
7.36114, -382.76, 120.907
5.07406, 147.881, 15.0257
7.45461, 81.7329, 50.071
5.84906, -1265.39, -3119.96
4.01716, 59.1272, -284.065
3.47371, -789.722, -298.847
4.0109, 414.828, 320.877
4.93946, -226.504, 85.1767
4.72438, 391.881, 144.436
5.7844, 315.496, -12.1494
3.74227, 3061.93, 1819.33
4.72007, -945.566, -951.18
5.75894, 192.226, 80.7576
6.67472, -45.2806, -288.777
6.03698, -81.3305, -37.2381
4.93928, -445.478, 35.0341
6.72039, 505.32, 246.727
7.00296, -88.6721, 134.146
6.33082, 177.829, -275.493
5.29453, -683.328, -319.615
2.70603, 496.522, -13.5387
5.46749, 930.786, -442.071
2.68674, 180.489, -2225.71
4.53488, 112.695, -627.618
2.84243, 200.23, 420.051
7.38558, 28.9231, -375.6
2.5956, 1365.69, 1813.67
6.60363, 267.841, 188.166
5.2195, 2175.81, -1635.74
5.72828, 39.592, 68.5249
3.62934, 334.56, 27.1119
2.733, 117.923, 1663.59
3.63154, -256.682, 228.229
4.58371, 254.748, -1526.69
6.40126, 363.721, 41.4834
3.72852, 801.138, -1522.13
4.81411, 97.397, -13.8312
6.14756, 568.125, -138.58
5.35237, 2850.6, -419.325
5.45997, -412, -851.662
4.98425, 272.267, 148.793
3.951, 123.318, 46.5213
4.71107, -63.0825, -62.9056
2.53669, -1510.1, 3292.44
7.41683, 141.877, 84.975
2.52822, -2.42674, 151.788
4.8676, 1170.91, 629.535
5.86497, 1935.44, 3223.63
