6.27803, -475.841, -230.686
3.5948, 35.7486, -167.496
5.89648, 332.781, -420.639
5.09708, -165.401, 443.562
2.76731, -564.937, 647.284
2.53849, 239.066, 88.4339
4.58743, -468.561, -420.38
7.15218, 231.167, 160.191
2.95982, 105.984, 432.952
6.00595, -115.988, 111.312
3.81226, 557.618, 397.197
4.14117, 235.287, -336.28
7.45519, 220.52, 48.0533
7.41275, -391.384, -171.881
5.75759, 284.715, 169.461
6.92354, 287.733, -372.744
6.33247, -151.465, -299.835
3.87453, -429.971, -233.034
4.93259, -439.068, -142.888
2.80282, 780.785, 553.148
5.08146, 41.6359, 442.187
4.96988, 536.727, -544.209
7.23882, -515.682, -371.738
4.42071, 24.5192, -390.663
5.14874, 505.923, -443.857
2.75042, 608.404, -295.675
6.63909, 357.664, 342.574
5.94228, -336.63, -478.665
6.18112, 104.551, 437.935
6.94286, 532.228, 434.709
4.25508, -221.331, -355.197
6.72991, 362.023, 29.2491
3.84659, 329.748, -1.70429
4.83959, -69.5232, -129.818
3.2686, -497.819, -421.391
2.66527, 298.995, 21.3898
7.2768, 164.77, -1.13815
6.95369, 367.895, 224.702
3.29884, 309.319, 50.8792
3.15214, 257.943, -416.179
2.515, -545.898, -342.074
6.0491, -332.6, -188.348
3.40448, -397.643, 586.666
5.76029, 487.448, -286.231
4.42907, 248.481, -366.869
3.23766, 22.8862, -180.862
5.45054, 350.527, 59.0937
3.24076, -33.288, 407.02
3.2091, -48.6211, 434.314
4.94257, -342.852, -205.131
3.13015, 338.349, -4.23065
5.64635, -95.1992, -318.436
5.60817, 338.329, -367.349
4.88216, -393.543, 570.349
2.64188, -397.919, -201.935
3.21011, -154.098, 556.19
3.15594, -139.99, 563.939
3.31099, -657.642, 560.86
3.76529, 16.3303, -350.979
4.77654, 398.14, -609.301
6.54472, 65.7726, -181.978
3.57624, 99.1363, 386.609
3.75063, 423.083, 217.328
5.02978, -7.05152, 504.285
6.27922, 354.36, 25.8593
5.66369, 445.383, -66.5876
5.9449, 252.792, -16.3054
7.27207, 491.37, 479.165
5.18713, -456.484, 511.211
4.57014, -374.93, -223.696
4.70019, 405.074, 38.0733
6.07821, 459.334, 379.893
6.20858, 252.782, 77.4095
5.12494, 650.121, -539.473
6.06711, -334.127, -210.962
5.91025, 245.841, 151.698
6.82941, 461.874, -355.095
3.19597, -81.0386, 539.663
3.57766, 451.237, -138.576
5.0733, -233.214, -187.359
4.83766, -7.42484, 502.383
3.55759, -210.316, 611.325
5.65244, -427.642, 478.207
2.5044, -655.494, 217.817
4.09589, 261.77, 165.714
5.90281, 273.077, 141.789
6.0446, 311.897, -357.482
2.90869, -559.036, 514.882
3.56926, 267.882, 240.302
4.44412, -224.129, -552.908
4.44927, 622.926, 625.089
3.92018, 247.794, -428.395
4.6123, 360.396, 331.73
2.55658, -473.242, -398.644
3.72027, 605.039, -576.501
4.49072, -619.099, 480.934
6.64177, -450.592, 120.609
3.78584, 631.847, -526.942
3.59705, -477.629, -454.44
6.47385, 260.181, 117.536
5.8476, 176.988, 270.918
5.49108, -625.017, 199.712
5.99917, -105.456, -268.697
5.13062, 303.402, -453.995
4.14833, 237.648, 36.3903
3.30844, -825.273, 242.632
6.56633, 355.614, 2.39045
4.08004, 388.011, 27.9524
4.05369, -61.8504, -440.613
4.65424, 65.251, -43.3539
4.46509, -227.199, -538.804
4.43916, 291.271, -256.013
4.34871, -626.626, -472.643
5.88118, 230.471, -398.11
6.10384, -55.4108, -202.637
7.20082, 57.3814, 426.705
5.08573, -238.997, -353.353
5.5282, -127.932, 75.1933
5.85049, -429.448, 470.029
5.11404, 75.8164, -222.276
3.87105, -561.935, 531.462
7.08924, 272.382, 237.741
3.73367, 541.296, -341.365
4.77876, 184.294, 183.402
3.30374, -540.223, 499.827
4.68319, 197.801, 19.6118
7.45767, 298.288, 107.397
6.26931, -284.473, 386.568
4.97846, -526.333, -477.025
7.01651, -473.77, -374.956
4.68213, 360.299, 335.682
5.09239, -15.5774, -344.46
4.44866, 368.49, -367.153
5.63431, -121.476, -299.453
5.19331, 236.571, 73.0999
4.35955, 318.949, -356.739
2.54674, -111.473, 153.534
6.3794, 18.1161, -547.867
2.85317, -473.162, -391.878
3.98511, 213.907, -378.566
4.78581, 28.2007, -541.942
3.25156, -142.905, -205.151
5.97819, 301.259, -346.083
4.15587, 206.038, -0.460599
5.21197, 591.21, -576.755
2.64678, 659.996, -525.608
5.38086, -105.042, -145.12
5.18133, 273.691, 83.3668
7.36678, -463.185, -401.955
5.57063, -209.863, -378.679
5.26431, -701.034, 223.766
6.69051, -167.033, 439.307
3.75764, -383.023, 451.673
6.98957, 331.728, 41.1492
5.97428, 388.516, -325.571
5.82752, -353.502, -236.821
3.06838, -454.624, -401.776
3.37987, -320.728, 413.445
2.91253, -135.867, -140.925
6.68103, -126.858, 120.53
2.64818, 565.202, -809.585
6.34719, -3.97126, -414.782
4.29829, -394.125, 432.747
6.24626, 109.717, 489.484
6.28385, 247.456, 39.088
3.60834, -560.525, -361.999
5.58305, 221.074, 22.7176
3.66846, -408.746, -174.489
6.22052, -619.586, 321.623
5.80997, -489.94, -370.156
4.9209, 591.726, -502.117
2.58972, 405.348, -54.771
4.98291, 203.234, 55.4196
5.09587, -174.294, -282.863
4.71395, -538.285, 77.303
4.14528, 226.516, 423.129
3.52671, 275.683, 154.321
7.19863, 46.5454, -143.133
2.85168, -529.601, 262.691
3.30042, 16.2349, -324.906
6.70788, -368.406, -219.45
4.13614, -232.228, -188.523
6.85942, 243.144, 175.976
5.99896, 497.006, 453.044
5.52801, 400.195, -32.5383
4.77536, 33.5779, -174.348
2.91543, -382.563, -109.832
3.94883, 328.468, 216.714
6.51009, -450.247, -473.421
6.81821, 256.988, 155.633
3.81831, 228.415, -496.104
4.79881, -357.907, -144.429
4.95672, 312.664, -343.499
5.82344, -585.986, -357.908
7.31738, -423.92, -148.998
7.23022, 240.379, -410.958
2.81902, 264.171, -349.343
5.04829, -499.74, -176.447
6.13222, 512.915, 416.457
5.65882, 377.609, 23.3867
3.26658, -633.939, -540.111
5.09652, -536.246, 81.4571
3.52281, -439.249, 500.138
6.03231, 269.811, -363.821
6.05786, -376.965, -183.451
3.66304, -82.1275, -179.369
6.80594, 104.816, -97.0567
2.67122, 150.096, 345.398
6.26587, -546.682, 173.375
4.14789, 366.521, 14.9847
4.65309, -287.289, -322.166
7.33455, 484.226, 28.8488
4.05803, 503.901, 437.275
5.69762, 606.223, -639.951
5.95386, 385.872, -8.09813
5.36403, -33.3796, 614.131
6.60667, 641.265, -668.062
4.21807, -329.654, -260.566
5.09387, -475.903, -477.645
6.78438, -62.4779, -376.709
6.18587, 356.466, 134.207
3.45992, -480.933, 147.053
2.83145, -230.678, 144.762
3.60828, 629.033, -565.722
3.33656, 119.266, -145.721
6.31172, 281.945, -313.467
5.44905, -545.339, 158.044
4.65223, 552.13, 613.498
7.09618, 359.03, -3.48356
5.09668, 285.988, 112.416
7.38058, -405.204, -160.896
5.15714, -344.093, -142.598
2.98716, 216.755, -49.0555
5.83983, 225.922, 137.668
5.44444, 201.186, 95.3912
5.01137, -416.487, -200.562
2.75808, -629.376, -138.621
2.6753, -37.3047, -220.037
4.41484, -295.25, -373.028
5.55555, 233.977, 64.4138
5.06574, 552.455, 640.56
5.98498, 264.849, 105.432
4.89891, 52.8537, -146.712
3.88323, 190.996, 368.226
6.01685, -322.014, -50.0178
3.67701, 398.313, -18.7342
6.41501, -91.4058, -157.843
6.60589, 46.5542, 477.432
3.21842, -406.564, -195.908
5.75757, -422.719, 544.805
3.87677, 510.141, -455.427
7.26215, -431.96, 674.24
4.58238, -397.763, -225.493
3.03869, -119.061, 122.409
4.70633, -564.8, 450.575
6.28811, -444.625, -163.372
2.77803, -448.038, -177.111
3.51241, 62.4884, -25.0586
6.82305, 640.964, -570.941
6.52456, -93.7498, -154.507
2.78861, -603.032, -534.752
4.40304, 7.38941, -385.951
4.56124, -27.6315, 500.653
2.80071, -107.381, 208.258
7.09746, 512.354, 407.964
3.35398, 542.58, 393.076
6.51634, -562.595, 126.04
3.88599, 278.855, 138.409
4.44586, -176.39, 437.216
7.19936, -70.245, 538.095
6.24573, -77.0852, -140.843
3.44774, -503.725, 682.68
6.89581, 279.46, 157.263
6.8953, 292.913, -449.408
3.30515, -343.984, -236.01
5.87346, -345.588, -172.125
6.89096, 257.775, 150.539
6.98262, 259.731, 77.6216
3.06535, -29.3123, 421.077
5.93789, -230.955, -179.225
3.21651, -261.723, -291.993
3.6901, 231.97, 81.2286
5.64383, 423.185, -111.01
4.312, 423.172, 215.291
4.64437, 518.784, 350.918
4.91936, 30.5943, -383.032
6.20379, 32.6131, -163.22
3.23098, -427.396, 473.907
7.36238, -379.528, -463.28
7.3158, -383.104, -169.87
3.14741, -431.536, 653.194
5.3784, -37.5608, -173.032
4.66439, 244.456, -58.0782
5.50066, -252.357, -144.618
5.85098, -277.017, -208.369
4.5137, 505.099, 552.627
6.46691, 512.722, 436.267
4.89889, -221.566, -147.261
5.72449, 245.775, 292.853
4.28836, -445.095, 528.648
5.96794, -278.799, -129.438
5.83428, -442.217, -376.009
3.22071, -340.167, 491.882
7.10415, -578.495, 217.943
4.22228, 46.3908, -163.723
6.66824, -122.547, -359.453
2.74349, 338.941, -432.639
3.27936, -487.092, 156.816
2.55765, 87.7532, 444.721
3.94327, -22.803, 496.274
5.07295, -214.157, -256.87
3.65948, 515.441, 502.261
2.75022, -142.151, -185.114
5.33091, -562.063, -492.61
6.69774, -54.3312, 504.447
4.28763, -533.763, -461.129
4.3452, 36.9428, 440.346
7.22226, 208.073, 122.378
4.72425, -361.914, -114.202
6.82086, 244.429, 5.52805
5.82654, -336.752, -459.203
5.79297, 71.8264, 454.758
7.10736, -693.986, 617.166
5.11536, 646.707, -544.504
5.45229, 229.896, -432.787
5.79944, 570.088, 372.765
4.24765, 251.036, 95.3971
4.11714, 296.269, 182.218
7.08984, -21.6703, 494.01
3.08619, 591.666, -475.674
7.31268, 331.107, -5.9215
5.17978, 3.80171, -185.487
5.81447, 551.918, 381.658
5.48362, 575.496, -441.549
6.93363, -553.18, -332.897
6.67999, -413.892, -450.36
6.69339, 240.04, 128.463
6.85642, -114.941, 84.2057
2.5002, -606.39, -3.90626
4.77274, 252.061, -30.7054
4.25696, -526.447, 214.538
5.80713, -200.697, 560.888
6.22234, -546.248, 208.001
3.3821, -13.3013, -183.133
7.4621, 641.882, -495.712
5.95466, -517.595, 208.172
6.97862, 184.759, 111.06
3.51579, 234.049, 198.179
7.2356, -461.208, -196.084
4.88476, 580.625, -434.98
6.78578, 639.122, -568.489
6.41237, -355.189, -336.916
5.70687, 642.297, -475.781
3.14521, -429.183, 142.123
5.77944, -34.7672, 573.693
3.09199, 97.1347, -214.018
3.88793, 34.9287, 474.615
6.65548, -193.08, -223.554
6.14153, -569.223, -418.408
6.74348, -702.714, 224.723
3.43989, -546.973, -190.443
6.09602, 309.256, -227.653
4.25586, 280.347, 332.261
3.34555, -521.474, -350.006
4.52383, 351.359, -430.727
4.20924, 48.103, 444.77
6.67141, 249.838, 106.902
3.9111, 568.883, 362.474
5.16766, -697.2, -529.134
6.25085, 623.663, -489.093
4.62554, -468.465, -381.762
4.66964, -341.081, 483.097
3.03022, 621.698, -568.978
6.4639, -183.079, -320.463
3.91232, -442.567, -391.251
7.14264, -383.429, -139.805
5.37926, 266.521, 239.536
3.4895, 477.315, -247.097
5.99081, 210.588, -387.178
3.07265, 195.308, -200.734
4.22945, 61.0963, 443.987
4.15646, -418.489, -164.484
6.42735, 586.929, -534.663
6.65775, 231.073, 64.9913
4.21712, -591.45, 523.868
4.2603, -168.545, 475.308
6.38197, -55.8251, -352.424
6.58658, 3.92832, 453.624
4.26157, -127.746, 114.355
7.09559, -405.127, -157.682
3.2877, 391.8, -96.101
5.56029, -364.112, 510.051
5.54222, -336.763, 488.677
3.16647, -94.3607, -304.245
3.51409, -522.792, -324.338
4.79457, -506.41, 418.227
3.48759, -3.44096, 409.165
6.77118, -646.44, 90.5182
6.54562, -500.949, -408.032
2.80131, -520.711, 550.382
6.50584, -585.639, 481.326
5.49597, -35.0484, -350.307
7.43182, -511.099, 231.192
2.65919, 147.175, 528.317
6.8356, 652.29, -582.017
3.69109, 307.324, 4.37908
3.6127, 376.604, 154.808
4.73907, -437.487, -502.008
2.61231, 457.152, -156.859
6.79755, -90.2172, -147.388
4.15902, 224.342, 199.917
5.72195, 181.313, -24.0973
7.43521, -360.655, -439.087
5.30162, 303.241, -368.883
4.74553, -371.089, -185.498
5.213, -46.9, -353.066
2.90797, 371.958, -61.133
3.99606, -455.216, -171.14
6.63964, 499.351, 450.898
6.48936, 449.085, 499.426
5.71048, -33.7101, 500.006
4.84105, 294.495, -0.0367756
7.15326, -168.618, -335.425
5.08798, -74.964, -152.505
7.42924, 582.724, -467.236
5.94567, -1.02951, -387.272
6.19966, -154.902, -299.866
3.46323, -601.389, -440.055
6.08881, -355.173, 546.249
6.11146, 485.497, 178.429
6.49298, 253.989, -31.3652
4.23216, 218.805, -439.164
5.1481, -19.8484, -230.956
3.19001, 459.861, -174.508
6.73218, -244.559, -190.577
6.32766, 21.1328, -386.552
7.5, 607.61, -461.148
4.24891, 416.862, 629.325
5.50367, -329.936, 520.16
3.50808, -338.811, -58.6708
6.2385, 66.5217, -16.8995
6.49225, 456.971, 149.358
3.03505, -754.482, 296.222
5.35813, -340.024, -191.186
2.84683, 188.404, -348.632
4.16036, 600.93, 361.315
5.80945, 170.772, -427.775
5.27726, 25.663, -212.347
7.12415, 319.418, 128.062
2.69832, -294.152, -257.716
2.62083, -201.247, -127.362
4.61923, 269.834, -414.01
4.36987, 253.667, 93.1408
2.93303, -244.04, -168.119
3.05403, -34.0567, -49.8644
5.31992, 225.988, -454.488
7.37269, 95.4259, 458.232
3.05066, 11.2688, -373.715
5.99352, 93.8988, 379.987
2.79674, -47.6032, -354.967
4.69755, 335.803, 23.5979
5.24651, 581.469, 591.886
3.45129, 411.442, -512.043
7.36597, 234.444, 68.1891
3.19593, -323.594, -215.597
5.48978, 535.686, -431.136
7.12812, -567.448, 547.386
3.91116, -41.2829, 441.704
6.8307, -152.607, -75.0888
6.29598, -176.338, -351.224
6.10793, 248.211, 78.399
3.34241, -109.387, 144.444
3.32882, 563.939, 603.779
3.39076, -458.921, -287.224
5.87226, 233.549, -418.739
4.83484, -168.044, -144.646
6.85219, -482.081, -476.227
5.76023, -367.656, -283.596
5.80464, 585.586, 539.047
2.58037, -473.992, -418.549
4.30596, -499.695, -453.789
3.72747, 429.19, 136.775
6.93086, -589.972, -560.926
5.23701, 700.527, 507.319
6.57209, -38.4611, -365.663
5.24453, -2.89966, 484.144
4.16156, 352.863, -12.9405
4.40213, 65.2672, -482.488
2.52389, 426.825, 458.7
6.95226, -198.231, -329.525
6.16955, -343.494, 487.792
6.04239, -20.4315, 464.245
5.1278, -89.1006, 160.633
6.41065, 21.5953, -385.142
3.42484, -291.41, -341.268
5.72673, 249.716, 75.9485
3.42178, -406.128, -162.126
3.31214, 309.838, -448.619
2.65594, -264.055, 606.952
7.42716, -54.6159, -464.21
4.04559, -116.586, -326.749
4.11075, -410.752, -181.891
5.51155, 284.626, 146.623
2.89107, -354.807, -500.514
3.93936, 70.1169, -29.5296
5.79307, -165.383, -344.095
7.36348, -470.402, -497.974
7.27758, -424.136, -390.601
7.42745, -399.081, -140.764
7.30478, -473.495, -418.569
3.0073, -413.757, 427.284
3.71505, -184.907, -247.515
6.91151, -82.8401, -229.273
5.28805, 256.438, 56.5099
6.7669, 534.749, 425.248
7.49145, -396.961, 513.514
3.99751, 219.923, -513.646
6.33157, 519.04, 357.465
4.81901, 252.481, 167.869
6.8168, -476.993, -294.447
6.99018, 376.341, 79.2278
7.377, 137.169, -331.582
2.77405, 265.835, 187.014
6.32605, 591.838, -609.11
5.09219, -561.645, 458.447
3.46574, 398.701, -11.3244
6.98252, 273.206, -367.506
6.38492, -530.188, 222.49
2.75968, 33.7952, 351.233
7.47331, -542.086, 424.931
5.93659, -224.377, -367.807
5.94854, 495.386, 355.42
6.57666, -338.571, 426.468
7.05426, -249.67, -348.616
3.34218, 10.1389, -73.1131
5.24183, -419.064, 482.725
6.53351, -402.94, -160.3
4.17803, 235.908, -408.645
5.53435, -169.785, -203.949
6.59602, -543.407, 159.922
7.3485, 16.5787, -212.299
6.29349, 344.21, 195.236
3.72113, -134.637, -167.92
5.80589, -610.648, 201.312
4.21574, -743.785, -488.356
7.27146, 165.889, -267.876
2.60828, 353.327, 636.124
4.54979, -653.36, 632.824
2.55789, 608.113, -561.095
3.04964, 395.323, 147.232
5.28259, -478.89, 161.078
4.45466, -33.2988, -253.398
7.20539, -101.641, -131.565
2.55572, 361.08, 199.71
6.22897, -186.018, -230.735
3.84293, 252.375, 150.207
4.27153, -255.16, -349.148
3.45835, -437.566, 624.131
5.14832, 227.712, 57.9789
4.39478, 81.9009, -384.515
3.16407, 33.8178, -391.79
4.26563, -243.91, -352.544
4.2497, 661.482, 586.746
7.41084, 255.51, -19.8588
5.25961, 10.5414, -87.2777
4.99918, 39.8112, -476.041
3.58531, -532.43, 229.061
4.37311, 141.512, -308.736
6.78251, -746.147, -491.175
6.45578, 655.562, -364.348
3.9204, -400.204, 435.804
5.07645, 262.196, 4.5872
6.79238, -80.6958, -181.731
7.07844, -300.965, -283.429
7.48941, 64.5946, 429.785
6.53177, 70.5725, -174.376
5.22718, -366.265, -185.124
7.3461, -87.8409, -489.816
5.31931, -568.704, 178.167
4.03031, -379.021, 542.236
5.41853, 561.189, 516.436
2.91197, 226.435, -217.972
5.47382, 249.092, 82.3614
3.31968, -648.417, -576.079
6.46527, -548.435, -450.77
2.95373, 657.396, 259.259
6.3072, -514.255, -326.134
6.83996, -90.2404, -149.55
6.40105, 117.065, -91.3564
6.61399, 620.036, 551.967
6.70974, 268.843, 95.261
4.48328, 136.012, -101.343
6.508, -80.0866, 59.1154
6.56811, 247.169, 154.613
5.43493, -318.311, -118.303
4.64621, 363.811, -30.9893
2.5002, -61.2908, -268.276
5.31153, -548.776, 196.812
6.22632, 232.777, 139.478
3.89846, 454.74, 109.845
2.93406, -452.391, 356.271
3.5733, 545.943, -532.885
3.93296, -380.029, 401.507
4.86595, -279.973, 371.328
6.95893, 541.48, 637.677
5.91955, 323.877, -351.047
3.54376, 288.727, -300.562
6.67533, 479.948, -105.427
7.09218, 599.602, 520.32
4.48244, -564.481, -377.59
6.37858, 313.041, 317.541
5.68161, -127.512, -165.202
6.64746, 150.349, 89.6025
3.40204, 309.249, -319.121
7.45927, 247.753, -403.925
6.70558, -23.8453, -414.304
4.65177, 415.725, 246.019
4.38589, 375.923, 603.911
2.70802, 391.725, -325.777
6.80715, -438.378, -401.599
6.62116, 558.608, -517.76
6.25052, 45.9652, 502.444
3.55801, -183.243, 515.852
4.31029, -345.81, -169.797
4.43545, -511.136, -370.417
7.32918, 515.957, 424.242
6.5872, -9.67085, 476.336
4.5755, 105.311, 351.611
5.83759, 219.311, 137.084
2.52101, 461.896, 497.754
6.98048, -519.937, 211.768
3.68416, -113.819, 147.478
3.79415, 212.385, 76.1187
5.4939, 256.316, -418.503
6.89823, -343.83, 55.7929
6.16299, -465.03, -539.666
6.0773, 510.876, 443.011
3.57724, -404.873, 569.638
6.30413, 661.574, -530.947
3.85351, 67.1105, -117.666
2.75246, 292.802, 3.84925
4.78866, 270.072, 113.528
2.58759, 291.675, -456.953
3.01129, -88.9902, 163.252
2.639, -140.929, 117.08
5.65921, -226.491, -351.359
6.34425, 30.3523, -164.025
2.74132, 200.662, -391.364
6.6924, -47.7965, -366.899
6.76899, -241.538, -187.969
6.57649, -449.15, 544.321
6.85188, 529.903, 416.97
5.27222, -400.952, -151.978
6.12646, -167.931, -229.27
3.20424, 33.6878, 390.869
6.6115, 296.564, -339.778
5.51185, 218.118, 53.475
4.93856, 251.143, -371.798
6.14942, -185.606, 419.139
4.05164, 547.983, -570.115
3.93925, -423.968, 180.806
5.45857, -546.792, 496.426
5.34055, 419.441, 559.347
5.41059, -490.433, -416.888
2.84132, -573.782, 308.359
4.34304, 113.721, -25.3378
6.28475, -474.414, -447.979
6.35297, -569.083, -353.775
4.27217, -377.243, -179.414
5.98913, -4.34349, 445.352
5.08005, -415.901, -163.571
5.94494, 193.397, 122.957
6.18066, 60.1283, 562.857
2.56231, -150.932, -320.775
7.16549, 322.864, 8.12191
5.37826, 259.21, 279.071
3.05587, 682.285, 774.538
4.87388, -143.018, -212.199
3.24247, 240.982, 152.502
4.22594, 224.107, 322.948
7.04476, -512.635, 204.864
4.54571, 100.444, 490.438
5.96642, -428.974, -130.038
3.35865, 279.486, -311.737
6.21715, 578.401, -438.544
4.16319, -483.19, 458.526
4.62157, 265.257, 96.1445
2.79523, -59.1682, -182.91
5.09005, 270.189, 140.781
5.94425, 167.557, -452.959
5.01149, -80.1256, -147.544
6.56617, 51.7599, -370.08
3.07974, -63.069, -386.168
5.24841, 227.833, 186.97
5.06046, 352.278, 127.252
6.02649, 500.887, 461.939
5.65083, -151.434, 422.936
4.0207, -21.5132, -379.14
6.74719, 293.237, 50.7031
3.39619, 432.725, 29.2886
2.61737, -353.898, 48.1107
4.19467, 338.854, 58.8192
3.43818, 199.469, 49.4304
6.60467, -76.4534, 37.4777
6.72507, -286.1, -183.388
6.78031, 634.536, -566.739
7.37454, -541.034, 502.774
2.99587, 307.722, -376.7
2.56182, 636.205, 519.241
2.58614, 188.431, 211.112
2.64527, 281.822, 19.4577
4.1031, 53.5037, -36.5152
6.17815, 227.018, 145.144
3.14876, 238.967, 142.744
2.5161, -335.26, 289.887
6.91905, 18.6998, -392.833
3.70482, 250.521, -397.416
4.38481, -585.093, 519.106
4.44879, 387.115, -12.0513
2.81534, 317.576, 140.29
7.30792, 173.227, 377.601
3.75349, 499.054, -238.17
6.85376, -424.07, -126.86
2.85991, -629.004, 397.859
2.70653, -410.803, 683.43
3.46378, 268.28, -425.839
3.86708, -204.62, 278.431
7.4007, -444.062, -357.519
3.60607, 247.178, -397.987
6.43119, -494.898, 425.705
4.42306, 158.988, -186.174
3.78593, 390.912, -499.905
3.91087, -529.773, 207.597
7.33834, 428.428, -85.9731
4.22841, 137.755, 52.0359
3.45922, -389.681, 573.005
5.05037, -443.026, -89.1758
5.21857, -304.476, 613.7
5.72333, -375.445, -521.277
3.89738, -163.115, 613.739
3.41887, -77.2018, -270.512
2.71579, -447.352, 127.773
3.98408, -405.602, -189.752
4.25548, -107.329, 25.8355
7.09372, -369.135, 505.684
5.81225, 330.402, -181.094
5.08041, 542.061, 455.273
4.03763, 354.139, 233.278
3.0007, -94.0942, 16.3182
3.47502, 235.565, -459.351
4.11407, 30.6142, -109.401
5.56182, 362.474, 65.6435
5.13511, 590.777, -420.224
3.45653, 132.652, -33.5196
4.7178, -435.591, -550.056
4.48693, -408.313, 557.715
6.28051, -394.897, 427.662
6.6213, 558.927, 376.696
5.51573, 100.376, -42.9446
3.04573, 235.782, -338.835
4.11797, 297.494, -40.0739
5.03403, 318.899, 146.458
4.76521, -295.43, 453.804
4.77315, -132.39, -350.517
4.91125, 567.064, 592.776
5.07896, 234.75, -375.913
4.50207, 87.0612, 435.743
4.22945, 551.422, 418.742
6.64533, 426.803, -115.677
3.02204, -606.217, -196.818
6.40057, 324.131, 322.153
3.19919, -217.253, -293.854
2.62171, -536.127, -514.029
6.0664, 260.477, -412.037
7.15538, -11.3429, -383.217
7.47667, 262.83, 138.894
3.86264, -546.192, 208.062
3.6923, -416.751, -174.509
3.87328, 366.762, 622.643
5.70836, -477.102, -418.313
5.17637, 224.49, 37.0054
6.8967, 512.553, -293.923
6.75968, -471.974, -376.364
2.98004, 355.799, 42.3391
4.66818, -519.538, 187.835
3.17045, 67.521, -387.577
5.86802, -164.668, 98.771
5.34964, -197.176, -323.641
3.66474, -270.025, 734.343
5.50306, 232, -435.964
2.6551, -376.958, -281.479
7.08512, 320.744, -232.707
3.82958, 479.311, 38.8436
6.50016, -179.997, -336.839
5.46389, -52.579, -350.913
5.0822, 241.594, 27.9251
5.2567, 251.227, 46.6445
3.47225, 259.835, 186.412
5.36152, -89.4001, -396.317
3.81992, 294.18, 227.151
4.41648, -553.609, 551.061
2.73626, -486.279, -341.746
4.22823, 377.374, -493.721
3.61594, 402.73, -322.03
3.81264, -181.162, -354.124
3.05141, -179.94, -312.982
7.40088, -400.917, -168.67
5.93794, 534.123, 404.781
5.82158, -441.632, -91.2894
5.99501, -502.308, -368.544
2.68746, -386.317, -462.124
3.6706, -385.08, -245.17
3.95397, 526.609, 402.552
3.50543, 50.1156, -190.429
2.7177, 290.289, 141.756
2.56571, -394.661, 397.21
6.07297, -442.969, 497.247
6.88348, -466.302, -417.515
5.35088, -515.624, 134.998
6.92743, 720.508, 714.977
5.20042, -350.409, -159.757
3.31357, 590.475, -501.089
3.30492, 533.994, 472.683
7.19182, 225.311, 38.1563
3.45628, 251.244, -406.783
3.15761, 269.202, -325.908
4.41122, -35.2592, -146.069
6.12674, 270.107, 112.02
2.50651, 553.218, 640.098
4.60222, -236.076, 429.472
5.18984, 286.727, 147.405
4.86596, -144.507, 212.944
6.33003, 541.061, 417.667
2.9396, 313.991, -358.73
7.04284, 307.594, 129.788
3.20818, -463.071, -682.532
2.54782, 230.725, 47.9238
2.82267, 331.292, 254.119
4.96742, 235.575, 147.38
5.40914, 485.616, 503.346
4.03373, -493.952, 424.407
4.57091, 363.443, -23.3733
4.33401, -507.095, -378.898
3.42687, 72.5568, 482.495
2.76788, 184.701, 3.50758
4.47222, 292.177, 9.446
3.98388, -75.4715, -62.2378
5.05388, -499.593, 429.867
3.75392, -538.644, 171.781
5.01589, 560.637, 614.3
2.51168, -9.07986, 475.475
7.01807, 566.823, -446.126
2.79181, -543.244, -658.154
5.17506, -388.242, 433.453
3.95754, -482.511, 430.027
7.3023, -363.453, -148.559
4.73406, 225.022, 106.211
5.08479, 438.408, 147.113
5.93861, -32.9442, -138.082
2.72187, -156.386, -51.5789
7.2946, -599.349, 546.19
5.70852, 248.407, 16.4952
2.80215, 278.988, -440.696
3.33964, 349.154, 146.525
5.76491, 303.291, -32.2205
6.19864, -605.365, -5.48518
3.57011, 530.476, 263.911
4.31441, 200.423, -214.756
6.56981, -428.122, 471.616
5.32057, 482.892, -274.418
7.45886, -4.02616, -409.27
6.5669, -541.484, 204.756
3.49157, -485.655, 59.5608
2.50003, 91.5018, -378.493
4.62608, 632.014, -582.419
4.07406, 493.071, 133.324
5.56218, 491.293, -515.475
3.83351, -158.796, -297.134
4.39881, -404.938, -271.805
5.43397, 456.871, 120.338
5.95636, -288.199, -359.657
7.26736, -129.536, -308.472
4.89785, -285.779, -408.457
3.60319, 46.5038, -398.922
5.33741, -490.39, -528.476
6.09873, 286.211, 52.3562
4.4953, -363.248, 512.708
3.48326, -428.331, 475.417
6.66971, -522.536, -355.597
5.59561, -562.9, -337.764
7.26866, -104.133, 23.5873
3.23222, 2.07641, -55.7572
5.38953, -117.24, -330.232
7.26796, -387.656, 481.328
3.62331, 711.173, -606.177
7.25137, -344.323, 491.972
3.07874, 487.201, -165.88
2.58372, 218.767, -92.7869
3.90465, -149.556, -250.562
7.15042, 363.943, 17.904
3.04796, 559.184, 612.419
6.77266, 71.7646, 311.701
5.68532, -534.333, -367.536
5.63853, 255.621, -418.745
3.80589, 573.81, 373.55
5.13936, -462.187, 150.962
7.16608, -163.953, 439.385
3.98055, 296.771, 56.6159
4.78006, 267.12, 177.257
6.35659, -386.67, -641.75
4.17193, 217.63, 154.648
6.31775, 27.066, -431.02
6.65892, 75.5279, 432.649
2.64618, -557.818, 546.068
4.31315, 478.361, -106.159
4.16221, 259.64, 78.476
3.17675, -262.02, -72.6039
3.00839, -201.748, 613.673
5.11327, -355.997, 401.848
3.52046, -110.625, -291.536
5.00728, -468.349, -428.016
5.1371, 85.1947, 424.997
4.13422, 138.758, -260.983
4.75888, 155.228, -266.212
6.85263, 57.5649, 398.629
4.72884, 533.728, 410.847
6.03726, -524.171, -353.681
6.83171, 628.719, -562.291
6.5822, 441.379, 152.631
2.67504, 779.553, 532.061
3.8644, -427.379, -121.014
5.21858, -133.425, -333.457
3.19942, -381.514, -303.947
5.57408, -489.959, -335.192
3.29182, -418.297, -614.142
4.41129, 372.348, 119.035
5.94997, -41.2881, 42.0992
3.21128, -429.02, 578.247
5.65284, -561.755, 494.471
3.15973, 74.5196, 419.799
7.13583, -516.638, 209.577
5.53465, -539.696, 444.212
5.50388, -565.327, 221.167
3.33635, 321.055, -358.164
3.301, -461.061, -686.975
5.91628, 322.779, 1.97778
5.1456, -404.097, -113.096
3.65264, -2.80031, 494.627
6.55373, -406.162, -266.356
5.76477, -229.095, -337.795
4.08597, -493.447, -374.654
2.53953, -194.925, -317.565
3.49176, 350.322, 464.666
3.78831, 291.306, 237.925
3.03825, 455.488, -103.618
3.49545, 123.553, -73.0359
6.75079, 769.637, -423.428
6.63912, -462.105, 161.964
6.76813, -485.757, -378.243
5.71027, 8.33225, 535.533
3.6787, 678.678, -493.293
6.80638, -514.264, -317.241
5.4745, -185.689, -5.75965
2.52745, 402.358, 59.6943
6.84925, -464.657, -382.65
7.37729, 270.999, 142.422
5.59653, 221.767, 81.4645
3.85574, -553.528, 168.43
7.46973, -123.08, -318.424
4.60751, -442.35, -574.825
4.20537, -566.992, -355.936
4.80717, 260.408, 92.9005
4.44822, 169.452, -185.881
4.613, 191.1, 543.149
2.84879, 363.741, 170.092
5.5153, 21.9469, -174.329
7.36114, -32.3042, 31.5482
5.07406, -504.926, -436.461
7.45461, 395.338, -37.8879
5.84906, 297.9, 29.5676
4.01716, -405.142, -263.012
3.47371, 517.02, 438.158
4.0109, -540.818, -376.595
4.93946, -325.641, 283.578
4.72438, 493.308, 502.443
5.7844, 351.453, -419.045
3.74227, -499.485, -453.725
4.72007, 171.413, 390.338
5.75894, -390.448, -195.714
6.67472, -513.212, 204.778
6.03698, 82.6576, 425.783
4.93928, -198.298, -403.977
6.72039, 203.878, 116.199
7.00296, -421.711, -187.121
6.33082, -463.076, -426.453
5.29453, 400.777, 514.753
2.70603, 188.277, 52.4223
5.46749, 410.045, -56.0461
2.68674, -377.487, 406.449
4.53488, 239.758, 169.021
2.84243, -524.017, -486.007
7.38558, -489.166, -343.496
2.5956, -477.076, -233.413
6.60363, -256.173, -128.015
5.2195, -508.418, 519.387
5.72828, 562.064, -222.228
3.62934, -62.2814, -142.494
2.733, 622.471, -545.068
3.63154, 265.654, -435.225
4.58371, -581.499, 244.121
6.40126, 284.285, -400.824
3.72852, -546.876, 154.66
4.81411, 376.947, 35.3891
6.14756, 432.233, 57.7235
5.35237, -410.02, 468.863
5.45997, 549.575, 604.029
4.98425, -468.559, 126.499
3.951, 220.472, -0.225884
4.71107, 29.544, -165.246
2.53669, 595.38, -447.357
7.41683, 324.065, -212.181
2.52822, -512.408, -371.253
4.8676, 149.213, 411.308
5.86497, -221.902, -158.959
