6.27803, -1007.43, 516.524
3.5948, 290.996, 836.431
5.89648, 660.085, -371.617
5.09708, 34.1518, 228.118
2.76731, 1591.82, -1764.82
2.53849, 421.382, -176.647
4.58743, 2257.59, 1285.01
7.15218, 126.674, 9.1347
2.95982, -175.429, 530.53
6.00595, 655.969, 559.922
3.81226, 425.523, 176.15
4.14117, 65.9953, -10.734
7.45519, -471.572, -588.462
7.41275, -9.61083, -36.8333
5.75759, 285.869, 499.859
6.92354, 173.81, -224.12
6.33247, 51.8778, 45.8253
3.87453, -864.889, 97.3961
4.93259, 54.9365, 13.1623
2.80282, -1905.01, 234.773
5.08146, 141.209, 235.318
4.96988, -1464.5, 465.293
7.23882, -239.352, -256.364
4.42071, -66.505, -26.1577
5.14874, -1153.49, 454.546
2.75042, -293.573, 1450
6.63909, 346.57, 505.868
5.94228, -551.927, -144.144
6.18112, 92.2358, 203.121
6.94286, -1204.51, -1277.95
4.25508, -61.378, 114.432
6.72991, 113.593, 257.436
3.84659, -11.7554, 232.724
4.83959, 717.355, 16.2443
3.2686, 18.9855, -306.319
2.66527, -203.878, 61.0376
7.2768, -765.794, -757.434
6.95369, 387.858, 354.487
3.29884, -903.78, -3.92193
3.15214, -707.336, -310.73
2.515, 857.845, -116.903
6.0491, -167.534, -192.206
3.40448, 871.66, -122.451
5.76029, -10.3746, -156.99
4.42907, 12.1899, -240.654
3.23766, 520.835, 787.531
5.45054, 222.617, 504.244
3.24076, 1035.39, -478.964
3.2091, -930.908, -781.461
4.94257, -318.696, -370.672
3.13015, -781.905, -96.4377
5.64635, -628.861, 30.0628
5.60817, 184.305, -84.9764
4.88216, 1091.98, -1510.73
2.64188, 531.183, 831.532
3.21011, 1350.12, -344.242
3.15594, 253.917, 293.796
3.31099, 709.562, -1032.28
3.76529, 424.13, -176.488
4.77654, -1665.83, 896.78
6.54472, -107.776, 46.3277
3.57624, 188.863, 175.847
3.75063, 184.614, 687.408
5.02978, 373.37, 537.613
6.27922, 90.7054, -187.546
5.66369, -501.375, -1190.1
5.9449, -1074.72, -694.776
7.27207, -762.75, -314.654
5.18713, 1434.5, -753.417
4.57014, 143.566, 730.568
4.70019, 333.705, 461.963
6.07821, -853.687, -994.866
6.20858, -768.555, -957.112
5.12494, -1174.29, 1056.25
6.06711, 34.1552, 0.847823
5.91025, 54.1979, -34.6227
6.82941, 863.132, -686.166
3.19597, 761.222, 459.616
3.57766, 100.841, 9.68736
5.0733, -44.4445, -332.552
4.83766, 385.03, 473.535
3.55759, 837.524, -1117.21
5.65244, 680.618, -395.451
2.5044, 853.771, -1175.48
4.09589, -93.7617, -1532.57
5.90281, 54.309, 198.949
6.0446, -71.7817, -128.452
2.90869, 83.5514, 430.69
3.56926, 225.592, 109.354
4.44412, -15.7656, -195.828
4.44927, -1465.36, -577.672
3.92018, 237.03, -49.4484
4.6123, 185.021, 166.428
2.55658, 651.272, 1.46542
3.72027, -1474.68, 782.066
4.49072, -378.541, -1322.41
6.64177, -101.059, 223.125
3.78584, -556.281, 499.995
3.59705, -642.939, -397.307
6.47385, 399.958, 332.056
5.8476, -564.818, -260.371
5.49108, -213.59, -424.861
5.99917, 1112.58, 529.58
5.13062, 37.6292, 142.987
4.14833, 143.875, -75.057
3.30844, 1314.86, 197.087
6.56633, -161.12, -116.055
4.08004, 699.926, 339.81
4.05369, 136.993, -224.029
4.65424, -86.2089, 162.781
4.46509, 529.849, 37.8586
4.43916, 342.346, -393.28
4.34871, 148.764, -15.4405
5.88118, -470.021, -532.385
6.10384, 709.136, -43.9544
7.20082, -972.078, 75.8431
5.08573, 86.3545, -4.4621
5.5282, 645.957, 560.778
5.85049, 713.739, -1036.4
5.11404, -389.386, 32.6322
3.87105, 128.56, 231.823
7.08924, 367.192, 414.277
3.73367, 125.69, 17.344
4.77876, -392.536, 481.442
3.30374, -78.758, -247.447
4.68319, -125.093, -344.421
7.45767, 304.382, -322.207
6.26931, 967.855, -1197.86
4.97846, 92.0924, -50.7087
7.01651, 6.95288, -8.15662
4.68213, 377.505, 212.289
5.09239, 917.282, -687.657
4.44866, -821.301, -986.223
5.63431, 104.555, 100.074
5.19331, 197.172, 28.4017
4.35955, 335.654, -274.359
2.54674, 82.6061, -84.6608
6.3794, -131.451, -173.267
2.85317, -150.356, -105.779
3.98511, 151.375, -151.124
4.78581, 70.9561, -53.9164
3.25156, 222.746, 102.271
5.97819, 333.148, 424.203
4.15587, 401.451, -156.995
5.21197, -964.775, 1634.01
2.64678, -1238, -326.776
5.38086, -231.776, -593.759
5.18133, 257.452, -126.462
7.36678, -603.859, 559.282
5.57063, -2.82128, 67.7508
5.26431, 868.2, -1174.41
6.69051, 0.864128, 431.011
3.75764, 101.695, 573.85
6.98957, -16.8569, -98.4127
5.97428, 486.909, -201.618
5.82752, 243.235, 1035.52
3.06838, 239.526, 354.752
3.37987, 367.426, -198.705
2.91253, 11.92, 284.421
6.68103, -238.92, 659.1
2.64818, -418.528, 390.646
6.34719, -39.5817, -97.2044
4.29829, 218.713, -1241.66
6.24626, 852.842, -269.479
6.28385, 33.0428, 162.849
3.60834, 1063.55, -44.3249
5.58305, 68.2796, -17.5514
3.66846, -4.17959, -46.3158
6.22052, 127.177, -1177.64
5.80997, 286.225, 523.269
4.9209, -879.37, 1685.09
2.58972, -610.284, 162.454
4.98291, 61.5337, 488.021
5.09587, -134.124, -6.0465
4.71395, 661.802, 1104.48
4.14528, -982.152, 121.726
3.52671, 196.272, -389.171
7.19863, -261.311, 806.776
2.85168, 882.344, 848.181
3.30042, -149.078, -419.031
6.70788, 6.61703, 146.334
4.13614, 307.443, 300.765
6.85942, 326.51, 558.146
5.99896, -335.414, -260.125
5.52801, -172.624, 195.226
4.77536, 425.249, 622.911
2.91543, 1064.36, 41.3274
3.94883, -1030.52, -782.543
6.51009, -384.274, -104.963
6.81821, 523.648, 596.651
3.81831, -1527.2, 157.09
4.79881, 148.678, -156.5
4.95672, -55.5688, -183.76
5.82344, 615.92, -924.809
7.31738, 21.9789, -0.715901
7.23022, 112.02, 31.9526
2.81902, 249.366, -605.584
5.04829, 159.205, -29.8713
6.13222, -111.449, 16.9769
5.65882, 209.903, 9.19461
3.26658, 28.1975, -379.77
5.09652, 662.689, 1103.19
3.52281, 1752.37, -624.246
6.03231, 83.4575, -214.708
6.05786, -207.764, 1839.5
3.66304, 234.902, 238.868
6.80594, -258.077, 13.4136
2.67122, -505.251, -583.007
6.26587, 33.29, 451.134
4.14789, 232.964, 144.122
4.65309, 1531.33, -189.355
7.33455, 198.51, 363.665
4.05803, -787.5, -761.662
5.69762, -1803.9, 153.307
5.95386, -80.1229, 65.4055
5.36403, 44.3434, 144.399
6.60667, -960.976, 1625.4
4.21807, -1143.52, 659.27
5.09387, -108.761, 146.881
6.78438, 769.741, -15.1305
6.18587, 717.409, 526.56
3.45992, -38.8577, 142.129
2.83145, -92.2411, -51.6714
3.60828, -1384.54, 890.737
3.33656, -17.7752, -104.329
6.31172, 16.1272, -51.0107
5.44905, 402.666, -1018.94
4.65223, -1899.93, -292.357
7.09618, 908.951, -329.185
5.09668, -124.596, 338.977
7.38058, -477.951, 238.397
5.15714, 311.882, 301.014
2.98716, -337.518, 1053.88
5.83983, 316.015, 470.127
5.44444, -396.409, 1044.2
5.01137, -30.1463, -11.361
2.75808, 865.17, 37.0279
2.6753, 747.466, -365.875
4.41484, -99.3362, 7.23973
5.55555, -814.406, -1172.2
5.06574, -1903.91, -282.115
5.98498, 71.9724, 44.5954
4.89891, 50.4177, -324.586
3.88323, -1785.44, -22.921
6.01685, -36.6738, 1244.55
3.67701, 47.6386, 112.766
6.41501, 97.8971, -127.997
6.60589, 849.589, -394.688
3.21842, 925.583, 1102.03
5.75757, 639.929, -550.776
3.87677, -52.4838, 341.624
7.26215, 479.135, -587.553
4.58238, 53.0587, 8.11646
3.03869, 58.9414, 198.757
4.70633, 10.09, -22.8372
6.28811, 84.2933, 102.748
2.77803, 659.493, 582.74
3.51241, 78.9555, -47.5711
6.82305, -86.8129, 171.644
6.52456, 65.5878, 65.831
2.78861, 311.214, 989.035
4.40304, -115.792, 55.5704
4.56124, 280.891, 124.452
2.80071, -533.713, -107.13
7.09746, -696.493, -658.736
3.35398, 83.9616, -27.0201
6.51634, -132.908, 143.997
3.88599, 377.889, 317.738
4.44586, 224.492, -139.563
7.19936, -958.622, -107.538
6.24573, 14.9987, 1206.47
3.44774, 853.941, -1179.19
6.89581, 120.02, -28.2404
6.8953, 198.228, -8.55561
3.30515, 17.8865, -283.165
5.87346, -137.46, 166.189
6.89096, 15.4588, -175.833
6.98262, -493.143, 1254.54
3.06535, 89.7945, 78.2961
5.93789, 342.355, 583.161
3.21651, -174.454, -350.985
3.6901, 534.87, -211.36
5.64383, 857.511, -682.868
4.312, 446.605, 326.753
4.64437, -824.188, -726.89
4.91936, 631.459, -618.128
6.20379, -222.638, -476.867
3.23098, 679.127, -420.867
7.36238, -292.473, -123.632
7.3158, 100.618, -61.3325
3.14741, 726.285, -592.941
5.3784, -408.234, -333.102
4.66439, -342.779, -55.4406
5.50066, -18.6097, -65.9273
5.85098, -215.701, -10.4325
4.5137, -1206.72, -419.526
6.46691, -886.308, -699.186
4.89889, -1063.56, 846.894
5.72449, -673.908, 391.996
4.28836, 1622.17, -345.986
5.96794, -103.028, 588.44
5.83428, 221.714, 325.53
3.22071, 708.113, -410.645
7.10415, -93.5631, -25.9979
4.22228, 596.386, 1389.19
6.66824, -136.949, -198.528
2.74349, 543.865, -142.704
3.27936, 447.931, -368.669
2.55765, 597.339, -276.453
3.94327, -62.5022, -45.5155
5.07295, 172.912, -234.977
3.65948, 186.832, -1366.85
2.75022, 197.742, -219.234
5.33091, -31.8059, -30.7722
6.69774, 109.773, 216.784
4.28763, 474.825, 619.581
4.3452, 414.469, 389.755
7.22226, 452.749, 208.879
4.72425, -807.156, 415.257
6.82086, 12.2418, 160.04
5.82654, 314.117, -508.74
5.79297, -596.784, -276.257
7.10736, 1066.94, -774.08
5.11536, -1165.05, 1052.92
5.45229, -606.346, -372.189
5.79944, -238.288, -1174.13
4.24765, -889.141, 433.175
4.11714, 523.007, -115.271
7.08984, 408.309, 374.697
3.08619, -1378.18, 533.154
7.31268, 99.4031, -189.294
5.17978, 223.533, -60.1538
5.81447, -512.258, -146.987
5.48362, -1503.91, 644.052
6.93363, -337.708, 109.764
6.67999, -99.6527, -227.148
6.69339, 329.976, 486.705
6.85642, 115.99, -254.695
2.5002, 285.71, 926.49
4.77274, 93.8849, 432.257
4.25696, 1073.84, -117.495
5.80713, 1341.67, -1245.5
6.22234, 114.576, -116.714
3.3821, -447.03, -1416.28
7.4621, -622.817, 866.454
5.95466, 380.756, -290.897
6.97862, 217.581, 72.5998
3.51579, -392.931, -260.513
7.2356, 50.4276, 702.008
4.88476, -1464.02, 666.104
6.78578, -1380.57, 889.045
6.41237, -230.595, -525.648
5.70687, -1157.4, 1069.2
3.14521, -274.666, 620.986
5.77944, 172.985, -585.815
3.09199, -66.8219, 74.5804
3.88793, 1142.56, 92.0053
6.65548, 298.539, 1168.4
6.14153, 1267.31, 1592.02
6.74348, 1333.75, -994.306
3.43989, -160.486, -689.125
6.09602, -60.6777, -369.02
4.25586, -325.937, 594.414
3.34555, 536.599, 792.025
4.52383, -1323.62, 225.006
4.20924, 232.064, 137.899
6.67141, 20.6839, 113.306
3.9111, -1009.51, -1635.6
5.16766, 806.479, 605.849
6.25085, -282.789, 277.866
4.62554, -29.3165, 33.401
4.66964, 1061.68, -89.1061
3.03022, -1335.08, -516.32
6.4639, -298.573, -396.695
3.91232, -92.732, -74.7226
7.14264, 1250.76, 1500.45
5.37926, 358.417, 420.497
3.4895, 195.272, -618.506
5.99081, 182.776, 275.196
3.07265, -401.273, -535.53
4.22945, 552.576, 677.318
4.15646, -43.3122, -447.933
6.42735, -1439.23, 700.544
6.65775, 379.86, 344.636
4.21712, 879.929, -482.779
4.2603, 293.164, 251.277
6.38197, -109.972, -0.916704
6.58658, -465.287, -294.126
4.26157, -66.1028, 29.3763
7.09559, -110.052, -32.8522
3.2877, 679.789, 551.129
5.56029, 637.161, -563.514
5.54222, -17.5451, 6.08198
3.16647, 929.063, 1189.6
3.51409, 1097.71, 1605.11
4.79457, -269.724, 75.53
3.48759, -602.539, 480.586
6.77118, 16.3583, -37.7814
6.54562, -510.426, -359.751
2.80131, 716.529, -880.962
6.50584, 566.188, -1549.4
5.49597, -2.40488, 164.41
7.43182, -122.659, 59.5435
2.65919, -813.482, 74.7297
6.8356, -1017.99, 1247.22
3.69109, 38.0072, 569.648
3.6127, 74.3903, -636.927
4.73907, 1875.48, 870.194
2.61231, 478.959, -200.089
6.79755, -119.063, -44.736
4.15902, 393.731, -1785.92
5.72195, -453.528, -254.235
7.43521, 547.422, -92.9047
5.30162, 295.503, -378.442
4.74553, 25.77, -78.7107
5.213, -5.89064, 87.3762
2.90797, 249.69, 7.22735
3.99606, 1053.14, 943.169
6.63964, -1364.54, -320.83
6.48936, -1097.16, 307.4
5.71048, -42.7446, -71.8722
4.84105, -122.333, -133.796
7.15326, 388.103, 1071.61
5.08798, -455.068, -216.142
7.42924, -1372.11, 899.221
5.94567, -52.8469, 275.911
6.19966, 56.4565, 44.4702
3.46323, 854.691, 529.583
6.08881, 1127.19, -808.37
6.11146, 297.467, 597.239
6.49298, -194.305, -8.28451
4.23216, -1466.91, 213.326
5.1481, 218.394, 527.749
3.19001, 336.578, -709.484
6.73218, 19.6447, -75.9606
6.32766, 207.251, -80.6751
7.5, -1504.83, 643.138
4.24891, -1999.93, -788.367
5.50367, 974.55, -22.2199
3.50808, -38.1572, 1382.18
6.2385, -1154.64, 193.284
6.49225, 254.349, 448.386
3.03505, -301, 442.62
5.35813, -64.6422, -21.7814
2.84683, -1737.24, 631.482
4.16036, -75.7414, -120.623
5.80945, -15.0871, 217.221
5.27726, 292.866, 1311.75
7.12415, 128.656, -55.0997
2.69832, 234.582, 798.033
2.62083, 788.215, 779.768
4.61923, 200.35, 229.763
4.36987, 130.157, 342.426
2.93303, 986.001, 796.79
3.05403, 71.4348, -86.6907
5.31992, -1313.85, 148.243
7.37269, -99.6794, 117.083
3.05066, 35.3351, -1390.09
5.99352, -1073.41, -1249.89
2.79674, 335.512, 981.326
4.69755, -70.2821, -87.0542
5.24651, -627.477, -520.958
3.45129, 20.2711, -43.3487
7.36597, 162.995, -166.408
3.19593, 47.5312, -478.078
5.48978, -1111.56, 298.057
7.12812, 222.058, -830.923
3.91116, 177.704, 414.655
6.8307, 84.1826, -86.558
6.29598, 633.965, -713.133
6.10793, 159.615, -258.446
3.34241, 379.477, 581.041
3.32882, -276.26, -844.085
3.39076, -3.73225, -154.81
5.87226, 106.876, -60.2807
4.83484, -231.913, 25.2444
6.85219, -62.5017, -21.2339
5.76023, -192.268, -336.684
5.80464, -506.877, -148.89
2.58037, 46.5496, 199.187
4.30596, 1680.71, 1058.7
3.72747, 22.5412, -232.616
6.93086, 705.435, 775.745
5.23701, -2070.09, 19.686
6.57209, -28.1528, -224.193
5.24453, -518.673, -615.163
4.16156, 181.92, 221.806
4.40213, -671.14, -1111.69
2.52389, -586.358, -22.5667
6.95226, 267.578, 63.0866
6.16955, 492.359, -57.9477
6.04239, 366.562, 323.504
5.1278, 882.76, -840.627
6.41065, -158.173, 17.1636
3.42484, -131.944, -41.2299
5.72673, -62.8885, 70.1922
3.42178, -174.054, -110.653
3.31214, -925.637, 284.042
2.65594, 830.375, 156.839
7.42716, -35.2383, 132.568
4.04559, 5.20289, -7.5254
4.11075, -30.3768, 137.051
5.51155, -31.7418, 12.6209
2.89107, 1462.8, -10.2327
3.93936, -95.6089, 217.027
5.79307, 698.319, -562.018
7.36348, -10.7258, -47.9289
7.27758, 1148.14, 384.06
7.42745, -371.702, -111.757
7.30478, -219.532, 65.9093
3.0073, -87.2442, -134.748
3.71505, -179.612, 92.3127
6.91151, 79.5608, 36.5918
5.28805, 338.135, 409.678
6.7669, 130.146, 116.841
7.49145, 784.285, -340.727
3.99751, -1220.5, 901.406
6.33157, -2235.48, -827.134
4.81901, -751.561, 59.6581
6.8168, 112.166, -75.9407
6.99018, 231.425, 9.13556
7.377, 10.7819, 110.466
2.77405, 98.2801, -41.2195
6.32605, -92.4673, 220.847
5.09219, 815.128, -1011.88
3.46574, -17.9906, 512.176
6.98252, 146.928, -70.547
6.38492, -324.883, 282.727
2.75968, 270.987, -147.152
7.47331, 663.815, -1021.34
5.93659, 176.032, 106.901
5.94854, -507.86, -157.749
6.57666, 1077.63, -566.689
7.05426, -146.987, -29.6234
3.34218, 591.735, 1620.76
5.24183, 1097.5, -737.847
6.53351, -114.673, -79.5942
4.17803, 214.111, 274.497
5.53435, 177.655, -558.79
6.59602, 475.562, -986.494
7.3485, -1.09058, -70.0884
6.29349, 5.99168, -256.439
3.72113, 166.645, -380.518
5.80589, 8.88792, -43.7293
4.21574, 560.987, 196.671
7.27146, 89.9162, 50.7204
2.60828, 604.098, -1209.98
4.54979, 696.556, -346.949
2.55789, -458.708, 1154.67
3.04964, 96.761, -155.42
5.28259, 596.921, -857.701
4.45466, 53.5316, -25.8554
7.20539, -38.7241, -139.058
2.55572, -577.311, 91.7948
6.22897, 85.067, 559.08
3.84293, 282.769, 32.1752
4.27153, -220.281, 51.9557
3.45835, 1615.77, -1726.68
5.14832, -157.33, 36.0915
4.39478, -315.749, -1470.2
3.16407, -11.9097, -190.346
4.26563, 173.517, 27.4578
4.2497, -1622.14, 726.998
7.41084, -1066.77, -693.551
5.25961, 235.652, 366.108
4.99918, -1036.1, -284.874
3.58531, 643.516, -939.367
4.37311, 286.801, -196.163
6.78251, 709.08, 546.188
6.45578, -830.644, 1468.59
3.9204, 1063.46, -1115.49
5.07645, 508.289, -587.624
6.79238, -80.7601, 78.9893
7.07844, 388.956, -399.704
7.48941, -804.623, -747.362
6.53177, -556.951, -480.06
5.22718, -103.556, -341.064
7.3461, 316.816, -421.43
5.31931, -289.562, 219.554
4.03031, 680.077, -599.721
5.41853, 500.023, -133.433
2.91197, 11.3631, -346.72
5.47382, 268.187, -168.466
3.31968, 803.665, 1216.49
6.46527, 165.433, 460.258
2.95373, -626.937, 436.947
6.3072, 40.2122, -60.5822
6.83996, 10.6928, 162.337
6.40105, 46.7587, 121.371
6.61399, -974.245, -431.5
6.70974, -77.4346, -71.0666
4.48328, 710.585, 371.864
6.508, -32.597, 9.29379
6.56811, 242.209, -28.2002
5.43493, 565.291, 940.546
4.64621, 12.621, -136.712
2.5002, 467.85, -622.955
5.31153, -6.24985, -267.31
6.22632, 369.25, 342.868
3.89846, 1183.92, 589.604
2.93406, -148.298, -1607.61
3.5733, -550.688, -71.5329
3.93296, -39.8472, 79.0366
4.86595, 542.979, -237.561
6.95893, -861.251, -690.367
5.91955, 210.123, -160.934
3.54376, -5.39789, 16.9647
6.67533, 122.442, 0.802928
7.09218, -549.881, -306.944
4.48244, 654.064, 141.261
6.37858, 303.842, 462.129
5.68161, -90.8616, -118.919
6.64746, 60.2525, 123.324
3.40204, -156.617, -466.747
7.45927, 20.7354, 0.826425
6.70558, 393.333, -542.279
4.65177, -451.818, 310.115
4.38589, -568.148, 195.815
2.70802, 12.7655, -175.137
6.80715, -239.961, -254.278
6.62116, -1256.69, 926.216
6.25052, 260.566, 696.94
3.55801, 270.17, 81.5936
4.31029, -116.226, -108.879
4.43545, 201, 346.427
7.32918, -1220.27, -832.31
6.5872, 100.244, 152.838
4.5755, -671.272, 21.143
5.83759, 212.546, 62.0508
2.52101, -1382.4, 1028.93
6.98048, -172.492, 88.1948
3.68416, 680.235, 515.829
3.79415, 93.4182, 20.5768
5.4939, 371.928, -91.8988
6.89823, -866.158, 124.331
6.16299, 680.724, 162.494
6.0773, -736.76, -282.042
3.57724, 1850.57, -110.069
6.30413, -1448.35, 998.635
3.85351, -25.0539, -14.5466
2.75246, -120.982, -129.483
4.78866, 243.711, -106.943
2.58759, 439.84, -60.4715
3.01129, 1489.4, -1090.21
2.639, -512.006, 194.729
5.65921, -120.774, -119.33
6.34425, -68.3276, -11.9208
2.74132, -733.702, -413.293
6.6924, -178.99, -133.51
6.76899, 29.5928, -65.6745
6.57649, 664.892, -549.825
6.85188, -127.568, -1266.73
5.27222, -15.2404, -16.5819
6.12646, 43.3, 911.329
3.20424, -1555.15, 892.219
6.6115, 115.348, -59.2265
5.51185, -812.231, -1175.39
4.93856, 142.69, -111.286
6.14942, 127.793, 252.076
4.05164, -1017.61, 515.96
3.93925, 210.655, -500.762
5.45857, 892.698, -1138.02
5.34055, -1201.72, 429.135
5.41059, 1313.53, 657.791
2.84132, 414.219, -777.905
4.34304, -763.296, 390.664
6.28475, -14.4353, -85.035
6.35297, 777.941, 1072.45
4.27217, 110.84, -72.0749
5.98913, -9.04345, 17.5491
5.08005, 983.546, 541.703
5.94494, -116.443, -99.0066
6.18066, -1003.9, -866.22
2.56231, -991.549, -822.676
7.16549, -91.6753, 38.7306
5.37826, -578.527, -289.433
3.05587, -361.041, -323.639
4.87388, 59.7977, 31.0851
3.24247, -108.907, -68.996
4.22594, -2510.28, -623.299
7.04476, -343.558, -256.533
4.54571, 1070.56, -562.119
5.96642, -135.001, 14.2354
3.35865, -3.3272, -127.685
6.21715, -1215.59, 570.87
4.16319, -23.0454, -50.8992
4.62157, -91.0129, 1.47207
2.79523, 453.217, -399.092
5.09005, 286.996, 405.744
5.94425, -83.4851, -534.874
5.01149, 43.4727, -128.153
6.56617, -95.934, -297.791
3.07974, -106.435, -154.137
5.24841, 364.18, 525
5.06046, -81.2299, -15.694
6.02649, -891.154, -695.449
5.65083, -21.2604, 43.5945
4.0207, 17.7812, -16.4555
6.74719, -30.1877, -97.0776
3.39619, 511.86, -936.379
2.61737, -171.549, -42.401
4.19467, 321.409, -276.243
3.43818, -744.186, -779.523
6.60467, 162.725, -198.537
6.72507, 8.44914, 1170.03
6.78031, -1053.05, 707.547
7.37454, 374.928, -169.684
2.99587, 228.67, -277.832
2.56182, -933.089, -900.242
2.58614, 162.772, -946.529
2.64527, 170.625, -30.6057
4.1031, -934.263, -918.429
6.17815, -983.636, 511.102
3.14876, 185.37, 262.226
2.5161, 272.238, -324.522
6.91905, 210.441, -194.466
3.70482, 192.044, -552.551
4.38481, 33.5166, 33.9248
4.44879, -85.9808, -144.535
2.81534, 923.617, 396.413
7.30792, 481.275, 242.698
3.75349, 465.63, -184.821
6.85376, -28.8905, -212.299
2.85991, 697.659, -974.068
2.70653, 463.099, -721.449
3.46378, -54.985, 114.96
3.86708, -401.335, -1045.58
7.4007, 29.8911, -0.985719
3.60607, 294.506, -1503.56
6.43119, 717.605, -1034.57
4.42306, 188.047, -25.0534
3.78593, -1091.08, 962.994
3.91087, -176.643, 362.9
7.33834, 29.6717, -336.725
4.22841, -23.7578, -210.299
3.45922, -94.3871, 129.947
5.05037, 0.307974, -69.5854
5.21857, 415.903, -1349.62
5.72333, -19.2364, 134.713
3.89738, 575.101, -554.027
3.41887, -293.468, -554.005
2.71579, 902.536, -1096.24
3.98408, -11.2328, -23.676
4.25548, 907.109, 114.538
7.09372, 601.758, -213.918
5.81225, 8.17315, 81.7893
5.08041, -829.326, -711.302
4.03763, -481.254, -90.9066
3.0007, 792.927, 762.185
3.47502, 26.3027, -345.558
4.11407, 966.17, 1215.54
5.56182, -130.395, 223.646
5.13511, -325.249, 188.677
3.45653, -398.557, 924.382
4.7178, 1751.63, 974.981
4.48693, 1887.17, -372.078
6.28051, 173.354, -53.2608
6.6213, 146.963, 127.018
5.51573, -248.177, -610.349
3.04573, -68.8324, 165.277
4.11797, 926.679, -106.351
5.03403, -30.8477, 16.635
4.76521, 443.22, 667.526
4.77315, -105.025, 23.5072
4.91125, -119.805, -27.983
5.07896, -1561.38, 295.185
4.50207, -669.691, -984.275
4.22945, -497.26, -161.396
6.64533, 171.802, -273.692
3.02204, 1100.46, -28.5924
6.40057, 229.502, 262.998
3.19919, -50.1941, 71.0281
2.62171, 1095.33, 1375.84
6.0664, 54.102, -309.666
7.15538, 119.447, 0.214282
7.47667, -89.6254, 47.1586
3.86264, -9.23267, 30.093
3.6923, -598.885, 553.475
3.87328, -106.213, -897.226
5.70836, 276.245, 342.361
5.17637, 29.1281, -36.3751
6.8967, -977.87, 1495.45
6.75968, 118.06, 312.011
2.98004, -197.917, 484.664
4.66818, -219.721, -158.245
3.17045, -116.748, -113.738
5.86802, 107.111, -10.7397
5.34964, -368.957, -117.691
3.66474, 158.98, -833.073
5.50306, 26.9118, 91.2833
2.6551, -136.513, -401.688
7.08512, -150.187, 108.022
3.82958, 632.513, 213.418
6.50016, -34.567, 41.8253
5.46389, 55.2101, 33.2028
5.0822, -16.8674, 8.39553
5.2567, 162.229, -32.7929
3.47225, 8.64433, -290.682
5.36152, -803.907, -453.095
3.81992, -269.648, 1502.47
4.41648, 652.686, -1558.48
2.73626, -228.116, -123.776
4.22823, 62.2534, -228.806
3.61594, -1088.87, 2135.72
3.81264, 90.472, 59.5212
3.05141, -91.2836, -36.9386
7.40088, 144.909, -249.761
5.93794, -744.103, -285.142
5.82158, 57.6754, -86.9739
5.99501, -48.6705, -15.1554
2.68746, -102.698, -111.639
3.6706, -86.1729, -151.231
3.95397, -1424.72, -2162.68
3.50543, -34.9199, -25.8614
2.7177, -880.534, 1011.13
2.56571, 630.902, -586.164
6.07297, 1751.49, -628.135
6.88348, -148.502, -111.387
5.35088, 557.793, -1084.32
6.92743, -690.539, -696.929
5.20042, 34.1159, -187.759
3.31357, -781.91, 497.431
3.30492, -761.112, -911.645
7.19182, -12.3968, 5.95074
3.45628, 165.377, -438.817
3.15761, -997.117, 287.383
4.41122, 304.023, -475.27
6.12674, -390.871, 1039.35
2.50651, -1901.3, -280.036
4.60222, 1291.34, -834.724
5.18984, 592.161, 125.533
4.86596, -121.543, 424.037
6.33003, 343.414, 65.5707
2.9396, 702.542, 81.7596
7.04284, 290.909, 382.644
3.20818, 422.612, -11.5123
2.54782, -76.5831, -39.2192
2.82267, -142.439, -33.4601
4.96742, 402.695, 342.574
5.40914, 26.3913, 174.669
4.03373, 1036.85, -1934.27
4.57091, -44.3177, 336.626
4.33401, -285.413, -281.128
3.42687, 38.8964, -1251.32
2.76788, -639.545, -927.384
4.47222, -97.1648, 26.872
3.98388, 591.497, 566.522
5.05388, 235.486, 280.404
3.75392, 680.282, -1267.05
5.01589, 211.417, -380.468
2.51168, 803.1, -49.8483
7.01807, -1494.45, 657.244
2.79181, 1192.88, 1074.19
5.17506, 24.9449, 992.362
3.95754, 1112.81, -493.838
7.3023, -63.1258, -171.516
4.73406, -1200.01, -667.116
5.08479, -48.8485, 10.7872
5.93861, -292.625, -515.891
2.72187, 67.2626, -92.0771
7.2946, 1203.27, -978.225
5.70852, 62.1205, 359.671
2.80215, 217.531, -210.535
3.33964, 60.0585, 189.141
5.76491, 134.203, 239.387
6.19864, 289.798, 923.698
3.57011, 338.637, -482.081
4.31441, -5.18551, -743.549
6.56981, 675.648, -396.24
5.32057, 116.305, -61.8582
7.45886, -118.634, 85.4961
6.5669, -98.38, 37.8036
3.49157, 897.976, -1329.98
2.50003, 52.138, -13.4581
4.62608, -1017.81, 1243.06
4.07406, 844.473, 364.047
5.56218, -1241.61, 180.207
3.83351, 107.032, 51.8811
4.39881, -255.718, -423.842
5.43397, -264.856, -658.098
5.95636, -183.981, 359.52
7.26736, 89.9727, 0.447394
4.89785, 162.974, -494.15
3.60319, -692.776, 402.884
5.33741, -189.839, -71.2425
6.09873, -0.75024, 73.9673
4.4953, 1057.49, -284.104
3.48326, 770.798, -420.735
6.66971, -142.727, 137.988
5.59561, 690.773, -163.649
7.26866, 94.3585, 277.206
3.23222, 614.571, 613.659
5.38953, -93.7402, 7.62251
7.26796, -20.9174, -263.369
3.62331, -1466, 794.455
7.25137, -129.503, -16.621
3.07874, 632.948, -190.342
2.58372, -26.879, -289.134
3.90465, -17.8224, -454.084
7.15042, -156.99, 244.73
3.04796, -922.76, -313.321
6.77266, 247.457, 225.829
5.68532, -104.842, -324.444
5.63853, 43.1404, -247.39
3.80589, -193.303, 617.611
5.13936, 599.099, -556.136
7.16608, 61.9117, 232.707
3.98055, 302.664, -197.383
4.78006, -319.369, -206.065
6.35659, -85.611, 1258.8
4.17193, -540.898, -1578.23
6.31775, -28.8, -25.9527
6.65892, -883.786, 548.746
2.64618, 925.862, -750.209
4.31315, 148.761, -387.692
4.16221, -57.4871, 558.272
3.17675, -105.269, -177.775
3.00839, 378.831, -1211.98
5.11327, 491.074, 168.751
3.52046, -12.5385, -27.2374
5.00728, -201.328, -357.148
5.1371, -1352.24, 638.748
4.13422, -206.866, 35.5389
4.75888, 175.971, -274.442
6.85263, -222.212, -29.9649
4.72884, 100.693, -53.2091
6.03726, 114.37, -325.202
6.83171, -890.621, 271.444
6.5822, -70.0282, -34.045
2.67504, -919.735, -428.509
3.8644, -35.6904, 1008.77
5.21858, 305.214, -29.3304
3.19942, -364.217, 115.301
5.57408, 34.0425, -71.925
3.29182, 230.755, -556.048
4.41129, 478.223, -166.841
5.94997, 202.404, 216.553
3.21128, 1378.93, -117.502
5.65284, 8.52443, -60.8382
3.15973, -818.084, -936.311
7.13583, -167.557, -69.8722
5.53465, 1361.25, -2109.68
5.50388, 701.492, -465.591
3.33635, -22.868, -127.551
3.301, 315.513, 122.763
5.91628, -113.524, -37.5589
5.1456, 36.6544, -329.552
3.65264, -892.201, 190.308
6.55373, -82.6173, -26.0821
5.76477, -4.20863, -190.347
4.08597, -173.108, 304.744
2.53953, -170.469, 89.1375
3.49176, -112.969, -922.41
3.78831, -349.329, 568.144
3.03825, 338.946, -277.839
3.49545, -691.8, 56.4361
6.75079, -1507.08, 801.652
6.63912, -164.179, -76.6532
6.76813, 120.684, 306.436
5.71027, -120.474, 79.5102
3.6787, -978.898, 971.072
6.80638, 41.4553, -68.7359
5.4745, -245.837, 668.689
2.52745, -881.484, -894.013
6.84925, 289.933, 519.121
7.37729, 401.081, 340.717
5.59653, -894.463, -698.255
3.85574, 345.741, -207.6
7.46973, -95.3504, -39.0338
4.60751, -532.243, 412.217
4.20537, 378.61, 585.518
4.80717, 201.984, -215.986
4.44822, -397.009, -1139.99
4.613, -1510.56, -366.159
2.84879, -62.6217, 37.8033
5.5153, 58.6915, -93.5157
7.36114, 173.027, -156.235
5.07406, -98.0737, -25.8435
7.45461, 61.113, 13.2163
5.84906, -618.242, -1687.01
4.01716, -442.735, 18.7159
3.47371, -741.875, -286.516
4.0109, -268.226, -257.318
4.93946, 55.9223, 28.1185
4.72438, -429.031, -321.032
5.7844, -35.4187, 101.328
3.74227, 1679.84, 1057.63
4.72007, -774.657, -755.715
5.75894, -41.2924, -175.445
6.67472, 395.976, -284.37
6.03698, 375.391, 212.303
4.93928, 146.784, -120.277
6.72039, 476.924, 386.192
7.00296, -118.835, 16.3676
6.33082, -156.106, 338.194
5.29453, -841.603, -317.742
2.70603, 769.138, 101.827
5.46749, 482.492, -546.353
2.68674, 254.176, -1254.79
4.53488, -64.0781, -0.363572
2.84243, 167.214, -401.338
7.38558, 173.65, -72.5601
2.5956, 1033.38, 1100.95
6.60363, -20.1671, 39.0182
5.2195, 1263.59, -793.586
5.72828, -57.114, 278.235
3.62934, -197.977, 108.705
2.733, -154.178, 709.745
3.63154, -101.365, 89.0715
4.58371, 410.324, -753.866
6.40126, -156.002, -263.342
3.72852, 473.793, -991.76
4.81411, 57.3574, -47.561
6.14756, 174.909, -544.482
5.35237, 1446.37, -277.058
5.45997, -420.825, -701.146
4.98425, -24.3526, -224.049
3.951, -11.1272, 74.9916
4.71107, -149.501, 62.9809
2.53669, -761.641, 1535.89
7.41683, 10.1766, 63.4739
2.52822, -275.371, -216.284
4.8676, 328.484, 472.191
5.86497, 1087.13, 1692.83
