6.27803, -727.193, -923.186
3.5948, -15.7721, -113.88
5.89648, 358.342, -881.682
5.09708, -272.854, 874.879
2.76731, -954.387, 679.262
2.53849, 371.285, 25.378
4.58743, -767.724, -261.821
7.15218, 181.66, 396.334
2.95982, 12.6013, 707.557
6.00595, -176.075, 313.794
3.81226, 535.505, 804.3
4.14117, 475.919, -877.535
7.45519, 444.188, 241.496
7.41275, -503.515, -240.456
5.75759, 476.231, 422.339
6.92354, 254.047, -810.407
6.33247, -176.301, -478.727
3.87453, -458.524, -69.9363
4.93259, -637.671, -291.383
2.80282, 814.106, 775.119
5.08146, 19.8407, 736.533
4.96988, 916.457, -375.802
7.23882, -775.5, -470.26
4.42071, -29.5722, -822.601
5.14874, 784.957, -489.255
2.75042, 874.601, -121.555
6.63909, 554.283, 523.421
5.94228, -868.96, -709.194
6.18112, 259.044, 722.579
6.94286, 931.868, 459.543
4.25508, -362.703, -508.159
6.72991, 185.047, 19.1588
3.84659, 605.598, -108.926
4.83959, 69.735, -200.39
3.2686, -657.351, -489.324
2.66527, 611.64, 150.165
7.2768, -12.7299, 88.5943
6.95369, 119.019, 465.853
3.29884, 632.694, 221.524
3.15214, 425.459, -554.342
2.515, -465.483, -797.933
6.0491, -863.928, -191.121
3.40448, -508.033, 833.8
5.76029, 767.156, -323.66
4.42907, 403.616, -705.927
3.23766, 8.62441, -220.632
5.45054, 596.883, 127.18
3.24076, 144.67, 867.657
3.2091, -160.858, 930.103
4.94257, -461.604, 105.283
3.13015, 815.332, -34.5354
5.64635, -325.136, -562.639
5.60817, 274.618, -700.62
4.88216, -508.399, 579.66
2.64188, -497.934, -220.237
3.21011, -107.233, 757.175
3.15594, -198.335, 842.121
3.31099, -828.46, 750.201
3.76529, -254.823, -795.695
4.77654, 516.701, -707.595
6.54472, -85.1465, -288.144
3.57624, 294.472, 803.011
3.75063, 778.526, 375.685
5.02978, -71.1047, 706.868
6.27922, 635.214, 103.692
5.66369, 818.087, -9.47263
5.9449, 586.502, -126.338
7.27207, 936.941, 470.857
5.18713, -359.185, 656.844
4.57014, -725.642, 12.7478
4.70019, 735.222, 164.571
6.07821, 710.839, 449.184
6.20858, 350.514, 567.952
5.12494, 751.234, -933.05
6.06711, -823.116, -84.5836
5.91025, 319.624, -24.6672
6.82941, 816.757, -577.303
3.19597, 41.8191, 722.307
3.57766, 901.888, -137.557
5.0733, -331.29, -165.437
4.83766, -117.378, 733.341
3.55759, -231.153, 601.419
5.65244, -668.808, 948.114
2.5044, -866.008, 183.714
4.09589, 429.049, 516.72
5.90281, 342.574, -93.0959
6.0446, 645.999, -561.605
2.90869, -781.978, 624.848
3.56926, 275.731, 455.411
4.44412, -797.348, -554.784
4.44927, 876.642, 879.537
3.92018, 365.005, -456.882
4.6123, 548.235, 494.744
2.55658, -644.922, -462.221
3.72027, 887.865, -635.673
4.49072, -710.479, 621.119
6.64177, -668.544, 196.384
3.78584, 886.888, -688.256
3.59705, -697.534, -498.769
6.47385, 363.448, 263.504
5.8476, 467.587, 383.571
5.49108, -880.487, 273.075
5.99917, -349.472, -522.667
5.13062, 567.392, -709.484
4.14833, 221.089, 94.0888
3.30844, -727.753, 364.962
6.56633, 691.893, -15.723
4.08004, 448.411, 157.899
4.05369, 34.7622, -754.422
4.65424, 42.8858, 149.271
4.46509, -162.949, -473.127
4.43916, -27.6369, -163.891
4.34871, -768.324, -490.151
5.88118, 319.725, -523.409
6.10384, 400.807, 30.5197
7.20082, -65.9214, 861.04
5.08573, -82.5987, -374.236
5.5282, -155.785, 290.514
5.85049, -668.068, 931.251
5.11404, 61.2254, -291.073
3.87105, -870.124, 588.203
7.08924, 125.976, 281.677
3.73367, 901.361, -422.681
4.77876, 337.35, 634.29
3.30374, -913.74, 635.434
4.68319, 376.958, 327.424
7.45767, 433.141, 172.629
6.26931, -418.182, 386.019
4.97846, -916.487, -628.75
7.01651, -637.634, -747.963
4.68213, 486.435, 517.738
5.09239, 153.071, -924.763
4.44866, 93.363, -802.415
5.63431, -180.604, -578.183
5.19331, 354.971, 332.649
4.35955, 633.875, -440.032
2.54674, -348.295, 350.758
6.3794, 22.4684, -734.272
2.85317, -861.774, -583.265
3.98511, 400.277, -691.226
4.78581, -29.548, -836.949
3.25156, -96.7294, 15.3835
5.97819, 627.653, -416.779
4.15587, 351.64, 139.95
5.21197, 939.624, -824.202
2.64678, 720.941, -929.389
5.38086, 2.76355, -190.504
5.18133, 378.002, 450.894
7.36678, -724.879, -884.721
5.57063, -316.134, -577.302
5.26431, -732.065, 224.338
6.69051, -251.404, 875.137
3.75764, -548.703, 863.431
6.98957, 581.841, -134.267
5.97428, 486.503, -472.164
5.82752, -468.396, -64.1349
3.06838, -598.034, -767.397
3.37987, -901.268, 103.627
2.91253, -169.743, 163.974
6.68103, -213.3, 333.07
2.64818, 918.215, -687.435
6.34719, -27.7541, -826.49
4.29829, -497.475, 819.659
6.24626, 25.3867, 515.912
6.28385, 328.019, 287.844
3.60834, -523.564, -869.521
5.58305, 293.981, 153.98
3.66846, -518.918, -232.575
6.22052, -690.773, 267.107
5.80997, -856.007, -669.459
4.9209, 922.913, -759.161
2.58972, 845.625, 170.345
4.98291, 457.486, 168.982
5.09587, -7.13876, -819.007
4.71395, -830.09, 483.646
4.14528, -34.0977, 913.752
3.52671, 466.267, -94.7978
7.19863, -220.662, -582.096
2.85168, -548.384, 862.114
3.30042, 19.6017, -702.851
6.70788, -721.784, 19.2753
4.13614, -172.924, -261.71
6.85942, 171.779, 406.506
5.99896, 647.299, 508.732
5.52801, 851.332, -187.178
4.77536, 56.3016, -234.464
2.91543, -490.743, -268.233
3.94883, 2.70129, -115.732
6.51009, -601.308, -770.92
6.81821, 371.551, 21.713
3.81831, 397.92, -491.97
4.79881, -785.778, -230.176
4.95672, 614.859, -494.79
5.82344, -461.027, -932.919
7.31738, -612.89, -187.981
7.23022, 541.761, -726.884
2.81902, 222.155, -638.304
5.04829, -407.922, -266.015
6.13222, 668.267, 652.814
5.65882, 546.557, -301.5
3.26658, -893.945, -917.454
5.09652, -833.15, 487.333
3.52281, -520.061, 810.63
6.03231, 393.769, -823.549
6.05786, -481.488, -77.1089
3.66304, -542.822, -223.249
6.80594, -4.08942, -129.782
2.67122, -85.9885, 892.757
6.26587, -895.956, 85.5165
4.14789, 609.763, 122.154
4.65309, 40.0283, -502.887
7.33455, 865.773, -210.05
4.05803, 721.09, 664.376
5.69762, 904.413, -702.662
5.95386, 823.113, -33.8155
5.36403, 44.4052, 616.188
6.60667, 871.334, -731.462
4.21807, -852.586, -658.095
5.09387, -810.602, -679.246
6.78438, 111.24, -893.963
6.18587, 316.597, 76.2859
3.45992, -820.755, 347.469
2.83145, -302.977, 311.544
3.60828, 882.267, -702.496
3.33656, 131.448, -149.471
6.31172, 363.7, -848.045
5.44905, -836.702, 369.332
4.65223, 865.92, 842.653
7.09618, 633.118, 13.0136
5.09668, 451.621, 157.066
7.38058, -689.488, -43.3866
5.15714, -448.875, 120.934
2.98716, 343.67, 313.291
5.83983, 179.598, 133.303
5.44444, 160.96, -6.54713
5.01137, -661.261, -68.8689
2.75808, -873.733, 415.818
2.6753, -296.359, 8.95956
4.41484, -794.927, -540.222
5.55555, 218.922, 97.6112
5.06574, 548.008, 838.031
5.98498, 347.06, -9.75711
4.89891, 14.5944, -214.065
3.88323, 36.7803, 432.625
6.01685, -432.148, 186.13
3.67701, 827.318, 10.7385
6.41501, 125.795, -176.401
6.60589, 324.763, 786.437
3.21842, -471.216, 45.432
5.75757, -494.362, 766.292
3.87677, 832.802, -920.699
7.26215, -434.122, 690.089
4.58238, -739.343, 21.9517
3.03869, -123.235, 379.201
4.70633, -764.211, 532.364
6.28811, -408.694, -274.677
2.77803, -345.684, -275.922
3.51241, -6.17753, 121.65
6.82305, 871.32, -690.196
6.52456, -274.036, -23.8622
2.78861, -657.848, -635.057
4.40304, -49.1107, -694.649
4.56124, -111.806, 695.873
2.80071, -355.517, 303.761
7.09746, 776.844, 607.115
3.35398, 546.011, 822.573
6.51634, -906.658, 209.735
3.88599, 714.204, 49.2684
4.44586, 165.07, 744.328
7.19936, 64.5592, 611.402
6.24573, 184.574, -208.747
3.44774, -342.89, 738.355
6.89581, 410.579, 470.137
6.8953, 396.943, -786.597
3.30515, -792.937, -228.084
5.87346, -776.478, -191.412
6.89096, 616.247, 157.902
6.98262, 258, 500.177
3.06535, 17.2499, 720.817
5.93789, -210.826, -219.491
3.21651, -713.625, -781.12
3.6901, 354.934, -36.1039
5.64383, 891.558, -198.302
4.312, 777.965, 378.024
4.64437, 584.932, 698.123
4.91936, -32.7967, -823.616
6.20379, 6.71445, -127.595
3.23098, -386.223, 798.76
7.36238, -803.288, -723.31
7.3158, -515.251, -226.217
3.14741, -565.442, 636.871
5.3784, -274.514, -588.302
4.66439, 117.519, -181.716
5.50066, -224.789, -258.54
5.85098, -667.744, -81.3184
4.5137, 401.568, 947.914
6.46691, 673.806, 639.155
4.89889, -916.347, -238.848
5.72449, 291.642, 251.423
4.28836, -271.019, 609.468
5.96794, -314.748, -217.602
5.83428, -414.944, -651.572
3.22071, -423.694, 671.183
7.10415, -867.695, 184.643
4.22228, 10.2463, -226.399
6.66824, -386.961, -465.877
2.74349, 302.918, -702.334
3.27936, -250.949, -48.2986
2.55765, 299.282, 458.962
3.94327, 108.037, 575.712
5.07295, -323.707, -147.93
3.65948, 664.578, 430.311
2.75022, -249.847, -58.0942
5.33091, -612.072, -753.152
6.69774, -141.77, 649.303
4.28763, -652.535, -447.728
4.3452, 172.129, 824.029
7.22226, 265.996, -66.0814
4.72425, -873.236, -193.325
6.82086, 433.156, 150.513
5.82654, -771.934, -709.329
5.79297, 154.751, 642.098
7.10736, -930.273, 932.116
5.11536, 930.482, -640.326
5.45229, 440.591, -440.619
5.79944, 635.312, 666.257
4.24765, 253.658, 466.986
4.11714, 365.392, 18.3893
7.08984, -90.6633, 703.603
3.08619, 918.057, -462.7
7.31268, 601.252, -104.968
5.17978, 62.569, -254.279
5.81447, 756.121, 631.909
5.48362, 842.605, -475.125
6.93363, -508.196, -711.853
6.67999, -651.235, -564.074
6.69339, 250.201, 176.352
6.85642, -161.513, 292.039
2.5002, -778.356, 331.067
4.77274, 280.148, 322.944
4.25696, -910.272, 210.331
5.80713, -250.926, 688.882
6.22234, -892.284, 154.231
3.3821, -179.215, -482.029
7.4621, 806.9, -749.694
5.95466, -921.669, 214.227
6.97862, 150.888, -22.8922
3.51579, 327.235, -97.9845
7.2356, -485.245, -49.2561
4.88476, 856.487, -486.596
6.78578, 933.097, -751.218
6.41237, -898.901, -531.77
5.70687, 885.456, -870.132
3.14521, -704.166, 181.132
5.77944, 9.05772, 674.507
3.09199, 57.5122, -3.5172
3.88793, 294.766, 757.985
6.65548, -235.77, -246.203
6.14153, -733.79, -495.389
6.74348, -604.742, 289.355
3.43989, -746.916, -871.677
6.09602, 556.031, -311.925
4.25586, 147.191, 297.623
3.34555, -423.257, -700.484
4.52383, 331.45, -515.31
4.20924, 160.155, 721.239
6.67141, 332.142, -114.934
3.9111, 701.723, 592.224
5.16766, -631.834, -460.528
6.25085, 922.582, -846.035
4.62554, -642.044, -758.704
4.66964, -509.178, 555.83
3.03022, 838.306, -911.503
6.4639, -43.4597, -437.667
3.91232, -609.665, -457.386
7.14264, -524.823, -237.862
5.37926, 257.482, 481.753
3.4895, 806.287, -297.164
5.99081, 562.821, -735.117
3.07265, 479.775, -876.177
4.22945, 275.269, 741.289
4.15646, -520.219, -234.936
6.42735, 831.292, -919.541
6.65775, 463.735, -218.294
4.21712, -724.181, 743.077
4.2603, -281.026, 857.075
6.38197, 121.214, -753.769
6.58658, 9.5334, 681.837
4.26157, -169.394, 307.173
7.09559, -417.739, -264.707
3.2877, 540.775, 227.076
5.56029, -458.431, 596.616
5.54222, -423.289, 671.508
3.16647, -238.16, -703.253
3.51409, -718.868, -498.321
4.79457, -829.128, 535.243
3.48759, -419.927, 880.882
6.77118, -826.745, 373.429
6.54562, -750.081, -648.283
2.80131, -863.927, 836.812
6.50584, -701.234, 637.297
5.49597, -157.975, -503.854
7.43182, -875.908, 262.507
2.65919, -105.2, 677.339
6.8356, 860.562, -691.874
3.69109, 604.091, 280.819
3.6127, 194.249, 386.975
4.73907, -875.375, -558.615
2.61231, 850.939, -189.178
6.79755, -256.648, 2.43434
4.15902, 226.104, 541.799
5.72195, 331.648, 298.899
7.43521, -897.069, -512.001
5.30162, 287.163, -569.66
4.74553, -764.838, -247.473
5.213, 123.132, -735.33
2.90797, 794.248, -32.7034
3.99606, -766.449, -246.419
6.63964, 785.97, 633.859
6.48936, 606.876, 867.978
5.71048, -124.127, 684.69
4.84105, 614.844, 356.031
7.15326, -187.227, -555.217
5.08798, -245.102, -22.381
7.42924, 802.437, -482.536
5.94567, -47.3949, -678.721
6.19966, -163.651, -489.138
3.46323, -401.898, -880.751
6.08881, -486.399, 574.065
6.11146, 584.085, -133.192
6.49298, 287.662, 145.392
4.23216, 250.262, -945.668
5.1481, -8.40033, -140.954
3.19001, 713.434, -342.645
6.73218, -238.899, -259.421
6.32766, -40.9329, -824.717
7.5, 869.479, -436.532
4.24891, 471.747, 925.965
5.50367, -567.577, 563.108
3.50808, -490.541, 48.4282
6.2385, 34.1383, 137.341
6.49225, 916.091, 222.228
3.03505, -693.079, 104.663
5.35813, -506.928, 41.7
2.84683, 348.13, -333.171
4.16036, 688.519, 672.295
5.80945, 458.45, -687.163
5.27726, 142.91, -168.705
7.12415, 226.896, -9.43771
2.69832, -455.498, 199.758
2.62083, -282.833, 211.588
4.61923, 232.282, -636.53
4.36987, 433.868, 143.498
2.93303, -238.305, -250.25
3.05403, -133.851, 162.843
5.31992, 353.345, -358.548
7.37269, 0.338159, 708.089
3.05066, -45.7611, -824.297
5.99352, 101.162, 919.644
2.79674, -72.6374, -677.248
4.69755, 823.194, -60.2263
5.24651, 949.46, 697.485
3.45129, 666.439, -726.787
7.36597, 333.937, 320.908
3.19593, -656.158, -83.3436
5.48978, 877.426, -457.05
7.12812, -844.961, 702.313
3.91116, -59.0775, 868.389
6.8307, -154.919, -84.0763
6.29598, -187.848, -543.614
6.10793, 351.619, 592.295
3.34241, -339.519, 340.453
3.32882, 772.17, 368.633
3.39076, -648.176, -937.755
5.87226, 311.357, -564.868
4.83484, -304.835, 17.035
6.85219, -777.299, -355.386
5.76023, -666.701, -81.3544
5.80464, 728.745, 832.873
2.58037, -651.286, -579.28
4.30596, -745.884, -678.163
3.72747, 893.218, 98.1285
6.93086, -892.889, -895.956
5.23701, 807.358, 778.683
6.57209, -34.7365, -630.548
5.24453, 158.979, 842.52
4.16156, 504.754, -56.353
4.40213, -11.6121, -645.338
2.52389, 886.733, 619.378
6.95226, -81.9747, -401.246
6.16955, -451.987, 659.484
6.04239, -131.073, 640.961
5.1278, 67.0899, -200.383
6.41065, -161.578, -778.229
3.42484, -404.275, -419.082
5.72673, 257.76, 470.11
3.42178, -637.319, -276.716
3.31214, -15.6766, -113.505
2.65594, -186.188, 833.711
7.42716, 139.732, -680.026
4.04559, -299.88, -673.048
4.11075, -658.386, -304.647
5.51155, 269.96, -212.693
2.89107, -321.143, -884.898
3.93936, 3.6689, 61.7507
5.79307, -168.938, -485.944
7.36348, -907.669, -362.406
7.27758, -361.775, -754.407
7.42745, -636.78, -280.057
7.30478, -866.15, -689.365
3.0073, -509.577, 534.159
3.71505, -164.715, -486.517
6.91151, 113.709, -380.636
5.28805, 340, 638.154
6.7669, 780.936, 531.451
7.49145, -528.628, 572.74
3.99751, -217.784, -479.651
6.33157, 913.406, 431.397
4.81901, 292.895, -162.337
6.8168, -652.879, -737.126
6.99018, 833.911, -52.0863
7.377, 250.289, -395.452
2.77405, 616.007, 162.87
6.32605, 892.828, -629.667
5.09219, -899.306, 740.018
3.46574, 933.258, -190.4
6.98252, 231.905, -552.813
6.38492, -826.931, 104.101
2.75968, 392.197, 523.941
7.47331, -811.044, 717.809
5.93659, -68.2981, -447.876
5.94854, 862.162, 493.945
6.57666, -641.382, 798.539
7.05426, -63.4383, -424.763
3.34218, -201.845, 350.551
5.24183, -609.289, 767.829
6.53351, -498.469, -231.889
4.17803, 337.565, -532.041
5.53435, -99.121, 16.688
6.59602, -874.376, 342.909
7.3485, 49.3321, -221.514
6.29349, 531.175, 524.363
3.72113, -127.777, -106.884
5.80589, -572.972, 370.205
4.21574, -485.808, -216.105
7.27146, 357.059, -375.096
2.60828, 781.11, 529.176
4.54979, -878.574, 909.169
2.55789, 557.969, -684.356
3.04964, 830.996, 208.319
5.28259, -802.881, 104.654
4.45466, 20.8289, -214.807
7.20539, 133.404, -176.67
2.55572, 190.875, 400.374
6.22897, -172.081, -478.915
3.84293, 145.231, 117.06
4.27153, -645.996, -756.978
3.45835, -450.829, 657.954
5.14832, 300.948, -137.863
4.39478, -54.1656, -808.646
3.16407, -62.4156, -825.497
4.26563, -186.903, -488.971
4.2497, 774.303, 942.209
7.41084, 630.425, -159.36
5.25961, 151.001, -348.68
4.99918, 37.6248, -707.604
3.58531, -827.634, 392.816
4.37311, -234.88, -591.475
6.78251, -631.204, -453.034
6.45578, 790.318, -524.634
3.9204, -534.714, 853.764
5.07645, 445.818, 150.126
6.79238, -247.239, 44.6985
7.07844, -837.584, -172.742
7.48941, 148.844, 868.406
6.53177, 127.959, -179.604
5.22718, -856.259, -188.462
7.3461, 163.958, -705.969
5.31931, -572.432, 372.699
4.03031, -443.174, 622.885
5.41853, 902.298, 874.788
2.91197, 64.7965, -259.802
5.47382, 351.559, 590.562
3.31968, -562.183, -565.898
6.46527, -647.302, -463.051
2.95373, 598.125, 683.59
6.3072, -482.328, -679.026
6.83996, -257.479, -17.9954
6.40105, 144.257, -341.92
6.61399, 898.803, 858.289
6.70974, 367.144, 544.68
4.48328, 429.758, 254.548
6.508, -130.688, 165.487
6.56811, 369.099, -34.1257
5.43493, -398.859, 87.6896
4.64621, 762.889, -12.6401
2.5002, -51.1437, -456.047
5.31153, -789.581, 339.174
6.22632, 370.095, 333.974
3.89846, 877.397, 270.347
2.93406, -922.261, 552.084
3.5733, 855.49, -863.6
3.93296, -463.366, 580.427
4.86595, -362.439, 448.158
6.95893, 850.31, 824.782
5.91955, 524.216, -483.989
3.54376, 2.63837, -136.354
6.67533, 764.979, -15.621
7.09218, 900.318, 900.822
4.48244, -508.273, -669.055
6.37858, 541.562, 539.589
5.68161, -130.983, -103.43
6.64746, 487.294, 239.892
3.40204, 520.917, -489.952
7.45927, 565.333, -728.666
6.70558, -145.87, -796.694
4.65177, 860.415, 233.445
4.38589, 597.944, 837.143
2.70802, 617.362, -508.577
6.80715, -705.168, -501.229
6.62116, 889.923, -867.766
6.25052, 16.2427, 714.771
3.55801, -178.259, 912.691
4.31029, -765.977, -181.163
4.43545, -598.891, -730.795
7.32918, 783.662, 624.818
6.5872, -115.751, 675.704
4.5755, -67.5713, 435.182
5.83759, 208.616, 144.765
2.52101, 463.041, 892.49
6.98048, -703.451, 201.572
3.68416, -345.969, 349.395
3.79415, 328.169, -106.087
5.4939, 402.757, -689.507
6.89823, -804.911, 348.567
6.16299, -591.756, -585.994
6.0773, 834.478, 575.342
3.57724, -580.573, 485.322
6.30413, 701.649, -936.446
3.85351, -176.721, -508.977
2.75246, 598.406, 287.171
4.78866, 321.561, 286.447
2.58759, 415.212, -730.558
3.01129, 68.7688, -200.921
2.639, -164.349, 302.864
5.65921, -359.294, -543.682
6.34425, 54.5701, -224.224
2.74132, 547.768, -806.55
6.6924, -28.012, -630.743
6.76899, -238.986, -237.951
6.57649, -495.365, 567.178
6.85188, 796.016, 373.102
5.27222, -609.555, -135.271
6.12646, -234.071, -40.9252
3.20424, -420.289, 882.542
6.6115, 551.015, -494.807
5.51185, 687.581, -182.291
4.93856, 471.869, -872.516
6.14942, -245.788, 839.167
4.05164, 754.137, -653.01
3.93925, -704.722, 325.95
5.45857, -899.067, 730.171
5.34055, 597.41, 831.051
5.41059, -910.475, -536.898
2.84132, -673.348, 286.385
4.34304, 140.811, -360.3
6.28475, -887.112, -568.714
6.35297, -450.172, -840.31
4.27217, -412.006, -279.699
5.98913, 196.652, 884.856
5.08005, -646.351, -295.423
5.94494, 358.223, 147.696
6.18066, -80.9164, 629.818
2.56231, -321.962, -644.978
7.16549, 629.021, -156.755
5.37826, 149.569, 114.384
3.05587, 535.033, 996.513
4.87388, -103.487, 34.0769
3.24247, 207.606, 106.44
4.22594, 59.1113, 433.252
7.04476, -864.075, 148.824
4.54571, 20.1698, 521.195
5.96642, -652.532, -92.0611
3.35865, 376.206, -839.443
6.21715, 864.982, -478.477
4.16319, -423.672, 682.07
4.62157, 629.977, 333.272
2.79523, -181.997, -81.0607
5.09005, 270.88, -208.913
5.94425, 444.97, -561.35
5.01149, -255.445, -0.489131
6.56617, -181.18, -724.577
3.07974, 107.804, -889.612
5.24841, 276.214, 468.154
5.06046, 324.478, 35.6162
6.02649, 933.244, 433.197
5.65083, -240.377, 873.44
4.0207, -60.6925, -624.832
6.74719, 375.358, 337.283
3.39619, 639.956, -37.3195
2.61737, -490.214, -91.5069
4.19467, 669.956, 34.2304
3.43818, 328.38, -121.122
6.60467, -276.709, 158.641
6.72507, -904.869, -166.612
6.78031, 876.518, -698.664
7.37454, -914.62, 640.527
2.99587, 415.241, -433.104
2.56182, 567.899, 627.438
2.58614, 228.559, 536.084
2.64527, 198.339, 112.534
4.1031, 132.438, -318.711
6.17815, 612.38, 290.214
3.14876, 283.287, 480.691
2.5161, -378.952, 475.673
6.91905, 128.679, -774.368
3.70482, 204.658, -521.243
4.38481, -782.572, 754.745
4.44879, 634.991, 99.3632
2.81534, 613.452, 302.756
7.30792, 184.198, 878.871
3.75349, 720.97, -339.81
6.85376, -664.986, -89.3404
2.85991, -889.129, 351.964
2.70653, -590.665, 572.408
3.46378, 320.609, -487.758
3.86708, -296.922, 309.785
7.4007, -933.965, -348.171
3.60607, 323.345, -511.161
6.43119, -861.018, 825.303
4.42306, 245.606, -394.719
3.78593, 451.369, -622.805
3.91087, -892.721, 77.8557
7.33834, 881.673, -66.215
4.22841, 696.756, 144.248
3.45922, -913.903, 724.153
5.05037, -544.775, -359.18
5.21857, -526.884, 597.918
5.72333, -664.702, -576.641
3.89738, 11.7051, 740.857
3.41887, -312.875, -668.921
2.71579, -812.703, 349.138
3.98408, -513.498, -247.642
4.25548, -229.203, 127.794
7.09372, -411.782, 712.703
5.81225, 485.787, -344.881
5.08041, 846.657, 560.447
4.03763, 565.197, 539.926
3.0007, -322.28, 139.677
3.47502, 359.947, -904.203
4.11407, 52.3576, -121.731
5.56182, 882.182, 83.9861
5.13511, 927.859, -942.041
3.45653, 315.292, 244.377
4.7178, -664.783, -450.731
4.48693, -651.052, 792.4
6.28051, -584.425, 749.908
6.6213, 721.404, 603.956
5.51573, 132.72, -369.822
3.04573, 575.416, -772.61
4.11797, 462.727, -166.222
5.03403, 26.0976, 303.3
4.76521, -649.619, 777.174
4.77315, -143.565, -489.673
4.91125, 885.003, 897.236
5.07896, 360.545, -648.751
4.50207, 176.828, 790.182
4.22945, 910.807, 404.326
6.64533, 894.401, -200.223
3.02204, -683.294, -742.392
6.40057, 548.323, 513.441
3.19919, -288.543, -229.715
2.62171, -790.93, -543.685
6.0664, 362.89, -668.799
7.15538, 137.687, -774.004
7.47667, 222.904, 155.825
3.86264, -886.658, 153.109
3.6923, -496.912, -221.55
3.87328, 901.686, 603.474
5.70836, -874.846, -707.89
5.17637, 290.649, 125.44
6.8967, 784.169, -294.195
6.75968, -646.397, -748.364
2.98004, 823.462, -86.1622
4.66818, -723.508, 213.659
3.17045, -162.116, -724.294
5.86802, -204.513, 301.188
5.34964, -45.3355, -448.602
3.66474, -528.674, 559.824
5.50306, 249.354, -649.948
2.6551, -746.567, -7.74412
7.08512, 534.493, -281.148
3.82958, 852.458, -192.311
6.50016, -172.98, -530.922
5.46389, 111.74, -735.163
5.0822, 317.786, 612.381
5.2567, 374.808, 546.568
3.47225, 470.939, -211.05
5.36152, 144.622, -679.853
3.81992, 167.607, 392.905
4.41648, -784.246, 516.838
2.73626, -732.888, -891.588
4.22823, 558.583, -684.593
3.61594, 645.581, -426.289
3.81264, 37.2565, -706.391
3.05141, -411.425, -455.184
7.40088, -673.509, -4.90097
5.93794, 775.446, 621.479
5.82158, -544.349, -366.216
5.99501, -583.701, -657.498
2.68746, -806.317, -725.338
3.6706, -636.594, -756.223
3.95397, 713.669, 661.387
3.50543, 70.6663, -232.396
2.7177, 325.005, 293.321
2.56571, -518.855, 554.644
6.07297, -484.779, 779.183
6.88348, -839.301, -579.622
5.35088, -870.662, 342.916
6.92743, 829.953, 820.369
5.20042, -373.715, -266.752
3.31357, 866.101, -641.271
3.30492, 924.367, 430.624
7.19182, 292.98, 270.228
3.45628, 509.215, -795.25
3.15761, -11.1952, -122.734
4.41122, -246.874, 20.6818
6.12674, 275.673, -183.993
2.50651, 549.395, 839.231
4.60222, 34.9341, 717.504
5.18984, 248.843, -227.36
4.86596, -226.996, 234.335
6.33003, 553.772, 829.412
2.9396, 533.28, -463.485
7.04284, 151.397, 320.317
3.20818, -816.079, -406.509
2.54782, 342.538, -28.2308
2.82267, 257.548, 485.066
4.96742, 371.042, 220.148
5.40914, 509.026, 942.672
4.03373, -906.11, 537.51
4.57091, 823.892, -39.0323
4.33401, -602.792, -637.014
3.42687, 178.066, 644.807
2.76788, 545.182, 183.547
4.47222, 488.25, -52.2915
3.98388, -328.855, -143.47
5.05388, -382.431, 811.256
3.75392, -706.388, 218.996
5.01589, 886.61, 918.073
2.51168, -16.1111, 763.537
7.01807, 913.364, -439.782
2.79181, -901.443, -906.4
5.17506, -595.263, 768.492
3.95754, -365.954, 821.734
7.3023, -785.118, -237.717
4.73406, 360.386, -130.282
5.08479, 835.243, 188.797
5.93861, -267.297, -7.28666
2.72187, -157.102, 51.5283
7.2946, -773.186, 589.098
5.70852, 374.237, 138.882
2.80215, 543.59, -719.032
3.33964, 82.0219, 261.088
5.76491, 454.394, -206.391
6.19864, -778.167, 331.046
3.57011, 830.041, 186.045
4.31441, 139.904, -761.758
6.56981, -642.554, 902.329
5.32057, 802.619, -466.904
7.45886, -45.2707, -825.586
6.5669, -765.112, 352.629
3.49157, -941.909, -16.4916
2.50003, -124.324, -791.36
4.62608, 867.935, -695.169
4.07406, 862.401, 256.918
5.56218, 596.382, -894.412
3.83351, -161.193, -506.315
4.39881, -590.471, -78.3134
5.43397, 910.87, 279.887
5.95636, -109.372, -427.196
7.26736, -408.503, -540.382
4.89785, -297.59, -900.283
3.60319, 394.997, -681.595
5.33741, -669.978, -488.404
6.09873, 364.71, 321.609
4.4953, -456.417, 599.811
3.48326, -670.426, 933.196
6.66971, -638.753, -758.887
5.59561, -449.809, -855.051
7.26866, -272.292, 170.272
3.23222, 15.8483, -223.296
5.38953, 7.09158, -437.708
7.26796, -422.136, 685.257
3.62331, 702.6, -936.95
7.25137, -495.234, 762.748
3.07874, 796.625, -473.839
2.58372, 12.4922, -209.547
3.90465, -321.066, -150.866
7.15042, 624.095, 128.594
3.04796, 782.7, 856.796
6.77266, 3.70873, 745.719
5.68532, -694.977, -711.83
5.63853, 403.19, -692.408
3.80589, 739.234, 659.664
5.13936, -904.142, 198.268
7.16608, -254.159, 854.067
3.98055, 880.968, 117.068
4.78006, 187.998, 375.092
6.35659, -658.012, -585.2
4.17193, 147.359, 116.413
6.31775, -47.744, -815.689
6.65892, -11.6604, 894.531
2.64618, -721.686, 557.624
4.31315, 692.534, -256.216
4.16221, 276.865, 490.481
3.17675, -458.38, -190.478
3.00839, -288.206, 614.267
5.11327, -580.516, 780.491
3.52046, 37.6186, -500.615
5.00728, -843.989, -577.947
5.1371, -23.6358, 901.518
4.13422, -255.429, -278.87
4.75888, 253.492, -394.047
6.85263, -45.0401, 909.132
4.72884, 593.222, 829.595
6.03726, -454.666, -823.222
6.83171, 873.132, -704.245
6.5822, 792.754, 189.7
2.67504, 811.513, 818.884
3.8644, -618.261, -260.219
5.21858, -409.404, -421.361
3.19942, -878.546, -562.517
5.57408, -750.674, -874.931
3.29182, -562.809, -665.09
4.41129, 110.844, 213.673
5.94997, -99.9429, 179.693
3.21128, -420.026, 493.61
5.65284, -793.033, 754.92
3.15973, 155.818, 896.56
7.13583, -709.847, 207.686
5.53465, -908.604, 776.701
5.50388, -874.886, 360.668
3.33635, 553.337, -502.993
3.301, -817.294, -405.356
5.91628, 576.46, -17.3421
5.1456, -692.171, -15.9456
3.65264, -105.507, 715.14
6.55373, -466.669, -68.2325
5.76477, -419.112, -544.726
4.08597, -598.46, -583.001
2.53953, -248.824, -785.454
3.49176, 708.287, 678.114
3.78831, 12.2099, 371.18
3.03825, 844.339, 35.0993
3.49545, 107.313, -406.36
6.75079, 795.162, -768.456
6.63912, -884.169, 188.991
6.76813, -904.809, -567.449
5.71027, 299.339, 768.249
3.6787, 688.691, -934.221
6.80638, -504.144, -763.744
5.4745, -24.3254, -126.139
2.52745, 504.694, -59.6972
6.84925, -630.832, -460.09
7.37729, 618.295, 171.779
5.59653, 346.523, 4.88366
3.85574, -862.283, 314.386
7.46973, -204.393, -566.622
4.60751, -683.167, -491.842
4.20537, -778.146, -597.879
4.80717, 354.71, -88.1703
4.44822, 246.523, -416.076
4.613, -15.87, 508.393
2.84879, 132.427, 307.673
5.5153, 0.709002, -122.763
7.36114, -51.0821, 206.47
5.07406, -714.342, -497.389
7.45461, 894.305, -124.453
5.84906, 580.659, -140.81
4.01716, -597.765, 55.873
3.47371, 837, 569.525
4.0109, -755.854, -870.252
4.93946, -349.217, 449.579
4.72438, 504.433, 933.493
5.7844, 347.004, -879.966
3.74227, -743.615, -678.309
4.72007, 46.2538, 538.59
5.75894, -683.619, -26.4402
6.67472, -709.274, 252.23
6.03698, 179.704, 799.768
4.93928, -833.178, -637.159
6.72039, 386.987, -211.27
7.00296, -521.702, -234.902
6.33082, -666.405, -472.375
5.29453, 637.329, 879.311
2.70603, -1.94081, 66.6502
5.46749, 549.77, 78.1302
2.68674, -644.827, 808.247
4.53488, 91.3772, 418.291
2.84243, -930.391, -860.406
7.38558, -730.152, -868.871
2.5956, -477.744, -247.222
6.60363, -162.247, -254.296
5.2195, -376.123, 813.649
5.72828, 743.356, -340.124
3.62934, -281.576, -1.21203
2.733, 870.643, -697.22
3.63154, 201.163, -544.515
4.58371, -635.157, 128.492
6.40126, 253.108, -610.108
3.72852, -873.148, 363.86
4.81411, 609.524, 147.356
6.14756, 903.568, 284.493
5.35237, -340.507, 789.495
5.45997, 919.262, 902.063
4.98425, -850.833, 270.382
3.951, 441.591, 141.704
4.71107, 11.8489, -218.773
2.53669, 828.235, -408.693
7.41683, 488.257, -345.893
2.52822, -759.457, -192.464
4.8676, -104.083, 726.709
5.86497, -337.369, -137.167
