6.27803, -2653.69, 1523.94
3.5948, 85.4807, 1393.79
5.89648, 375.592, 15.6687
5.09708, 252.412, -365.596
2.76731, 4860.42, -5042.41
2.53849, -1555.64, 1730.82
4.58743, 6813.53, 4024.33
7.15218, 169.667, 89.0233
2.95982, -330.98, 560.672
6.00595, 69.6345, -43.8662
3.81226, 547.381, 18.0312
4.14117, 219.769, -60.3099
7.45519, 756.496, -243.5
7.41275, 185.361, -149.419
5.75759, 457.741, 30.4674
6.92354, 146.205, -107.42
6.33247, 604.422, 60.7682
3.87453, -2054.39, -664.452
4.93259, -1235.67, -893.28
2.80282, -6153.39, 1475.16
5.08146, 148.333, 142.602
4.96988, -4338.24, 1563.73
7.23882, 576.565, -281.122
4.42071, 131.272, 24.5177
5.14874, -3347.62, 905.454
2.75042, -313.859, 4371.91
6.63909, -488.363, 59.0557
5.94228, 106.754, 8.67182
6.18112, 382.365, 4.09188
6.94286, -3285.92, -2933.55
4.25508, -407.543, 578.629
6.72991, 152.881, -216.465
3.84659, -22.5609, 66.0042
4.83959, -217.089, 634.674
3.2686, 532.15, -151.104
2.66527, 87.2653, 111.464
7.2768, -1382.42, -979.489
6.95369, 367.827, -701.003
3.29884, -856.434, 349.585
3.15214, 943.531, -367.996
2.515, 2692.86, -447.896
6.0491, 225.146, 140.281
3.40448, 1102.14, 258.682
5.76029, -515.511, 368.544
4.42907, 339.202, -87.6209
3.23766, 1235.82, 1440.44
5.45054, 356.421, 326.636
3.24076, 2544.3, -1228.78
3.2091, -2105.46, -1249.77
4.94257, -169.165, -107.89
3.13015, -388.174, -694.614
5.64635, 501.76, -37.4949
5.60817, 203.051, 157.328
4.88216, 3004.28, -4150.36
2.64188, 498.18, 98.8462
3.21011, 3654.56, -576.866
3.15594, -327.086, -193.726
3.31099, 1388.04, -2123.59
3.76529, -760.845, 179.354
4.77654, -4101.77, 2081.33
6.54472, 119.644, -283.366
3.57624, 94.8573, -192.216
3.75063, 33.9902, -52.4486
5.02978, -717.114, -1429.6
6.27922, 146.901, -1.75964
5.66369, -1422.16, -2995.76
5.9449, -2067.38, -1485.19
7.27207, 484.451, -398.418
5.18713, 4292.37, -2179.37
4.57014, 87.6402, -1489.51
4.70019, -421.546, -650.898
6.07821, -1638.1, -1745.86
6.20858, -2275.62, -1786.32
5.12494, -2880.81, 2364.1
6.06711, 366.674, 142.254
5.91025, 177.191, 51.4981
6.82941, 1882.58, -1463
3.19597, 659.964, 1580.06
3.57766, 446.929, -194.523
5.0733, 944.002, 1738.83
4.83766, 192.132, 184.384
3.55759, 3193.28, -3256.74
5.65244, -137.696, 301.651
2.5044, 2526.31, -3630.91
4.09589, -623.348, -2553.29
5.90281, 374.252, 20.3098
6.0446, -91.5355, 251.981
2.90869, 111.619, -189.015
3.56926, -728.178, -347.719
4.44412, -154.111, -73.6697
4.44927, -3394.44, -1174.66
3.92018, -42.857, 412.899
4.6123, 179.985, -149.923
2.55658, -1516.13, -36.495
3.72027, -4478.76, 2406.99
4.49072, -1672.94, -3093.1
6.64177, -244.894, -323.466
3.78584, -41.7131, 344.992
3.59705, -1282.41, 271.181
6.47385, 151.057, -42.7077
5.8476, 377.427, -180.206
5.49108, 22.5234, 258.113
5.99917, 2317.32, 1451.77
5.13062, -10.8162, -404.807
4.14833, 286.782, 621.613
3.30844, 4820.47, 832.448
6.56633, 188.569, 89.7858
4.08004, 229.881, -192.778
4.05369, 16.0857, -47.0045
4.65424, 108.491, -43.9465
4.46509, 303.14, -173.201
4.43916, 620.134, -188.398
4.34871, 89.8829, 681.339
5.88118, 232.907, 125.779
6.10384, -68.7538, -22.727
7.20082, -2107.36, 730.685
5.08573, 354.333, 20.7006
5.5282, 116.184, -105.201
5.85049, 1384.1, -2127.88
5.11404, 144.729, 362.329
3.87105, 685.982, -428.353
7.08924, 130.283, -58.441
3.73367, 464.415, -320.622
4.77876, 491.143, 632.598
3.30374, 180.585, -61.1594
4.68319, 160.627, 58.09
7.45767, 51.9925, 21.1498
6.26931, 3141.26, -3175
4.97846, -12.3816, -511.842
7.01651, 136.118, -215.951
4.68213, -759.4, 209.395
5.09239, 1847.19, -1531.86
4.44866, -1606.88, -2516.17
5.63431, -84.0891, 24.1639
5.19331, 195.632, -91.124
4.35955, -82.2767, 970.662
2.54674, -511.466, -257.98
6.3794, 288.76, 282.957
2.85317, -557.377, -633.264
3.98511, 147.318, 69.5504
4.78581, 376.532, 773.139
3.25156, 299.123, -136.568
5.97819, 158.908, 203.111
4.15587, -557.035, -607.09
5.21197, -2733.49, 4873.47
2.64678, -2863.24, -1669.61
5.38086, -165.384, 349.66
5.18133, 672.443, -53.8975
7.36678, 74.9426, -295.148
5.57063, 216.586, -35.4961
5.26431, 2174.15, -3684.37
6.69051, 1294.06, 75.5428
3.75764, 166.706, -913.494
6.98957, -6.372, -86.969
5.97428, 520.499, 19.3911
5.82752, -253.17, 2096.63
3.06838, 132.585, -473.615
3.37987, -1215.72, -786.332
2.91253, -1302.22, 2191.01
6.68103, -27.8372, -302.512
2.64818, 210.008, 2937.16
6.34719, 386.77, -143.263
4.29829, 250.386, -2993.94
6.24626, -107.338, -72.9241
6.28385, 155.504, 74.526
3.60834, 2299.6, -1111.03
5.58305, 106.08, 85.5727
3.66846, 25.8809, -2.07097
6.22052, 6.18591, -2951.31
5.80997, -415.834, -895.264
4.9209, -2784.96, 4841.91
2.58972, 931.141, 221.464
4.98291, 175.977, -168.35
5.09587, 160.961, -54.1983
4.71395, 716.23, 2777.21
4.14528, -2094.16, 1138.31
3.52671, 223.568, -20.9965
7.19863, -28.0506, 1332.43
2.85168, 1121.79, 2468.19
3.30042, 545.998, -814.559
6.70788, 479.022, -651.664
4.13614, 199.847, 89.2987
6.85942, 914.784, 87.9998
5.99896, 215.909, 13.9935
5.52801, -189.321, -210.585
4.77536, 355.047, -468.951
2.91543, 497.045, 1027.21
3.94883, -2832.46, -878.044
6.51009, 487.376, -335.708
6.81821, -22.9799, -277.645
3.81831, -3827.77, 301.431
4.79881, -55.8436, -431.76
4.95672, 256.263, 49.4124
5.82344, 1414.72, -2098.11
7.31738, 156.191, -287.666
7.23022, -51.1823, -215.762
2.81902, 1509.79, -241.744
5.04829, -909.382, -516.658
6.13222, 109.95, -108.361
5.65882, 366.95, -306.322
3.26658, 340.795, 140.716
5.09652, 717.447, 2777.41
3.52281, 4769.35, -1525.43
6.03231, 165.38, 59.9787
6.05786, -957.791, 5062.75
3.66304, 226.874, -374.488
6.80594, -371.564, -49.3769
2.67122, -683.369, 277.026
6.26587, -88.2898, 137.789
4.14789, -15.5611, -217.922
4.65309, 4274.16, -1045.11
7.33455, 514.506, 429.863
4.05803, -1616.98, -1585.51
5.69762, -4960.86, -23.5578
5.95386, 170.964, 53.3301
5.36403, -66.4063, 365.726
6.60667, -2720.87, 4879.67
4.21807, -3054.75, 1247.53
5.09387, -53.868, 83.5428
6.78438, -106.779, 164.622
6.18587, 462.958, 1038.86
3.45992, 364.221, -229.711
2.83145, 157.971, -0.836083
3.60828, -3551.34, 2254.91
3.33656, 208.388, -8.57855
6.31172, 163.016, -75.9579
5.44905, 1388.77, -1874.09
4.65223, -5186.09, -426.041
7.09618, 1678.4, -156.514
5.09668, -701.352, -1261.35
7.38058, -480.18, 125.132
5.15714, 196.32, 91.8422
2.98716, -1047.59, 943.901
5.83983, -637.225, -664.338
5.44444, -577.01, 2399.27
5.01137, 161.184, -206.049
2.75808, 671.12, 1187.64
2.6753, -143.501, 428.938
4.41484, 182.222, -116.573
5.55555, -2214.89, -2580.21
5.06574, -5184.25, -417.135
5.98498, 218.112, -144.772
4.89891, 362.041, 9.4881
3.88323, -5246.24, 61.114
6.01685, -227.809, 2605.8
3.67701, 184.677, 86.2425
6.41501, -1.89093, -77.3854
6.60589, 1137.4, 332.539
3.21842, 3239.92, 2889.46
5.75757, -281.159, -62.1404
3.87677, -801.576, -1478.43
7.26215, 2431.22, -1146.52
4.58238, 152.957, -13.5801
3.03869, -202.626, 190.963
4.70633, 188.676, -27.0457
6.28811, 9.38535, -628.524
2.77803, -189.051, -104.274
3.51241, 43.4539, -51.2658
6.82305, 203.847, -124.632
6.52456, 514.938, -77.5863
2.78861, 507.187, 1830.86
4.40304, 44.7788, 2.25779
4.56124, 80.2803, 26.3814
2.80071, -29.9078, 55.7289
7.09746, -1138.79, -1086.74
3.35398, 34.7598, 61.6675
6.51634, -157.589, -325.532
3.88599, 1752.23, -554.565
4.44586, 51.3868, -52.549
7.19936, -1817.84, 794.305
6.24573, 143.779, 2679.46
3.44774, 3452.66, -3618.55
6.89581, -84.2376, -261.44
6.8953, 236.063, -60.3463
3.30515, 76.9788, -1130.96
5.87346, 903.539, 439.888
6.89096, 294.457, -78.5529
6.98262, -705.636, 3333.81
3.06535, -134.538, -452.022
5.93789, -1125.86, -991.445
3.21651, 663.924, -485.745
3.6901, -350.388, 49.8896
5.64383, 2637.4, -1789.86
4.312, 438.803, 62.3705
4.64437, -1607.13, -1426.65
4.91936, 1490.02, -1673.92
6.20379, 2.47633, 1244.46
3.23098, 193.761, 265.741
7.36238, 94.9275, 11.2376
7.3158, -191.008, -143.437
3.14741, 2390.72, -1510.16
5.3784, -34.5899, -144.067
4.66439, 297.155, 305.785
5.50066, 175.098, -175.04
5.85098, 207.456, -233.348
4.5137, -2771.82, -923.822
6.46691, -1708.6, -1487.33
4.89889, -3134.25, 1659.12
5.72449, -538.795, 653.038
4.28836, 4920.9, -793.253
5.96794, 112.365, -397.379
5.83428, 311.854, 86.5562
3.22071, 71.5471, -138.134
7.10415, -113.59, -200.444
4.22228, 1061.24, 3473.27
6.66824, 304.753, -44.268
2.74349, 61.4868, -598.822
3.27936, 1235.69, -1855.31
2.55765, 224.282, 174.968
3.94327, 168.74, 22.7317
5.07295, 529.991, -539.357
3.65948, 910.948, -3173.11
2.75022, 744.86, 239.216
5.33091, -42.9932, -141.795
6.69774, 227.007, 417.97
4.28763, -324.898, -225.457
4.3452, 118.038, -878.368
7.22226, 133.141, 21.279
4.72425, -1479.93, 150.876
6.82086, 123.096, -147.623
5.82654, 51.6375, 742.753
5.79297, 174.788, -475.01
7.10736, 2435.75, -1799.13
5.11536, -2877.09, 2356.95
5.45229, 160.226, 687.415
5.79944, -268.674, -2467.33
4.24765, -1572.03, 1045.33
4.11714, 48.6821, 345.758
7.08984, 191.743, -13.177
3.08619, -4222.46, 1549.91
7.31268, 22.9269, -43.2979
5.17978, 256.969, -196.702
5.81447, 1375.09, 688.573
5.48362, -4306.76, 2032.06
6.93363, -223.783, -1167.04
6.67999, 351.771, 21.4504
6.69339, 184.425, -23.5082
6.85642, 474.261, -152.278
2.5002, -261.944, 2109.49
4.77274, -721.885, -2281.17
4.25696, 1714.48, 82.2363
5.80713, 4289.05, -3350.44
6.22234, 726.378, 67.775
3.3821, -900.482, -3795.11
7.4621, -1197.41, 1443.64
5.95466, -416.438, 88.4535
6.97862, 387.023, 13.9915
3.51579, -1243.77, -339.764
7.2356, 531.678, -157.012
4.88476, -4048.59, 2138.53
6.78578, -3553.47, 2257.98
6.41237, 546.234, 1.82459
5.70687, -2787.99, 2707.65
3.14521, 516.169, 583.864
5.77944, 228.012, 158.28
3.09199, 203.224, -92.7549
3.88793, 2488.46, 612.897
6.65548, 208.794, 2323.48
6.14153, 3356.81, 4304.08
6.74348, 3742.06, -2794.69
3.43989, -809.519, -200.822
6.09602, 276.247, 25.0273
4.25586, 100.134, -507.472
3.34555, 155.186, -304.182
4.52383, -3989.4, 488.827
4.20924, 94.3112, -89.6581
6.67141, 363.297, -106.995
3.9111, -3042.38, -4931.8
5.16766, 3107.49, 1843.17
6.25085, 897.93, -1601.7
4.62554, 47.8589, -103.473
4.66964, 1282.58, 14.5642
3.03022, -3077.83, -2073.66
6.4639, 376.025, -327.227
3.91232, -261.547, 194.824
7.14264, 3333.25, 5001.59
5.37926, 203.049, -103.439
3.4895, -33.0397, 358.989
5.99081, 89.426, 31.5539
3.07265, -297.754, 263.442
4.22945, -54.1657, 342.746
4.15646, 513.964, -185.947
6.42735, -4360.69, 2038.43
6.65775, 106.858, -83.5342
4.21712, 549.82, -168.608
4.2603, -703.465, -111.531
6.38197, 22.8234, -126.279
6.58658, 761.241, -452.299
4.26157, 464.707, 161.931
7.09559, 116.663, 22.6306
3.2877, -48.5337, -251.529
5.56029, 712.306, 131.863
5.54222, 182.378, -6.82958
3.16647, 2477.03, 2643.92
3.51409, 3108.99, 4287.72
4.79457, -379.23, 42.1265
3.48759, -611.343, 1398.22
6.77118, 387.953, -3.66238
6.54562, 415.89, 310.017
2.80131, 2141.95, -1551.89
6.50584, 1368.88, -3986.24
5.49597, 184.883, -457.298
7.43182, 224.521, -173.646
2.65919, -801.384, 255.844
6.8356, -2679.7, 3227.43
3.69109, -932.483, -499.507
3.6127, 1355.27, 614.647
4.73907, 5428.37, 2527.93
2.61231, 104.358, -394.693
6.79755, 98.6705, -129.324
4.15902, 462.553, -3504.35
5.72195, 945.315, -286.66
7.43521, 143.988, -31.378
5.30162, 93.7883, 158.353
4.74553, 186.581, 35.9726
5.213, 455.062, 112.266
2.90797, -1359.54, 488.103
3.99606, 1470.12, 2440.42
6.63964, -3129.53, -591.205
6.48936, -3411.26, 1409.59
5.71048, -102.065, 220.742
4.84105, 192.066, 46.3899
7.15326, 604.538, 1870.93
5.08798, 349.875, -167.134
7.42924, -3552.26, 2241.17
5.94567, 267.664, -105.45
6.19966, 296.95, 536.491
3.46323, 1251.3, 1254.95
6.08881, 2451.29, -1521.06
6.11146, 1134.31, 44.5442
6.49298, 238.613, -1.29986
4.23216, -4096.56, 298.025
5.1481, -1365.62, -678.162
3.19001, 1204.13, -609.81
6.73218, 36.8548, -51.9303
6.32766, -695.337, -550.267
7.5, -4372.61, 2043.05
4.24891, -6099.02, -2025.33
5.50367, 775.231, 7.58411
3.50808, -364.679, 2906.08
6.2385, -2941.82, 492.177
6.49225, -156.956, -58.5033
3.03505, -574.867, -592.742
5.35813, 315.763, -81.831
2.84683, -4142.35, 1406.04
4.16036, 221.158, -382.33
5.80945, 178.849, 45.164
5.27726, 395.153, 3218.71
7.12415, 77.8229, -309.061
2.69832, 238.148, 2358.93
2.62083, 936.094, 1127.47
4.61923, 158.999, -97.8764
4.36987, -930.554, 105.025
2.93303, 2857.36, 2810.18
3.05403, 87.866, -46.2501
5.31992, -3902.66, 121.685
7.37269, 136.6, 22.4013
3.05066, 57.2218, -3143.94
5.99352, -2533.51, -2784.02
2.79674, 174.885, 1051.87
4.69755, -211.125, 122.535
5.24651, 858.744, 426.527
3.45129, -290.728, 173.905
7.36597, 159.901, 74.3153
3.19593, 239.005, 1.10686
5.48978, -2558.17, 293.184
7.12812, 207.195, 441.609
3.91116, -892.329, 178.426
6.8307, 168.255, -520.659
6.29598, 922.149, -1291.98
6.10793, 188.058, 175.525
3.34241, -26.5924, -583.408
3.32882, 880.86, -2127.61
3.39076, 149.501, 108.004
5.87226, 181.683, 93.2341
4.83484, 381.324, -212.613
6.85219, 425.345, 272.469
5.76023, -181.835, -159.268
5.80464, 1365.58, 692.533
2.58037, -225.169, 592.571
4.30596, 4638.23, 2658.66
3.72747, 214.746, -399.32
6.93086, 436.405, 797.795
5.23701, -5855.43, 101.139
6.57209, -422.417, -490.701
5.24453, -715.311, -66.2703
4.16156, 441.272, -177.593
4.40213, -1556.74, -2727
2.52389, 1298.73, 251.815
6.95226, 329.706, -60.0863
6.16955, 808.745, 246.766
6.04239, -598.392, 298.334
5.1278, 1708.63, -2292.34
6.41065, 194.67, 300.491
3.42484, -104.656, -101.793
5.72673, 212.313, -24.9352
3.42178, -38.0476, 76.4259
3.31214, -1192.12, 659.439
2.65594, 1237.56, 1281.75
7.42716, 173.807, 5.02725
4.04559, 211.754, -219.503
4.11075, -582.03, 26.158
5.51155, 203.372, 91.4938
2.89107, 4410.22, -743.471
3.93936, 372.238, 10.4936
5.79307, 285.81, -610.511
7.36348, 259.253, 3.11721
7.27758, 3256.08, 1271.98
7.42745, 284.336, 88.7049
7.30478, 184.595, 20.4156
3.0073, 601.394, 558.413
3.71505, 926.587, -186.443
6.91151, 36.27, -80.7803
5.28805, 325.323, 68.6137
6.7669, 149.106, -27.4876
7.49145, -250.703, -106.609
3.99751, -3741.85, 1626.52
6.33157, -6722.62, -2218.68
4.81901, 679.19, -212.856
6.8168, 758.835, 9.07192
6.99018, 181.622, -277.972
7.377, 93.2356, -24.7301
2.77405, 101.726, -57.4383
6.32605, 484.971, -262.695
5.09219, 1422.58, -2126.36
3.46574, -282.357, -372.668
6.98252, 155.436, -467.232
6.38492, 23.4382, -13.6881
2.75968, 614.724, -767.359
7.47331, 1353.12, -2174.4
5.93659, 210.277, 143.813
5.94854, 1385.76, 644.133
6.57666, 2420.84, -1109.63
7.05426, 450.68, -228.576
3.34218, 2024.92, 4091.12
5.24183, 2367.23, -1727.18
6.53351, 214.523, -65.5411
4.17803, 22.0897, -15.0106
5.53435, -494.824, 161.155
6.59602, 1272.61, -1978.07
7.3485, 35.3748, -17.6634
6.29349, 83.2041, -197.405
3.72113, 164.304, -566.875
5.80589, 123.15, -106.64
4.21574, 917.732, 257.565
7.27146, 275.785, 29.0096
2.60828, 2340.24, -2734.67
4.54979, 386.354, 24.0867
2.55789, -3115.08, 3095.23
3.04964, 305.39, 1034.83
5.28259, 652.012, -854.441
4.45466, 144.608, 139.636
7.20539, 173.82, -209.29
2.55572, 341.509, -171.733
6.22897, 647.116, -1616.79
3.84293, 391.766, 231.768
4.27153, 95.0721, -555.308
3.45835, 4896.6, -5005.86
5.14832, 646.006, 478.635
4.39478, -761.56, -4255.55
3.16407, 101.016, 62.781
4.26563, 384.894, 357.965
4.2497, -4097.22, 2131.15
7.41084, -2093.38, -1458.08
5.25961, -433.438, -46.2121
4.99918, -1875.56, -510.383
3.58531, 1357.84, -2014.97
4.37311, -422.689, -464.966
6.78251, 2568.03, 2284.13
6.45578, -2398.69, 4847.89
3.9204, 2398.54, -2956.5
5.07645, 713.677, 65.4123
6.79238, 212.533, 25.0224
7.07844, 332.093, -16.5396
7.48941, -1698.95, -1483.62
6.53177, 10.4008, 300.462
5.22718, 450.875, 223.779
7.3461, 344.432, 617.017
5.31931, 1208.06, 107.136
4.03031, 155.421, -974.559
5.41853, 265.362, -142.1
2.91197, 78.355, 102.894
5.47382, 42.2818, 21.2571
3.31968, 2257.37, 4287.69
6.46527, -223.206, -528.734
2.95373, -606.573, 1341.79
6.3072, 208.541, -128.863
6.83996, 136.856, -63.4411
6.40105, -75.8787, -132.726
6.61399, -1793.95, -326.029
6.70974, 210.395, 91.0949
4.48328, 51.3505, -214.301
6.508, 187.055, 1.16702
6.56811, 148.746, 28.3593
5.43493, 612.403, 1287.67
4.64621, 237.898, -231.166
2.5002, -726.533, 373.176
5.31153, -35.7126, 28.8532
6.22632, 212.536, 50.3927
3.89846, 2806.47, 1631
2.93406, -632.561, -3908.41
3.5733, 435.179, 503.957
3.93296, -116.849, -19.6196
4.86595, -507.005, -129.241
6.95893, -1635.52, -1452.35
5.91955, 337.689, -60.908
3.54376, 265.124, 64.5015
6.67533, 224.04, -185.044
7.09218, 419.145, 432.495
4.48244, -114.325, 413.375
6.37858, 1601.05, 314.641
5.68161, -180.639, 137.297
6.64746, 385.746, -149.149
3.40204, 771.889, 268.442
7.45927, 217.836, 72.3121
6.70558, -70.9479, -94.6666
4.65177, 683.333, -304.305
4.38589, 8.58895, 32.9655
2.70802, 111.815, 128.496
6.80715, -548.908, -830.493
6.62116, -3555.65, 2226.59
6.25052, 1445.65, 1260.98
3.55801, 485.73, -528.674
4.31029, 265.116, 97.2232
4.43545, -129.465, -21.4116
7.32918, -2703.18, -1716.71
6.5872, 407.643, 78.99
4.5755, 746.748, -151.154
5.83759, -43.2817, 709.744
2.52101, -3455.8, 3513.3
6.98048, -6.90957, -121.082
3.68416, -221.327, 230.417
3.79415, -424.184, -131.087
5.4939, 30.2323, 29.8754
6.89823, -496.533, -1.51421
6.16299, 183.38, 165.149
6.0773, 37.2381, 74.8925
3.57724, 5000.68, -225.17
6.30413, -3462.64, 2717.34
3.85351, 362.792, 198.715
2.75246, 227.576, -197.777
4.78866, -1411.82, 531.077
2.58759, 399.512, -245.647
3.01129, 4972.18, -3203.37
2.639, 1863.83, -1066.34
5.65921, 0.954305, -47.0694
6.34425, 161.336, -10.9448
2.74132, 476.874, 162.429
6.6924, 524.388, 896.873
6.76899, 214.493, -118.718
6.57649, -197.224, 519.216
6.85188, 278.714, -3607.68
5.27222, -68.982, -113.762
6.12646, 9.03778, 1068.18
3.20424, -3765.68, 3090.5
6.6115, 92.6947, -191.012
5.51185, -2213.94, -2576.41
4.93856, 34.8763, 202.412
6.14942, -338.795, -303.364
4.05164, -1669.82, 971.234
3.93925, -24.6971, 372.654
5.45857, 1898.23, -2339.41
5.34055, -2566.77, 1393.78
5.41059, 2345.12, 1782.15
2.84132, -210.193, 397.335
4.34304, -1624.89, -218.234
6.28475, 133.727, 324.874
6.35297, 719.024, 2538.07
4.27217, 85.5736, 675.501
5.98913, -38.937, -141.982
5.08005, 1725.86, 1033.68
5.94494, 209.045, -307.367
6.18066, -1620.55, -1145.03
2.56231, -2291.45, -1639.87
7.16549, 96.5774, 57.2238
5.37826, 502.219, 308.463
3.05587, 448.24, 698.096
4.87388, 296.164, 30.4682
3.24247, 1588.12, -385.434
4.22594, -7088.52, -1596.84
7.04476, 186.665, -21.2942
4.54571, 2426.87, -1045.53
5.96642, 194.698, 88.6236
3.35865, 302.371, -199.736
6.21715, -3846.82, 1369.39
4.16319, 266.198, -278.365
4.62157, 210.062, 164.505
2.79523, 149.704, 767.578
5.09005, 178.825, -78.3231
5.94425, -167.205, 338.052
5.01149, 264.777, 136.47
6.56617, 237.035, -112.664
3.07974, 190.619, 60.1322
5.24841, 1148.23, -53.0241
5.06046, 8.6092, 194.297
6.02649, -1640.77, -1484.27
5.65083, 210.072, 13.7266
4.0207, 692.925, 393.329
6.74719, 209.858, -129.876
3.39619, 1207.9, -1984.96
2.61737, 127.403, -200.24
4.19467, 388.874, 4.93313
3.43818, -1736.48, -1281.39
6.60467, 197.608, 172.656
6.72507, 109.555, 2635.25
6.78031, -2642.21, 1477.53
7.37454, 380.498, -514.971
2.99587, 356.894, 626.151
2.56182, -3175.61, -2435.46
2.58614, 375.763, 464.098
2.64527, -234.147, 412.222
4.1031, -1616.18, -1580.09
6.17815, -2639.62, 1551.72
3.14876, -140.386, -178.708
2.5161, -2153.71, -391.417
6.91905, 407, 81.4244
3.70482, 245.254, -232.507
4.38481, 450.448, 826.804
4.44879, 303.628, 360.272
2.81534, 2980.62, 1138.36
7.30792, 21.0371, 10.358
3.75349, 261.265, 40.2886
6.85376, 334.205, 219.383
2.85991, 2419.93, -3310.29
2.70653, 3054.25, -2042.58
3.46378, -242.242, -65.4167
3.86708, -1641.68, -1836.61
7.4007, 225.736, 12.5082
3.60607, 964.473, -4129.06
6.43119, 1384.51, -2123.96
4.42306, -39.3211, 1029.38
3.78593, -2416.38, 2725.49
3.91087, 597.964, 181.987
7.33834, 476.4, -83.5939
4.22841, -112.829, -318.822
3.45922, -402.374, -450.615
5.05037, 170.245, -134.447
5.21857, 946.253, -3698.7
5.72333, 795.296, 161.786
3.89738, -281.951, 174.709
3.41887, 623.645, -215.108
2.71579, 1914.34, -2251.94
3.98408, 571.411, 222.837
4.25548, 1208.36, -653.984
7.09372, 292.352, -61.0235
5.81225, 171.085, -125.626
5.08041, -1624.08, -1450.37
4.03763, 196.193, -55.2569
3.0007, 1633.94, 1739.25
3.47502, 115.471, -192.055
4.11407, 2554.26, 2684.22
5.56182, 715.572, 275.613
5.13511, 2084.88, -979.173
3.45653, -297.771, 922.886
4.7178, 4457.68, 2591.1
4.48693, 5134.98, -1001.23
6.28051, 48.2921, -69.7886
6.6213, 72.2165, 155.258
5.51573, 205.498, -609.541
3.04573, 18.0451, 52.3937
4.11797, 2114.88, -536.678
5.03403, 220.239, -15.1473
4.76521, 54.5295, 563.543
4.77315, -6.37716, -182.818
4.91125, 511.798, -79.1121
5.07896, -3626.07, 642.526
4.50207, -1841.32, -1014.65
4.22945, -385.5, -506.898
6.64533, 197.582, 519.891
3.02204, 2057.09, -1156.37
6.40057, 93.9326, 60.4491
3.19919, 775.778, -186.999
2.62171, 3091.42, 3538.37
6.0664, -198.298, 1151.66
7.15538, 197.327, -231.314
7.47667, 212.491, -14.912
3.86264, 241.609, 121.505
3.6923, -1687.98, 417.896
3.87328, -328.904, -2580.59
5.70836, 199.553, 68.9426
5.17637, 100.85, -32.0004
6.8967, -2293.79, 3972.36
6.75968, 125.257, -135.691
2.98004, 244.547, -232.564
4.66818, 172.669, -162.76
3.17045, -506.898, 201.624
5.86802, 221.943, -61.0952
5.34964, -188.079, -650.319
3.66474, 88.7499, -1169.48
5.50306, -37.5436, 0.363599
2.6551, 85.646, 155.955
7.08512, 130.876, 64.7961
3.82958, 215.206, -276.726
6.50016, 262.113, 94.3783
5.46389, 87.5329, -152.638
5.0822, -97.5441, -69.192
5.2567, 1398.53, -726.469
3.47225, 446.177, -281.121
5.36152, -2416.29, -157.298
3.81992, -519.274, 5257.64
4.41648, 2169.63, -4550.77
2.73626, -419.98, -490.723
4.22823, 209.427, -172.001
3.61594, -2448.65, 5760.05
3.81264, -9.84683, -116.049
3.05141, -5.38009, -34.4535
7.40088, 173.156, -76.104
5.93794, 62.1168, 35.135
5.82158, -218.868, -120.111
5.99501, 233.879, 304.316
2.68746, 143.157, 41.6623
3.6706, 233.691, 1.45669
3.95397, -4378.89, -6594.59
3.50543, 142.72, 283.85
2.7177, -2135.53, 3135.72
2.56571, 397.665, -39.8155
6.07297, 4762.32, -1527.12
6.88348, -310.612, -335.161
5.35088, 1459.06, -2768.06
6.92743, -2405.7, -2714.6
5.20042, -1118.27, -83.544
3.31357, -1555.75, 317.424
3.30492, -2259.07, -1787.53
7.19182, 155.209, -137.485
3.45628, 13.7501, -360.478
3.15761, -2491.21, -166.9
4.41122, -78.4839, 284.091
6.12674, -572.217, 2409.54
2.50651, -5186.22, -418.637
4.60222, 3693.31, -2111.83
5.18984, -16.1974, -37.6313
4.86596, -788.674, -563.836
6.33003, 412.487, -671.556
2.9396, -749.247, -443.773
7.04284, 207.044, -228.848
3.20818, -522.447, 214.793
2.54782, 91.6953, 537.338
2.82267, 367.51, -221.579
4.96742, 274.655, -151.339
5.40914, 236.622, 72.9254
4.03373, 3021.03, -5321.2
4.57091, 442.792, 325.002
4.33401, 1142.51, 1400.85
3.42687, 320.328, -2157.46
2.76788, -2154.45, -2108.62
4.47222, 124.476, -208.784
3.98388, -679.321, -910.239
5.05388, -375.745, -23.1944
3.75392, 1847.87, -3064.74
5.01589, -831.322, 1550.81
2.51168, 889.547, -620.304
7.01807, -4363, 2048.64
2.79181, 2762.96, 2752.2
5.17506, 75.3107, 2612.18
3.95754, 2252.13, -1034.84
7.3023, 161.176, 30.3016
4.73406, -2712.99, -1115.85
5.08479, -160.713, -217.809
5.93861, 29.9962, 173.871
2.72187, -46.7137, 592.915
7.2946, 3016.58, -2223
5.70852, 461.354, -79.1619
2.80215, 264.213, 74.0399
3.33964, -49.8111, -126.92
5.76491, 360.823, -257.085
6.19864, -256.786, 2079.82
3.57011, -418.926, -303.843
4.31441, 536.059, -1749.28
6.56981, -138.191, 296.458
5.32057, 300.323, -31.2531
7.45886, 130.751, 17.1902
6.5669, 128.071, -364.306
3.49157, 2673.87, -3451.49
2.50003, 290.06, 39.8474
4.62608, -2680.54, 3235.93
4.07406, 1650.19, 1035.28
5.56218, -2914.93, 437.602
3.83351, 195.449, -144.107
4.39881, 1178.58, 587.089
5.43397, 123.809, -117.405
5.95636, -1359.89, -277.051
7.26736, 3.19097, -83.4029
4.89785, -157.168, 938.523
3.60319, 212.76, -385.184
5.33741, 867.107, 589.469
6.09873, 259.962, 44.6204
4.4953, 1792.41, -47.6562
3.48326, 73.4083, -135.49
6.66971, 42.2324, -259.582
5.59561, 58.0401, -802.625
7.26866, 212.743, -146.091
3.23222, -235.45, -130.75
5.38953, 450.281, -98.7967
7.26796, 315.596, -15.7084
3.62331, -4265.14, 2027.8
7.25137, 43.7081, -121.79
3.07874, 1187.99, -551.149
2.58372, 595.055, 338.869
3.90465, -261.799, 544.944
7.15042, -162.73, -15.8028
3.04796, -944.418, -443.734
6.77266, -165.683, -345.728
5.68532, 300.222, 281.895
5.63853, 139.622, -21.7052
3.80589, -616.77, 1360.93
5.13936, -474.026, 187.709
7.16608, 1344.24, 632.903
3.98055, -1114.81, 186.778
4.78006, 111.971, 114.5
6.35659, -793.433, 3670.09
4.17193, -1526.11, -2748.22
6.31775, -21.6235, -71.8664
6.65892, -1834.11, 1982.16
2.64618, 2030.6, -1248.82
4.31315, -312.156, -398.651
4.16221, 170.618, 116.738
3.17675, 1546.58, 1418.59
3.00839, 1040.92, -3186.88
5.11327, 461.935, 154.024
3.52046, -23.1892, 195.946
5.00728, 231.893, 497.869
5.1371, -3863.4, 2529.05
4.13422, 209.533, -111.062
4.75888, -127.594, 711.572
6.85263, 669.764, -244.283
4.72884, 148.414, 14.2624
6.03726, 9.92401, -212.946
6.83171, -1650.8, 324.271
6.5822, 685.32, -577.132
2.67504, -3018.71, -1178.12
3.8644, -679.495, 1873.03
5.21858, -1122.25, 744.865
3.19942, 2962.23, -517.417
5.57408, 242.954, 73.1465
3.29182, -42.7544, 163.906
4.41129, 446.269, -299.016
5.94997, -37.1892, -221.183
3.21128, 3183.77, -22.107
5.65284, -265.131, 34.9047
3.15973, -2618.13, -1430.54
7.13583, 424.903, 275.396
5.53465, 4147.21, -6340.79
5.50388, 90.4981, 132.009
3.33635, -43.5886, 130.123
3.301, -1064.35, 1710.98
5.91628, 134.313, -73.5263
5.1456, 304.449, -308.654
3.65264, -1724.98, 972.467
6.55373, 190.51, -180.688
5.76477, 157.079, -16.2887
4.08597, 191.602, 557.049
2.53953, 156.797, 562.919
3.49176, -44.0913, -156.372
3.78831, 149.35, -314.118
3.03825, -65.1847, -21.3085
3.49545, 394.713, -266.181
6.75079, -4490.59, 2397.13
6.63912, -26.4513, -51.7439
6.76813, 203.083, -29.1477
5.71027, 144.088, -101.239
3.6787, -2310.7, 2400.23
6.80638, 219.478, -163.572
5.4745, -45.8248, -384.763
2.52745, -1640.11, -1223.56
6.84925, -414.337, -899.208
7.37729, 292.019, -53.5778
5.59653, -1636.37, -1454.11
3.85574, 651.92, 178.902
7.46973, 116.558, 35.0021
4.60751, -1159.09, -383.192
4.20537, -494.201, -4.64982
4.80717, 194.952, -27.7516
4.44822, -893.392, -2460.47
4.613, -3805.03, -740.572
2.84879, 378.37, -403.116
5.5153, 250.586, -197.869
7.36114, 584.968, 25.0511
5.07406, 158.757, -265.082
7.45461, 203.155, 0.526907
5.84906, -2007.68, -4751.98
4.01716, 276.859, 293.168
3.47371, 35.7975, 79.0233
4.0109, 14.8005, -214.291
4.93946, 188.726, 1.74997
4.72438, -134.993, 6.08807
5.7844, -505.914, 83.6699
3.74227, 4637.19, 2658.26
4.72007, -1196.01, -1000.33
5.75894, 163.873, 169.099
6.67472, 41.513, -77.4434
6.03698, 217.838, 108.092
4.93928, 299.776, -91.4781
6.72039, -170.708, -223.016
7.00296, 672.859, -642.884
6.33082, -232.755, 123.273
5.29453, 368.795, 191.777
2.70603, -622.363, 48.4338
5.46749, 667.596, 84.489
2.68674, 69.806, -3198.24
4.53488, -216.66, 388.845
2.84243, 662.993, 108.593
7.38558, 285.59, 247.167
2.5956, 1678.11, 2542.35
6.60363, 69.9989, -1.6421
5.2195, 3124.82, -2564.49
5.72828, 652.775, -214.934
3.62934, -518.339, -142.692
2.733, 439.257, 2556.28
3.63154, 248.155, 607.415
4.58371, 51.1879, -2172.84
6.40126, 455.76, 31.8469
3.72852, 1269.6, -1979.44
4.81411, 433.565, 101.908
6.14756, -516.577, -7.61572
5.35237, 4309.62, -586.075
5.45997, -159.165, -397.662
4.98425, -691.923, -262.141
3.951, 239.305, -106.769
4.71107, 112.35, 499.791
2.53669, -2404.51, 5294.67
7.41683, 226.676, 66.919
2.52822, -66.5501, -143.916
4.8676, 1757.35, 665.431
5.86497, 2927.09, 4979.48
