6.27803, -3058.35, 1783.61
3.5948, -4.54264, 1331.15
5.89648, -51.8147, -2.29523
5.09708, 165.472, 128.546
2.76731, 5797.56, -5920
2.53849, -2013.11, 2276.12
4.58743, 8087, 4790.14
7.15218, 81.4368, -25.9309
2.95982, -82.3583, 144.148
6.00595, -74.3064, -240.004
3.81226, 622.714, 109.327
4.14117, 50.7703, 44.9683
7.45519, 822.459, -581.842
7.41275, 228.822, 42.4423
5.75759, -286.953, -230.978
6.92354, 248.958, -58.2981
6.33247, 504.404, -89.0112
3.87453, -2330.2, -814.973
4.93259, -1391.91, -1002.19
2.80282, -7326.53, 1820.44
5.08146, 34.0773, -120.717
4.96988, -5139.24, 1893.92
7.23882, 616.394, 31.3588
4.42071, 155.325, -59.4365
5.14874, -3907.83, 1033.4
2.75042, -317.276, 5155.11
6.63909, -193.022, -151.285
5.94228, 639.598, -78.6595
6.18112, 772.263, 31.5841
6.94286, -3839.18, -3369.97
4.25508, -428.883, 442.691
6.72991, 244.843, 270.186
3.84659, 705.34, -130.696
4.83959, -289.501, 706.452
3.2686, 512.962, 90.906
2.66527, 615.971, -393.101
7.2768, -1393.66, -1011.87
6.95369, 365.535, -415.763
3.29884, -561.522, 439.108
3.15214, 1468.66, -740.72
2.515, 3099.88, -540.297
6.0491, 93.6253, -204.292
3.40448, 842.543, 198.855
5.76029, -862.797, 331.289
4.42907, -210.882, 25.8305
3.23766, 1336.01, 1477.01
5.45054, 764.32, 417.369
3.24076, 2861.56, -1360.84
3.2091, -2351.65, -1364.58
4.94257, -417.952, -178.059
3.13015, 41.7003, -740.698
5.64635, 956.525, 117.242
5.60817, 69.5506, 16.38
4.88216, 3523.96, -4863.12
2.64188, -235.332, -205.961
3.21011, 4252.79, -636.985
3.15594, -20.7159, 28.1213
3.31099, 1539.89, -2317.22
3.76529, -527.375, 226.984
4.77654, -4873.01, 2395.94
6.54472, -34.8322, -836.609
3.57624, 277.396, -167.4
3.75063, 231.215, -23.4562
5.02978, -1023.87, -1887.01
6.27922, 153.18, -92.5883
5.66369, -1678.35, -3444.24
5.9449, -2241.72, -1653.01
7.27207, 341.043, -561.353
5.18713, 5060.73, -2566.28
4.57014, 109.666, -2063.32
4.70019, -432.128, -608.517
6.07821, -1818.65, -1829.67
6.20858, -2603.21, -1986.72
5.12494, -3339.35, 2695.79
6.06711, 155.919, -81.0415
5.91025, 67.4176, -145.879
6.82941, 2057.12, -1655.68
3.19597, 558.821, 1718
3.57766, 120.139, -106.521
5.0733, 1175.99, 2107.86
4.83766, 201.388, -102.234
3.55759, 3767.92, -3834.21
5.65244, -256.83, 457.703
2.5044, 2977.06, -4283.55
4.09589, -753.363, -2760.91
5.90281, 203.734, -47.0731
6.0446, 293.588, -16.4112
2.90869, 381.601, 130.776
3.56926, -503.032, -417.352
4.44412, -139.356, -242.395
4.44927, -3881.04, -1323.83
3.92018, -22.6059, 632.75
4.6123, 188.041, 82.7407
2.55658, -2049.97, -106.025
3.72027, -5275.73, 2795.42
4.49072, -2017.72, -3516.14
6.64177, 394.094, 82.9533
3.78584, 445.052, -276.004
3.59705, -1271.95, 473.321
6.47385, 235.877, -73.6838
5.8476, 1067.11, -375.517
5.49108, 262.881, 672.829
5.99917, 2586.67, 1674.79
5.13062, 113.826, -377.969
4.14833, 300.84, 303.254
3.30844, 5772.08, 1003.81
6.56633, 125.145, -62.5684
4.08004, 161.014, -612.118
4.05369, 650.586, 246.588
4.65424, 220.199, -25.9857
4.46509, 575.507, -45.1566
4.43916, 547.928, -331.736
4.34871, 173.138, 334.097
5.88118, 48.0613, -193.908
6.10384, 46.8447, -406.674
7.20082, -2320.6, 893.484
5.08573, -113.895, 86.2475
5.5282, -334.455, -254.46
5.85049, 1534.82, -2324.12
5.11404, 404.176, 212.846
3.87105, 614.043, -91.393
7.08924, 261.815, -71.4949
3.73367, 617.888, -202.95
4.77876, 597.676, 106.768
3.30374, 235.849, -126.346
4.68319, 39.517, -302.857
7.45767, 714.128, -175.592
6.26931, 3752.31, -3695.56
4.97846, 63.7557, -813.046
7.01651, 237.642, 101.35
4.68213, -558.049, 246.588
5.09239, 2106.13, -1657.22
4.44866, -1798.32, -2888.5
5.63431, 342.811, -28.7107
5.19331, 153.349, -82.7653
4.35955, 38.3883, 1108.69
2.54674, -322.087, -635.705
6.3794, 14.775, 22.9643
2.85317, -572.226, -665.224
3.98511, 70.0088, -158.556
4.78581, 226.779, 1307.68
3.25156, 663.047, 154.197
5.97819, 169.853, -418.6
4.15587, -546.81, -632.73
5.21197, -3259.04, 5771.18
2.64678, -3242.99, -2023
5.38086, -40.6586, 249.934
5.18133, 333.652, 168.729
7.36678, 644.172, 13.4663
5.57063, 189.693, -26.4448
5.26431, 2530.18, -4341.1
6.69051, 1290.27, -92.8067
3.75764, 348.536, -1101.56
6.98957, 302.808, 72.7496
5.97428, 452.812, 232.359
5.82752, -402.541, 2300.43
3.06838, 382.205, -656.671
3.37987, -1517.08, -769.024
2.91253, -1603.34, 2625.92
6.68103, 159.473, -1.7856
2.64818, 482.445, 3492.28
6.34719, 135.621, 21.0829
4.29829, 239.544, -3428.25
6.24626, -701.688, -264.649
6.28385, 161.943, 18.6641
3.60834, 2436.23, -1293.05
5.58305, -275.849, 225.966
3.66846, 554.909, 177.918
6.22052, -17.524, -3389.08
5.80997, -354.966, -886.546
4.9209, -3200.56, 5714.49
2.58972, 853.702, 383.021
4.98291, 74.9925, 135.738
5.09587, 236.293, -57.7166
4.71395, 708.303, 3162.78
4.14528, -2322.06, 1378.65
3.52671, 184.915, -10.2067
7.19863, -4.72371, 1247.41
2.85168, 1145.33, 2852.65
3.30042, 485.876, -1092.37
6.70788, 399.686, -254.516
4.13614, 273.564, -100.899
6.85942, 519.559, -45.5906
5.99896, 41.0913, -91.6986
5.52801, 381.808, -307.811
4.77536, 653.669, -441.331
2.91543, 84.0908, 1005.72
3.94883, -3240.07, -887.029
6.51009, 365.045, -132.381
6.81821, 150.045, -965.333
3.81831, -4436.99, 348.795
4.79881, 563.131, -84.5531
4.95672, 238.852, -110.641
5.82344, 1549.2, -2362.51
7.31738, 213.8, 205.98
7.23022, -67.3545, -172.597
2.81902, 1616.39, -54.5453
5.04829, -832.244, -592.557
6.13222, -10.8817, 85.079
5.65882, 279.344, -152.381
3.26658, -187.236, -308.191
5.09652, 706.907, 3159.88
3.52281, 5580.79, -1767.04
6.03231, 271.931, -200.9
6.05786, -1162.94, 5941.18
3.66304, 61.9971, 323.331
6.80594, -230.77, -98.7038
2.67122, -241.388, 317.349
6.26587, 656.734, -104.056
4.14789, 337.571, 471.905
4.65309, 5025.07, -1277.04
7.33455, 346.164, 178.235
4.05803, -1719.3, -1715.25
5.69762, -5809.35, -53.6736
5.95386, 113.043, -10.5792
5.36403, -403.299, 434.123
6.60667, -3236.86, 5756.39
4.21807, -3543.11, 1394.85
5.09387, -296.041, -30.3809
6.78438, 78.4509, 731.026
6.18587, 257.108, 941.646
3.45992, 1176.92, -584.484
2.83145, 86.4983, -24.7513
3.60828, -4189.79, 2625.27
3.33656, 116.642, 98.3402
6.31172, 300.725, 201.496
5.44905, 1584.53, -2092.96
4.65223, -6080.06, -451.055
7.09618, 1691.53, -74.9839
5.09668, -897.253, -1444.46
7.38058, -641.943, 98.7514
5.15714, 113.209, -97.7215
2.98716, -1136.88, 785.049
5.83983, -680.075, -661.885
5.44444, -585.41, 2711.9
5.01137, 197.403, -110.271
2.75808, 530.018, 1363.38
2.6753, -204.529, 471.773
4.41484, 321.021, 492.895
5.55555, -2585.43, -2916.09
5.06574, -6083.4, -449.077
5.98498, 17.1031, -301.68
4.89891, 72.9542, -240.462
3.88323, -6207.81, 49.4245
6.01685, -277.451, 2928.56
3.67701, 365.465, -294.294
6.41501, 167.575, -46.3697
6.60589, 847.955, 469.849
3.21842, 3853.72, 3357.73
5.75757, -436.329, -248.945
3.87677, -1159.28, -1704.42
7.26215, 2850.46, -1177.51
4.58238, 478.508, 358.334
3.03869, 357.773, 64.1097
4.70633, 111.223, 75.9852
6.28811, 77.5623, -709.849
2.77803, -230.657, 23.5322
3.51241, 324.792, -55.7801
6.82305, 130.217, 71.0824
6.52456, 683.666, 10.1677
2.78861, 579.01, 1959.84
4.40304, 267.855, -188.326
4.56124, 308.037, -180.177
2.80071, -893.468, -323.101
7.09746, -1169.61, -1063.43
3.35398, 262.127, -24.6674
6.51634, 35.7238, -534.688
3.88599, 2384.15, -680.885
4.44586, 236.916, -37.3193
7.19936, -1983.83, 1006.41
6.24573, 108.306, 3013.5
3.44774, 4153.39, -4263.21
6.89581, 41.2972, 66.065
6.8953, 409.466, -53.039
3.30515, 154.434, -1524.85
5.87346, 632.056, 399.922
6.89096, 174.225, 54.3534
6.98262, -746.636, 3868.18
3.06535, -94.7104, -245.932
5.93789, -1576.77, -1269.07
3.21651, 363.211, -681.681
3.6901, -776.302, 210.493
5.64383, 3023.52, -2063.34
4.312, 378.644, -215.608
4.64437, -1898.25, -1752.93
4.91936, 1650.55, -1904.17
6.20379, 40.6721, 1607.96
3.23098, 518.503, -16.2162
7.36238, 378.82, -36.2375
7.3158, -92.2295, -31.2922
3.14741, 2693.37, -1690.7
5.3784, 371.676, 63.4648
4.66439, 73.109, -493.235
5.50066, 210.173, 202.69
5.85098, 121.567, 299.476
4.5137, -3168.59, -1075.27
6.46691, -1807.31, -1620.15
4.89889, -3680.49, 1856.87
5.72449, -272.627, 463.335
4.28836, 5816.11, -918.588
5.96794, 72.5009, -788.851
5.83428, 867.59, 388.035
3.22071, 331.388, 53.6116
7.10415, 229.883, 84.7503
4.22228, 1174.82, 4006.86
6.66824, 53.2065, -122.055
2.74349, 112.844, -921.626
3.27936, 1400.68, -2210.78
2.55765, 256.022, -262.448
3.94327, 145.337, 178.809
5.07295, 214.549, -285.621
3.65948, 1115.11, -3622.01
2.75022, 751.019, -198.633
5.33091, 493.927, 107.543
6.69774, 658.908, 64.9497
4.28763, 110.087, 183.036
4.3452, 125.219, -1011.89
7.22226, 180.521, -76.3703
4.72425, -1456.34, 68.7799
6.82086, 182.144, 20.0911
5.82654, 193.753, 477.838
5.79297, 33.7388, -32.0603
7.10736, 2735.69, -1992.17
5.11536, -3335.21, 2695.11
5.45229, -0.600433, 855.054
5.79944, -245.914, -2772.1
4.24765, -1667.74, 1116.45
4.11714, 338.231, 469.22
7.08984, 221.937, 672.121
3.08619, -4913.97, 1869.55
7.31268, -372.895, 225.71
5.17978, 380.021, -350.101
5.81447, 1660.79, 888.913
5.48362, -5069.59, 2414.39
6.93363, -45.2267, -1197.12
6.67999, -68.6231, -22.8309
6.69339, 205.625, -34.1895
6.85642, -88.0246, -88.3985
2.5002, -357.841, 2365.06
4.77274, -964.314, -2947.64
4.25696, 1705.69, 110.055
5.80713, 5094.17, -3922.43
6.22234, 185.446, 322.164
3.3821, -1013.19, -4419.9
7.4621, -1284.06, 1512.75
5.95466, 74.3623, 107.55
6.97862, -301.675, -69.2753
3.51579, -1335.98, -453.927
7.2356, 781.232, 294.174
4.88476, -4706.54, 2533.45
6.78578, -4190.71, 2628.34
6.41237, -23.2485, -209.468
5.70687, -3221.23, 3132.03
3.14521, 588.713, 189.004
5.77944, 119.396, -415.788
3.09199, 191.305, -113.154
3.88793, 2771.15, 738.279
6.65548, 139.971, 2579.84
6.14153, 3931.02, 5053.97
6.74348, 4384.53, -3277.74
3.43989, -629.972, 118.973
6.09602, 229.987, -94.1972
4.25586, -15.389, -678.884
3.34555, 227.685, 263.831
4.52383, -4693.86, 551.487
4.20924, 50.8899, -86.1345
6.67141, -99.747, 252.72
3.9111, -3602.02, -5839.5
5.16766, 3695.42, 2148.85
6.25085, 1091.92, -1948.87
4.62554, 532.575, 216.943
4.66964, 1091.01, 92.0323
3.03022, -3510.13, -2482.89
6.4639, 190.736, -310.657
3.91232, 174.998, -154.674
7.14264, 3894.42, 5963.85
5.37926, 244.7, 59.728
3.4895, -344.476, 33.9465
5.99081, 237.258, -22.4406
3.07265, 367.788, 216.907
4.22945, -82.9491, -452.101
4.15646, 196.74, 63.5291
6.42735, -5093.77, 2411.83
6.65775, -149.964, -92.4184
4.21712, -45.1987, 74.5602
4.2603, -762.353, -96.4006
6.38197, 258.676, -18.0033
6.58658, 506.405, -502.877
4.26157, 46.7635, -439.337
7.09559, 89.0325, -77.9528
3.2877, 140.237, -37.2779
5.56029, 122.283, 214.427
5.54222, 123.33, 33.379
3.16647, 2885, 2997.72
3.51409, 3672.74, 5024.64
4.79457, -201.283, -87.5076
3.48759, -454.565, 1532.02
6.77118, 550.965, 318.246
6.54562, 863.343, 760.315
2.80131, 2490.17, -1711.03
6.50584, 1580.96, -4627.96
5.49597, 58.7384, -29.326
7.43182, -61.5094, 90.5872
2.65919, -606.218, 66.3741
6.8356, -3130.57, 3749.45
3.69109, -1585.11, -641.52
3.6127, 1853.05, 769.716
4.73907, 6406.87, 2986.81
2.61231, 202.068, 85.0136
6.79755, 345.793, 117.187
4.15902, 476.04, -3934.25
5.72195, 924.247, -387.438
7.43521, 464.303, 62.5388
5.30162, 227.888, -64.9702
4.74553, 135.114, 11.7858
5.213, 84.9135, 72.7566
2.90797, -2023.53, 708.913
3.99606, 1547.13, 2804.08
6.63964, -3563.7, -661.82
6.48936, -4020.38, 1706.88
5.71048, 396.918, 81.165
4.84105, 424.7, -66.1243
7.15326, 610.384, 1968.28
5.08798, 402.467, -668.792
7.42924, -4142.85, 2636.35
5.94567, -191.334, -341.188
6.19966, 197.822, 424.899
3.46323, 1255.23, 1400.66
6.08881, 2816.83, -1660.61
6.11146, 1058.18, -303.785
6.49298, 180.764, 32.9925
4.23216, -4769.16, 322.415
5.1481, -1863.3, -994.162
3.19001, 1267.13, -412.018
6.73218, 61.8393, -78.5093
6.32766, -536.308, -576.733
7.5, -5094.52, 2429.64
4.24891, -7238.55, -2366.77
5.50367, -92.8197, 16.2001
3.50808, -442.311, 3253.59
6.2385, -3334.72, 540.887
6.49225, 626.823, -52.1249
3.03505, -807.105, -450.158
5.35813, 154.313, -75.6135
2.84683, -4781.89, 1599.19
4.16036, 184.194, 380.823
5.80945, 131.426, -138.29
5.27726, 413.497, 3682.73
7.12415, 324.146, 392.097
2.69832, 301.306, 2642.04
2.62083, 848.104, 1081.97
4.61923, 125.126, 72.5297
4.36987, -965.066, 302.592
2.93303, 3358.96, 3310
3.05403, -46.4427, -175.292
5.31992, -4590.97, 140.57
7.37269, 118.807, -1.84474
3.05066, 108.363, -3572.4
5.99352, -2887.9, -3164.26
2.79674, 85.3951, 797.033
4.69755, 351.41, -368.434
5.24651, 1108.65, 531.186
3.45129, -205.341, 266.018
7.36597, 205.469, -270.15
3.19593, 202.43, 48.4683
5.48978, -2894.16, 282.68
7.12812, 338.51, 623.288
3.91116, -1307.69, 291.294
6.8307, 456.873, -512.597
6.29598, 899.726, -1311.6
6.10793, 337.267, -255.937
3.34241, 158.391, -73.0169
3.32882, 1186.87, -2418.83
3.39076, 145.251, 11.1052
5.87226, 314.952, 5.08371
4.83484, -129.661, 380.362
6.85219, 108.79, -84.3726
5.76023, -491.04, 142.221
5.80464, 1649.7, 894.078
2.58037, -36.8707, 432.646
4.30596, 5438.3, 3082.92
3.72747, 142.755, 536.955
6.93086, 214.641, 476.585
5.23701, -6893.98, 123.613
6.57209, -555.445, -435.768
5.24453, -290.532, 16.0384
4.16156, 779.173, -339
4.40213, -1721.67, -3087.16
2.52389, 1786.99, 357.623
6.95226, 172.698, -50.9287
6.16955, 937.535, 265.654
6.04239, -444.498, 293.15
5.1278, 1876.05, -2636.54
6.41065, 234.313, 417.229
3.42484, 254.437, -299.925
5.72673, 127.089, -73.9467
3.42178, 277.053, -60.5926
3.31214, -1129.45, 689.23
2.65594, 1231.52, 1439.99
7.42716, 121.482, 197.184
4.04559, 287.619, 161.278
4.11075, -427.448, -2.38213
5.51155, 109.34, -56.8169
2.89107, 5235.73, -927.587
3.93936, -318.44, -118.767
5.79307, 63.2185, 150.955
7.36348, -200.98, -105.475
7.27758, 3785.92, 1503.54
7.42745, 207.972, -296.554
7.30478, 182.421, 11.2157
3.0073, 892.754, 331.319
3.71505, 643.515, -84.2478
6.91151, 726.271, 0.131649
5.28805, 101.272, -38.5554
6.7669, 291.385, 27.0896
7.49145, -262.809, -126.52
3.99751, -4428.39, 1823.4
6.33157, -7971.67, -2603.79
4.81901, 867.419, -868.027
6.8168, 365.352, 21.1428
6.99018, 122.175, 155.283
7.377, 734.231, 67.265
2.77405, 486.062, -373.335
6.32605, 44.6963, -497.689
5.09219, 1540.51, -2341.61
3.46574, -574.067, -56.8669
6.98252, 220.022, 33.7194
6.38492, 141.34, -265.701
2.75968, 735.299, -1317.04
7.47331, 1505.48, -2446.6
5.93659, 196.83, -98.8745
5.94854, 1644.21, 893.13
6.57666, 2785.19, -1325.57
7.05426, 39.5126, 13.0458
3.34218, 2419.54, 4754.32
5.24183, 2694.35, -2028.05
6.53351, 107.96, -152.814
4.17803, 333.444, 26.1897
5.53435, -262.741, 511.79
6.59602, 1550.02, -2175.26
7.3485, 344.663, 76.6817
6.29349, 450.395, 270.163
3.72113, 85.8081, -996.235
5.80589, 470.205, 43.3699
4.21574, 657.247, 13.1263
7.27146, 161.513, -196.284
2.60828, 2800.36, -3114.46
4.54979, 246.892, -27.5858
2.55789, -3839.9, 3611.56
3.04964, 324.232, 1421.35
5.28259, 476.079, -572.318
4.45466, 156.622, -75.9184
7.20539, 204.015, 33.719
2.55572, -171.578, -124.719
6.22897, 923.509, -2232.53
3.84293, 147.789, 126.373
4.27153, 25.3564, -384.111
3.45835, 5786.49, -5944.55
5.14832, 643.196, 431.506
4.39478, -877.127, -4993.54
3.16407, 169.01, -139.337
4.26563, 168.682, 300.75
4.2497, -4723.52, 2457.53
7.41084, -2282.6, -1647.8
5.25961, -64.0923, 140.485
4.99918, -1959.61, -546.396
3.58531, 1413.89, -2116.15
4.37311, -346.156, -735.264
6.78251, 3041.3, 2726.33
6.45578, -2847.16, 5778.64
3.9204, 2738.16, -3439.15
5.07645, 233.814, 242.465
6.79238, 34.573, -88.0554
7.07844, 426.76, 164.245
7.48941, -1817.88, -1574.76
6.53177, 412.525, -103.506
5.22718, 90.8543, -379.047
7.3461, 682.521, 506.54
5.31931, 1233.45, 297.258
4.03031, -105.164, -759.427
5.41853, 426.612, 33.5135
2.91197, 256.223, -389.135
5.47382, 284.422, -55.454
3.31968, 2649.45, 5120.9
6.46527, -59.6508, -56.7153
2.95373, -508.245, 1534.34
6.3072, 94.4001, -640.175
6.83996, 245.22, -65.7818
6.40105, 182.307, -118.61
6.61399, -1889.03, -304.174
6.70974, 126.329, -241.366
4.48328, 344.23, 277.868
6.508, 122.681, 29.1041
6.56811, 347.139, 118.061
5.43493, 534.365, 1167.52
4.64621, 122.891, 489.857
2.5002, -1060.73, 434.294
5.31153, 376.259, 65.4401
6.22632, -342.595, 514.45
3.89846, 3200.36, 1901.41
2.93406, -767.977, -4511.43
3.5733, 724.623, 888.069
3.93296, 600.249, -144.564
4.86595, -316.175, -197.292
6.95893, -1824.39, -1590.89
5.91955, -283.649, 260.931
3.54376, -117.15, -222.383
6.67533, 152.098, -70.0385
7.09218, 119.43, -62.8669
4.48244, 242.196, 491.581
6.37858, 1709.28, 191.308
5.68161, 493.735, 39.4875
6.64746, -69.4174, -371.736
3.40204, 1387.94, 397.898
7.45927, 143.636, -36.3552
6.70558, 290.7, 36.1606
4.65177, 571.74, -622.075
4.38589, 275.7, -26.9731
2.70802, 521.497, -417.882
6.80715, -653.005, -1000.87
6.62116, -4126.09, 2496.86
6.25052, 1676.9, 1264.83
3.55801, 349.58, -314.749
4.31029, -269.676, -298.757
4.43545, -362.326, -231.763
7.32918, -3056.35, -1923.65
6.5872, 617.49, 103.455
4.5755, 1574.98, -262.142
5.83759, -180.379, 709.331
2.52101, -4016.4, 4177.11
6.98048, -81.1698, -187.58
3.68416, -315.498, 801.303
3.79415, 59.9771, -174.167
5.4939, 906.234, 109.679
6.89823, 297.833, -24.8106
6.16299, 264.294, -346.805
6.0773, 659.998, -261.074
3.57724, 5854.75, -261.775
6.30413, -4004.68, 3152.97
3.85351, -21.6206, -363.852
2.75246, 87.8807, -40.4744
4.78866, -1708.99, 518.12
2.58759, 286.902, 293.328
3.01129, 5928.33, -3784.78
2.639, 2632.05, -1562.27
5.65921, 312.672, -63.7775
6.34425, 149.536, 185.858
2.74132, 593.789, 37.2743
6.6924, 445.737, 788.684
6.76899, 267.961, -22.9937
6.57649, -244.004, 716.254
6.85188, 390.003, -4207.59
5.27222, 637.262, -50.3103
6.12646, 35.2232, 842.269
3.20424, -4354.24, 3669.92
6.6115, 255.873, -72.1636
5.51185, -2585.39, -2919.77
4.93856, 244.016, -292.744
6.14942, 149.188, -51.0062
4.05164, -1757.9, 1106.83
3.93925, 228.416, -341.588
5.45857, 2109.16, -2619.2
5.34055, -2971.79, 1624.93
5.41059, 2579.9, 2052.19
2.84132, -416.577, 443.66
4.34304, -1675.94, -408.284
6.28475, -315.068, 256.81
6.35297, 660.574, 2890.66
4.27217, 276.262, 645.149
5.98913, 381.132, 11.3565
5.08005, 1771.5, 1105.52
5.94494, 607.356, 14.6632
6.18066, -1700.95, -1240.55
2.56231, -2669.58, -1726.51
7.16549, 326.735, -150.236
5.37826, 91.6714, -148.709
3.05587, 841.907, 456.337
4.87388, 91.9316, -162.407
3.24247, 1759.54, -749.138
4.22594, -8363.2, -1868.79
7.04476, 119.664, 30.8549
4.54571, 2722.79, -1276.53
5.96642, 68.0955, -193.709
3.35865, 27.7163, 73.3926
6.21715, -4548.2, 1593.07
4.16319, 84.6646, 55.8425
4.62157, 208.623, -102.416
2.79523, 235.025, 542.751
5.09005, 200.623, 39.2764
5.94425, 30.6679, 260.603
5.01149, 101.249, -201.386
6.56617, 153.665, -61.5283
3.07974, 73.9978, -495.556
5.24841, 1053.95, -284.287
5.06046, 504.423, 217.075
6.02649, -1813.95, -1627.82
5.65083, 199.549, -2.32403
4.0207, 507.565, -20.3235
6.74719, 209.239, -36.7672
3.39619, 1462.76, -2186.71
2.61737, 235.092, 512.349
4.19467, -207.292, -110.25
3.43818, -1874.03, -1442.53
6.60467, 63.0452, -177.252
6.72507, 122.453, 2942.31
6.78031, -3017.37, 1644.67
7.37454, 265.903, -284.129
2.99587, 111.009, 694.083
2.56182, -3758.99, -2831.5
2.58614, 590.848, 693.985
2.64527, -363.191, 48.2686
4.1031, -1796.3, -1583.69
6.17815, -3054.52, 1828.93
3.14876, 563.319, 179.21
2.5161, -2735.3, -537.383
6.91905, -432.106, -396.236
3.70482, 449.283, -189.641
4.38481, 312.839, 1165.45
4.44879, 311.2, 46.0914
2.81534, 3494.99, 1329.21
7.30792, 276.929, 16.3634
3.75349, -18.7619, -22.1052
6.85376, 114.773, -105.259
2.85991, 2885.21, -3914.01
2.70653, 3730.21, -2361.95
3.46378, -556.262, 166.67
3.86708, -1966.73, -1928.97
7.4007, 168.022, 40.3206
3.60607, 1146.92, -4818.81
6.43119, 1537.61, -2330.18
4.42306, -206.024, 1409.38
3.78593, -2776.39, 3182.27
3.91087, 312.198, 433.016
7.33834, 1018.37, 276.052
4.22841, 226.507, 66.5579
3.45922, -547.891, -716.292
5.05037, 99.0107, 120.299
5.21857, 1084.36, -4308.84
5.72333, 1016.16, -82.0142
3.89738, -734.311, 213.99
3.41887, 498.666, -439.399
2.71579, 2144.13, -2493.58
3.98408, 504.509, -131.667
4.25548, 1063.25, -627.629
7.09372, 286.332, -95.8069
5.81225, 311.086, 485.092
5.08041, -1891.18, -1562.75
4.03763, 199.105, -121.596
3.0007, 1797.94, 1929.9
3.47502, 129.567, -89.528
4.11407, 2977.13, 3063.04
5.56182, 441.132, 279.02
5.13511, 2636.66, -1221.52
3.45653, -101.751, 693.255
4.7178, 5214.57, 3053.45
4.48693, 6013.29, -1173.04
6.28051, -15.2964, -529.229
6.6213, 642.283, -237.453
5.51573, 168.403, 99.3968
3.04573, 268.154, -280.965
4.11797, 2310.19, -640.258
5.03403, 200.85, -52.4038
4.76521, 45.6528, -66.8063
4.77315, 649.526, -50.8835
4.91125, 252.368, -62.1542
5.07896, -4162.35, 727.839
4.50207, -2076.68, -991.618
4.22945, -515.807, -427.524
6.64533, 342.191, -110.569
3.02204, 2209.54, -1420.74
6.40057, 71.7054, -107.796
3.19919, 924.251, -476.003
2.62171, 3631.81, 4121.8
6.0664, -128.186, 1200.41
7.15538, 413.681, -322.813
7.47667, 381.187, 216.521
3.86264, 301.863, -206.334
3.6923, -1852.29, 282.237
3.87328, -405.491, -2935.25
5.70836, -367.999, -504.491
5.17637, 330.272, 103.69
6.8967, -2651.3, 4642.47
6.75968, -195.559, -135.1
2.98004, -63.2101, -541.101
4.66818, 156.399, 128.281
3.17045, -321.414, 322.328
5.86802, 133.972, -90.6039
5.34964, 23.7641, -664.692
3.66474, 123.235, -997.046
5.50306, 681.383, 146.966
2.6551, 233.754, -163.945
7.08512, 114.158, -47.8972
3.82958, 365.569, -661.998
6.50016, 199.713, -51.4573
5.46389, 321.373, 166.199
5.0822, 629.952, -6.06706
5.2567, 1945.44, -1012.37
3.47225, 733.765, -287.898
5.36152, -2782.49, -62.4754
3.81992, -592.589, 6285.95
4.41648, 2584.46, -5359.25
2.73626, -553.603, -435.448
4.22823, 371.849, 233.422
3.61594, -2824.84, 6759.35
3.81264, -71.9477, -313.996
3.05141, -169.665, 132.269
7.40088, 290.819, 171.142
5.93794, 670.113, -251.494
5.82158, 291.814, -286.847
5.99501, 589.593, 366.343
2.68746, 123.586, -70.2279
3.6706, 43.5122, 46.896
3.95397, -5204.92, -7833.62
3.50543, 37.4671, 27.2837
2.7177, -2476.87, 3694.49
2.56571, -608.628, 150.083
6.07297, 5581.82, -1770.13
6.88348, 185.431, 26.4881
5.35088, 1692.95, -3160.13
6.92743, -2823.65, -3227.98
5.20042, -1446.78, -366.202
3.31357, -1673.12, 211.622
3.30492, -2610.86, -1979.08
7.19182, 299.258, -199.362
3.45628, -88.4157, 246.121
3.15761, -2800.3, -289.543
4.41122, 460.604, -285.51
6.12674, -589.885, 2696.52
2.50651, -6078.44, -446.931
4.60222, 4324.89, -2455.41
5.18984, -536.014, -73.6435
4.86596, -1135.3, -633.054
6.33003, 91.6071, -522.472
2.9396, -876.867, -767.883
7.04284, 92.7931, 269.015
3.20818, -349.371, -268.214
2.54782, 137.511, 661.597
2.82267, 218.774, 436.401
4.96742, 41.1614, 281.932
5.40914, 228.366, -109.811
4.03373, 3570.52, -6255
4.57091, 448.47, 339.756
4.33401, 1470.09, 1732.41
3.42687, 394.722, -2310.34
2.76788, -2547.55, -2358.96
4.47222, 422.365, -205.206
3.98388, -1093.19, -1266.88
5.05388, 21.4226, 116.957
3.75392, 2155.37, -3511.23
5.01589, -1166.72, 2064
2.51168, 519.245, -610.119
7.01807, -5086.82, 2429.92
2.79181, 3145.78, 3229.7
5.17506, 183.739, 2977.38
3.95754, 2545.48, -1098.17
7.3023, 250.14, -7.95879
4.73406, -3070.97, -1202.02
5.08479, 258.505, -37.4068
5.93861, 635.955, -407.207
2.72187, -55.5639, 368.167
7.2946, 3489.01, -2541.03
5.70852, 205.784, -267.645
2.80215, 225.934, -28.8053
3.33964, 506.163, -153.247
5.76491, 276.377, -380.799
6.19864, -396.913, 2295.81
3.57011, -87.7626, -588.262
4.31441, 694.78, -1850.98
6.56981, -262.654, 460.975
5.32057, 106.901, -100.73
7.45886, 136.844, 34.0058
6.5669, 331.573, -88.1135
3.49157, 3140.78, -4006.77
2.50003, 145.283, -78.2415
4.62608, -3127.91, 3746.68
4.07406, 1786.96, 1135.05
5.56218, -3364.53, 542.321
3.83351, 288.946, 159.279
4.39881, 1441.67, 502.217
5.43397, 176.245, -135.356
5.95636, -1842.34, -80.6746
7.26736, 168.18, -42.9089
4.89785, -8.92047, 945.733
3.60319, 184.461, 378.576
5.33741, 928.811, 685.276
6.09873, -179.805, -243.535
4.4953, 1840.8, 36.5773
3.48326, 286.584, 115.578
6.66971, 58.7085, -36.2643
5.59561, -65.9128, -498.083
7.26866, -81.5491, 168.258
3.23222, -560.465, 240.818
5.38953, 48.9601, 14.7784
7.26796, 148.026, -69.2841
3.62331, -5153.62, 2464.99
7.25137, 275.715, -51.7539
3.07874, 1113.18, -500.663
2.58372, 635.895, 118.776
3.90465, -191.325, 343.061
7.15042, -64.8427, -373.263
3.04796, -707.065, -362.904
6.77266, 324.416, 1.43845
5.68532, 202.022, -195.012
5.63853, 196.855, 78.7854
3.80589, -668.715, 1373.03
5.13936, -788.214, 236.566
7.16608, 1839.88, 803.393
3.98055, -1194.57, 106.419
4.78006, 122.979, -65.4303
6.35659, -981.952, 4290.25
4.17193, -1825.54, -3060.16
6.31775, 502.381, 265.847
6.65892, -2054.94, 2327.34
2.64618, 2276.43, -1426.41
4.31315, -191.392, -852.616
4.16221, 91.3053, -133.646
3.17675, 1805.7, 1806.75
3.00839, 1200.01, -3683.03
5.11327, 164.022, 117.551
3.52046, 599.624, 68.215
5.00728, 108.02, -58.6123
5.1371, -4527.64, 3026.8
4.13422, 25.7804, 20.6161
4.75888, 86.2356, 502.909
6.85263, 100.343, -45.4328
4.72884, 63.9065, -141.661
6.03726, 209.047, 59.4454
6.83171, -1752.81, 344.766
6.5822, 636.464, -737.243
2.67504, -3523.68, -1372.64
3.8644, -811.993, 2006.29
5.21858, -1348.99, 899.201
3.19942, 3849.04, -624.396
5.57408, 235.561, -97.4211
3.29182, 627.988, -94.8064
4.41129, 749.196, 156.622
5.94997, -539.548, -306.56
3.21128, 3625.01, 0.19607
5.65284, -100.079, -274.212
3.15973, -3042.53, -1526.97
7.13583, 107.456, -85.2731
5.53465, 4925.02, -7520.7
5.50388, 427.321, 609.872
3.33635, 751.631, -172.102
3.301, -1392.81, 1982.77
5.91628, 175.436, 203.138
5.1456, 19.7938, 365.151
3.65264, -1887.45, 1055.6
6.55373, 324.655, 57.687
5.76477, 208.952, 14.8224
4.08597, -31.6402, 737.449
2.53953, 61.4219, 306.963
3.49176, 608.221, 150.174
3.78831, -110.076, 79.1013
3.03825, 119.49, -853.447
3.49545, 195.111, -679.64
6.75079, -5277.83, 2804.95
6.63912, 352.288, 418.387
6.76813, 96.5676, -32.8774
5.71027, 215.826, 38.841
3.6787, -2666.97, 2767.32
6.80638, 252.053, -35.823
5.4745, -148.051, -98.774
2.52745, -1701.34, -1290.45
6.84925, -357.094, -884.932
7.37729, 300.217, -143.353
5.59653, -1825.5, -1586.93
3.85574, 114.95, -76.4194
7.46973, 190.196, -8.16069
4.60751, -1026.93, -579.04
4.20537, -144.807, 29.1815
4.80717, 227.192, -34.8874
4.44822, -1002.73, -2757.68
4.613, -4402.13, -835.522
2.84879, 61.6939, 30.5208
5.5153, 393.219, -167.911
7.36114, 391.996, 119.478
5.07406, 406.863, -187.782
7.45461, 135.496, -82.8402
5.84906, -2388.16, -5586.97
4.01716, 103.494, -223.648
3.47371, 662.331, -256.805
4.0109, -776.572, -144.48
4.93946, -208.679, 20.5671
4.72438, 578.94, 36.4028
5.7844, -539.602, 167.32
3.74227, 5437.85, 3083.87
4.72007, -1261.22, -1020.89
5.75894, 106.574, -218.543
6.67472, 306.344, -13.5849
6.03698, 125.875, 700.427
4.93928, 120.482, -755.972
6.72039, 399.687, 103.319
7.00296, 822.885, -729.467
6.33082, -79.8103, -151.404
5.29453, 612.83, 849.632
2.70603, -723.406, 344.079
5.46749, 159.509, 183.927
2.68674, 3.3986, -3640.79
4.53488, -825.17, 890.191
2.84243, 318.288, -299.585
7.38558, 87.1271, -242.002
2.5956, 1817.66, 2889.02
6.60363, 225.018, -244.573
5.2195, 3597.2, -3028.76
5.72828, 184.02, -146.447
3.62934, -455.587, 65.0815
2.733, 568.908, 2993
3.63154, 501.196, 248.371
4.58371, -49.8217, -2453.41
6.40126, -23.005, -78.5302
3.72852, 1542.66, -2178.53
4.81411, -72.5014, -28.0694
6.14756, -960.936, -366.916
5.35237, 5043.08, -687.527
5.45997, 430.986, 130.661
4.98425, -959.856, -141.486
3.951, 232.761, -39.5656
4.71107, 90.1678, 365.803
2.53669, -2868.2, 6319.92
7.41683, 168.117, -30.3645
2.52822, 310.502, 117.12
4.8676, 1969.34, 647.461
5.86497, 3440.3, 5880.97
