6.27803, -676.591, 281.228
3.5948, 298.357, 575.331
5.89648, 463.928, -300.841
5.09708, 9.90952, 84.9061
2.76731, 1009.36, -1192.14
2.53849, 401.838, -205.598
4.58743, 1482.05, 819.36
7.15218, 160.27, -200.566
2.95982, 26.8633, 273.213
6.00595, 537.777, 536.153
3.81226, 103.497, 42.5388
4.14117, 19.2741, -36.3889
7.45519, -384.916, -555.042
7.41275, -85.1511, 246.699
5.75759, 8.9325, 444.703
6.92354, -35.9037, -300.672
6.33247, 20.2174, -0.110079
3.87453, -523.652, 235.148
4.93259, -50.3608, 291.679
2.80282, -1147.32, 25.5533
5.08146, -37.072, 325.647
4.96988, -923.624, 300.652
7.23882, -297.837, -70.0052
4.42071, 48.4934, 375.834
5.14874, -711.259, 383.952
2.75042, -265.145, 905.971
6.63909, 220.774, 502.161
5.94228, -243.79, -95.6977
6.18112, -131.428, 135.387
6.94286, -807.665, -956.612
4.25508, -21.7225, -96.6554
6.72991, 100.207, 415.047
3.84659, -7.64908, -147.897
4.83959, 590.68, 175.551
3.2686, -75.0352, -353.692
2.66527, 67.1683, 153.005
7.2768, -482.238, -546.857
6.95369, 238.187, 145.767
3.29884, -728.449, -26.9796
3.15214, -692.255, -312.549
2.515, 420.769, 49.2966
6.0491, -29.2311, -313.523
3.40448, 572.603, -206.568
5.76029, 38.3163, -318.64
4.42907, 41.3285, -238.937
3.23766, 285.691, 604.045
5.45054, 154.948, 233.401
3.24076, 722.88, -304.941
3.2091, -643.808, -587.067
4.94257, -190.372, -331.131
3.13015, -587.442, -21.4846
5.64635, -517.966, -117.512
5.60817, -269.96, 25.0532
4.88216, 744.23, -1024.86
2.64188, 458.83, 697.826
3.21011, 893.431, -288.51
3.15594, -126.948, 128.949
3.31099, 530.913, -760.911
3.76529, 456.412, -154.767
4.77654, -1166.37, 657.549
6.54472, 172.929, 92.8294
3.57624, -9.97, 293.526
3.75063, 61.5287, 585.133
5.02978, 173.503, 424.772
6.27922, 131.167, 72.3743
5.66369, -321.117, -810.092
5.9449, -782.921, -551.398
7.27207, -709.756, -305.233
5.18713, 888.492, -495.487
4.57014, 145.732, 684.471
4.70019, 102.148, 440.615
6.07821, -643.985, -724.472
6.20858, -473.416, -700.269
5.12494, -844.138, 762.127
6.06711, -72.0675, -35.3188
5.91025, 255.097, -29.6842
6.82941, 585.877, -439.965
3.19597, 582.157, 172.128
3.57766, -258.59, -5.8409
5.0733, -163.904, -302.723
4.83766, 149.085, 372.147
3.55759, 423.884, -718.403
5.65244, 518.972, -397.758
2.5044, 591.49, -822.905
4.09589, 3.67565, -1284.04
5.90281, 6.22002, 115.439
6.0446, -100.222, -382.418
2.90869, -22.258, -0.182442
3.56926, 168.875, 99.1694
4.44412, -206.856, -21.4361
4.44927, -1072.62, -452.541
3.92018, 201.863, -235.682
4.6123, 137.693, 341.525
2.55658, 645.015, 13.5319
3.72027, -953.034, 554.156
4.49072, -151.957, -943.04
6.64177, -41.8731, 73.3991
3.78584, -517.855, 333.798
3.59705, -339.315, -382.139
6.47385, 307.489, 332.635
5.8476, -433.889, -434.677
5.49108, -99.1915, -490.493
5.99917, 819.184, 338.539
5.13062, -120.899, -112.925
4.14833, -93.1774, 4.09482
3.30844, 652.049, 74.6795
6.56633, -184.956, 18.1619
4.08004, 553.191, 211.765
4.05369, -84.2801, -159.644
4.65424, -22.607, 75.9394
4.46509, 523.698, 143.926
4.43916, 160.513, -365.346
4.34871, -55.8, 222.493
5.88118, -538.591, -379.676
6.10384, 604.227, 16.1455
7.20082, -678.523, -43.9542
5.08573, -126.934, -73.0405
5.5282, 540.619, 536.077
5.85049, 518.064, -762.049
5.11404, -448.528, 181.741
3.87105, 381.755, 45.4476
7.08924, 206.282, 335.302
3.73367, -4.39032, 126.737
4.77876, -400.832, 202.317
3.30374, 193.811, -261.149
4.68319, -64.1179, -319.796
7.45767, 260.719, -174.201
6.26931, 518.002, -798.581
4.97846, -93.4216, 70.8478
7.01651, -15.4081, -32.0987
4.68213, 162.84, 363.787
5.09239, 666.3, -528.679
4.44866, -673.578, -612.39
5.63431, -98.9949, -126.551
5.19331, -40.3082, -137.898
4.35955, 263.478, -50.0983
2.54674, -210.62, -16.9434
6.3794, -15.4249, -116.147
2.85317, 94.2, 218.038
3.98511, -79.2057, -319.534
4.78581, -186.797, 106.358
3.25156, -54.2378, 39.8296
5.97819, 330.917, 297.456
4.15587, 142.921, -310.533
5.21197, -643.235, 1057.94
2.64678, -926.964, -97.0321
5.38086, -275.201, -433.038
5.18133, 162.191, -218.994
7.36678, -358.564, 553.901
5.57063, 13.9177, -23.7049
5.26431, 606.753, -679.811
6.69051, -145.582, 65.2164
3.75764, 75.4484, 382.773
6.98957, 174.574, 16.2707
5.97428, 346.18, -176.321
5.82752, 320.279, 737.433
3.06838, 474.027, 343.133
3.37987, 465.229, 189.774
2.91253, 184.515, -258.615
6.68103, -290.014, 500.558
2.64818, -345.549, -192.518
6.34719, -150.665, -80.4991
4.29829, 212.302, -873.996
6.24626, 667.972, -350.807
6.28385, 195.362, -40.2375
3.60834, 670.52, 150.02
5.58305, -124.539, -124.637
3.66846, -18.0201, 219.109
6.22052, 151.146, -793.916
5.80997, 378.495, 541.115
4.9209, -555.851, 1072.04
2.58972, -626.276, 256.29
4.98291, 72.3042, 412.712
5.09587, 52.0781, -191.57
4.71395, 626.412, 724.157
4.14528, -613.075, -46.0409
3.52671, 188.792, -161.997
7.19863, -245.498, 537.156
2.85168, 766.62, 494.413
3.30042, 78.5193, -206.695
6.70788, -33.4234, -202.349
4.13614, 393.752, 302.492
6.85942, 14.7766, 390.889
5.99896, -424.183, -230.958
5.52801, 153.66, 160.856
4.77536, 431.491, 439.842
2.91543, 949.046, -189.998
3.94883, -588.28, -656.949
6.51009, -213.175, -39.1019
6.81821, 460.174, 377.212
3.81831, -1070.63, 161.621
4.79881, -74.9329, -266.141
4.95672, -59.6968, -279.553
5.82344, 507.367, -610.091
7.31738, -89.8267, 182.826
7.23022, 304.523, -65.2066
2.81902, -109.531, -434.125
5.04829, -96.1793, 41.5555
6.13222, -344.931, -110.048
5.65882, 299.534, -79.3812
3.26658, -161.558, -174.448
5.09652, 626.909, 727.965
3.52281, 1207.54, -463.152
6.03231, -144.122, -275.924
6.05786, -77.9711, 1257.67
3.66304, 302.601, 73.1388
6.80594, -278.108, -206.609
2.67122, -281.682, -654.392
6.26587, -8.83217, 263.777
4.14789, -115.657, -28.2691
4.65309, 1039.21, -65.746
7.33455, 322.727, 369.143
4.05803, -484.761, -599.661
5.69762, -1209.9, 192.051
5.95386, 118.247, -85.3904
5.36403, -24.0472, -193.573
6.60667, -641.756, 1057.73
4.21807, -748.316, 513.154
5.09387, 230.682, 332.042
6.78438, 602.054, -5.58894
6.18587, 525.84, 340.84
3.45992, 51.0295, -211.109
2.83145, 89.4328, 175.234
3.60828, -995.967, 603.385
3.33656, 85.0955, 83.8334
6.31172, 40.9092, -47.9659
5.44905, 246.472, -740.644
4.65223, -1320.56, -254.415
7.09618, 574.776, -339.326
5.09668, -303.479, 292.346
7.38058, -456.243, 184.79
5.15714, 396.534, 301.371
2.98716, -189.525, 959.829
5.83983, 238.818, 328.125
5.44444, -343.892, 731.658
5.01137, 14.2028, 283.233
2.75808, 696.777, -220.772
2.6753, 619.401, -165.401
4.41484, 144.079, -2.78002
5.55555, -533.818, -851.455
5.06574, -1307.84, -250.53
5.98498, -217.668, -132.115
4.89891, -166.538, -235.506
3.88323, -1196.88, -52.4347
6.01685, 12.2423, 890.704
3.67701, -113.35, -51.5855
6.41501, -83.7574, 109.093
6.60589, 563.922, -449.254
3.21842, 490.101, 684.998
5.75757, 590.627, -486.166
3.87677, -298.215, 328.854
7.26215, 96.8023, -295.976
4.58238, -21.1574, 26.0723
3.03869, 99.0516, 372.011
4.70633, 349.278, -95.8971
6.28811, 164.939, -44.2494
2.77803, 533.156, 493.441
3.51241, 93.438, 205.952
6.82305, -258.869, 337.937
6.52456, -200.784, -25.4592
2.78861, 265.985, 716.393
4.40304, -46.8617, 66.2332
4.56124, 197.555, 138.585
2.80071, -513.069, -121.294
7.09746, -540.202, -541.588
3.35398, -289.488, -245.909
6.51634, -77.1332, 190.383
3.88599, 412.204, 452.837
4.44586, -279.616, 35.5987
7.19936, -745.011, -255.396
6.24573, -0.848731, 835.17
3.44774, 385.178, -584.653
6.89581, 153.43, 83.6204
6.8953, -38.3564, -223.543
3.30515, -188.035, -37.1357
5.87346, 29.3943, 375.718
6.89096, 185.242, 12.4635
6.98262, -428.835, 834.601
3.06535, -179.537, 43.6939
5.93789, 274.144, 512.906
3.21651, -206.663, -422.795
3.6901, 232.9, -30.5381
5.64383, 448.212, -468.262
4.312, 206.239, 389.791
4.64437, -676.908, -532.877
4.91936, 465.146, -268.69
6.20379, -245.931, -293.564
3.23098, 634.82, -329.231
7.36238, -188.113, -160.632
7.3158, -31.0809, 64.5882
3.14741, 282.3, -285.35
5.3784, -422.38, -303.12
4.66439, -332.502, 288.578
5.50066, 18.1584, 304.787
5.85098, 109.356, -103.814
4.5137, -824.76, -318.769
6.46691, -663.916, -554.663
4.89889, -682.855, 665.742
5.72449, -606.563, 267.46
4.28836, 1013.63, -263.214
5.96794, -61.7542, 583.009
5.83428, 294.939, 446.514
3.22071, 532.779, -302.808
7.10415, 81.0595, 172.799
4.22228, 495.844, 971.789
6.66824, -283.973, -241.827
2.74349, 281.63, -254.948
3.27936, 113.537, 37.8225
2.55765, 462.262, -343.72
3.94327, -25.6338, 74.446
5.07295, 340.517, -217.155
3.65948, 58.1967, -983.112
2.75022, 379.745, -192.396
5.33091, 19.2195, 287.558
6.69774, -223.337, 142.23
4.28763, 383.535, 618.93
4.3452, 258.423, 394.313
7.22226, 173.948, 236.472
4.72425, -539.064, 363.448
6.82086, 85.8921, -59.0264
5.82654, 337.574, -427.057
5.79297, -376.803, -480.032
7.10736, 787.471, -574.137
5.11536, -855.923, 765.205
5.45229, -653.867, -219.648
5.79944, -204.008, -866.056
4.24765, -691.431, 295.931
4.11714, 358.097, 10.5966
7.08984, 258.857, 355.522
3.08619, -872.656, 391.862
7.31268, 305.154, -52.0533
5.17978, 300.025, -281.769
5.81447, -516.353, -179.822
5.48362, -929.852, 429.059
6.93363, 70.5309, 276.575
6.67999, -184.48, -182.576
6.69339, 248.399, 353.976
6.85642, -120.742, -268.709
2.5002, 375.361, 586.774
4.77274, 90.1374, 432.762
4.25696, 819.557, -106.995
5.80713, 810.36, -855.641
6.22234, 235.706, -166.133
3.3821, -349.147, -950.031
7.4621, -459.357, 674.823
5.95466, 421.616, -291.736
6.97862, -81.055, -63.1134
3.51579, 46.8612, -130.79
7.2356, 217.091, 569.74
4.88476, -956.281, 480.89
6.78578, -992.032, 603.107
6.41237, -334.686, -384.145
5.70687, -851.083, 755.066
3.14521, -244.337, 386.028
5.77944, 101.113, -600.694
3.09199, 49.4643, -43.5088
3.88793, 788.143, -20.5351
6.65548, 289.268, 851.031
6.14153, 927.49, 1102.21
6.74348, 868.067, -655.274
3.43989, 65.5192, -492.304
6.09602, -24.7894, -433.501
4.25586, -385.144, 420.777
3.34555, 547.981, 627.181
4.52383, -779.586, 158.748
4.20924, -17.4779, 315.568
6.67141, 32.5213, 103.99
3.9111, -649.834, -1049.79
5.16766, 279.977, 326.169
6.25085, -349.923, 350.707
4.62554, -23.0909, 191.736
4.66964, 856.835, -140.186
3.03022, -969.576, -224.923
6.4639, -93.4825, -225.292
3.91232, -218.315, -203.334
7.14264, 839.761, 896.215
5.37926, 207.886, 338.477
3.4895, -38.996, -475.335
5.99081, 38.2749, 231.994
3.07265, -206.449, -333.648
4.22945, 533.629, 511.808
4.15646, -188.882, -200.206
6.42735, -972.459, 468.229
6.65775, 254.328, 416.123
4.21712, 688.145, -424.288
4.2603, -57.9775, 212.7
6.38197, -181.847, 106.793
6.58658, -374.469, -419.502
4.26157, 80.7616, -350.466
7.09559, -140.356, 94.6958
3.2877, 550.463, 337.416
5.56029, 598.076, -494.935
5.54222, 96.8345, -31.7992
3.16647, 659.729, 878.911
3.51409, 790.139, 1124.91
4.79457, 117.055, -71.0313
3.48759, -511.532, 221.609
6.77118, 186.542, -250.813
6.54562, -330.712, -156.189
2.80131, 461.259, -717.903
6.50584, 424.514, -1074.24
5.49597, -52.9027, -37.4262
7.43182, -16.1501, 70.3636
2.65919, -645.393, -15.7401
6.8356, -716.008, 855.225
3.69109, -78.3112, 354.052
3.6127, 262.157, -683.572
4.73907, 1248.11, 584.795
2.61231, 326.946, -195.31
6.79755, -45.649, -12.6546
4.15902, 380.48, -1437.14
5.72195, -366.023, -334.791
7.43521, 574.835, -76.8463
5.30162, 91.9842, -448.264
4.74553, -28.9344, 140.177
5.213, 129.258, -4.30899
2.90797, -228.253, 17.346
3.99606, 922.54, 637.729
6.63964, -990.086, -269.04
6.48936, -678.44, 83.1514
5.71048, 87.0266, 118.217
4.84105, -328.484, -279.347
7.15326, 293.06, 808.534
5.08798, -131.925, -244.933
7.42924, -966.98, 663.927
5.94567, -24.1217, -59.2532
6.19966, 22.0324, -59.0231
3.46323, 639.645, 325.217
6.08881, 847.458, -592.827
6.11146, 138.452, 331.43
6.49298, -239.938, -326.103
4.23216, -949.556, 191.025
5.1481, 189.441, 554.186
3.19001, 111.73, -533.629
6.73218, -95.7623, 35.4505
6.32766, 365.285, -268.514
7.5, -942.591, 412.039
4.24891, -1291.78, -569.836
5.50367, 805.015, -68.1255
3.50808, 18.5647, 1025.28
6.2385, -764.689, 152.411
6.49225, 339.25, 362.697
3.03505, -542.597, 518.008
5.35813, -2.14256, 293.579
2.84683, -1252.81, 493.895
4.16036, -134.442, -286.173
5.80945, 30.8949, 55.8905
5.27726, 260.684, 895.377
7.12415, 118.829, 71.4457
2.69832, 229.001, 359.868
2.62083, 646.758, 587.058
4.61923, -15.6416, 285.163
4.36987, -42.7794, 287.987
2.93303, 601.82, 409.114
3.05403, 120.77, -92.3424
5.31992, -804.663, 157.426
7.37269, 37.9177, 236.566
3.05066, 66.141, -973.96
5.99352, -790.991, -939.231
2.79674, 287.182, 817.059
4.69755, 236.964, 56.9515
5.24651, -599.858, -493.363
3.45129, 47.2754, -78.0641
7.36597, -45.9023, -301.858
3.19593, -121.173, -410.838
5.48978, -739.702, 296.419
7.12812, 187.92, -732.061
3.91116, 47.9006, 304.314
6.8307, -219.969, -2.17513
6.29598, 524.317, -448.66
6.10793, 99.2896, -333.021
3.34241, 386.385, 489.736
3.32882, -439.071, -508.393
3.39076, -202.047, -260.887
5.87226, -17.1497, -317.658
4.83484, 76.8189, -143.562
6.85219, -2.75919, 292.986
5.76023, -31.9392, -249.747
5.80464, -483.935, -156.768
2.58037, 283.95, 354.497
4.30596, 1158.42, 757.542
3.72747, -60.851, -454.807
6.93086, 649.938, 607.628
5.23701, -1398.69, 6.02887
6.57209, 196.29, -299.521
5.24453, -300.184, -629.602
4.16156, -16.7206, 409.256
4.40213, -486.657, -742.94
2.52389, -510.373, -25.9679
6.95226, 93.6595, -29.7346
6.16955, 582.672, -78.9557
6.04239, 161.405, 449.132
5.1278, 634.783, -509.021
6.41065, 85.93, -13.552
3.42484, -118.798, 318.33
5.72673, 5.27935, 152.196
3.42178, -32.5971, 223.035
3.31214, -715.292, 190.069
2.65594, 557.118, -88.9163
7.42716, -114.35, -50.3009
4.04559, -18.5301, -123.989
4.11075, 43.8153, 275.288
5.51155, 177.737, -13.4971
2.89107, 918.678, 100.123
3.93936, -296.294, 200.506
5.79307, 582.252, -301.701
7.36348, -188.19, 169.275
7.27758, 696.269, 212.735
7.42745, -266.329, -297.487
7.30478, 100.082, 186.084
3.0073, 53.611, -367.233
3.71505, 64.7096, 384.256
6.91151, -185.869, -158.361
5.28805, 347.213, 262.107
6.7669, 88.6694, -38.5552
7.49145, 608.163, -389.439
3.99751, -801.233, 774.907
6.33157, -1464.14, -584.732
4.81901, -718.57, 33.8871
6.8168, -35.2655, 69.6625
6.99018, 178.609, 98.7343
7.377, -200.417, -213.623
2.77405, 190.772, 61.0772
6.32605, -339.478, 169.1
5.09219, 617.894, -741.787
3.46574, 45.8542, 269.258
6.98252, -296.993, -87.1832
6.38492, -78.5615, 113.479
2.75968, 77.623, -63.1001
7.47331, 478.918, -763.881
5.93659, 181.582, -235.139
5.94854, -522.901, -175.541
6.57666, 745.784, -462.182
7.05426, -20.1719, 302.363
3.34218, 338.999, 1157.35
5.24183, 741.437, -540.345
6.53351, 20.8135, 203.693
4.17803, -44.0073, -141.511
5.53435, 313.076, -283.708
6.59602, 341.273, -732.114
7.3485, 334.005, 34.7289
6.29349, 0.0275484, -173.652
3.72113, 382.754, -203.059
5.80589, 240.589, -209.925
4.21574, 182.365, 62.917
7.27146, -194.502, -129.135
2.60828, 293.064, -867.225
4.54979, 620.007, -271.623
2.55789, 17.9364, 769.884
3.04964, 206.586, -75.2698
5.28259, 491.367, -720.887
4.45466, -200.435, 135.182
7.20539, 9.31149, -110.036
2.55572, -479.197, -194.161
6.22897, 152.273, 398.275
3.84293, 10.7461, -44.6674
4.27153, -320.352, -88.8532
3.45835, 1065.98, -1167.05
5.14832, -6.24694, -90.9512
4.39478, -228.228, -932.823
3.16407, -84.1938, -78.6373
4.26563, 431.503, 21.2577
4.2497, -1127.94, 424.691
7.41084, -790.894, -532.943
5.25961, 6.63908, 307.617
4.99918, -722.644, -225.034
3.58531, 486.287, -645.366
4.37311, -118.215, -110.089
6.78251, 227.171, 207.046
6.45578, -564.808, 871.306
3.9204, 778.24, -767.165
5.07645, 226.435, -560.676
6.79238, 144.572, -128.854
7.07844, 206.419, -461.56
7.48941, -634.173, -553.243
6.53177, -386.629, -443.834
5.22718, -71.3558, -319.036
7.3461, 400.75, -169.216
5.31931, -184.424, 202.904
4.03031, 577.805, -402.779
5.41853, 235.59, -78.2956
2.91197, -34.6825, -492.113
5.47382, 50.7666, -83.2382
3.31968, 507.355, 685.368
6.46527, 294.041, 514.018
2.95373, -542.37, 165.204
6.3072, -244.592, 66.9529
6.83996, 92.2435, -51.6026
6.40105, 339.069, 49.103
6.61399, -699.389, -450.142
6.70974, 215.001, 127.967
4.48328, 543.389, 215.725
6.508, 210.075, 1.58346
6.56811, 324.953, 71.075
5.43493, 499.71, 733.233
4.64621, 26.8938, -134.445
2.5002, 427.318, -477.244
5.31153, 187.369, -287.647
6.22632, 230.655, 354.769
3.89846, 817.84, 375.538
2.93406, -60.0183, -1157.3
3.5733, -485.928, 74.0171
3.93296, -278.849, -108.869
4.86595, 308.658, -308.52
6.95893, -691.876, -589.254
5.91955, 287.549, -141.732
3.54376, 25.9891, 29.2933
6.67533, 21.6196, 22.3154
7.09218, -485.001, -341.461
4.48244, 571.843, 345.78
6.37858, -123.263, 289.229
5.68161, -233.943, -170.506
6.64746, -302.57, 203.536
3.40204, 85.8872, -201.028
7.45927, 318.46, -50.1574
6.70558, 237.559, -490.111
4.65177, -522.801, 44.0211
4.38589, -570.363, 107.025
2.70802, 206.618, 76.8745
6.80715, -283.908, -261.609
6.62116, -852.957, 630.341
6.25052, 54.3279, 331.846
3.55801, -46.6238, 213.464
4.31029, -144.634, 271.794
4.43545, 341.018, 472.336
7.32918, -884.838, -631.108
6.5872, -242.921, -47.6115
4.5755, -484.815, -92.3668
5.83759, 234.954, -37.7263
2.52101, -952.664, 548.709
6.98048, -41.7711, 71.647
3.68416, 505.042, 493.629
3.79415, -11.7306, -198.702
5.4939, 226.982, -194.302
6.89823, -700.653, 114.869
6.16299, 675.267, 214.756
6.0773, -558.585, -293.107
3.57724, 1277.88, -95.0554
6.30413, -1051.95, 638.369
3.85351, -128.942, -242.726
2.75246, -328.426, -280.751
4.78866, 173.553, -212.126
2.58759, 241.549, -195.504
3.01129, 858.417, -707.886
2.639, -433.209, 177.771
5.65921, -157.002, -351.69
6.34425, -78.7441, 50.1116
2.74132, -675.127, -266.384
6.6924, -292.614, -283.992
6.76899, -61.1035, 203.063
6.57649, 514.846, -508.158
6.85188, -203.007, -800.678
5.27222, 30.8318, 336.559
6.12646, 53.385, 721.555
3.20424, -1117.31, 467.83
6.6115, -22.2107, -314.02
5.51185, -540.361, -850.253
4.93856, -24.6687, -194.932
6.14942, -107.166, 145.385
4.05164, -777.803, 452.975
3.93925, 91.5511, -530.148
5.45857, 645.207, -870.399
5.34055, -871.818, 198.952
5.41059, 1062.26, 423.965
2.84132, 367.935, -679.993
4.34304, -456.181, 394.916
6.28475, -127.567, -85.89
6.35297, 720.642, 768.066
4.27217, -46.3694, 72.2381
5.98913, -141.645, 30.8521
5.08005, 736.642, 395.742
5.94494, -137.301, 162.961
6.18066, -728.653, -773.627
2.56231, -754.36, -605.036
7.16549, 12.3403, 205.045
5.37826, -564.538, -282.548
3.05587, 71.1811, -298.127
4.87388, -1.83868, -125.171
3.24247, 83.9629, -292.721
4.22594, -1725.92, -456.79
7.04476, -267.503, -78.9694
4.54571, 742.006, -471.315
5.96642, -80.126, 179.798
3.35865, -168.744, -193.086
6.21715, -711.348, 416.215
4.16319, -46.4101, 105.113
4.62157, 96.5908, 100.584
2.79523, 460.337, -273.346
5.09005, 200.224, 457.196
5.94425, -162.697, -228.378
5.01149, -58.7445, -248.196
6.56617, -195.722, -224.465
3.07974, -32.945, 109.726
5.24841, -54.4025, 412.13
5.06046, 232.426, 125.019
6.02649, -658.088, -557.116
5.65083, -189.522, -41
4.0207, -101.484, 87.343
6.74719, -16.3409, 16.1531
3.39619, 403.58, -669.978
2.61737, -200.837, 56.0944
4.19467, 220.327, -371.671
3.43818, -668.772, -556.538
6.60467, -40.7178, 92.4946
6.72507, -17.2922, 870.024
6.78031, -752.947, 504.97
7.37454, 384.86, -274.087
2.99587, 241.461, -346.619
2.56182, -477.281, -576.485
2.58614, 209.777, -892.532
2.64527, 167.504, -220.251
4.1031, -709.191, -691.808
6.17815, -654.822, 270.417
3.14876, -77.1702, 359.746
2.5161, 263.402, -449.676
6.91905, 254.584, -290.034
3.70482, -39.5288, -495.545
4.38481, 288.87, -199.724
4.44879, -63.4139, 138.087
2.81534, 464.463, 182.829
7.30792, 273.184, 311.989
3.75349, 293.959, 92.7509
6.85376, -119.711, -338.205
2.85991, 421.056, -481.363
2.70653, -21.2584, -339.771
3.46378, 8.84833, -119.834
3.86708, -175.555, -827.578
7.4007, -47.6091, -128.282
3.60607, 173.964, -995.605
6.43119, 521.662, -759.869
4.42306, 147.967, -182.659
3.78593, -864.913, 631.713
3.91087, 74.4478, 147.176
7.33834, -328.149, -242.66
4.22841, -10.5838, 129.401
3.45922, 159.169, 348.502
5.05037, -178.679, 144.738
5.21857, 311.418, -877.862
5.72333, -65.9437, -165.283
3.89738, 316.766, -430.798
3.41887, -75.355, -479.989
2.71579, 641.896, -814.437
3.98408, -91.6306, 237.23
4.25548, 694.332, 238.229
7.09372, 592.466, -195.302
5.81225, 26.6101, -130.533
5.08041, -594.415, -528.97
4.03763, -594.501, -174.383
3.0007, 528.795, 519.269
3.47502, 2.25525, -237.028
4.11407, 638.685, 905.799
5.56182, 72.4144, -68.6808
5.13511, -433.09, 270.641
3.45653, -257.165, 772.021
4.7178, 1265.89, 709.75
4.48693, 1297.7, -262.133
6.28051, 7.3018, -19.6297
6.6213, -182.871, -57.1964
5.51573, -220.645, -254.221
3.04573, 84.5347, 131.507
4.11797, 551.916, -34.3272
5.03403, 192.968, 3.45648
4.76521, 440.524, 366.344
4.77315, 91.8933, -37.1821
4.91125, -348.035, -149.871
5.07896, -1146.94, 220.974
4.50207, -432.412, -847.455
4.22945, -524.383, -173.883
6.64533, -43.4981, -99.8749
3.02204, 803.734, 138.512
6.40057, 45.2488, 463.426
3.19919, -74.3299, -77.5318
2.62171, 733.057, 977.457
6.0664, -29.5742, -493.15
7.15538, -87.6529, -181.653
7.47667, 237.466, 117.034
3.86264, 51.4122, 128.35
3.6923, -409.643, 412.355
3.87328, -33.0667, -487.4
5.70836, 474.122, 402.331
5.17637, 197.127, -13.9625
6.8967, -727.897, 1053.2
6.75968, 280.685, 456.507
2.98004, -168.161, 174.692
4.66818, 85.2233, -286.311
3.17045, -164.052, -109.258
5.86802, 287.486, -106.884
5.34964, -375.42, 4.82766
3.66474, 161.25, -579.23
5.50306, 208.421, 130.632
2.6551, -290.914, -33.2088
7.08512, 108.641, 36.4229
3.82958, 410.513, 22.755
6.50016, 25.9504, 13.1536
5.46389, -106.905, -51.8339
5.0822, 95.1831, -27.7896
5.2567, 402.987, -12.8709
3.47225, 108.28, 135.299
5.36152, -410.319, -436.119
3.81992, -228.65, 815.048
4.41648, 367.847, -1011.3
2.73626, 40.9818, 154.866
4.22823, 17.8982, -283.684
3.61594, -851.566, 1505.81
3.81264, 66.4293, 345.493
3.05141, -277.621, -219.224
7.40088, -0.576145, 138.019
5.93794, -552.158, -298.801
5.82158, -47.874, 31.3479
5.99501, -80.7665, 272.945
2.68746, 136.693, -343.216
3.6706, -255.05, -263.301
3.95397, -922.498, -1408.64
3.50543, -83.1639, 257.317
2.7177, -653.649, 600.873
2.56571, 560.611, -509.903
6.07297, 1199.93, -460.608
6.88348, 114.555, 203.119
5.35088, 392.12, -681.941
6.92743, -309.384, -255.991
5.20042, -188.677, 164.171
3.31357, -553.503, 422.609
3.30492, -496.247, -739.143
7.19182, 153.004, -107.662
3.45628, 315.267, -337.972
3.15761, -609.849, 331.87
4.41122, 346.515, -472.575
6.12674, -336.345, 712.213
2.50651, -1310.46, -252.515
4.60222, 801.685, -571.523
5.18984, 277.726, 111.085
4.86596, -230.526, 133.516
6.33003, -175.672, 38.596
2.9396, 567.889, 162.48
7.04284, 337.831, 284.998
3.20818, 275.088, -396.112
2.54782, 81.7588, -28.6773
2.82267, 177.073, 163.381
4.96742, 306.089, 345.131
5.40914, -82.4779, -170.545
4.03373, 693.133, -1339.84
4.57091, -0.124271, 359.484
4.33401, -356.006, -61.8669
3.42687, 12.8689, -1013.79
2.76788, -399.973, -613.514
4.47222, 93.1501, 57.2733
3.98388, 531.595, 494.939
5.05388, 404.583, 327.722
3.75392, 462.259, -872.184
5.01589, 8.1944, -231.682
2.51168, 497.781, 74.7976
7.01807, -936.495, 416.83
2.79181, 867.072, 762.065
5.17506, 28.9906, 600.168
3.95754, 746.995, -356.236
7.3023, -183.645, 161.221
4.73406, -839.387, -558.873
5.08479, 194.161, -16.5356
5.93861, -73.4484, -403.95
2.72187, 33.1636, 26.1165
7.2946, 853.526, -717.092
5.70852, 17.2643, 337.242
2.80215, 265.882, -290.359
3.33964, 94.2513, 361.227
5.76491, 68.5867, 420.375
6.19864, 370.216, 587.766
3.57011, 174.18, -522.865
4.31441, -67.67, -329.75
6.56981, 524.048, -397.001
5.32057, 264.86, -49.0991
7.45886, -14.8438, -133.765
6.5669, 219.756, -133.791
3.49157, 562.919, -891.829
2.50003, -24.4048, -132.944
4.62608, -713.585, 869.006
4.07406, 540.167, 215.852
5.56218, -888.018, 169.923
3.83351, 69.8981, -126.637
4.39881, -159.568, -450.45
5.43397, -332.604, -672.534
5.95636, -237.065, 234.351
7.26736, 105.153, 49.8895
4.89785, 198.418, -523.184
3.60319, -766.869, 371.832
5.33741, 174.718, 64.9137
6.09873, 9.5561, -66.7261
4.4953, 803.738, -268.886
3.48326, 646.198, -363.983
6.66971, -116.008, -176.024
5.59561, 587.464, 72.7227
7.26866, 159.667, 396.935
3.23222, 472.435, 477.494
5.38953, 15.8014, 35.1162
7.26796, 176.678, -291.059
3.62331, -941.251, 401.543
7.25137, -53.789, 43.6469
3.07874, 245.715, -15.2216
2.58372, -139.237, -380.694
3.90465, -122.206, -244.419
7.15042, -59.9487, 175.044
3.04796, -751.194, -238.831
6.77266, 70.0311, 317.349
5.68532, 39.5428, -419.544
5.63853, 40.8844, -239.234
3.80589, 20.1022, 299.918
5.13936, 518.101, -498.226
7.16608, 13.4109, 80.2746
3.98055, 219.317, -87.4144
4.78006, -486.438, -342.104
6.35659, 61.938, 763.946
4.17193, -347.994, -1317.44
6.31775, -70.5946, 158.207
6.65892, -666.205, 231.764
2.64618, 639.423, -650.787
4.31315, -215.245, -285.314
4.16221, -210.01, 464.712
3.17675, 32.9763, 79.5051
3.00839, 249.462, -798.978
5.11327, 507.591, 53.8548
3.52046, 187.526, -336.257
5.00728, -181.353, -201.66
5.1371, -894.705, 308.61
4.13422, -220.298, 155.392
4.75888, 184.439, -99.9978
6.85263, 54.5225, -24.5959
4.72884, -43.2236, -190.605
6.03726, 274.882, -46.7622
6.83171, -664.166, 293.225
6.5822, 231.28, -66.5459
2.67504, -466.961, -220.18
3.8644, 115.951, 722.585
5.21858, 3.17854, 4.62668
3.19942, -354.189, 169.681
5.57408, 119.448, 76.0034
3.29182, 344.382, -369.279
4.41129, 323.168, -134.079
5.94997, 165.383, 304.312
3.21128, 996.335, -138.095
5.65284, 350.515, -66.6542
3.15973, -476.789, -797.103
7.13583, -64.0114, -2.43072
5.53465, 885.654, -1385.09
5.50388, 678.998, -311.427
3.33635, 217.052, 70.5518
3.301, 248.694, -366.587
5.91628, 26.3891, 33.8883
5.1456, -44.1568, -216.001
3.65264, -692.278, -73.6496
6.55373, 18.7678, 291.136
5.76477, -161.039, -185.316
4.08597, 121.476, 404.132
2.53953, -39.487, 78.3323
3.49176, -134.256, -794.735
3.78831, -418.575, 417.36
3.03825, -127.46, -291.847
3.49545, -596.445, -79.124
6.75079, -935.02, 493.878
6.63912, -61.0128, 1.64553
6.76813, 283.097, 461.68
5.71027, 253.631, -1.68099
3.6787, -738.601, 680.146
6.80638, 176.075, -17.18
5.4745, -297.928, 493.26
2.52745, -796.397, -727.433
6.84925, 378.912, 543.869
7.37729, 303.916, 339.67
5.59653, -661.642, -553.429
3.85574, 465.223, -146.43
7.46973, -157.701, -69.3443
4.60751, -239.693, 459.837
4.20537, 351.865, 625.611
4.80717, 318.597, -54.8901
4.44822, -294.882, -829.47
4.613, -1057.32, -289.725
2.84879, 140.721, 2.44677
5.5153, 265.017, -10.7515
7.36114, 291.969, -99.3497
5.07406, 93.9009, 213.965
7.45461, -154.975, 215.429
5.84906, -366.98, -1129.46
4.01716, -263.065, 172.315
3.47371, -561.726, -292.485
4.0109, -108.562, -326.23
4.93946, -96.2904, -75.7784
4.72438, -494.623, -379.964
5.7844, -34.6451, -188.138
3.74227, 1157.83, 756.25
4.72007, -699.823, -623.491
5.75894, -109.061, -58.4452
6.67472, 400.926, -412.456
6.03698, 205.285, 201.224
4.93928, 129.539, 316.795
6.72039, 140.377, 274.641
7.00296, -47.2446, 250.919
6.33082, 162.07, 334.906
5.29453, -697.109, -300.765
2.70603, 661.738, 102.675
5.46749, 195.655, -447.389
2.68674, 248.421, -817.503
4.53488, 233.342, 69.608
2.84243, 315.036, -301.59
7.38558, -79.8169, -156.039
2.5956, 872.936, 816.261
6.60363, 147.32, 352.887
5.2195, 883.518, -480.398
5.72828, -211.888, 407.376
3.62934, -19.1066, -192.817
2.733, -199.095, 211.678
3.63154, 48.4451, -109.94
4.58371, 453.88, -351.341
6.40126, -340.779, -3.94766
3.72852, 335.758, -732.465
4.81411, -2.09226, -55.4362
6.14756, -47.9219, -476.87
5.35237, 864.637, -201.307
5.45997, -402.659, -520.285
4.98425, 199.184, -300.257
3.951, -138.116, -227.087
4.71107, 215.439, -22.0796
2.53669, -495.579, 856.164
7.41683, -40.5481, -136.783
2.52822, -308.431, -129.792
4.8676, -139.371, 270.512
5.86497, 746.829, 1106.46
