6.27803, -1315.8, 694.048
3.5948, 265.048, 1030.2
5.89648, 844.145, -384.997
5.09708, -52.8581, -207.095
2.76731, 2200.37, -2327.76
2.53849, 167.852, -106.502
4.58743, 3063.99, 1769.69
7.15218, -172.179, -47.3556
2.95982, -320.396, 656.445
6.00595, 723.455, 561.87
3.81226, 534.037, 256.748
4.14117, 32.7133, 15.8019
7.45519, -493.457, -507.964
7.41275, 64.5789, -142.188
5.75759, 571.992, 379.967
6.92354, 61.3799, 3.30347
6.33247, -14.6569, -63.9768
3.87453, -1153.03, -47.0601
4.93259, -346.202, -371.578
2.80282, -2669.29, 455.245
5.08146, -11.4437, -132.504
4.96988, -1994.16, 647.217
7.23882, 30.2637, -267.344
4.42071, -8.43904, 20.5043
5.14874, -1592.08, 527.828
2.75042, -300.861, 1992.19
6.63909, 383.595, 276.158
5.94228, -668.425, -246.089
6.18112, 201.239, 11.3507
6.94286, -1593.31, -1590.18
4.25508, -24.5895, -54.0309
6.72991, -38.3578, -222.429
3.84659, 99.0863, 244.002
4.83959, 718.298, -148.137
3.2686, 52.8013, 84.4034
2.66527, -116.504, -138.534
7.2768, -1042.74, -786.249
6.95369, 391.71, 344.294
3.29884, -1012.26, 50.3685
3.15214, -701.302, -234.286
2.515, 1270.95, -195.143
6.0491, 121.26, 126.741
3.40448, 1075.04, -40.1999
5.76029, -53.4628, 100.613
4.42907, 88.963, 197.768
3.23766, 705.746, 991.195
5.45054, 208.516, 569.38
3.24076, 1319.6, -664.07
3.2091, -1174.32, -923.935
4.94257, -263.34, -245.173
3.13015, -890.602, -173.419
5.64635, -692.072, 170.889
5.60817, 335.467, 78.0589
4.88216, 1441.77, -1996.69
2.64188, 577.747, 871.879
3.21011, 1790.34, -390.813
3.15594, 471.439, 357.772
3.31099, 863.439, -1234.67
3.76529, 90.8218, -66.4032
4.77654, -2151.47, 1126.97
6.54472, 90.5619, -89.7832
3.57624, 50.699, -67.9203
3.75063, 311.562, 633.376
5.02978, 427.35, 388.134
6.27922, -27.1492, 33.6288
5.66369, -671.242, -1544.37
5.9449, -1308.05, -845.343
7.27207, -744.367, -241.708
5.18713, 1965.05, -1013.89
4.57014, 145.103, 637.614
4.70019, 439.686, 419.679
6.07821, -1013.77, -1201.57
6.20858, -1049.54, -1112.45
5.12494, -1479.97, 1327.35
6.06711, -20.4788, -52.846
5.91025, -90.7199, -0.840691
6.82941, 1113.6, -839.224
3.19597, 836.204, 738.831
3.57766, 134.567, -29.1606
5.0733, 74.4083, 222.867
4.83766, 411.079, 449.999
3.55759, 1280.42, -1506.23
5.65244, 748.076, -413.227
2.5044, 1167.81, -1621.24
4.09589, -197.835, -1758.36
5.90281, 33.0666, -152.242
6.0446, 135.711, 236.532
2.90869, 320.506, 588.888
3.56926, -196.387, -18.5974
4.44412, -109.782, 39.2735
4.44927, -1842.46, -695.37
3.92018, -145.091, 148.366
4.6123, -76.9151, -127.444
2.55658, 584.302, -1.91555
3.72027, -2046.16, 1044.14
4.49072, -610.7, -1681.69
6.64177, 172.566, 122.188
3.78584, -562.905, 616.486
3.59705, -869.843, -357.493
6.47385, 353.208, 333.331
5.8476, -648.234, -96.7397
5.49108, -262.758, -169.257
5.99917, 1372.15, 713.894
5.13062, 118.427, -63.8756
4.14833, 6.16449, 53.3404
3.30844, 1960.48, 314.839
6.56633, 169.403, -62.9749
4.08004, 748.256, 434.234
4.05369, 238.076, -40.4978
4.65424, 26.8235, -108.681
4.46509, 386.623, -73.2604
4.43916, 353.954, -250.917
4.34871, -121.936, 33.9466
5.88118, -346.411, -578.852
6.10384, 781.874, -107.261
7.20082, -1241.16, 196.449
5.08573, -23.5806, -5.35025
5.5282, 729.93, 568.036
5.85049, 859.052, -1238.34
5.11404, -32.3354, -149.697
3.87105, -148.59, 54.6625
7.08924, 351.707, 340.988
3.73367, -140.896, 4.30424
4.77876, -299.742, 691.567
3.30374, 82.9506, 196.27
4.68319, 39.3723, 99.5315
7.45767, 241.166, -355.772
6.26931, 1376.54, -1580.59
4.97846, 45.3484, 46.8344
7.01651, -6.54286, -85.3471
4.68213, 110.512, -115.29
5.09239, 1092.55, -873.498
4.44866, -973.368, -1311.98
5.63431, 50.8929, -78.2702
5.19331, -139.215, 31.1043
4.35955, 178.01, -395.469
2.54674, 271.698, 281.138
6.3794, 117.687, 144.933
2.85317, 26.3543, -29.1968
3.98511, 75.5465, 304.09
4.78581, -4.30804, -23.7375
3.25156, -27.1772, -22.5697
5.97819, 182.227, 543.056
4.15587, 397.673, 92.1562
5.21197, -1275.83, 2201.66
2.64678, -1548.02, -578.195
5.38086, -94.4415, -643.712
5.18133, -33.0585, 128.098
7.36678, -717.656, 493.623
5.57063, -114.366, -10.5808
5.26431, 1101.57, -1660.02
6.69051, 339.673, 534.797
3.75764, 82.1022, 618.154
6.98957, 31.1931, 113.151
5.97428, 339.032, -130.064
5.82752, 168.629, 1276.54
3.06838, -10.4074, 322.69
3.37987, 33.7431, -526.04
2.91253, -298.376, 712.438
6.68103, -169.99, 707.926
2.64818, -371.039, 930.484
6.34719, -110.952, 200.23
4.29829, 234.849, -1585.02
6.24626, 941.618, -202.676
6.28385, 67.9468, -109.694
3.60834, 1392.11, -253.737
5.58305, -61.889, -91.7947
3.66846, -320.547, -148.302
6.22052, 104.12, -1535.81
5.80997, 162.544, 229.609
4.9209, -1226.89, 2294.89
2.58972, -469.335, 26.4522
4.98291, 52.8574, 457.476
5.09587, 253.568, 63.0786
4.71395, 686.947, 1453.89
4.14528, -1238.88, 327.938
3.52671, 58.082, -264.429
7.19863, -248.194, 1003.14
2.85168, 957.596, 1179.23
3.30042, -297.97, -276.583
6.70788, 27.9225, 1.28772
4.13614, 133.239, 315.789
6.85942, 624.564, 486.577
5.99896, -106.019, -62.5954
5.52801, -242.427, -101.226
4.77536, 331.161, 703.12
2.91543, 1085.38, 255.822
3.94883, -1405.77, -820.166
6.51009, -191.386, -100.232
6.81821, 512.594, 741.539
3.81831, -1966.13, 164.715
4.79881, -148.524, 187.284
4.95672, 149.315, 238.378
5.82344, 763.368, -1212.47
7.31738, -55.1147, -56.9861
7.23022, -191.72, -95.4177
2.81902, 598.305, -627.022
5.04829, -184.314, 42.1749
6.13222, 279.878, 67.8446
5.65882, -56.5769, -71.0317
3.26658, 240.808, -271.776
5.09652, 687.489, 1451.51
3.52281, 2302.74, -795.503
6.03231, -113.798, 165.702
6.05786, -342.729, 2427.77
3.66304, 62.8856, 155.879
6.80594, 265.416, 19.7362
2.67122, -702.279, -498.012
6.26587, 84.9852, 428.141
4.14789, 332.453, 149.394
4.65309, 2006.61, -327.991
7.33455, 62.1215, 53.006
4.05803, -998.573, -908.12
5.69762, -2404.4, 109.08
5.95386, 76.7837, -95.4436
5.36403, -10.8775, -61.7765
6.60667, -1291.39, 2207.89
4.21807, -1515.55, 783.425
5.09387, -210.689, -281.94
6.78438, 842.061, -59.2559
6.18587, 774.742, 726.802
3.45992, 126.31, -140.058
2.83145, 197.598, 76.2991
3.60828, -1791.62, 1149.06
3.33656, 140.749, -27.4419
6.31172, -143.348, -13.3641
5.44905, 587.733, -1240.7
4.65223, -2497.34, -305.628
7.09618, 1159.72, -306.964
5.09668, 150.871, -111.808
7.38058, -358.32, 210.161
5.15714, 132.033, 313.111
2.98716, -508.876, 1103.53
5.83983, 415.19, 413.365
5.44444, -438.308, 1333.63
5.01137, 129.783, -29.2882
2.75808, 945.647, 294.106
2.6753, 768.678, -561.009
4.41484, 86.6324, -102.418
5.55555, -1078.36, -1465.34
5.06574, -2500.03, -321.141
5.98498, 75.1712, 95.2924
4.89891, 237.289, -281.941
3.88323, -2379.74, 12.6481
6.01685, -84.4684, 1530.92
3.67701, 147.488, -190.575
6.41501, -119.679, 33.6259
6.60589, 1045.03, -287.702
3.21842, 1361, 1444.25
5.75757, 623.509, -602.83
3.87677, 263.608, -66.6145
7.26215, 875.374, -743.617
4.58238, -52.1427, -67.5632
3.03869, -237.82, -272.957
4.70633, -292.92, -65.6411
6.28811, -210.234, -164.371
2.77803, 706.589, 589.195
3.51241, 19.6384, 37.1852
6.82305, 123.459, -304.152
6.52456, 363.495, 46.793
2.78861, 359.624, 1208.81
4.40304, 143.58, -84.584
4.56124, 77.8261, -53.4528
2.80071, -310.364, -124.602
7.09746, -825.821, -770.61
3.35398, 289.703, 68.5201
6.51634, 133.686, -148.963
3.88599, 60.39, 295.149
4.44586, 395.128, -174.68
7.19936, -1123.54, 58.0515
6.24573, 30.3534, 1476.51
3.44774, 1335.83, -1652.39
6.89581, -224.803, -51.8045
6.8953, -53.0772, -113.983
3.30515, 314.73, -186.725
5.87346, 300.39, -84.6165
6.89096, -107.318, 120.034
6.98262, -545.297, 1656.71
3.06535, -14.2712, -38.9285
5.93789, 326.648, 504.57
3.21651, 12.3185, 14.4006
3.6901, 712.219, -240.89
5.64383, 1240.23, -904.418
4.312, 357.93, 355.664
4.64437, -1013.76, -972.399
4.91936, 842.885, -866.658
6.20379, -105.793, -497.655
3.23098, 625.963, -477.598
7.36238, -18.4677, 11.4543
7.3158, -23.205, 15.6855
3.14741, 1073.82, -868.129
5.3784, -295.77, -203.002
4.66439, -77.6936, -346.297
5.50066, -82.6272, 93.4595
5.85098, -34.4209, 229.023
4.5137, -1546.24, -506.553
6.46691, -1021.27, -854.961
4.89889, -1449.79, 1014.41
5.72449, -705.353, 523.159
4.28836, 2228.21, -427.208
5.96794, -99.6922, 445.352
5.83428, 4.26082, -164.166
3.22071, 724.398, -419.155
7.10415, 89.7076, -25.9665
4.22228, 689.816, 1791.79
6.66824, 101.43, 131.815
2.74349, 624.981, 30.6319
3.27936, 593.856, -747.403
2.55765, 604.629, -155.297
3.94327, 71.6651, 21.1638
5.07295, -74.2124, 91.684
3.65948, 318.551, -1729.18
2.75022, -164.088, 44.7514
5.33091, 93.5227, -11.298
6.69774, 286.919, -20.2356
4.28763, 468.231, 474.305
4.3452, 339.021, 303.308
7.22226, 513.506, 152.145
4.72425, -1028.06, 414.241
6.82086, 8.25223, -148.361
5.82654, 267.587, -379.426
5.79297, -575.127, 4.84698
7.10736, 1370.57, -1004.91
5.11536, -1480.35, 1330.47
5.45229, -436.705, -480.911
5.79944, -261.524, -1451.2
4.24765, -1088.95, 579.39
4.11714, 600.268, -281.375
7.08984, 382.166, 305.368
3.08619, -1906.55, 695.104
7.31268, -253.983, -85.8102
5.17978, -177.523, -57.6703
5.81447, -371.039, -119.536
5.48362, -2040.97, 891.528
6.93363, -494.968, -256.722
6.67999, 100.992, 154.203
6.69339, 376.703, 335.739
6.85642, 213.653, 76.0431
2.5002, 181.128, 1197.81
4.77274, 97.4647, 101.902
4.25696, 1290.52, -69.4055
5.80713, 1877.65, -1631.88
6.22234, -196.318, 96.4768
3.3821, -536.21, -1867.76
7.4621, -764.837, 1023.38
5.95466, 211.883, -122.242
6.97862, 10.1848, 27.0008
3.51579, -725.363, -267.844
7.2356, -100.938, 723.103
4.88476, -1949.55, 972.508
6.78578, -1791.54, 1146.17
6.41237, -67.6734, -464.608
5.70687, -1471.8, 1352.12
3.14521, -217.94, 793.676
5.77944, 260.411, -339.113
3.09199, 30.682, -52.6898
3.88793, 1442.48, 195.813
6.65548, 299.799, 1439.44
6.14153, 1624.22, 2074.2
6.74348, 1784.15, -1329.36
3.43989, -377.554, -749.471
6.09602, -2.6442, 36.6311
4.25586, -181.515, 671.184
3.34555, 495.779, 805.176
4.52383, -1822.42, 275.559
4.20924, 9.30099, -110.691
6.67141, -21.6992, -152.534
3.9111, -1376.02, -2230.07
5.16766, 1254.35, 859.326
6.25085, 30.2021, -26.8346
4.62554, -2.76542, -11.688
4.66964, 1206.05, -63.7779
3.03022, -1684.68, -807.743
6.4639, -412.174, -422.964
3.91232, 94.1252, -98.3458
7.14264, 1651.99, 2135.03
5.37926, 357.093, 340.104
3.4895, 375.801, -591.589
5.99081, 126.661, -66.2435
3.07265, -545.689, -605.916
4.22945, 489.976, 741.986
4.15646, 141.587, -485.46
6.42735, -1984.46, 910.683
6.65775, 267.481, 365.288
4.21712, 995.239, -503.29
4.2603, 453.523, 241.078
6.38197, 22.6511, -28.6975
6.58658, -372.248, -71.9513
4.26157, 166.083, 190.156
7.09559, 94.9418, -23.6875
3.2877, 721.589, 668.261
5.56029, 695.069, -541.623
5.54222, -76.0287, 4.59475
3.16647, 1219.33, 1464.26
3.51409, 1453.13, 2089.2
4.79457, -161.67, 22.6506
3.48759, -671.009, 694.147
6.77118, 13.518, -75.7308
6.54562, -582.717, -493.816
2.80131, 992.102, -1012.99
6.50584, 715.599, -2008.78
5.49597, 34.3027, -51.4383
7.43182, 154.4, -79.7637
2.65919, -946.952, 151.129
6.8356, -1325.97, 1621.5
3.69109, 220.98, 594.961
3.6127, -127.554, -446.546
4.73907, 2515.64, 1166.39
2.61231, 491.072, -159.921
6.79755, 100.861, -14.3823
4.15902, 404.189, -2125.37
5.72195, -464.265, -83.4175
7.43521, 324.151, -112.587
5.30162, 386.436, -109.598
4.74553, -141.841, 29.2805
5.213, 37.7487, -99.3816
2.90797, 488.794, -9.64583
3.99606, 1156.09, 1240.14
6.63964, -1716.21, -372.335
6.48936, -1529.42, 511.745
5.71048, 56.4882, 71.8923
4.84105, 220.93, 193.226
7.15326, 454.895, 1283.01
5.08798, -598.14, -146.775
7.42924, -1761.1, 1142.54
5.94567, 3.98616, 234.022
6.19966, -15.7503, -49.7374
3.46323, 999.849, 714.09
6.08881, 1351.8, -982.174
6.11146, 554.932, 654.975
6.49298, 218.494, 134.731
4.23216, -1974.87, 234.392
5.1481, 316.476, 443.341
3.19001, 549.052, -795.181
6.73218, -6.5546, -126.163
6.32766, -284.997, 60.995
7.5, -2041.89, 881.706
4.24891, -2730.39, -1010.91
5.50367, 1080.27, 16.6833
3.50808, -98.2775, 1703.85
6.2385, -1522.81, 241.832
6.49225, 223.188, 447.303
3.03505, 48.7517, 219.243
5.35813, 82.9013, 104.145
2.84683, -2208.09, 772.491
4.16036, 43.4059, 40.8472
5.80945, 55.074, -210.388
5.27726, 319.157, 1695.43
7.12415, -132.644, -160.037
2.69832, 243.325, 1133.11
2.62083, 881.832, 911.11
4.61923, -9.20262, -164.228
4.36987, 236.937, -56.9454
2.93303, 1340.05, 1177.06
3.05403, 27.0771, -43.85
5.31992, -1798.94, 128.78
7.37269, 212.919, -98.0077
3.05066, 4.19314, -1772.6
5.99352, -1355.27, -1550.46
2.79674, 340.217, 1092.48
4.69755, 203.61, 60.5523
5.24651, -577.414, -486.375
3.45129, 37.3862, -90.3605
7.36597, -59.8114, 273.373
3.19593, 178.581, -300.252
5.48978, -1412.72, 305.702
7.12812, 243.627, -849.84
3.91116, 385.781, 304.401
6.8307, 220.19, 314.298
6.29598, 743.195, -895.638
6.10793, 62.9322, 174.002
3.34241, 323.789, 498.939
3.32882, -70.2045, -1100.15
3.39076, 43.3111, 189.389
5.87226, -60.7011, -9.94894
4.83484, 73.473, 60.0856
6.85219, 62.4008, 2.47184
5.76023, -203.578, -160.948
5.80464, -365.6, -119.07
2.58037, -4.10641, -214.808
4.30596, 2215.88, 1359.5
3.72747, -11.7964, 137.031
6.93086, 719.711, 885.609
5.23701, -2754.33, 34.1224
6.57209, 82.78, 226.956
5.24453, -658.127, -473.682
4.16156, 40.1133, -103.72
4.40213, -841.588, -1438.6
2.52389, -559.859, -53.1106
6.95226, -7.43706, -65.4907
6.16955, 158.423, -59.3484
6.04239, 413.443, 115.534
5.1278, 1075.3, -1132.99
6.41065, 104.08, -45.4739
3.42484, 151.217, -55.5984
5.72673, -18.6173, -30.6212
3.42178, 126.164, -232.921
3.31214, -1041.85, 362.543
2.65594, 1004.9, 404.929
7.42716, 118.735, -124.845
4.04559, -167.975, -7.08147
4.11075, 78.2699, -100.922
5.51155, 23.7796, -105.286
2.89107, 1993.87, -134.036
3.93936, 77.6402, -198.642
5.79307, 678.991, -773.263
7.36348, 126.212, 139.109
7.27758, 1565.95, 551.822
7.42745, -313.719, 56.5934
7.30478, 93.7105, -106.923
3.0073, 174.677, 6.4379
3.71505, 122.153, -342.284
6.91151, 112.831, -101.8
5.28805, 353.664, 446.009
6.7669, -62.8214, -155.505
7.49145, 860.494, -299.275
3.99751, -1672.37, 1030.01
6.33157, -3033.57, -1076.28
4.81901, -681.356, 143.467
6.8168, -19.4745, 4.18783
6.99018, -208.169, -108.686
7.377, 193.166, 94.7839
2.77405, -351.974, -40.5751
6.32605, 157.833, -170.724
5.09219, 964.326, -1283.6
3.46574, 103.063, 621.254
6.98252, 357.572, 100.902
6.38492, -346.472, 345.425
2.75968, 88.7822, -78.212
7.47331, 867.071, -1288.72
5.93659, 59.6319, 203.209
5.94854, -364.379, -124.383
6.57666, 1370.98, -640.485
7.05426, 178.596, -74.926
3.34218, 850.486, 2079.75
5.24183, 1392.15, -893.225
6.53351, 58.6284, 69.9922
4.17803, 304.683, 552.474
5.53435, 11.9239, -700.216
6.59602, 607.775, -1190.13
7.3485, -150.236, -16.7722
6.29349, -37.2454, 264.462
3.72113, -10.4888, -426.098
5.80589, -132.51, -46.8394
4.21574, 804.453, 282.705
7.27146, 106.856, 129.556
2.60828, 922.923, -1520.55
4.54979, 826.584, -410.953
2.55789, -936.485, 1522.51
3.04964, -18.4238, -8.7274
5.28259, 663.644, -952.261
4.45466, 109.236, 125.127
7.20539, 76.4864, 161.289
2.55572, -492.773, 331.344
6.22897, 67.0014, 535.74
3.84293, -57.2947, -53.9629
4.27153, 204.143, -164.309
3.45835, 2178.74, -2327.53
5.14832, 118.15, -78.7523
4.39478, -401.308, -1993.01
3.16407, -98.5882, 123.095
4.26563, -318.608, -163.996
4.2497, -2087.19, 1035.57
7.41084, -1314.71, -847.657
5.25961, 400.608, 295.843
4.99918, -1283.59, -345.685
3.58531, 748.805, -1233.97
4.37311, 508.35, -157.328
6.78251, 1081.72, 893.211
6.45578, -1103.85, 2077.52
3.9204, 1326.97, -1454.88
5.07645, 734.643, -575.394
6.79238, 59.7575, -126.485
7.07844, 422.322, -219.02
7.48941, -979.232, -906.769
6.53177, -675.416, -466.751
5.22718, 46.574, 124.07
7.3461, 116.753, -518.643
5.31931, -168.037, 8.28895
4.03031, 683.394, -727.005
5.41853, 598.405, -187.848
2.91197, -31.8747, 244.074
5.47382, 220.005, -44.3934
3.31968, 1072.05, 1781.07
6.46527, 75.9667, 73.7094
2.95373, -675.073, 702.404
6.3072, 147.601, 154.534
6.83996, -4.04349, -145.316
6.40105, -215.942, -223.809
6.61399, -1192.11, -398.425
6.70974, 60.0493, 6.31207
4.48328, 786.682, 521.432
6.508, 24.3022, -113.385
6.56811, -94.0393, -97.768
5.43493, 604.705, 1094.68
4.64621, -37.7146, 190.416
2.5002, 455.726, -626.152
5.31153, 51.2848, 123.146
6.22632, 319.418, 358.869
3.89846, 1516.91, 786.263
2.93406, -233.495, -2045.01
3.5733, -491.235, -265.932
3.93296, 242.642, -56.2593
4.86595, 620.783, -94.5699
6.95893, -1030.48, -860.091
5.91955, -222.093, 5.87683
3.54376, 5.40333, -93.2122
6.67533, -25.1282, -2.69499
7.09218, -479.522, -196.578
4.48244, 626.972, -62.4696
6.37858, 723.752, 512.882
5.68161, 160.7, 275.481
6.64746, 289.347, -262.148
3.40204, -391.913, -501.731
7.45927, -133.995, -18.3596
6.70558, 473.731, -577.237
4.65177, -309.068, 524.581
4.38589, -449.286, 238.038
2.70802, -125.272, 59.9902
6.80715, 90.1785, 73.46
6.62116, -1655.58, 1207.32
6.25052, 512.821, 914.42
3.55801, 153.94, -164.683
4.31029, 161.273, -57.9806
4.43545, 66.544, -109.515
7.32918, -1526.68, -1015.88
6.5872, 200.742, 4.52473
4.5755, -728.739, 96.0583
5.83759, -121.143, -116.769
2.52101, -1763.74, 1495.72
6.98048, 159.182, -83.1367
3.68416, 727.716, 399.845
3.79415, -69.8922, -81.6603
5.4939, 269.277, 15.991
6.89823, -929.542, 111.192
6.16299, 556.85, 37.6601
6.0773, -826.333, -330.882
3.57724, 2427.41, -127.646
6.30413, -1823.67, 1337.14
3.85351, 109.576, 133.994
2.75246, 351.716, 165.049
4.78866, -70.4415, 183.419
2.58759, 339.533, 59.3086
3.01129, 2120.51, -1472.25
2.639, -421.505, 165.577
5.65921, -4.54923, 45.8879
6.34425, -40.5303, -83.6883
2.74132, -699.108, -521.887
6.6924, 308.611, 179.355
6.76899, -134.412, 48.408
6.57649, 655.415, -562.099
6.85188, -47.9504, -1709.35
5.27222, -118.768, -87.0788
6.12646, 27.64, 1046.44
3.20424, -1972.79, 1309.53
6.6115, -90.8298, 61.9634
5.51185, -1084.87, -1465.02
4.93856, 18.0373, 84.3215
6.14942, 225.809, -25.1311
4.05164, -1155.21, 631.005
3.93925, 278.802, -292.018
5.45857, 1124.77, -1366.43
5.34055, -1483.77, 645.483
5.41059, 1538.79, 885.838
2.84132, 411.397, -787.487
4.34304, -1035.98, 323.711
6.28475, 3.80629, 0.683015
6.35297, 800.705, 1369.87
4.27217, -9.00525, 23.3635
5.98913, -40.7382, -66.2322
5.08005, 1185.6, 666.943
5.94494, 61.5478, 168.127
6.18066, -1200.9, -911.877
2.56231, -1264.43, -1059.47
7.16549, 163.064, -12.5807
5.37826, -475.828, -215.203
3.05587, -638.472, -112.894
4.87388, -6.46066, -45.3866
3.24247, 229.526, 345.907
4.22594, -3323.91, -795.931
7.04476, -160.623, -342.555
4.54571, 1357.88, -644.52
5.96642, 93.9945, -115.397
3.35865, 9.51172, 163.34
6.21715, -1707.16, 717.408
4.16319, 48.7563, 50.0936
4.62157, 19.7939, -89.4976
2.79523, 318.244, -411.987
5.09005, 202.366, 221.956
5.94425, 30.8838, -627.428
5.01149, -72.8235, 50.7294
6.56617, 102.815, 3.40159
3.07974, 162.371, 6.47735
5.24841, 628.321, 506.835
5.06046, -19.8426, -269.397
6.02649, -1016.54, -893.984
5.65083, -40.5315, -126.554
4.0207, -84.991, -89.0044
6.74719, 1.57148, 126.321
3.39619, 615.599, -1220.73
2.61737, 103.188, -3.57348
4.19467, 140.676, -18.3755
3.43818, -906.56, -915.41
6.60467, 216.526, -165.32
6.72507, 33.447, 1533.02
6.78031, -1356.96, 889.751
7.37454, 196.648, -44.9864
2.99587, -119.57, 48.3207
2.56182, -1367.53, -1203.59
2.58614, 122.696, -927.079
2.64527, -106.772, -10.5509
4.1031, -1115.98, -1120.24
6.17815, -1314.44, 704.498
3.14876, 231.312, 62.4874
2.5161, 12.9355, 10.321
6.91905, -194.527, 37.5992
3.70482, 404.919, -490.39
4.38481, -364.969, -161.24
4.44879, 142.184, 29.8162
2.81534, 1338, 540.048
7.30792, 509.224, 131.724
3.75349, 500.899, -386.972
6.85376, -18.9983, 213.652
2.85991, 1003.53, -1446.97
2.70653, 950.401, -1014.59
3.46378, 175.457, -171.446
3.86708, -631.678, -1240.92
7.4007, -24.4324, -58.7112
3.60607, 418.312, -1997.85
6.43119, 863.657, -1247.04
4.42306, -232.603, -16.4563
3.78593, -1330.65, 1298.18
3.91087, -317.32, 289.525
7.33834, 291.23, -34.0211
4.22841, 14.4437, -92.2161
3.45922, 169.101, -262.889
5.05037, 53.4517, 114.278
5.21857, 517.504, -1799.47
5.72333, 157.749, -146.246
3.89738, 734.418, -506.64
3.41887, -457.561, -448.961
2.71579, 1086.99, -1377.04
3.98408, 157.406, -426.847
4.25548, 1047.13, -39.9675
7.09372, 461.631, -181.424
5.81225, -62.9272, -71.1996
5.08041, -1044.3, -842.333
4.03763, -292.967, 42.658
3.0007, 990.461, 988.329
3.47502, 28.0006, 122.976
4.11407, 1265.4, 1517.15
5.56182, -311.861, 199.05
5.13511, 104.592, -101.977
3.45653, -439.013, 1011.92
4.7178, 2240.18, 1250.53
4.48693, 2482.16, -485.228
6.28051, -177.147, 25.5832
6.6213, 136.104, 86.4248
5.51573, -232, -793.417
3.04573, 9.62557, -77.0473
4.11797, 1225.27, -177.003
5.03403, 18.4191, -123.571
4.76521, 404.313, 831.836
4.77315, 224.757, -110.388
4.91125, 349.988, -65.123
5.07896, -1959.01, 367.953
4.50207, -915.674, -1074.51
4.22945, -312.401, -105.588
6.64533, 73.5687, 2.86941
3.02204, 1343.49, -225.871
6.40057, 74.4277, -121.127
3.19919, 119.02, 232.78
2.62171, 1461.36, 1773.8
6.0664, -76.3383, 227.782
7.15538, -116.446, -31.1826
7.47667, -91.4546, -242.241
3.86264, -2.01817, 10.2422
3.6923, -858.382, 602.139
3.87328, -146.004, -1258.16
5.70836, -14.12, -30.6227
5.17637, -252.047, -192.488
6.8967, -1220.11, 1946.85
6.75968, -38.513, -186.148
2.98004, -146.494, 643.066
4.66818, -180.491, 190.503
3.17045, 101.796, -5.62926
5.86802, -125.196, -115.235
5.34964, -153.825, -211.041
3.66474, 161.217, -1009.08
5.50306, -133.669, -193.168
2.6551, 234.326, -454.63
7.08512, 84.6627, -109.698
3.82958, 741.518, 344.8
6.50016, 23.4158, -50.1865
5.46389, 118.514, 163.012
5.0822, -42.1965, 0.0149597
5.2567, -275.419, 39.4238
3.47225, 189.46, -337.349
5.36152, -1151.16, -435.374
3.81992, -313.419, 2184.79
4.41648, 929.2, -2110.53
2.73626, -129.525, -200.809
4.22823, -123.765, 123.405
3.61594, -1332.64, 2785.6
3.81264, -2.58977, 7.63916
3.05141, 125.296, 62.1816
7.40088, 68.6332, -264.033
5.93794, -828.582, -325.23
5.82158, -91.1462, -1.74717
5.99501, 162.808, -235.764
2.68746, 140.314, 236.928
3.6706, 81.5657, 204.471
3.95397, -1947.35, -2946.94
3.50543, 109.035, -104.471
2.7177, -1109.93, 1411.35
2.56571, 714.769, -542.783
6.07297, 2304.57, -790.488
6.88348, 34.6803, -42.9634
5.35088, 725.081, -1440.75
6.92743, -1068.24, -1105.21
5.20042, 327.374, -119.242
3.31357, -980.03, 515.29
3.30492, -1039.3, -1120.06
7.19182, 44.411, -120.681
3.45628, -8.50852, -334.699
3.15761, -1326.74, 205.9
4.41122, 199.164, -342.892
6.12674, -458.314, 1337.67
2.50651, -2498.55, -321.377
4.60222, 1750.79, -1070.19
5.18984, 776.139, 160.452
4.86596, 74.719, 498.54
6.33003, 655.35, -20.2066
2.9396, 697.567, -26.2704
7.04284, 132.606, 334.035
3.20818, 359.956, 385.216
2.54782, -2.54805, -130.69
2.82267, 276.486, -46.6182
4.96742, 351.603, 341.002
5.40914, 7.14957, -136.133
4.03373, 1391.53, -2543.22
4.57091, 40.1041, -4.31054
4.33401, -10.68, -270.422
3.42687, 80.6763, -1458.85
2.76788, -904.672, -1205.08
4.47222, 150.998, -86.6653
3.98388, 583.541, 533.975
5.05388, -48.8529, -152.683
3.75392, 896.961, -1629.17
5.01589, 289.58, -346.171
2.51168, 980.416, -178.877
7.01807, -2041.97, 874.995
2.79181, 1505.7, 1382.36
5.17506, 42.4168, 1337.9
3.95754, 1412.84, -643.531
7.3023, 236.108, -104.201
4.73406, -1519.71, -768.363
5.08479, 39.3886, -49.2313
5.93861, -447.838, -547.366
2.72187, -181.327, 7.79207
7.2946, 1545.23, -1222.17
5.70852, 142.04, 164.705
2.80215, -181.623, -5.05719
3.33964, 13.8144, -98.1922
5.76491, 190.995, -193.275
6.19864, 185.122, 1203
3.57011, 341.8, -208.364
4.31441, 78.9982, -1054.85
6.56981, 751.365, -414.492
5.32057, -118.473, -16.1417
7.45886, 88.9312, -170.743
6.5669, -230.07, 10.6735
3.49157, 1231.65, -1741.01
2.50003, -103.843, -63.7024
4.62608, -1319.16, 1624.6
4.07406, 1071.48, 519.392
5.56218, -1579.47, 227.408
3.83351, -6.24868, -65.9352
4.39881, -189.753, -206.518
5.43397, -208.245, -496.439
5.95636, 19.7759, 321.144
7.26736, 56.1951, -85.8478
4.89785, 102.313, -290.107
3.60319, -543.219, 401.875
5.33741, -360.285, -149.012
6.09873, 33.064, -153.032
4.4953, 1251.6, -289.061
3.48326, 823.045, -448.69
6.66971, 182.792, 72.1101
5.59561, 629.7, -414.206
7.26866, -55.7782, -201.088
3.23222, 734.854, 627.159
5.38953, 24.3645, 29.9515
7.26796, 58.1203, 89.045
3.62331, -1919.76, 1028.88
7.25137, 113.093, -73.702
3.07874, 872.807, -349.669
2.58372, 39.5388, 146.415
3.90465, 143.002, -405.289
7.15042, 91.5442, -159.535
3.04796, -1030.95, -375.944
6.77266, 51.6124, -80.4855
5.68532, -59.9042, 127.392
5.63853, 8.00707, 207.197
3.80589, -317.127, 865.062
5.13936, 667.815, -538.072
7.16608, -54.3034, -186.236
3.98055, 84.2792, -156.616
4.78006, 135.13, -22.3788
6.35659, -220.226, 1725.5
4.17193, -739.865, -1822.23
6.31775, 111.567, -7.65453
6.65892, -1081.83, 841.059
2.64618, 1208.24, -826.416
4.31315, 446.421, -269.768
4.16221, 108.527, 480.419
3.17675, 173.527, 59.9889
3.00839, 505.458, -1600.38
5.11327, 324.471, 349.545
3.52046, -37.5927, 378.161
5.00728, -34.0209, -238.045
5.1371, -1814.93, 978.032
4.13422, 210.995, 53.2431
4.75888, -59.9163, 27.4644
6.85263, 226.166, 17.4727
4.72884, -163.434, -44.6169
6.03726, -149.412, -132.689
6.83171, -1099.52, 249.656
6.5822, 69.0316, 13.9765
2.67504, -1344.81, -570.712
3.8644, -177.291, 1232.79
5.21858, 252.205, -104.041
3.19942, 14.6451, -87.8328
5.57408, -93.6495, -18.2803
3.29182, 50.0529, -618.306
4.41129, 467.266, -87.3047
5.94997, -5.10275, -71.0941
3.21128, 1740.18, -98.0159
5.65284, -189.64, 117.898
3.15973, -1200.24, -1076.59
7.13583, 98.8846, -5.02286
5.53465, 1855.06, -2860.75
5.50388, 637.103, -586.899
3.33635, 137.327, 129.773
3.301, 69.3941, 594.931
5.91628, -2.70478, -17.602
5.1456, 181.011, -63.4278
3.65264, -1098.21, 398.637
6.55373, 15.8102, -168.777
5.76477, -60.7793, 105.648
4.08597, -357.272, -0.897037
2.53953, 158.236, -81.9422
3.49176, -112.109, -966.136
3.78831, -221.756, 649.519
3.03825, 645.183, -110.445
3.49545, -681.162, 144.304
6.75079, -2059.83, 1136.46
6.63912, 106.316, -13.0293
6.76813, -13.9528, -152.736
5.71027, -201.944, -157.496
3.6787, -1222.15, 1245.73
6.80638, -102.92, 47.6904
5.4745, -155.936, 719.207
2.52745, -978.004, -972.083
6.84925, 159.402, 234.484
7.37729, 353.267, 334.37
5.59653, -1021.44, -852.612
3.85574, 49.6908, -138.471
7.46973, -19.2949, -86.8177
4.60751, -770.178, 310.038
4.20537, 324.297, 312.15
4.80717, -103.891, 30.1588
4.44822, -497.131, -1419.44
4.613, -1948.46, -439.028
2.84879, 116.883, -55.694
5.5153, -27.785, 16.6509
7.36114, -293.38, 73.4474
5.07406, 99.2608, -35.4991
7.45461, -3.66693, -83.0501
5.84906, -869.923, -2246.62
4.01716, -430.588, -195.597
3.47371, -824.698, -322.093
4.0109, -115.973, -109.626
4.93946, -103.737, -67.2478
4.72438, -172.707, -115.942
5.7844, -13.6306, -164.136
3.74227, 2216.79, 1359.28
4.72007, -834.666, -854.507
5.75894, 6.46964, -29.5339
6.67472, 155.884, 14.8755
6.03698, 427.071, 181.633
4.93928, -219.925, -271.363
6.72039, 598.801, 391.257
7.00296, 143.563, -180.441
6.33082, -307.075, 69.5215
5.29453, -866.886, -296.834
2.70603, 766.7, 72.9845
5.46749, 742.434, -569.347
2.68674, 229.135, -1656.46
4.53488, -78.9674, -442.142
2.84243, -55.4839, -215.161
7.38558, -121.755, 92.9158
2.5956, 1170.69, 1384.29
6.60363, -68.1328, -254.495
5.2195, 1630.17, -1122.33
5.72828, 21.3974, -208.355
3.62934, -21.0505, 365.631
2.733, -64.0869, 1116.55
3.63154, 130.779, -89.3382
4.58371, 355.815, -1087.9
6.40126, 221.661, -326.058
3.72852, 614.587, -1191.39
4.81411, -42.8005, 46.5953
6.14756, 403.325, -476.422
5.35237, 2020.55, -346.353
5.45997, -442.114, -814.113
4.98425, 75.9259, 229.633
3.951, -24.2799, -86.0498
4.71107, 167.917, -52.2403
2.53669, -1046.24, 2221.22
7.41683, 1.1584, -139.599
2.52822, -66.9645, -196.688
4.8676, 718.029, 525.878
5.86497, 1414.59, 2288.88
