6.27803, -574.712, 218.346
3.5948, 297.932, 490.341
5.89648, 402.489, -278.395
5.09708, -38.7517, 22.1701
2.76731, 867.959, -1049.8
2.53849, 346.704, -199.752
4.58743, 1292.14, 705.547
7.15218, 111.065, -222.92
2.95982, 40.0507, 174.971
6.00595, 494.021, 525.123
3.81226, 23.115, -27.939
4.14117, 47.5808, -8.56925
7.45519, -352.725, -526.246
7.41275, -79.7974, 267.126
5.75759, -48.1435, 365.652
6.92354, -108.022, -295.471
6.33247, -5.60679, -62.4069
3.87453, -424.917, 262.037
4.93259, -32.5125, 302.277
2.80282, -957.042, -23.8995
5.08146, -49.1325, 270.696
4.96988, -778.483, 261.701
7.23882, -262.371, -44.5224
4.42071, 82.7851, 415.373
5.14874, -594.131, 364.528
2.75042, -253.682, 764.346
6.63909, 176.242, 453.738
5.94228, -132.758, -61.7389
6.18112, -142.732, 61.9917
6.94286, -705.35, -861.508
4.25508, 14.7057, -163.68
6.72991, 64.3053, 408.841
3.84659, 42.6002, -146.375
4.83959, 541.686, 203.974
3.2686, -115.462, -295.945
2.66527, 99.1177, 139.265
7.2768, -411.434, -486.908
6.95369, 166.974, 71.635
3.29884, -662.247, -26.1382
3.15214, -694.423, -294.929
2.515, 287.939, 91.5486
6.0491, 16.9201, -306.737
3.40448, 480.919, -211.99
5.76029, 24.4116, -307.03
4.42907, 29.3106, -193.095
3.23766, 225.638, 534.947
5.45054, 106.008, 168.742
3.24076, 629.196, -268.269
3.2091, -577.787, -512.009
4.94257, -143.891, -273.59
3.13015, -521.694, -7.15877
5.64635, -473.042, -152.977
5.60817, -318.254, 72.4954
4.88216, 656.357, -901.319
2.64188, 437.081, 651.205
3.21011, 771.7, -271.702
3.15594, -169.764, 91.9221
3.31099, 459.093, -677.505
3.76529, 431.99, -129.6
4.77654, -1038.2, 595.68
6.54472, 197.378, 102.886
3.57624, -81.1835, 285.831
3.75063, 31.9086, 529.836
5.02978, 99.7603, 357.114
6.27922, 92.1059, 97.5379
5.66369, -270.424, -709.847
5.9449, -696.738, -508.23
7.27207, -659.286, -301.011
5.18713, 741.855, -421.851
4.57014, 138.789, 650.833
4.70019, 44.7021, 369.247
6.07821, -587.395, -645.159
6.20858, -391.72, -624.283
5.12494, -765.268, 670.925
6.06711, -81.3719, -52.5163
5.91025, 263.832, -11.3079
6.82941, 491.259, -372.093
3.19597, 517.019, 93.8164
3.57766, -295.003, -0.442907
5.0733, -154.914, -232.24
4.83766, 80.8858, 312.789
3.55759, 325.467, -622.588
5.65244, 478.534, -391.467
2.5044, 519.954, -736.017
4.09589, 26.7479, -1217.05
5.90281, -68.5625, 66.0129
6.0446, -115.277, -386.564
2.90869, -3.31288, -117.424
3.56926, 144.352, 50.2814
4.44412, -205.328, 52.7817
4.44927, -970.284, -419.317
3.92018, 163.288, -251.506
4.6123, 101.192, 321.093
2.55658, 625.481, 30.9482
3.72027, -840.504, 481.787
4.49072, -97.9704, -840.806
6.64177, 27.5493, 19.3444
3.78584, -500.146, 287.151
3.59705, -256.196, -375.983
6.47385, 260.11, 341.1
5.8476, -386.5, -476.933
5.49108, -52.7219, -471.315
5.99917, 736.108, 292.2
5.13062, -127.72, -177.484
4.14833, -162.257, -20.0118
3.30844, 473.769, 43.8278
6.56633, -134.788, 42.992
4.08004, 481.142, 156.375
4.05369, -80.4417, -120.298
4.65424, -16.5965, -3.7161
4.46509, 510.988, 168.696
4.43916, 97.9489, -316.254
4.34871, -49.6929, 264.77
5.88118, -534.011, -316.42
6.10384, 572.812, 16.9019
7.20082, -597.946, -76.9071
5.08573, -131.64, -69.4686
5.5282, 486.659, 515.378
5.85049, 469.63, -680.418
5.11404, -454.758, 202.15
3.87105, 397.86, -14.5218
7.08924, 170.801, 307.698
3.73367, -109.372, 141.588
4.77876, -388.391, 121.611
3.30374, 244.027, -232.867
4.68319, -40.0142, -262.295
7.45767, 216.253, -121.48
6.26931, 405.252, -677.398
4.97846, -80.3372, 123.362
7.01651, -23.9086, -35.0216
4.68213, 60.075, 336.443
5.09239, 588.749, -479.403
4.44866, -639.796, -506.708
5.63431, -107.32, -191.832
5.19331, -104.784, -135.822
4.35955, 187.99, 20.8415
2.54674, -223.601, 0.763811
6.3794, 3.46288, -27.2086
2.85317, 169.894, 219.075
3.98511, -148.423, -298.882
4.78581, -210.445, 170.902
3.25156, -122.013, 7.61755
5.97819, 268.889, 304.112
4.15587, 57.2611, -342.463
5.21197, -558.637, 927.134
2.64678, -841.686, -41.4076
5.38086, -272.929, -362.208
5.18133, 118.625, -218.035
7.36678, -289.2, 536.447
5.57063, -28.8593, -92.2537
5.26431, 536.966, -550.26
6.69051, -128.589, -53.5908
3.75764, 95.5764, 314.876
6.98957, 214.197, -2.29995
5.97428, 266.885, -175.998
5.82752, 335.635, 651.94
3.06838, 497.848, 343.464
3.37987, 465.348, 272.763
2.91253, 188.869, -349.251
6.68103, -280.777, 443.553
2.64818, -283.586, -334.421
6.34719, -133.851, -50.1212
4.29829, 206.689, -773.033
6.24626, 593.957, -370.102
6.28385, 180.128, -85.4485
3.60834, 562.141, 195.11
5.58305, -119.775, -139.391
3.66846, -6.10708, 238.761
6.22052, 160.81, -688.428
5.80997, 378.616, 515.328
4.9209, -478.943, 917.125
2.58972, -623.57, 272.401
4.98291, 65.8675, 360.893
5.09587, 91.7467, -198.48
4.71395, 610.95, 626.394
4.14528, -506.618, -73.1067
3.52671, 160.631, -76.7127
7.19863, -236.918, 450.303
2.85168, 727.115, 402.073
3.30042, 120.294, -82.9053
6.70788, -53.6903, -223.086
4.13614, 386.244, 308.7
6.85942, -44.0918, 285.685
5.99896, -419.946, -214.199
5.52801, 200.158, 103.263
4.77536, 409.982, 376.695
2.91543, 905.801, -247.167
3.94883, -476.006, -609.823
6.51009, -127.181, -9.64334
6.81821, 414.648, 314.664
3.81831, -952.215, 163.781
4.79881, -152.758, -243.436
4.95672, -32.669, -236.107
5.82344, 472.142, -522.642
7.31738, -72.4289, 202.248
7.23022, 280.39, -66.0092
2.81902, -181.799, -351.503
5.04829, -101.241, 93.4227
6.13222, -331.519, -162.406
5.65882, 280.424, -129.22
3.26658, -162.769, -125.411
5.09652, 611.431, 624.079
3.52281, 1063.25, -422.358
6.03231, -189.533, -231.552
6.05786, -46.2806, 1111.5
3.66304, 275.804, 19.864
6.80594, -258.748, -268.107
2.67122, -220.829, -651.086
6.26587, -26.9942, 187.297
4.14789, -137.086, -111.738
4.65309, 910.604, -37.0115
7.33455, 325.231, 313.485
4.05803, -396.839, -550.031
5.69762, -1058.52, 200.899
5.95386, 156.558, -83.5998
5.36403, -75.4389, -261.41
6.60667, -566.549, 902.791
4.21807, -646.254, 445.998
5.09387, 296.318, 342.601
6.78438, 546.934, -1.08227
6.18587, 464.27, 296.059
3.45992, 84.136, -274.257
2.83145, 91.5972, 205.485
3.60828, -896.713, 526.15
3.33656, 84.1055, 111.148
6.31172, 4.86709, -42.2881
5.44905, 208.091, -661.484
4.65223, -1153.2, -250.833
7.09618, 476.737, -343.818
5.09668, -329.43, 248.712
7.38058, -415.341, 175.885
5.15714, 384.723, 310.34
2.98716, -154.892, 926.26
5.83983, 206.061, 295.046
5.44444, -333.072, 641.513
5.01137, 29.6208, 329.064
2.75808, 636.771, -286.333
2.6753, 563.823, -118.324
4.41484, 175.327, 6.08927
5.55555, -462.628, -763.953
5.06574, -1173.5, -238.769
5.98498, -258.094, -143.689
4.89891, -173.391, -157.368
3.88323, -1048.43, -58.7453
6.01685, 21.0317, 783.037
3.67701, -66.2531, -158.054
6.41501, -111.9, 148.924
6.60589, 480.012, -448.838
3.21842, 390.384, 549.002
5.75757, 569.562, -463.688
3.87677, -317.919, 301.783
7.26215, -5.32072, -187.378
4.58238, -31.4762, 79.0389
3.03869, 92.6524, 375.626
4.70633, 389.489, -95.2229
6.28811, 127.607, -49.9637
2.77803, 485.486, 495.33
3.51241, 56.2864, 216.183
6.82305, -267.779, 349.479
6.52456, -158.057, -46.3578
2.78861, 255.589, 639.908
4.40304, 46.4456, 43.6363
4.56124, 133.933, 97.1027
2.80071, -491.421, -141.373
7.09746, -495.501, -506.974
3.35398, -299.911, -297.321
6.51634, -8.70472, 150.202
3.88599, 397.95, 476.774
4.44586, -367.222, 71.2611
7.19936, -672.3, -282.492
6.24573, 10.9904, 736.52
3.44774, 271.78, -436.085
6.89581, 122.458, 110.738
6.8953, -104.96, -222.96
3.30515, -204.116, 29.6865
5.87346, 100.091, 390.487
6.89096, 144.584, 55.6513
6.98262, -410.25, 724.294
3.06535, -234.82, -4.88417
5.93789, 250.729, 497.691
3.21651, -199.356, -407.101
3.6901, 137.757, 38.6055
5.64383, 340.889, -413.571
4.312, 109.12, 392.07
4.64437, -618.138, -521.372
4.91936, 395.004, -182.824
6.20379, -219.122, -219.801
3.23098, 589.294, -301.027
7.36238, -128.355, -169.724
7.3158, -49.8781, 120.822
3.14741, 158.296, -176.041
5.3784, -406.7, -282.225
4.66439, -294.401, 360.963
5.50066, 32.7488, 326.589
5.85098, 181.867, -46.0707
4.5137, -719.243, -291.114
6.46691, -598.495, -506.319
4.89889, -588.455, 616.369
5.72449, -589.773, 226.018
4.28836, 857.464, -241.104
5.96794, -44.6343, 558.16
5.83428, 286.663, 438.633
3.22071, 476.731, -275.434
7.10415, 146.999, 175.234
4.22228, 468.594, 862.697
6.66824, -309.627, -239.549
2.74349, 187.901, -262.414
3.27936, -11.4907, 132.768
2.55765, 411.141, -342.164
3.94327, -17.0197, 18.7678
5.07295, 358.718, -196.814
3.65948, 39.5678, -892.74
2.75022, 388.731, -172.369
5.33091, 38.0775, 338.669
6.69774, -263.161, 69.4224
4.28763, 340.053, 597.225
4.3452, 199.845, 424.672
7.22226, 81.9, 234.935
4.72425, -463.49, 338.308
6.82086, 109.04, -134.9
5.82654, 332.351, -367.108
5.79297, -301.944, -499.675
7.10736, 714.674, -517.917
5.11536, -761.185, 680.03
5.45229, -642.263, -176.273
5.79944, -191.877, -778.2
4.24765, -631.157, 270.525
4.11714, 288.021, 53.1525
7.08984, 196.011, 341.324
3.08619, -756.097, 356.498
7.31268, 319.099, -27.0433
5.17978, 292.092, -303.255
5.81447, -501.328, -174.335
5.48362, -805.856, 358.588
6.93363, 173.557, 259.511
6.67999, -166.13, -164.077
6.69339, 237.651, 347.153
6.85642, -178.84, -248.677
2.5002, 394.678, 481.656
4.77274, 97.9057, 368.36
4.25696, 749.898, -99.8539
5.80713, 676.004, -754.488
6.22234, 240.505, -159.731
3.3821, -322.369, -827.55
7.4621, -413.443, 619.271
5.95466, 411.676, -280.458
6.97862, -166.395, -72.2517
3.51579, 150.105, -51.562
7.2356, 256.5, 509.725
4.88476, -805.193, 435.743
6.78578, -892.964, 529.341
6.41237, -342.783, -321.204
5.70687, -775.42, 687.521
3.14521, -224.494, 310.296
5.77944, 84.2888, -576.726
3.09199, 33.6164, 5.32177
3.88793, 687.429, -50.9793
6.65548, 283.871, 755.164
6.14153, 841.625, 979.855
6.74348, 744.535, -568.826
3.43989, 117.684, -410.42
6.09602, -25.511, -415.556
4.25586, -388.613, 365.834
3.34555, 540.309, 574.046
4.52383, -630.058, 137.824
4.20924, -66.5239, 276.695
6.67141, -16.9476, 24.1327
3.9111, -560.109, -902.122
5.16766, 129.251, 243.572
6.25085, -344.551, 348.815
4.62554, -15.0004, 219.56
4.66964, 788.675, -152.527
3.03022, -877.67, -153.922
6.4639, -34.8057, -161.21
3.91232, -186.609, -209.142
7.14264, 735.863, 745.807
5.37926, 174.4, 310.821
3.4895, -112.72, -438.015
5.99081, -21.8793, 214.16
3.07265, -127.226, -251.174
4.22945, 517.051, 456.193
4.15646, -183.245, -136.248
6.42735, -849.554, 405.87
6.65775, 199.217, 417.811
4.21712, 624.194, -403.513
4.2603, -131.98, 184.253
6.38197, -153.414, 102.362
6.58658, -353.327, -439.416
4.26157, 121.774, -391.382
7.09559, -80.8677, 146.757
3.2877, 491.447, 271.589
5.56029, 566.332, -454.705
5.54222, 115.231, -53.1432
3.16647, 584.113, 789.513
3.51409, 726.069, 991.559
4.79457, 209.235, -108.86
3.48759, -477.672, 151.82
6.77118, 206.17, -263.589
6.54562, -255.591, -97.4888
2.80131, 413.797, -676.03
6.50584, 388.437, -949.003
5.49597, -60.3045, -122.521
7.43182, 19.6176, 53.0054
2.65919, -598.383, -49.9676
6.8356, -641.789, 765.2
3.69109, -68.5257, 260.995
3.6127, 305.756, -678.363
4.73907, 1092.02, 514.971
2.61231, 266.618, -181.982
6.79755, 12.0627, -59.43
4.15902, 376.35, -1348.02
5.72195, -327.933, -346.444
7.43521, 573.314, -54.3643
5.30162, 37.3106, -433.939
4.74553, -45.626, 165.317
5.213, 115.307, -37.2026
2.90797, -310.163, -11.7391
3.99606, 883.698, 560.017
6.63964, -889.204, -254.981
6.48936, -579.62, 18.9283
5.71048, 106.615, 120.523
4.84105, -314.194, -305.033
7.15326, 259.125, 742.006
5.08798, -27.5838, -237.978
7.42924, -867.329, 593.525
5.94567, 29.6757, -134.084
6.19966, -25.4977, -131.563
3.46323, 570.495, 269.032
6.08881, 762.419, -539.233
6.11146, 132.688, 237.974
6.49298, -227.164, -363.003
4.23216, -812.589, 185.653
5.1481, 180.614, 543.642
3.19001, 48.816, -469.706
6.73218, -109.186, 94.9756
6.32766, 374.833, -291.548
7.5, -797.057, 363.135
4.24891, -1116.85, -515.063
5.50367, 751.491, -81.7939
3.50808, 32.4426, 928.599
6.2385, -661.742, 156.067
6.49225, 314.732, 325.622
3.03505, -590.278, 523.19
5.35813, 42.0171, 342.92
2.84683, -1128.33, 458.885
4.16036, -139.037, -305.703
5.80945, 52.2576, -25.1208
5.27726, 252.865, 779.263
7.12415, 79.0314, 120.287
2.69832, 229.599, 216.872
2.62083, 597.279, 545.181
4.61923, -112.052, 310.78
4.36987, -34.3674, 203.539
2.93303, 491.332, 310.916
3.05403, 104.014, -26.279
5.31992, -669.632, 142.448
7.37269, 57.2899, 212.783
3.05066, 56.7832, -849.51
5.99352, -719.841, -871.477
2.79674, 285.879, 749.605
4.69755, 229.205, 58.8216
5.24651, -582.638, -487.22
3.45129, 18.1973, -42.5472
7.36597, -84.6762, -293.855
3.19593, -154.667, -346.362
5.48978, -632.121, 291.193
7.12812, 180.108, -694.39
3.91116, 6.0153, 232.018
6.8307, -232.095, 37.4791
6.29598, 509.047, -369.087
6.10793, 75.8782, -304.364
3.34241, 367.19, 451.747
3.32882, -459.014, -403.882
3.39076, -235.223, -235.26
5.87226, -61.5749, -319.636
4.83484, 137.159, -115.421
6.85219, 40.7798, 345.981
5.76023, -9.97024, -169.598
5.80464, -455.928, -151.084
2.58037, 337.89, 321.595
4.30596, 1028.08, 681.005
3.72747, -69.4107, -490.59
6.93086, 625.459, 551.918
5.23701, -1231.36, 2.67701
6.57209, 218.861, -275.883
5.24453, -246.357, -620.529
4.16156, -57.1525, 394.53
4.40213, -435.17, -638.332
2.52389, -476.676, -34.5639
6.95226, -2.79389, -71.5959
6.16955, 566.222, -99.9907
6.04239, 95.5369, 435.42
5.1278, 555.998, -417.931
6.41065, 90.0494, 13.4265
3.42484, -88.5258, 335.834
5.72673, 13.8649, 131.154
3.42178, 43.4807, 230.754
3.31214, -652.857, 164.582
2.65594, 479.135, -136.143
7.42716, -74.556, -105.206
4.04559, -11.0052, -163.833
4.11075, 101.998, 294.26
5.51155, 212.863, 18.8345
2.89107, 776.557, 124.92
3.93936, -311.201, 156.138
5.79307, 544.938, -239.217
7.36348, -136.58, 215.51
7.27758, 563.192, 174.925
7.42745, -220.652, -318.581
7.30478, 162.685, 232.217
3.0073, 75.875, -385.19
3.71505, 132.675, 385.072
6.91151, -155.651, -223.042
5.28805, 314.967, 234.291
6.7669, 24.8186, -36.1456
7.49145, 546.166, -393.95
3.99751, -704.48, 740.352
6.33157, -1274.4, -524.709
4.81901, -695.266, 28.091
6.8168, -56.7066, 126.848
6.99018, 101.67, 87.8423
7.377, -222.378, -259.996
2.77405, 107.383, 96.2353
6.32605, -360.214, 157.537
5.09219, 556.989, -673.785
3.46574, 58.8635, 196.904
6.98252, -345.365, -75.3772
6.38492, 19.5215, 54.5179
2.75968, 13.2339, -15.2062
7.47331, 446.238, -685.224
5.93659, 206.853, -283.799
5.94854, -504.84, -186.013
6.57666, 651.027, -441.638
7.05426, 69.0876, 322.298
3.34218, 276.586, 1038.78
5.24183, 650.679, -474.54
6.53351, 78.1288, 244.146
4.17803, -141.258, -173.431
5.53435, 327.394, -212.69
6.59602, 306.252, -657.955
7.3485, 352.138, 54.2141
6.29349, -14.1796, -72.3293
3.72113, 411.775, -134.827
5.80589, 258.754, -218.681
4.21574, 59.2568, 5.46348
7.27146, -191.857, -127.923
2.60828, 217.816, -777.029
4.54979, 584.819, -258.801
2.55789, 138.759, 662.534
3.04964, 220.334, -12.7189
5.28259, 448.648, -681.766
4.45466, -208.973, 166.171
7.20539, -18.2672, -70.2314
2.55572, -414.113, -261.841
6.22897, 178.19, 330.477
3.84293, -86.0811, -7.04818
4.27153, -285.438, -116.685
3.45835, 929.043, -1030.13
5.14832, 9.76976, -121.594
4.39478, -203.877, -790.27
3.16407, -87.777, -12.889
4.26563, 455.73, 30.8972
4.2497, -998.667, 352.802
7.41084, -713.292, -496.356
5.25961, -38.3397, 247.16
4.99918, -624.41, -223.849
3.58531, 449.907, -579.595
4.37311, -200.873, -53.3584
6.78251, 67.9878, 142.237
6.45578, -497.364, 720.887
3.9204, 703.035, -675.395
5.07645, 150.082, -528.368
6.79238, 191.525, -128.961
7.07844, 163.501, -449.975
7.48941, -613.351, -513.396
6.53177, -335.534, -409.812
5.22718, -42.7393, -253.637
7.3461, 381.511, -96.8272
5.31931, -128.821, 149.777
4.03031, 539.587, -356.902
5.41853, 133.287, -40.5432
2.91197, -22.3923, -482.077
5.47382, -19.4623, -11.7101
3.31968, 415.066, 570.313
6.46527, 309.645, 469.961
2.95373, -509.665, 96.5942
6.3072, -260.152, 86.4277
6.83996, 100.403, -92.0216
6.40105, 332.058, -0.707348
6.61399, -619.188, -453.222
6.70974, 224.064, 140.271
4.48328, 496.7, 176.448
6.508, 219.715, 39.6583
6.56811, 306.915, 87.4942
5.43493, 478.677, 667.936
4.64621, -18.454, -81.1263
2.5002, 402.289, -416.819
5.31153, 240.618, -260.702
6.22632, 168.945, 335.368
3.89846, 716.975, 313.885
2.93406, -37.4543, -1041.38
3.5733, -454.517, 104.664
3.93296, -273.623, -171.171
4.86595, 216.863, -281.17
6.95893, -607.899, -538.045
5.91955, 287.674, -99.543
3.54376, -12.4116, 103.196
6.67533, 25.6257, 63.0122
7.09218, -446.021, -342.06
4.48244, 528.773, 390.657
6.37858, -202.483, 221.351
5.68161, -203.695, -180.138
6.64746, -342.838, 195.022
3.40204, 110.02, -90.5153
7.45927, 291.548, -54.1483
6.70558, 183.749, -467.059
4.65177, -524.184, -22.2569
4.38589, -553.515, 82.4609
2.70802, 209.634, 145.082
6.80715, -253.133, -227.104
6.62116, -753.241, 542.18
6.25052, 9.61405, 213.152
3.55801, -139.072, 171.866
4.31029, -75.7185, 321.146
4.43545, 363.24, 467.049
7.32918, -792.994, -575.992
6.5872, -280.23, -108.554
4.5755, -419.343, -133.154
5.83759, 210.05, -25.5622
2.52101, -803.248, 449.651
6.98048, 40.3227, 47.3622
3.68416, 464.193, 452.497
3.79415, -61.4545, -167.84
5.4939, 169.62, -207.116
6.89823, -633.196, 120.477
6.16299, 659.139, 218.438
6.0773, -508.014, -299.161
3.57724, 1133.65, -91.7361
6.30413, -944.645, 543.64
3.85351, -106.197, -267.323
2.75246, -312.775, -305.268
4.78866, 167.352, -245.571
2.58759, 138.729, -202.229
3.01129, 692.608, -619.626
2.639, -391.75, 144.489
5.65921, -148.11, -357.277
6.34425, 9.5533, 43.2409
2.74132, -646.79, -230.737
6.6924, -298.383, -274.499
6.76899, -93.4122, 225.714
6.57649, 482.441, -474.142
6.85188, -215.663, -673.288
5.27222, 45.0192, 351.975
6.12646, 59.5674, 664.032
3.20424, -1002.13, 359.318
6.6115, -59.7441, -313.121
5.51185, -467.403, -759.349
4.93856, -110.834, -184.067
6.14942, -127.298, 68.3154
4.05164, -712.012, 426.703
3.93925, 65.7047, -507.135
5.45857, 578.354, -787.898
5.34055, -787.411, 140.682
5.41059, 994.149, 365.009
2.84132, 354.482, -642.319
4.34304, -363.336, 382.022
6.28475, -123.446, -51.205
6.35297, 697.877, 689.215
4.27217, -35.0121, 121.289
5.98913, -116.649, 61.1446
5.08005, 665.123, 354.269
5.94494, -72.3741, 215.661
6.18066, -651.508, -737.914
2.56231, -681.251, -545.719
7.16549, 9.86238, 244.295
5.37826, -510.492, -262.358
3.05587, 193.073, -221.374
4.87388, -2.16615, -158.365
3.24247, 100.335, -273.286
4.22594, -1533.78, -415.928
7.04476, -212.635, -19.1023
4.54571, 648.713, -432.249
5.96642, 6.56875, 223.1
3.35865, -188.961, -140.401
6.21715, -582.422, 369.155
4.16319, -51.0447, 68.5393
4.62157, 104.417, 129.976
2.79523, 450.229, -229.625
5.09005, 160.94, 418.761
5.94425, -199.627, -106.799
5.01149, -75.9676, -231.763
6.56617, -178.116, -166.678
3.07974, 23.7125, 116.275
5.24841, -132.917, 329.431
5.06046, 268.632, 133.905
6.02649, -594.839, -505.064
5.65083, -201.999, -49.2917
4.0207, -88.8702, 82.4717
6.74719, -21.2778, 46.3087
3.39619, 363.924, -603.449
2.61737, -137.943, 44.9673
4.19467, 169.169, -352.414
3.43818, -613.11, -548.725
6.60467, -99.0885, 146.505
6.72507, -25.5105, 790.26
6.78031, -676.527, 461.984
7.37454, 356.66, -294.185
2.99587, 226.139, -329.818
2.56182, -383.564, -461.865
2.58614, 230.456, -864.174
2.64527, 120.52, -201.701
4.1031, -644.637, -628.534
6.17815, -551.749, 209.969
3.14876, -128.759, 339.548
2.5161, 245.882, -434.462
6.91905, 252.894, -281.042
3.70482, -76.608, -411.068
4.38481, 277.971, -246.882
4.44879, -18.3885, 161.641
2.81534, 345.838, 106.703
7.30792, 187.39, 336.827
3.75349, 216.422, 144.016
6.85376, -121.808, -339.45
2.85991, 360.118, -347.603
2.70653, -131.509, -205.65
3.46378, 18.3576, -165.424
3.86708, -133.197, -777.319
7.4007, -21.3736, -175.477
3.60607, 144.012, -862.8
6.43119, 453.521, -684.006
4.42306, 119.146, -239.396
3.78593, -804.047, 568.182
3.91087, 105.412, 59.8283
7.33834, -363.191, -181.389
4.22841, 18.6397, 209.762
3.45922, 213.597, 352.631
5.05037, -139.246, 225.198
5.21857, 281.944, -749.167
5.72333, -61.6185, -223.873
3.89738, 247.078, -402.708
3.41887, -21.0786, -413.784
2.71579, 566.275, -740.055
3.98408, -39.6623, 255.979
4.25548, 627.595, 255.354
7.09372, 573.343, -195.758
5.81225, -17.4732, -154.002
5.08041, -544.092, -463.437
4.03763, -606.591, -177.34
3.0007, 469.055, 431.934
3.47502, -29.6747, -132.021
4.11407, 559.773, 828.29
5.56182, 46.8657, -123.163
5.13511, -436.027, 275.92
3.45653, -198.226, 709.344
4.7178, 1143.62, 643.752
4.48693, 1149.6, -234.947
6.28051, -37.8883, 3.35667
6.6213, -235.648, -122.538
5.51573, -181.543, -127.686
3.04573, 85.2373, 99.8071
4.11797, 438.814, -16.0739
5.03403, 199.689, -14.6952
4.76521, 432.18, 281.803
4.77315, 70.6994, -52.3649
4.91125, -344.738, -163.906
5.07896, -1039.94, 201.592
4.50207, -374.953, -802.399
4.22945, -500.305, -181.642
6.64533, -137.129, -33.2898
3.02204, 719.162, 176.492
6.40057, -7.17577, 459.142
3.19919, -106.938, -73.2089
2.62171, 642.193, 875.56
6.0664, -77.5485, -478.329
7.15538, -121.188, -157.893
7.47667, 251.028, 89.9257
3.86264, 123.228, 80.943
3.6923, -353.059, 380.439
3.87328, -19.4187, -370.238
5.70836, 493.741, 378.484
5.17637, 201.762, 8.89943
6.8967, -661.497, 941.911
6.75968, 319.415, 456.845
2.98004, -148.711, 62.9314
4.66818, 127.835, -266.157
3.17045, -125.775, -52.8063
5.86802, 307.949, -67.3023
5.34964, -333.019, 26.0081
3.66474, 160.936, -494.367
5.50306, 226.917, 101.165
2.6551, -228.562, 72.36
7.08512, 135.667, 6.01879
3.82958, 332.244, -35.8703
6.50016, -38.9891, 18.2039
5.46389, -119.625, -70.0163
5.0822, 117.274, -51.2878
5.2567, 390.064, -22.2301
3.47225, 164.65, 241.802
5.36152, -308.366, -420.561
3.81992, -218.705, 639.811
4.41648, 296.623, -873.643
2.73626, 154.053, 177.821
4.22823, -12.4655, -286.036
3.61594, -792.894, 1351.01
3.81264, 42.115, 389.101
3.05141, -265.961, -247.067
7.40088, -59.0155, 190.33
5.93794, -508.38, -309.95
5.82158, -44.9484, 131.499
5.99501, -37.5347, 278.407
2.68746, 181.92, -326.049
3.6706, -276.666, -252.563
3.95397, -799.673, -1224.07
3.50543, -42.6986, 281.775
2.7177, -596.166, 495.137
2.56571, 532.368, -457.353
6.07297, 1064.6, -418.231
6.88348, 165.491, 227.053
5.35088, 353.566, -571.696
6.92743, -179.836, -147.334
5.20042, -194.239, 221.535
3.31357, -488.811, 390.633
3.30492, -421.592, -692.171
7.19182, 155.306, -130.295
3.45628, 340.804, -271.784
3.15761, -500.709, 322.718
4.41122, 337.942, -436.355
6.12674, -323.937, 634.617
2.50651, -1173.35, -238.529
4.60222, 670.291, -509.677
5.18984, 160.806, 99.4441
4.86596, -211.139, 46.6429
6.33003, -272.615, 24.2406
2.9396, 503.668, 192.456
7.04284, 310.626, 254.148
3.20818, 219.331, -471.483
2.54782, 127.108, -46.9859
2.82267, 227.486, 169.094
4.96742, 254.096, 327.011
5.40914, -143.372, -215.041
4.03373, 608.56, -1192.39
4.57091, 34.2768, 288.545
4.33401, -320.195, -0.504513
3.42687, 9.88246, -946.716
2.76788, -340.412, -519.648
4.47222, 135.487, 4.92682
3.98388, 478.267, 465.573
5.05388, 415.346, 292.775
3.75392, 407.389, -763.526
5.01589, -93.2797, -197.161
2.51168, 399.423, 90.0947
7.01807, -801.812, 360.457
2.79181, 781.619, 683.296
5.17506, 38.6382, 487.374
3.95754, 640.508, -320.012
7.3023, -138.655, 216.877
4.73406, -735.37, -528.239
5.08479, 219.841, 39.7992
5.93861, -14.0493, -347.009
2.72187, -17.3063, 42.3244
7.2946, 764.332, -640.235
5.70852, 25.7879, 279.373
2.80215, 249.158, -271.842
3.33964, 96.3529, 383.206
5.76491, 79.7495, 408.096
6.19864, 392.261, 483.577
3.57011, 132.207, -507.996
4.31441, -49.5887, -184.387
6.56981, 482.058, -391.245
5.32057, 235.937, -72.9931
7.45886, 53.7916, -151.298
6.5669, 255.929, -163.499
3.49157, 477.857, -773.177
2.50003, 4.4597, -154.02
4.62608, -634.067, 755.695
4.07406, 461.735, 192.204
5.56218, -783.398, 176.658
3.83351, 29.1427, -153.021
4.39881, -120.909, -423.616
5.43397, -345.703, -656.074
5.95636, -223.87, 170.319
7.26736, 59.8717, 66.2941
4.89785, 200.997, -504.522
3.60319, -775.909, 360.659
5.33741, 221.32, 115.475
6.09873, 16.1952, -81.9385
4.4953, 728.316, -263.752
3.48326, 618.043, -352.368
6.66971, -41.855, -221.686
5.59561, 515.418, 123.747
7.26866, 138.425, 377.682
3.23222, 431.443, 430.12
5.38953, 66.9812, -16.3837
7.26796, 210.991, -254.544
3.62331, -759.461, 325.704
7.25137, 6.73073, 51.3268
3.07874, 101.338, 18.105
2.58372, -128.562, -354.631
3.90465, -151.477, -205.146
7.15042, -7.86898, 108.867
3.04796, -707.366, -226.267
6.77266, -14.1687, 312.529
5.68532, 69.2407, -402.448
5.63853, 29.9587, -197.703
3.80589, 57.7522, 188.719
5.13936, 476.879, -460.749
7.16608, -37.0344, 20.8361
3.98055, 157.234, -37.9015
4.78006, -509.362, -370.376
6.35659, 89.4216, 630.848
4.17193, -300.843, -1248.13
6.31775, -98.539, 138.879
6.65892, -609.01, 165.039
2.64618, 568.354, -618.026
4.31315, -282.762, -203.333
4.16221, -242.673, 424.512
3.17675, 33.5592, 134.115
3.00839, 216.06, -691.532
5.11327, 479.338, 27.7862
3.52046, 199.244, -347.499
5.00728, -152.392, -117.474
5.1371, -778.69, 229.535
4.13422, -152.862, 157.346
4.75888, 182.498, -22.8027
6.85263, 158.504, -60.9576
4.72884, -87.4002, -188.102
6.03726, 271.146, 37.0063
6.83171, -616.242, 284.066
6.5822, 264.742, -28.8032
2.67504, -345.7, -155.432
3.8644, 156.534, 637.402
5.21858, -77.0834, -35.6282
3.19942, -311.772, 155.62
5.57408, 98.3593, 45.7163
3.29182, 357.443, -314.956
4.41129, 252.323, -112.99
5.94997, 132.821, 318.546
3.21128, 893.905, -143.252
5.65284, 366.474, -102.148
3.15973, -414.491, -758.293
7.13583, 18.9217, 18.8555
5.53465, 769.049, -1207.15
5.50388, 649.976, -268.195
3.33635, 196.896, 123.661
3.301, 200.646, -452.363
5.91628, 36.1727, -0.924788
5.1456, -21.6695, -156.86
3.65264, -622.619, -138.171
6.55373, 25.8144, 312.838
5.76477, -205.801, -154.045
4.08597, 193.837, 393.24
2.53953, 13.3927, 21.0377
3.49176, -141.011, -753.362
3.78831, -426.054, 346.381
3.03825, -225.375, -237.513
3.49545, -557.856, -110.36
6.75079, -801.508, 412.109
6.63912, 28.9314, 15.9378
6.76813, 320.582, 463.015
5.71027, 287.711, -73.2936
3.6787, -676.532, 601.773
6.80638, 162.287, -70.1559
5.4745, -311.707, 435.436
2.52745, -766.953, -677.094
6.84925, 377.045, 518.565
7.37729, 251.24, 323.784
5.59653, -594.83, -509.637
3.85574, 454.145, -149.017
7.46973, -115.371, -72.6762
4.60751, -154.461, 448.316
4.20537, 349.537, 609.274
4.80717, 270.123, -18.0328
4.44822, -271.097, -740.983
4.613, -937.938, -269.084
2.84879, 204.913, -36.9075
5.5153, 256.446, -47.814
7.36114, 258.047, -52.6275
5.07406, 168.149, 221.805
7.45461, -172.418, 222.533
5.84906, -303.911, -988.416
4.01716, -188.552, 198.023
3.47371, -506.493, -299.135
4.0109, -35.6402, -317.634
4.93946, -127.431, -51.1159
4.72438, -490.355, -362.985
5.7844, -48.8988, -233.746
3.74227, 1029.11, 681.302
4.72007, -665.854, -567.439
5.75894, -85.3916, -24.5264
6.67472, 376.991, -429.439
6.03698, 136.521, 166.601
4.93928, 117.912, 405.483
6.72039, 35.79, 247.292
7.00296, 15.3323, 236.828
6.33082, 231.076, 307.458
5.29453, -662.071, -284.267
2.70603, 615.756, 99.3931
5.46749, 104.766, -408.827
2.68674, 243.668, -694.579
4.53488, 239.093, 31.3898
2.84243, 341, -276.857
7.38558, -122.663, -150.067
2.5956, 828.021, 742.12
6.60363, 147.832, 410.343
5.2195, 782.764, -412.303
5.72828, -236.191, 409.933
3.62934, 19.1905, -192.386
2.733, -163.418, 65.2857
3.63154, 61.9855, -136.406
4.58371, 456.053, -238.85
6.40126, -344.506, 51.8575
3.72852, 305.386, -654.791
4.81411, -11.7373, -97.0396
6.14756, -98.5178, -428.608
5.35237, 713.056, -181.278
5.45997, -403.625, -472.33
4.98425, 225.697, -279.697
3.951, -172.639, -285.076
4.71107, 269.214, -65.6997
2.53669, -429.651, 684.864
7.41683, -22.3292, -210.802
2.52822, -299.854, -93.5489
4.8676, -221.022, 191.724
5.86497, 654.896, 967.156
