6.27803, -3549.63, 2084.86
3.5948, -90.0201, 1058.07
5.89648, 473.274, 202.351
5.09708, 602.779, 110.25
2.76731, 6890.85, -7060.18
2.53849, -2446.64, 3027.22
4.58743, 9675.79, 5745.58
7.15218, 123.44, -130.85
2.95982, 776.921, -485.515
6.00595, 421.491, 113.52
3.81226, -204.334, -31.8713
4.14117, 238.864, -43.0289
7.45519, 719.906, -818.738
7.41275, 136.139, 79.7681
5.75759, -547.227, -248.444
6.92354, 313.248, -72.7926
6.33247, 91.6711, 218.315
3.87453, -2634.36, -997.171
4.93259, -1377.98, -1157.27
2.80282, -8786.87, 2250.72
5.08146, 385.863, -63.2716
4.96988, -6122.84, 2310.74
7.23882, 102.489, 32.8903
4.42071, 206.302, -134.085
5.14874, -4594.09, 1190.69
2.75042, -321.498, 6123.26
6.63909, 572.19, 193.04
5.94228, 810.305, -247.589
6.18112, 688.393, 124.456
6.94286, -4520.99, -3906.83
4.25508, -185.714, 203.521
6.72991, 235.111, -6.16146
3.84659, 923.804, -378.793
4.83959, -160.698, 540.477
3.2686, -62.8829, -245.544
2.66527, 961.037, -598.559
7.2768, -1435.38, -990.976
6.95369, 88.7365, 187.493
3.29884, 23.6368, 413.331
3.15214, 2029.44, -1182.63
2.515, 3579.32, -655.401
6.0491, 102.914, 105.668
3.40448, -4.81642, 28.4347
5.76029, -1114.04, 198.721
4.42907, 255.23, 0.00321198
3.23766, 1405.84, 1465.04
5.45054, 825.876, 182.906
3.24076, 3187.83, -1532.59
3.2091, -2620.08, -1504.9
4.94257, -33.6357, -77.8737
3.13015, 544.559, -311.982
5.64635, 1119.95, 270.616
5.60817, 209.79, -150.282
4.88216, 4168.26, -5745.61
2.64188, -867.915, -54.0018
3.21011, 4983.06, -711.508
3.15594, 710.023, -102.77
3.31099, 1682.59, -2622.37
3.76529, 4.75804, 98.6099
4.77654, -5847.41, 2801.64
6.54472, -169.789, -1193.78
3.57624, 276.782, -140.83
3.75063, 261.948, -48.5331
5.02978, -1393.88, -2410.65
6.27922, 193.565, -112.425
5.66369, -1994.08, -3983.73
5.9449, -2459.45, -1853.37
7.27207, 58.5637, -223.617
5.18713, 6011.61, -3045.52
4.57014, 139.545, -2728.58
4.70019, -331.267, -376.349
6.07821, -2034.89, -1844.36
6.20858, -3004.47, -2207.89
5.12494, -3904.45, 3103.75
6.06711, 121.841, 57.5594
5.91025, 378.943, 314.188
6.82941, 2322.58, -1855.55
3.19597, 414.764, 1825.58
3.57766, 305.43, -58.4426
5.0733, 1446.74, 2529.68
4.83766, 188.392, -54.2166
3.55759, 4475.58, -4528.92
5.65244, -147.453, 282.126
2.5044, 3534.21, -5086.52
4.09589, -913.298, -2993.77
5.90281, 178.963, -81.8941
6.0446, 228.99, 17.0479
2.90869, 146.228, -191.554
3.56926, -58.8503, -534.23
4.44412, 305.407, 218.306
4.44927, -4470.79, -1504.44
3.92018, 121.621, 556.972
4.6123, 340.153, 124.558
2.55658, -2659.54, -196.648
3.72027, -6238.04, 3268.08
4.49072, -2438.04, -4026.09
6.64177, 963.943, 318.868
3.78584, 702.317, -515.665
3.59705, -1163.75, 684.821
6.47385, 139.118, 27.1733
5.8476, 1667.43, -388.023
5.49108, 566.346, 946.161
5.99917, 2899.42, 1939.39
5.13062, 342.747, 521.264
4.14833, 203.805, 13.5911
3.30844, 6952.92, 1216.13
6.56633, 38.5566, 53.1585
4.08004, 69.4126, -674.532
4.05369, 784.796, 437.984
4.65424, 129.45, -63.0808
4.46509, 321.387, 230.575
4.43916, 104.384, 51.9721
4.34871, 202.917, -164.883
5.88118, 242.998, 68.4162
6.10384, 564.069, -222.561
7.20082, -2551.02, 1084.03
5.08573, 643.815, -349.77
5.5282, -540.99, -158.057
5.85049, 1691.15, -2560.48
5.11404, -1.17855, -106.925
3.87105, 22.884, 65.6064
7.08924, 291.198, -151.545
3.73367, 25.58, 195.738
4.77876, 292.825, -621.751
3.30374, 37.7268, 97.1704
4.68319, 344.711, 29.655
7.45767, 904.655, -395.815
6.26931, 4509.36, -4348.38
4.97846, 6.54729, -795.014
7.01651, 231.884, -22.472
4.68213, 59.5418, 116.467
5.09239, 2311.73, -1812.39
4.44866, -2026.83, -3347.53
5.63431, 216.407, 136.642
5.19331, 197.912, 42.0204
4.35955, 195.045, 1108.45
2.54674, 62.5198, -902.293
6.3794, 264.265, 28.1227
2.85317, -419.909, -450.826
3.98511, 911.131, 165.262
4.78581, 45.3555, 1843.77
3.25156, 401.401, 121.212
5.97819, 66.7754, -564.297
4.15587, -389.291, -434.639
5.21197, -3882.4, 6810.04
2.64678, -3690.4, -2450.51
5.38086, 541.645, -526.618
5.18133, 151.978, -390.269
7.36678, 505.009, 352.252
5.57063, 108.811, -71.583
5.26431, 2970.91, -5150.03
6.69051, 1091.88, -281.693
3.75764, 535.022, -1171.27
6.98957, 303.954, 56.9996
5.97428, 156.806, -196.226
5.82752, -565.113, 2546.87
3.06838, 674.714, -644.86
3.37987, -1832.31, -725.406
2.91253, -1967.78, 3147.1
6.68103, 505.956, 27.0686
2.64818, 818.195, 4163.27
6.34719, 66.4229, -54.7716
4.29829, 216.459, -3953.65
6.24626, -1091.75, -391.093
6.28385, 139.326, 20.809
3.60834, 2586.13, -1502.92
5.58305, -314.281, 206.29
3.66846, 455.964, 284.35
6.22052, -40.2829, -3919.02
5.80997, -137.537, -679.026
4.9209, -3793.81, 6889.44
2.58972, 610.917, 271.807
4.98291, -91.0752, 485.002
5.09587, 167.503, -84.8488
4.71395, 685.334, 3609.45
4.14528, -2581.95, 1661.1
3.52671, 211.917, -46.0423
7.19863, 0.974263, 1028.25
2.85168, 1162.11, 3308.54
3.30042, 343.641, -1252.73
6.70788, -53.7984, 205.551
4.13614, 198.047, 161.447
6.85942, -151.383, 102.131
5.99896, 377.174, -37.9553
5.52801, 698.697, 293.347
4.77536, 664.598, 31.4491
2.91543, -387.963, 731.482
3.94883, -3724.54, -901.703
6.51009, -40.8259, -109.471
6.81821, 283.63, -1537.28
3.81831, -5190.69, 407.176
4.79881, 783.43, 581.762
4.95672, 217.958, -135.703
5.82344, 1702.14, -2616.56
7.31738, 121.753, -308.164
7.23022, 539.778, 79.7234
2.81902, 1687.07, 175.298
5.04829, -577.859, -590.166
6.13222, 403.458, -395.098
5.65882, 324.978, -96.2694
3.26658, -410.911, -703.325
5.09652, 683.964, 3606.29
3.52281, 6594.12, -2069.3
6.03231, 45.5398, 75.106
6.05786, -1418.01, 7031.39
3.66304, 394.299, 458.626
6.80594, 362.276, 181.349
2.67122, 457.977, -218.936
6.26587, 1065.25, -145.721
4.14789, 387.15, 1096.28
4.65309, 5954.12, -1563.67
7.33455, 21.2686, -621.893
4.05803, -1901.35, -1759.78
5.69762, -6863.71, -92.493
5.95386, 41.708, -26.8313
5.36403, -461.354, 136.643
6.60667, -3838.32, 6839.98
4.21807, -4138.72, 1576.06
5.09387, 237.837, -211.146
6.78438, 296.033, 1096.6
6.18587, -9.80714, 582.5
3.45992, 2011.56, -876.287
2.83145, 136.348, -144.113
3.60828, -4947.34, 3103.66
3.33656, 188.924, 89.1676
6.31172, 315.577, -169.65
5.44905, 1852.2, -2426.46
4.65223, -7179.85, -480.325
7.09618, 1601.62, 62.4091
5.09668, -1112.88, -1612.15
7.38058, -408.408, 64.1406
5.15714, 292.083, 109.836
2.98716, -1174.92, 520.769
5.83983, -559.61, -521.589
5.44444, -586.063, 3050.18
5.01137, 194.033, -11.4858
2.75808, 378.695, 1478.27
2.6753, -80.3421, 41.9951
4.41484, 54.9102, 512.887
5.55555, -3042.99, -3330.61
5.06574, -7200.31, -482.459
5.98498, 562.414, 87.1493
4.89891, 210.471, 199.545
3.88323, -7399.47, 32.3914
6.01685, -332.361, 3301.66
3.67701, 220.249, 329.122
6.41501, 142.143, 39.4977
6.60589, 243.037, 228.06
3.21842, 4611.24, 3935.34
5.75757, -296.314, -483.809
3.87677, -1581.39, -1943.62
7.26215, 3304.58, -1234.74
4.58238, 363.234, -25.3712
3.03869, -112.191, -701.409
4.70633, 384.371, -557.713
6.28811, 199.687, -226.399
2.77803, 636.016, -8.45814
3.51241, 167.389, 8.54062
6.82305, 612.423, -291.849
6.52456, 65.1436, -62.7159
2.78861, 759.868, 2032.93
4.40304, -141.338, 259.883
4.56124, 332.836, -1.64755
2.80071, -1730.08, -812.86
7.09746, -1191.25, -973.874
3.35398, 374.726, -114.115
6.51634, 343.167, -226.873
3.88599, 3129.27, -813.395
4.44586, 244.637, 6.37569
7.19936, -2137.9, 1254.48
6.24573, 163.678, 3356.81
3.44774, 5021.88, -5060.92
6.89581, 209.537, -151.23
6.8953, -48.3211, 13.3082
3.30515, 242.363, -1911.62
5.87346, 40.2794, -252.369
6.89096, 180.131, 48.0449
6.98262, -794.506, 4519.69
3.06535, 542.861, -69.2796
5.93789, -2121.06, -1571.2
3.21651, -91.42, -312.503
3.6901, -933.893, 349.723
5.64383, 3478, -2388.76
4.312, 331.042, 341.674
4.64437, -2199.18, -2017
4.91936, 1820.18, -2187.85
6.20379, 132.737, 1959.96
3.23098, -50.4378, -467.613
7.36238, 227.027, -63.8106
7.3158, 518.263, -54.4702
3.14741, 3070.29, -1892.09
5.3784, 203.465, -231.794
4.66439, 264.136, -1017.48
5.50066, 387.867, -115.924
5.85098, 426.1, 382.335
4.5137, -3638.14, -1261.62
6.46691, -2023.81, -1741.81
4.89889, -4352.56, 2096.94
5.72449, 346.787, 135.244
4.28836, 6926.35, -1076.57
5.96794, 169.578, -960.959
5.83428, 1137.03, 653.368
3.22071, 364.599, -17.6575
7.10415, 193.192, -156.317
4.22228, 1311.54, 4657.32
6.66824, 384.609, 158.917
2.74349, 243.721, -1055.21
3.27936, 1520.22, -2592.01
2.55765, 858.068, -298.132
3.94327, 469.041, -266.084
5.07295, 171.805, 661.355
3.65948, 1377.45, -4174.88
2.75022, 340.095, -389.624
5.33091, 426.232, 117.156
6.69774, 465.073, -449.479
4.28763, 780.108, -208.501
4.3452, 208.842, -870.133
7.22226, 251.06, -13.4701
4.72425, -1337.34, -22.774
6.82086, 196.999, 83.7687
5.82654, 69.9975, -564.338
5.79297, 703.326, 239.032
7.10736, 3051.95, -2253.58
5.11536, -3899.89, 3107.8
5.45229, -76.7227, 814.562
5.79944, -216.395, -3125.15
4.24765, -1782.02, 1175.97
4.11714, 533.102, 176.596
7.08984, 234.652, 923.79
3.08619, -5770.99, 2271.48
7.31268, -439.605, 438.796
5.17978, -34.4774, 331.71
5.81447, 1940.82, 1114.9
5.48362, -5999.19, 2879.95
6.93363, 179.282, -1043.31
6.67999, 642.175, -68.5528
6.69339, 240.004, -0.398426
6.85642, -511.597, -470.862
2.5002, -579.002, 2566.72
4.77274, -1261.64, -3750.82
4.25696, 1645.25, 139.23
5.80713, 6093.66, -4632.2
6.22234, -369.316, 45.2718
3.3821, -1148.09, -5188.33
7.4621, -1359.63, 1561.14
5.95466, 474.518, -448.125
6.97862, -558.622, 164.927
3.51579, -1366.48, -582.864
7.2356, 697.18, 610.373
4.88476, -5495.55, 3006.91
6.78578, -4943.78, 3102.53
6.41237, -121.032, 162.277
5.70687, -3755.53, 3650.78
3.14521, -94.0377, -107.174
5.77944, 219.123, -635.105
3.09199, 120.778, 11.7651
3.88793, 3090.91, 886.061
6.65548, 58.057, 2875.71
6.14153, 4640.97, 5985.63
6.74348, 5177.94, -3875.35
3.43989, -131.358, 396.106
6.09602, 255.726, -114.798
4.25586, 111.079, -498.796
3.34555, 244.586, -191.131
4.52383, -5560.26, 623.586
4.20924, 138.468, -171.368
6.67141, -236.714, 225.9
3.9111, -4298.02, -6968.53
5.16766, 4415.7, 2522.26
6.25085, 1323.01, -2348.46
4.62554, 478.657, 237.186
4.66964, 532.429, 181.102
3.03022, -4035.82, -2985.28
6.4639, 356.689, 354.16
3.91232, 144.305, 35.8612
7.14264, 4591.04, 7160.62
5.37926, 227.242, 1.60106
3.4895, -453.213, -551.316
5.99081, 257.716, -50.1467
3.07265, 1218.97, -211.955
4.22945, 176.971, -1147.74
4.15646, 336.909, 49.2564
6.42735, -6040.7, 2934.36
6.65775, 613.958, 18.2654
4.21712, 386.355, 118.419
4.2603, -605.525, -8.59187
6.38197, 166.689, -175.843
6.58658, 198.634, 226.961
4.26157, -520.166, -558.398
7.09559, 180.809, 237.873
3.2877, 718.476, -98.6659
5.56029, -55.1535, -416.129
5.54222, 161.836, 90.8523
3.16647, 3403.92, 3436.82
3.51409, 4378.13, 5940.62
4.79457, 495.172, 144.042
3.48759, -264.949, 1623.34
6.77118, 275.369, 118.34
6.54562, 1291.94, 1127.22
2.80131, 2909.77, -1888.95
6.50584, 1841.41, -5417.17
5.49597, 341.86, -152.648
7.43182, 408.35, 30.5195
2.65919, -198.619, -216.225
6.8356, -3692.97, 4389.9
3.69109, -2333.39, -798.156
3.6127, 2384.83, 984.792
4.73907, 7623.81, 3557.88
2.61231, -400.673, -255.998
6.79755, 238.392, 22.3445
4.15902, 489.651, -4456.48
5.72195, 655.728, -440.136
7.43521, -361.891, -120.853
5.30162, 160.359, 14.8035
4.74553, 129.791, 168.506
5.213, 208.729, -559.962
2.90797, -2802.09, 980.56
3.99606, 1631.22, 3236.26
6.63964, -4085.01, -748.823
6.48936, -4770.21, 2075.9
5.71048, 297.048, -276.506
4.84105, 16.6241, 514.732
7.15326, 562.893, 2045.87
5.08798, 200.61, -769.59
7.42924, -4915.04, 3039.79
5.94567, -248.729, 7.7019
6.19966, 294.023, -420.319
3.46323, 1177.52, 1618.85
6.08881, 3226.94, -1825.78
6.11146, 706.554, -609.931
6.49298, 145.531, 48.0757
4.23216, -5590.56, 354.608
5.1481, -2438.84, -1379.01
3.19001, 1132.68, -125.334
6.73218, 183.825, 82.6802
6.32766, -169.918, -355.079
7.5, -5999.29, 2870.84
4.24891, -8658.64, -2791.74
5.50367, -921.77, -305.6
3.50808, -532.066, 3659.99
6.2385, -3855.15, 653.212
6.49225, 1134.93, -448.618
3.03505, -924.813, -164.242
5.35813, 152.009, -36.6879
2.84683, -5563.16, 1844.67
4.16036, 526.194, 1110.37
5.80945, 178.169, 188.885
5.27726, 435.513, 4236.99
7.12415, 434.757, 663.84
2.69832, 360.104, 2963.96
2.62083, 669.738, 896.873
4.61923, 146.086, 10.6405
4.36987, -837.29, 475.782
2.93303, 3972.83, 3922.73
3.05403, 261.226, 265.174
5.31992, -5439.14, 172.154
7.37269, 166.277, 27.1937
3.05066, 165.874, -4084.78
5.99352, -3292.45, -3646.76
2.79674, 53.0917, 168.912
4.69755, 955.947, -656.714
5.24651, 1254.22, 527.427
3.45129, 310.49, -239.609
7.36597, -38.5209, 84.5586
3.19593, 144.881, 166.715
5.48978, -3288.6, 264.986
7.12812, 214.897, 374.204
3.91116, -1733.8, 402.782
6.8307, 418.441, -168.978
6.29598, 826.411, -1248.61
6.10793, -47.9389, 332.111
3.34241, 91.4473, -45.0485
3.32882, 1580.14, -2736.06
3.39076, 326.633, 133.395
5.87226, 315.061, -164.414
4.83484, -501.788, 800.412
6.85219, 358.859, -18.515
5.76023, -544.679, 430.228
5.80464, 1941.74, 1117.59
2.58037, 292.11, -378.971
4.30596, 6426.18, 3609.39
3.72747, 119.228, 1343.35
6.93086, 300.163, -386.159
5.23701, -8184.15, 151.505
6.57209, -427.34, -220.299
5.24453, 957.328, -76.6685
4.16156, 771.199, -329.727
4.40213, -1937.08, -3480.29
2.52389, 2313.1, 464.221
6.95226, 143.161, 10.1001
6.16955, 714.751, 220.8
6.04239, 21.0398, -88.3243
5.1278, 2069.31, -3034.86
6.41065, 101.831, -228.773
3.42484, 158.872, 235.116
5.72673, 279.427, 155.482
3.42178, 52.9887, -80.3601
3.31214, -980.641, 681.829
2.65594, 1266.43, 1472.85
7.42716, 421.639, -202.566
4.04559, 649.163, 60.5015
4.11075, 453.779, 1.65129
5.51155, 55.7599, 41.4599
2.89107, 6255.23, -1155.72
3.93936, -755.622, 38.9627
5.79307, -180.019, 808.234
7.36348, 371.241, -14.1627
7.27758, 4430.48, 1786.86
7.42745, 375.484, 159.817
7.30478, 182.129, 14.2374
3.0073, 888.607, -54.7655
3.71505, -333.134, -59.897
6.91151, 595.699, 151.401
5.28805, 153.364, 55.3556
6.7669, 256.906, 34.7379
7.49145, 575.266, 31.0094
3.99751, -5278.73, 2063.79
6.33157, -9528.57, -3083.19
4.81901, 935.868, -1538.14
6.8168, -378.713, -241.044
6.99018, 209.246, -312.379
7.377, 684.014, -95.7789
2.77405, 701.416, 45.3187
6.32605, -343.067, -246.488
5.09219, 1659.76, -2584
3.46574, -534.582, 387.059
6.98252, 259.117, -32.2244
6.38492, 169.572, 87.8095
2.75968, 849.941, -1897.5
7.47331, 1714.86, -2587.65
5.93659, 42.3858, -132.691
5.94854, 1959.29, 1128.62
6.57666, 3181.27, -1524.62
7.05426, -42.3648, -103.012
3.34218, 2909.4, 5574.99
5.24183, 3138.91, -2324.92
6.53351, 123.538, -88.7391
4.17803, 109.152, 5.38376
5.53435, 366.128, 516.068
6.59602, 1802.06, -2420.1
7.3485, 134.723, -199.009
6.29349, 774.701, 610.357
3.72113, 94.2171, -1282.37
5.80589, 394.306, -129.488
4.21574, -164.556, 44.3383
7.27146, 38.7945, 166.96
2.60828, 3364.03, -3577.51
4.54979, 161.694, 37.2171
2.55789, -4739.36, 4246.11
3.04964, 329.007, 1787.35
5.28259, 29.7645, 209.679
4.45466, 415.959, 98.8629
7.20539, 165.135, 58.1919
2.55572, -69.432, 60.0887
6.22897, 1266.63, -2959.44
3.84293, 120.99, -261.445
4.27153, 354.798, 374.684
3.45835, 6955.2, -7077.15
5.14832, 100.084, -91.8318
4.39478, -1019.29, -5903.27
3.16407, 315.857, -44.6162
4.26563, 340.692, -771.883
4.2497, -5558.61, 2862.65
7.41084, -2447.8, -1858.75
5.25961, 472.498, -304.672
4.99918, -2009.95, -580.747
3.58531, 1582.16, -2297.79
4.37311, -224.658, -862.942
6.78251, 3619.6, 3271.35
6.45578, -3411.39, 6935.19
3.9204, 3153.63, -4029.09
5.07645, -339.428, -333.793
6.79238, 480.08, 38.9608
7.07844, 240.183, -176.616
7.48941, -2039.48, -1737.02
6.53177, 159.825, 83.0883
5.22718, 274.721, -639.194
7.3461, 929.705, 115.327
5.31931, 1072.71, 495.592
4.03031, -155.728, -203.332
5.41853, 157.083, -191.279
2.91197, 96.0886, -304.879
5.47382, 192.206, 113.17
3.31968, 3135.86, 6153.74
6.46527, 797.809, 7.1834
2.95373, -298.534, 1717.88
6.3072, 105.816, -761.347
6.83996, 340.339, -30.8427
6.40105, 114.995, -108.635
6.61399, -1949.31, -273.865
6.70974, 174.705, 185.047
4.48328, 333.82, 722.478
6.508, 186.766, 106.686
6.56811, 74.3418, -21.4312
5.43493, 354.695, 866.431
4.64621, 243.587, 771.376
2.5002, -1356.27, 448.742
5.31153, 327.282, -157.33
6.22632, -879.479, 743.004
3.89846, 3675.68, 2229.25
2.93406, -937.415, -5251.13
3.5733, 971.871, 1186.71
3.93296, 812.798, 195.96
4.86595, 538.889, 124.53
6.95893, -2028.62, -1668.51
5.91955, -682.864, 250.998
3.54376, -52.3397, -36.0966
6.67533, 118.562, -50.8429
7.09218, 399.174, -991.151
4.48244, 600.99, -66.2887
6.37858, 1719.29, -0.242995
5.68161, 785.376, 459.33
6.64746, -360.683, 46.6742
3.40204, 2022, 544.528
7.45927, 141.234, 51.743
6.70558, 269.56, -108.089
4.65177, 148.366, -706.668
4.38589, 220.07, -104.447
2.70802, 438.358, -656.882
6.80715, -701.512, -1098.69
6.62116, -4845.11, 2892.52
6.25052, 1920.48, 1194.81
3.55801, 225.395, 150.481
4.31029, -448.194, -204.704
4.43545, -29.4236, -297.512
7.32918, -3478.07, -2171.09
6.5872, 21.6899, -98.0978
4.5755, 2484.37, -358.51
5.83759, -267.589, 377.215
2.52101, -4710.91, 4997.71
6.98048, 398.969, 63.8811
3.68416, -215.296, 1305.07
3.79415, 243.229, -190.723
5.4939, 1449.74, 213.006
6.89823, 497.272, -135.572
6.16299, 256.29, 179.282
6.0773, 763.507, -344.251
3.57724, 6912.88, -308.888
6.30413, -4676.14, 3685.35
3.85351, -20.9171, -328.981
2.75246, 108.399, -41.3301
4.78866, -2031.1, 466.199
2.58759, 90.4155, 13.421
3.01129, 7117.11, -4507.99
2.639, 3571.57, -2164.9
5.65921, 148.172, -125.667
6.34425, 165.032, 61.9552
2.74132, -79.0726, -57.4519
6.6924, 218.925, 330.231
6.76899, 122.773, -60.9946
6.57649, -192.253, 672.981
6.85188, 530.084, -4937.69
5.27222, 1165.47, -458.478
6.12646, 100.112, 233.823
3.20424, -5081.83, 4384.15
6.6115, 243.574, -104.589
5.51185, -3036.13, -3330.37
4.93856, 208.012, -819.339
6.14942, 593.981, 352.632
4.05164, -1817.5, 1240.96
3.93925, 79.5823, -479.385
5.45857, 2350.68, -2936.28
5.34055, -3475.4, 1841.83
5.41059, 2854.69, 2371.49
2.84132, -510.411, 203.797
4.34304, -1668.9, -650.64
6.28475, -441.677, 14.2138
6.35297, 575.145, 3316.24
4.27217, 358.702, 183.5
5.98913, 36.3751, 65.4949
5.08005, 1824.91, 1220.48
5.94494, 676.36, 390.205
6.18066, -1721.5, -1384.81
2.56231, -3113.84, -1828.13
7.16549, 239.818, -66.1405
5.37826, -201.125, -267.801
3.05587, 1031.85, 6.33489
4.87388, 189.036, -48.0157
3.24247, 1907.05, -1151.38
4.22594, -9951.96, -2208.15
7.04476, 164.144, 49.6954
4.54571, 3133.23, -1548.63
5.96642, 299.137, -10.1524
3.35865, 112.511, -278.948
6.21715, -5415.16, 1876.05
4.16319, 300.923, -303.673
4.62157, 363.05, -15.7137
2.79523, 95.699, -278.443
5.09005, 311.186, 97.2667
5.94425, 469.129, -569.165
5.01149, 648.906, 209.097
6.56617, -41.4674, -23.3074
3.07974, 168.909, -331.845
5.24841, 673.851, -547.632
5.06046, 755.672, -180.699
6.02649, -2015.7, -1679.44
5.65083, 235.936, 39.4658
4.0207, -206.801, 108.654
6.74719, 201.859, 43.0763
3.39619, 1904.54, -2452.4
2.61737, 431.721, 1465.44
4.19467, 438.048, 82.7454
3.43818, -2007.93, -1787.47
6.60467, 388.382, 101.028
6.72507, 96.5901, 3364.1
6.78031, -3474.87, 1938.97
7.37454, 166.856, -9.11801
2.99587, 37.3832, 368.868
2.56182, -4475.73, -3318.71
2.58614, 685.124, 687.96
2.64527, -60.5404, -595.88
4.1031, -1837.64, -1845.18
6.17815, -3546.71, 2130.45
3.14876, 848.258, 58.6524
2.5161, -3432.81, -714.737
6.91905, -1125.34, -821.824
3.70482, -124.071, 102.565
4.38481, 128.447, 1405.44
4.44879, 242.825, -24.319
2.81534, 4121.73, 1563.23
7.30792, 389.8, 8.06053
3.75349, 611.806, -244.506
6.85376, 299.599, -15.8941
2.85991, 3462.02, -4658.92
2.70653, 4557.57, -2757.01
3.46378, -592.572, 330.201
3.86708, -2333.17, -1983.85
7.4007, 145.989, 38.4547
3.60607, 1374.03, -5666.39
6.43119, 1693.68, -2555.52
4.42306, -392.898, 1763.02
3.78593, -3221.41, 3741.04
3.91087, 79.627, -212.461
7.33834, 1346.13, 631.215
4.22841, -94.9514, -158.859
3.45922, -607.998, -801.341
5.05037, 274.547, -35.6004
5.21857, 1254.32, -5056.72
5.72333, 970.444, -413.15
3.89738, -1102.63, 129.946
3.41887, 70.3213, -149.757
2.71579, 2402.22, -2792.27
3.98408, -272.057, 201.438
4.25548, 703.274, -448.153
7.09372, 171.954, 29.0783
5.81225, 52.1043, 506.084
5.08041, -2012.74, -1741.85
4.03763, 371.405, -148.486
3.0007, 1988.38, 2126.62
3.47502, 241.153, -58.2992
4.11407, 3486.58, 3515.09
5.56182, 35.882, -523.33
5.13511, 3285.03, -1622.04
3.45653, 310.452, 266.622
4.7178, 6162.78, 3628.48
4.48693, 7100.08, -1385.18
6.28051, 144.895, -252.817
6.6213, 781.752, -300.087
5.51573, -431.081, 595.97
3.04573, 69.371, -627.961
4.11797, 2511.78, -780.798
5.03403, 137.774, -156.999
4.76521, 680.558, -655.453
4.77315, 526.485, 363.113
4.91125, 435.988, 16.0605
5.07896, -4818.57, 833.928
4.50207, -2325.09, -956.061
4.22945, -346.32, -212.296
6.64533, -233.576, -507.717
3.02204, 2357.93, -1664.26
6.40057, 358.538, -268.381
3.19919, 899.476, -618.885
2.62171, 4300.97, 4843.6
6.0664, 38.38, 1134.97
7.15538, -83.4598, 495.094
7.47667, -44.4943, -217.328
3.86264, 80.9774, 184.029
3.6923, -1970.25, 105.993
3.87328, -493.249, -3345.94
5.70836, -776.013, -873.305
5.17637, 35.297, -253.879
6.8967, -3094.57, 5471.03
6.75968, -72.9308, 35.8613
2.98004, -42.3922, -243.196
4.66818, 229.201, -24.7085
3.17045, 258.024, -167.186
5.86802, 146.309, -32.1085
5.34964, 417.545, -468.984
3.66474, 43.9297, -542.547
5.50306, 1224.51, 317.617
2.6551, 210.878, -216.517
7.08512, 187.477, -6.07635
3.82958, 453.216, -687.226
6.50016, 294.618, -149.249
5.46389, 205.703, -142.927
5.0822, 586.559, 112.191
5.2567, 2584.64, -1346.28
3.47225, 429.844, -72.9219
5.36152, -3213.61, 52.9174
3.81992, -684.576, 7563.4
4.41648, 3099.72, -6360.82
2.73626, -427.494, -224.693
4.22823, 589.562, -310.602
3.61594, -3293.42, 8001.16
3.81264, 144.442, 40.8065
3.05141, 463.689, -232.778
7.40088, -75.8144, -29.2217
5.93794, 722.711, -305.928
5.82158, 236.735, 287.783
5.99501, 671.213, 105.014
2.68746, 110.735, -81.4315
3.6706, 207.905, -141.44
3.95397, -6235.55, -9379.52
3.50543, 190.082, 145.503
2.7177, -2899.59, 4380.79
2.56571, -1549.91, 56.1546
6.07297, 6592.05, -2068.5
6.88348, 786.92, 131.977
5.35088, 1976.81, -3626.43
6.92743, -3353.81, -3834
5.20042, -1787.35, -702.674
3.31357, -1768.94, 82.433
3.30492, -3002.74, -2216.98
7.19182, 117.135, 88.6773
3.45628, 219.351, 682.074
3.15761, -3154.71, -435.385
4.41122, 694.241, -653.279
6.12674, -595.24, 3044.04
2.50651, -7198.15, -482.698
4.60222, 5102.49, -2879.86
5.18984, -757.84, -131.508
4.86596, -1464.39, -654.855
6.33003, -277.354, 79.7557
2.9396, -932.58, -1081.32
7.04284, 151.909, 10.9946
3.20818, 348.882, -520.47
2.54782, 343.812, 390.799
2.82267, -45.8637, 768.089
4.96742, 239.255, -201.398
5.40914, 342.698, -21.7738
4.03373, 4254.5, -7416.44
4.57091, -11.4425, -269.331
4.33401, 1853.63, 2099.23
3.42687, 484.177, -2458.22
2.76788, -3022.61, -2652.21
4.47222, -19.0228, 1.70208
3.98388, -1573.34, -1654.23
5.05388, 70.0825, -187.903
3.75392, 2531.57, -4052.62
5.01589, -1566.9, 2671.99
2.51168, 3.18751, -324.838
7.01807, -6009.79, 2877.53
2.79181, 3614.34, 3812.49
5.17506, 255.166, 3365.98
3.95754, 2949.77, -1120.74
7.3023, 201.344, 74.8629
4.73406, -3503.13, -1296.13
5.08479, 197.866, -153.409
5.93861, 1050.78, -866.608
2.72187, 314.097, -309.58
7.2946, 4066.67, -2928.56
5.70852, 362.378, 368.02
2.80215, 150.055, 20.0592
3.33964, 499.46, 187.754
5.76491, 302.417, 342.289
6.19864, -532.207, 2538.99
3.57011, 432.663, -490.634
4.31441, 883.075, -1922.02
6.56981, -151.222, 274.953
5.32057, 117.067, -40.0157
7.45886, 376.563, -23.2118
6.5669, 105.713, 560.842
3.49157, 3714.95, -4690.8
2.50003, -1.6836, 765.256
4.62608, -3674.22, 4374.86
4.07406, 1847.47, 1128.82
5.56218, -3850.75, 609.925
3.83351, 30.7583, -117.811
4.39881, 1668.95, 338.52
5.43397, 370.972, -19.4929
5.95636, -2389.17, 160.156
7.26736, 138.842, -61.4495
4.89785, 226.008, 685.008
3.60319, 526.039, 1093.35
5.33741, 849.892, 648.442
6.09873, 42.4813, 45.1496
4.4953, 1780.97, 141.874
3.48326, -14.9423, 8.44002
6.66971, 560.759, -144.769
5.59561, 423.281, 147.604
7.26866, -226.202, 101.404
3.23222, -501.195, 638.62
5.38953, -456.465, -339.548
7.26796, 171.773, 49.4975
3.62331, -6047.69, 3052.41
7.25137, 191.573, -128.655
3.07874, 787.357, -382.9
2.58372, -249.581, -38.783
3.90465, 399.761, -112.811
7.15042, 449.183, -368.615
3.04796, -149.172, -219.873
6.77266, 108.089, -203.582
5.68532, -240.598, 266.995
5.63853, 163.166, 16.2263
3.80589, -679.344, 1324.63
5.13936, -1014.02, 191.961
7.16608, 2378.81, 997.358
3.98055, -1176.89, -2.51624
4.78006, 387.243, -157.107
6.35659, -1213.75, 5050.12
4.17193, -2171.68, -3462.26
6.31775, 516.427, 270.53
6.65892, -2363.21, 2707.13
2.64618, 2581.85, -1710.32
4.31315, 65.7441, -1097
4.16221, 397.253, 245.552
3.17675, 2088.11, 2268.52
3.00839, 1380.11, -4272.1
5.11327, 291.144, -327.841
3.52046, 976.088, -600.557
5.00728, 70.3382, -741.047
5.1371, -5348.28, 3635.81
4.13422, 420.871, -87.1721
4.75888, 226.115, -402.392
6.85263, -726.535, 473.972
4.72884, 516.573, 144.358
6.03726, 247.68, -86.6673
6.83171, -1829.99, 353.922
6.5822, 420.99, -664.562
2.67504, -4134.86, -1607.91
3.8644, -957.658, 2133.72
5.21858, -1575.3, 1050.86
3.19942, 4940.23, -756.332
5.57408, 249.623, -231.505
3.29182, 820.724, -554.349
4.41129, 589.897, 539.733
5.94997, -800.066, -295.179
3.21128, 4154.93, 26.1595
5.65284, 445.105, 181.214
3.15973, -3550.35, -1638.34
7.13583, 355.666, -25.3643
5.53465, 5895.17, -8992.06
5.50388, 744.873, 835.477
3.33635, 1320.23, -224.224
3.301, -1778.1, 2293.43
5.91628, 352.715, -267.024
5.1456, -336.173, 800.518
3.65264, -2067.83, 1135.79
6.55373, 47.458, -14.3282
5.76477, 374.228, 22.3217
4.08597, -171.621, 694.401
2.53953, 447.871, -493.472
3.49176, 499.969, -115.323
3.78831, 257.824, 114.343
3.03825, 416.681, -1507.2
3.49545, -104.753, -669.553
6.75079, -6255.59, 3297.88
6.63912, 139.857, 648.826
6.76813, 382.794, 39.5843
5.71027, 184.486, 123.637
3.6787, -3104.54, 3214.45
6.80638, 459.686, -7.88054
5.4745, 401.455, 50.4901
2.52745, -1835.82, -1333.27
6.84925, -137.445, -674.621
7.37729, 392.733, -44.7557
5.59653, -2029.14, -1671.53
3.85574, -355.769, -635.634
7.46973, 161.022, 3.71183
4.60751, -748.273, -768.589
4.20537, 828.202, 43.5978
4.80717, 355.751, -91.3867
4.44822, -1121.29, -3107.59
4.613, -5134, -950.92
2.84879, 114.589, 822.67
5.5153, -185.996, -101.797
7.36114, 166.254, 123.744
5.07406, -64.3434, 105.122
7.45461, 289.374, 170.201
5.84906, -2860.59, -6623.06
4.01716, 650.98, 560.412
3.47371, 760.854, -344.834
4.0109, -1500.52, 9.27202
4.93946, -174.397, -145.289
4.72438, 994.098, 111.492
5.7844, -253.729, 199.895
3.74227, 6427.01, 3610.5
4.72007, -1291.68, -1019.08
5.75894, 401.279, 87.6993
6.67472, 251.407, -106.643
6.03698, 74.7701, 1034.57
4.93928, -174.641, -1193.72
6.72039, 861.639, 85.6447
7.00296, 784.613, -657.443
6.33082, 221.948, 209.307
5.29453, 759.197, 1423.08
2.70603, -674.432, 627.546
5.46749, 381.44, -135.973
2.68674, -66.9892, -4157.34
4.53488, -1471.7, 1438.99
2.84243, -241.332, -638.618
7.38558, 170.813, 113.419
2.5956, 1977.13, 3301.35
6.60363, 266.618, -105.222
5.2195, 4176.76, -3599.23
5.72828, -161.699, 707.538
3.62934, 52.2683, 169.105
2.733, 733.213, 3513.2
3.63154, 63.3576, -385.387
4.58371, -172.696, -2767.34
6.40126, -364.608, -213.941
3.72852, 1802.28, -2413.3
4.81411, -83.7651, -442.709
6.14756, -1369.37, -752.039
5.35237, 5949.94, -816.1
5.45997, 826.308, 142.319
4.98425, -1115.74, -15.5388
3.951, 154.523, -22.9863
4.71107, 497.522, -455.361
2.53669, -3446.34, 7593.46
7.41683, 287.399, -108.609
2.52822, -65.8505, -343.275
4.8676, 2160.83, 613.559
5.86497, 4080.73, 7001.8
