6.27803, -725.094, -853.111
3.5948, -5.91793, -126.782
5.89648, 345.72, -837.246
5.09708, -231.982, 845.621
2.76731, -935.71, 692.863
2.53849, 389.694, 14.5438
4.58743, -739.256, -235.957
7.15218, 176.855, 385.504
2.95982, 15.2446, 681.998
6.00595, -151.748, 279.899
3.81226, 559.326, 816.706
4.14117, 471.729, -843.569
7.45519, 393.173, 222.554
7.41275, -509.602, -218.505
5.75759, 454.658, 405.11
6.92354, 248.257, -780.882
6.33247, -182.223, -484.863
3.87453, -495.631, -82.519
4.93259, -615.069, -275.585
2.80282, 803.77, 773.243
5.08146, -5.54545, 684.822
4.96988, 878.484, -388.483
7.23882, -734.011, -482.128
4.42071, -54.8693, -804.738
5.14874, 786.684, -474.118
2.75042, 882.043, -163.939
6.63909, 528.508, 499.075
5.94228, -811.865, -656.064
6.18112, 269.855, 721.619
6.94286, 912.496, 466.738
4.25508, -373.758, -515.446
6.72991, 186.139, 9.90854
3.84659, 561.369, -97.8274
4.83959, 33.2652, -219.085
3.2686, -682.622, -476.197
2.66527, 598.941, 123.588
7.2768, -2.03581, 77.885
6.95369, 125.345, 444.108
3.29884, 599.105, 195.61
3.15214, 432.59, -553.307
2.515, -458.028, -786.946
6.0491, -813.108, -208.576
3.40448, -499.465, 778.304
5.76029, 756.801, -305.334
4.42907, 404.951, -652.798
3.23766, 74.2027, -197.304
5.45054, 606.037, 105.215
3.24076, 156.321, 835.814
3.2091, -152.18, 895.572
4.94257, -443.109, 105.188
3.13015, 781.338, -21.0345
5.64635, -314.531, -551.773
5.60817, 266.113, -668.503
4.88216, -501.513, 577.193
2.64188, -514.091, -220.376
3.21011, -92.7119, 694.347
3.15594, -203.65, 811.381
3.31099, -801.992, 740.22
3.76529, -233.722, -754.633
4.77654, 510.434, -678.127
6.54472, -78.4436, -279.418
3.57624, 290.885, 745.356
3.75063, 741.425, 357.907
5.02978, -101.857, 678.128
6.27922, 626.974, 92.4459
5.66369, 796.827, -4.18829
5.9449, 587.648, -132.95
7.27207, 897.245, 460.208
5.18713, -348.812, 625.805
4.57014, -689.854, -1.04387
4.70019, 712.358, 160.214
6.07821, 692.205, 442.705
6.20858, 323.353, 562.413
5.12494, 730.31, -912.126
6.06711, -791.969, -92.8493
5.91025, 343.064, -17.2594
6.82941, 806.343, -561.563
3.19597, -0.204265, 696.942
3.57766, 865.532, -149.145
5.0733, -325.359, -151.987
4.83766, -111.379, 693
3.55759, -221.004, 601.624
5.65244, -645.912, 891.724
2.5044, -839.256, 185.182
4.09589, 407.887, 495.818
5.90281, 301.296, -111.813
6.0446, 628.319, -542.568
2.90869, -761.614, 599.606
3.56926, 292.26, 456.921
4.44412, -776.895, -529.331
4.44927, 836.801, 845.058
3.92018, 353.211, -456.04
4.6123, 536.282, 485.214
2.55658, -649.045, -461.013
3.72027, 858.311, -648.272
4.49072, -692.315, 621.837
6.64177, -705.466, 203.532
3.78584, 817.049, -698.145
3.59705, -645.158, -470.034
6.47385, 335.577, 272.011
5.8476, 443.304, 379.725
5.49108, -854.924, 252.263
5.99917, -330.711, -518.683
5.13062, 545.753, -679.901
4.14833, 225.634, 114.35
3.30844, -744.162, 334.359
6.56633, 671.806, -6.53403
4.08004, 396.643, 154.423
4.05369, 34.5728, -733.213
4.65424, 35.5754, 124.021
4.46509, -141.456, -539.643
4.43916, 22.9491, -157.615
4.34871, -723.867, -510.355
5.88118, 332.705, -523.196
6.10384, 353.497, 9.2244
7.20082, -56.336, 849.135
5.08573, -81.8169, -406.781
5.5282, -162.487, 266.931
5.85049, -653.37, 910.809
5.11404, 63.6227, -260.304
3.87105, -830.318, 566.295
7.08924, 150.877, 299.517
3.73367, 867.95, -442.279
4.77876, 327.893, 601.865
3.30374, -886.045, 633.997
4.68319, 317.531, 283.526
7.45767, 424.474, 129.794
6.26931, -403.314, 382.689
4.97846, -861.717, -607.079
7.01651, -621.44, -710.569
4.68213, 487.309, 491.556
5.09239, 140.765, -882.595
4.44866, 101.98, -751.182
5.63431, -172.988, -517.013
5.19331, 324.394, 283.919
4.35955, 608.837, -446.899
2.54674, -326.157, 338.229
6.3794, 9.86015, -695.346
2.85317, -832.808, -552.549
3.98511, 376.346, -707.399
4.78581, -48.1709, -758.51
3.25156, -96.6279, 9.37662
5.97819, 610.686, -412.543
4.15587, 355.749, 139.257
5.21197, 904.167, -800.293
2.64678, 713.872, -916.933
5.38086, 30.219, -179.855
5.18133, 379.535, 440.65
7.36678, -725.15, -863.347
5.57063, -307.368, -536.227
5.26431, -714.207, 228.346
6.69051, -259.499, 840.585
3.75764, -565.454, 809.42
6.98957, 565.537, -133.686
5.97428, 484.185, -460.682
5.82752, -446.64, -80.2694
3.06838, -621.723, -751.496
3.37987, -862.468, 94.6321
2.91253, -179.095, 158.259
6.68103, -186.895, 309.1
2.64818, 885.122, -640.02
6.34719, -64.196, -781.015
4.29829, -498.493, 785.494
6.24626, 33.1489, 520.109
6.28385, 306.237, 279.397
3.60834, -512.773, -830.85
5.58305, 284.247, 125.477
3.66846, -477.788, -219.625
6.22052, -712.101, 249.323
5.80997, -824.808, -660.108
4.9209, 920.234, -741.734
2.58972, 827.996, 141.917
4.98291, 396.106, 156.568
5.09587, -12.7244, -767.022
4.71395, -806.756, 459.74
4.14528, -73.5605, 870.538
3.52671, 454.698, -83.9126
7.19863, -207.381, -526.911
2.85168, -559.008, 797.242
3.30042, 14.0923, -724.098
6.70788, -685.609, 4.74538
4.13614, -168.615, -243.726
6.85942, 190.139, 373.578
5.99896, 630.107, 503.561
5.52801, 831.497, -191.973
4.77536, 48.202, -195.446
2.91543, -528.242, -267.087
3.94883, 29.763, -192.721
6.51009, -644.575, -719.032
6.81821, 366.365, 16.4546
3.81831, 380.382, -478.61
4.79881, -758.135, -252.463
4.95672, 590.615, -477.134
5.82344, -456.799, -892.787
7.31738, -595.469, -197.495
7.23022, 524.122, -715.031
2.81902, 247.33, -625.323
5.04829, -387.569, -261.178
6.13222, 691.883, 629.607
5.65882, 511.182, -266.836
3.26658, -878.828, -888.981
5.09652, -810.787, 457.941
3.52281, -496.502, 795.557
6.03231, 365.463, -811.154
6.05786, -478.02, -70.5261
3.66304, -476.248, -234.844
6.80594, 37.0758, -154.775
2.67122, -53.253, 847.134
6.26587, -854.003, 104.42
4.14789, 597.254, 133.1
4.65309, 15.7925, -471.32
7.33455, 826.964, -177.53
4.05803, 685.008, 633.808
5.69762, 830.621, -684.446
5.95386, 767.914, -21.7129
5.36403, 57.1271, 601.683
6.60667, 823.836, -716.604
4.21807, -825.195, -665.886
5.09387, -794.758, -634.938
6.78438, 106.845, -848.648
6.18587, 310.049, 80.2594
3.45992, -770.068, 314.861
2.83145, -282.687, 311.689
3.60828, 883.211, -677.237
3.33656, 91.4803, -144.175
6.31172, 374.076, -801.811
5.44905, -826.534, 339.9
4.65223, 848.633, 817.969
7.09618, 617.191, 14.1958
5.09668, 407.888, 153.434
7.38058, -664.886, -52.3149
5.15714, -442.046, 87.4527
2.98716, 314.948, 272.31
5.83983, 183.794, 146.766
5.44444, 173.001, -6.52954
5.01137, -671.737, -60.7734
2.75808, -830.437, 376.249
2.6753, -246.078, -15.6643
4.41484, -782.044, -554.527
5.55555, 232.212, 111.329
5.06574, 564.918, 798.464
5.98498, 344.249, -3.48577
4.89891, 38.0252, -212.983
3.88323, 32.6411, 429.004
6.01685, -430.952, 174.345
3.67701, 780.808, -25.1092
6.41501, 116.358, -179.536
6.60589, 284.125, 752.387
3.21842, -455.383, 45.9074
5.75757, -477.044, 769.102
3.87677, 828.271, -876.24
7.26215, -432.355, 641.372
4.58238, -704.21, 5.08804
3.03869, -122.152, 360.529
4.70633, -755.391, 530.881
6.28811, -422.529, -239.519
2.77803, -358.454, -245.138
3.51241, 9.05209, 99.7087
6.82305, 842.337, -691.846
6.52456, -246.673, -48.4272
2.78861, -642.044, -606.156
4.40304, -38.3489, -647.239
4.56124, -110.925, 664.58
2.80071, -334.936, 308.82
7.09746, 759.861, 603.931
3.35398, 555.517, 811.307
6.51634, -860.441, 202.141
3.88599, 691.376, 43.6018
4.44586, 166.251, 740.523
7.19936, 44.8195, 609.857
6.24573, 174.211, -211.56
3.44774, -356.469, 725.422
6.89581, 389.636, 459.179
6.8953, 390.023, -756.94
3.30515, -757.206, -205.836
5.87346, -758.811, -213.854
6.89096, 599.975, 185.549
6.98262, 271.087, 446.624
3.06535, 9.92878, 700.943
5.93789, -220.737, -239.725
3.21651, -651.635, -762.301
3.6901, 320.371, -4.68141
5.64383, 841.579, -190.5
4.312, 740.833, 359.608
4.64437, 598.935, 666.081
4.91936, -53.9762, -806.155
6.20379, -7.66409, -149.001
3.23098, -378.712, 735.785
7.36238, -783.61, -682.703
7.3158, -503.777, -251.529
3.14741, -536.618, 613.894
5.3784, -253.689, -564.586
4.66439, 54.7101, -170.766
5.50066, -254.648, -249.083
5.85098, -667.601, -45.1374
4.5137, 405.135, 919.888
6.46691, 696.892, 639.188
4.89889, -871.891, -229.113
5.72449, 308.816, 238.01
4.28836, -285.3, 611.018
5.96794, -299.73, -215.152
5.83428, -414.456, -627.446
3.22071, -434.585, 670.294
7.10415, -834.397, 177.116
4.22228, 52.8192, -201.492
6.66824, -380.393, -463.101
2.74349, 304.414, -672.54
3.27936, -254.288, -3.83597
2.55765, 249.819, 472.662
3.94327, 97.753, 567.337
5.07295, -314.719, -142.338
3.65948, 653.048, 426.162
2.75022, -256.74, -3.18108
5.33091, -649.841, -714.906
6.69774, -108.695, 652.001
4.28763, -649.688, -468.588
4.3452, 164.451, 793.891
7.22226, 276.726, -61.3737
4.72425, -841.682, -180.114
6.82086, 429.027, 172.157
5.82654, -766.472, -683.982
5.79297, 149.284, 626.499
7.10736, -909.086, 910.896
5.11536, 882.592, -656.798
5.45229, 430.499, -437.711
5.79944, 614.777, 657.711
4.24765, 267.461, 471.932
4.11714, 370.72, 15.045
7.08984, -86.769, 691.772
3.08619, 892.46, -461.313
7.31268, 563.8, -99.5985
5.17978, 30.8614, -188.043
5.81447, 735.785, 629.762
5.48362, 812.428, -461.515
6.93363, -509.4, -685.043
6.67999, -651.217, -558.029
6.69339, 250.809, 147.753
6.85642, -157.016, 298.91
2.5002, -794.957, 345.965
4.77274, 307.498, 295.595
4.25696, -860.154, 199.515
5.80713, -245.863, 674.944
6.22234, -878.557, 157.176
3.3821, -183.322, -481.252
7.4621, 820.584, -718.452
5.95466, -887.496, 219.982
6.97862, 164.548, -14.5941
3.51579, 315.375, -83.6482
7.2356, -481.877, -88.5964
4.88476, 846.953, -452.557
6.78578, 903.843, -735.014
6.41237, -847.252, -520.454
5.70687, 884.284, -830.077
3.14521, -707.828, 234.749
5.77944, 5.97795, 719.925
3.09199, 60.7461, -12.7821
3.88793, 280.4, 728.279
6.65548, -240.08, -257.984
6.14153, -670.486, -485.018
6.74348, -610.588, 283.748
3.43989, -713.274, -862.154
6.09602, 541.67, -311.027
4.25586, 148.582, 296.956
3.34555, -427.901, -685.852
4.52383, 306.83, -529.264
4.20924, 152.984, 699.631
6.67141, 318.432, -85.3341
3.9111, 720.176, 615.447
5.16766, -645.678, -455.151
6.25085, 876.747, -836.2
4.62554, -639.815, -724.11
4.66964, -504.871, 578.788
3.03022, 815.925, -915.225
6.4639, -80.1347, -423.437
3.91232, -666.522, -477.125
7.14264, -481.651, -231.014
5.37926, 269.598, 454.143
3.4895, 754.886, -303.569
5.99081, 556.268, -706.462
3.07265, 433.778, -824.444
4.22945, 263.082, 717.035
4.15646, -455.296, -233.353
6.42735, 828.528, -877.983
6.65775, 458.413, -203.317
4.21712, -713.758, 733.024
4.2603, -272.363, 802.705
6.38197, 111.959, -747.031
6.58658, 10.7931, 703.125
4.26157, -188.472, 313.128
7.09559, -403.157, -270.101
3.2877, 542.902, 204.247
5.56029, -451.286, 608.198
5.54222, -435.781, 668.902
3.16647, -228.139, -674.401
3.51409, -667.56, -481.055
4.79457, -800.183, 544.474
3.48759, -376.44, 844.234
6.77118, -801.757, 331.873
6.54562, -734.261, -642.308
2.80131, -850.699, 782.562
6.50584, -697.074, 614.276
5.49597, -199.242, -479.773
7.43182, -862.177, 261.6
2.65919, -120.903, 696.914
6.8356, 871.833, -694.68
3.69109, 563.38, 257.42
3.6127, 174.837, 394.271
4.73907, -849.418, -568.252
2.61231, 865.849, -187.37
6.79755, -256.305, -22.0153
4.15902, 238.799, 503.029
5.72195, 346.122, 305.807
7.43521, -860.871, -551.82
5.30162, 297.37, -551.024
4.74553, -770.133, -232.357
5.213, 114.548, -737.944
2.90797, 803.94, -47.0372
3.99606, -722.295, -254.977
6.63964, 752.836, 588.212
6.48936, 584.475, 811.789
5.71048, -85.3981, 684.656
4.84105, 606.824, 324.395
7.15326, -169.135, -520.756
5.08798, -268.807, -5.48232
7.42924, 817.493, -460.12
5.94567, -29.7974, -668.355
6.19966, -157.452, -503.751
3.46323, -410.898, -842.545
6.08881, -518.478, 557.477
6.11146, 604.298, -81.9158
6.49298, 287.941, 145.59
4.23216, 246.872, -910.767
5.1481, 39.7713, -149.15
3.19001, 728.093, -330.826
6.73218, -217.701, -229.16
6.32766, -16.7857, -790.465
7.5, 839.156, -448.815
4.24891, 480.941, 889.787
5.50367, -515.471, 562.722
3.50808, -495.71, 29.2372
6.2385, 44.478, 132.131
6.49225, 871.537, 228.931
3.03505, -683.8, 102.207
5.35813, -483.461, 29.4631
2.84683, 339.096, -334.618
4.16036, 691.097, 629.975
5.80945, 433.991, -673.546
5.27726, 103.625, -192.277
7.12415, 224.639, -6.57644
2.69832, -426.394, 169.812
2.62083, -261.979, 187.231
4.61923, 247.597, -622.356
4.36987, 433.464, 173.306
2.93303, -252.896, -259.764
3.05403, -108.866, 162.709
5.31992, 347.703, -377.131
7.37269, 15.7153, 703.652
3.05066, -12.4384, -789.452
5.99352, 104.881, 876.213
2.79674, -66.8254, -641.623
4.69755, 800.114, -7.8509
5.24651, 919.969, 685.188
3.45129, 648.873, -710.406
7.36597, 352.342, 295.776
3.19593, -647.021, -98.3219
5.48978, 820.246, -464.619
7.12812, -821.34, 704.14
3.91116, -53.7659, 852.43
6.8307, -141.789, -81.3798
6.29598, -152.962, -493.285
6.10793, 343.356, 560.418
3.34241, -334.193, 335.11
3.32882, 760.499, 404.572
3.39076, -649.525, -900.951
5.87226, 290.427, -539.77
4.83484, -234.155, -12.603
6.85219, -753.483, -354.855
5.76023, -627.488, -83.7375
5.80464, 716.952, 806.204
2.58037, -638.493, -555.448
4.30596, -735.285, -665.297
3.72747, 844.349, 115.647
6.93086, -872.414, -882.192
5.23701, 798.76, 785.801
6.57209, -16.7719, -636.981
5.24453, 160.462, 835.63
4.16156, 499.27, -69.2819
4.40213, -49.5618, -621.752
2.52389, 862.894, 587.542
6.95226, -69.9334, -416.103
6.16955, -425.453, 669.567
6.04239, -108.296, 670.715
5.1278, 43.2526, -218.229
6.41065, -127.655, -760.741
3.42484, -410.152, -406.465
5.72673, 279.723, 481.181
3.42178, -617.297, -279.451
3.31214, -5.53442, -130.258
2.65594, -206.675, 824.649
7.42716, 158.842, -691.409
4.04559, -298.007, -637.479
4.11075, -609.912, -270.276
5.51155, 248.478, -203.802
2.89107, -307.683, -862.378
3.93936, -4.54382, 83.6421
5.79307, -177.544, -494.633
7.36348, -864.92, -365.487
7.27758, -361.37, -725.843
7.42745, -619.984, -284.349
7.30478, -827.96, -660.935
3.0073, -481.85, 579.053
3.71505, -188.041, -479.663
6.91151, 138.221, -340.367
5.28805, 314.844, 578.688
6.7669, 769.472, 545.87
7.49145, -493.99, 571.097
3.99751, -150.136, -504.735
6.33157, 881.829, 408.662
4.81901, 287.846, -154.495
6.8168, -622.559, -710.016
6.99018, 800.024, -63.739
7.377, 234.973, -412.083
2.77405, 616.439, 201.498
6.32605, 863.013, -647.548
5.09219, -871.405, 732.483
3.46574, 905.481, -163.749
6.98252, 240.343, -546.747
6.38492, -798.919, 112.233
2.75968, 363.439, 517.995
7.47331, -797.005, 696.376
5.93659, -55.5572, -423.358
5.94854, 843.898, 491.379
6.57666, -619.462, 761.339
7.05426, -80.8882, -405.599
3.34218, -182.381, 292.559
5.24183, -603.12, 746.273
6.53351, -506.514, -230.645
4.17803, 304.723, -515.414
5.53435, -103.236, 24.0309
6.59602, -827.828, 363.405
7.3485, 29.674, -188.706
6.29349, 513.682, 535.509
3.72113, -126.134, -101.999
5.80589, -576.167, 350.188
4.21574, -539.556, -292.872
7.27146, 341.108, -351.834
2.60828, 760.622, 515.688
4.54979, -869.714, 884.38
2.55789, 549.851, -713.059
3.04964, 803.094, 189.949
5.28259, -807.6, 114.332
4.45466, 50.1756, -201.651
7.20539, 130.449, -167.549
2.55572, 183.77, 421.879
6.22897, -167.016, -532.374
3.84293, 184.746, 119.081
4.27153, -572.515, -752.567
3.45835, -425.874, 665.999
5.14832, 312.959, -126.614
4.39478, -29.0795, -774.598
3.16407, -55.0708, -800.244
4.26563, -159.986, -451.505
4.2497, 768.681, 911.887
7.41084, 603.073, -158.527
5.25961, 133.645, -325.904
4.99918, 37.1843, -698.799
3.58531, -822.158, 317.191
4.37311, -197.672, -515.89
6.78251, -661.132, -458.162
6.45578, 788.172, -500.185
3.9204, -563.419, 810.836
5.07645, 435.917, 173.977
6.79238, -247.952, 50.6378
7.07844, -797.262, -178.55
7.48941, 174.82, 836.614
6.53177, 114.159, -192.041
5.22718, -805.385, -204.778
7.3461, 153.651, -685.933
5.31931, -561.512, 376.147
4.03031, -454.542, 598.659
5.41853, 898.272, 850.679
2.91197, 29.5244, -188.786
5.47382, 343.029, 566.269
3.31968, -559.181, -544.318
6.46527, -655.95, -508.207
2.95373, 591.413, 670.887
6.3072, -481.501, -672.852
6.83996, -259.865, -9.61931
6.40105, 109.69, -359.182
6.61399, 857.829, 815.238
6.70974, 377.838, 541.549
4.48328, 405.469, 231.575
6.508, -113.076, 160.2
6.56811, 334.318, -15.1889
5.43493, -393.11, 78.6053
4.64621, 774.505, -11.6879
2.5002, -73.3505, -430.414
5.31153, -792.309, 326.105
6.22632, 357.695, 315.004
3.89846, 827.216, 246.358
2.93406, -875.832, 530.61
3.5733, 872.699, -850.448
3.93296, -449.847, 612.237
4.86595, -336.727, 444.81
6.95893, 858.493, 824.509
5.91955, 524.23, -473.955
3.54376, -10.1419, -153.183
6.67533, 739.806, -26.848
7.09218, 854.507, 901.424
4.48244, -518.169, -662.128
6.37858, 545.251, 511.461
5.68161, -126.735, -110.052
6.64746, 474.925, 219.734
3.40204, 518.207, -486.563
7.45927, 553.087, -717.085
6.70558, -140.039, -749.843
4.65177, 846.273, 218.268
4.38589, 549.468, 801.047
2.70802, 614.846, -499.32
6.80715, -651.579, -472.346
6.62116, 855.677, -848.966
6.25052, 23.175, 698.106
3.55801, -184.32, 866.398
4.31029, -766.072, -215.592
4.43545, -646.605, -721.167
7.32918, 728.526, 627.479
6.5872, -86.8052, 694.107
4.5755, -57.0875, 425.677
5.83759, 238.562, 135.439
2.52101, 458.871, 851.322
6.98048, -692.21, 194.08
3.68416, -334.007, 328.866
3.79415, 310.434, -84.1292
5.4939, 402.399, -683.338
6.89823, -786.494, 341.783
6.16299, -623.408, -576.089
6.0773, 798.052, 577.179
3.57724, -561.46, 490.064
6.30413, 718.131, -907.459
3.85351, -124.523, -456.886
2.75246, 568.235, 261.907
4.78866, 371.166, 310.206
2.58759, 393.595, -679.447
3.01129, 42.1293, -221.233
2.639, -195.084, 318.319
5.65921, -362.3, -535.685
6.34425, 51.561, -194.865
2.74132, 553.057, -775.391
6.6924, -33.859, -631.939
6.76899, -214.327, -235.121
6.57649, -510.923, 561.02
6.85188, 794.335, 365.596
5.27222, -601.419, -128.116
6.12646, -241.865, -87.0568
3.20424, -358.418, 847.274
6.6115, 517.45, -467.709
5.51185, 654.561, -170.765
4.93856, 472.923, -848.764
6.14942, -248.676, 791.41
4.05164, 753.43, -642.358
3.93925, -711.564, 305.504
5.45857, -882.862, 708.357
5.34055, 585.257, 819.119
5.41059, -854.754, -517.925
2.84132, -686.466, 263.334
4.34304, 117.636, -352.119
6.28475, -823.899, -560.076
6.35297, -447.376, -816.264
4.27217, -421.876, -247.343
5.98913, 153.355, 822.256
5.08005, -614.243, -274.204
5.94494, 365.664, 137.444
6.18066, -84.6134, 647.271
2.56231, -302.879, -634.79
7.16549, 602.852, -154.335
5.37826, 186.327, 109.287
3.05587, 562.229, 988.848
4.87388, -95.158, 5.72703
3.24247, 209.224, 95.1916
4.22594, 70.2547, 430.976
7.04476, -835.736, 188.508
4.54571, 41.9935, 509.351
5.96642, -644.497, -67.7954
3.35865, 367.874, -797.081
6.21715, 836.056, -460.297
4.16319, -418.393, 688.626
4.62157, 598.875, 337.547
2.79523, -191.833, -89.63
5.09005, 264.31, -190.316
5.94425, 418.851, -541.904
5.01149, -256.72, -3.70792
6.56617, -167.812, -706.009
3.07974, 117.824, -867.372
5.24841, 243.481, 463.629
5.06046, 279.66, 50.2777
6.02649, 897.478, 440.896
5.65083, -247.848, 845.362
4.0207, -68.185, -620.618
6.74719, 316.759, 281.188
3.39619, 642.668, -37.5646
2.61737, -461.334, -54.9986
4.19467, 635.077, 26.2641
3.43818, 327.226, -83.5998
6.60467, -258.752, 166.934
6.72507, -879.388, -168.008
6.78031, 891.495, -676.092
7.37454, -885.977, 628.957
2.99587, 399.826, -428.502
2.56182, 570.296, 607.612
2.58614, 239.462, 497.678
2.64527, 175.578, 114.311
4.1031, 125.716, -300.753
6.17815, 601.445, 288.106
3.14876, 233.327, 466.004
2.5161, -380.846, 451.436
6.91905, 97.138, -717.377
3.70482, 212.758, -503.322
4.38481, -785.296, 715.253
4.44879, 583.009, 91.7012
2.81534, 608.359, 282.748
7.30792, 167.367, 843.015
3.75349, 725.023, -330.706
6.85376, -637.417, -75.2151
2.85991, -833.093, 309.803
2.70653, -565.271, 562.815
3.46378, 326.357, -476.095
3.86708, -300.959, 300.367
7.4007, -904.738, -342.298
3.60607, 307.53, -500.602
6.43119, -843.916, 810.919
4.42306, 226.36, -371.256
3.78593, 431.194, -615.018
3.91087, -858.467, 123.481
7.33834, 860.027, -71.348
4.22841, 656.655, 135.421
3.45922, -848.732, 704.634
5.05037, -541.966, -347.614
5.21857, -513.343, 543.359
5.72333, -652.802, -553.666
3.89738, 14.1643, 673.535
3.41887, -303.418, -629.526
2.71579, -770.52, 339.846
3.98408, -496.888, -200.709
4.25548, -229.344, 119.973
7.09372, -434.813, 695.886
5.81225, 481.956, -335.125
5.08041, 810.692, 544.977
4.03763, 532.49, 483.711
3.0007, -298.33, 130.346
3.47502, 343.702, -887.965
4.11407, 42.453, -149.027
5.56182, 840.375, 76.8916
5.13511, 904.302, -912.104
3.45653, 321.877, 245.886
4.7178, -647.786, -473.138
4.48693, -612.438, 766.852
6.28051, -576.919, 770.655
6.6213, 708.529, 606.724
5.51573, 119.486, -349.557
3.04573, 547.891, -721.802
4.11797, 446.116, -173.204
5.03403, 39.1409, 293.538
4.76521, -619.445, 787.268
4.77315, -181.02, -519.694
4.91125, 866.497, 876.682
5.07896, 342.699, -656.577
4.50207, 161.271, 802.556
4.22945, 874.367, 388.897
6.64533, 847.921, -195.119
3.02204, -618.942, -710.606
6.40057, 531.718, 527.173
3.19919, -282.021, -222.556
2.62171, -780.687, -563.755
6.0664, 355.3, -630.29
7.15538, 104.633, -712.795
7.47667, 228.677, 120.753
3.86264, -883.857, 162.755
3.6923, -514.828, -222.279
3.87328, 851.778, 596.12
5.70836, -815.047, -656.016
5.17637, 291.464, 149.177
6.8967, 765.518, -299.198
6.75968, -649.978, -691.554
2.98004, 813.439, -78.7238
4.66818, -672.254, 200.576
3.17045, -170.98, -706.266
5.86802, -215.108, 294.486
5.34964, -80.0437, -434.071
3.66474, -458.97, 594.106
5.50306, 226.82, -614.289
2.6551, -693.791, 14.9146
7.08512, 518.942, -288.303
3.82958, 864.044, -185.143
6.50016, -171.816, -525.998
5.46389, 119.045, -749.95
5.0822, 333.934, 585.935
5.2567, 358.805, 497.461
3.47225, 432.655, -203.442
5.36152, 116.283, -674.684
3.81992, 206.34, 374.971
4.41648, -783.522, 504.831
2.73626, -722.165, -858.791
4.22823, 542.204, -705.038
3.61594, 635.472, -408.242
3.81264, 43.1041, -691.528
3.05141, -405.337, -480.501
7.40088, -676.437, -21.3331
5.93794, 755.575, 591.877
5.82158, -541.869, -352.778
5.99501, -581.708, -635.33
2.68746, -780.519, -680.927
3.6706, -625.915, -717.391
3.95397, 685.116, 627.346
3.50543, 65.5962, -222.371
2.7177, 362.865, 301.662
2.56571, -511.312, 603.512
6.07297, -477.857, 761.897
6.88348, -839.362, -563.804
5.35088, -832.508, 365.821
6.92743, 808.447, 817.251
5.20042, -398.527, -250.057
3.31357, 851.871, -675.364
3.30492, 894.143, 440.398
7.19182, 319.499, 285.575
3.45628, 486.937, -757.927
3.15761, -5.45706, -122.395
4.41122, -252.802, -24.0071
6.12674, 270.305, -144.722
2.50651, 563.759, 798.462
4.60222, -12.3368, 699.058
5.18984, 248.309, -201.834
4.86596, -218.029, 226.679
6.33003, 562.704, 821.102
2.9396, 525.534, -480.053
7.04284, 144.966, 290.497
3.20818, -781.548, -408.574
2.54782, 322.981, -30.5886
2.82267, 270.302, 455.688
4.96742, 362.483, 221.945
5.40914, 485.417, 899.875
4.03373, -878.226, 542.061
4.57091, 768.282, -28.7343
4.33401, -601.08, -611.608
3.42687, 170.436, 628.781
2.76788, 505.089, 170.262
4.47222, 459.934, -55.5506
3.98388, -304.062, -191.549
5.05388, -357.369, 778.472
3.75392, -699.947, 185.216
5.01589, 877.573, 892.03
2.51168, -48.0235, 723.275
7.01807, 847.384, -435.206
2.79181, -874.208, -858.111
5.17506, -565.64, 745.947
3.95754, -368.743, 793.625
7.3023, -749.855, -199.974
4.73406, 352.89, -140.955
5.08479, 794.698, 195.858
5.93861, -256.686, -8.31732
2.72187, -154.105, 34.3713
7.2946, -756.754, 577.742
5.70852, 342.549, 145.184
2.80215, 470.321, -684.292
3.33964, 106.491, 257.027
5.76491, 448.185, -188.025
6.19864, -795.743, 347.72
3.57011, 832.36, 193.674
4.31441, 152.686, -696.303
6.56981, -642.591, 886.02
5.32057, 785.486, -492.447
7.45886, -16.3343, -792.358
6.5669, -798.775, 338.304
3.49157, -906.933, -12.081
2.50003, -135.239, -757.72
4.62608, 856.256, -676.86
4.07406, 850.742, 276.061
5.56218, 588.893, -867.65
3.83351, -187.203, -483.098
4.39881, -592.673, -90.7183
5.43397, 865.117, 268.989
5.95636, -80.4632, -400.783
7.26736, -372.116, -515.858
4.89785, -305.333, -861.66
3.60319, 410.853, -663.37
5.33741, -629.039, -481.49
6.09873, 344.579, 298.78
4.4953, -453.893, 604.318
3.48326, -650.833, 905.918
6.66971, -612.461, -750.352
5.59561, -447.759, -821.308
7.26866, -267.24, 142.019
3.23222, 36.618, -199.04
5.38953, -19.9494, -424.461
7.26796, -446.72, 642.988
3.62331, 684.198, -909.354
7.25137, -497.652, 734.44
3.07874, 811.526, -481.919
2.58372, 49.9489, -220.54
3.90465, -323.043, -139.347
7.15042, 585.731, 94.3904
3.04796, 792.047, 832.754
6.77266, 14.1518, 662.558
5.68532, -665.083, -703.063
5.63853, 403.209, -681.42
3.80589, 736.724, 618.466
5.13936, -857.394, 196.323
7.16608, -239.79, 856.097
3.98055, 857.94, 104.008
4.78006, 189.424, 359.038
6.35659, -654.146, -539.455
4.17193, 157.904, 111.732
6.31775, -19.7516, -783.488
6.65892, -19.9479, 850.047
2.64618, -721.348, 551.722
4.31315, 677.098, -248.525
4.16221, 250.302, 460.668
3.17675, -426.368, -156.489
3.00839, -264.005, 608.539
5.11327, -576.657, 742.522
3.52046, 41.9896, -491.181
5.00728, -834.316, -564.639
5.1371, -11.2957, 855.465
4.13422, -216.906, -229.964
4.75888, 263.674, -363.702
6.85263, -45.4234, 873.796
4.72884, 572.758, 818.951
6.03726, -467.177, -780.237
6.83171, 846.883, -664.701
6.5822, 769.198, 184.834
2.67504, 799.662, 778.96
3.8644, -619.135, -287.946
5.21858, -382.453, -411.997
3.19942, -853.397, -568.672
5.57408, -719.165, -873.465
3.29182, -530.669, -698.8
4.41129, 120.361, 209.117
5.94997, -110.997, 165.98
3.21128, -426.911, 504.941
5.65284, -786.881, 739.285
3.15973, 151.769, 828.32
7.13583, -694.392, 200.391
5.53465, -878.046, 751.532
5.50388, -819.657, 319.472
3.33635, 508.625, -475.87
3.301, -778.834, -412.998
5.91628, 556.756, -14.2602
5.1456, -667.326, -76.2801
3.65264, -68.6889, 675.065
6.55373, -446.305, -70.5871
5.76477, -410.723, -534.944
4.08597, -603.971, -593.479
2.53953, -255.757, -765.059
3.49176, 702.423, 610.85
3.78831, 26.9052, 364.268
3.03825, 813.116, 13.9626
3.49545, 116.461, -373.332
6.75079, 794.096, -746.851
6.63912, -831.697, 170.733
6.76813, -823.959, -563.153
5.71027, 294.012, 755.505
3.6787, 685.955, -903.424
6.80638, -505.82, -731.428
5.4745, -75.2107, -127.817
2.52745, 496.827, -40.464
6.84925, -660.483, -462.085
7.37729, 587.595, 183.857
5.59653, 354.691, -36.4909
3.85574, -798.688, 305.282
7.46973, -223.682, -533.161
4.60751, -654.854, -472.635
4.20537, -769.158, -583.301
4.80717, 335.523, -64.627
4.44822, 242.138, -390.495
4.613, 13.5102, 506.169
2.84879, 159.849, 306.453
5.5153, 8.6646, -165.789
7.36114, -52.9885, 189.436
5.07406, -719.576, -489.268
7.45461, 839.44, -127.293
5.84906, 566.138, -136.139
4.01716, -592.945, 44.5214
3.47371, 800.871, 572.741
4.0109, -743.084, -830.249
4.93946, -367.464, 436.915
4.72438, 495.266, 915.461
5.7844, 374.459, -850.094
3.74227, -733.647, -666.85
4.72007, 28.7622, 516.799
5.75894, -671.208, -55.1076
6.67472, -684.5, 259.182
6.03698, 163.945, 779.503
4.93928, -814.27, -643.1
6.72039, 378.648, -192
7.00296, -494.995, -246.421
6.33082, -640.018, -453.898
5.29453, 619.699, 872.051
2.70603, 7.10929, 63.7984
5.46749, 542.601, 88.2633
2.68674, -621.458, 763.263
4.53488, 121.835, 407.46
2.84243, -897.647, -848.009
7.38558, -706.376, -823.96
2.5956, -521.349, -210.613
6.60363, -182.48, -248.666
5.2195, -377.087, 794.698
5.72828, 708.979, -334.011
3.62934, -240.18, -10.7552
2.733, 890.865, -667.522
3.63154, 203.23, -547.441
4.58371, -637.392, 124.648
6.40126, 242.644, -602.16
3.72852, -821.09, 331.392
4.81411, 595.524, 121.338
6.14756, 885.467, 271.142
5.35237, -355.012, 776.521
5.45997, 900.079, 860.811
4.98425, -812.234, 260.065
3.951, 429.528, 165.844
4.71107, 72.4806, -201.865
2.53669, 814.761, -424.16
7.41683, 476.737, -333.342
2.52822, -747.098, -188.42
4.8676, -96.6241, 667.994
5.86497, -324.041, -158.476
