6.27803, -1755.7, 932.528
3.5948, 215.818, 1227.06
5.89648, 915.726, -369.459
5.09708, 172.33, 147.403
2.76731, 2983.59, -3126.24
2.53849, -522.904, 528.079
4.58743, 4199.54, 2452.44
7.15218, 293.9, 15.139
2.95982, -420.383, 764.911
6.00595, 723.204, 481.05
3.81226, 275.043, 210.727
4.14117, -45.3777, -325.499
7.45519, -378.238, -311.354
7.41275, 212.039, -5.8936
5.75759, 768.617, 229.706
6.92354, 119.356, -7.28324
6.33247, 158.12, 18.604
3.87453, -1420.35, -258.774
4.93259, -738.284, -605.33
2.80282, -3732.2, 764.795
5.08146, -69.6886, -14.2914
4.96988, -2706.14, 916.843
7.23882, -15.1306, 274.062
4.42071, 156.191, 24.8643
5.14874, -2152.03, 638.426
2.75042, -306.055, 2730.8
6.63909, 123.681, -41.4183
5.94228, -688.761, -332.313
6.18112, -257.182, -254.709
6.94286, -2120.55, -2010.63
4.25508, 165.437, 91.5185
6.72991, -53.4814, -223.722
3.84659, -114.109, -326.95
4.83959, 471.505, -274.453
3.2686, -118.102, 296.667
2.66527, 384.648, 253.685
7.2768, -1191.42, -842.686
6.95369, 82.6776, -81.9666
3.29884, -1078.52, 135.381
3.15214, -588.944, -118.421
2.515, 1758.99, -269.67
6.0491, 66.8867, -216.116
3.40448, 1220.39, 90.6718
5.76029, 210.753, -270.631
4.42907, 408.726, 441.434
3.23766, 909.384, 1199.9
5.45054, 134.375, 310.65
3.24076, 1737.14, -880.815
3.2091, -1494.38, -1034.13
4.94257, 400.682, 125.182
3.13015, -894.994, -258.081
5.64635, -638.295, 218.906
5.60817, 100.488, -20.4966
4.88216, 1922.79, -2662.17
2.64188, 589.325, 821.383
3.21011, 2378.21, -449.84
3.15594, 394.836, 191.829
3.31099, 1036.77, -1531.16
3.76529, -541.531, 28.1383
4.77654, -2759.79, 1439.92
6.54472, 43.8485, -5.2596
3.57624, -138.799, -242.661
3.75063, 384.324, 288.346
5.02978, -38.2005, -116.616
6.27922, 138.633, -156.373
5.66369, -898.389, -2007.88
5.9449, -1594.87, -1051.43
7.27207, -566.958, -127.075
5.18713, 2686.01, -1372.89
4.57014, 123.169, 215.083
4.70019, 94.4647, -18.8978
6.07821, -1214.47, -1420.03
6.20858, -1470.26, -1329.2
5.12494, -1920.83, 1648.2
6.06711, 206.601, -18.08
5.91025, 274.03, -34.6704
6.82941, 1382.01, -1039.02
3.19597, 822.526, 1064.49
3.57766, -363.254, -73.6746
5.0733, 357.912, 849.455
4.83766, 240.982, -10.1942
3.55759, 1891.65, -2020.92
5.65244, 702.317, -433.463
2.5044, 1586.47, -2247.99
4.09589, -335.671, -2035.86
5.90281, 124.817, 54.3938
6.0446, 442.31, -5.44504
2.90869, 538.158, 526.072
3.56926, -636.43, -90.8516
4.44412, 143.196, 4.32386
4.44927, -2338.88, -849.433
3.92018, -226.408, -159.075
4.6123, 176.371, 35.0343
2.55658, -70.8747, -37.7177
3.72027, -2820.38, 1486.39
4.49072, -933.607, -2149.77
6.64177, -272.52, -207.202
3.78584, -506.233, 692.184
3.59705, -1050.04, -190.435
6.47385, 102.109, -14.3894
5.8476, -631.303, 85.3572
5.49108, 164.137, 66.6305
5.99917, 1691.33, 953.627
5.13062, -129.599, -168.384
4.14833, 126.166, -37.9841
3.30844, 2841.78, 474.944
6.56633, 32.9428, -144.439
4.08004, 683.81, 552.188
4.05369, -251.733, 36.8879
4.65424, 84.2013, 84.378
4.46509, -204.234, 157.924
4.43916, -39.0699, 185.686
4.34871, -166.942, 531.394
5.88118, -105.9, -414.426
6.10384, 772.522, -184.163
7.20082, -1555.67, 368.415
5.08573, 118.874, -133.748
5.5282, 723.965, 490.5
5.85049, 1036.71, -1536.22
5.11404, 125.144, 134.956
3.87105, 158.491, -519.659
7.08924, 102.925, -16.1743
3.73367, 215.572, -2.93524
4.77876, -55.8624, 856.49
3.30374, 313.163, 291.102
4.68319, 156.361, 111.453
7.45767, 122.708, 150.821
6.26931, 1916.39, -2094.08
4.97846, 107.489, -82.2661
7.01651, 116.247, 83.7752
4.68213, -532.739, -37.6149
5.09239, 1356.1, -1148.99
4.44866, -1178.36, -1706.88
5.63431, 82.1353, 46.0181
5.19331, 218.451, -93.2242
4.35955, -140.353, 100.522
2.54674, 150.851, 406.257
6.3794, -88.5608, -87.9483
2.85317, 181.24, 27.9367
3.98511, 98.8053, 571.772
4.78581, -199.689, -228.458
3.25156, 183.286, -47.9496
5.97819, 56.0185, 384.325
4.15587, 185.701, 30.7924
5.21197, -1713.42, 3011.09
2.64678, -1993.1, -919.957
5.38086, 149.87, -424.118
5.18133, -158.897, 48.5614
7.36678, -707.513, 336.592
5.57063, 140.957, -11.0293
5.26431, 1431.6, -2296.11
6.69051, 795.995, 463.253
3.75764, 93.5631, 383.206
6.98957, 154.684, 19.1023
5.97428, -209.111, 95.3547
5.82752, 18.2983, 1541.58
3.06838, 22.8112, -187.775
3.37987, -417.973, -719.855
2.91253, -635.532, 1213.8
6.68103, 21.3973, 606.675
2.64818, -250.962, 1614.36
6.34719, -31.3386, 16.4919
4.29829, 249.332, -2040.09
6.24626, 943.87, -103.047
6.28385, 189.072, 80.2201
3.60834, 1755.06, -521.679
5.58305, 279.032, 39.5777
3.66846, -566.051, 26.6317
6.22052, 69.4688, -1994.42
5.80997, -280.934, -438.736
4.9209, -1723.06, 3113.06
2.58972, 79.7303, -269.146
4.98291, 116.587, 86.0344
5.09587, 112.619, -40.8579
4.71395, 707.441, 1893.39
4.14528, -1541.18, 593.966
3.52671, 26.2474, 170.121
7.19863, -203.476, 1190.41
2.85168, 1029.53, 1603.06
3.30042, -85.3123, 158.331
6.70788, 244.909, -597.865
4.13614, 7.40973, -235.977
6.85942, 872.451, 324.373
5.99896, 107.871, -72.1317
5.52801, 234.589, 68.2114
4.77536, 160.146, 596.272
2.91543, 1011.41, 541.05
3.94883, -1859.4, -844.349
6.51009, 197.874, 9.38939
6.81821, 403.488, 742.76
3.81831, -2550.23, 199.989
4.79881, -509.071, 41.3351
4.95672, 165.013, -27.2491
5.82344, 946.021, -1573.56
7.31738, 115.161, -48.6623
7.23022, 317.666, 66.3507
2.81902, 1013.97, -537.837
5.04829, -684.567, -187.575
6.13222, -0.0859246, -22.4082
5.65882, 136.312, -67.2078
3.26658, -37.2065, 179.129
5.09652, 707.223, 1896.54
3.52281, 3065.34, -1014.83
6.03231, -197.152, 93.1427
6.05786, -531.834, 3238.32
3.66304, 213.195, -414.609
6.80594, 508.326, 10.0364
2.67122, -866.259, -221.211
6.26587, 169.052, -75.7257
4.14789, -31.5974, -155.088
4.65309, 2703.17, -556.892
7.33455, -46.7119, -298.554
4.05803, -1188.23, -1045.96
5.69762, -3207.6, 39.1821
5.95386, 199.027, 68.3667
5.36403, 356.93, -403.163
6.60667, -1728.94, 3007.18
4.21807, -2006.96, 935.398
5.09387, 67.9921, -520.5
6.78438, 754.484, -157.94
6.18587, 758.144, 917.322
3.45992, -325.962, -26.7428
2.83145, 183.17, -57.135
3.60828, -2365.78, 1493.97
3.33656, 104.957, 12.2504
6.31172, 161.222, 50.7679
5.44905, 877.518, -1450.41
4.65223, -3322.34, -350.138
7.09618, 1430.47, -268.981
5.09668, -117.634, -700.87
7.38058, 203.431, -105.585
5.15714, 2.03402, -240.821
2.98716, -719.708, 1115.8
5.83983, 152.511, 48.6579
5.44444, -507.03, 1707.71
5.01137, 119.213, -66.7538
2.75808, 946.903, 637.842
2.6753, 581.443, -573.701
4.41484, 53.5957, 32.6619
5.55555, -1439.34, -1832.22
5.06574, -3324.83, -353.189
5.98498, 100.956, -287.546
4.89891, 2.01418, 176.24
3.88323, -3234.91, 73.4814
6.01685, -125.626, 1882.64
3.67701, 137.732, 185.251
6.41501, 109.499, -127.908
6.60589, 1206.61, -107.225
3.21842, 1947.32, 1901.06
5.75757, 616.779, -477.569
3.87677, 20.7321, -755.564
7.26215, 1372.02, -901.263
4.58238, 186.729, 109.402
3.03869, -407.098, -391.206
4.70633, 136.706, -19.3756
6.28811, 95.4331, -21.7361
2.77803, 738.831, 447.248
3.51241, 251.282, -57.7646
6.82305, 303.987, -246.686
6.52456, -67.4834, 43.7948
2.78861, 408.798, 1448.09
4.40304, -53.4174, 146.57
4.56124, -305.835, -425.864
2.80071, 469.282, -24.3426
7.09746, -981.117, -908.333
3.35398, -207.14, -61.7334
6.51634, -8.3675, -47.6273
3.88599, 132.212, -111.884
4.44586, 42.9096, 17.3151
7.19936, -1347.14, 315.405
6.24573, 55.0737, 1849.86
3.44774, 1991.08, -2267.75
6.89581, -58.248, -126.61
6.8953, -102.945, 27.1127
3.30515, 184.675, 180.519
5.87346, 763.422, 128.392
6.89096, 299.74, 8.54189
6.98262, -604.784, 2188.7
3.06535, 184.097, 51.6098
5.93789, 33.803, -102.038
3.21651, 386.825, 294.716
3.6901, 796.448, -177.007
5.64383, 1728.41, -1182.03
4.312, -49.9396, -121.064
4.64437, -1284.99, -1180.55
4.91936, 1075.51, -1146.81
6.20379, 129.508, -73.306
3.23098, 385.17, -516.833
7.36238, 255.623, -143.656
7.3158, -126.224, 17.8755
3.14741, 1546.35, -1142.25
5.3784, 409.587, -34.2997
4.66439, 413.093, -222.391
5.50066, 138.928, 9.43588
5.85098, 83.1509, -60.7596
4.5137, -1948.12, -627.326
6.46691, -1227.23, -1074.05
4.89889, -1976.62, 1225.45
5.72449, -746.61, 644.955
4.28836, 3058.13, -538.504
5.96794, 132.589, -80.8016
5.83428, -232.747, -503.228
3.22071, 708.982, -420.146
7.10415, 92.268, -133.169
4.22228, 810.669, 2325.97
6.66824, 180.573, 0.79372
2.74349, 525.102, 261.874
3.27936, 787.786, -1155.29
2.55765, 298.764, 90.3582
3.94327, 3.4587, 90.8855
5.07295, 22.8775, 14.1921
3.65948, 499.669, -2195.07
2.75022, 26.4664, 522.512
5.33091, 65.1706, 17.3049
6.69774, -156.481, -291.207
4.28763, 102.385, -4.54516
4.3452, 13.3892, 138.233
7.22226, 108.72, -30.2664
4.72425, -1275.07, 351.952
6.82086, 153.009, 166.838
5.82654, -67.5341, 279.926
5.79297, -249.479, 299.946
7.10736, 1727.4, -1293.26
5.11536, -1910.57, 1648.97
5.45229, -70.6374, -504.148
5.79944, -284.244, -1794.26
4.24765, -1319.76, 774.54
4.11714, 538.851, -429.275
7.08984, -39.4006, -70.7086
3.08619, -2640.81, 926.197
7.31268, 28.5657, 95.9691
5.17978, 134.137, -132.491
5.81447, 365.34, -37.0509
5.48362, -2744.62, 1247.09
6.93363, -485.365, -702.817
6.67999, 117.022, 9.85384
6.69339, -41.2027, -138.084
6.85642, -120.93, 172.665
2.5002, 59.8929, 1525.09
4.77274, -190.207, -793.966
4.25696, 1502.55, -10.4958
5.80713, 2617.8, -2161.15
6.22234, 240.571, -239.948
3.3821, -653.387, -2472.31
7.4621, -930.461, 1195.16
5.95466, -350.407, 199.456
6.97862, -54.6866, -271.089
3.51579, -1045.24, -249.64
7.2356, -273.468, 555.115
4.88476, -2601.7, 1357.48
6.78578, -2364.81, 1490.95
6.41237, 94.0954, 149.441
5.70687, -1878.07, 1795.13
3.14521, -53.0754, 901.577
5.77944, -21.0826, 220.041
3.09199, -52.7622, -160.535
3.88793, 1805.34, 331.32
6.65548, 287.652, 1761.28
6.14153, 2157.9, 2752.79
6.74348, 2393.21, -1783.9
3.43989, -622.902, -697.272
6.09602, 338.074, 331.774
4.25586, -46.7595, 618.623
3.34555, 399.182, 663.562
4.52383, -2498.05, 342.122
4.20924, -116.016, -9.29418
6.67141, 244.433, 276.318
3.9111, -1885.21, -3055.53
5.16766, 1846.44, 1180.95
6.25085, 419.424, -692.706
4.62554, 195.072, -134.903
4.66964, 1330.86, -46.93
3.03022, -2136.65, -1204.38
6.4639, -443.997, -319.59
3.91232, 207.422, 36.4067
7.14264, 2168.44, 3012.45
5.37926, 79.0041, -27.7871
3.4895, 573.2, -367.638
5.99081, -377.751, -304.106
3.07265, -658.032, -499.72
4.22945, 359.774, 820.236
4.15646, 306.375, -101.866
6.42735, -2770.91, 1238.49
6.65775, 153.602, -24.5412
4.21712, 1037.21, -485.56
4.2603, 325.281, 157.93
6.38197, -66.1053, -246.295
6.58658, 433.092, 70.5933
4.26157, 81.9461, -119.928
7.09559, 103.678, -41.1517
3.2877, 674.845, 653.859
5.56029, 868.345, -432.226
5.54222, 210.439, -6.51679
3.16647, 1625.36, 1834.42
3.51409, 1954.31, 2761.71
4.79457, 388.621, -124.448
3.48759, -713.922, 980.886
6.77118, 181.766, 86.1312
6.54562, -535.798, -552.092
2.80131, 1339.03, -1164.98
6.50584, 919.705, -2628.14
5.49597, -54.8836, -169.087
7.43182, 57.7538, -36.2219
2.65919, -1009.43, 239.662
6.8356, -1737.53, 2132.61
3.69109, 397.673, 294.928
3.6127, -56.4859, 91.1559
4.73907, 3405.46, 1581.03
2.61231, -21.0684, 77.7419
6.79755, 72.5537, -97.4611
4.15902, 420.611, -2569.28
5.72195, -35.708, 111.655
7.43521, -328.084, -61.7551
5.30162, 59.5662, 197.922
4.74553, 255.44, -72.9509
5.213, -144.098, 132.966
2.90797, 375.018, -49.2923
3.99606, 1271.35, 1629.81
6.63964, -2173.7, -441.393
6.48936, -2119.95, 791.115
5.71048, 424.473, 4.77888
4.84105, 95.4825, 124.525
7.15326, 523.077, 1516.63
5.08798, -592.133, -41.1752
7.42924, -2269.85, 1460.79
5.94567, 139.447, -254.551
6.19966, 38.4158, -58.7563
3.46323, 1130.27, 930.624
6.08881, 1664.36, -1161.69
6.11146, 849.19, 592.455
6.49298, 410.363, -236.017
4.23216, -2651.81, 254.587
5.1481, 244.154, -6.75558
3.19001, 825.057, -822.546
6.73218, 91.2198, 77.1121
6.32766, -605.874, -247.256
7.5, -2763.16, 1224.66
4.24891, -3753.89, -1320.45
5.50367, 1127.52, 26.8576
3.50808, -185.243, 2106.55
6.2385, -2011.08, 288.726
6.49225, 143.415, -107.588
3.03505, 202.164, -433.526
5.35813, 69.9177, -84.7234
2.84683, -2830.6, 977.508
4.16036, -88.1189, -8.25848
5.80945, 110.321, 28.6095
5.27726, 347.764, 2190.77
7.12415, 151.172, 126.932
2.69832, 243.508, 1542.23
2.62083, 958.945, 1031.32
4.61923, -54.6286, -206.118
4.36987, -314.917, -335.676
2.93303, 1806.94, 1691.61
3.05403, 60.8173, 142.611
5.31992, -2452.29, 113.858
7.37269, -16.2146, -9.87694
3.05066, -14.8327, -2226.06
5.99352, -1731.6, -1946.78
2.79674, 311.968, 1175.48
4.69755, 358.48, 29.5854
5.24651, -354.769, -285.88
3.45129, 76.7203, 44.4529
7.36597, -190.471, 232.648
3.19593, -23.254, 180.511
5.48978, -1793.42, 306.684
7.12812, 249.999, -746.259
3.91116, 464.93, 68.4888
6.8307, 116.053, 499.651
6.29598, 847.575, -1076.51
6.10793, -186.563, -127.388
3.34241, 46.0313, -83.6361
3.32882, 244.737, -1406.85
3.39076, -23.03, 9.85696
5.87226, 184.003, 88.6516
4.83484, -24.1206, -171.536
6.85219, -33.7943, -153.681
5.76023, 333.768, 76.1023
5.80464, 365.299, -32.247
2.58037, 107.907, 273.231
4.30596, 2962.18, 1765.81
3.72747, 164.633, -394.251
6.93086, 681.929, 958.666
5.23701, -3703.67, 54.5564
6.57209, 274.095, 211.511
5.24453, -838.651, -291.367
4.16156, -357.342, 35.4021
4.40213, -1070.34, -1855.9
2.52389, -264.092, -117.898
6.95226, 83.2905, 8.29146
6.16955, -276.079, -109.412
6.04239, -186.361, -44.3161
5.1278, 1302.39, -1509.37
6.41065, 225.009, -501.064
3.42484, 2.58306, -15.8014
5.72673, 203.358, 1.397
3.42178, -0.530158, 92.5208
3.31214, -1131.63, 485.285
2.65594, 1148.85, 720.192
7.42716, 120.32, 52.14
4.04559, 238.848, -92.3373
4.11075, 185.851, 37.9126
5.51155, 120.405, -2.72263
2.89107, 2712.94, -318.269
3.93936, -200.479, -156.369
5.79307, 570.12, -897.471
7.36348, -188.766, 88.5764
7.27758, 2108.78, 778.239
7.42745, 270.671, 57.024
7.30478, -8.38104, -34.1468
3.0073, -18.9905, -123.178
3.71505, 603.835, -370.123
6.91151, -369.973, 60.1928
5.28805, 120.037, -42.019
6.7669, 172.234, 87.8875
7.49145, 823.164, -233.55
3.99751, -2308.37, 1211.68
6.33157, -4153.52, -1424.27
4.81901, -494.791, 298.307
6.8168, -75.913, -57.1993
6.99018, 171.588, -55.7859
7.377, -287.635, -215.674
2.77405, -303.231, -32.689
6.32605, -150.446, -75.027
5.09219, 1096.03, -1608.35
3.46574, 349.169, 404.706
6.98252, -10.9806, 61.9362
6.38492, -149.613, 170.101
2.75968, -155.82, 267.486
7.47331, 1105.58, -1532
5.93659, 200.992, -407.983
5.94854, 347.013, -18.0545
6.57666, 1725.29, -760.851
7.05426, -198.73, 117.074
3.34218, 1209.41, 2703.95
5.24183, 1739.41, -1120.1
6.53351, 143.395, -28.6324
4.17803, 432.179, 560.914
5.53435, -201.019, -667.649
6.59602, 779.406, -1491.67
7.3485, 513.133, -34.7199
6.29349, 140.852, 483.637
3.72113, -113.163, 10.9693
5.80589, 151.615, -13.1097
4.21574, 988.711, 379.517
7.27146, 145.876, -188.301
2.60828, 1364.09, -1914.27
4.54979, 908.666, -352.366
2.55789, -1601.54, 2010.29
3.04964, -35.9328, -159.957
5.28259, 722.622, -1006.37
4.45466, 68.5842, -86.2789
7.20539, 91.1471, 1.15691
2.55572, -196.405, 529.44
6.22897, 83.2111, 97.4749
3.84293, -227.542, -366.158
4.27153, -94.3768, 41.4755
3.45835, 3024.16, -3162.22
5.14832, -94.2381, -226.984
4.39478, -515.776, -2699.5
3.16407, -94.4874, 54.6108
4.26563, -336.017, -323.981
4.2497, -2714.01, 1371.29
7.41084, -1599.66, -1052.7
5.25961, 213.356, 65.8505
4.99918, -1543.88, -423.428
3.58531, 961.012, -1609.34
4.37311, 511.331, -72.3701
6.78251, 1555.21, 1338.41
6.45578, -1491.74, 2923.5
3.9204, 1667.65, -1925.2
5.07645, 942.193, -484.386
6.79238, 108.808, 131.979
7.07844, -9.32611, 140.201
7.48941, -1224.19, -1079.9
6.53177, -639.955, -347.834
5.22718, 469.495, 457.632
7.3461, -208.554, -209.919
5.31931, 561.975, -228.765
4.03031, 630.212, -889.123
5.41853, 533.83, -229.639
2.91197, -203.249, 491.013
5.47382, -165.377, 95.813
3.31968, 1438.51, 2552.82
6.46527, -61.8825, -548.779
2.95373, -706.7, 928.094
6.3072, 119.719, -209.252
6.83996, 123.93, 24.1838
6.40105, 43.382, -502.373
6.61399, -1440.04, -371.388
6.70974, 129.467, 89.2368
4.48328, 678.789, 532.364
6.508, -55.012, 27.4834
6.56811, 189.696, 9.63595
5.43493, 627.631, 1235.24
4.64621, 198.637, -93.5042
2.5002, 384.484, -397.434
5.31153, 90.7206, -110.668
6.22632, 42.7008, 114.134
3.89846, 1941.24, 1050.39
2.93406, -353.617, -2629.68
3.5733, -403.889, -411.578
3.93296, -289.815, 26.8863
4.86595, 312.343, 83.5028
6.95893, -1208.7, -1108.65
5.91955, -432.047, 109.564
3.54376, 75.2488, 81.3298
6.67533, 30.5841, -99.49
7.09218, 218.704, 54.5449
4.48244, 427.854, -320.578
6.37858, 1112.81, 494.14
5.68161, 348.174, 181.037
6.64746, 142.254, -453.41
3.40204, -493.292, -363.221
7.45927, 169.021, 39.9164
6.70558, 504.767, -462.085
4.65177, 54.1823, 633.105
4.38589, 33.4629, 31.6546
2.70802, 144.368, 147.977
6.80715, 188.276, 46.6159
6.62116, -2221.23, 1570.06
6.25052, 841.553, 1100.04
3.55801, -82.8365, 177.711
4.31029, 91.3187, 70.2914
4.43545, -87.5317, -234.873
7.32918, -1914.97, -1247.98
6.5872, -196.609, -345.894
4.5755, -639.241, 116.947
5.83759, 73.4098, -166.9
2.52101, -2286.26, 2122.66
6.98048, -77.0322, -148.66
3.68416, 695.543, 159.545
3.79415, 182.147, 22.9427
5.4939, -321.46, -157.715
6.89823, -942.872, 75.9258
6.16299, 32.7329, 17.0819
6.0773, -803.606, -313.628
3.57724, 3220.54, -154.945
6.30413, -2331.28, 1779.01
3.85351, 28.0409, -139.306
2.75246, 537.393, 234.241
4.78866, -624.416, 405.625
2.58759, -99.3136, 114.473
3.01129, 2993.41, -2001.45
2.639, 29.6039, 85.0281
5.65921, 48.8255, -287.384
6.34425, 217.817, 0.520898
2.74132, -533.927, -477.916
6.6924, 525.481, 575.416
6.76899, 269.516, -65.3982
6.57649, 519.273, -455.52
6.85188, 58.9917, -2312.93
5.27222, 363.645, -75.2896
6.12646, 12.4515, 1152.1
3.20424, -2531.88, 1867.67
6.6115, -6.59718, -262.348
5.51185, -1435.38, -1834.07
4.93856, -50.1132, -67.7056
6.14942, -251.421, -230.63
4.05164, -1317.42, 752.081
3.93925, -130.645, 233.796
5.45857, 1381.15, -1681.31
5.34055, -1840.93, 926.716
5.41059, 1807.09, 1177.72
2.84132, 369.537, -663.868
4.34304, -1346.18, 180.795
6.28475, -9.96496, -358.335
6.35297, 798.411, 1752.23
4.27217, 122.37, -199.752
5.98913, 145.332, -19.7704
5.08005, 1409.62, 813.796
5.94494, 163.836, -104.603
6.18066, -1381.87, -979.872
2.56231, -1592.96, -1324.87
7.16549, -45.8646, 35.939
5.37826, 178.847, -63.0918
3.05587, -588.995, 313.76
4.87388, 124.128, -63.7161
3.24247, 852.15, 327.311
4.22594, -4466.61, -1038.62
7.04476, 193.556, 75.8415
4.54571, 1742.08, -752.9
5.96642, 92.9997, 28.2971
3.35865, 172.599, -119.119
6.21715, -2372.93, 916.147
4.16319, -35.0023, -68.1172
4.62157, 122.836, -19.0968
2.79523, -6.72076, 86.8341
5.09005, 30.1708, -186.581
5.94425, 185.563, -453.878
5.01149, -28.0033, -355.983
6.56617, 109.464, -49.6736
3.07974, 81.3033, 211.715
5.24841, 938.119, 416.92
5.06046, 25.6091, 180.455
6.02649, -1267.04, -1084.67
5.65083, 228.765, 39.7668
4.0207, 452.426, 326.26
6.74719, 141.834, -6.10542
3.39619, 799.275, -1430.79
2.61737, 141.574, -221.336
4.19467, -146.626, -25.6859
3.43818, -1230.25, -1008.05
6.60467, -107.867, 118.732
6.72507, 53.5841, 1945.85
6.78031, -1765.03, 1116.38
7.37454, -171.371, 127.175
2.99587, -81.4129, -80.488
2.56182, -1937.5, -1594.17
2.58614, 79.7929, -776.683
2.64527, 266.157, 13.9041
4.1031, -1291.81, -1333.13
6.17815, -1711.94, 933.026
3.14876, -263.706, -347.325
2.5161, -807.467, -104.952
6.91905, -67.5503, -97.2331
3.70482, 575.332, -202.374
4.38481, -205.357, -278.379
4.44879, 88.4799, 14.1518
2.81534, 1867.69, 730.013
7.30792, 123.566, 11.9056
3.75349, 375.535, -487.51
6.85376, 95.3173, 64.4855
2.85991, 1446.35, -2034.88
2.70653, 1611.6, -1363.3
3.46378, 73.4147, 58.7461
3.86708, -944.249, -1467.76
7.4007, 173.632, 78.7488
3.60607, 587.833, -2666.58
6.43119, 1041.15, -1538.1
4.42306, -94.0572, -259.342
3.78593, -1664.69, 1749.15
3.91087, -207.536, -26.5125
7.33834, -39.2454, 319.485
4.22841, 313.728, 347.139
3.45922, 464.685, -180.192
5.05037, -176.694, 148.964
5.21857, 653.003, -2398.55
5.72333, -147.833, -70.0802
3.89738, 750.602, -397.763
3.41887, -480.238, -242.38
2.71579, 1382.21, -1699.74
3.98408, 190.171, -419.203
4.25548, 1190.11, -269.191
7.09372, -136.643, 125.866
5.81225, 131.725, 85.9993
5.08041, -1174.21, -1126.21
4.03763, 332.74, -135.882
3.0007, 1218.99, 1254.02
3.47502, 146.43, -37.2421
4.11407, 1658.21, 1897.32
5.56182, -135.782, -80.7269
5.13511, 797.098, -518.881
3.45653, -451.653, 1063.44
4.7178, 2913.62, 1648.01
4.48693, 3300.63, -643.156
6.28051, -66.37, -188.989
6.6213, -352.355, -91.694
5.51573, -158.034, -911.546
3.04573, 77.74, 53.5637
4.11797, 1568.81, -297.469
5.03403, 179.363, -9.56262
4.76521, 326.621, 924.501
4.77315, 221.04, 290.248
4.91125, 319.741, 94.5128
5.07896, -2484.67, 460.542
4.50207, -1272.1, -1120.95
4.22945, 331.43, 91.573
6.64533, -14.4644, 547.089
3.02204, 1604.82, -517.284
6.40057, -180.646, -101.143
3.19919, -18.344, -184.966
2.62171, 1964.16, 2319.06
6.0664, -187.071, 700.174
7.15538, 113.254, -129.404
7.47667, 273.373, 232.165
3.86264, 190.722, -193.234
3.6923, -1159.11, 592.332
3.87328, -188.88, -1702.62
5.70836, -89.876, -238.87
5.17637, 188.567, 11.2457
6.8967, -1550.34, 2571.47
6.75968, -7.65337, -262.533
2.98004, -49.2952, 745.809
4.66818, 293.349, 4.19349
3.17045, 227.736, 74.3089
5.86802, 119.547, 94.1582
5.34964, 223.544, 171.845
3.66474, 144.694, -1159.38
5.50306, 266.903, 180.174
2.6551, 611.267, -218.65
7.08512, 154.599, 115.861
3.82958, 668.034, 450.783
6.50016, 116.193, -117.478
5.46389, 52.0883, -119.973
5.0822, 180.777, 23.6319
5.2567, -56.8162, 66.469
3.47225, 163.776, 116.515
5.36152, -1587.34, -349.733
3.81992, -373.148, 3125.64
4.41648, 1309.6, -2864.35
2.73626, 260.991, 196.486
4.22823, -80.3465, -116.943
3.61594, -1672.75, 3693.21
3.81264, 143.977, -170.88
3.05141, -21.0318, -115.406
7.40088, 119.72, 113.072
5.93794, -800.997, -311.503
5.82158, 292.198, -192.262
5.99501, 17.6425, 132.686
2.68746, 144.247, 18.682
3.6706, 208.085, -135.404
3.95397, -2683.6, -4051.51
3.50543, -54.8144, 92.0583
2.7177, -1424.64, 1950.74
2.56571, 769.239, -393.961
6.07297, 3060.93, -1021.87
6.88348, 233.208, 64.8599
5.35088, 955.683, -1883.53
6.92743, -1505.58, -1621.21
5.20042, 22.5315, 297.44
3.31357, -1209.84, 487.821
3.30492, -1445.01, -1337.14
7.19182, 95.4207, 66.8565
3.45628, 113.629, 183.195
3.15761, -1723.24, 90.314
4.41122, -194.634, 169.862
6.12674, -503.607, 1692.11
2.50651, -3323.88, -351.877
4.60222, 2359.37, -1392.28
5.18984, 849.853, 190.908
4.86596, 316.381, 170.926
6.33003, 838.186, -294.341
2.9396, 448.493, -23.4655
7.04284, 98.204, -76.2238
3.20818, 55.2085, 666.671
2.54782, 173.535, 57.8562
2.82267, 47.1611, 186.32
4.96742, 76.8642, -32.7578
5.40914, 183.926, 33.0161
4.03373, 1887.67, -3391.29
4.57091, -41.2981, -451.248
4.33401, 367.181, 472.495
3.42687, 154.749, -1717.76
2.76788, -1299.06, -1525.33
4.47222, 72.2398, -9.69752
3.98388, 445.216, 296.201
5.05388, -212.076, -454.365
3.75392, 1193.46, -2092.81
5.01589, -65.6542, 177.776
2.51168, 1097.46, -356.874
7.01807, -2762.47, 1210.73
2.79181, 1918, 1800.34
5.17506, 75.0241, 1772.26
3.95754, 1685.38, -810.779
7.3023, -210.18, 99.9773
4.73406, -1916.79, -896.96
5.08479, 35.135, -32.9637
5.93861, -566.608, -384.277
2.72187, 144.567, -137.817
7.2946, 2004.99, -1538.8
5.70852, -88.9755, -320.39
2.80215, 4.98135, 188.485
3.33964, 69.629, 32.9406
5.76491, -261.552, -229.112
6.19864, 60.9459, 1533.01
3.57011, -134.575, 296.43
4.31441, 200.463, -1376.42
6.56981, 706.341, -435.322
5.32057, 138.927, 63.9314
7.45886, -36.9018, 169.648
6.5669, 378.088, 130.244
3.49157, 1684.95, -2280.04
2.50003, 299.761, 12.293
4.62608, -1750.14, 2125.94
4.07406, 1307.66, 707.154
5.56218, -1989.99, 325.636
3.83351, 109.067, 112.435
4.39881, 398.336, 358.184
5.43397, 137.207, 72.2502
5.95636, -41.5728, -300.429
7.26736, 34.8908, -104.462
4.89785, -141.549, 424.69
3.60319, -183.355, 263.959
5.33741, -68.0401, 17.2535
6.09873, 31.9938, 158.068
4.4953, 1434.77, -237.627
3.48326, 708.101, -422.267
6.66971, 16.1437, -92.4952
5.59561, 532.513, -691.042
7.26866, 57.3056, -60.8502
3.23222, 769.044, 464.092
5.38953, 196.867, -170.376
7.26796, 348.012, 246.61
3.62331, -2582.74, 1320.39
7.25137, 127.09, 17.1788
3.07874, 1075.69, -519.465
2.58372, 148.888, -196.335
3.90465, 153.122, 184.452
7.15042, 373.574, -416.211
3.04796, -1096.9, -443.855
6.77266, -264.844, -464.374
5.68532, 423.506, 376.274
5.63853, 128.875, 502.212
3.80589, -423.131, 1115.35
5.13936, 540.752, -464.874
7.16608, 76.1053, 68.3709
3.98055, -526.402, 138.736
4.78006, -15.9675, 67.5294
6.35659, -397.173, 2342.24
4.17193, -1004.14, -2129.84
6.31775, 69.9288, -84.1162
6.65892, -1332.18, 1214.07
2.64618, 1523.76, -934.44
4.31315, 487.437, 105.564
4.16221, 390.444, 41.3944
3.17675, 836.755, 511.673
3.00839, 676.753, -2108.33
5.11327, -8.63102, 384.605
3.52046, 215.911, 349.356
5.00728, 306.17, 401.989
5.1371, -2461.89, 1459.62
4.13422, 112.648, -76.3223
4.75888, -235.186, 512.215
6.85263, 686.626, -68.3882
4.72884, 318.85, -21.3127
6.03726, 29.9855, 379.69
6.83171, -1308.63, 242.63
6.5822, -90.3442, -28.1458
2.67504, -1894.9, -755.176
3.8644, -355.029, 1480.45
5.21858, -423.474, 249.071
3.19942, 1039.91, -293.762
5.57408, 159.621, 38.9914
3.29182, -188.737, -585.223
4.41129, -69.0919, -44.6393
5.94997, -80.6094, -244.681
3.21128, 2209.16, -73.0364
5.65284, 239.452, -187.535
3.15973, -1671.37, -1204.79
7.13583, -32.0322, -155.61
5.53465, 2549.72, -3916.16
5.50388, 532.498, -656.384
3.33635, 389.206, -16.3232
3.301, -302.172, 1030.96
5.91628, 92.7912, -30.0719
5.1456, -248.622, 87.5489
3.65264, -1325.15, 600.25
6.55373, 172.874, -5.45162
5.76477, 160.182, -14.6601
4.08597, -125.328, -400.277
2.53953, 11.4695, -60.2547
3.49176, -101.34, -922.471
3.78831, 62.8234, 663.781
3.03825, 777.246, 219.017
3.49545, -491.739, 283.315
6.75079, -2812.83, 1555.17
6.63912, 38.0455, -98.4287
6.76813, 126.422, 10.3374
5.71027, 280.341, 84.2664
3.6787, -1559.08, 1611.21
6.80638, 267.194, -128.406
5.4745, -36.0753, 620.183
2.52745, -1268.71, -965.87
6.84925, -278.781, -440.403
7.37729, 76.3069, -46.7888
5.59653, -1211.54, -1110.83
3.85574, -21.1814, 90.136
7.46973, 189.236, 59.1359
4.60751, -1006.08, 117.621
4.20537, 116.981, -109.673
4.80717, 361.354, 63.6215
4.44822, -628.174, -1769.6
4.613, -2533.49, -535.267
2.84879, 134.787, 152.606
5.5153, 247.084, -99.1075
7.36114, -394.467, 123.314
5.07406, 96.6648, -38.8086
7.45461, 122.758, 112.845
5.84906, -1218.58, -3016.82
4.01716, -17.9026, -322.261
3.47371, -805.22, -308.983
4.0109, 367.923, 308.079
4.93946, -263.152, 66.8067
4.72438, 381.901, 158.986
5.7844, 264.286, -1.01567
3.74227, 2961.68, 1766.7
4.72007, -931.827, -945.296
5.75894, 107.151, 119.742
6.67472, -84.8775, -246.776
6.03698, -2.99131, 25.0248
4.93928, -444.585, -6.54737
6.72039, 537.266, 276.105
7.00296, -114.467, 118.089
6.33082, 106.479, -294.16
5.29453, -717.694, -321.566
2.70603, 556.054, -0.149642
5.46749, 918.949, -459.533
2.68674, 186.509, -2160.84
4.53488, 94.2791, -629.56
2.84243, 141.612, 403.62
7.38558, -41.9629, -333.812
2.5956, 1343.74, 1764.62
6.60363, 268.037, 165.543
5.2195, 2113.53, -1575.48
5.72828, -33.1466, 1.02143
3.62934, 337.054, 119.102
2.733, 93.4484, 1606.36
3.63154, -251.515, 165.982
4.58371, 267.797, -1479.33
6.40126, 390.764, -20.3708
3.72852, 776.555, -1487.25
4.81411, 165.454, -79.8345
6.14756, 566.137, -193.327
5.35237, 2754.22, -410.087
5.45997, -419.479, -855.832
4.98425, 287.018, 223.778
3.951, 114.888, 88.7058
4.71107, -42.9429, -19.4967
2.53669, -1454.5, 3165.91
7.41683, 155.277, 113.798
2.52822, 31.6889, 133.243
4.8676, 1124.61, 622.135
5.86497, 1873.47, 3113.01
