6.27803, -2585.37, 1469.71
3.5948, 96.1778, 1394.15
5.89648, 479.503, -35.7955
5.09708, 263.766, -360.157
2.76731, 4716.53, -4901.66
2.53849, -1484.85, 1646.43
4.58743, 6619.5, 3907.64
7.15218, 212.255, -17.4631
2.95982, -354.478, 600.254
6.00595, 202.882, 36.3868
3.81226, 493.581, -18.0923
4.14117, 123.209, 41.3758
7.45519, 719.248, -181.407
7.41275, 232.201, -174.289
5.75759, 541.839, 56.9677
6.92354, 196.414, -152.539
6.33247, 564.105, 59.8761
3.87453, -2009.44, -640.898
4.93259, -1208.85, -877.284
2.80282, -5974.37, 1422.51
5.08146, 98.2532, 95.241
4.96988, -4214.67, 1513.71
7.23882, 521.578, -297.391
4.42071, 219.438, -3.13534
5.14874, -3261.27, 885.811
2.75042, -313.331, 4251.86
6.63909, -498.297, 90.5776
5.94228, -37.7018, -44.8789
6.18112, 252.935, 22.7584
6.94286, -3200.96, -2866.46
4.25508, -392.89, 583.431
6.72991, 168.526, -177.229
3.84659, -133.878, 22.8183
4.83959, -194.462, 602.294
3.2686, 470.741, -224.432
2.66527, 96.4608, 221.771
7.2768, -1374.98, -971.755
6.95369, 359.112, -703.862
3.29884, -888.643, 329.152
3.15214, 850.753, -305.77
2.515, 2628.74, -433.796
6.0491, 111.756, 135.791
3.40448, 1127.42, 256.943
5.76029, -448.109, 361.788
4.42907, 413.225, 0.140426
3.23766, 1216.29, 1431.3
5.45054, 263.753, 290.365
3.24076, 2491.59, -1206.25
3.2091, -2065.18, -1232.34
4.94257, -54.653, -76.5632
3.13015, -444.806, -669.064
5.64635, 386.615, -55.9151
5.60817, 255.11, 185.965
4.88216, 2924.78, -4041.21
2.64188, 548.235, 192.582
3.21011, 3562.31, -567.636
3.15594, -328.098, -232.656
3.31099, 1350.84, -2100.65
3.76529, -770.318, 177.633
4.77654, -3983.41, 2037.03
6.54472, 154.177, -131.035
3.57624, 42.7603, -122.462
3.75063, -34.3586, -92.0826
5.02978, -669.724, -1355.67
6.27922, 196.107, -16.5299
5.66369, -1382.93, -2925.85
5.9449, -2035.78, -1451.13
7.27207, 492.061, -342.092
5.18713, 4174.68, -2120.15
4.57014, 84.4715, -1396.89
4.70019, -410.331, -642.875
6.07821, -1609.61, -1729.01
6.20858, -2214, -1756.29
5.12494, -2810.97, 2306.91
6.06711, 369.585, 74.5909
5.91025, 270.928, -8.05118
6.82941, 1849.73, -1432.21
3.19597, 673.919, 1554.66
3.57766, 439.382, -163.278
5.0733, 907.063, 1679.36
4.83766, 195.413, 188.069
3.55759, 3104.36, -3166.41
5.65244, -97.8558, 248.998
2.5044, 2457.23, -3530.54
4.09589, -603.289, -2519.44
5.90281, 384.853, 47.3508
6.0446, -128.097, 224.532
2.90869, 219.088, -161.292
3.56926, -747.39, -332.754
4.44412, -96.1923, -21.2265
4.44927, -3319, -1151.5
3.92018, -27.7881, 360.054
4.6123, 169.688, -109.357
2.55658, -1430.13, -26.282
3.72027, -4357.39, 2354.41
4.49072, -1619.63, -3027.19
6.64177, -295.908, -328.957
3.78584, -78.2056, 418.009
3.59705, -1278.19, 238.448
6.47385, 200.109, -88.2322
5.8476, 222.108, -108.043
5.49108, 7.54238, 158.44
5.99917, 2274.56, 1416.81
5.13062, -22.748, -346.936
4.14833, 292.983, 632.646
3.30844, 4674.95, 806.219
6.56633, 252.563, -12.6555
4.08004, 166.333, -49.5309
4.05369, -102.812, -34.4582
4.65424, 159.763, -56.3157
4.46509, 186.075, -118.231
4.43916, 608.874, -168.928
4.34871, 53.4608, 704.449
5.88118, 272.145, 208.427
6.10384, 24.1177, 44.5654
7.20082, -2072.23, 705.171
5.08573, 325.18, 6.71869
5.5282, 212.825, 19.3374
5.85049, 1356.01, -2105.32
5.11404, 126.507, 328.158
3.87105, 666.413, -468.106
7.08924, 186.29, -89.0044
3.73367, 391.638, -306.016
4.77876, 458.391, 684.746
3.30374, 119.346, -153.669
4.68319, 252.609, 94.2034
7.45767, 7.1519, -53.3017
6.26931, 3048.09, -3096.12
4.97846, -13.3548, -437.715
7.01651, 182.691, -141.391
4.68213, -769.845, 194.838
5.09239, 1812.19, -1510.8
4.44866, -1576.85, -2458.65
5.63431, -79.9589, -2.28098
5.19331, 148.036, -148.384
4.35955, -97.1544, 938.553
2.54674, -521.718, -191.346
6.3794, 349.465, 234.783
2.85317, -552.26, -618.702
3.98511, 149.441, 203.24
4.78581, 402.55, 678.643
3.25156, 151.108, -166.247
5.97819, 168.432, 203.471
4.15587, -546.372, -583.568
5.21197, -2638.93, 4739.29
2.64678, -2803.05, -1615.07
5.38086, -153.197, 338.238
5.18133, 675.418, -86.3979
7.36678, -31.3999, -275.336
5.57063, 251.576, -67.0884
5.26431, 2119.64, -3583.46
6.69051, 1280.35, 99.688
3.75764, 134.879, -869.802
6.98957, 26.3534, -59.7164
5.97428, 494.69, -36.4392
5.82752, -239.799, 2072.96
3.06838, 105.473, -401.938
3.37987, -1165.61, -788.334
2.91253, -1255.37, 2123.03
6.68103, 26.6114, -293.389
2.64818, 168.42, 2850.53
6.34719, 457.04, -166.116
4.29829, 251.438, -2926.37
6.24626, 49.4641, -42.4533
6.28385, 189.634, -20.6823
3.60834, 2278.01, -1080.98
5.58305, 224.436, -23.0617
3.66846, -87.5395, 33.5835
6.22052, 10.2208, -2883.34
5.80997, -420.156, -887.186
4.9209, -2716.45, 4716.97
2.58972, 914.092, 176.894
4.98291, 145.888, -35.0427
5.09587, 200.623, -62.2485
4.71395, 718.229, 2717.22
4.14528, -2057.56, 1100.44
3.52671, 181.894, -15.0735
7.19863, -43.9183, 1335.09
2.85168, 1117.23, 2407.83
3.30042, 550.693, -757.563
6.70788, 479.169, -690.29
4.13614, 165.532, -32.4353
6.85942, 940.794, 108.002
5.99896, 223.678, 49.7998
5.52801, -211.566, -134.295
4.77536, 285.121, -441.143
2.91543, 548.865, 1005.96
3.94883, -2767.56, -877.673
6.51009, 464.122, -313.677
6.81821, -32.5479, -130.551
3.81831, -3734.47, 294.12
4.79881, -148.093, -437.291
4.95672, 295.321, 40.6333
5.82344, 1406.04, -2056.11
7.31738, 154.426, -340.864
7.23022, -7.25363, -183.774
2.81902, 1487.6, -268.707
5.04829, -911.999, -499.482
6.13222, 250.956, -152.74
5.65882, 321.102, -302.746
3.26658, 387.47, 105.991
5.09652, 716.877, 2716.02
3.52281, 4642.4, -1487.5
6.03231, 262.241, 72.2831
6.05786, -926.453, 4928.45
3.66304, 241.145, -451.057
6.80594, -359.211, -37.9118
2.67122, -728.027, 254.08
6.26587, -164.297, 143.039
4.14789, -79.5999, -262.298
4.65309, 4159.12, -1009.53
7.33455, 510.9, 427.661
4.05803, -1586.33, -1543.21
5.69762, -4831.24, -19.038
5.95386, 168.99, -0.578547
5.36403, 12.8946, 326.795
6.60667, -2656.59, 4737.22
4.21807, -2979.3, 1224.91
5.09387, 53.5237, 72.8638
6.78438, -98.8719, 47.3662
6.18587, 491.402, 1048.34
3.45992, 207.758, -133.072
2.83145, 155.419, -54.7897
3.60828, -3464.84, 2177.88
3.33656, 127.558, -146.928
6.31172, 94.2748, -148.034
5.44905, 1355.32, -1842.2
4.65223, -5051.19, -416.903
7.09618, 1670.14, -167.837
5.09668, -669.112, -1228.87
7.38058, -425.829, 121.585
5.15714, 169.004, -35.1251
2.98716, -1030.25, 963.905
5.83983, -618.683, -653.592
5.44444, -575.133, 2365.87
5.01137, 143.507, -147.349
2.75808, 700.864, 1158.7
2.6753, -119.221, 386.862
4.41484, 97.2094, -176.207
5.55555, -2158.93, -2526.73
5.06574, -5045.21, -415.069
5.98498, 166.284, -7.03701
4.89891, 387.818, -27.4119
3.88323, -5099.07, 62.71
6.01685, -219.619, 2554.48
3.67701, 87.2624, 113.064
6.41501, -20.4413, -103
6.60589, 1167.73, 304.512
3.21842, 3145.73, 2817.58
5.75757, -234.61, -37.1133
3.87677, -743.873, -1439.95
7.26215, 2355.44, -1136.78
4.58238, 80.826, -113.654
3.03869, -265.187, 150.882
4.70633, 269.483, -80.6272
6.28811, 4.30456, -583.558
2.77803, -118.884, -154.756
3.51241, 69.9457, -25.0602
6.82305, 145.934, -219.55
6.52456, 434.617, -72.7486
2.78861, 498.969, 1808.65
4.40304, 42.3807, 74.7456
4.56124, -28.5979, -50.5148
2.80071, 162.204, 84.1584
7.09746, -1133.3, -1084.24
3.35398, 40.133, -8.66439
6.51634, -143.573, -264.387
3.88599, 1652.4, -533.679
4.44586, 76.0575, -23.0578
7.19936, -1789.5, 761.154
6.24573, 146.433, 2618.53
3.44774, 3345.42, -3519.77
6.89581, -77.1631, -234.317
6.8953, 277.046, -57.0039
3.30515, 51.5915, -1059.59
5.87346, 922.224, 433.166
6.89096, 320.179, -36.6896
6.98262, -699.103, 3251.27
3.06535, -114.973, -436.68
5.93789, -1055.47, -944.392
3.21651, 691.8, -432.082
3.6901, -266.68, 8.33391
5.64383, 2576.3, -1747.03
4.312, 399.958, 96.6252
4.64437, -1573.34, -1392.4
4.91936, 1463.42, -1637.94
6.20379, 14.1579, 1183.91
3.23098, 116.62, 248.144
7.36238, 181.917, -20.5077
7.3158, -161.481, -159.319
3.14741, 2346.45, -1482.02
5.3784, -80.4929, -135.983
4.66439, 344.918, 345.139
5.50066, 190.894, -142.991
5.85098, 234.538, -182.076
4.5137, -2710.65, -899.812
6.46691, -1671.8, -1465.76
4.89889, -3050.24, 1628.41
5.72449, -568.505, 666.162
4.28836, 4783.97, -774.25
5.96794, 134.367, -294.408
5.83428, 142.878, 10.2262
3.22071, 74.16, -91.5252
7.10415, -144.867, -166.754
4.22228, 1043.54, 3390.8
6.66824, 254.203, -73.2451
2.74349, 55.6159, -519.141
3.27936, 1203.66, -1805.3
2.55765, 269.037, 113.573
3.94327, 134.995, 37.48
5.07295, 536.851, -540.685
3.65948, 880.262, -3103.56
2.75022, 718.961, 309.44
5.33091, -49.7509, -130.843
6.69774, 133.308, 422.65
4.28763, -351.17, -278.459
4.3452, 117.224, -843.979
7.22226, 158.437, -22.4461
4.72425, -1478.63, 163.061
6.82086, 146.719, -96.3348
5.82654, 35.4371, 754.685
5.79297, 225.283, -465.711
7.10736, 2386.2, -1767.06
5.11536, -2806.23, 2310.94
5.45229, 185.027, 637.867
5.79944, -272.198, -2419.23
4.24765, -1556.27, 1031.66
4.11714, 5.97718, 274.926
7.08984, 173.16, -184.315
3.08619, -4117.02, 1501.41
7.31268, 163.984, -114.391
5.17978, 173.715, -126.304
5.81447, 1319.94, 647.896
5.48362, -4187.86, 1973.85
6.93363, -248.684, -1153.18
6.67999, 379.257, 33.3514
6.69339, 139.904, 29.9183
6.85642, 475.156, -216.141
2.5002, -230.249, 2041.61
4.77274, -684.618, -2177.84
4.25696, 1709.79, 77.2372
5.80713, 4165.97, -3262.97
6.22234, 753.162, -3.2103
3.3821, -882.926, -3699.03
7.4621, -1181.9, 1430.62
5.95466, -458.613, 70.8535
6.97862, 412.367, 101.801
3.51579, -1223.14, -321.199
7.2356, 426.031, -207.906
4.88476, -3948.69, 2084.15
6.78578, -3466.94, 2176.07
6.41237, 584.556, 71.8465
5.70687, -2721.51, 2642.13
3.14521, 480.084, 630.992
5.77944, 283.204, 95.9667
3.09199, 148.382, -154.944
3.88793, 2442.98, 593.188
6.65548, 220.608, 2284.19
6.14153, 3268.85, 4189.54
6.74348, 3643.52, -2720.68
3.43989, -817.895, -248.448
6.09602, 281.288, 15.4128
4.25586, 123.074, -445.884
3.34555, 147.873, -296.491
4.52383, -3881.08, 478.826
4.20924, 41.6448, -101.951
6.67141, 353.008, -192.156
3.9111, -2956.92, -4793.22
5.16766, 3016.82, 1795.94
6.25085, 866.855, -1545.7
4.62554, -58.4222, -48.3159
4.66964, 1301.84, 5.27434
3.03022, -3010.85, -2010.67
6.4639, 370.049, -268.362
3.91232, -278.345, 230.087
7.14264, 3247.47, 4854.67
5.37926, 188.678, -41.8008
3.4895, 29.9048, 356.994
5.99081, 19.5198, -36.7683
3.07265, -367.586, 211.999
4.22945, -20.9373, 426.396
4.15646, 486.356, -219.845
6.42735, -4256.88, 1978.26
6.65775, 234.984, -60.4655
4.21712, 617.004, -228.696
4.2603, -678.063, -110.013
6.38197, -13.164, -14.009
6.58658, 783.163, -428.796
4.26157, 443.798, 255.655
7.09559, 175.153, 29.6531
3.2877, 31.2341, -194.638
5.56029, 774.523, 90.106
5.54222, 165.2, 36.8996
3.16647, 2415.79, 2589.84
3.51409, 3023.2, 4175.15
4.79457, -369.88, 55.4843
3.48759, -634.566, 1366.6
6.77118, 272.384, -66.5946
6.54562, 331.584, 204.903
2.80131, 2087.44, -1526.12
6.50584, 1336.25, -3887.56
5.49597, 201.167, -453.124
7.43182, 181.605, -176.269
2.65919, -833.655, 265.198
6.8356, -2605.55, 3149.28
3.69109, -824.557, -477.773
3.6127, 1275.98, 597.084
4.73907, 5278.97, 2457.89
2.61231, 27.9074, -399.52
6.79755, 93.0157, -161.091
4.15902, 460.056, -3437.82
5.72195, 929.424, -267.725
7.43521, -8.50349, -41.4268
5.30162, 153.933, 175.857
4.74553, 168.603, -82.0512
5.213, 441.05, 35.1428
2.90797, -1251.63, 458.308
3.99606, 1457.47, 2383.46
6.63964, -3061.88, -580.352
6.48936, -3317.63, 1364.14
5.71048, -135.619, 202.646
4.84105, 77.312, 6.32653
7.15326, 601.419, 1851.93
5.08798, 297.57, -45.471
7.42924, -3455.27, 2188.73
5.94567, 307.145, 18.6555
6.19966, 296.289, 518.126
3.46323, 1244.83, 1235.73
6.08881, 2391.61, -1498.8
6.11146, 1133.86, 94.2345
6.49298, 239.349, 91.2085
4.23216, -3992.69, 294.479
5.1481, -1285.34, -629.129
3.19001, 1184.17, -637.119
6.73218, -26.109, -106.922
6.32766, -708.925, -544.519
7.5, -4245.77, 1987.21
4.24891, -5925.26, -1973.22
5.50367, 838.897, 8.30179
3.50808, -352.354, 2851.12
6.2385, -2876.84, 484.003
6.49225, -220.355, -117.882
3.03505, -522.467, -610.758
5.35813, 280.864, -94.1493
2.84683, -4044.09, 1377.12
4.16036, 256.559, -406.648
5.80945, 91.5135, -6.50248
5.27726, 392.152, 3146.21
7.12415, 67.5792, -368.833
2.69832, 224.182, 2309.82
2.62083, 945.372, 1128.34
4.61923, 125.798, -34.6558
4.36987, -914.439, 74.4634
2.93303, 2779.72, 2733
3.05403, 212.791, 16.8802
5.31992, -3796.91, 119.443
7.37269, 191.735, 28.7402
3.05066, 49.2979, -3078.65
5.99352, -2476.77, -2724.79
2.79674, 187.418, 1077.74
4.69755, -253.375, 150.977
5.24651, 813.126, 398.94
3.45129, -261.408, 125.356
7.36597, 264.757, 74.4217
3.19593, 217.402, 53.2259
5.48978, -2505.19, 294.554
7.12812, 167.224, 380.404
3.91116, -818.643, 157.452
6.8307, 123.785, -473.817
6.29598, 922.545, -1284.07
6.10793, 270.874, 161.884
3.34241, -44.1439, -605.677
3.32882, 834.406, -2080.39
3.39076, 128.934, 51.8708
5.87226, 257.361, 51.0099
4.83484, 422.959, -241.835
6.85219, 411.212, 305.342
5.76023, -99.2495, -175.96
5.80464, 1328.35, 642.512
2.58037, -232.311, 602.619
4.30596, 4515.19, 2594.01
3.72747, 214.584, -474.996
6.93086, 468.594, 824.947
5.23701, -5696.75, 97.7038
6.57209, -398.976, -492.509
5.24453, -752.868, -86.4727
4.16156, 350.954, -140.372
4.40213, -1523.45, -2663.2
2.52389, 1216.23, 233.135
6.95226, 294.725, -55.4516
6.16955, 766.859, 239.526
6.04239, -606.135, 292.447
5.1278, 1681.87, -2237.74
6.41065, 180.129, 225.52
3.42484, -98.9104, -19.8956
5.72673, 147.517, -51.2229
3.42178, -8.52512, 48.4306
3.31214, -1196.53, 652.746
2.65594, 1240.25, 1247.01
7.42716, 124.679, 45.9797
4.04559, 220.848, -144.908
4.11075, -582.524, 34.0117
5.51155, 200.811, 27.7406
2.89107, 4283.52, -715.171
3.93936, 399.126, 107.799
5.79307, 308.558, -669.002
7.36348, 360.893, 0.676928
7.27758, 3174.05, 1236.28
7.42745, 311.39, 40.1779
7.30478, 215.189, 49.7757
3.0073, 537.543, 579.085
3.71505, 940.303, -205.447
6.91151, -104.439, -31.2969
5.28805, 258.735, 32.0891
6.7669, 194.811, 40.4514
7.49145, -176.85, -92.7384
3.99751, -3636.7, 1596.21
6.33157, -6532.19, -2159.92
4.81901, 621.541, -105.131
6.8168, 767.089, 39.0909
6.99018, 131.797, -273.732
7.377, -59.9835, -81.2742
2.77405, 146.837, 56.6153
6.32605, 514.472, -188.144
5.09219, 1390.03, -2071.12
3.46574, -211.435, -396.801
6.98252, 134.179, -506.468
6.38492, 116.722, 27.913
2.75968, 594.789, -669.77
7.47331, 1336.74, -2117.38
5.93659, 220.212, 103.835
5.94854, 1332.68, 605.221
6.57666, 2370.94, -1077.07
7.05426, 456.784, -225.707
3.34218, 1964.64, 3989.54
5.24183, 2319.63, -1681.07
6.53351, 120.835, -83.648
4.17803, 99.3076, -70.1354
5.53435, -514.16, 96.1913
6.59602, 1232.69, -1943.86
7.3485, 46.9809, 43.5384
6.29349, 149.953, -185.183
3.72113, 172.285, -465.698
5.80589, 180.414, -189.391
4.21574, 933.574, 285.179
7.27146, 256.231, -78.0227
2.60828, 2269.36, -2676
4.54979, 465.757, -51.7713
2.55789, -3004.19, 3015.81
3.04964, 301.518, 965.06
5.28259, 667.481, -881.692
4.45466, 104.727, 99.894
7.20539, 153.559, -149.282
2.55572, 391.493, -81.017
6.22897, 604.065, -1519.35
3.84293, 397.37, 203.041
4.27153, 122.939, -543.712
3.45835, 4761.71, -4868.27
5.14832, 628.419, 467.66
4.39478, -743.784, -4142.23
3.16407, 54.9317, 86.9883
4.26563, 412.618, 313.761
4.2497, -4004.21, 2068.91
7.41084, -2063.93, -1433.79
5.25961, -452.877, -92.5732
4.99918, -1859.25, -503.97
3.58531, 1347.79, -2008.34
4.37311, -388.286, -423.172
6.78251, 2495.02, 2216.07
6.45578, -2330.7, 4705.75
3.9204, 2346.12, -2881.99
5.07645, 750.587, 28.8271
6.79238, 216.623, 100.841
7.07844, 206.806, -25.9973
7.48941, -1677.7, -1474.3
6.53177, -73.0808, 294.593
5.22718, 513.32, 264.107
7.3461, 289.308, 614.554
5.31931, 1192.83, 74.7576
4.03031, 199.541, -987.979
5.41853, 135.224, -119.422
2.91197, 11.7818, 187.673
5.47382, 108.299, 12.95
3.31968, 2197.37, 4160.19
6.46527, -215.207, -570.933
2.95373, -623.442, 1316.11
6.3072, 195.165, 34.0608
6.83996, 193.329, -89.7791
6.40105, -44.9055, -94.7544
6.61399, -1775.38, -329.139
6.70974, 185.395, 14.1531
4.48328, 35.2696, -179.557
6.508, 158.347, 32.6406
6.56811, 195.272, 30.7247
5.43493, 615.642, 1295.9
4.64621, 249.67, -281.288
2.5002, -664.312, 354.157
5.31153, -6.64413, -1.68747
6.22632, 274.754, -102.195
3.89846, 2745.21, 1589.11
2.93406, -611.907, -3815.58
3.5733, 380.662, 421.453
3.93296, -214.282, 1.32861
4.86595, -511.932, -108.298
6.95893, -1615.31, -1420.12
5.91955, 371.475, -98.6108
3.54376, 244.8, 105.978
6.67533, 147.194, -194.688
7.09218, 459.276, 452.72
4.48244, -159.194, 355.198
6.37858, 1578, 331.963
5.68161, -221.616, 151.584
6.64746, 416.473, -68.0449
3.40204, 660.747, 250.508
7.45927, 194.919, 18.7513
6.70558, -82.915, -56.8243
4.65177, 675.921, -235.198
4.38589, 69.7741, 38.2491
2.70802, 70.6546, 163.165
6.80715, -525.98, -795.567
6.62116, -3458.56, 2212.4
6.25052, 1407.27, 1257.29
3.55801, 483.473, -514.98
4.31029, 229.187, 175.416
4.43545, -50.2854, -4.89608
7.32918, -2648.05, -1684.24
6.5872, 327.308, 33.597
4.5755, 595.47, -127.67
5.83759, -17.8737, 687.275
2.52101, -3369.98, 3411.55
6.98048, 19.2175, -24.9667
3.68416, -176.912, 130.424
3.79415, -454.186, -98.2296
5.4939, -105.319, -26.4474
6.89823, -569.233, -2.83465
6.16299, 172.105, 127.475
6.0773, -77.3235, 53.5792
3.57724, 4869.96, -219.704
6.30413, -3379.66, 2650.05
3.85351, 435.158, 210.094
2.75246, 183.305, -225.928
4.78866, -1364.33, 527.398
2.58759, 354.905, -320.576
3.01129, 4826.16, -3114.6
2.639, 1744.74, -991.328
5.65921, -27.1111, 66.3719
6.34425, 144.517, 51.5482
2.74132, 393.651, 147.397
6.6924, 528.873, 899.832
6.76899, 272.772, -90.4112
6.57649, -184.13, 466.571
6.85188, 261.991, -3514.81
5.27222, -68.5041, -174.846
6.12646, 3.94837, 1090.12
3.20424, -3675.48, 3001.52
6.6115, 177.963, -161.193
5.51185, -2155.75, -2524.71
4.93856, -8.96371, 158.198
6.14942, -382.597, -300.564
4.05164, -1655.64, 948.867
3.93925, -83.8037, 411.824
5.45857, 1864.47, -2294.1
5.34055, -2506.78, 1360.96
5.41059, 2308.01, 1739.75
2.84132, -167.37, 362.458
4.34304, -1612.83, -188.69
6.28475, 225.308, 286.565
6.35297, 727, 2482.94
4.27217, 74.8863, 660.887
5.98913, 13.5807, -188.08
5.08005, 1711.61, 1022.35
5.94494, 105.342, -289.594
6.18066, -1606.06, -1131.63
2.56231, -2231.55, -1626.4
7.16549, 18.5959, 91.0875
5.37826, 533.472, 313.952
3.05587, 370.182, 714.041
4.87388, 219.902, -71.2277
3.24247, 1556.55, -328.139
4.22594, -6894.18, -1555.41
7.04476, 162.485, 34.8184
4.54571, 2381.35, -1016.92
5.96642, 157.374, 125.208
3.35865, 338.301, -157.232
6.21715, -3739.24, 1335.54
4.16319, 266.494, -239.022
4.62157, 211.024, 61.7656
2.79523, 137.483, 768.929
5.09005, 176.688, -16.1021
5.94425, -152.1, 356.018
5.01149, 298.687, 190.045
6.56617, 229.442, -121.599
3.07974, 240.002, 128.133
5.24841, 1148.15, -10.4311
5.06046, -28.0074, 118.418
6.02649, -1613.95, -1475.54
5.65083, 231.491, -68.3733
4.0207, 702.6, 425.932
6.74719, 229.594, -79.1958
3.39619, 1181.01, -1953.21
2.61737, 129.067, -202.33
4.19467, 468.499, -4.03635
3.43818, -1711.08, -1258.59
6.60467, 147.613, 95.5136
6.72507, 101.065, 2595.06
6.78031, -2583.63, 1458.25
7.37454, 390.446, -506.743
2.99587, 384.118, 577.395
2.56182, -3085.85, -2374.53
2.58614, 325.387, 398.517
2.64527, -174.778, 451.839
4.1031, -1592.13, -1579.46
6.17815, -2579.29, 1512.8
3.14876, -195.416, -243.376
2.5161, -2062.55, -368.922
6.91905, 474.441, 105.613
3.70482, 127.925, -140.721
4.38481, 461.969, 758.54
4.44879, 271.894, 355.694
2.81534, 2901.04, 1108.94
7.30792, 47.4874, -41.0257
3.75349, 240.907, 139.179
6.85376, 320.352, 221.33
2.85991, 2348.67, -3217.59
2.70653, 2949.94, -1993.9
3.46378, -170.233, -132.033
3.86708, -1590.13, -1817.25
7.4007, 191.902, 50.5553
3.60607, 936.634, -4022.95
6.43119, 1356.01, -2098.26
4.42306, -11.3524, 960.967
3.78593, -2361.22, 2655.03
3.91087, 612.106, 105.22
7.33834, 348.451, -144.337
4.22841, -113.474, -340.434
3.45922, -379.8, -382.503
5.05037, 155.783, -48.3493
5.21857, 925.018, -3604.69
5.72333, 735.294, 194.346
3.89738, -191.918, 163.918
3.41887, 601.478, -140.822
2.71579, 1877.1, -2215.5
3.98408, 535.19, 274.26
4.25548, 1222.35, -649.462
7.09372, 346.025, -52.7681
5.81225, 48.3291, -188.688
5.08041, -1575.12, -1423.57
4.03763, 178.236, -36.6453
3.0007, 1607.08, 1707.84
3.47502, 113.819, -256.769
4.11407, 2488.28, 2625
5.56182, 725.863, 251.582
5.13511, 1995.95, -948.93
3.45653, -317.989, 947.997
4.7178, 4342.64, 2520.63
4.48693, 5000.46, -974.901
6.28051, 87.707, 71.4737
6.6213, -31.3339, 189.384
5.51573, 170.609, -666.09
3.04573, 47.3396, -30.2011
4.11797, 2081.47, -520.916
5.03403, 240.109, -58.8453
4.76521, 80.5474, 623.593
4.77315, -93.4961, -109.425
4.91125, 478.024, -56.7999
5.07896, -3543.39, 629.462
4.50207, -1802.32, -1017.72
4.22945, -340.87, -489.198
6.64533, 166.893, 561.04
3.02204, 2027.27, -1110.01
6.40057, 60.927, -3.21149
3.19919, 726.614, -136.779
2.62171, 3008.68, 3448.99
6.0664, -204.001, 1136.05
7.15538, 135.328, -131.109
7.47667, 126.938, -129.796
3.86264, 270.344, 168.606
3.6923, -1656.17, 435.75
3.87328, -316.536, -2523.75
5.70836, 273.856, 173.251
5.17637, -6.99635, -52.9529
6.8967, -2239.1, 3869.68
6.75968, 211.797, -41.2604
2.98004, 270.506, -81.6333
4.66818, 201.179, -223.627
3.17045, -511.384, 158.268
5.86802, 168.942, -84.4482
5.34964, -207.606, -626.095
3.66474, 95.1246, -1184.79
5.50306, -66.1667, -8.34851
2.6551, 175.91, 230.363
7.08512, 97.64, -8.20579
3.82958, 180.545, -137.72
6.50016, 273.798, 36.8931
5.46389, 43.7895, -79.509
5.0822, -169.067, -71.0413
5.2567, 1310.48, -680.065
3.47225, 350.258, -245.015
5.36152, -2359.36, -172.315
3.81992, -508.159, 5100.51
4.41648, 2106.24, -4427.01
2.73626, -402.814, -495.639
4.22823, 229.744, -154.876
3.61594, -2391.26, 5607.42
3.81264, 80.678, -52.3692
3.05141, 78.5316, -91.7286
7.40088, 149.767, -209.017
5.93794, -74.5041, 50.64
5.82158, -250.53, -62.9481
5.99501, 164.411, 240.659
2.68746, 192.786, 24.04
3.6706, 259.711, -9.14032
3.95397, -4253.04, -6405.8
3.50543, 180.955, 267.953
2.7177, -2083.28, 3049.74
2.56571, 475.315, -111.277
6.07297, 4638.46, -1490.41
6.88348, -329.924, -352.221
5.35088, 1422.85, -2706.56
6.92743, -2342.35, -2635.28
5.20042, -1061.15, -40.4032
3.31357, -1535.51, 333.439
3.30492, -2222.74, -1752.51
7.19182, 175.511, -55.0377
3.45628, 59.6064, -406.678
3.15761, -2440.2, -147.116
4.41122, -121.811, 338.75
6.12674, -568.15, 2349.04
2.50651, -5049.46, -417.349
4.60222, 3596.26, -2059.16
5.18984, 154.638, -46.6401
4.86596, -725.896, -545.716
6.33003, 460.45, -670.67
2.9396, -719.948, -389.236
7.04284, 139.289, -283.359
3.20818, -509.055, 279.531
2.54782, 99.3337, 479.274
2.82267, 300.511, -309.433
4.96742, 236.84, -127.427
5.40914, 200.827, 73.9699
4.03373, 2937.19, -5178.63
4.57091, 395.472, 283.501
4.33401, 1091.73, 1345.55
3.42687, 308.762, -2131.17
2.76788, -2093.42, -2068.98
4.47222, 63.9167, -167.559
3.98388, -611.346, -849.758
5.05388, -394.562, -55.8912
3.75392, 1800.46, -2995.49
5.01589, -778.462, 1469.7
2.51168, 931.525, -610.331
7.01807, -4257.67, 1978.98
2.79181, 2704.1, 2678.76
5.17506, 70.6812, 2552.15
3.95754, 2210.53, -1018.05
7.3023, 278.029, -52.117
4.73406, -2657.06, -1101.82
5.08479, -162.928, -197.248
5.93861, -90.3656, 168.744
2.72187, -38.3814, 601.355
7.2946, 2943.7, -2173.73
5.70852, 430.998, -11.1944
2.80215, 242.946, 43.8346
3.33964, -71.9305, -82.945
5.76491, 354.463, -146.898
6.19864, -232.234, 2045.61
3.57011, -444.439, -243.068
4.31441, 511.903, -1729.68
6.56981, -98.661, 240.758
5.32057, 254.851, -83.4729
7.45886, 148.752, 39.6105
6.5669, 114.184, -331.836
3.49157, 2602.1, -3366.21
2.50003, 184.451, 84.126
4.62608, -2619.56, 3154.08
4.07406, 1629.71, 1014.89
5.56218, -2849.04, 422.132
3.83351, 237.717, -168.658
4.39881, 1131.88, 595.837
5.43397, 159.204, -161.089
5.95636, -1281.39, -306.831
7.26736, -16.4516, -104.367
4.89785, -173.387, 926.399
3.60319, 266.088, -418.183
5.33741, 847.208, 563.8
6.09873, 263.128, 117.971
4.4953, 1778.28, -60.4505
3.48326, 71.0138, -90.2697
6.66971, 99.8606, -261.868
5.59561, 88.146, -824.365
7.26866, 118.648, -156.282
3.23222, -113.39, -167.957
5.38953, 450.047, -85.4738
7.26796, 244.742, -33.07
3.62331, -4134.11, 1983.02
7.25137, 36.4725, -179.766
3.07874, 1192.63, -554.642
2.58372, 545.237, 342.571
3.90465, -258.187, 552.907
7.15042, -113.237, 38.6795
3.04796, -969.488, -454.913
6.77266, -210.897, -373.408
5.68532, 367.916, 299.758
5.63853, 145.188, -78.8309
3.80589, -601.16, 1354.32
5.13936, -404.33, 165.794
7.16608, 1264.69, 615.745
3.98055, -1094.45, 197.974
4.78006, 113.162, 105.156
6.35659, -764.447, 3574.46
4.17193, -1487.92, -2707.06
6.31775, -73.2291, -31.1435
6.65892, -1799.29, 1928.15
2.64618, 1997.58, -1224.17
4.31315, -318.021, -306.252
4.16221, 67.7467, 39.3679
3.17675, 1504.47, 1356.73
3.00839, 1015.49, -3109.75
5.11327, 462.639, 92.1397
3.52046, -65.0863, 148.81
5.00728, 245.842, 533.62
5.1371, -3761.51, 2452.22
4.13422, 194.947, -46.9204
4.75888, -147.913, 723.878
6.85263, 711.649, -239.474
4.72884, 236.521, -37.6822
6.03726, 74.2553, -190.245
6.83171, -1631.22, 320.929
6.5822, 680.815, -538.806
2.67504, -2940.19, -1147.9
3.8644, -657.997, 1849.8
5.21858, -1083.34, 717.668
3.19942, 2825.48, -501.006
5.57408, 202.145, 73.3438
3.29182, -147.771, 119.736
4.41129, 372.788, -353.956
5.94997, 96.6061, -167.02
3.21128, 3114.96, -25.6466
5.65284, -258.826, 72.8403
3.15973, -2551.84, -1415.28
7.13583, 410.148, 308.443
5.53465, 4028.68, -6160.95
5.50388, 59.3302, -28.6025
3.33635, -86.037, 152.942
3.301, -1012.47, 1666.95
5.91628, 105.308, -145.119
5.1456, 273.829, -363.277
3.65264, -1694.98, 957.736
6.55373, 235.5, -161.263
5.76477, 177.631, 87.8365
4.08597, 231.976, 509.939
2.53953, 183.581, 556.154
3.49176, -69.9547, -279.94
3.78831, 225.804, -281.732
3.03825, -12.6737, 116.733
3.49545, 410.311, -179.955
6.75079, -4368.97, 2329.7
6.63912, -69.3127, -34.0969
6.76813, 164.358, -42.8392
5.71027, 116.153, -153.134
3.6787, -2255.91, 2343.48
6.80638, 272.073, -214.074
5.4745, 13.685, -373.633
2.52745, -1628.35, -1210.12
6.84925, -418.019, -888.297
7.37729, 222.611, 3.76718
5.59653, -1619.49, -1423.49
3.85574, 669.635, 163.08
7.46973, 189.47, 23.0041
4.60751, -1172.37, -351.668
4.20537, -518.471, 16.4954
4.80717, 138.622, 47.9389
4.44822, -875.263, -2413.28
4.613, -3713.04, -725.87
2.84879, 376.325, -402.093
5.5153, 140.204, -95.132
7.36114, 562.466, 3.95759
5.07406, 104.204, -181.597
7.45461, 134.038, 78.3836
5.84906, -1949.53, -4624.3
4.01716, 308.422, 319.755
3.47371, -75.7302, 50.6804
4.0109, 175.629, -169.639
4.93946, 303.959, -94.7333
4.72438, -172.042, -5.75529
5.7844, -476.434, 72.3575
3.74227, 4514.84, 2592.67
4.72007, -1180.68, -997.651
5.75894, 83.8985, 164.848
6.67472, 53.7261, 36.189
6.03698, 184.295, -62.9689
4.93928, 268.873, 79.0928
6.72039, -175.536, -271.033
7.00296, 636.98, -611.361
6.33082, -202.965, 160.569
5.29453, 293.529, 51.2025
2.70603, -584.501, 4.74667
5.46749, 729.67, 38.8797
2.68674, 80.4312, -3126.53
4.53488, -105.324, 301.921
2.84243, 668.597, 169.161
7.38558, 284.13, 247.413
2.5956, 1655.73, 2488.01
6.60363, 85.9756, 82.4041
5.2195, 3052.04, -2493.03
5.72828, 677.946, -193.922
3.62934, -489.854, -162.079
2.733, 419.208, 2487.78
3.63154, 195.202, 629.936
4.58371, 66.7523, -2127.35
6.40126, 423.012, 9.60416
3.72852, 1226.47, -1945.31
4.81411, 470.542, 60.9202
6.14756, -426.353, 42.5441
5.35237, 4197.26, -570.861
5.45997, -186.55, -470.55
4.98425, -636.127, -276.975
3.951, 185.158, -192.605
4.71107, 120.802, 493.474
2.53669, -2333.86, 5137.97
7.41683, 173.583, 124.471
2.52822, -67.9748, -107.743
4.8676, 1719.95, 666.612
5.86497, 2848.9, 4841.79
