6.27803, -3190.58, 1874.53
3.5948, -35.253, 1286.81
5.89648, 39.7402, -61.0574
5.09708, 337.051, 169.794
2.76731, 6068.94, -6199.28
2.53849, -2145.89, 2462.97
4.58743, 8487.93, 5031.24
7.15218, 153.48, 70.2076
2.95982, 108.057, -82.5054
6.00595, 5.52937, -253.898
3.81226, 529.218, 25.5441
4.14117, 80.815, 39.3798
7.45519, 806.417, -664.266
7.41275, 133.603, -121.678
5.75759, -394.455, -285.252
6.92354, 90.735, -7.72196
6.33247, 330.897, -119.565
3.87453, -2410.86, -861.401
4.93259, -1398.38, -1059.67
2.80282, -7695.34, 1929.07
5.08146, -8.81421, -22.4438
4.96988, -5388.8, 1998.6
7.23882, 526.969, 108.415
4.42071, 169.515, -89.9163
5.14874, -4082.18, 1073.33
2.75042, -318.342, 5400.24
6.63909, 10.7109, -127.386
5.94228, 713.115, -134.947
6.18112, 772.227, 33.0864
6.94286, -4012.02, -3506.15
4.25508, -385.289, 403.24
6.72991, 254.452, 314.047
3.84659, 791.357, -211.015
4.83959, -274.524, 691.752
3.2686, 346.954, 121.646
2.66527, 736.166, -458.236
7.2768, -1409.02, -1000.29
6.95369, 329.818, -212.481
3.29884, -433.669, 440.517
3.15214, 1615.89, -850.054
2.515, 3223.56, -569.343
6.0491, -53.9586, -145.534
3.40448, 719.611, 126.583
5.76029, -943.319, 302.264
4.42907, -176.458, 109.297
3.23766, 1359.28, 1479.58
5.45054, 836.92, 395.721
3.24076, 2948.92, -1395.96
3.2091, -2423.2, -1400.45
4.94257, -379.63, -184.704
3.13015, 200.287, -695.194
5.64635, 1027.98, 167.932
5.60817, 258.156, 35.1028
4.88216, 3686.92, -5086.43
2.64188, -423.618, -188.506
3.21011, 4438.81, -655.777
3.15594, 301.405, 57.2221
3.31099, 1595.56, -2392.36
3.76529, -429.697, 200.678
4.77654, -5116.49, 2497.13
6.54472, -82.148, -940.202
3.57624, 176.207, 51.7699
3.75063, 106.886, -86.4368
5.02978, -1118.53, -2023.02
6.27922, 95.9724, 26.9045
5.66369, -1758.46, -3582.22
5.9449, -2311.39, -1710.82
7.27207, 296.727, -544.066
5.18713, 5301.39, -2687.53
4.57014, 117.032, -2235.28
4.70019, -415.736, -560.882
6.07821, -1874.23, -1843.58
6.20858, -2714.92, -2047.4
5.12494, -3482.25, 2798.2
6.06711, 143.812, -145.634
5.91025, 264.107, -45.6634
6.82941, 2117.48, -1700.22
3.19597, 524.116, 1751.82
3.57766, 91.7586, 102.768
5.0733, 1245.97, 2217.75
4.83766, 194.446, 47.2664
3.55759, 3947.06, -4011.7
5.65244, -266.565, 449.332
2.5044, 3118.15, -4487.2
4.09589, -794.103, -2822.11
5.90281, 179.311, -48.795
6.0446, 252.723, -200.902
2.90869, 388.567, 148.089
3.56926, -405.151, -470.576
4.44412, -16.4787, -248.143
4.44927, -4031.5, -1369.92
3.92018, 20.9886, 656.156
4.6123, 214.284, -134.152
2.55658, -2208.51, -128.923
3.72027, -5536.17, 2912.05
4.49072, -2124.69, -3646.45
6.64177, 589.693, 176.977
3.78584, 554.394, -384.422
3.59705, -1255.33, 531.37
6.47385, 165.867, -60.049
5.8476, 1234.98, -386.335
5.49108, 354.163, 773.172
5.99917, 2667.82, 1742.89
5.13062, 165.818, -201.459
4.14833, 271.425, 88.5215
3.30844, 6070.64, 1057.52
6.56633, 219.428, -113.2
4.08004, 107.654, -653.187
4.05369, 727.639, 326.828
4.65424, 159.5, -65.5023
4.46509, 570.476, 112.846
4.43916, 450.17, -351.592
4.34871, 187.143, 98.6391
5.88118, 215.84, -34.6791
6.10384, 197.742, -431.21
7.20082, -2382.13, 943.09
5.08573, -74.6724, 98.6906
5.5282, -429.595, -229.262
5.85049, 1597.35, -2398.79
5.11404, 403.484, 19.6848
3.87105, 532.317, 76.0085
7.08924, 96.7579, -50.6637
3.73367, 571.295, -106.419
4.77876, 570.329, -115.599
3.30374, 391.073, -82.4511
4.68319, -4.9029, -256.424
7.45767, 800.756, -262.583
6.26931, 3943.99, -3860.09
4.97846, 77.6028, -825.32
7.01651, 301.395, 17.4805
4.68213, -457.065, 229.616
5.09239, 2172.05, -1709.87
4.44866, -1856.84, -3004.62
5.63431, 184.886, -18.3429
5.19331, 250.757, -30.4324
4.35955, 80.6954, 1126.2
2.54674, -236.92, -726.713
6.3794, 164.743, -134.765
2.85317, -537.015, -643.317
3.98511, 250.521, 16.5574
4.78581, 180.696, 1452.5
3.25156, 653.013, 203.299
5.97819, 144.108, -514.865
4.15587, -525.787, -613.996
5.21197, -3399.99, 6030.63
2.64678, -3358.06, -2132.23
5.38086, 72.846, 123.459
5.18133, 94.4202, 123.795
7.36678, 686.667, 140.605
5.57063, 174.197, -54.2612
5.26431, 2641.72, -4546.18
6.69051, 1261.2, -144.778
3.75764, 399.623, -1131.55
6.98957, 275.326, -56.2708
5.97428, 340.229, 229.158
5.82752, -443.097, 2362.81
3.06838, 476.853, -693.107
3.37987, -1602.59, -760.862
2.91253, -1696.3, 2759.4
6.68103, 391.979, 70.3933
2.64818, 567.841, 3663.63
6.34719, 312.334, -4.94294
4.29829, 234.725, -3562.23
6.24626, -820.943, -298.31
6.28385, 329.142, -21.4019
3.60834, 2476.74, -1346.92
5.58305, -319.058, 232.556
3.66846, 589.955, 254.162
6.22052, -23.9739, -3524.32
5.80997, -323.893, -855.645
4.9209, -3337.95, 6010.06
2.58972, 821.282, 384.55
4.98291, 48.7162, 289.745
5.09587, 204.861, -19.9295
4.71395, 703.599, 3279.16
4.14528, -2389.94, 1451.61
3.52671, 245.514, -135.65
7.19863, -2.64244, 1204.3
2.85168, 1150.74, 2969.94
3.30042, 457.098, -1153.02
6.70788, 256.659, -49.9666
4.13614, 95.2765, -160.454
6.85942, 295.203, -62.1748
5.99896, 312.033, -48.6396
5.52801, 539.31, -185.818
4.77536, 677.679, -352.225
2.91543, -46.5396, 961.562
3.94883, -3364.38, -890.715
6.51009, 118.182, 16.5472
6.81821, 187.44, -1130.55
3.81831, -4627.79, 363.571
4.79881, 671.159, 135.881
4.95672, 216.537, 55.0858
5.82344, 1554.62, -2420.78
7.31738, 242.05, 89.855
7.23022, 31.0349, -70.5393
2.81902, 1640.82, 5.47231
5.04829, -785.857, -606.807
6.13222, 197.552, -76.5732
5.65882, 140.409, -27.0136
3.26658, -276.507, -424.192
5.09652, 702.269, 3275.73
3.52281, 5834.78, -1847.84
6.03231, 261.229, -63.7165
6.05786, -1227.38, 6216.82
3.66304, 145.209, 408.809
6.80594, -73.7947, -164.572
2.67122, -38.8703, 283.318
6.26587, 808.699, -106.246
4.14789, 339.669, 671.613
4.65309, 5260.22, -1349.62
7.33455, 182.503, -70.9889
4.05803, -1761.92, -1739.36
5.69762, -6075.79, -63.3363
5.95386, 232.469, -100.99
5.36403, -463.162, 403.906
6.60667, -3411.86, 6033.52
4.21807, -3694.69, 1440.84
5.09387, -258.673, -76.3814
6.78438, 150.79, 848.292
6.18587, 180.415, 887.627
3.45992, 1396.71, -663.182
2.83145, 148.026, 68.3811
3.60828, -4358.99, 2745.75
3.33656, 181.154, -166.654
6.31172, 227.848, 89.6303
5.44905, 1636.51, -2169.45
4.65223, -6361.07, -456.724
7.09618, 1678.98, -45.947
5.09668, -954.323, -1492.38
7.38058, -615.085, 83.1597
5.15714, -14.4636, -136.301
2.98716, -1155.19, 724.742
5.83983, -666.284, -639.359
5.44444, -597.355, 2799.42
5.01137, 242.357, 108.391
2.75808, 494.925, 1403.02
2.6753, -211.869, 409.347
4.41484, 223.835, 545.988
5.55555, -2702.73, -3024.01
5.06574, -6360.72, -459.685
5.98498, 38.8347, -181.848
4.89891, 193.585, -306.655
3.88323, -6509.25, 45.3593
6.01685, -291.919, 3025.58
3.67701, 291.301, -290.478
6.41501, 157.471, -64.477
6.60589, 715.555, 474.904
3.21842, 4045.63, 3504.09
5.75757, -431.091, -283.967
3.87677, -1267.3, -1768.81
7.26215, 2969.07, -1190.62
4.58238, 484.383, 363.527
3.03869, 350.989, -172.664
4.70633, 290.667, -180.125
6.28811, 107.05, -663.183
2.77803, -110.981, -23.7607
3.51241, 176.388, -2.90861
6.82305, 136.508, -144.382
6.52456, 583.844, 103.878
2.78861, 638, 1990.38
4.40304, 297.006, -57.8138
4.56124, 125.97, -152.029
2.80071, -1117.8, -443.88
7.09746, -1176.89, -1046.2
3.35398, 144.004, 47.6189
6.51634, 149.707, -552.423
3.88599, 2575.99, -714.568
4.44586, 212.833, 17.102
7.19936, -2028.42, 1071.43
6.24573, 102.236, 3096.91
3.44774, 4373.07, -4465.1
6.89581, 182.869, 126.387
6.8953, 404.936, -62.9169
3.30515, 176.6, -1630.95
5.87346, 500.384, 342.017
6.89096, 255.702, -74.2969
6.98262, -759.005, 4034.02
3.06535, 4.84647, -75.0669
5.93789, -1715.81, -1348.47
3.21651, 252.472, -664.714
3.6901, -847.721, 263.241
5.64383, 3140.66, -2146.99
4.312, 253.486, -221.899
4.64437, -1979.6, -1825.49
4.91936, 1696.31, -1975.56
6.20379, 63.2725, 1705.01
3.23098, 453.874, -215.321
7.36238, 300.584, -39.3317
7.3158, 133.408, -22.6573
3.14741, 2788.76, -1744.04
5.3784, 336.476, 185.138
4.66439, 108.673, -673.38
5.50066, 336.991, 177.402
5.85098, 190.787, 403.928
4.5137, -3290.05, -1122.25
6.46691, -1886.08, -1666.43
4.89889, -3850.93, 1918.03
5.72449, -142.322, 424.717
4.28836, 6096.89, -958.283
5.96794, 81.3945, -877.2
5.83428, 957.765, 472.318
3.22071, 201.831, 128.757
7.10415, 162.35, 134.142
4.22228, 1209.79, 4172.44
6.66824, 66.3067, -192.352
2.74349, 140.652, -979.547
3.27936, 1424.74, -2308.52
2.55765, 440.517, -342.655
3.94327, 144.456, 90.4948
5.07295, 98.1265, 20.8148
3.65948, 1180.65, -3761.59
2.75022, 674.574, -267.92
5.33091, 553.908, 145.139
6.69774, 660.943, -96.9753
4.28763, 387.557, 143.139
4.3452, 162.448, -1000.52
7.22226, 133.621, -25.3801
4.72425, -1437.27, 42.1729
6.82086, 194.727, -100.994
5.82654, 260.049, 299.415
5.79297, 186.634, 189.475
7.10736, 2817.16, -2053.75
5.11536, -3478.73, 2801.21
5.45229, -31.102, 869.767
5.79944, -238.655, -2863.97
4.24765, -1696.54, 1133.14
4.11714, 417.647, 453.871
7.08984, 228.425, 764.221
3.08619, -5130.9, 1970.66
7.31268, -410.259, 278.367
5.17978, 352.669, -290.927
5.81447, 1737.94, 947.185
5.48362, -5341.99, 2550.87
6.93363, 16.0644, -1183.03
6.67999, -4.20359, -40.8467
6.69339, 263.986, -52.9176
6.85642, -237.678, -242.761
2.5002, -394.596, 2420.63
4.77274, -1040, -3152.65
4.25696, 1689.98, 121.063
5.80713, 5346.85, -4101.89
6.22234, -24.9917, 306.032
3.3821, -1047.82, -4614.83
7.4621, -1306.36, 1528.9
5.95466, 339.544, 20.0804
6.97862, -416.399, -6.07497
3.51579, -1352.48, -486.442
7.2356, 781.314, 407.76
4.88476, -4904.97, 2655.71
6.78578, -4361.97, 2747.43
6.41237, -147.672, -91.0539
5.70687, -3356.64, 3263.91
3.14521, 536.881, 12.3046
5.77944, 121.084, -508.374
3.09199, 320.026, -82.8955
3.88793, 2855.02, 776.424
6.65548, 119.137, 2657.05
6.14153, 4110.79, 5289.44
6.74348, 4585.49, -3429.01
3.43989, -550.033, 241.53
6.09602, 182.319, 2.92323
4.25586, -27.2801, -677.373
3.34555, 306.466, 276.588
4.52383, -4913.65, 570.261
4.20924, 135.449, -33.8271
6.67141, -192.974, 233.083
3.9111, -3777.86, -6124.72
5.16766, 3878.38, 2243.8
6.25085, 1150.68, -2052.63
4.62554, 548.4, 269.968
4.66964, 994.315, 118.09
3.03022, -3644.03, -2610.42
6.4639, 154.977, -51.905
3.91232, 391.34, -127.482
7.14264, 4070.53, 6266.2
5.37926, 377.907, 127.181
3.4895, -391.918, -114.221
5.99081, 112.314, -89.155
3.07265, 624.789, 75.2254
4.22945, -25.8459, -660.62
4.15646, 69.735, -112.633
6.42735, -5320.65, 2546.69
6.65775, -70.8668, -156.284
4.21712, -26.7836, 3.13574
4.2603, -744.979, -91.577
6.38197, 80.207, 60.4182
6.58658, 380.928, -449.26
4.26157, -106.317, -526.145
7.09559, 234.175, -107.105
3.2877, 431.208, -21.8564
5.56029, -45.7737, 57.2623
5.54222, 191.211, -125.198
3.16647, 3014.97, 3108.68
3.51409, 3850.5, 5256.08
4.79457, -31.3792, -171.614
3.48759, -408.529, 1559.2
6.77118, 505.96, 348.562
6.54562, 981.211, 864.205
2.80131, 2597.23, -1757.77
6.50584, 1647.07, -4828.17
5.49597, 290.573, 66.381
7.43182, -79.3725, 8.97096
2.65919, -541.645, 0.318269
6.8356, -3264.43, 3904.03
3.69109, -1779.14, -682.732
3.6127, 1994.34, 824.501
4.73907, 6714.31, 3131.05
2.61231, -49.2283, 72.9209
6.79755, 269.717, 24.3072
4.15902, 479.673, -4067.49
5.72195, 878.622, -426.47
7.43521, 345.793, 28.724
5.30162, 160.028, -62.1043
4.74553, 184.762, -168.767
5.213, 39.5864, -178.263
2.90797, -2223.35, 777.331
3.99606, 1569.47, 2915.22
6.63964, -3697.21, -683.873
6.48936, -4210.52, 1800.18
5.71048, 469.069, -73.2686
4.84105, 278.262, -81.0107
7.15326, 595.276, 1991.12
5.08798, 356.888, -740.695
7.42924, -4367.82, 2743.25
5.94567, -251.531, -291.045
6.19966, 186.859, 295.471
3.46323, 1246.1, 1448.8
6.08881, 2924.93, -1702.49
6.11146, 1001.98, -407.032
6.49298, 256.191, -77.9679
4.23216, -4978.1, 330.414
5.1481, -2012.37, -1092.18
3.19001, 1260.53, -341.501
6.73218, 37.941, -206.432
6.32766, -457.737, -569.735
7.5, -5316.69, 2531.97
4.24891, -7597.05, -2474.1
5.50367, -354.061, -54.5763
3.50808, -465.662, 3358.75
6.2385, -3488.49, 557.9
6.49225, 808.615, -162.469
3.03505, -849.342, -387.304
5.35813, 252.434, 16.9942
2.84683, -4980.97, 1660.75
4.16036, 275.838, 596.612
5.80945, 172.797, -65.0634
5.27726, 419.019, 3824.86
7.12415, 379.859, 502.64
2.69832, 317.322, 2725.81
2.62083, 809.971, 1051.2
4.61923, 287.063, -29.9735
4.36987, -949.649, 358.412
2.93303, 3514.86, 3465.57
3.05403, 52.7546, -161.752
5.31992, -4805.94, 147.782
7.37269, 253.11, -79.166
3.05066, 123.2, -3704.51
5.99352, -2991.93, -3284.53
2.79674, 62.2199, 675.809
4.69755, 521.523, -487.683
5.24651, 1159.23, 543.923
3.45129, -121.686, 238.001
7.36597, 306.845, -199.332
3.19593, 155.962, -91.5364
5.48978, -2996.12, 278.768
7.12812, 334.561, 610.085
3.91116, -1422.3, 321.706
6.8307, 500.376, -464.486
6.29598, 885.248, -1305.56
6.10793, 312.752, -239.634
3.34241, 174.635, 73.6858
3.32882, 1284.23, -2504.09
3.39076, 130.69, -22.3119
5.87226, 196.218, 115.878
4.83484, -242.309, 517.367
6.85219, -14.5376, -51.6699
5.76023, -549.255, 218.132
5.80464, 1718.85, 949.786
2.58037, 42.6894, 310.767
4.30596, 5688, 3216.15
3.72747, 139.624, 765.341
6.93086, 127.363, 302.402
5.23701, -7220.06, 130.666
6.57209, -555.877, -385.868
5.24453, -62.6279, 1.38547
4.16156, 835.847, -349.535
4.40213, -1775.48, -3188.76
2.52389, 1927.18, 385.621
6.95226, 169.195, -73.5492
6.16955, 922.24, 270.267
6.04239, -351.715, 263.632
5.1278, 1926.25, -2740.1
6.41065, 195.887, 354.761
3.42484, 353.901, -162.21
5.72673, 200.335, -158.943
3.42178, 125.787, -93.2433
3.31214, -1098.43, 693.065
2.65594, 1232.91, 1470.74
7.42716, 67.0988, 154.236
4.04559, 453.112, 193.766
4.11075, -322.521, -2.11378
5.51155, 186.517, -76.1297
2.89107, 5493.91, -985.249
3.93936, -469.79, -80.4127
5.79307, -35.0696, 368.489
7.36348, -187.494, -94.4578
7.27758, 3950.09, 1575.57
7.42745, 343.186, -273.282
7.30478, 236.924, 0.333471
3.0073, 926.813, 230.561
3.71505, 452.426, -18.466
6.91151, 781.991, 47.205
5.28805, 292.583, -44.1443
6.7669, 213.95, -64.1555
7.49145, -115.487, -101.104
3.99751, -4643.47, 1884.62
6.33157, -8364.68, -2724.86
4.81901, 893.404, -1047.07
6.8168, 57.5999, -16.6012
6.99018, 47.613, 138.705
7.377, 790.161, 19.0026
2.77405, 585.706, -316.977
6.32605, -85.4374, -474.784
5.09219, 1554.63, -2387.97
3.46574, -607.344, 64.068
6.98252, 67.6061, 65.4375
6.38492, 242.07, -191.046
2.75968, 766.79, -1471.17
7.47331, 1558.7, -2506.7
5.93659, 244.691, 45.0922
5.94854, 1737.37, 955.502
6.57666, 2898, -1384.92
7.05426, -85.7472, 29.3456
3.34218, 2543.4, 4962.04
5.24183, 2808.3, -2113.76
6.53351, 175.692, -31.0354
4.17803, 432.261, -28.8967
5.53435, -123.155, 551.193
6.59602, 1627.79, -2237.27
7.3485, 291.717, 179.623
6.29349, 568.777, 385.916
3.72113, 71.1582, -1082.41
5.80589, 551.023, -49.6013
4.21574, 460.024, -80.4631
7.27146, 278.114, -123.156
2.60828, 2943.58, -3232.34
4.54979, 326.031, -35.4896
2.55789, -4067.28, 3772.58
3.04964, 327.13, 1523.05
5.28259, 408.224, -419.545
4.45466, 96.3582, 17.8484
7.20539, 202.085, -53.6157
2.55572, -260.634, -61.3762
6.22897, 1009.78, -2419.58
3.84293, 76.8837, -82.4052
4.27153, 38.0712, -237.029
3.45835, 6085.23, -6237.33
5.14832, 598.384, 352.217
4.39478, -913.184, -5224.11
3.16407, 152.377, 14.3168
4.26563, 108.097, 146.359
4.2497, -4934.27, 2557.97
7.41084, -2319.78, -1698.53
5.25961, 174.898, 121.888
4.99918, -1977.95, -555.767
3.58531, 1454.55, -2161.12
4.37311, -303.495, -791.354
6.78251, 3188.43, 2864.37
6.45578, -2989.08, 6070.95
3.9204, 2843.76, -3589.15
5.07645, 0.0543199, 174.55
6.79238, 310.454, -41.6283
7.07844, 318.722, 148.869
7.48941, -1861.61, -1605.23
6.53177, 347.582, -228.779
5.22718, 167.294, -514.771
7.3461, 774.417, 423.719
5.31931, 1214.08, 350.278
4.03031, -164.555, -645.239
5.41853, 321.11, 102.167
2.91197, 208.095, -409.422
5.47382, 343.909, 197.317
3.31968, 2772.43, 5382.14
6.46527, 135.046, 93.441
2.95373, -464.546, 1587.62
6.3072, 73.7869, -706.499
6.83996, 113.368, 9.95469
6.40105, 202.019, 46.858
6.61399, -1909.8, -296.587
6.70974, 164.871, -220.149
4.48328, 366.819, 434.77
6.508, 186.831, -127.458
6.56811, 367.316, 148.316
5.43493, 494.595, 1110.12
4.64621, 147.92, 602.831
2.5002, -1145.52, 441.567
5.31153, 254.373, 89.7981
6.22632, -494.879, 589.173
3.89846, 3321.81, 1985.05
2.93406, -810.629, -4699.3
3.5733, 796.857, 975.037
3.93296, 720.457, -75.1647
4.86595, -191.445, -166.351
6.95893, -1885.99, -1611.44
5.91955, -421.642, 290.538
3.54376, -217.865, -191.923
6.67533, 280.232, 1.5669
7.09218, 169.193, -388.648
4.48244, 364.067, 409.693
6.37858, 1728.46, 146.456
5.68161, 629.194, 140.139
6.64746, -179.316, -294.155
3.40204, 1559.48, 436.583
7.45927, 222.913, -47.7462
6.70558, 242.206, 46.3378
4.65177, 483.229, -678.997
4.38589, 141.499, 14.0332
2.70802, 528.474, -522.107
6.80715, -672.442, -1036.31
6.62116, -4306.56, 2593.63
6.25052, 1743.68, 1257.79
3.55801, 218.168, -98.5765
4.31029, -359.867, -322.039
4.43545, -327.191, -282.961
7.32918, -3164.66, -1987.06
6.5872, 577.956, 85.4468
4.5755, 1812.1, -288.242
5.83759, -218.237, 650.694
2.52101, -4192.1, 4384.88
6.98048, 53.3587, -83.3181
3.68416, -299.681, 944.246
3.79415, 285.647, -22.1222
5.4939, 1071.99, 135.097
6.89823, 486.7, -88.1837
6.16299, 216.238, -347.075
6.0773, 700.33, -284.529
3.57724, 6122.45, -273.529
6.30413, -4174.55, 3288.32
3.85351, -83.6017, -414.7
2.75246, 292.925, -73.1688
4.78866, -1795.94, 508.292
2.58759, 157.813, 295.314
3.01129, 6228.69, -3967.48
2.639, 2870.21, -1718.11
5.65921, 211.122, 148.941
6.34425, 151.769, 78.152
2.74132, 559.932, -9.51295
6.6924, 406.175, 716.726
6.76899, 351.431, -106.557
6.57649, -244.984, 738.133
6.85188, 425.312, -4393.46
5.27222, 819.147, -171.673
6.12646, 41.9106, 730.574
3.20424, -4538.47, 3850.95
6.6115, 245.819, 8.02025
5.51185, -2699.01, -3022.13
4.93856, 230.751, -496.999
6.14942, 383.156, 130.138
4.05164, -1779.31, 1145.13
3.93925, 233.674, -448.415
5.45857, 2172.14, -2702.16
5.34055, -3120.78, 1702.66
5.41059, 2650.97, 2134.48
2.84132, -447.64, 374.757
4.34304, -1682.83, -466.282
6.28475, -384.226, 192.69
6.35297, 639.978, 2999.19
4.27217, 310.623, 575.587
5.98913, 462.776, -30.8474
5.08005, 1778.04, 1139.35
5.94494, 679.938, 160.962
6.18066, -1719.38, -1277.5
2.56231, -2784.15, -1752.84
7.16549, 224.128, -24.792
5.37826, -69.4324, -251.175
3.05587, 931.571, 351.775
4.87388, 4.99385, -255.636
3.24247, 1802.9, -859.534
4.22594, -8764.26, -1954.42
7.04476, 189.124, -131.287
4.54571, 2818.3, -1354.32
5.96642, 58.9309, -53.5718
3.35865, 169.55, 107.908
6.21715, -4767.63, 1664.07
4.16319, 97.0233, 159.364
4.62157, 16.4497, -48.385
2.79523, 283.527, 338.772
5.09005, 148.682, -105.869
5.94425, 169.53, 146.129
5.01149, 136.77, -60.232
6.56617, 251.977, -11.4921
3.07974, 77.8392, -516.599
5.24841, 987.256, -352
5.06046, 621.316, 109.575
6.02649, -1848.85, -1662.6
5.65083, 204.191, -53.8996
4.0207, 348.107, -179.429
6.74719, 240.027, -126.341
3.39619, 1571.96, -2265.02
2.61737, 289.002, 779.338
4.19467, -177.19, -139.283
3.43818, -1907.78, -1501.78
6.60467, 32.4572, -188.805
6.72507, 128.478, 3056.71
6.78031, -3116.76, 1699.04
7.37454, 177.298, -39.3184
2.99587, 54.482, 641.965
2.56182, -3940.88, -2955.05
2.58614, 631.845, 715.383
2.64527, -334.276, -122.025
4.1031, -1784.87, -1650.77
6.17815, -3173.96, 1895.11
3.14876, 726.574, 162.784
2.5161, -2913.78, -582.566
6.91905, -626.625, -513.787
3.70482, 322.222, -37.6276
4.38481, 267.978, 1240.21
4.44879, 91.1161, -129.458
2.81534, 3654.52, 1388.63
7.30792, 78.8447, -11.1015
3.75349, 95.4284, 68.3288
6.85376, 257.911, 58.487
2.85991, 3031.04, -4102.73
2.70653, 3940.35, -2462.08
3.46378, -592.471, 241.824
3.86708, -2063.49, -1948.46
7.4007, 292.583, -60.6449
3.60607, 1204.28, -5033.9
6.43119, 1595.15, -2395.04
4.42306, -252.992, 1509.8
3.78593, -2889.08, 3324.31
3.91087, 247.707, 384.214
7.33834, 1121.71, 375.586
4.22841, 316.662, 42.2029
3.45922, -574.882, -756.686
5.05037, 1.15929, 155.084
5.21857, 1127.47, -4498.8
5.72333, 1035.1, -157.607
3.89738, -842.846, 184.318
3.41887, 402.634, -441.826
2.71579, 2211.96, -2569.46
3.98408, 344.462, -149.663
4.25548, 996.404, -600.101
7.09372, 302.96, -149.276
5.81225, 236.671, 546.498
5.08041, -1942.98, -1593.33
4.03763, 102.118, -125.688
3.0007, 1845.69, 1983.88
3.47502, 276.83, 28.0203
4.11407, 3107.37, 3179.19
5.56182, 269.846, 125.732
5.13511, 2797.41, -1312.12
3.45653, -10.1088, 613.948
4.7178, 5453.48, 3198.8
4.48693, 6288.37, -1226.79
6.28051, 2.53066, -521.768
6.6213, 732.061, -314.431
5.51573, -11.3795, 298.657
3.04573, 194.727, -449.12
4.11797, 2364.97, -676.388
5.03403, 168.929, -69.311
4.76521, 221.379, -319.453
4.77315, 703.554, 101.224
4.91125, 45.0006, -40.1478
5.07896, -4329.16, 754.616
4.50207, -2143.76, -983.089
4.22945, -516.331, -395.919
6.64533, 190.533, -303.331
3.02204, 2248.77, -1482.87
6.40057, 54.026, 13.8506
3.19919, 932.513, -541.287
2.62171, 3801.14, 4304.51
6.0664, -94.7269, 1198.54
7.15538, 374.233, -221.435
7.47667, 363.002, 105.57
3.86264, 277.143, -20.135
3.6923, -1888.75, 237.954
3.87328, -428.325, -3041.73
5.70836, -503.323, -593.076
5.17637, 311.612, 51.051
6.8967, -2763.42, 4852.25
6.75968, -241.126, -40.7964
2.98004, -105.462, -511.072
4.66818, 183.798, -148.985
3.17045, -215.148, 303.26
5.86802, 251.781, 15.5266
5.34964, 126.445, -634.49
3.66474, 101.212, -915.317
5.50306, 850.864, 205.281
2.6551, 221.617, 39.7234
7.08512, 148.44, -3.90961
3.82958, 395.65, -689.583
6.50016, 209.358, 70.3047
5.46389, 204.863, 99.7941
5.0822, 705.624, 30.909
5.2567, 2110.09, -1098.07
3.47225, 714.578, -248.682
5.36152, -2893.8, -33.4271
3.81992, -615.762, 6608.81
4.41648, 2714.7, -5612.64
2.73626, -555.399, -381.963
4.22823, 477.793, 121.935
3.61594, -2943.14, 7073.19
3.81264, 47.9417, -255.673
3.05141, -96.4852, 95.5655
7.40088, 333.145, -11.0191
5.93794, 711.683, -308.538
5.82158, 417.179, -172.499
5.99501, 644.937, 318.391
2.68746, 147.416, -24.4282
3.6706, 267.746, 15.0449
3.95397, -5464.99, -8223.72
3.50543, 197.37, -186.494
2.7177, -2583.84, 3868.68
2.56571, -863.721, 127.234
6.07297, 5838.83, -1843.2
6.88348, 459.421, 92.258
5.35088, 1765.35, -3279.93
6.92743, -2957.89, -3384.71
5.20042, -1537.3, -454.918
3.31357, -1702.91, 178.899
3.30492, -2695.79, -2034.82
7.19182, 182.515, 2.48745
3.45628, -25.1467, 415.587
3.15761, -2892.37, -326.573
4.41122, 539.662, -416.478
6.12674, -583.155, 2787.72
2.50651, -6366.68, -456.273
4.60222, 4522.07, -2562.92
5.18984, -624.136, -75.0267
4.86596, -1226.79, -643.384
6.33003, -38.3332, -411.685
2.9396, -899.264, -855.206
7.04284, 50.0177, 305.728
3.20818, -214.227, -382.333
2.54782, 175.35, 628.774
2.82267, 115.724, 555.714
4.96742, 32.8763, 314.084
5.40914, 221.561, -174.88
4.03373, 3743.26, -6548.42
4.57091, 432.159, 234.328
4.33401, 1569.14, 1828.45
3.42687, 417.712, -2351.87
2.76788, -2668.9, -2434.73
4.47222, 393.324, -66.6335
3.98388, -1217.06, -1369.17
5.05388, 264.799, 57.8557
3.75392, 2251, -3649.3
5.01589, -1269.27, 2220.22
2.51168, 371.053, -558.208
7.01807, -5310.87, 2530.46
2.79181, 3264.87, 3378.1
5.17506, 209.383, 3078.92
3.95754, 2649.92, -1103.75
7.3023, 255.605, -50.2378
4.73406, -3181.06, -1227.06
5.08479, 178.138, 11.1159
5.93861, 744.162, -558.097
2.72187, -22.632, 228.728
7.2946, 3635.91, -2639.64
5.70852, 81.0305, -178.192
2.80215, 181.532, 32.8352
3.33964, 578.568, -80.1513
5.76491, 203.794, -246.797
6.19864, -441.447, 2362.84
3.57011, 62.2793, -618.865
4.31441, 743.706, -1874.68
6.56981, -265.802, 458.113
5.32057, 274.363, 0.243927
7.45886, 178.983, -181.546
6.5669, 286.335, 166.263
3.49157, 3286.48, -4180.19
2.50003, 47.8799, 182.491
4.62608, -3278.81, 3917.91
4.07406, 1819.15, 1138.37
5.56218, -3465.89, 572.607
3.83351, 341.735, 99.9726
4.39881, 1508.09, 466.388
5.43397, 145.264, -194.165
5.95636, -1985.5, -19.5341
7.26736, 168.53, -30.0436
4.89785, 50.5232, 914.966
3.60319, 286.968, 582.516
5.33741, 923.954, 692.751
6.09873, -222.849, -192.424
4.4953, 1839.77, 63.4694
3.48326, 216.073, 242.537
6.66971, 367.558, -70.174
5.59561, -43.0559, -342.612
7.26866, -173.599, 188.93
3.23222, -572.965, 361.017
5.38953, -142.139, -90.3753
7.26796, 148.485, -171.539
3.62331, -5386.98, 2623.97
7.25137, 91.5867, -40.6461
3.07874, 1066.6, -470.492
2.58372, 508.664, -22.2429
3.90465, -143.524, 227.874
7.15042, 58.8832, -425.011
3.04796, -600.995, -326.367
6.77266, 391.469, 51.4443
5.68532, 284.061, -156.826
5.63853, 229.596, -126.286
3.80589, -676.231, 1367.83
5.13936, -848.953, 228.496
7.16608, 1982.03, 855.447
3.98055, -1202.28, 80.047
4.78006, 105.669, 41.5059
6.35659, -1040.76, 4483.25
4.17193, -1915.24, -3163.78
6.31775, 549.328, 322.409
6.65892, -2125.61, 2426.39
2.64618, 2357.18, -1499.92
4.31315, -131.787, -957.632
4.16221, 117.715, -35.0729
3.17675, 1882.38, 1924.92
3.00839, 1247.13, -3835.25
5.11327, 71.0665, -64.9952
3.52046, 756.52, -97.5382
5.00728, 56.9389, -322.68
5.1371, -4735.45, 3181.56
4.13422, 182.177, 168.606
4.75888, 197.113, 369.741
6.85263, -177.529, 92.4011
4.72884, 295.68, -192.385
6.03726, 389.621, 126.42
6.83171, -1777.66, 348.6
6.5822, 598.496, -749.149
2.67504, -3679.6, -1432.71
3.8644, -850.818, 2042.16
5.21858, -1411.05, 940.948
3.19942, 4125.4, -657.87
5.57408, 220.538, 33.1389
3.29182, 731.193, -237.957
4.41129, 740.516, 283.51
5.94997, -632.862, -307.081
3.21128, 3760.68, 6.9182
5.65284, 93.0672, -289.805
3.15973, -3172.72, -1556
7.13583, -17.6626, -51.6721
5.53465, 5169.86, -7892.05
5.50388, 522.161, 693.449
3.33635, 934.362, -201.706
3.301, -1492.2, 2063.56
5.91628, 81.6287, 33.0503
5.1456, -98.7411, 500.689
3.65264, -1933.24, 1076.86
6.55373, 412.247, -16.0392
5.76477, 372.711, 166.428
4.08597, -76.2791, 755.08
2.53953, 61.1879, 95.4353
3.49176, 713.455, 67.3371
3.78831, -61.706, 195.56
3.03825, 204.686, -1034.93
3.49545, 106.472, -731.285
6.75079, -5517.01, 2932.97
6.63912, 302.681, 523.897
6.76813, 288.406, -48.2661
5.71027, 210.178, -98.0129
3.6787, -2778.06, 2881.18
6.80638, 175.926, -178.189
5.4745, -83.0602, 58.6139
2.52745, -1713.96, -1293.13
6.84925, -322.621, -852.656
7.37729, 115.34, -59.225
5.59653, -1888.12, -1616.07
3.85574, -39.8389, -278.375
7.46973, 133.093, -90.7616
4.60751, -968.699, -636.108
4.20537, 98.2865, 13.3315
4.80717, 124.979, -32.3272
4.44822, -1033.91, -2848.29
4.613, -4588.03, -864.929
2.84879, 19.2945, 293.851
5.5153, 322.087, 10.4163
7.36114, 184.012, 56.1686
5.07406, 363.803, -74.9878
7.45461, 169.916, -169.24
5.84906, -2507.58, -5848.94
4.01716, 154.398, -96.9122
3.47371, 701.85, -280.735
4.0109, -972.091, -114.844
4.93946, -232.87, -70.2337
4.72438, 719.481, 78.8508
5.7844, -511.047, 176.985
3.74227, 5689, 3216.94
4.72007, -1274.7, -1024.21
5.75894, 68.501, -249.303
6.67472, 227.813, 148.255
6.03698, 96.7526, 804.663
4.93928, 31.184, -884.027
6.72039, 578.07, 73.5721
7.00296, 846.855, -724.905
6.33082, 138.437, -203.1
5.29453, 655.658, 1008.74
2.70603, -728.847, 427.566
5.46749, 50.9444, 66.7118
2.68674, -15.3109, -3773.97
4.53488, -993.53, 1034.05
2.84243, 141.107, -437.164
7.38558, 118.465, -316.426
2.5956, 1859.28, 2994.99
6.60363, 238.94, -101.845
5.2195, 3744.34, -3173.51
5.72828, -0.107848, 114.833
3.62934, -359.806, 134.082
2.733, 610.461, 3125.96
3.63154, 490.11, 43.7352
4.58371, -81.2442, -2536.05
6.40126, -182.003, -161.486
3.72852, 1629.62, -2228.17
4.81411, -122.779, -159.913
6.14756, -1072.16, -469.655
5.35237, 5272.71, -719.828
5.45997, 558.7, 201.085
4.98425, -1013.62, -101.175
3.951, 302.368, 124.039
4.71107, 114.868, 208.229
2.53669, -3014.15, 6641.78
7.41683, 226.01, 41.4592
2.52822, 324.597, 111.631
4.8676, 2024.3, 639.794
5.86497, 3601.89, 6164.16
