6.27803, 87.036, -86.1798
3.5948, -165.702, -155.252
5.89648, -78.0108, -58.3267
5.09708, -25.2463, 29.1316
2.76731, -192.79, 333.59
2.53849, 165.923, 90.0375
4.58743, -291.73, -283.364
7.15218, 99.4141, 3.27678
2.95982, -73.619, 104.348
6.00595, 7.45658, -237.059
3.81226, 108.735, -9.27636
4.14117, -13.4865, 16.4422
7.45519, 168.749, 102.763
7.41275, -41.9657, -220.02
5.75759, 6.18708, -344.457
6.92354, 38.2485, 31.4301
6.33247, 1.50237, -4.11429
3.87453, 130.261, -191.497
4.93259, -48.8978, -228.902
2.80282, 523.806, 176.067
5.08146, 18.1309, -97.8565
4.96988, 374.466, -280.875
7.23882, -1.0403, 40.9437
4.42071, -107.276, -61.5117
5.14874, 442.603, -293.684
2.75042, 191.279, -365.256
6.63909, 31.5504, -112.931
5.94228, 7.00737, 9.54722
6.18112, 5.20722, 51.1913
6.94286, 273.302, 248.366
4.25508, 33.3237, -17.2232
6.72991, -64.4006, -27.2259
3.84659, 6.54059, -43.4495
4.83959, -171.213, -174.475
3.2686, -53.4988, -63.8719
2.66527, 84.9143, 64.2474
7.2768, 204.804, 239.732
6.95369, -45.8805, -133.742
3.29884, 242.572, 37.8941
3.15214, 47.4078, 36.8244
2.515, -578.237, -87.2441
6.0491, 44.0162, -63.2734
3.40448, -457.12, 230.733
5.76029, 2.92946, -53.8185
4.42907, 86.0373, -30.4006
3.23766, -176.897, -189.294
5.45054, 73.1715, -16.8512
3.24076, -206.612, 228.259
3.2091, 104.49, 10.7127
4.94257, -81.4198, -152.037
3.13015, 3.64043, 42.256
5.64635, 10.3542, -24.3444
5.60817, 49.9297, 4.20434
4.88216, -318.353, 233.945
2.64188, -138.903, -187.688
3.21011, -308.27, 204.852
3.15594, 25.6083, 67.8861
3.31099, -253.648, 341.658
3.76529, -149.349, 11.1973
4.77654, 220.173, -267.116
6.54472, -155.967, -165.1
3.57624, -41.4398, 9.65408
3.75063, -34.3448, -200.639
5.02978, 96.8999, -93.4612
6.27922, 7.31795, 91.7215
5.66369, 43.4458, 194.628
5.9449, 233.244, 94.4099
7.27207, 231.984, 135.323
5.18713, -438.023, 282.506
4.57014, -136.998, -179.571
4.70019, -54.888, 128.264
6.07821, 248.872, 234.012
6.20858, 205.428, 161.815
5.12494, 207.812, -229.085
6.06711, -66.9649, -123.435
5.91025, 12.8174, -167.66
6.82941, -44.4675, 18.2417
3.19597, -154.817, 216.796
3.57766, -133.604, 75.7827
5.0733, -84.6379, -162.578
4.83766, 95.2277, -96.8841
3.55759, -196.15, 407.315
5.65244, -174.711, 211.078
2.5044, -298.276, 164.843
4.09589, 199.125, -512.343
5.90281, 52.9634, 28.4534
6.0446, 34.1946, 44.5372
2.90869, -148.66, 274.837
3.56926, 75.3672, -214.451
4.44412, 190.507, -129.385
4.44927, 250.135, 144.296
3.92018, 83.3088, -37.5518
4.6123, 62.4875, -58.8666
2.55658, -185.112, -121.68
3.72027, 342.001, -246.393
4.49072, -156.391, 287.198
6.64177, -244.817, 88.8172
3.78584, 256.566, -219.007
3.59705, -118.232, 99.4009
6.47385, 74.8357, -159.831
5.8476, 180.656, -220.291
5.49108, -114.217, 138.571
5.99917, -269.909, -147.893
5.13062, 41.3829, 19.6539
4.14833, 152.699, 85.8878
3.30844, -648.636, 131.893
6.56633, -38.5822, -6.21495
4.08004, -73.4822, -101.578
4.05369, -105.161, -34.0286
4.65424, 145.057, -82.1108
4.46509, -203.925, -103.682
4.43916, 94.4184, -98.5774
4.34871, -152.123, -199.327
5.88118, 212.329, -48.6829
6.10384, -309.145, -183.484
7.20082, 253.528, 121.874
5.08573, -65.5069, -30.4498
5.5282, -19.2284, -243.225
5.85049, -174.561, 208.852
5.11404, 80.0602, -154.866
3.87105, -241.165, 218.711
7.08924, 74.7311, -212.699
3.73367, 136.762, -197.938
4.77876, 164.974, -284.565
3.30374, -188.391, 230.31
4.68319, 235.199, 313.063
7.45767, -14.8169, -37.241
6.26931, -298.159, 303.02
4.97846, -67.2156, -149.332
7.01651, -40.8235, -142.764
4.68213, 57.2338, -57.5211
5.09239, -270.725, -49.2747
4.44866, 299.17, -74.147
5.63431, 18.3583, -13.1275
5.19331, 134.096, 33.2468
4.35955, -154.638, 14.1157
2.54674, 106.361, -134.864
6.3794, -18.1742, -134.98
2.85317, 96.1466, -15.9663
3.98511, 127.731, -22.5598
4.78581, -18.6804, -130.993
3.25156, -82.5796, -27.467
5.97819, -172.591, -74.4835
4.15587, -9.50497, 128.978
5.21197, 323.267, -352.447
2.64678, 279.703, 54.0527
5.38086, 146.035, -108.301
5.18133, 97.7032, 11.0995
7.36678, -74.144, -157.034
5.57063, 86.4849, 19.4313
5.26431, -425.747, 197.134
6.69051, -66.0185, 53.1207
3.75764, -116.17, 46.2908
6.98957, 47.2367, -163.006
5.97428, -53.7602, -38.7547
5.82752, -87.5995, -217.282
3.06838, -58.8181, -50.4212
3.37987, 33.9876, 570.598
2.91253, 26.9486, -527.294
6.68103, 159.247, -151.965
2.64818, 302.781, -796.516
6.34719, -117.22, -35.6607
4.29829, -173.739, 314.778
6.24626, -67.827, 204.237
6.28385, 54.8779, -18.3831
3.60834, -472.441, 10.3901
5.58305, 205.049, 88.1955
3.66846, -25.3105, -184.028
6.22052, -155.093, 335.299
5.80997, -44.4366, -98.1882
4.9209, 290.452, -361.013
2.58972, -167.151, 225.344
4.98291, 65.71, -13.6319
5.09587, -220.448, -64.9436
4.71395, -145.531, -205.811
4.14528, 385.667, 58.6913
3.52671, -59.1157, -34.4856
7.19863, 67.4023, -10.8244
2.85168, -159.386, -176.346
3.30042, -35.5335, 258.54
6.70788, 41.8474, -99.5381
4.13614, -137.042, -170.366
6.85942, 177.001, -357.384
5.99896, 151.965, 212.394
5.52801, -53.9759, 86.0754
4.77536, -178.791, -164.379
2.91543, 206.318, -439.151
3.94883, 303.448, 296.65
6.51009, -58.0679, -14.8417
6.81821, -5.28945, -83.5669
3.81831, 221.581, -86.5215
4.79881, 97.3905, -175.823
4.95672, -70.3726, -13.753
5.82344, -319.651, 40.8885
7.31738, -48.0965, -223.797
7.23022, 88.6111, -35.5645
2.81902, 94.4186, 2.75129
5.04829, -11.7426, -198.066
6.13222, 163.059, 216.071
5.65882, -109.521, 73.2343
3.26658, -200.253, -106.967
5.09652, -146.305, -206.042
3.52281, -260.905, 210.725
6.03231, 72.5978, -109.594
6.05786, -43.8282, -252.573
3.66304, 36.6459, -65.2038
6.80594, 166.533, 30.0409
2.67122, 199.606, -315.03
6.26587, -170.791, 95.5417
4.14789, 88.613, 7.12503
4.65309, -340.577, -136.305
7.33455, -172.296, -34.2937
4.05803, 264.919, 315.433
5.69762, 294.123, -318.503
5.95386, -22.2794, 111.872
5.36403, -23.5877, 311.15
6.60667, 288.446, -400.906
4.21807, 96.1582, -146.697
5.09387, -191.92, -214.058
6.78438, -266.557, -147.582
6.18587, -87.6085, -133.275
3.45992, -42.168, 124.998
2.83145, -55.943, -190.471
3.60828, 274.808, -252.446
3.33656, 134.656, -141.871
6.31172, -0.423047, 11.3265
5.44905, -140.717, 215.103
4.65223, 281.295, 235.469
7.09618, -36.5335, 200.052
5.09668, 63.7875, -188.413
7.38058, 24.0086, -148.427
5.15714, -145.469, -240.203
2.98716, 140.062, 413.041
5.83983, 51.4931, -152.966
5.44444, 224.291, -99.0096
5.01137, -120.429, -180.758
2.75808, -265.189, -464.424
2.6753, -228.773, -89.541
4.41484, 7.29872, -110.456
5.55555, 260.62, 184.231
5.06574, 285.273, 113.79
5.98498, 158.808, 144.042
4.89891, 0.324208, -56.6033
3.88323, 294.256, 111.802
6.01685, -141.486, -334.822
3.67701, 25.6344, 54.1233
6.41501, -83.0377, -144.474
6.60589, -76.5098, 89.5422
3.21842, -290.863, -405.758
5.75757, -258.948, 162.641
3.87677, 153.347, -184.338
7.26215, -391.188, 590.983
4.58238, -105.501, -188.373
3.03869, -51.8119, -250.917
4.70633, -145.387, 228.693
6.28811, 38.677, -145.555
2.77803, -3.23632, -224.992
3.51241, 140.908, -142.109
6.82305, 234.518, -275.143
6.52456, 27.2487, -162.148
2.78861, -282.037, -368.856
4.40304, -81.2887, 10.3327
4.56124, 94.3435, 4.67233
2.80071, 183.366, 10.3214
7.09746, 250.941, 231.954
3.35398, 116.24, 154.527
6.51634, -217.45, 63.2894
3.88599, -133.629, -31.5137
4.44586, -488.768, 313.839
7.19936, 60.3339, 126.741
6.24573, -99.8656, -344.782
3.44774, -403.932, 513.553
6.89581, 126.31, -152.48
6.8953, 65.0397, -41.2361
3.30515, -88.9049, -196.213
5.87346, -115.722, -219.074
6.89096, 151.058, -119.797
6.98262, 176.471, -232.34
3.06535, 80.7284, 12.0708
5.93789, -165.271, -276.218
3.21651, 39.1834, 39.8782
3.6901, 63.7064, -176.988
5.64383, -138.975, 159.946
4.312, -37.4122, -204.114
4.64437, 215.142, 242.323
4.91936, -328.165, 35.3448
6.20379, -9.53824, -58.4592
3.23098, -234.866, 239.801
7.36238, -143.941, -59.4768
7.3158, -47.3614, -221.113
3.14741, -436.98, 552.637
5.3784, 106.742, 95.292
4.66439, 130.604, 421.539
5.50066, -146.736, -190.42
5.85098, -130.6, -211.709
4.5137, 402.692, 77.2697
6.46691, 211.505, 221.587
4.89889, 128.618, -234.079
5.72449, 207.615, -60.9546
4.28836, -452.866, 204.993
5.96794, -174.4, -257.264
5.83428, -65.6735, -104.18
3.22071, -154.246, 129.519
7.10415, -252.305, 5.21327
4.22228, -181.189, -157.561
6.66824, -20.1193, -84.9095
2.74349, 20.9321, 45.0879
3.27936, -534.305, 332.441
2.55765, -135.745, 171.294
3.94327, -52.7245, 70.3854
5.07295, -117.417, -169.798
3.65948, 99.4653, 281.545
2.75022, -182.586, -165.076
5.33091, -209.217, -185.783
6.69774, 94.5247, 44.5863
4.28763, -97.2605, -179.779
4.3452, 26.257, -104.138
7.22226, 106.571, -154.5
4.72425, -42.2223, -242.293
6.82086, -27.7665, 124.147
5.82654, -214.419, -32.6001
5.79297, 100.741, -57.4964
7.10736, -353.183, 282.925
5.11536, 192.281, -238.083
5.45229, 133.275, -31.2784
5.79944, 170.789, 299.231
4.24765, 158.809, -233.808
4.11714, 131.731, -30.6709
7.08984, 73.67, 8.50562
3.08619, 410.153, -310.163
7.31268, 84.0477, -31.7678
5.17978, -98.6308, -76.9972
5.81447, 279.52, 218.314
5.48362, 390.338, -302.798
6.93363, 72.5119, -87.7877
6.67999, -156.14, -66.5619
6.69339, 54.4462, -155.176
6.85642, 55.4572, -184.609
2.5002, -22.3522, -235.893
4.77274, -58.8239, 87.1955
4.25696, -227.019, 52.91
5.80713, -263.15, 319.733
6.22234, -232.663, 77.1513
3.3821, 189.221, 27.3064
7.4621, 215.868, -272.452
5.95466, -243.14, 52.9994
6.97862, 223.063, 33.6377
3.51579, 418.317, 352.961
7.2356, 15.6381, -223.126
4.88476, 379.257, -325.172
6.78578, 277.687, -284.478
6.41237, 7.4447, -24.1409
5.70687, 176.794, -306.953
3.14521, 105.511, -15.6904
5.77944, -53.0002, 320.335
3.09199, -66.3703, -164.105
3.88793, -287.248, 103.473
6.65548, -171.252, -182.014
6.14153, -189.328, -229.616
6.74348, -432.774, 210.648
3.43989, -153.479, 224.521
6.09602, 49.6316, -32.5348
4.25586, 219.444, 4.20696
3.34555, -27.8373, -61.4519
4.52383, 412.501, -155.075
4.20924, 173.952, 2.68356
6.67141, 204.178, 116.709
3.9111, 247.503, 346.58
5.16766, -618.851, -339.082
6.25085, 200.519, -325.761
4.62554, -71.1116, -137.519
4.66964, -310.981, 158.266
3.03022, 294.874, -46.7809
6.4639, -86.6517, -54.9254
3.91232, -119.982, 80.3818
7.14264, -234.688, -338.709
5.37926, 75.3976, -211.934
3.4895, -2.01989, -47.4316
5.99081, 48.723, 44.0264
3.07265, 269.729, 250.213
4.22945, -202.71, 20.8705
4.15646, -110.035, -169.074
6.42735, 392.122, -315.786
6.65775, 79.7077, -210.721
4.21712, -159.152, 210.013
4.2603, 52.5123, -10.3998
6.38197, -111.681, -29.8542
6.58658, 83.1862, 81.5055
4.26157, 192.94, -166.822
7.09559, -51.8682, -211.486
3.2877, 0.456596, 32.8586
5.56029, -303.579, 217.344
5.54222, -179.914, 88.2161
3.16647, -147.4, -137.516
3.51409, -125, -219.423
4.79457, -171.073, 206.008
3.48759, 242.702, 110.191
6.77118, -320.646, 33.4829
6.54562, 78.8144, -12.1308
2.80131, -165.171, 199.935
6.50584, -169.662, 372.914
5.49597, -6.34324, -4.71668
7.43182, -252.584, 17.8571
2.65919, 195.737, 37.1265
6.8356, 214.586, -265.305
3.69109, 14.5918, 102.055
3.6127, 557.504, -223.061
4.73907, -313.848, -198.104
2.61231, -88.9809, 52.8393
6.79755, 20.8556, -157.814
4.15902, 299.022, -514.963
5.72195, 208.552, 136.353
7.43521, -101.428, 3.99475
5.30162, -5.64089, 94.6176
4.74553, 139.112, -206.571
5.213, -17.6168, 37.6238
2.90797, 159.928, 26.3284
3.99606, 306.2, -135.098
6.63964, 208.904, 169.19
6.48936, 442.054, 39.0206
5.71048, 69.2841, 10.2609
4.84105, 136.583, 158.75
7.15326, -148.058, -109.997
5.08798, 24.127, -79.3215
7.42924, 282.214, -262.865
5.94567, -78.1759, 56.6675
6.19966, 15.9426, -12.9268
3.46323, -436.504, -270.529
6.08881, -306.877, 225.359
6.11146, -5.82191, 69.787
6.49298, 141.12, 117.628
4.23216, 353.714, -48.9888
5.1481, -148.229, -161.931
3.19001, -52.9424, 151.963
6.73218, -105.767, -165.139
6.32766, -115.269, 13.9835
7.5, 387.473, -314.547
4.24891, 342.81, 237.305
5.50367, -274.037, 146.285
3.50808, -38.0894, -251.152
6.2385, 247.077, -123.145
6.49225, -190.301, -65.8231
3.03505, -790.938, 432.234
5.35813, -136.899, -191.545
2.84683, 115.586, -58.0806
4.16036, 168.25, 213.393
5.80945, 96.708, 29.6177
5.27726, -115.827, -134.132
7.12415, 80.1164, 44.1044
2.69832, -15.1239, -494.885
2.62083, -90.9245, -166.898
4.61923, -186.17, 26.4414
4.36987, 150.778, 41.3551
2.93303, -294.996, -275.966
3.05403, -25.2999, -167.826
5.31992, 358.576, -252.433
7.37269, 19.8273, -109.855
3.05066, -64.0664, 38.3796
5.99352, 68.5514, 95.8884
2.79674, -243.644, -143.241
4.69755, -97.9203, 142.988
5.24651, 196.234, 300.52
3.45129, 45.7292, -91.2681
7.36597, 217.85, 97.9489
3.19593, 136.852, -156.717
5.48978, 346.406, -334.578
7.12812, -100.023, 218.104
3.91116, 30.5726, 77.5382
6.8307, 45.6733, -158.469
6.29598, -236.951, -54.2562
6.10793, 50.1245, -78.9634
3.34241, 12.0762, -209.156
3.32882, 76.2392, 501.931
3.39076, 102.144, -91.193
5.87226, 77.1771, -35.6275
4.83484, -71.3043, -194.127
6.85219, -207.653, -177.525
5.76023, 106.972, -82.3871
5.80464, 277.119, 240.076
2.58037, 113.445, 15.6397
4.30596, -225.602, -225.304
3.72747, -201.937, -148.215
6.93086, -48.3245, -94.645
5.23701, 354.668, 144.311
6.57209, -146.185, -10.4523
5.24453, 81.8728, 29.6608
4.16156, 2.985, -127.12
4.40213, 188.545, 34.3978
2.52389, 273.489, 226.916
6.95226, 83.2357, 19.0333
6.16955, -250.316, 160.804
6.04239, 101.908, 5.19127
5.1278, -230.516, 172.268
6.41065, -83.7434, -50.7862
3.42484, -52.6301, -71.7388
5.72673, 8.79809, 15.8477
3.42178, -127.825, -180.038
3.31214, 359, -205.579
2.65594, -342.438, 197.216
7.42716, -75.6717, 91.0032
4.04559, 26.8123, -101.394
4.11075, -42.9886, -145.196
5.51155, 63.4426, -52.3109
2.89107, -392.152, -76.8307
3.93936, 216.651, -117.99
5.79307, -256.589, -56.4278
7.36348, -204.64, -183.518
7.27758, -466.906, -291.605
7.42745, -1.84357, -168.083
7.30478, 115.696, 33.6753
3.0073, -184.639, 214.148
3.71505, -225.545, -155.966
6.91151, -102.04, -25.74
5.28805, 4.54374, 19.44
6.7669, 194.642, 140.794
7.49145, -263.546, 196.148
3.99751, 180.898, 134.551
6.33157, 283.596, 287.716
4.81901, 151.209, -0.282804
6.8168, -75.3586, -158.029
6.99018, 60.6176, -10.1721
7.377, 74.7839, -18.3068
2.77405, 45.5379, -25.1748
6.32605, 292.792, -190.182
5.09219, -204.61, 307.283
3.46574, -140.182, -78.3695
6.98252, 214.414, -120.188
6.38492, -267.483, -13.3003
2.75968, -70.6072, 182.371
7.47331, -200.894, 287.37
5.93659, -222.698, -61.4872
5.94854, 280.237, 218.731
6.57666, -272.251, 211.91
7.05426, -236.747, -120.926
3.34218, -50.4905, -253.849
5.24183, -446.211, 212.253
6.53351, -122.81, -182.778
4.17803, 87.8561, 66.7603
5.53435, -141.938, -158.487
6.59602, -164.466, 214.735
7.3485, -172.11, -155.443
6.29349, 119.164, -188.157
3.72113, -133.031, -151.515
5.80589, -204.176, 74.6874
4.21574, -674.135, -322.402
7.27146, -55.9008, -129.911
2.60828, 57.7056, 416.412
4.54979, -292.886, 208.824
2.55789, 665.054, -215.012
3.04964, -2.70343, -164.516
5.28259, -281.844, 107.155
4.45466, -95.7682, -37.1419
7.20539, -75.922, -228.704
2.55572, 270.3, -258.987
6.22897, -137.956, -293.825
3.84293, 87.9956, -147.005
4.27153, 56.8625, 24.9335
3.45835, -252.228, 284.438
5.14832, 203.309, 18.2568
4.39478, 159.899, 98.1446
3.16407, -124.715, -3.21316
4.26563, -122.289, -27.4812
4.2497, 243.645, 175.939
7.41084, 232.937, 93.1285
5.25961, -28.8516, 92.4954
4.99918, 68.7677, 14.7482
3.58531, -249.744, 31.9233
4.37311, 183.731, -70.4288
6.78251, -678.344, -375.443
6.45578, 284.616, -383.36
3.9204, -240.682, 203.241
5.07645, -5.27317, 183.769
6.79238, -131.615, -199.159
7.07844, 100.513, 4.30885
7.48941, 65.6038, 129.221
6.53177, 217.002, 110.344
5.22718, 115.489, -105.91
7.3461, -198.341, 116.122
5.31931, -238.518, 19.331
4.03031, -250.44, 215.177
5.41853, 89.7435, -21.587
2.91197, 85.6544, -111.612
5.47382, 55.945, -81.0585
3.31968, -346.284, -478.457
6.46527, -16.2638, -20.8834
2.95373, 384.966, -98.2378
6.3072, 96.7287, -143.643
6.83996, 24.0822, -150.406
6.40105, 100.55, 3.23392
6.61399, 153.174, 76.0945
6.70974, 47.789, 20.7361
4.48328, -85.2083, -205.611
6.508, 14.9192, -174.132
6.56811, 61.1791, -143.846
5.43493, -228.592, -253.564
4.64621, -94.8954, 22.1638
2.5002, -290.503, -22.1262
5.31153, -183.117, 55.3702
6.22632, 78.2158, -139.611
3.89846, -156.116, -8.61196
2.93406, -85.0968, 219.89
3.5733, 293.607, -296.788
3.93296, 19.0479, 55.176
4.86595, -358.76, 364.66
6.95893, 249.778, 264.387
5.91955, -154.894, -64.4767
3.54376, 151.279, -258.186
6.67533, -78.1495, 3.01532
7.09218, 182.42, 176.79
4.48244, -137.464, 267.567
6.37858, 40.6016, -170.164
5.68161, -90.8585, -123.812
6.64746, 209.398, -64.8238
3.40204, -156.032, -10.943
7.45927, 91.8184, -32.9928
6.70558, -47.0623, 155.699
4.65177, -71.4726, -230.396
4.38589, 263.245, 109.466
2.70802, -83.844, -105.093
6.80715, -24.5861, -35.3185
6.62116, 310.962, -262.352
6.25052, 149.032, -115.566
3.55801, 36.2839, 48.4021
4.31029, -111.31, -220.885
4.43545, -60.737, -99.788
7.32918, 274.551, 239.502
6.5872, 63.3218, 46.8712
4.5755, 235.711, 268.531
5.83759, 52.2077, -173.717
2.52101, 388.661, 58.89
6.98048, -237.39, 57.9086
3.68416, -42.631, -183.409
3.79415, -74.4674, -40.1712
5.4939, 111.888, -30.5988
6.89823, 103.854, -209.039
6.16299, -103.021, -96.9271
6.0773, 277.987, 198.266
3.57724, -310.466, 151.493
6.30413, 250.196, -262.076
3.85351, 158.061, 88.8608
2.75246, 137.859, 158.474
4.78866, -23.4268, 148.79
2.58759, -73.2536, 240.806
3.01129, -217.053, 181.771
2.639, 161.059, -168.371
5.65921, 106.501, -55.4832
6.34425, -118.278, -96.9388
2.74132, 142.117, -30.2225
6.6924, 56.597, 37.2446
6.76899, -108.924, -164.042
6.57649, -291.565, 184.273
6.85188, 141.935, 414.346
5.27222, -12.9211, -171.32
6.12646, -153.371, -197.214
3.20424, 213.478, 20.9005
6.6115, 28.184, 40.7932
5.51185, 258.535, 184.491
4.93856, 135.829, -29.9592
6.14942, -6.09249, 60.104
4.05164, 216.604, -181.718
3.93925, -179.833, 190.581
5.45857, -195.725, 307.401
5.34055, 318.122, 75.1545
5.41059, 143.348, -122.24
2.84132, -121.665, 297.129
4.34304, 350.687, 129.047
6.28475, -33.8419, -132.055
6.35297, 63.6193, -107.67
4.27217, -45.2146, -267.536
5.98913, -30.6255, 14.2658
5.08005, -188.978, -264.443
5.94494, 55.8748, -197.134
6.18066, 50.7458, -49.9189
2.56231, 94.4997, 17.3064
7.16549, 25.9775, -16.9458
5.37826, 296.134, 183.711
3.05587, 671.932, 475.563
4.87388, -91.2273, -24.9904
3.24247, 43.4418, -99.891
4.22594, 167.075, -5.74911
7.04476, -259.319, 22.6228
4.54571, -70.2665, 205.599
5.96642, -10.6741, -147.295
3.35865, 0.558738, 14.4484
6.21715, 388.848, -374.112
4.16319, -203.279, 164.177
4.62157, 122.068, -55.1823
2.79523, -122.457, -167.51
5.09005, 42.8071, -63.9732
5.94425, 154.221, 14.7537
5.01149, 33.042, -151.201
6.56617, -107.705, -52.727
3.07974, -106.41, -50.885
5.24841, 80.1705, -355.775
5.06046, -82.2732, -140.611
6.02649, 254.287, 178.79
5.65083, -4.34496, 14.0592
4.0207, -152.806, -58.2371
6.74719, 8.87084, -8.00258
3.39619, -82.9273, 160.195
2.61737, -179.157, -7.70391
4.19467, 53.5782, 83.621
3.43818, 227.503, 191.756
6.60467, 103.848, -107.534
6.72507, -1.55486, -304.941
6.78031, 286.41, -284.139
7.37454, -192.712, 216.988
2.99587, -93.2402, -61.6501
2.56182, 444.239, 434.241
2.58614, 320.651, -350.277
2.64527, 48.2814, 138.513
4.1031, 259.407, 21.7682
6.17815, 328.659, -41.0397
3.14876, 115.093, -130.703
2.5161, -185.027, 171.811
6.91905, -133.573, 14.7777
3.70482, 124.635, 92.0874
4.38481, -163.303, 247.323
4.44879, -9.0689, -17.2341
2.81534, -182.964, -227.701
7.30792, 35.929, -117.902
3.75349, -47.9134, -77.7734
6.85376, -18.0474, -148.747
2.85991, -331.473, 428.147
2.70653, -394.178, 558.064
3.46378, 102.33, -15.7361
3.86708, 0.0732832, 135.242
7.4007, -182.672, -86.7195
3.60607, -54.2118, 65.7819
6.43119, -210.868, 307.828
4.42306, 110.529, 56.0338
3.78593, 144.044, -105.049
3.91087, -223.677, 45.9251
7.33834, -147.655, 174.039
4.22841, 356.895, 200.618
3.45922, -185.574, 41.0569
5.05037, -43.3278, -197.571
5.21857, -40.6932, 442.343
5.72333, -73.1609, -82.7249
3.89738, -242.033, 344.735
3.41887, -135.582, 56.6104
2.71579, -214.797, 205.737
3.98408, -23.3149, -215.887
4.25548, -67.0138, -236.333
7.09372, -285.564, 145.224
5.81225, 48.3351, -32.9025
5.08041, 246.259, 181.9
4.03763, -182.262, -196.761
3.0007, -14.5325, -234.4
3.47502, 344.993, 59.2659
4.11407, -85.0379, -253.963
5.56182, 157.872, 55.6903
5.13511, 90.3444, -120.254
3.45653, -156.1, -178.616
4.7178, -114.329, -117.983
4.48693, -296.536, 124.641
6.28051, -92.9216, 134.243
6.6213, 118.094, 154.01
5.51573, 319.219, 231.509
3.04573, -9.43527, 11.4514
4.11797, -54.2663, -33.399
5.03403, 39.4726, -175.996
4.76521, -177.771, 90.6601
4.77315, 72.2452, 27.6177
4.91125, 284.294, 207.935
5.07896, 112.591, -85.3884
4.50207, -15.0352, 85.2766
4.22945, 301.21, 196.904
6.64533, -155.001, 137.429
3.02204, -240.752, 310.361
6.40057, 77.0347, -225.328
3.19919, 41.4973, 49.817
2.62171, -266.354, -241.295
6.0664, 90.4878, 58.1345
7.15538, -113.756, -49.4779
7.47667, 92.0324, -78.8334
3.86264, -235.324, 73.8788
3.6923, 73.1566, -209.074
3.87328, 194.132, 557.075
5.70836, 99.3105, -2.35312
5.17637, 95.8955, -14.943
6.8967, 135.598, -198.137
6.75968, -69.9029, -128.35
2.98004, 159.496, 75.8763
4.66818, -232.211, 46.0335
3.17045, -105.426, -30.3632
5.86802, 1.65976, -191.289
5.34964, -33.5115, -38.8151
3.66474, -129.126, 538.637
5.50306, -43.7511, 3.43946
2.6551, 137.904, -2.36885
7.08512, 9.38222, -39.9732
3.82958, -221.909, -8.7738
6.50016, -85.3683, -48.6391
5.46389, -108.019, -29.6697
5.0822, 16.1973, -8.94663
5.2567, 39.3957, -28.5222
3.47225, 317.374, 496.868
5.36152, 38.6252, 155.849
3.81992, 97.1459, -279.225
4.41648, -362.641, 390.134
2.73626, 91.8414, -0.391482
4.22823, -8.93607, 45.0935
3.61594, -189.68, -9.66829
3.81264, -238.757, -168.882
3.05141, 45.1851, -6.71724
7.40088, -108.805, -150.309
5.93794, 186.997, 180.543
5.82158, -47.0421, -200.941
5.99501, -54.8124, -132.327
2.68746, -219.967, -28.4162
3.6706, 124.234, -24.2067
3.95397, 333.086, 251.648
3.50543, -76.1984, -90.7137
2.7177, 161.295, -134.548
2.56571, -245.481, 161.929
6.07297, -264.654, 206.756
6.88348, 106.917, 31.9155
5.35088, -128.668, 293.338
6.92743, 560.121, 532.757
5.20042, 24.7176, -155.714
3.31357, 297.936, -349.699
3.30492, 253.671, 268.639
7.19182, 30.1896, -17.3093
3.45628, -164.618, -35.8
3.15761, 316.071, -281.188
4.41122, -92.7655, -67.8389
6.12674, 135.436, -142.687
2.50651, 284.938, 113.771
4.60222, -352.468, 209.467
5.18984, 44.7066, -65.6017
4.86596, -0.0801001, 32.1935
6.33003, 132.424, -13.9195
2.9396, -75.0719, -146.418
7.04284, -18.3899, -141.624
3.20818, -254.054, -757.018
2.54782, 14.8291, -44.4218
2.82267, -30.6692, -99.11
4.96742, 69.9165, -142.257
5.40914, 242.785, 143.173
4.03373, -137.94, 200.651
4.57091, -81.6062, -44.5695
4.33401, -82.0096, -37.6118
3.42687, 16.4475, 79.9658
2.76788, 218.679, 190.23
4.47222, -5.15851, -24.9798
3.98388, -40.9096, -157.37
5.05388, -324.207, 29.6865
3.75392, -125, 257.191
5.01589, 277.273, 223.362
2.51168, 69.0924, 36.4546
7.01807, 396.854, -313.665
2.79181, -155.582, -226.219
5.17506, -117.205, 50.6643
3.95754, -438.729, 279.682
7.3023, -145.928, -237.632
4.73406, 255.781, 96.8153
5.08479, -47.3603, -162.499
5.93861, 20.389, -151.663
2.72187, 84.645, -193.455
7.2946, -315.887, 336.28
5.70852, 1.12609, 72.2132
2.80215, 6.4936, -55.538
3.33964, -44.8918, -96.1463
5.76491, -0.345397, -77.2806
6.19864, -23.4487, -234.411
3.57011, 73.0426, 203.117
4.31441, 171.49, 234.766
6.56981, -177.309, 212.632
5.32057, 17.5972, -55.6899
7.45886, -143.277, 11.6931
6.5669, -182.942, 93.875
3.49157, -144.146, 207.093
2.50003, 145.938, 31.0169
4.62608, 253.622, -279.576
4.07406, -135.736, -69.8134
5.56218, 387.674, -174.888
3.83351, 1.93625, -30.6553
4.39881, 112.243, -62.1969
5.43397, -181.951, -211.562
5.95636, -86.5952, 15.392
7.26736, 7.91379, 8.28323
4.89785, -229.342, 15.3272
3.60319, -488.982, 11.4383
5.33741, -107.849, -263.517
6.09873, -0.804957, -14.8093
4.4953, -287.542, 221.173
3.48326, -174.967, 215.008
6.66971, -172.799, 78.7159
5.59561, -459.716, 8.83966
7.26866, -16.7548, -182.628
3.23222, -145.961, -162.622
5.38953, -11.7901, -88.4645
7.26796, -242.019, 183.284
3.62331, 537.068, -256.24
7.25137, -183.378, 84.0345
3.07874, -171.29, 119.042
2.58372, 138.04, 246.809
3.90465, -102.529, -130.095
7.15042, -15.1044, 104.939
3.04796, 275.695, 225.622
6.77266, 66.0301, 58.3039
5.68532, -166.789, 107.581
5.63853, 133.045, -28.9488
3.80589, 108.638, 92.3935
5.13936, -239.055, 58.3773
7.16608, -19.3893, 32.9884
3.98055, 51.5645, -34.8163
4.78006, -65.3359, -391.609
6.35659, -67.4373, -522.269
4.17193, 91.8569, -538.376
6.31775, -118.088, 41.504
6.65892, 185.823, 80.3106
2.64618, -227.779, 237.991
4.31315, -170.729, 165.527
4.16221, 174.566, -232.682
3.17675, -163.355, -149.253
3.00839, -190.801, 413.789
5.11327, -255.169, 107.614
3.52046, -131.427, -68.6913
5.00728, -76.072, -54.5968
5.1371, 233.652, 62.7245
4.13422, 342.85, -273.365
4.75888, -64.1113, -149.937
6.85263, -72.1646, 91.4265
4.72884, 153.312, 93.5468
6.03726, -444.762, 51.7325
6.83171, 271.35, -283.26
6.5822, -201.921, 20.2848
2.67504, 597.43, 373.06
3.8644, 96.4113, -268.028
5.21858, 17.4409, -38.065
3.19942, 100.101, 5.94318
5.57408, -36.9387, -86.2961
3.29182, -227.7, -104.843
4.41129, -79.4749, -46.5688
5.94997, -25.6569, -228.03
3.21128, -299.006, 135.964
5.65284, -184.558, 229.127
3.15973, 68.5052, 20.5829
7.13583, -241.167, 80.3817
5.53465, -201.889, 315.572
5.50388, -263.163, 52.383
3.33635, -155.443, -6.61573
3.301, -247.717, -755.958
5.91628, 29.9389, -79.4296
5.1456, -2.68274, -163.831
3.65264, 94.0844, -46.3024
6.55373, -113.731, -220.977
5.76477, 1.30606, 10.3683
4.08597, -59.5422, -123.275
2.53953, -21.2017, 2.48675
3.49176, 24.9135, 128.22
3.78831, 50.2005, -206.525
3.03825, -120.398, 151.299
3.49545, 145.498, 141.479
6.75079, 495.812, -225.558
6.63912, -265.747, 87.583
6.76813, -88.2056, -104.584
5.71027, -23.652, 63.0119
3.6787, 272.249, -237.049
6.80638, 3.2274, -133.085
5.4745, 94.5405, -88.9405
2.52745, -262.856, -87.7979
6.84925, -80.747, -124.867
7.37729, 70.7457, -143.606
5.59653, 198.347, 108.987
3.85574, -169.66, 211.275
7.46973, -6.99103, -79.3629
4.60751, 14.9807, -404.037
4.20537, 27.7085, -115.903
4.80717, -26.5593, -124.321
4.44822, 79.2857, 133.737
4.613, 170.92, 252.132
2.84879, -62.377, -7.40671
5.5153, -169.28, -61.0373
7.36114, 0.166081, -150.298
5.07406, 118.781, 27.3907
7.45461, -40.5521, -9.28965
5.84906, 89.8848, 265.21
4.01716, 162.093, -10.108
3.47371, 277.274, 222.804
4.0109, -162.959, 108.957
4.93946, -147.04, 153.375
4.72438, 255.42, 69.7834
5.7844, 31.3205, 34.6365
3.74227, -226.739, -226.288
4.72007, 294.033, 117.035
5.75894, -9.32867, -161.367
6.67472, -148.408, 26.7191
6.03698, 19.3029, 71.9791
4.93928, 90.0488, 203.109
6.72039, 79.8198, -136.603
7.00296, -21.4578, -193.004
6.33082, 56.3389, -25.1681
5.29453, 203.139, 45.8301
2.70603, -30.3081, -23.2413
5.46749, -76.1583, 122.976
2.68674, -177.615, 366.644
4.53488, 64.8248, -127.256
2.84243, -29.66, 32.3196
7.38558, -28.9766, -79.6979
2.5956, 197.692, -26.3478
6.60363, -177.508, -248.739
5.2195, -378.372, 242.113
5.72828, 36.2456, -153.253
3.62934, -21.9247, -152.537
2.733, 471.999, -561.078
3.63154, -39.5901, 66.3808
4.58371, -175.327, 410.089
6.40126, 104.156, 87.7385
3.72852, -167.643, 214.079
4.81411, -35.0754, 122.534
6.14756, -114.773, 170.55
5.35237, -449.292, 162.985
5.45997, 244.65, 274.333
4.98425, -246.66, 60.632
3.951, 170.986, 141.102
4.71107, -123.837, -106.749
2.53669, 397.532, -427.312
7.41683, 18.1226, -31.5726
2.52822, -48.1847, -43.4996
4.8676, 120.034, -217.776
5.86497, -211.301, -239.89
