6.27803, 180.393, -71.6494
3.5948, -142.566, -138.557
5.89648, -119.68, 30.7557
5.09708, 56.1548, -117.023
2.76731, -121.144, 168.67
2.53849, 26.3378, -26.5867
4.58743, -182.649, -155.222
7.15218, -39.8804, -16.9596
2.95982, -45.886, -87.0378
6.00595, -8.41786, -173.627
3.81226, -105.095, -90.3441
4.14117, 6.28008, -6.30923
7.45519, 61.6293, 81.6884
7.41275, 110.615, -97.9025
5.75759, -86.2661, -350.014
6.92354, -107.829, 134.842
6.33247, 40.8428, 36.9975
3.87453, 225.764, -93.0534
4.93259, 104.275, -89.5476
2.80282, 424.334, 72.725
5.08146, 2.39528, -249.571
4.96988, 313.279, -157.082
7.23882, 143.392, 98.9016
4.42071, -26.8308, -49.8204
5.14874, 391.803, -172.801
2.75042, 59.992, -334.354
6.63909, -40.8025, -200.716
5.94228, 141.74, 123.047
6.18112, 54.9919, -134.454
6.94286, 143.63, 133.08
4.25508, 57.0331, 30.0398
6.72991, -118.138, -92.6815
3.84659, -74.0001, -26.0672
4.83959, -191.783, -25.9443
3.2686, 116.279, 42.2004
2.66527, -22.4015, -56.1926
7.2768, 176.12, 231.945
6.95369, -196.201, -199.658
3.29884, 172.117, 24.1174
3.15214, -170.426, 32.7349
2.515, -537.64, -18.9065
6.0491, 76.296, 101.761
3.40448, -418.406, 98.179
5.76029, -95.3101, 49.4211
4.42907, -34.5318, 41.1778
3.23766, -172.931, -242.981
5.45054, -5.71218, -97.9875
3.24076, -192.701, 177.82
3.2091, -61.253, -196.662
4.94257, 108.967, -17.7176
3.13015, 52.4461, -56.0118
5.64635, 56.3485, 33.0293
5.60817, -109.246, 154.475
4.88216, -225.289, 140.061
2.64188, -11.729, -82.3325
3.21011, -287.587, 65.7158
3.15594, 14.5019, -131.183
3.31099, -108.911, 226.677
3.76529, -173.752, 49.7104
4.77654, 81.6632, -93.0792
6.54472, -150.378, -131.812
3.57624, 23.6232, -109.499
3.75063, -73.5279, -258.507
5.02978, 17.5242, -218.254
6.27922, -52.2843, -32.0791
5.66369, 22.0772, 204.503
5.9449, 152.877, 61.5058
7.27207, 76.4297, -10.8956
5.18713, -377.198, 217.814
4.57014, -66.6292, -153.9
4.70019, -75.0722, 44.5108
6.07821, 138.263, 123.96
6.20858, 168.968, 169.467
5.12494, 8.09262, -125.381
6.06711, 20.411, -76.1412
5.91025, -92.295, -155.232
6.82941, -103.993, 121.445
3.19597, -201.655, 71.8126
3.57766, -267.242, 88.7935
5.0733, 116.708, -34.1163
4.83766, 15.4235, -219.102
3.55759, -186.818, 298.258
5.65244, -94.0516, 96.2856
2.5044, -132.813, 133.911
4.09589, 178.335, -637.29
5.90281, -12.1758, -110.107
6.0446, -80.299, 102.532
2.90869, -67.4029, 166.94
3.56926, 9.86557, -163.526
4.44412, 189.509, 55.9247
4.44927, 53.485, -36.9065
3.92018, -13.1851, 50.8566
4.6123, -90.09, -178.769
2.55658, -2.08354, 9.30259
3.72027, 224.902, -190.369
4.49072, 8.39172, 184.196
6.64177, -93.0196, -6.47469
3.78584, 84.9827, -112.53
3.59705, 28.7591, 125.02
6.47385, -95.6965, -154.307
5.8476, 100.959, -355.474
5.49108, 48.1692, 106.071
5.99917, -225.837, -126.037
5.13062, 8.90177, 36.1132
4.14833, 44.7843, 68.8321
3.30844, -576.797, 100.303
6.56633, 2.03459, -76.2186
4.08004, -162.682, -131.474
4.05369, -29.396, -25.7374
4.65424, -49.2843, -80.5378
4.46509, -89.9343, 110.835
4.43916, -80.7705, 11.024
4.34871, 76.9758, -28.2663
5.88118, 82.3069, 88.88
6.10384, -227.899, -139.113
7.20082, 232.655, -25.9802
5.08573, 19.6813, 0.570875
5.5282, -32.6255, -187.463
5.85049, -122.295, 122.447
5.11404, -68.2192, -13.9832
3.87105, -109.926, 49.1065
7.08924, -3.01339, -175.63
3.73367, -60.9148, -70.157
4.77876, 69.5811, -336.909
3.30374, -59.611, 71.7818
4.68319, 173.411, 335.149
7.45767, -149.883, -17.0175
6.26931, -276.033, 254.623
4.97846, 122.587, -93.9023
7.01651, 106.837, -10.8686
4.68213, -84.7969, -182.342
5.09239, -186.094, 6.54219
4.44866, 187.351, 16.8623
5.63431, 80.68, 8.62139
5.19331, -81.0979, -42.4891
4.35955, -211.345, 124.092
2.54674, 100.158, -153.446
6.3794, -39.2105, 69.1893
2.85317, 262.351, 94.8819
3.98511, -62.0861, 52.3778
4.78581, -47.4531, 93.7487
3.25156, -26.7823, 57.1159
5.97819, -218.412, 82.6179
4.15587, -176.351, 53.1917
5.21197, 182.602, -278.564
2.64678, 82.9486, 168.595
5.38086, 137.764, 17.5318
5.18133, -53.5432, -27.5295
7.36678, 79.3481, -91.2568
5.57063, 49.8824, -11.4912
5.26431, -315.227, 188.591
6.69051, 6.35335, -116.078
3.75764, -15.395, -108.212
6.98957, -51.174, -153.581
5.97428, -176.8, 61.2614
5.82752, 95.1853, -189.67
3.06838, 153.755, 82.8484
3.37987, 114.558, 572.362
2.91253, 65.0443, -559.709
6.68103, 160.41, -175.109
2.64818, 232.728, -775.561
6.34719, -36.6969, -27.6086
4.29829, -60.6783, 230.245
6.24626, -108.81, 38.9884
6.28385, -54.4497, -26.9992
3.60834, -384.729, 107.612
5.58305, 132.732, 75.421
3.66846, 53.5024, -87.5531
6.22052, -35.8123, 298.68
5.80997, 113.677, 73.9336
4.9209, 193.808, -279.729
2.58972, -279.734, 280.884
4.98291, -17.2221, -103.819
5.09587, -77.7354, 10.0691
4.71395, 87.7636, -175.972
4.14528, 353.218, -17.5201
3.52671, -200.829, -11.4846
7.19863, 63.4934, -135.53
2.85168, 54.6615, -229.796
3.30042, -33.7767, 322.722
6.70788, 58.2892, 5.67367
4.13614, -29.8047, -42.5831
6.85942, 130.607, -397.974
5.99896, 70.3939, 82.7205
5.52801, -98.8737, 1.9123
4.77536, -136.344, -138.724
2.91543, 340.293, -451.379
3.94883, 276.429, 190.804
6.51009, 144.654, 52.3291
6.81821, -130.982, -78.989
3.81831, 78.29, 94.9156
4.79881, 95.4027, -78.9444
4.95672, -88.2655, 127.23
5.82344, -150.425, 115.959
7.31738, 112.771, -100.426
7.23022, -98.3564, 35.0199
2.81902, -36.9675, 147.922
5.04829, 98.4574, -70.0635
6.13222, 44.5287, 92.5546
5.65882, -200.667, 35.1434
3.26658, 14.1735, 16.7575
5.09652, 87.8161, -175.563
3.52281, -148.037, 20.7891
6.03231, -34.5374, 52.7847
6.05786, 90.5285, -137.879
3.66304, -4.31562, -11.0867
6.80594, 82.3981, 44.6195
2.67122, 159.212, -422.757
6.26587, -26.2821, -6.2724
4.14789, 4.40161, -6.9697
4.65309, -254.622, -59.1494
7.33455, -197.645, -133.055
4.05803, 191.88, 256.558
5.69762, 192.207, -164.827
5.95386, -34.9205, 31.401
5.36403, -30.794, 175.109
6.60667, 175.52, -268.344
4.21807, 127.813, -134.468
5.09387, -9.66165, -55.4171
6.78438, -230.598, -103.664
6.18587, -162.89, -169.588
3.45992, 86.5171, 53.3671
2.83145, 9.24455, -241.938
3.60828, 114.655, -187.474
3.33656, 20.9916, -101.147
6.31172, -20.0382, 6.79676
5.44905, -109.162, 177.396
4.65223, 109.617, 28.8697
7.09618, -113.996, 140.67
5.09668, -113.519, -226.489
7.38058, 106.116, -120.56
5.15714, -18.1782, -48.676
2.98716, 103.613, 522.928
5.83983, -94.1908, -141.267
5.44444, 49.9478, -140.185
5.01137, -31.9496, -90.1078
2.75808, -128.802, -505.771
2.6753, -208.052, 32.5648
4.41484, -3.86707, -90.6183
5.55555, 151.657, 180.255
5.06574, 104.957, -52.6062
5.98498, 67.399, 68.3815
4.89891, 62.8806, 83.2125
3.88323, 214.169, 19.9149
6.01685, -48.1078, -279.109
3.67701, -20.1272, -126.325
6.41501, -39.3515, -116.309
6.60589, -34.067, -110.273
3.21842, -216.58, -393.844
5.75757, -148.209, 80.6187
3.87677, -0.121368, -75.8024
7.26215, -374.796, 537.744
4.58238, 15.6779, -129.276
3.03869, -59.6775, -251.278
4.70633, -79.6139, 67.6135
6.28811, 44.7916, -73.6273
2.77803, 47.8563, -53.9135
3.51241, 26.1504, -110.161
6.82305, 61.2579, -151.544
6.52456, -15.2416, -23.3547
2.78861, -153.305, -278.464
4.40304, -50.3093, 16.6836
4.56124, 18.1741, -135.101
2.80071, 161.353, -125.111
7.09746, 151.635, 93.5707
3.35398, 8.82684, 23.5897
6.51634, -23.113, -29.4478
3.88599, -90.7037, -90.3812
4.44586, -526, 294.884
7.19936, 51.209, -95.3155
6.24573, -60.2146, -275.05
3.44774, -358.074, 451.758
6.89581, -45.5778, -166.537
6.8953, -12.8934, 84.4652
3.30515, 14.6701, -154.317
5.87346, -28.3976, -124.432
6.89096, 2.96869, -146.549
6.98262, 38.1003, -220.074
3.06535, 43.7044, -165.732
5.93789, -31.0064, -194.671
3.21651, 146.769, 32.6028
3.6901, -97.1099, -109.606
5.64383, -230.676, 165.484
4.312, -76.132, -256.869
4.64437, 145.822, 112.635
4.91936, -328.981, 131.102
6.20379, 66.3415, 84.3926
3.23098, -169.399, 82.4448
7.36238, 8.46421, 38.596
7.3158, 113.859, -94.9546
3.14741, -416.554, 501.732
5.3784, 99.0572, 66.9506
4.66439, 68.7746, 473.387
5.50066, -10.6237, -86.5179
5.85098, -87.6255, -112.579
4.5137, 302.639, -68.1493
6.46691, 142.426, 125.542
4.89889, 149.923, -115.946
5.72449, 70.688, -175.292
4.28836, -372.473, 98.3297
5.96794, -35.9712, -144.678
5.83428, 108.584, 41.1886
3.22071, -36.9252, 44.1845
7.10415, -110.374, -28.2799
4.22228, -61.9392, -72.1486
6.66824, 24.6908, -27.6979
2.74349, -106.628, 131.068
3.27936, -503.11, 355.283
2.55765, -168.838, -9.15231
3.94327, 4.86637, -151.704
5.07295, -113.491, -64.3838
3.65948, 18.2501, 150.91
2.75022, -148.138, -69.6852
5.33091, -4.91032, -37.7025
6.69774, 20.7413, -142.05
4.28763, -2.24467, 64.9914
4.3452, -18.6902, -225.12
7.22226, -133.244, -134.405
4.72425, 23.083, -156.85
6.82086, -130.394, 47.8648
5.82654, -119.544, 70.3584
5.79297, 111.044, -240.216
7.10736, -216.113, 153.783
5.11536, 30.606, -101.319
5.45229, -85.0482, 55.1047
5.79944, 60.2327, 222.386
4.24765, 32.5306, -201.139
4.11714, -22.3364, -82.8743
7.08984, -8.47569, -139.868
3.08619, 313.384, -228.683
7.31268, -33.2285, -87.9641
5.17978, -41.2587, 17.0884
5.81447, 120.285, 109.996
5.48362, 295.702, -237.516
6.93363, 242.947, -44.7406
6.67999, 42.6442, 40.8718
6.69339, -94.6269, -139.132
6.85642, 70.2404, -84.319
2.5002, 167.512, -203.593
4.77274, -121.009, -10.3786
4.25696, -15.1529, -3.91356
5.80713, -257.574, 192.54
6.22234, -113.081, 4.30433
3.3821, 83.4129, 93.8158
7.4621, 105.534, -156.816
5.95466, -121.438, 27.9356
6.97862, 99.4139, -25.7776
3.51579, 447.161, 331.235
7.2356, 162.735, -208.405
4.88476, 294.212, -218.499
6.78578, 119.743, -175.788
6.41237, 133.452, 64.9347
5.70687, 37.3367, -196.944
3.14521, 143.801, -85.0913
5.77944, -60.9019, 177.973
3.09199, -95.8419, -10.5793
3.88793, -274.417, -22.5845
6.65548, -110.402, -125.083
6.14153, 47.895, -50.0254
6.74348, -314.823, 188.48
3.43989, -7.88945, 257.456
6.09602, -1.86401, 56.9232
4.25586, 84.2154, -97.3853
3.34555, 192.756, 1.15904
4.52383, 369.194, -88.1969
4.20924, 126.794, -105.78
6.67141, 110.305, -0.727345
3.9111, 162.228, 257.967
5.16766, -580.773, -279.33
6.25085, 94.0016, -225.032
4.62554, 87.2571, -36.834
4.66964, -146.581, -2.61943
3.03022, 129.03, 83.5813
6.4639, 32.0646, 26.8125
3.91232, 33.237, 142.114
7.14264, -115.319, -316.33
5.37926, -4.46715, -173.443
3.4895, -94.3605, 55.5882
5.99081, 29.4444, -42.6425
3.07265, 309.908, 234.193
4.22945, -167.406, -86.5906
4.15646, 19.6561, -6.26138
6.42735, 316.709, -213.782
6.65775, -47.8271, -224.748
4.21712, -141.649, 39.3953
4.2603, 99.2673, -118.816
6.38197, -31.0969, -22.1144
6.58658, 2.04745, -140.843
4.26157, 245.338, -253.085
7.09559, 99.7666, -61.2771
3.2877, -136.371, -60.504
5.56029, -198.682, 110.758
5.54222, -89.1066, -27.0889
3.16647, -72.7203, -98.1586
3.51409, 92.0275, -60.4896
4.79457, -55.8481, 43.3688
3.48759, 229.375, -30.3745
6.77118, -143.198, 33.3488
6.54562, 220.73, 21.0941
2.80131, -94.4453, 106.995
6.50584, -56.9405, 254.449
5.49597, 55.395, 12.411
7.43182, -40.9034, -0.945195
2.65919, 144.718, -133.914
6.8356, 80.0557, -197.983
3.69109, -46.4391, -0.198752
3.6127, 552.266, -309.026
4.73907, -198.399, -61.7718
2.61231, -186.803, 146.167
6.79755, -17.5695, -31.0604
4.15902, 319.304, -649.2
5.72195, 124.038, 143.018
7.43521, 111.675, 94.0424
5.30162, -58.9174, 169.623
4.74553, 210.638, -43.4732
5.213, 25.7189, 104.773
2.90797, 26.3282, -82.9847
3.99606, 440.861, -34.6548
6.63964, 110.317, 12.2027
6.48936, 375.343, -66.8196
5.71048, 2.15696, -152.048
4.84105, 79.4207, 99.2864
7.15326, 12.1178, -70.7653
5.08798, 23.9182, 67.4845
7.42924, 114.149, -165.704
5.94567, -64.6347, 83.7778
6.19966, 67.6075, 1.80108
3.46323, -349.2, -204.053
6.08881, -200.417, 98.9921
6.11146, -103.883, -79.6514
6.49298, 84.564, 46.8175
4.23216, 309.242, 27.3616
5.1481, -10.7436, -153.018
3.19001, -186.309, 166.33
6.73218, 49.5713, -50.8687
6.32766, -61.4045, 57.5357
7.5, 306.298, -219.275
4.24891, 242.602, 109.492
5.50367, -188.267, 11.0882
3.50808, 56.7716, -81.7161
6.2385, 223.259, -62.8684
6.49225, -199.554, -136.461
3.03505, -782.221, 456.872
5.35813, 29.8183, -44.5578
2.84683, -73.1793, 113.1
4.16036, 48.6464, 87.9216
5.80945, -28.9389, 3.2146
5.27726, -94.5082, -186.266
7.12415, -31.4049, -123.033
2.69832, 51.4874, -485.18
2.62083, 17.1898, 48.8003
4.61923, -277.013, 124.167
4.36987, 39.0439, -45.8034
2.93303, -299.197, -259.439
3.05403, -15.1307, 30.7978
5.31992, 344.383, -170.213
7.37269, -22.7244, -205.566
3.05066, -34.7513, 113.109
5.99352, 28.834, -140.135
2.79674, -122.706, -127.32
4.69755, -151.763, 70.4096
5.24651, 89.3307, 136.626
3.45129, -113.482, 66.4013
7.36597, 106.76, 27.8659
3.19593, 131.097, -66.5626
5.48978, 264.357, -280.529
7.12812, 11.6682, 39.5757
3.91116, -14.8156, -146.081
6.8307, 71.7149, -91.5685
6.29598, -123.69, -0.654006
6.10793, -88.6501, 1.22934
3.34241, 1.54529, -186.424
3.32882, -45.9851, 433.656
3.39076, 125.329, -64.5537
5.87226, -31.9151, 49.0826
4.83484, -61.1468, -38.6229
6.85219, -1.53958, -29.8664
5.76023, 109.293, 54.3293
5.80464, 143.583, 133.576
2.58037, 280.413, 105.771
4.30596, -56.7843, -70.7185
3.72747, -244.202, -266.089
6.93086, 197.999, 6.48643
5.23701, 188.261, 34.4774
6.57209, -134.168, 33.2823
5.24453, 116.645, -176.021
4.16156, 7.16145, -214.751
4.40213, 137.386, 115.28
2.52389, 260.534, 114.718
6.95226, 99.2142, -13.4134
6.16955, -159.678, 17.6338
6.04239, -19.1463, -146.072
5.1278, -237.202, 148.173
6.41065, -43.1681, -12.2111
3.42484, 74.7892, -137.464
5.72673, -73.907, -86.8822
3.42178, 25.8475, -68.3198
3.31214, 311.581, -137.402
2.65594, -337.015, 88.3081
7.42716, 1.5987, 77.7061
4.04559, 41.2069, -50.1726
4.11075, 69.4891, -35.2145
5.51155, -36.127, -101.497
2.89107, -325.584, 27.8579
3.93936, 136.054, -156.659
5.79307, -181.6, -14.861
7.36348, 4.5541, -29.452
7.27758, -418.917, -252.897
7.42745, 69.9655, 18.3108
7.30478, 241.998, 110.254
3.0073, -61.7857, 72.2071
3.71505, -115.101, -138.824
6.91151, -22.2763, 33.74
5.28805, -81.4227, -99.6456
6.7669, 33.0947, 28.2734
7.49145, -139.611, 127.802
3.99751, 56.3141, 288.305
6.33157, 183.555, 130.475
4.81901, -86.259, -2.6913
6.8168, 104.249, -28.929
6.99018, 30.5688, -95.7567
7.377, 2.78517, 84.4879
2.77405, -174.966, -5.55292
6.32605, 139.736, -96.4611
5.09219, -113.403, 185.86
3.46574, -174.635, -193.049
6.98252, 80.7841, -51.6225
6.38492, -103.688, -40.3898
2.75968, -57.9804, 51.8651
7.47331, -111.201, 203.605
5.93659, -59.3499, 14.4301
5.94854, 121.984, 107.841
6.57666, -208.706, 111.41
7.05426, -87.7829, -81.1949
3.34218, -117.41, -78.5679
5.24183, -380.232, 97.2726
6.53351, 24.8455, -69.1656
4.17803, -49.4416, 120.814
5.53435, -85.3788, 8.65229
6.59602, -114.54, 175.868
7.3485, -146.609, -140.719
6.29349, 26.2122, -114.102
3.72113, -128.305, -16.072
5.80589, 18.7327, -12.4838
4.21574, -632.522, -281.657
7.27146, -45.1683, -14.4091
2.60828, -16.4686, 315.267
4.54979, -132.091, 19.7564
2.55789, 642.115, -108.378
3.04964, 7.0856, -149.155
5.28259, -141.916, 93.8722
4.45466, 62.4355, -7.98217
7.20539, -3.74489, -148.32
2.55572, 173.259, -351.784
6.22897, -27.8794, -292.517
3.84293, -137.896, -119.955
4.27153, 23.4493, 51.4805
3.45835, -151.425, 113.755
5.14832, 50.8221, -10.0423
4.39478, 118.952, 154.918
3.16407, -25.3925, -39.7379
4.26563, 92.167, -7.00943
4.2497, 117.044, -16.8951
7.41084, 152.797, 58.8985
5.25961, -31.2457, 69.0651
4.99918, 86.6771, 110.711
3.58531, -92.6823, 36.2564
4.37311, 75.3521, 84.2661
6.78251, -637.616, -330.639
6.45578, 188.761, -340.749
3.9204, -208.083, 97.5117
5.07645, -133.336, 138.169
6.79238, -44.0194, -8.2886
7.07844, 50.6642, 92.6008
7.48941, 24.6159, -108.213
6.53177, 200.435, 150.906
5.22718, 103.045, 66.7789
7.3461, -127.788, 234.208
5.31931, -73.7596, 9.64377
4.03031, -173.849, 70.4225
5.41853, -144.641, -65.151
2.91197, -8.44506, -6.9082
5.47382, -91.9093, -9.41498
3.31968, -248.426, -422.377
6.46527, 195.109, 59.1143
2.95373, 259.077, -181.158
6.3072, 170.313, -101.493
6.83996, -12.7577, -51.1946
6.40105, -81.6332, -34.8628
6.61399, -38.9791, -137.123
6.70974, -64.6678, -40.6505
4.48328, -166.691, -124.821
6.508, -25.4997, -101.666
6.56811, -86.5442, -134.17
5.43493, -107.113, -148.823
4.64621, -38.0413, -52.1966
2.5002, -229.558, 60.7426
5.31153, -91.434, 5.69891
6.22632, -92.663, -148.432
3.89846, -175.132, -71.0261
2.93406, -11.7693, 101.015
3.5733, 112.529, -155.214
3.93296, 87.73, -156.487
4.86595, -345.997, 324.736
6.95893, 136.615, 105.917
5.91955, -184.732, 81.7769
3.54376, 77.4057, -140.785
6.67533, -102.739, -41.3642
7.09218, 43.5867, 22.4987
4.48244, -18.7553, 368.146
6.37858, -71.0625, -278.634
5.68161, -31.8781, -12.6991
6.64746, 58.4895, -102.183
3.40204, -160.796, 137.52
7.45927, -96.6714, 32.9556
6.70558, -63.4967, 195.167
4.65177, -204.445, -281.821
4.38589, 150.879, -24.6576
2.70802, -147.144, -12.8343
6.80715, 101.78, 25.6166
6.62116, 208.177, -200.456
6.25052, 109.939, -241.964
3.55801, 60.9098, -121.821
4.31029, -30.8626, -122.002
4.43545, 115.712, 47.3026
7.32918, 189.018, 139.635
6.5872, -28.6272, -177.374
4.5755, 260.067, 169.46
5.83759, -91.4742, -111.744
2.52101, 285.852, -26.4796
6.98048, -65.4547, -15.2948
3.68416, 4.11132, -152.857
3.79415, -127.449, -98.2965
5.4939, -91.1568, 57.8757
6.89823, 133.583, -109.001
6.16299, 76.9692, 102.338
6.0773, 146.583, 99.2768
3.57724, -170.263, 30.9478
6.30413, 144.562, -191.008
3.85351, 67.188, 95.9597
2.75246, 79.7817, 99.5646
4.78866, -113.074, 87.746
2.58759, -167.848, 253.816
3.01129, -218.712, 164.195
2.639, 191.508, -209.965
5.65921, 141.7, 6.27283
6.34425, -95.831, -53.4081
2.74132, -58.3236, 54.4789
6.6924, 128.629, 39.7009
6.76899, 51.2902, -39.8787
6.57649, -136.342, 74.9263
6.85188, 46.8022, 355.61
5.27222, 70.2141, -25.2266
6.12646, -60.568, -126.521
3.20424, 151.103, -126.706
6.6115, -64.0928, 108.953
5.51185, 148.551, 179.321
4.93856, -76.0715, 59.8708
6.14942, 63.1744, -137.952
4.05164, 55.3068, -61.4511
3.93925, -98.0845, 185.471
5.45857, -132.457, 197.486
5.34055, 205.219, -54.673
5.41059, 337.176, -60.048
2.84132, -13.8291, 196.927
4.34304, 349.146, 153.606
6.28475, 100.583, -28.1017
6.35297, 269.796, 6.9364
4.27217, 93.2335, -128.361
5.98913, 70.2253, -149.308
5.08005, -136.432, -196.48
5.94494, -57.5364, -146.655
6.18066, -33.6854, -277.257
2.56231, 110.15, -1.53682
7.16549, -78.6017, -68.1556
5.37826, 232.95, 126.982
3.05587, 651.448, 389.605
4.87388, -25.1118, 49.2761
3.24247, -80.921, -20.3659
4.22594, -58.4201, -94.8554
7.04476, -100.149, -44.3512
4.54571, -110.333, 36.6015
5.96642, 73.7847, -13.4243
3.35865, -23.1546, 1.51452
6.21715, 319.665, -278.9
4.16319, -56.4853, 27.8069
4.62157, -14.2839, -73.879
2.79523, -127.886, -53.1198
5.09005, -62.8287, -183.846
5.94425, 71.9924, 170.346
5.01149, -15.0862, -34.3251
6.56617, -28.9867, -23.0664
3.07974, -29.7759, -17.8071
5.24841, 7.03935, -383.411
5.06046, -164.914, -166.983
6.02649, 152.506, 103.284
5.65083, 50.2881, -129.481
4.0207, -5.99019, -10.5608
6.74719, -42.6595, -70.4751
3.39619, -80.1241, 143.558
2.61737, -17.6896, -43.3091
4.19467, 2.53925, -19.9579
3.43818, 165.453, 119.388
6.60467, 18.9694, -66.8987
6.72507, 26.8989, -208.935
6.78031, 110.221, -177.092
7.37454, -70.061, 91.0008
2.99587, -147.079, 50.1916
2.56182, 368.954, 388.541
2.58614, 325.327, -455.585
2.64527, -35.2571, 20.7788
4.1031, 230.007, 19.7828
6.17815, 296.403, -63.6294
3.14876, -36.6711, -203.191
2.5161, -85.8712, 126.674
6.91905, -127.754, 32.4149
3.70482, 72.325, 182.271
4.38481, -50.3726, 90.084
4.44879, -66.7682, -84.7402
2.81534, -256.798, -232.434
7.30792, 4.54582, -216.979
3.75349, -173.187, 68.6219
6.85376, 66.6233, -38.4869
2.85991, -230.955, 415.836
2.70653, -374.597, 504.389
3.46378, -63.0973, 60.6372
3.86708, 53.4599, -56.8726
7.4007, 26.7024, 41.179
3.60607, -90.0531, 149.584
6.43119, -122.235, 188.591
4.42306, 16.5707, 32.7284
3.78593, -47.769, 65.4076
3.91087, -61.7967, 6.91925
7.33834, -284.626, 170.589
4.22841, 350.93, 280.872
3.45922, -89.0156, -84.9193
5.05037, 108.381, -76.3968
5.21857, 22.3841, 348.389
5.72333, -27.64, 69.0588
3.89738, -253.149, 198.314
3.41887, -160.059, 152.724
2.71579, -111.049, 171.484
3.98408, 59.0654, -21.1666
4.25548, -66.0133, -151.486
7.09372, -186.137, 4.60409
5.81225, 9.15215, 47.7649
5.08041, 177.444, 76.9028
4.03763, -322.016, -213.879
3.0007, -64.5294, -241.492
3.47502, 289.601, 170.148
4.11407, -34.9788, -148.302
5.56182, 53.9736, 17.2415
5.13511, -134.766, 36.3844
3.45653, -42.8128, -159.685
4.7178, 131.719, 65.0285
4.48693, -167.466, 38.0634
6.28051, 3.38756, -11.3351
6.6213, -8.14847, -6.14141
5.51573, 295.863, 281.477
3.04573, 31.386, -11.6842
4.11797, -211.759, -17.365
5.03403, -91.5004, -101.085
4.76521, -119.622, -49.5819
4.77315, 18.4135, -41.3695
4.91125, 112.78, 79.7193
5.07896, -68.1364, 96.7833
4.50207, -0.845402, -104.475
4.22945, 141.147, 101.294
6.64533, -278.905, 123.681
3.02204, -97.5387, 364.785
6.40057, -49.1741, -186.914
3.19919, 51.7335, 69.0869
2.62171, -101.334, -135.097
6.0664, -43.35, 118.103
7.15538, -10.5714, -10.2644
7.47667, -49.6983, -86.2737
3.86264, -111.97, 8.70225
3.6923, 163.263, -108.419
3.87328, 144.217, 505.952
5.70836, 238.043, 116.051
5.17637, -113.157, -43.6408
6.8967, -40.6397, -61.408
6.75968, 118.84, 76.1896
2.98004, 67.8664, 89.595
4.66818, -8.7979, 8.55467
3.17045, -41.5389, -27.7309
5.86802, -17.6113, -99.2866
5.34964, 88.3711, 23.3945
3.66474, -91.1342, 454.174
5.50306, -150.843, -30.4515
2.6551, 203.882, 161.293
7.08512, -81.3049, 7.91892
3.82958, -290.538, -93.2664
6.50016, -3.87955, -15.634
5.46389, -24.2933, -29.7948
5.0822, -118.393, -56.34
5.2567, -104.129, -68.0341
3.47225, 320.226, 517.976
5.36152, 96.0099, 182.429
3.81992, 25.4523, -327.007
4.41648, -283.15, 293.084
2.73626, 251.627, 129.521
4.22823, -64.8825, 138.051
3.61594, -332.305, 206.218
3.81264, -161.392, -195.774
3.05141, 19.7302, 36.2705
7.40088, 5.08908, -104.216
5.93794, 73.0973, 42.7761
5.82158, 100.454, -81.1564
5.99501, 81.3054, -37.3686
2.68746, -105.94, 77.4127
3.6706, 157.957, 6.96599
3.95397, 207.947, 155.506
3.50543, -0.355267, -58.0062
2.7177, 54.7688, -184.942
2.56571, -188.198, 76.6564
6.07297, -148.625, 23.0377
6.88348, 242.96, 100.154
5.35088, -44.4048, 278.153
6.92743, 507.819, 473.8
5.20042, 94.1181, -33.514
3.31357, 221.842, -262.6
3.30492, 138.313, 181.849
7.19182, -63.1548, -28.7844
3.45628, -144.889, -34.8412
3.15761, 287.631, -177.144
4.41122, -106.724, 55.5172
6.12674, -36.6469, -170.493
2.50651, 103.234, -54.161
4.60222, -305.292, 146.67
5.18984, -79.6997, -183.422
4.86596, 62.6167, -129.091
6.33003, -121.178, -88.0642
2.9396, -149.305, 14.7626
7.04284, -49.5461, -146.336
3.20818, -189.305, -750.214
2.54782, -168.503, 10.4555
2.82267, -156.206, -86.0479
4.96742, -98.792, -131.158
5.40914, 119.132, 48.5895
4.03373, -74.846, 37.6463
4.57091, -157.093, -146.116
4.33401, 63.8018, -1.78101
3.42687, 34.3611, -184.171
2.76788, 187.944, 226.797
4.47222, -76.3312, -63.8526
3.98388, -15.1215, -161.434
5.05388, -155.437, -74.6171
3.75392, -45.6734, 227.096
5.01589, 146.116, 43.5246
2.51168, 2.88199, -159.309
7.01807, 281.143, -225.899
2.79181, 16.0759, 23.2736
5.17506, -31.3272, -98.0483
3.95754, -367.008, 194.384
7.3023, 10.9188, -103.992
4.73406, 166.627, 39.4731
5.08479, -100.548, -179.986
5.93861, -24.6814, -43.1842
2.72187, 161.989, -132.122
7.2946, -200.152, 229.061
5.70852, -132.538, -69.4021
2.80215, -79.5568, -13.2611
3.33964, -70.3691, -154.824
5.76491, -66.6859, -178.172
6.19864, 169.57, -206.467
3.57011, -47.8745, 82.19
4.31441, 152.314, 302.747
6.56981, -97.9652, 100.687
5.32057, -112.177, 52.9059
7.45886, -94.7331, 27.1318
6.5669, 9.64666, -3.70647
3.49157, -101.411, 208.63
2.50003, 46.6, 120.783
4.62608, 133.736, -163.881
4.07406, -198.121, -136.721
5.56218, 305.15, -90.8618
3.83351, 51.5806, 46.7223
4.39881, 103.926, 81.9533
5.43397, -244.122, -337.24
5.95636, 114.433, -2.34645
7.26736, 30.328, -10.1435
4.89785, -115.477, 62.6554
3.60319, -569.957, 66.3662
5.33741, 5.28055, -52.1557
6.09873, -40.954, -51.4787
4.4953, -222.139, 95.8704
3.48326, -94.1668, 107.522
6.66971, -19.3563, 162.157
5.59561, -377.793, 111.58
7.26866, -20.1491, -149.447
3.23222, -157.991, -165.564
5.38953, -14.3827, -35.4891
7.26796, -127.252, 61.6594
3.62331, 455.195, -162.573
7.25137, -94.1088, -30.7995
3.07874, -283.359, 186.747
2.58372, 106.981, 248.748
3.90465, 4.46673, -114.547
7.15042, -47.9417, 41.0557
3.04796, 144.885, 37.6259
6.77266, 20.9355, -150.099
5.68532, -10.5664, 133.157
5.63853, -60.9321, 52.7741
3.80589, -36.3662, -85.4786
5.13936, -118.257, 37.0442
7.16608, 61.4999, -114.168
3.98055, -143.926, -25.2688
4.78006, -173.734, -443.74
6.35659, 16.6525, -447.078
4.17193, 38.0495, -662.94
6.31775, -59.0444, 27.4266
6.65892, 123.309, -63.5292
2.64618, -100.687, 33.1583
4.31315, -278.442, 172.959
4.16221, 45.0287, -224.194
3.17675, -0.962891, -110.789
3.00839, -184.828, 300.089
5.11327, -185.69, -3.97693
3.52046, -31.1908, 21.315
5.00728, 88.9671, 8.65015
5.1371, 203.944, -47.6012
4.13422, 372.947, -231.093
4.75888, -118.929, -68.2622
6.85263, -37.2582, -106.077
4.72884, 5.25515, -42.4615
6.03726, -364.497, 137.02
6.83171, 126.71, -147.757
6.5822, -272.791, -4.36028
2.67504, 531.646, 322.307
3.8644, 219.495, -178.913
5.21858, 55.0958, 22.4239
3.19942, 214.012, -24.8293
5.57408, 69.1374, -56.1779
3.29182, -64.5048, 85.711
4.41129, -217.879, -35.7879
5.94997, -25.7931, -190.528
3.21128, -186.326, -9.12146
5.65284, -69.6069, 69.9859
3.15973, 60.1914, -211.18
7.13583, -110.401, 9.08992
5.53465, -131.631, 194.854
5.50388, -145.901, 34.1815
3.33635, -159.816, 137.255
3.301, -195.007, -753.224
5.91628, -6.24141, -123.36
5.1456, 77.9296, -11.7294
3.65264, 24.9958, -235.286
6.55373, 16.0027, -48.8716
5.76477, 58.3696, 11.409
4.08597, 164.21, -28.8381
2.53953, 168.132, -2.74517
3.49176, -68.6497, -94.0144
3.78831, -155.96, -201.527
3.03825, -233.525, 191.548
3.49545, 131.171, 111.264
6.75079, 387.532, -172.77
6.63912, -106.291, 18.9978
6.76813, 129.107, 56.5344
5.71027, 74.6557, -148.897
3.6787, 131.472, -205.022
6.80638, 57.9331, -64.1083
5.4745, 120.322, -114.278
2.52745, -385.832, -194.163
6.84925, 131.286, 65.0484
7.37729, -95.0596, -152.433
5.59653, 148.523, 61.1261
3.85574, -90.9562, 103.109
7.46973, 27.7257, -1.72407
4.60751, 123.063, -297.745
4.20537, 182.31, 15.1409
4.80717, -80.2756, -114.221
4.44822, 3.18077, 138.755
4.613, 167.461, 93.5635
2.84879, -107.679, -42.9636
5.5153, -212.068, -14.9231
7.36114, -3.20421, -137.428
5.07406, 252.105, 100.58
7.45461, -4.58486, -89.0573
5.84906, 60.5674, 228.455
4.01716, 271.314, 86.8512
3.47371, 119.809, 104.487
4.0109, -50.2499, 185.3
4.93946, -10.1578, 72.4043
4.72438, 64.8918, -23.7374
5.7844, 39.823, 41.0533
3.74227, -58.2852, -70.7442
4.72007, 199.092, 39.3951
5.75894, 76.6649, 1.5697
6.67472, 11.298, -104.11
6.03698, -4.50457, -149.778
4.93928, 110.107, 323.247
6.72039, -130.213, -158.804
7.00296, 55.1422, -26.9583
6.33082, 227.297, 29.3511
5.29453, 14.9735, -90.4974
2.70603, -43.3854, -31.1854
5.46749, -180.113, 147.794
2.68674, -80.0709, 306.097
4.53488, -40.7911, -120.907
2.84243, 168.009, -15.0807
7.38558, 110.038, -54.1262
2.5956, 351.678, 104.449
6.60363, -27.885, -178.34
5.2195, -275.603, 155.2
5.72828, -176.911, -49.0992
3.62934, 7.77681, -67.9899
2.733, 417.519, -535.333
3.63154, -93.9449, 113.435
4.58371, -42.6477, 397.35
6.40126, 19.9654, 216.639
3.72852, -112.961, 175.164
4.81411, -98.4214, 42.5189
6.14756, -210.988, 166.824
5.35237, -401.9, 101.834
5.45997, 135.85, 109.217
4.98425, -100.852, -61.4689
3.951, 68.5929, 123.52
4.71107, -83.104, -39.762
2.53669, 307.403, -371.457
7.41683, -20.6211, 58.7466
2.52822, 64.7104, 40.5414
4.8676, 12.5164, -299.872
5.86497, -144.443, -194.694
