6.27803, -159.653, -46.5436
3.5948, -45.5198, -181.176
5.89648, 95.6844, -217.192
5.09708, -96.8287, 194.516
2.76731, -330.573, 500.408
2.53849, 267.166, 183.616
4.58743, -401.655, -415.045
7.15218, 174.363, -27.3833
2.95982, -39.0614, 295.056
6.00595, -45.9097, -108.739
3.81226, 307.739, 171.084
4.14117, 101.076, -110.348
7.45519, 244.98, 61.9838
7.41275, -280.11, -202.987
5.75759, 138.275, -231.13
6.92354, 244.138, -216.999
6.33247, -60.4554, -113.943
3.87453, -108.633, -213.834
4.93259, -291.585, -195.88
2.80282, 645.829, 327.887
5.08146, 54.9659, 182.336
4.96988, 430.671, -455.053
7.23882, -196.051, -199.092
4.42071, -92.1489, -103.71
5.14874, 436.477, -431.486
2.75042, 353.555, -347.915
6.63909, 159.845, 108.776
5.94228, -163.516, -241.268
6.18112, -7.02891, 240.869
6.94286, 395.691, 286.133
4.25508, -61.2824, -109.492
6.72991, 144.317, 0.699648
3.84659, 161.614, 74.7043
4.83959, -87.8804, -260.996
3.2686, -269.182, -197.785
2.66527, 142.151, 79.6342
7.2768, 264.147, 147.39
6.95369, 243.229, 26.9273
3.29884, 211.734, 54.1386
3.15214, 211.359, -160.861
2.515, -609.911, -189.321
6.0491, -94.7615, -233.771
3.40448, -469.77, 409.821
5.76029, 230.405, -195.01
4.42907, 128.022, -217.797
3.23766, -43.0518, -115.032
5.45054, 102.72, 47.8298
3.24076, -160.342, 279.462
3.2091, 103.655, 240.4
4.94257, -272.244, -226.945
3.13015, 36.3631, 107.192
5.64635, -73.2567, -136.355
5.60817, 258.622, -215.143
4.88216, -325.715, 341.951
2.64188, -223.614, -253.251
3.21011, -262.817, 417.976
3.15594, -56.6196, 308.446
3.31099, -430.565, 449.207
3.76529, -3.49836, -152.084
4.77654, 306.698, -452.798
6.54472, -77.2602, -146.149
3.57624, -27.4157, 162.254
3.75063, 94.7208, 6.09733
5.02978, 66.5444, 170.46
6.27922, 117.723, 108.877
5.66369, 129.263, 54.209
5.9449, 215.028, 164.268
7.27207, 401.31, 296.811
5.18713, -501.21, 353.642
4.57014, -131.513, -185.114
4.70019, 21.8672, 93.7378
6.07821, 415.551, 348.439
6.20858, 268.099, 59.9329
5.12494, 438.661, -355.934
6.06711, -154.192, -190.699
5.91025, 222.979, -46.1214
6.82941, 156.142, -201.657
3.19597, -124.946, 384.548
3.57766, 149.455, -7.63429
5.0733, -238.973, -240.883
4.83766, 69.6141, 170.932
3.55759, -190.718, 520.456
5.65244, -236.417, 311.065
2.5044, -480.923, 195.22
4.09589, 222.418, -271.663
5.90281, 180.509, 173.313
6.0446, 140.565, -221.173
2.90869, -302.596, 342.665
3.56926, 175.042, -90.1916
4.44412, 53.7996, -354.002
4.44927, 400.602, 408.88
3.92018, 200.988, -164.807
4.6123, 187.017, 129.641
2.55658, -317.981, -303.619
3.72027, 454.027, -348.305
4.49072, -388.141, 401.34
6.64177, -307.543, 133.085
3.78584, 460.429, -381.513
3.59705, -302.695, -70.5272
6.47385, 190.935, 14.8738
5.8476, 184.365, 51.8802
5.49108, -364.697, 134.704
5.99917, -181.974, -173.032
5.13062, 149.32, -110.612
4.14833, 245.808, 58.9621
3.30844, -736.001, 177.313
6.56633, 45.8416, 61.8569
4.08004, 133.194, -80.5388
4.05369, -93.3336, -91.6049
4.65424, 170.737, -106.251
4.46509, -250.934, -361.176
4.43916, 273.128, -220.606
4.34871, -410.409, -315.411
5.88118, 279.443, -252.63
6.10384, -313.624, -231.144
7.20082, 198.726, 290.409
5.08573, -152.225, -132.18
5.5282, -14.2606, -81.4274
5.85049, -233.506, 308.316
5.11404, 103.233, -266.74
3.87105, -418.854, 384.437
7.08924, 144.606, -97.2715
3.73367, 343.73, -291.785
4.77876, 277.114, -123.97
3.30374, -297.006, 352.393
4.68319, 321.911, 196.62
7.45767, 253.78, 43.0906
6.26931, -270.542, 337.593
4.97846, -265.468, -273.556
7.01651, -295.924, -292.475
4.68213, 189.804, 132.87
5.09239, -219.822, -164.115
4.44866, 383.698, -196.308
5.63431, -117.314, -109.473
5.19331, 284.639, 85.9938
4.35955, 21.2131, -223.317
2.54674, 17.3924, -42.062
6.3794, 14.2911, -376.413
2.85317, -215.982, -161.962
3.98511, 194.02, -191.359
4.78581, 18.0664, -367.774
3.25156, -136.365, -230.136
5.97819, 31.2016, -275.984
4.15587, 208.336, 111.395
5.21197, 477.499, -393.701
2.64678, 476.199, -163.027
5.38086, 26.7717, -204.945
5.18133, 177.263, -35.3305
7.36678, -278.008, -172.644
5.57063, -60.2091, -127.319
5.26431, -576.085, 221.373
6.69051, -123.606, 209.566
3.75764, -221.349, 227.845
6.98957, 142.445, -6.80648
5.97428, 170.53, -217.223
5.82752, -274.225, -158.009
3.06838, -333.346, -190.993
3.37987, -94.8933, 537.21
2.91253, -36.2077, -432.332
6.68103, 12.4073, -20.9656
2.64818, 407.561, -814.838
6.34719, -63.9985, -93.2974
4.29829, -341.7, 399.512
6.24626, 2.33328, 378.733
6.28385, 193.276, 42.9409
3.60834, -539.398, -142.314
5.58305, 286.643, 101.714
3.66846, -188.712, -221.48
6.22052, -376.169, 337.629
5.80997, -307.478, -320.153
4.9209, 417.435, -438.334
2.58972, 47.9384, 48.125
4.98291, 186.178, 14.7694
5.09587, -308.604, -109.955
4.71395, -350.367, -83.0842
4.14528, 370.104, 191.626
3.52671, 241.875, 10.899
7.19863, 19.2322, 5.06358
2.85168, -352.386, -17.0342
3.30042, -34.161, 61.1325
6.70788, -102.276, -173.99
4.13614, -181.79, -203.647
6.85942, 242.325, -207.715
5.99896, 347.853, 301.068
5.52801, 23.8158, 120.701
4.77536, -37.3716, -193.258
2.91543, -17.831, -366.993
3.94883, 300.024, 348.934
6.51009, -265.913, -241.463
6.81821, 187.195, -4.221
3.81831, 264.549, -317.544
4.79881, -35.377, -205.115
4.95672, 45.872, -259.133
5.82344, -471.981, -113.483
7.31738, -271.145, -217.986
7.23022, 219.27, -197.923
2.81902, 196.488, -249.149
5.04829, -230.997, -210.616
6.13222, 351.871, 302.445
5.65882, 92.5458, 85.4042
3.26658, -426.064, -281.435
5.09652, -349.29, -78.022
3.52281, -358.309, 413.296
6.03231, 192.121, -288.773
6.05786, -304.827, -191.792
3.66304, 36.3631, -104.341
6.80594, 127.105, -20.1716
2.67122, 176.71, -66.9392
6.26587, -343.306, 145.925
4.14789, 158.427, 18.2016
4.65309, -386.961, -241.434
7.33455, 40.1668, 53.968
4.05803, 403.352, 323.722
5.69762, 413.867, -493.329
5.95386, 56.6934, 101.15
5.36403, -40.0704, 462.618
6.60667, 435.719, -541.695
4.21807, -81.8973, -107.077
5.09387, -343.942, -367.97
6.78438, -216.289, -163.953
6.18587, 126.731, -32.6636
3.45992, -213.968, 142.685
2.83145, -128.971, -3.84899
3.60828, 438.527, -393.423
3.33656, 168.47, -118.501
6.31172, 100.998, -117.048
5.44905, -271.647, 179.957
4.65223, 390.007, 447.627
7.09618, 87.0863, 155.672
5.09668, 201.194, -1.3904
7.38058, -203.37, -219.594
5.15714, -290.579, -301.747
2.98716, 193.467, 206.132
5.83983, 226.992, -60.1944
5.44444, 326.008, 17.1791
5.01137, -245.598, -260.637
2.75808, -459.437, -357.207
2.6753, -120.668, -254.383
4.41484, -43.418, -150.517
5.55555, 320.937, 171.407
5.06574, 456.95, 334.714
5.98498, 277.074, 177.975
4.89891, -15.5527, -185.227
3.88323, 281.684, 274.313
6.01685, -239.384, -307.246
3.67701, 125.118, 135.922
6.41501, -68.5841, -147.11
6.60589, -35.2539, 295.559
3.21842, -381.604, -376.388
5.75757, -371.431, 323.417
3.87677, 295.705, -298.879
7.26215, -408.593, 646.92
4.58238, -237.896, -148.137
3.03869, -18.7067, -80.1821
4.70633, -277.425, 349.052
6.28811, -113.102, -201.402
2.77803, -180.739, -225.087
3.51241, 171.515, -121.587
6.82305, 485.213, -399.267
6.52456, 39.3016, -211.369
2.78861, -436.166, -466.663
4.40304, -34.5113, -126.246
4.56124, 38.8253, 236.925
2.80071, 61.0552, 134.967
7.09746, 391.788, 331.234
3.35398, 320.466, 231.309
6.51634, -440.176, 125.974
3.88599, -45.7944, 77.7145
4.44586, -393.464, 323.003
7.19936, 3.9319, 342.209
6.24573, -152.617, -336.926
3.44774, -460.829, 594.546
6.89581, 209.298, -43.4223
6.8953, 132.808, -157.136
3.30515, -293.604, -183.113
5.87346, -221.708, -142.498
6.89096, 213.272, -69.2793
6.98262, 308.804, -168.653
3.06535, 58.1076, 248.181
5.93789, -271.405, -267.749
3.21651, -59.6007, -143.963
3.6901, 200.381, -27.5585
5.64383, 94.6149, 84.547
4.312, 95.3254, 7.14131
4.64437, 343.784, 326.294
4.91936, -213.876, -103.044
6.20379, -22.256, -186.594
3.23098, -298.651, 428.88
7.36238, -246.678, -222.328
7.3158, -283.099, -207.118
3.14741, -448.374, 612.678
5.3784, 58.1634, 15.6367
4.66439, 236.967, 279.634
5.50066, -170.574, -218.251
5.85098, -198.809, -197.944
4.5137, 498.188, 283.868
6.46691, 322.51, 294.148
4.89889, 26.9797, -279.283
5.72449, 292.009, 130.985
4.28836, -491.126, 361.093
5.96794, -255.755, -249.373
5.83428, -276.702, -288.842
3.22071, -269.842, 230.289
7.10415, -362.942, 115.098
4.22228, -109.853, -237.294
6.66824, -23.859, -167.272
2.74349, 171.341, -229.812
3.27936, -550.183, 278.619
2.55765, -65.2626, 336.48
3.94327, -73.6887, 318.25
5.07295, -85.2052, -270.586
3.65948, 247.199, 402.342
2.75022, -98.5657, -284.698
5.33091, -352.818, -364.317
6.69774, 40.4211, 208.398
4.28763, -270.12, -381.952
4.3452, 62.6712, 175.541
7.22226, 289.407, -37.2305
4.72425, -160.025, -166.041
6.82086, 164.762, 99.8789
5.82654, -261.095, -218.034
5.79297, 28.2855, 227.471
7.10736, -517.598, 435.436
5.11536, 359.175, -369.365
5.45229, 240.555, -211.785
5.79944, 344.969, 322.426
4.24765, 289.362, -155.996
4.11714, 237.674, 109.227
7.08984, 52.002, 237.427
3.08619, 482.186, -435.514
7.31268, 152.156, 73.2389
5.17978, -36.9724, -97.2721
5.81447, 370.831, 348.759
5.48362, 466.521, -424.654
6.93363, -281.986, -154.448
6.67999, -329.131, -259.848
6.69339, 223.328, -73.3924
6.85642, -48.1627, -84.9226
2.5002, -337.669, -133.966
4.77274, 100.215, 132.313
4.25696, -406.285, 134.88
5.80713, -231.648, 452.101
6.22234, -381.42, 93.7669
3.3821, 177.81, -65.1178
7.4621, 363.041, -358.217
5.95466, -383.473, 91.2533
6.97862, 268.241, 131.266
3.51579, 336.021, 352.1
7.2356, -280.203, -140.478
4.88476, 503.176, -421.152
6.78578, 467.634, -402.794
6.41237, -174.312, -88.9557
5.70687, 365.104, -399.289
3.14521, -128.495, 82.8681
5.77944, -34.4436, 459.146
3.09199, 3.72092, -288.706
3.88793, -186.641, 277.708
6.65548, -135.194, -230.676
6.14153, -415.647, -351.024
6.74348, -562.221, 215.204
3.43989, -329.472, 70.418
6.09602, 169.598, -153.375
4.25586, 258.573, 184.54
3.34555, -331.678, -127.442
4.52383, 421.26, -262.825
4.20924, 126.027, 207.496
6.67141, 252.348, 210.519
3.9111, 355.048, 410.124
5.16766, -663.431, -423.19
6.25085, 374.553, -393.898
4.62554, -268.632, -261.491
4.66964, -362.579, 372.56
3.03022, 464.685, -230.589
6.4639, -151.992, -155.29
3.91232, -268.862, -116.594
7.14264, -374.333, -297.507
5.37926, 142.553, -96.8842
3.4895, 251.871, -203.798
5.99081, 75.4376, -101.081
3.07265, 223.507, 168.651
4.22945, -136.572, 217.647
4.15646, -262.763, -224.27
6.42735, 451.643, -401.772
6.65775, 179.602, -33.6247
4.21712, -285.548, 378.761
4.2603, -64.0666, 189.776
6.38197, -78.0268, -99.0925
6.58658, 51.8857, 309.539
4.26157, 15.1585, -17.8752
7.09559, -288.868, -203.953
3.2877, 217.728, -28.8384
5.56029, -326.182, 343.213
5.54222, -275.2, 235.872
3.16647, -132.451, -211.504
3.51409, -364.237, -321.546
4.79457, -310.741, 396.83
3.48759, 177.09, 263.507
6.77118, -494.684, 51.833
6.54562, -211.201, -121.998
2.80131, -307.931, 359.607
6.50584, -346.704, 469.595
5.49597, -84.5443, -125.028
7.43182, -434.104, 104.629
2.65919, 188.887, 273.401
6.8356, 449.456, -349.64
3.69109, 121.746, 122.541
3.6127, 530.832, -82.9633
4.73907, -423.098, -353.872
2.61231, 150.79, -116.16
6.79755, 40.1186, -217.931
4.15902, 270.899, -266.377
5.72195, 256.088, 77.6173
7.43521, -285.508, -248.749
5.30162, 102.644, -164.983
4.74553, -55.9498, -320.696
5.213, -71.3086, -125.409
2.90797, 192.23, 139.849
3.99606, 22.8907, -235.458
6.63964, 337.604, 334.031
6.48936, 489.035, 204.885
5.71048, 48.4142, 238.755
4.84105, 190.92, 126.908
7.15326, -242.378, -155.487
5.08798, 36.9857, -216.908
7.42924, 458.68, -428.882
5.94567, -22.7953, -95.2459
6.19966, -69.2182, -120.13
3.46323, -543.143, -355.854
6.08881, -367.704, 338.889
6.11146, 232.515, 160.751
6.49298, 197.286, 150.126
4.23216, 354.554, -172.893
5.1481, -156.21, -245.346
3.19001, 154.766, -2.17659
6.73218, -220.209, -236.222
6.32766, -41.4831, -124.727
7.5, 482.644, -431.367
4.24891, 402.087, 406.923
5.50367, -338.968, 356.81
3.50808, -215.146, -277.535
6.2385, 164.865, -145.123
6.49225, 10.8352, 24.3935
3.03505, -792.334, 386.942
5.35813, -337.435, -266.851
2.84683, 176.888, -296.081
4.16036, 339.684, 313.943
5.80945, 162.372, -141.323
5.27726, -23.3444, -94.2204
7.12415, 162.26, 180.428
2.69832, -122.349, -460.394
2.62083, -156.756, -299.263
4.61923, 25.0445, -172.517
4.36987, 214.924, 114.667
2.93303, -212.298, -245.706
3.05403, 27.0414, -240.139
5.31992, 305.816, -368.302
7.37269, 60.3471, 128.44
3.05066, -5.94074, -157.717
5.99352, 49.2946, 281.287
2.79674, -231.326, -171.268
4.69755, 34.4381, 120.294
5.24651, 353.018, 476.829
3.45129, 226.486, -292.576
7.36597, 261.264, 157.471
3.19593, -21.3762, -183.643
5.48978, 426.654, -384.99
7.12812, -320.644, 370.2
3.91116, 73.1321, 316.298
6.8307, -109.402, -136.112
6.29598, -292.262, -153.026
6.10793, 204.911, -124.33
3.34241, -30.8955, -88.5603
3.32882, 264.711, 572.871
3.39076, -105.919, -80.1325
5.87226, 204.672, -171.646
4.83484, -93.7131, -302.4
6.85219, -381.33, -363.033
5.76023, -61.5241, -240.656
5.80464, 401.525, 337.144
2.58037, -184.651, -149.898
4.30596, -361.459, -383.218
3.72747, 36.9703, 17.4954
6.93086, -355.961, -276.802
5.23701, 530.064, 293.679
6.57209, -74.5397, -125.047
5.24453, -12.4916, 236.339
4.16156, 93.1758, 49.6479
4.40213, 141.837, -156.076
2.52389, 302.335, 352.714
6.95226, -64.4304, -126.587
6.16955, -350.062, 371.597
6.04239, 53.381, 265.075
5.1278, -174.76, 199.879
6.41065, -120.927, -89.0648
3.42484, -163.908, -100.373
5.72673, 211.862, 17.0827
3.42178, -207.186, -236.526
3.31214, 371.59, -310.785
2.65594, -276.113, 372.699
7.42716, -129.45, -55.988
4.04559, -78.0127, -184.006
4.11075, -247.411, -181.317
5.51155, 186.125, 104.138
2.89107, -428.25, -231.092
3.93936, 165.663, -80.8162
5.79307, -244.984, -138.528
7.36348, -389.097, -356.082
7.27758, -504.615, -333.481
7.42745, -189.012, -269.68
7.30478, -188.205, -149.304
3.0073, -240.554, 312.222
3.71505, -245.124, -121.761
6.91151, -138.038, -184.389
5.28805, 209.184, 20.6321
6.7669, 404.355, 247.071
7.49145, -387.812, 294.049
3.99751, 299.854, -146.883
6.33157, 374.173, 399.336
4.81901, 289.843, 73.7672
6.8168, -267.302, -269.661
6.99018, 81.2107, 35.6088
7.377, 105.966, -222.018
2.77405, 238.457, -15.0431
6.32605, 444.157, -328.944
5.09219, -309.355, 359.726
3.46574, 45.361, 57.8578
6.98252, 289.058, -194.576
6.38492, -375.396, 96.3384
2.75968, -71.2357, 273.954
7.47331, -293.938, 385.94
5.93659, -301.549, -145.356
5.94854, 373.053, 352.281
6.57666, -308.601, 295.924
7.05426, -294.712, -177.734
3.34218, 50.5555, -253.058
5.24183, -492.978, 371.814
6.53351, -211.735, -239.812
4.17803, 203.453, -182.459
5.53435, -133.222, -314.801
6.59602, -281.289, 210.666
7.3485, -89.5666, -195.443
6.29349, 180.169, -90.9635
3.72113, -135.08, -317.716
5.80589, -458.391, 120.646
4.21574, -719.18, -383.988
7.27146, 51.9385, -262.109
2.60828, 170.622, 529.714
4.54979, -459.82, 409.268
2.55789, 677.433, -377.258
3.04964, 61.764, -20.2264
5.28259, -381.479, 93.5591
4.45466, -167.355, -185.434
7.20539, -111.762, -176.699
2.55572, 386.261, -77.9926
6.22897, -230.469, -204.139
3.84293, 255.216, -71.7646
4.27153, 11.5247, -133.278
3.45835, -345.197, 472.477
5.14832, 285.971, 88.121
4.39478, 166.382, -85.7802
3.16407, -116.571, -81.9432
4.26563, -211.114, -129.006
4.2497, 434.729, 392.201
7.41084, 215.981, 167.308
5.25961, -31.2171, 59.9722
4.99918, 40.4139, -273.474
3.58531, -385.581, 112.674
4.37311, 228.001, -239.945
6.78251, -724.03, -433.286
6.45578, 438.298, -372.374
3.9204, -279.575, 300.053
5.07645, 172.698, 133.34
6.79238, -118.707, -293.365
7.07844, -41.052, -177.932
7.48941, 47.9808, 288.831
6.53177, 143.672, 22.0838
5.22718, -14.3685, -265.758
7.3461, -193.431, -109.496
5.31931, -428.229, 47.6237
4.03031, -307.704, 358.727
5.41853, 314.151, 189.991
2.91197, 202.412, -220.971
5.47382, 202.688, -120.854
3.31968, -479.267, -538.637
6.46527, -341.497, -162.13
2.95373, 524.872, 37.9027
6.3072, -152.283, -142.82
6.83996, 36.3105, -220.096
6.40105, 139.235, -17.6692
6.61399, 380.975, 291.321
6.70974, 196.469, -43.059
4.48328, 52.5379, -193.62
6.508, -13.4564, -67.6521
6.56811, 190.835, -61.8691
5.43493, -320.431, -291.075
4.64621, 5.56945, 87.4568
2.5002, -232.271, -158.312
5.31153, -335.688, 170.569
6.22632, 202.65, -62.5927
3.89846, 22.9331, 49.4513
2.93406, -226.362, 275.605
3.5733, 480.848, -410.644
3.93296, -166.826, 189.878
4.86595, -341.138, 371.616
6.95893, 418.908, 433.248
5.91955, 4.48219, -256.817
3.54376, 245.141, -336.08
6.67533, 108.299, -57.3719
7.09218, 403.415, 348.127
4.48244, -340.605, 36.1872
6.37858, 200.031, 110.175
5.68161, -94.7007, -268.682
6.64746, 302.339, 14.5759
3.40204, 9.49329, -248.478
7.45927, 219.454, -200.889
6.70558, 6.98507, -49.5265
4.65177, 104.617, 14.5695
4.38589, 315.487, 354.803
2.70802, 121.011, -217.706
6.80715, -247.368, -166.931
6.62116, 393.302, -380.056
6.25052, 85.9509, 125.713
3.55801, -87.5899, 236.523
4.31029, -220.075, -144.528
4.43545, -273.013, -301.777
7.32918, 392.887, 337.807
6.5872, 71.6817, 299.468
4.5755, 178.603, 348.451
5.83759, 223.431, -58.3765
2.52101, 461.941, 202.897
6.98048, -379.909, 73.184
3.68416, -22.7387, -101.265
3.79415, 112.441, 10.4406
5.4939, 206.889, -197.952
6.89823, -49.202, -126.199
6.16299, -260.264, -372.208
6.0773, 385.509, 352.863
3.57724, -427.647, 318.743
6.30413, 414.052, -339.048
3.85351, 203.282, -2.41394
2.75246, 190.803, 125.815
4.78866, 115.274, 96.5817
2.58759, 54.2204, 12.7325
3.01129, -173.608, 196.7
2.639, 15.6167, -22.895
5.65921, -90.0714, -113.54
6.34425, -37.6434, -177.574
2.74132, 211.456, -195.275
6.6924, -79.1362, -152.129
6.76899, -224.582, -241.278
6.57649, -414.637, 339.751
6.85188, 269.024, 457.69
5.27222, -163.353, -263.995
6.12646, -129.989, -235.88
3.20424, 175.717, 266.983
6.6115, 145.247, -209.373
5.51185, 319.407, 170.808
4.93856, 231.74, -219.996
6.14942, -70.1462, 222.503
4.05164, 370.258, -339.26
3.93925, -280.26, 179.351
5.45857, -304.266, 359.551
5.34055, 377.352, 288.923
5.41059, -193.74, -159.138
2.84132, -353.118, 353.541
4.34304, 263.349, 89.6131
6.28475, -307.102, -275.327
6.35297, -300.53, -208.393
4.27217, -309.545, -188.48
5.98913, -58.8143, 234.358
5.08005, -223.846, -198.646
5.94494, 224.228, -30.9922
6.18066, 87.0116, 269.427
2.56231, -63.0878, -119.311
7.16549, 153.902, 54.6475
5.37826, 291.291, 254.966
3.05587, 690.611, 601.666
4.87388, -136.706, -231.798
3.24247, 237.027, -85.9849
4.22594, 283.128, 127.418
7.04476, -368.228, 135.738
4.54571, 9.49073, 376.96
5.96642, -159.17, -278.889
3.35865, 98.1144, -116.825
6.21715, 458.615, -467.535
4.16319, -391.374, 345.566
4.62157, 130.061, 25.6527
2.79523, -26.0621, -230.865
5.09005, 195.852, 135.812
5.94425, 169.564, -257.061
5.01149, 32.4439, -214.248
6.56617, -107.915, -106.957
3.07974, -124.352, -90.673
5.24841, 185.254, -215.154
5.06046, 127.207, -30.2872
6.02649, 396.584, 266.127
5.65083, -93.1965, 244.709
4.0207, -150.313, -192.527
6.74719, 90.4784, 14.3777
3.39619, -5.32517, 99.5051
2.61737, -272.79, 31.3663
4.19467, 154.708, 81.9987
3.43818, 276.26, 220.9
6.60467, 63.5032, -61.3678
6.72507, -61.3558, -308.916
6.78031, 460.665, -401.736
7.37454, -297.324, 348.366
2.99587, 99.6459, -238.219
2.56182, 542.64, 484.949
2.58614, 297.627, -162.266
2.64527, 149.813, 143.386
4.1031, 155.487, 64.1847
6.17815, 297.219, -3.90015
3.14876, 222.541, -28.9349
2.5161, -285.052, 227.603
6.91905, -38.673, -136.655
3.70482, 163.374, -160.966
4.38481, -350.284, 360.45
4.44879, 107.398, 58.1298
2.81534, -15.8852, -73.6315
7.30792, 54.7842, 134.288
3.75349, 223.961, -230.351
6.85376, -151.682, -281.127
2.85991, -464.922, 405.91
2.70653, -414.712, 632.991
3.46378, 178.672, -196.159
3.86708, -113.822, 228.33
7.4007, -361.786, -282.169
3.60607, 109.456, -158.444
6.43119, -300.062, 382.2
4.42306, 111.589, -36.2008
3.78593, 299.734, -312.109
3.91087, -399.289, 133.657
7.33834, 97.2131, 51.5168
4.22841, 279.259, 61.1322
3.45922, -289.77, 271.372
5.05037, -293.423, -228.899
5.21857, -141.114, 544.832
5.72333, -135.224, -330.43
3.89738, -218.612, 491.054
3.41887, -60.2182, -160.799
2.71579, -323.962, 183.819
3.98408, -189.598, -223.289
4.25548, -24.9644, -71.7877
7.09372, -323.748, 382.691
5.81225, 145.306, -115.706
5.08041, 319.935, 313.76
4.03763, 67.7493, -95.7961
3.0007, -41.7068, -55.9469
3.47502, 347.568, -120.773
4.11407, -96.5707, -161.201
5.56182, 177.164, 13.126
5.13511, 332.203, -255.333
3.45653, -102.318, -98.8175
4.7178, -302.256, -357.862
4.48693, -367.682, 279.723
6.28051, -216.928, 275.384
6.6213, 295.411, 264.383
5.51573, 245.574, 120.394
3.04573, 100.708, -111.929
4.11797, 130.874, 46.1098
5.03403, 247.135, -112.826
4.76521, -233.953, 279.915
4.77315, 40.8379, -89.0629
4.91125, 403.52, 429.885
5.07896, 201.471, -277.013
4.50207, -11.5566, 217.652
4.22945, 372.579, 360.875
6.64533, 102.536, 84.9547
3.02204, -433.557, 131.019
6.40057, 183.82, 5.37355
3.19919, -45.7576, -197.432
2.62171, -420.288, -340.853
6.0664, 169.895, -158.839
7.15538, -75.3208, -113.669
7.47667, 234.829, -29.4482
3.86264, -380.245, 94.7625
3.6923, -101.419, -205.155
3.87328, 263.983, 608.944
5.70836, -178.846, -125.974
5.17637, 188.79, 34.1921
6.8967, 315.157, -269.892
6.75968, -294.524, -315.08
2.98004, 188.691, 28.4446
4.66818, -411.942, 137.654
3.17045, -67.5825, -102.136
5.86802, -53.1842, -86.2738
5.34964, -153.429, -149.492
3.66474, -184.774, 638.021
5.50306, 176.881, -137.604
2.6551, -66.741, -215.19
7.08512, 170.722, -149.154
3.82958, 17.9811, 107.057
6.50016, -177.111, -141.417
5.46389, -96.7465, -153.061
5.0822, 268.742, -20.4299
5.2567, 220.571, 57.7168
3.47225, 299.68, 431.128
5.36152, -59.491, -1.55042
3.81992, 167.585, -65.6714
4.41648, -457.861, 496.627
2.73626, -201.338, -99.0876
4.22823, 180.826, -183.393
3.61594, 101.894, -219.471
3.81264, -250.65, -95.4914
3.05141, 27.7859, -164.186
7.40088, -202.936, -211.941
5.93794, 326.251, 308.812
5.82158, -292.641, -233.671
5.99501, -279.382, -279.128
2.68746, -263.69, -235.148
3.6706, -97.991, -33.3959
3.95397, 420.63, 347.813
3.50543, -26.6203, -92.697
2.7177, 156.466, -46.2509
2.56571, -339.926, 245.164
6.07297, -358.566, 414.725
6.88348, -187.654, -146.008
5.35088, -298.83, 244.303
6.92743, 630.244, 612.57
5.20042, -204.05, -242.801
3.31357, 414.371, -430.378
3.30492, 427.746, 351.852
7.19182, 206.726, 45.5868
3.45628, -8.0034, -120.676
3.15761, 309.609, -376.517
4.41122, -8.01506, -191.105
6.12674, 229.68, -13.8037
2.50651, 456.137, 334.34
4.60222, -324.645, 294.081
5.18984, 197.133, 103.935
4.86596, -94.3425, 121.445
6.33003, 360.148, 139.04
2.9396, 93.1153, -310.462
7.04284, 105.351, -50.7337
3.20818, -335.932, -747.857
2.54782, 249.119, -29.2269
2.82267, 170.788, -59.2862
4.96742, 207.242, -63.6629
5.40914, 379.062, 246.697
4.03373, -307.276, 376.776
4.57091, 136.733, 57.4853
4.33401, -196.051, -195.128
3.42687, 38.454, 267.226
2.76788, 264.81, 66.1142
4.47222, 115.79, 51.2851
3.98388, -35.1263, -53.5314
5.05388, -441.046, 193.807
3.75392, -296.19, 247.825
5.01589, 389.022, 445.708
2.51168, 71.4594, 294.714
7.01807, 473.049, -432.512
2.79181, -323.454, -450.775
5.17506, -224.878, 233.34
3.95754, -495.42, 361.14
7.3023, -287.346, -273.786
4.73406, 293.612, 185.957
5.08479, 88.5554, -26.5006
5.93861, 14.378, -228.506
2.72187, -70.0215, -145.084
7.2946, -455.172, 456.684
5.70852, 209.562, 122.986
2.80215, 174.739, -171.382
3.33964, 92.6679, 21.7442
5.76491, 131.364, 93.8402
6.19864, -336.903, -137.157
3.57011, 257.734, 274.714
4.31441, 194.243, 25.3028
6.56981, -223.021, 308.433
5.32057, 266.458, -200.229
7.45886, -47.7845, -141.431
6.5669, -342.405, 139.029
3.49157, -256.215, 156.127
2.50003, 194.569, -126.272
4.62608, 441.768, -385.567
4.07406, 38.136, 60.9632
5.56218, 456.759, -296.464
3.83351, -45.743, -200.35
4.39881, -59.5469, -242.255
5.43397, 28.0248, -9.62379
5.95636, -289.571, -136.184
7.26736, -65.1748, -145.311
4.89785, -284.815, -86.1565
3.60319, -310.811, -82.4546
5.33741, -253.708, -436.1
6.09873, 115.382, 18.9722
4.4953, -313.917, 352.998
3.48326, -232.757, 313.32
6.66971, -387.703, -86.3353
5.59561, -553.416, -127.422
7.26866, 1.48393, -62.6744
3.23222, -21.5378, -126.069
5.38953, -11.5253, -164.38
7.26796, -374.064, 348.971
3.62331, 630.414, -390.547
7.25137, -276.033, 243.345
3.07874, 85.7157, -13.5413
2.58372, 189.735, 154.035
3.90465, -139.439, -189.386
7.15042, 40.8796, 91.2944
3.04796, 391.712, 447.938
6.77266, 87.314, 199.393
5.68532, -369.144, -47.0769
5.63853, 210.071, -200.547
3.80589, 314.499, 237.688
5.13936, -386.329, 101.265
7.16608, -103.899, 192.986
3.98055, 205.28, 29.0586
4.78006, 98.0049, -217.017
6.35659, -192.969, -598.857
4.17193, 169.267, -298.447
6.31775, -69.0127, -61.6724
6.65892, 181.035, 255.964
2.64618, -390.297, 432.861
4.31315, 108.963, 67.169
4.16221, 303.172, -167.921
3.17675, -211.915, -239.962
3.00839, -191.838, 516.434
5.11327, -262.092, 239.157
3.52046, -169.738, -180.707
5.00728, -296.206, -107.178
5.1371, 166.806, 243.824
4.13422, 256.873, -320.234
4.75888, 38.2417, -251.943
6.85263, -14.9844, 284.944
4.72884, 369.117, 197.935
6.03726, -522.313, -90.0941
6.83171, 451.006, -405.404
6.5822, 23.913, 50.4707
2.67504, 682.408, 442.062
3.8644, -122.409, -254.295
5.21858, -79.5964, -119.715
3.19942, -154.317, -54.6389
5.57408, -255.756, -112.365
3.29182, -372.793, -346.988
4.41129, 197.93, 32.2222
5.94997, -32.6407, -71.5248
3.21128, -376.968, 291.083
5.65284, -300.483, 360.038
3.15973, 33.6242, 216.803
7.13583, -391.867, 66.0877
5.53465, -305.163, 377.086
5.50388, -333.96, 106.621
3.33635, 13.3747, -206.698
3.301, -338.679, -746.611
5.91628, 74.562, 39.3455
5.1456, -147.186, -303.987
3.65264, 38.8659, 213.604
6.55373, -320.812, -278.85
5.76477, -53.8123, -113.46
4.08597, -268.721, -328.945
2.53953, -168.672, -47.8294
3.49176, 167.795, 316.502
3.78831, 295.97, -30.7209
3.03825, 76.3879, 84.2096
3.49545, 146.604, 55.6916
6.75079, 626.971, -303.681
6.63912, -387.776, 106.995
6.76813, -267.612, -334.044
5.71027, -53.8052, 311.282
3.6787, 468.251, -293.578
6.80638, -182.345, -210.592
5.4745, -49.9866, -6.6825
2.52745, 55.0783, 62.1289
6.84925, -316.334, -314.974
7.37729, 220.841, -69.2307
5.59653, 256.166, 125.915
3.85574, -287.952, 197.555
7.46973, -11.5793, -168.294
4.60751, -162.506, -510.912
4.20537, -295.189, -208.398
4.80717, 100.816, -13.7887
4.44822, 126.75, -17.6645
4.613, 181.258, 414.032
2.84879, 115.863, -1.31942
5.5153, -16.2368, -100.591
7.36114, 18.7815, -97.404
5.07406, -189.65, -156.845
7.45461, 43.1712, 59.6379
5.84906, 133.985, 241.314
4.01716, -75.1381, -206.94
3.47371, 376.577, 350.157
4.0109, -363.192, -48.0148
4.93946, -281.32, 223.556
4.72438, 423.772, 226.302
5.7844, 103.259, -152.371
3.74227, -360.558, -384.202
4.72007, 281.453, 239.274
5.75894, -185.994, -285.499
6.67472, -333.378, 115.233
6.03698, 40.5488, 264.249
4.93928, 45.7753, -83.1352
6.72039, 269.023, -34.257
7.00296, -167.809, -211.505
6.33082, -244.67, -93.3459
5.29453, 322.386, 242.35
2.70603, 194.367, 27.1779
5.46749, 127.226, 10.5554
2.68674, -310.328, 386.033
4.53488, 179.904, -95.7657
2.84243, -241.982, -91.5199
7.38558, -247.957, -102.364
2.5956, -127.93, -190.721
6.60363, -287.293, -234.03
5.2195, -489.648, 350.356
5.72828, 334.458, -184.119
3.62934, -23.4569, -224.653
2.733, 542.454, -583.151
3.63154, 72.543, -150.159
4.58371, -351.177, 352.291
6.40126, 188.707, -215.085
3.72852, -285.138, 207.17
4.81411, 60.8022, 71.3636
6.14756, 17.5468, 75.7025
5.35237, -473.364, 268.558
5.45997, 412.812, 417.032
4.98425, -316.884, 133.173
3.951, 284.283, 101.521
4.71107, -37.9456, -182.987
2.53669, 506.147, -474.494
7.41683, 129.318, -165.948
2.52822, -214.868, -251.949
4.8676, 174.82, 39.8466
5.86497, -213.859, -222.788
