6.27803, -3348.37, 1976.72
3.5948, -73.5523, 1196.37
5.89648, 327.242, -2.86442
5.09708, 525.119, 120.455
2.76731, 6457.07, -6606.85
2.53849, -2290.55, 2734.37
4.58743, 9054.42, 5371.91
7.15218, 318.292, -50.741
2.95982, 470.607, -351.386
6.00595, 258.792, -92.5286
3.81226, 141.757, -98.3975
4.14117, 332.833, -99.2656
7.45519, 771.092, -757.167
7.41275, 264.336, -145.784
5.75759, -500.723, -309.996
6.92354, 202.212, 129.73
6.33247, 36.4309, 38.0986
3.87453, -2520.22, -926.466
4.93259, -1392.54, -1112.23
2.80282, -8216.09, 2082.5
5.08146, 73.648, 78.5371
4.96988, -5739.79, 2147.1
7.23882, 375.252, 149.464
4.42071, 264.944, -35.7856
5.14874, -4327.12, 1129.47
2.75042, -319.847, 5745.62
6.63909, 402.833, 23.2004
5.94228, 793.027, -193.588
6.18112, 733.309, 76.2173
6.94286, -4255.29, -3697.73
4.25508, -313.994, 330.002
6.72991, 280.207, 266.267
3.84659, 865.118, -309.307
4.83959, -222.422, 646.036
3.2686, 29.5745, 0.0148029
2.66527, 860.272, -522.89
7.2768, -1427.25, -996.704
6.95369, 105.751, 109.97
3.29884, -213.682, 412.309
3.15214, 1816.96, -999.762
2.515, 3395.12, -610.376
6.0491, -92.1079, -1.15952
3.40448, 488.942, -20.1849
5.76029, -1037.54, 257.202
4.42907, -33.5759, 168.826
3.23766, 1385.34, 1476.54
5.45054, 874.647, 321.198
3.24076, 3041.05, -1461.54
3.2091, -2519.86, -1450.67
4.94257, -257.682, -189.43
3.13015, 396.251, -554.349
5.64635, 1093.6, 217.856
5.60817, 390.803, -147.961
4.88216, 3916.73, -5401.22
2.64188, -640.474, -139.971
3.21011, 4699.83, -682.253
3.15594, 584.044, -6.49798
3.31099, 1620.9, -2470.01
3.76529, -252.398, 161.493
4.77654, -5462.96, 2641.29
6.54472, -137.34, -1076.32
3.57624, 201.508, 63.4346
3.75063, 275.145, 20.3302
5.02978, -1250.73, -2210.45
6.27922, 272.242, -46.0093
5.66369, -1871.15, -3774.97
5.9449, -2370.57, -1761.56
7.27207, 202.493, -441.953
5.18713, 5640.58, -2858.48
4.57014, 127.717, -2473.24
4.70019, -386.511, -485.475
6.07821, -1952.36, -1852.14
6.20858, -2856.64, -2123.42
5.12494, -3678.62, 2947.08
6.06711, 279.413, -44.1384
5.91025, 425.971, 186.499
6.82941, 2212.92, -1763.09
3.19597, 473.224, 1792.01
3.57766, 249.834, 144.405
5.0733, 1342.85, 2368.86
4.83766, 284.876, -16.1895
3.55759, 4199.44, -4259.82
5.65244, -238.529, 407.21
2.5044, 3316.91, -4773.71
4.09589, -851.222, -2905.7
5.90281, 256.165, 44.748
6.0446, 120.868, -147.283
2.90869, 188.846, 2.18889
3.56926, -249.504, -530.012
4.44412, 258.896, -136.293
4.44927, -4242.15, -1434.42
3.92018, 89.9806, 640.521
4.6123, 205.485, -121.644
2.55658, -2426.6, -161.286
3.72027, -5853.41, 3087.91
4.49072, -2274.75, -3828.61
6.64177, 802.05, 261.943
3.78584, 641.949, -470.278
3.59705, -1220.71, 608.586
6.47385, 205.494, 47.086
5.8476, 1451.32, -390.827
5.49108, 468.036, 872.317
5.99917, 2779.84, 1837.55
5.13062, 248.231, 239.933
4.14833, 109.402, -206.321
3.30844, 6491.8, 1133.25
6.56633, 290.285, -132.616
4.08004, 73.3799, -691.05
4.05369, 788.96, 403.719
4.65424, 240.645, 39.2204
4.46509, 482.306, 226.239
4.43916, 252.005, -308.308
4.34871, 184.738, -231.346
5.88118, 305.358, 170.295
6.10384, 403.099, -376.101
7.20082, -2464.89, 1011.54
5.08573, 166.584, -42.7866
5.5282, -510.276, -194.038
5.85049, 1646.37, -2487.4
5.11404, 151.909, -179.165
3.87105, 324.206, 213.726
7.08924, 196.372, -20.4166
3.73367, 390.192, 119.791
4.77876, 464.165, -400.765
3.30374, 316.874, 91.323
4.68319, 193.6, -23.8473
7.45767, 869.63, -356.316
6.26931, 4214.1, -4092.84
4.97846, 53.5199, -836.675
7.01651, 110.799, -36.3506
4.68213, -263.868, 168.277
5.09239, 2245.47, -1777.9
4.44866, -1938.48, -3168.3
5.63431, 48.682, 48.4458
5.19331, 178.065, -47.4585
4.35955, 138.751, 1132.32
2.54674, -102.453, -829.801
6.3794, 326.461, 0.984575
2.85317, -488.034, -548.746
3.98511, 632.514, 107.229
4.78581, 115.611, 1644.77
3.25156, 582.999, 198.555
5.97819, 92.3077, -594.471
4.15587, -480.438, -559.638
5.21197, -3631.53, 6408.68
2.64678, -3517.98, -2284.94
5.38086, 329.436, -253.544
5.18133, 0.412624, -156.11
7.36678, 646.164, 297.459
5.57063, 215.815, 20.6058
5.26431, 2798.93, -4834.81
6.69051, 1196.36, -216.696
3.75764, 469.05, -1159.43
6.98957, 95.651, -78.643
5.97428, 100.671, 51.3953
5.82752, -491.11, 2455.62
3.06838, 584.062, -691.88
3.37987, -1716.89, -746.582
2.91253, -1826.44, 2945.65
6.68103, 521.882, 125.583
2.64818, 687.727, 3903.37
6.34719, 272.142, -74.1439
4.29829, 226.758, -3749.77
6.24626, -963.804, -344.939
6.28385, 257.177, -98.2312
3.60834, 2531.04, -1422.02
5.58305, -344.522, 228.815
3.66846, 563.322, 305.744
6.22052, -32.2676, -3713.6
5.80997, -250.856, -780.57
4.9209, -3547.26, 6431.88
2.58972, 730.606, 373.329
4.98291, -25.2678, 425.396
5.09587, 218.707, 47.309
4.71395, 694.524, 3438.55
4.14528, -2483.11, 1552.71
3.52671, 86.4987, -8.94176
7.19863, -1.40546, 1128.09
2.85168, 1156.99, 3133
3.30042, 405.872, -1214.31
6.70788, -2.86283, 151.962
4.13614, -20.9729, 13.774
6.85942, -63.1661, -13.3759
5.99896, 466.866, -7.24073
5.52801, 653.366, 45.0854
4.77536, 698.266, -178.64
2.91543, -219.835, 869.352
3.94883, -3537.56, -896.002
6.51009, -70.6304, -1.42317
6.81821, 233.348, -1336.37
3.81831, -4896.67, 384.39
4.79881, 756.174, 380.257
4.95672, 208.466, -111.006
5.82344, 1642.32, -2481.51
7.31738, 192.815, -212.413
7.23022, 377.139, 87.8135
2.81902, 1671.41, 85.4116
5.04829, -700.843, -610.501
6.13222, 368.392, -321.659
5.65882, 229.191, 99.7869
3.26658, -371.977, -558.792
5.09652, 695.271, 3436.77
3.52281, 6199.72, -1951.94
6.03231, 63.2073, 178.1
6.05786, -1318.35, 6605.65
3.66304, 300.856, 464.559
6.80594, 247.994, -109.036
2.67122, 294.236, 109.772
6.26587, 964.556, -118.585
4.14789, 361.135, 896.509
4.65309, 5591.63, -1451.87
7.33455, 74.0071, -402.534
4.05803, -1829.33, -1758.33
5.69762, -6451.81, -77.1431
5.95386, 315.164, -138.866
5.36403, -486.756, 309.649
6.60667, -3620.89, 6411.89
4.21807, -3907.34, 1505.51
5.09387, -90.3458, -173.785
6.78438, 225.479, 984.691
6.18587, 83.309, 763.342
3.45992, 1695.13, -767.34
2.83145, 316.78, -49.1378
3.60828, -4639.13, 2928.55
3.33656, 268.94, -206.638
6.31172, 157.94, -213.858
5.44905, 1708.77, -2302.49
4.65223, -6754.25, -466.24
7.09618, 1647.94, 1.67744
5.09668, -1031.82, -1553.37
7.38058, -541.03, 60.1505
5.15714, -30.4195, -65.5218
2.98716, -1168.89, 630.815
5.83983, -626.753, -590.972
5.44444, -601.204, 2914.84
5.01137, 329.217, 131.998
2.75808, 441.409, 1446.72
2.6753, -183.606, 272.314
4.41484, 138.599, 562.517
5.55555, -2861.92, -3171.76
5.06574, -6758.87, -470.942
5.98498, 303.26, 91.4482
4.89891, 333.662, -176.294
3.88323, -6934.3, 39.3388
6.01685, -311.617, 3159.29
3.67701, 186.46, -78.3924
6.41501, 252.858, -7.4396
6.60589, 504.318, 418.907
3.21842, 4315.89, 3710.16
5.75757, -383.589, -369.748
3.87677, -1417.91, -1855.07
7.26215, 3131.64, -1210.96
4.58238, 467.149, 264.445
3.03869, 132.286, -484.894
4.70633, 363.124, -413.424
6.28811, 134.667, -504.257
2.77803, 255.109, -48.3299
3.51241, 217.302, -101.585
6.82305, 404.185, -286.445
6.52456, 294.806, 171.315
2.78861, 700.121, 2014.54
4.40304, 46.9187, 180.331
4.56124, 49.178, 66.1703
2.80071, -1416.51, -621.59
7.09746, -1185.29, -1015.31
3.35398, 248.219, -80.0435
6.51634, 263.22, -471.732
3.88599, 2842.23, -761.719
4.44586, 79.9556, -102.607
7.19936, -2084.46, 1160.93
6.24573, 121.784, 3200.81
3.44774, 4682.84, -4749.65
6.89581, 264.089, -54.3129
6.8953, 104.969, -8.47891
3.30515, 207.928, -1770.54
5.87346, 286.976, 164.353
6.89096, 117.509, -33.1047
6.98262, -776.132, 4266.64
3.06535, 369.092, 16.0249
5.93789, -1911.58, -1452.52
3.21651, 89.3948, -559.77
3.6901, -898.417, 310.654
5.64383, 3303.23, -2263.4
4.312, 149.017, 131.627
4.64437, -2086.82, -1921
4.91936, 1757.43, -2076.46
6.20379, 95.9936, 1832.42
3.23098, 223.423, -399.285
7.36238, 98.3788, -63.9738
7.3158, 446.151, -70.8262
3.14741, 2923.72, -1816.1
5.3784, 159.527, 94.3472
4.66439, 179.14, -861.576
5.50066, 467.76, -65.1562
5.85098, 294.993, 444.177
4.5137, -3458.33, -1188.68
6.46691, -1937.92, -1663.31
4.89889, -4090.74, 2003.73
5.72449, 70.5272, 349.936
4.28836, 6492.88, -1014.57
5.96794, 120.332, -939.285
5.83428, 1054.81, 569.257
3.22071, 67.9991, -37.9378
7.10415, 202.197, -125.092
4.22228, 1258.64, 4404.68
6.66824, 180.245, -166.76
2.74349, 191.48, -1036.59
3.27936, 1465.62, -2444.72
2.55765, 663.487, -362.473
3.94327, 332.411, -172.834
5.07295, 126.842, 378.76
3.65948, 1274.21, -3958.48
2.75022, 552.134, -355.776
5.33091, 560.21, 134.339
6.69774, 602.246, -287.081
4.28763, 643.605, -31.7981
4.3452, 202.842, -954.047
7.22226, 194.794, -30.8992
4.72425, -1400.05, 4.17783
6.82086, 210.979, -162.853
5.82654, 205.21, -113.65
5.79297, 470.448, 262.864
7.10736, 2928.87, -2147.38
5.11536, -3685.51, 2945.24
5.45229, -59.7841, 861.969
5.79944, -228.192, -2990.53
4.24765, -1737.33, 1153.97
4.11714, 480.785, 365.476
7.08984, 233.741, 858.486
3.08619, -5436.64, 2113.89
7.31268, -439.192, 363.755
5.17978, 138.715, -23.5966
5.81447, 1847.18, 1040.52
5.48362, -5642.35, 2696.69
6.93363, 101.671, -1134.34
6.67999, 364.823, -72.683
6.69339, 140.426, -40.4973
6.85642, -397.504, -388.23
2.5002, -456.862, 2482.83
4.77274, -1146.11, -3439.41
4.25696, 1669.57, 138.151
5.80713, 5703.32, -4355.04
6.22234, -236.7, 224.274
3.3821, -1096.08, -4889.03
7.4621, -1334.1, 1547.25
5.95466, 477.868, -248.861
6.97862, -508.171, 82.8033
3.51579, -1365.53, -531.125
7.2356, 758.414, 535.812
4.88476, -5186.28, 2824.77
6.78578, -4641.57, 2930.22
6.41237, -195.957, 49.8592
5.70687, -3547.28, 3449.08
3.14521, 327.633, -178.81
5.77944, 169.552, -600.037
3.09199, 233.46, 39.6532
3.88793, 2969.78, 829.321
6.65548, 89.9124, 2763.17
6.14153, 4364.08, 5621.72
6.74348, 4868.55, -3642.19
3.43989, -377.62, 363.754
6.09602, 86.0794, -62.7974
4.25586, 14.7568, -622.854
3.34555, 352.594, 143.201
4.52383, -5222.83, 596.099
4.20924, 241.478, 100.875
6.67141, -237.904, 202.955
3.9111, -4026.07, -6527.35
5.16766, 4135.45, 2377.09
6.25085, 1232.94, -2195.7
4.62554, 549.122, 276.171
4.66964, 817.213, 167.654
3.03022, -3831.73, -2789.72
6.4639, 289.696, 269.535
3.91232, 436.209, 11.934
7.14264, 4318.98, 6692.99
5.37926, 411.705, 127.506
3.4895, -426.456, -322.673
5.99081, 285.511, 30.9232
3.07265, 926.799, -85.7295
4.22945, 57.0126, -915.961
4.15646, 147.088, -204.047
6.42735, -5686.1, 2744.7
6.65775, 280.182, -186.266
4.21712, 235.79, -60.1083
4.2603, -687.711, -72.422
6.38197, -25.0355, -33.322
6.58658, 179.818, -247.089
4.26157, -305.803, -571.824
7.09559, 226.942, 173.163
3.2877, 619.347, -45.7423
5.56029, -99.2463, -212.318
5.54222, 214.485, -170.738
3.16647, 3199.71, 3265.2
3.51409, 4101.94, 5582.74
4.79457, 322.088, -115.162
3.48759, -342.397, 1591.16
6.77118, 419.328, 311.652
6.54562, 1135.39, 996.285
2.80131, 2747.05, -1821.59
6.50584, 1740.02, -5109.79
5.49597, 439.857, -43.5121
7.43182, 97.6495, -103.276
2.65919, -414.926, -95.5872
6.8356, -3461.94, 4145.53
3.69109, -2046.89, -738.817
3.6127, 2170.03, 936.921
4.73907, 7148.3, 3334.7
2.61231, -294.65, -76.9635
6.79755, 131.13, -88.9615
4.15902, 484.557, -4254.06
5.72195, 784.335, -455.057
7.43521, -55.0243, -42.1919
5.30162, 209.641, 44.1685
4.74553, 175.073, -96.7289
5.213, 105.563, -435.683
2.90797, -2501.86, 873.811
3.99606, 1599.71, 3069.8
6.63964, -3883.53, -714.916
6.48936, -4478.08, 1931.81
5.71048, 444.238, -236.414
4.84105, 48.8361, 248.742
7.15326, 579.84, 2021.55
5.08798, 281.688, -789.853
7.42924, -4628.67, 2869.46
5.94567, -301.803, -160
6.19966, 180.298, -41.5206
3.46323, 1214.7, 1535.9
6.08881, 3071.34, -1762.04
6.11146, 889.619, -527.614
6.49298, 181.552, -130.726
4.23216, -5271.34, 341.888
5.1481, -2218.55, -1229.46
3.19001, 1226.57, -238.597
6.73218, 207.456, -159.595
6.32766, -329.394, -502.433
7.5, -5646.34, 2686.37
4.24891, -8103.43, -2625.65
5.50367, -655.411, -174.542
3.50808, -497.833, 3504.25
6.2385, -3667.04, 585.259
6.49225, 1000.52, -302.196
3.03505, -893.867, -284.463
5.35813, 224.606, 26.5562
2.84683, -5260.16, 1748.15
4.16036, 395.437, 841.071
5.80945, 188.148, 207.412
5.27726, 426.868, 4022.93
7.12415, 424.135, 607.974
2.69832, 338.455, 2841.12
2.62083, 748.763, 989.03
4.61923, 178.52, -213.142
4.36987, -906.516, 421.449
2.93303, 3733.92, 3684.24
3.05403, 291.164, 51.2077
5.31992, -5108.54, 158.865
7.37269, 148.955, -62.9175
3.05066, 143.695, -3887.99
5.99352, -3136.07, -3456.74
2.79674, 28.6138, 468.45
4.69755, 742.951, -590.534
5.24651, 1211.58, 546.983
3.45129, 51.1535, 112.325
7.36597, 280.541, 74.9793
3.19593, 269.647, -149.323
5.48978, -3137.34, 272.651
7.12812, 277.418, 540.382
3.91116, -1575.16, 362.033
6.8307, 505.473, -375.408
6.29598, 859.077, -1285.84
6.10793, 160.372, 21.1707
3.34241, 275.129, 3.12991
3.32882, 1423.57, -2619.09
3.39076, 359.371, -99.2516
5.87226, 165.11, 4.31433
4.83484, -381.598, 667.438
6.85219, 144.475, 32.3915
5.76023, -589.135, 326.195
5.80464, 1853.25, 1041.84
2.58037, 194.077, 89.4931
4.30596, 6041.31, 3403.85
3.72747, 124.779, 1057.36
6.93086, 126.959, -86.1614
5.23701, -7680.19, 140.614
6.57209, -505.046, -308.235
5.24453, 446.364, -69.2088
4.16156, 853.62, -335.702
4.40213, -1852.29, -3329.5
2.52389, 2116.22, 423.499
6.95226, 220.781, 30.8621
6.16955, 852.802, 251.957
6.04239, -197.516, 152.168
5.1278, 1995.46, -2882.83
6.41065, 153.243, 150.806
3.42484, 309.819, 152.743
5.72673, 227.624, 75.0856
3.42178, -27.4998, -139.721
3.31214, -1048.06, 692.916
2.65594, 1252.13, 1474.13
7.42716, 91.7927, -76.6895
4.04559, 598.867, 131.751
4.11075, -89.8922, -10.0757
5.51155, 258.684, -34.5474
2.89107, 5857.6, -1066.6
3.93936, -627.948, -20.1138
5.79307, -119.074, 601.509
7.36348, -24.0119, -64.963
7.27758, 4180.24, 1676.7
7.42745, 438.004, -113.027
7.30478, 159.356, -68.9731
3.0073, 943.274, 93.1383
3.71505, -20.5902, -72.7474
6.91151, 727.072, 89.8593
5.28805, 366.982, 10.3179
6.7669, 28.1124, 52.3164
7.49145, 260.769, -57.4643
3.99751, -4946.74, 1970.49
6.33157, -8919.83, -2895.82
4.81901, 920.407, -1287.56
6.8168, -216.195, -120.706
6.99018, 202.588, -93.5089
7.377, 788.968, -43.0826
2.77405, 675.97, -190.7
6.32605, -235.316, -391.925
5.09219, 1582.94, -2499.15
3.46574, -606.367, 229.835
6.98252, 183.106, -65.7781
6.38492, 185.861, 76.3253
2.75968, 808.049, -1678.92
7.47331, 1634.5, -2569.82
5.93659, 168.514, -80.3295
5.94854, 1816.73, 1011.92
6.57666, 3058.75, -1454.51
7.05426, -137.402, -50.317
3.34218, 2718.12, 5254.8
5.24183, 2969.11, -2220.1
6.53351, 132.341, 55.1227
4.17803, 325.621, -100.829
5.53435, 100.613, 559.632
6.59602, 1733.39, -2311.46
7.3485, 153.376, 89.8728
6.29349, 683.526, 509.051
3.72113, 67.2354, -1188.81
5.80589, 529.174, -141.614
4.21574, 46.6339, -87.2023
7.27146, 199.988, 169.753
2.60828, 3144.77, -3397.68
4.54979, 121.791, -49.552
2.55789, -4388.07, 3999.02
3.04964, 328.902, 1655.02
5.28259, 261.961, -146.944
4.45466, 294.597, 8.36143
7.20539, 209.203, -163.713
2.55572, -241.282, -15.1878
6.22897, 1132.01, -2679.6
3.84293, 70.3063, -286.501
4.27153, 187.356, 135.524
3.45835, 6503.33, -6640.38
5.14832, 454.494, 194.792
4.39478, -963.91, -5548.69
3.16407, 316.098, 118.572
4.26563, 140.61, -324.234
4.2497, -5232.07, 2702.34
7.41084, -2395.44, -1791.15
5.25961, 466.76, -59.1831
4.99918, -1997.25, -568.007
3.58531, 1514.6, -2226.04
4.37311, -262.215, -853.056
6.78251, 3394.92, 3058.76
6.45578, -3190.15, 6483.43
3.9204, 2992.06, -3799.73
5.07645, -213.557, -55.0407
6.79238, 485.54, 3.66191
7.07844, 142.477, -117.718
7.48941, -1975.86, -1651.38
6.53177, 159.561, -151.735
5.22718, 243.858, -608.705
7.3461, 881.105, 281.918
5.31931, 1160.03, 422.849
4.03031, -194.972, -455.031
5.41853, 83.4273, 20.8424
2.91197, 135.866, -411.816
5.47382, 305.301, 271.478
3.31968, 2945.9, 5750.53
6.46527, 516.567, 82.5056
2.95373, -393.149, 1651.62
6.3072, 74.1825, -756.785
6.83996, 183.102, 27.1443
6.40105, 211.338, -5.87469
6.61399, -1932.66, -285.706
6.70974, 226.037, 113.513
4.48328, 363.616, 599.1
6.508, 198.149, -163.941
6.56811, 343.458, 62.9025
5.43493, 432.533, 1009.86
4.64621, 196.58, 711.129
2.5002, -1253.19, 447.241
5.31153, 118.732, -155.998
6.22632, -688.144, 671.966
3.89846, 3491.62, 2102.15
2.93406, -870.989, -4963.32
3.5733, 886.493, 1084.23
3.93296, 809.839, 49.5478
4.86595, 72.4058, -45.3397
6.95893, -1951.91, -1684.05
5.91955, -563.329, 265.478
3.54376, -220.075, -124.981
6.67533, 283.197, 44.0281
7.09218, 279.127, -712.479
4.48244, 526.563, 228.546
6.37858, 1735.64, 75.5038
5.68161, 744.677, 280.144
6.64746, -292.855, -127.683
3.40204, 1786.41, 490.134
7.45927, 214.155, -80.3665
6.70558, 126.211, -151.587
4.65177, 335.632, -721.144
4.38589, 230.789, -79.9864
2.70802, 499.301, -610.591
6.80715, -691.231, -1073.69
6.62116, -4562.7, 2734.18
6.25052, 1833.78, 1237.54
3.55801, 123.881, 212.925
4.31029, -436.841, -290.691
4.43545, -218.591, -313.359
7.32918, -3315.49, -2075.51
6.5872, 404.872, 54.4834
4.5755, 2137.29, -322.492
5.83759, -256.259, 542.338
2.52101, -4439.82, 4677.62
6.98048, 352.802, 58.2122
3.68416, -265.252, 1126.34
3.79415, 204.626, 4.94514
5.4939, 1267.57, 173.83
6.89823, 581.751, -135.758
6.16299, 112.565, -178.576
6.0773, 762.919, -301.035
3.57724, 6499.88, -290.299
6.30413, -4414.05, 3478.35
3.85351, -123.39, -399.967
2.75246, 331.424, 85.245
4.78866, -1912.35, 490.317
2.58759, 11.478, 190.929
3.01129, 6652.64, -4225.39
2.639, 3206.92, -1932.99
5.65921, 102.439, 176.245
6.34425, 210.607, -145.173
2.74132, 367.317, -18.7027
6.6924, 328.259, 574.1
6.76899, 217.174, -39.0545
6.57649, -232.037, 729.375
6.85188, 475.262, -4654.11
5.27222, 996.555, -328.237
6.12646, 61.7059, 523.499
3.20424, -4798.04, 4105.78
6.6115, 147.861, -30.583
5.51185, -2864.12, -3169.03
4.93856, 213.256, -682.036
6.14942, 503.658, 303.27
4.05164, -1802.32, 1194.76
3.93925, 177.739, -496.186
5.45857, 2258.7, -2815.87
5.34055, -3295.49, 1758.1
5.41059, 2749.34, 2248.73
2.84132, -483.494, 284.265
4.34304, -1682.97, -547.81
6.28475, -442.472, 117.253
6.35297, 609.609, 3151.32
4.27217, 341.478, 434.287
5.98913, 340.873, -69.6687
5.08005, 1796.07, 1183.28
5.94494, 710.476, 282.717
6.18066, -1719.68, -1333.54
2.56231, -2943.07, -1789.25
7.16549, 126.491, 28.6305
5.37826, -178.641, -286.698
3.05587, 1011.71, 186.799
4.87388, -0.581307, -228.496
3.24247, 1856.38, -1011.98
4.22594, -9330.78, -2075.42
7.04476, 221.927, -169.568
4.54571, 2958.84, -1450.13
5.96642, 301.772, 24.1781
3.35865, 248.686, -64.1712
6.21715, -5076.84, 1764.87
4.16319, 286.234, 44.8759
4.62157, 48.8933, -39.4289
2.79523, 249.639, -50.9924
5.09005, 87.7363, -98.2796
5.94425, 380.215, -246.773
5.01149, 407.161, 183.504
6.56617, 150.641, 154.494
3.07974, 131.042, -479.074
5.24841, 861.174, -446.264
5.06046, 727.893, -59.2816
6.02649, -1954.08, -1666.71
5.65083, 186.472, -209.381
4.0207, 6.36113, -112.554
6.74719, 188.871, -32.2599
3.39619, 1737.43, -2367.47
2.61737, 360.119, 1120.77
4.19467, -0.721409, -125.716
3.43818, -1949.2, -1603.93
6.60467, 159.645, -82.7701
6.72507, 118.672, 3225.56
6.78031, -3283.95, 1820.83
7.37454, 92.7157, 136.819
2.99587, 3.63731, 540.093
2.56182, -4196.66, -3128.89
2.58614, 669.193, 717.7
2.64527, -238.969, -360.372
4.1031, -1797.74, -1744.95
6.17815, -3367.95, 2009.08
3.14876, 846.46, 104.216
2.5161, -3162.97, -645.832
6.91905, -876.047, -661.957
3.70482, 55.7796, 151.731
4.38481, 202.063, 1329.35
4.44879, -5.33025, -158.047
2.81534, 3878.28, 1472.14
7.30792, 163.752, -91.3938
3.75349, 422.419, -50.3601
6.85376, 388.847, 99.9801
2.85991, 3236.74, -4368.49
2.70653, 4235.6, -2603.05
3.46378, -600.193, 296.399
3.86708, -2195.42, -1969.24
7.4007, 170.871, -104.054
3.60607, 1285.26, -5336.37
6.43119, 1650.66, -2486
4.42306, -317.74, 1641.53
3.78593, -3047.85, 3523.77
3.91087, 124.849, 183.366
7.33834, 1244.77, 503.181
4.22841, 194.237, -105.547
3.45922, -597.378, -790.887
5.05037, -14.2158, 113.767
5.21857, 1188.12, -4765.73
5.72333, 1026.53, -270.899
3.89738, -978.914, 154.68
3.41887, 224.352, -369.66
2.71579, 2304.61, -2676.12
3.98408, -42.7233, 16.3708
4.25548, 867.667, -547.506
7.09372, 126.858, 35.4532
5.81225, 137.682, 562.206
5.08041, -1958.94, -1665.36
4.03763, 246.132, -41.4383
3.0007, 1913.62, 2053.74
3.47502, 109.837, 78.3783
4.11407, 3289.4, 3340.92
5.56182, 48.6229, -258.657
5.13511, 3026.24, -1455.44
3.45653, 137.715, 475.173
4.7178, 5791.49, 3403.91
4.48693, 6676.05, -1302.49
6.28051, 48.1141, -441.697
6.6213, 772.775, -344.244
5.51573, -231.773, 465.452
3.04573, 95.8821, -574.96
4.11797, 2437.93, -726.747
5.03403, 232.088, 42.3262
4.76521, 461.493, -515.649
4.77315, 657.554, 282.075
4.91125, 134.262, 32.8667
5.07896, -4563.41, 792.436
4.50207, -2233.14, -970.639
4.22945, -513.011, -301.741
6.64533, -38.0379, -444.392
3.02204, 2302.46, -1569.71
6.40057, 286.904, -13.5027
3.19919, 932.669, -601.757
2.62171, 4039.83, 4561.99
6.0664, -34.6809, 1181.73
7.15538, 133.364, 131.637
7.47667, 142.711, -144.465
3.86264, 75.2856, 151.155
3.6923, -1932.1, 175.206
3.87328, -459.763, -3188.76
5.70836, -645.827, -736.578
5.17637, 86.1389, -207.497
6.8967, -2921.53, 5147.83
6.75968, -226.488, 26.6083
2.98004, -106.127, -417.792
4.66818, 214.861, -269.377
3.17045, -8.58831, 227.436
5.86802, 227.36, 27.8674
5.34964, 256.011, -574.645
3.66474, 76.8297, -767.338
5.50306, 1046.67, 271.261
2.6551, 150.664, 113.465
7.08512, 208.431, -99.4617
3.82958, 429.592, -710.565
6.50016, 183.135, -102.327
5.46389, 187.678, -218.949
5.0822, 742.491, 74.3252
5.2567, 2338.54, -1217.17
3.47225, 623.532, -194.182
5.36152, -3048.05, 7.60799
3.81992, -648.554, 7064.39
4.41648, 2898.46, -5969.9
2.73626, -505.499, -312.233
4.22823, 556.731, -106.843
3.61594, -3110.22, 7516.07
3.81264, 227.506, -111.472
3.05141, 202.842, -51.9495
7.40088, 140.271, -218.825
5.93794, 718.19, -330.998
5.82158, 431.267, 99.2337
5.99501, 685.45, 209.417
2.68746, 294.493, 29.4813
3.6706, 384.557, -143.204
3.95397, -5832.47, -8774.92
3.50543, 298.771, -187.586
2.7177, -2734.63, 4113.6
2.56571, -1200.21, 96.981
6.07297, 6197.16, -1951.81
6.88348, 666.922, 133.886
5.35088, 1866.74, -3446.66
6.92743, -3147.46, -3601.19
5.20042, -1659.07, -578.978
3.31357, -1738.56, 132.835
3.30492, -2839.29, -2125.97
7.19182, 63.3166, 174.86
3.45628, 82.4856, 589.584
3.15761, -3019.31, -378.599
4.41122, 629.251, -554.311
6.12674, -582.372, 2917.46
2.50651, -6764.84, -472.387
4.60222, 4799.54, -2714.34
5.18984, -715.484, -81.8226
4.86596, -1345.9, -652.442
6.33003, -185.862, -194.585
2.9396, -920.527, -968.83
7.04284, 44.2251, 271.699
3.20818, 25.4706, -483.034
2.54782, 253.303, 526.82
2.82267, 14.8132, 682.189
4.96742, 90.0365, 182.405
5.40914, 154.96, 0.881812
4.03373, 3987.17, -6962.61
4.57091, 305.902, -49.6323
4.33401, 1706.23, 1959.85
3.42687, 449.721, -2405.57
2.76788, -2838.61, -2539.67
4.47222, 98.2752, 35.9947
3.98388, -1388.5, -1507.95
5.05388, 319.702, -161.14
3.75392, 2385.3, -3842.66
5.01589, -1412.26, 2437.52
2.51168, 134.777, -467.67
7.01807, -5633.19, 2697.82
2.79181, 3432.11, 3586.2
5.17506, 235.717, 3218.02
3.95754, 2794.73, -1111.94
7.3023, 119.496, -4.80926
4.73406, -3335.22, -1260.86
5.08479, 218.703, -51.7158
5.93861, 887.471, -735.576
2.72187, 104.189, -115.129
7.2946, 3842.14, -2777.99
5.70852, 192.891, 128.873
2.80215, 291.513, -188.975
3.33964, 590.429, 34.2178
5.76491, 264.883, 145.298
6.19864, -506.37, 2450.59
3.57011, 274.693, -617.36
4.31441, 811.348, -1901.68
6.56981, -237.716, 401.306
5.32057, 288.678, 47.3442
7.45886, 313.176, -231.958
6.5669, 190.48, 418.039
3.49157, 3491.39, -4424.26
2.50003, 4.89394, 500.019
4.62608, -3478.31, 4122.96
4.07406, 1837.95, 1136.54
5.56218, -3647.97, 611.068
3.83351, 299.276, -122.97
4.39881, 1592.12, 408.292
5.43397, 224.499, 31.0202
5.95636, -2181.57, 66.4214
7.26736, 232.821, 31.5597
4.89785, 135.191, 830.573
3.60319, 412.324, 861.543
5.33741, 900.259, 684.991
6.09873, -170.045, -90.7733
4.4953, 1823.05, 102.019
3.48326, 104.397, 224.707
6.66971, 552.779, -137.143
5.59561, 81.1077, -25.8139
7.26866, -254.996, 179.318
3.23222, -554.224, 506.808
5.38953, -337.135, -239.892
7.26796, 172.606, 13.9168
3.62331, -5705.19, 2835.09
7.25137, 145.824, 74.5666
3.07874, 968.559, -411.279
2.58372, 135.513, -99.58
3.90465, 9.24424, -1.10917
7.15042, 258.583, -435.468
3.04796, -413.303, -271.014
6.77266, 197.942, 32.1435
5.68532, 110.283, 38.033
5.63853, 199.177, 3.26032
3.80589, -681.284, 1352.44
5.13936, -936.085, 214.24
7.16608, 2183.01, 907.26
3.98055, -1199.2, 41.289
4.78006, 315.712, -93.405
6.35659, -1123.47, 4754.44
4.17193, -2039.1, -3307.66
6.31775, 567.62, 344.761
6.65892, -2239.68, 2560.91
2.64618, 2466.7, -1601.63
4.31315, -35.2487, -1050.39
4.16221, 342.126, 189.118
3.17675, 1984.3, 2091.14
3.00839, 1311.52, -4046.38
5.11327, 119.082, -309.396
3.52046, 899.931, -343.33
5.00728, 42.8339, -547.052
5.1371, -5028.2, 3398.93
4.13422, 401.531, 141.427
4.75888, 332.004, 16.3368
6.85263, -468.001, 280.273
4.72884, 496.63, -63.4687
6.03726, 403.529, 99.3168
6.83171, -1806.61, 352.161
6.5822, 526.721, -732.483
2.67504, -3897.87, -1516.76
3.8644, -903.289, 2088.47
5.21858, -1492.73, 995.64
3.19942, 4514.38, -705.038
5.57408, 145.406, 108.023
3.29182, 801.88, -425.491
4.41129, 683.741, 433.178
5.94997, -729.4, -307.733
3.21128, 3950.06, 16.2123
5.65284, 373.588, -113.517
3.15973, -3354.25, -1595.95
7.13583, 141.088, 31.6567
5.53465, 5515.78, -8416.69
5.50388, 637.042, 778.622
3.33635, 1138.6, -215.72
3.301, -1629.98, 2174.82
5.91628, 196.427, -264.115
5.1456, -237.877, 652.064
3.65264, -1997.97, 1104.81
6.55373, 377.712, -69.2915
5.76477, 455.65, 167.895
4.08597, -122.911, 748.737
2.53953, 182.715, -296.715
3.49176, 674.92, -28.9031
3.78831, 83.2194, 266.903
3.03825, 309.231, -1270.21
3.49545, -10.0087, -731.601
6.75079, -5880.41, 3105.21
6.63912, 226.507, 621.721
6.76813, 488.381, -3.3968
5.71027, 171.362, -175.231
3.6787, -2934.23, 3040.83
6.80638, 146.094, -7.97682
5.4745, 122.505, 181.301
2.52745, -1779.27, -1301.7
6.84925, -249.504, -784.756
7.37729, 76.8144, 53.6404
5.59653, -1947.81, -1682.1
3.85574, -188.431, -479.896
7.46973, 256.726, -25.2126
4.60751, -872.168, -708.072
4.20537, 520.133, -8.936
4.80717, 231.173, 66.7232
4.44822, -1076.48, -2973.69
4.613, -4849.25, -906.138
2.84879, 40.4687, 577.543
5.5153, -13.4474, 55.3571
7.36114, 139.592, -140.706
5.07406, 108.913, 107.992
7.45461, 254.286, 64.5855
5.84906, -2676.07, -6218.48
4.01716, 381.154, 295.493
3.47371, 760.696, -305.277
4.0109, -1231.15, -51.6528
4.93946, -234.976, -144.647
4.72438, 876.922, 116.85
5.7844, -423.849, 206.5
3.74227, 6040.89, 3404.83
4.72007, -1287.29, -1025
5.75894, 127.749, -77.8837
6.67472, 88.6863, 64.3243
6.03698, 76.0583, 929.392
4.93928, -69.8144, -1035.59
6.72039, 766.466, 74.3925
7.00296, 845.877, -695.571
6.33082, 362.603, -18.6143
5.29453, 708.74, 1215.41
2.70603, -715.117, 531.143
5.46749, 249.766, -160.818
2.68674, -40.5653, -3958.76
4.53488, -1224.65, 1230.23
2.84243, -60.6984, -567.79
7.38558, 219.111, -241.912
2.5956, 1916.44, 3142.45
6.60363, 89.8455, 62.4533
5.2195, 3951.17, -3377.08
5.72828, -101.085, 427.59
3.62934, -182.51, 200.733
2.733, 669.616, 3310.62
3.63154, 349.274, -267.444
4.58371, -125.228, -2648.72
6.40126, -306.012, -196.508
3.72852, 1728.28, -2306.69
4.81411, -110.913, -328.95
6.14756, -1218.58, -606.707
5.35237, 5596.23, -765.65
5.45997, 698.311, 222.01
4.98425, -1070.14, -59.3346
3.951, 238.749, 207.557
4.71107, 254.26, -196.904
2.53669, -3220.31, 7095.96
7.41683, 117.787, -127.043
2.52822, 160.048, -198.949
4.8676, 2093.95, 628.251
5.86497, 3830.24, 6563.87
