6.27803, -922.498, 458.392
3.5948, 293.811, 778.316
5.89648, 615.186, -351.927
5.09708, 44.7788, 231.051
2.76731, 1440.99, -1619.03
2.53849, 433.666, -179.429
4.58743, 2057.99, 1165.09
7.15218, 173.854, -72.5502
2.95982, -130.381, 485.657
6.00595, 629.725, 551.716
3.81226, 359.356, 157.308
4.14117, -6.9939, -67.4339
7.45519, -459.688, -591.005
7.41275, -25.7541, 89.9824
5.75759, 208.527, 528.884
6.92354, 121.38, -254.284
6.33247, 68.0288, 82.7827
3.87453, -781.331, 134.911
4.93259, 62.3154, 148.44
2.80282, -1713.46, 179.915
5.08146, 83.5837, 301.041
4.96988, -1329.22, 421.669
7.23882, -286.506, -212.003
4.42071, -65.6623, 105.203
5.14874, -1044.27, 438.105
2.75042, -290.086, 1313.44
6.63909, 342.808, 521.812
5.94228, -490.708, -123.499
6.18112, 24.3511, 230.525
6.94286, -1105.42, -1197.96
4.25508, -39.2731, 106.477
6.72991, 124.759, 310.425
3.84659, -48.4965, 147.55
4.83959, 690.233, 59.2504
3.2686, 9.84708, -347.552
2.66527, -151.172, 135.925
7.2768, -686.659, -705.45
6.95369, 347.759, 303.549
3.29884, -868.389, -15.1726
3.15214, -707.464, -321.75
2.515, 754.776, -85.3359
6.0491, -148.51, -247.56
3.40448, 804.724, -146.478
5.76029, 13.6856, -219.939
4.42907, 50.6686, -274.553
3.23766, 463.259, 749.626
5.45054, 215.071, 449.595
3.24076, 961.714, -434.274
3.2091, -862.883, -739.942
4.94257, -303.498, -378.325
3.13015, -742.06, -77.5887
5.64635, -604.784, -11.3667
5.60817, 60.051, -90.3164
4.88216, 1003.81, -1387.88
2.64188, 515.842, 805.054
3.21011, 1236.76, -331.458
3.15594, 165.645, 245.208
3.31099, 666.919, -973.725
3.76529, 458.173, -174.248
4.77654, -1540.56, 837.052
6.54472, -16.8512, 44.2771
3.57624, 152.422, 207.768
3.75063, 152.526, 680.461
5.02978, 329.242, 529.383
6.27922, 113.765, -125.922
5.66369, -457.362, -1096.98
5.9449, -992.048, -651.297
7.27207, -760.678, -310.542
5.18713, 1299.07, -687.978
4.57014, 144.27, 732.491
4.70019, 271.504, 475.875
6.07821, -803.878, -933.53
6.20858, -701.735, -906.79
5.12494, -1087.66, 992.739
6.06711, -15.2723, -3.62778
5.91025, 120.29, -56.4608
6.82941, 802.028, -626.985
3.19597, 726.814, 388.046
3.57766, -35.8605, -12.1905
5.0733, -80.0138, -364.14
4.83766, 339.224, 471.457
3.55759, 729.871, -1015.43
5.65244, 639.874, -401.729
2.5044, 784.953, -1086.47
4.09589, -67.9413, -1472.02
5.90281, 66.0496, 200.161
6.0446, -71.8111, -215.985
2.90869, 37.1312, 353.232
3.56926, 240.668, 131.495
4.44412, -74.5705, -178.627
4.44927, -1367.57, -546.849
3.92018, 238.419, -107.591
4.6123, 178.454, 238.153
2.55658, 647.849, 3.13066
3.72027, -1332.72, 728.284
4.49072, -320.347, -1228.81
6.64177, -135.045, 202.495
3.78584, -551.085, 462.196
3.59705, -574.075, -394.947
6.47385, 370.244, 349.051
5.8476, -534.519, -300.618
5.49108, -185.429, -461.827
5.99917, 1042.19, 481.439
5.13062, 18.4844, 102.699
4.14833, 126.685, -78.3982
3.30844, 1150.18, 166.977
6.56633, -210.441, -96.7786
4.08004, 673.849, 319.338
4.05369, 70.9028, -225.436
4.65424, -95.7518, 186.769
4.46509, 535.274, 64.0005
4.43916, 310.968, -407.166
4.34871, 113.358, 50.6808
5.88118, -492.857, -511.28
6.10384, 686.141, -28.3477
7.20082, -896.464, 49.2141
5.08573, 3.19825, -32.4156
5.5282, 632.983, 549.302
5.85049, 669.505, -970.922
5.11404, -423.16, 78.0365
3.87105, 213.487, 198.505
7.08924, 324.281, 411.036
3.73367, 149.194, 70.7718
4.77876, -403.666, 417.414
3.30374, -26.0626, -275.376
4.68319, -122.038, -363.816
7.45767, 308.553, -295.239
6.26931, 861.007, -1097.99
4.97846, 20.9161, -77.5165
7.01651, 22.6279, -24.6136
4.68213, 383.604, 295.787
5.09239, 860.403, -650.403
4.44866, -785.596, -895.441
5.63431, 39.2362, 87.5511
5.19331, 183.006, -19.3119
4.35955, 346.57, -219.003
2.54674, -29.7588, -113.468
6.3794, -115.243, -200.367
2.85317, -116.088, -15.3585
3.98511, 138.293, -239.408
4.78581, 26.0628, -66.0119
3.25156, 182.2, 102.619
5.97819, 369.36, 367.354
4.15587, 363.55, -220.826
5.21197, -876.732, 1471.37
2.64678, -1162.41, -267.344
5.38086, -256.711, -571.432
5.18133, 250.078, -159.895
7.36678, -545.683, 567.626
5.57063, 56.7097, 91.1623
5.26431, 803.189, -1050.9
6.69051, -57.9834, 358.871
3.75764, 89.4338, 531.768
6.98957, 46.9441, -49.4597
5.97428, 489.453, -189.607
5.82752, 262.224, 965.909
3.06838, 309.408, 342.041
3.37987, 412.688, -92.5802
2.91253, 89.7722, 152.717
6.68103, -259.924, 618.18
2.64818, -416.837, 245.726
6.34719, -90.6125, -114.668
4.29829, 216.177, -1153.05
6.24626, 818.335, -286.668
6.28385, 102.732, 150.858
3.60834, 968.989, 8.12664
5.58305, 10.4002, 7.12195
3.66846, -48.232, 72.6244
6.22052, 132.439, -1083.8
5.80997, 311.339, 557.273
4.9209, -794.822, 1530.02
2.58972, -624.194, 190.139
4.98291, 54.5322, 485.795
5.09587, -108.389, -88.7535
4.71395, 654.463, 1011.39
4.14528, -908.746, 65.9273
3.52671, 207.432, -357.914
7.19863, -260.347, 747.088
2.85168, 858.153, 760.838
3.30042, -100.458, -412.629
6.70788, 23.9353, 61.6102
4.13614, 347.725, 285.37
6.85942, 245.574, 539.193
5.99896, -379.92, -262.83
5.52801, -84.2211, 232.291
4.77536, 440.296, 581.181
2.91543, 1046.86, -16.5385
3.94883, -924.413, -765.017
6.51009, -362.631, -92.4622
6.81821, 517.887, 546.225
3.81831, -1413.35, 157.408
4.79881, 107.092, -248.064
4.95672, -87.3264, -250.789
5.82344, 582.282, -854.117
7.31738, -45.6835, 65.2768
7.23022, 197.999, 20.9458
2.81902, 154.695, -580.787
5.04829, 111.719, -34.6732
6.13222, -227.994, 0.745782
5.65882, 268.547, -2.08499
3.26658, -39.6533, -354.242
5.09652, 653.342, 1011.69
3.52281, 1615.36, -583.845
6.03231, 33.9733, -288.591
6.05786, -174.341, 1691.61
3.66304, 278.084, 206.105
6.80594, -289.642, -39.2411
2.67122, -450.148, -595.507
6.26587, 24.8786, 434.306
4.14789, 159.676, 119.205
4.65309, 1408.71, -157.027
7.33455, 231.53, 375.375
4.05803, -706.994, -727.944
5.69762, -1652.76, 163.896
5.95386, -68.9565, 43.4116
5.36403, 72.07, 60.4581
6.60667, -884.441, 1494.93
4.21807, -1047.78, 625.508
5.09387, -13.6395, 232.524
6.78438, 733.606, -6.50819
6.18587, 680.525, 476.169
3.45992, -78.4303, 67.3793
2.83145, -40.5702, 6.75505
3.60828, -1282.33, 812.215
3.33656, 48.048, -41.5554
6.31172, 64.0025, -49.4464
5.44905, 361.199, -953.703
4.65223, -1757.63, -294.773
7.09618, 833.57, -332.32
5.09668, -186.602, 360.56
7.38058, -487.618, 232.918
5.15714, 343.385, 284.677
2.98716, -297.582, 1036.6
5.83983, 304.803, 468.672
5.44444, -386.698, 956.855
5.01137, -19.4468, 60.9019
2.75808, 832.815, -28.8018
2.6753, 724.62, -311.091
4.41484, -43.0203, -16.1526
5.55555, -744.219, -1093.48
5.06574, -1749.54, -267.688
5.98498, 4.85548, -48.2918
4.89891, -10.5395, -321.507
3.88323, -1636, -30.9634
6.01685, -23.7406, 1165.66
3.67701, -26.5734, 152.258
6.41501, 88.8506, -82.2296
6.60589, 788.383, -415.978
3.21842, 814.856, 1013.7
5.75757, 630.462, -549.305
3.87677, -140.34, 351.768
7.26215, 381.646, -530.149
4.58238, 58.2355, -10.4778
3.03869, 89.528, 256.593
4.70633, 133.879, -21.4592
6.28811, 157.995, 75.6875
2.77803, 621.82, 571.839
3.51241, 122.693, 56.8917
6.82305, -156.686, 244.172
6.52456, -78.2936, 32.0905
2.78861, 299.29, 922.528
4.40304, -136.815, 77.0533
4.56124, 289.616, 133.072
2.80071, -542.25, -102.86
7.09746, -660.014, -630.453
3.35398, -62.5622, -86.5907
6.51634, -167.401, 180.89
3.88599, 423.616, 350.19
4.44586, 117.811, -131.055
7.19936, -910.225, -145.381
6.24573, 8.2825, 1123.59
3.44774, 738.718, -1025.65
6.89581, 157.528, -56.9009
6.8953, 179.151, -64.5993
3.30515, -60.6774, -247.135
5.87346, -106.708, 248.898
6.89096, 91.9337, -165.846
6.98262, -478.339, 1150.19
3.06535, 31.8362, 63.3081
5.93789, 336.121, 565.566
3.21651, -190.721, -386.702
3.6901, 470.692, -182.858
5.64383, 756.5, -632.252
4.312, 426.684, 323.744
4.64437, -790.539, -667.828
4.91936, 577.317, -534.527
6.20379, -238.425, -445.782
3.23098, 687.714, -397.013
7.36238, -290.548, -136.18
7.3158, 71.4222, -90.9811
3.14741, 624.672, -518.669
5.3784, -416.966, -336.334
4.66439, -365.57, 31.9638
5.50066, -49.3309, 73.6346
5.85098, -156.825, -94.1306
4.5137, -1113.32, -394.822
6.46691, -833.272, -658.147
4.89889, -966.393, 802.302
5.72449, -661.737, 361.517
4.28836, 1468.73, -325.272
5.96794, -95.7937, 601.602
5.83428, 248.41, 390.222
3.22071, 670.625, -391.7
7.10415, -64.6777, 47.4554
4.22228, 571.812, 1285.25
6.66824, -189.519, -223.869
2.74349, 492.678, -182.343
3.27936, 391.625, -265.495
2.55765, 568.965, -298.199
3.94327, -62.9061, -5.79762
5.07295, 235.652, -250.893
3.65948, 154.188, -1270.97
2.75022, 277.62, -234.226
5.33091, -20.9453, 61.3983
6.69774, 11.3721, 226.929
4.28763, 462.012, 633.277
4.3452, 371.585, 353.032
7.22226, 398.463, 210.2
4.72425, -743.998, 409.49
6.82086, 37.0454, 141.156
5.82654, 313.563, -510.603
5.79297, -556.273, -345.361
7.10736, 993.45, -715.288
5.11536, -1077.99, 989.507
5.45229, -632.047, -342.543
5.79944, -231.488, -1099.87
4.24765, -833.171, 393.441
4.11714, 498.358, -82.9848
7.08984, 391.317, 368.177
3.08619, -1245.1, 494.055
7.31268, 188.99, -170.547
5.17978, 271.132, -137.78
5.81447, -524.411, -158.978
5.48362, -1361.6, 596.593
6.93363, -261.09, 186.811
6.67999, -141.853, -229.286
6.69339, 299.538, 451.677
6.85642, 54.829, -275.565
2.5002, 314.898, 852.406
4.77274, 85.1895, 457.623
4.25696, 1010, -120.946
5.80713, 1206.9, -1147.54
6.22234, 173.191, -147.411
3.3821, -423.405, -1300.09
7.4621, -583.744, 821.705
5.95466, 402.25, -298.359
6.97862, 176.281, 52.9018
3.51579, -293.343, -243.418
7.2356, 90.8679, 678.733
4.88476, -1350.29, 585.046
6.78578, -1285.88, 815.898
6.41237, -269.497, -507.387
5.70687, -1092.32, 979.545
3.14521, -273.276, 568.116
5.77944, 155.051, -611.576
3.09199, -21.2488, 62.067
3.88793, 1059.99, 64.4198
6.65548, 296.923, 1093.46
6.14153, 1181.32, 1467.47
6.74348, 1218.28, -908.815
3.43989, -103.555, -654.091
6.09602, -41.8913, -414.272
4.25586, -354.362, 560.131
3.34555, 545.282, 756.753
4.52383, -1194.67, 210.649
4.20924, 178.945, 206.608
6.67141, 46.8088, 155.199
3.9111, -917.796, -1486.65
5.16766, 685.846, 536.376
6.25085, -314.157, 310.704
4.62554, -19.923, 116.651
4.66964, 1020.78, -99.2929
3.03022, -1243.65, -442.852
6.4639, -253.842, -366.781
3.91232, -151.963, -133.487
7.14264, 1146.4, 1345.64
5.37926, 333.81, 415.626
3.4895, 140.123, -596.697
5.99081, 154.362, 282.142
3.07265, -362.149, -495.191
4.22945, 551.884, 647.061
4.15646, -96.0142, -411.92
6.42735, -1315.42, 646.518
6.65775, 394.227, 335.164
4.21712, 839.985, -471.857
4.2603, 223.194, 250.026
6.38197, -187.793, 70.2493
6.58658, -448.206, -337.749
4.26157, -50.1739, -109.968
7.09559, -170.937, -30.0434
3.2877, 653.222, 502.217
5.56029, 642.414, -538.312
5.54222, 2.51724, -10.9954
3.16647, 857.86, 1118.98
3.51409, 1009.49, 1484.45
4.79457, -219.727, 58.7566
3.48759, -584.854, 418.59
6.77118, 63.4172, -134.55
6.54562, -482.006, -308.976
2.80131, 642.541, -845.201
6.50584, 529.109, -1432.02
5.49597, 1.39785, 172.391
7.43182, -146.608, 85.5942
2.65919, -773.065, 62.4418
6.8356, -938.873, 1150.42
3.69109, 0.188875, 535.427
3.6127, 124.012, -662.148
4.73907, 1715.36, 796.7
2.61231, 453.892, -213.56
6.79755, -149.397, 11.6531
4.15902, 390.742, -1698.41
5.72195, -440.637, -281.108
7.43521, 570.388, -93.4058
5.30162, 247.343, -416.033
4.74553, 30.9117, 18.9053
5.213, 77.8083, 63.9731
2.90797, 136.292, 15.0601
3.99606, 1023.17, 866.453
6.63964, -1272.55, -307.65
6.48936, -991.828, 251.106
5.71048, -5.46543, -29.7461
4.84105, -202.305, -176.487
7.15326, 367.995, 1010.96
5.08798, -394.406, -229.501
7.42924, -1264.54, 848.239
5.94567, -71.897, 218.84
6.19966, 71.3849, 79.3579
3.46323, 807.817, 480.234
6.08881, 1060.57, -754.766
6.11146, 236.409, 548.961
6.49298, -238.338, -107.619
4.23216, -1337.52, 207.573
5.1481, 224.282, 522.953
3.19001, 281.081, -676.098
6.73218, 5.23878, -83.9578
6.32766, 285.584, -127.342
7.5, -1351.88, 595.531
4.24891, -1818.38, -732.692
5.50367, 937.348, -33.8927
3.50808, -23.6113, 1295.47
6.2385, -1058.78, 182.097
6.49225, 280.385, 428.487
3.03505, -370.957, 470.607
5.35813, -52.806, 116.573
2.84683, -1615.93, 596.537
4.16036, -113.8, -173.118
5.80945, -28.4145, 222.008
5.27726, 285.26, 1210.52
7.12415, 186.684, -55.2513
2.69832, 233.366, 703.554
2.62083, 761.65, 734.597
4.61923, 183.488, 259.818
4.36987, 72.0992, 369.374
2.93303, 893.079, 699.583
3.05403, 115.171, -128.471
5.31992, -1187.93, 155.548
7.37269, -89.4488, 204.197
3.05066, 42.9666, -1289.82
5.99352, -1001.43, -1172.14
2.79674, 325.544, 946.556
4.69755, 31.508, -26.8082
5.24651, -627.361, -517.777
3.45129, 23.0093, -106.598
7.36597, 125.904, -244.954
3.19593, 9.24498, -483.111
5.48978, -1023.12, 300.217
7.12812, 214.211, -814.146
3.91116, 140.123, 415.732
6.8307, -27.7729, -122.33
6.29598, 601.431, -656.874
6.10793, 143.925, -314.071
3.34241, 393.711, 568.182
3.32882, -323.753, -770.259
3.39076, -45.1804, -204.889
5.87226, 66.55, -155.966
4.83484, -196.292, -53.8169
6.85219, -52.5562, 113.745
5.76023, -161.902, -341.736
5.80464, -524.43, -155.386
2.58037, 104.87, 250.123
4.30596, 1546.58, 982.331
3.72747, -19.5877, -321.942
6.93086, 695.401, 739.637
5.23701, -1898.83, 16.1525
6.57209, 41.7102, -268.914
5.24453, -465.353, -633.914
4.16156, 153.418, 301.401
4.40213, -627.838, -1024.59
2.52389, -573.269, -19.484
6.95226, 264.682, 56.996
6.16955, 527.566, -56.5168
6.04239, 345.071, 382.102
5.1278, 829.8, -762.96
6.41065, -108.371, -46.6147
3.42484, -140.455, 89.6025
5.72673, -76.6991, 139.485
3.42178, -185.365, 14.7976
3.31214, -878.729, 259.702
2.65594, 774.1, 91.785
7.42716, -96.8214, 127.339
4.04559, -32.5028, -58.7047
4.11075, -43.8645, 200.621
5.51155, 43.4232, -38.2065
2.89107, 1326.87, 19.2416
3.93936, -180.347, 244.705
5.79307, 677.759, -497.416
7.36348, -109.044, -57.242
7.27758, 1038.25, 341.329
7.42745, -357.759, -163.788
7.30478, -169.686, 103.611
3.0073, -47.7776, -214.597
3.71505, -129.903, 202.919
6.91151, -53.1229, 3.87087
5.28805, 336.031, 391.947
6.7669, 146.688, 119.808
7.49145, 749.387, -351.024
3.99751, -1110.99, 870.218
6.33157, -2037.4, -765.076
4.81901, -750.498, 48.7219
6.8168, 66.2037, -79.3029
6.99018, 260.376, 49.6013
7.377, -64.1001, 18.5024
2.77405, 204.935, -5.12751
6.32605, -190.065, 216.392
5.09219, 770.286, -941.193
3.46574, -24.7207, 464.919
6.98252, 9.74583, -101.982
6.38492, -293.542, 246.925
2.75968, 248.378, -138.626
7.47331, 611.319, -961.805
5.93659, 184.846, 29.6559
5.94854, -522.989, -164.132
6.57666, 989.321, -539.78
7.05426, -167.5, 68.7112
3.34218, 527.061, 1504.07
5.24183, 1015.74, -702.307
6.53351, -112.88, 13.5431
4.17803, 183.755, 170.186
5.53435, 218.656, -496.574
6.59602, 440.224, -929.846
7.3485, 147.705, -48.5503
6.29349, -3.53726, -287.346
3.72113, 232.518, -345.627
5.80589, 92.9333, -89.9835
4.21574, 481.233, 170.424
7.27146, -3.14253, -52.0192
2.60828, 524.716, -1126.72
4.54979, 684.213, -324.502
2.55789, -338.564, 1058.98
3.04964, 140.785, -170.463
5.28259, 578.027, -828.65
4.45466, -50.5517, 4.48653
7.20539, -21.8336, -166.94
2.55572, -580.052, 25.9859
6.22897, 100.519, 541.143
3.84293, 261.707, 11.726
4.27153, -285.274, 16.5923
3.45835, 1475.72, -1582.16
5.14832, -154.878, -5.86413
4.39478, -294.02, -1336.55
3.16407, -55.4922, -191.381
4.26563, 280.303, -4.82091
4.2497, -1499.64, 649.397
7.41084, -1012.87, -659.966
5.25961, 182.54, 357.631
4.99918, -966.072, -269.445
3.58531, 609.644, -854.071
4.37311, 195.152, -204.409
6.78251, 601.11, 453.945
6.45578, -763.046, 1316.44
3.9204, 993.312, -1028.89
5.07645, 439.245, -592.312
6.79238, -74.1542, 30.608
7.07844, 355, -425.856
7.48941, -756.796, -698.421
6.53177, -515.134, -477.176
5.22718, -112.533, -356.012
7.3461, 353.372, -367.081
5.31931, -278.239, 241.347
4.03031, 671.548, -554.016
5.41853, 440.728, -115.942
2.91197, -9.90976, -424.769
5.47382, 226.455, -170.947
3.31968, 735.396, 1072.42
6.46527, 191.984, 508.176
2.95373, -610.191, 369.143
6.3072, -54.2636, -35.7093
6.83996, 34.0107, 144.774
6.40105, 157.186, 117.204
6.61399, -910.289, -438.321
6.70974, 22.6289, -19.9475
4.48328, 674.482, 325.519
6.508, 49.5088, -47.3315
6.56811, 302.628, -6.51658
5.43493, 551.258, 893.68
4.64621, 40.4175, -183.788
2.5002, 467.253, -598.949
5.31153, 38.6087, -264.188
6.22632, 375.809, 333.33
3.89846, 1095.49, 538.006
2.93406, -126.713, -1494.82
3.5733, -542.561, -30.1003
3.93296, -160.239, 31.3036
4.86595, 501.181, -268.361
6.95893, -848.886, -667.886
5.91955, 245.785, -173.768
3.54376, -15.3323, -74.7255
6.67533, 107.036, -33.1878
7.09218, -547.267, -321.499
4.48244, 641.604, 194.304
6.37858, 195.275, 432.252
5.68161, -170.21, -147.884
6.64746, -65.4555, 177.13
3.40204, -90.8736, -438.67
7.45927, 122.226, -33.0072
6.70558, 365.558, -518.427
4.65177, -471.717, 242.357
4.38589, -579.024, 175.315
2.70802, 83.2975, -145.861
6.80715, -275.767, -282.661
6.62116, -1155.96, 852.177
6.25052, 196.237, 624.771
3.55801, 214.684, 140.38
4.31029, -189.794, -0.121575
4.43545, 225.422, 410.244
7.32918, -1138.66, -783.392
6.5872, -5.23572, 128.343
4.5755, -639.3, -2.88277
5.83759, 253.914, 29.4521
2.52101, -1286.62, 907.709
6.98048, -173.402, 118.898
3.68416, 657.259, 541.942
3.79415, 103.259, -88.6805
5.4939, 354.813, -118.934
6.89823, -839.85, 120.318
6.16299, 691.481, 178.654
6.0773, -695.962, -280.501
3.57724, 1705.24, -106.006
6.30413, -1351.19, 909.966
3.85351, -89.8979, -110.582
2.75246, -205.872, -178.642
4.78866, 245.709, -131.393
2.58759, 427.222, -90.4846
3.01129, 1330.56, -994.093
2.639, -514.275, 196.655
5.65921, -159.059, -206.828
6.34425, -130.193, 10.8487
2.74132, -729.367, -377.804
6.6924, -229.098, -193.719
6.76899, 37.0883, 15.1344
6.57649, 627.466, -548.937
6.85188, -146.432, -1152.03
5.27222, -40.7515, 67.8611
6.12646, 48.0258, 868.742
3.20424, -1447.03, 784.803
6.6115, 74.6622, -155.216
5.51185, -744.357, -1098
4.93856, 132.808, -129.979
6.14942, 52.0365, 272.518
4.05164, -960.354, 506.962
3.93925, 180.855, -527.444
5.45857, 829.66, -1083.19
5.34055, -1121.93, 370.743
5.41059, 1252.53, 598.837
2.84132, 403.589, -759.743
4.34304, -689.276, 403.111
6.28475, -59.1037, -115.353
6.35297, 767.78, 994.45
4.27217, 64.7626, -81.9679
5.98913, -68.8815, -16.7416
5.08005, 925.794, 507.098
5.94494, -200.141, -57.1224
6.18066, -940.515, -849.296
2.56231, -934.353, -757.632
7.16549, -47.9901, 85.8847
5.37826, -585.774, -291.255
3.05587, -274.228, -352.278
4.87388, -22.0929, -25.3182
3.24247, -62.3782, -162.006
4.22594, -2308.56, -580.5
7.04476, -351.191, -215.807
4.54571, 1005.12, -544.274
5.96642, -188.962, 61.8595
3.35865, -37.2405, -162.446
6.21715, -1090.11, 532.816
4.16319, 28.277, 25.113
4.62157, -45.5902, -43.9737
2.79523, 467.709, -374.778
5.09005, 285.561, 437.515
5.94425, -108.234, -485.005
5.01149, 10.572, -186.143
6.56617, -136.52, -296.923
3.07974, -135.3, -58.4551
5.24841, 264.894, 526.276
5.06046, 43.9081, 36.5837
6.02649, -838.099, -665.337
5.65083, -102.254, 38.6075
4.0207, -7.15726, 7.08436
6.74719, -13.4534, -74.451
3.39619, 485.125, -870.824
2.61737, -229.754, -2.91037
4.19467, 319.576, -322.011
3.43818, -719.869, -718.928
6.60467, 117.628, -152.371
6.72507, 1.94134, 1085.01
6.78031, -975.539, 658.667
7.37454, 386.817, -200.727
2.99587, 254.314, -314.156
2.56182, -816.255, -824.647
2.58614, 174.499, -938.76
2.64527, 223.644, -97.9623
4.1031, -882.873, -861.445
6.17815, -912.304, 455.933
3.14876, 123.562, 289.035
2.5161, 274.295, -381.991
6.91905, 238.96, -244.902
3.70482, 125.949, -537.545
4.38481, 161.534, -8.56861
4.44879, -126.943, -74.2071
2.81534, 811.846, 358.584
7.30792, 453.024, 265.076
3.75349, 451.203, -113.787
6.85376, -52.4519, -258.606
2.85991, 645.47, -843.61
2.70653, 338.954, -639.632
3.46378, -52.2032, 90.1923
3.86708, -342.881, -991.627
7.4007, -10.4528, -10.7339
3.60607, 263.734, -1376.81
6.43119, 669.835, -971.026
4.42306, 220.166, -70.1267
3.78593, -1031.34, 877.81
3.91087, -115.193, 337.432
7.33834, -76.4732, -332.991
4.22841, -36.5584, -145.002
3.45922, -36.8718, 224.33
5.05037, -92.2456, -30.8908
5.21857, 389.779, -1233.27
5.72333, -34.8399, 75.436
3.89738, 513.487, -527.324
3.41887, -242.628, -556.482
2.71579, 843.252, -1024.25
3.98408, -64.6536, 127.112
4.25548, 861.123, 148.942
7.09372, 610.702, -210.864
5.81225, -15.4603, 9.84991
5.08041, -771.669, -677.206
4.03763, -499.261, -129.577
3.0007, 732.336, 704.34
3.47502, 31.6864, -363.765
4.11407, 887.173, 1134.81
5.56182, -51.5163, 190.524
5.13511, -368.895, 218.463
3.45653, -384.446, 896.374
4.7178, 1628.41, 907.114
4.48693, 1737.42, -343.91
6.28051, 153.658, -52.4479
6.6213, 89.4403, 88.4066
5.51573, -241.561, -538.739
3.04573, -8.49381, 186.924
4.11797, 840.748, -89.8636
5.03403, 47.798, -40.3299
4.76521, 446.602, 606.104
4.77315, -94.3712, 38.8393
4.91125, -226.936, -70.4969
5.07896, -1458.26, 276.476
4.50207, -607.534, -954.346
4.22945, -532.533, -160.625
6.64533, 148.838, -258.122
3.02204, 1026.48, 15.1464
6.40057, 199.131, 349.598
3.19919, -84.5045, -15.7717
2.62171, 1003.14, 1275.26
6.0664, 41.7967, -388.953
7.15538, 83.0929, -77.4695
7.47667, 11.3771, 112.198
3.86264, -66.7943, 123.302
3.6923, -556.924, 520.217
3.87328, -88.8832, -802.54
5.70836, 337.156, 394.112
5.17637, 99.4492, 11.2228
6.8967, -915.927, 1382.47
6.75968, 154.703, 367.064
2.98004, -200.563, 428.486
4.66818, -147.811, -250.404
3.17045, -154.758, -137.605
5.86802, 193.307, -73.2615
5.34964, -395.906, -75.81
3.66474, 158.669, -777.957
5.50306, 117.309, 141.175
2.6551, -218.188, -340.387
7.08512, -76.3396, 128.192
3.82958, 586.59, 172.408
6.50016, 11.594, 49.2115
5.46389, 13.9037, -22.8495
5.0822, 5.33812, -6.56361
5.2567, 272.511, 0.300171
3.47225, -5.18113, -207.471
5.36152, -709.463, -452.34
3.81992, -258.626, 1329.25
4.41648, 582.073, -1418.33
2.73626, -194.05, -45.8001
4.22823, 44.1982, -283.421
3.61594, -1028.11, 1974.05
3.81264, 99.9179, 142.964
3.05141, -168.252, -112.624
7.40088, 150.205, -160.274
5.93794, -704.971, -281.52
5.82158, 40.9075, -114.271
5.99501, -93.6049, 107.815
2.68746, -34.4123, -221.574
3.6706, -138.119, -208.558
3.95397, -1295.41, -1968.59
3.50543, -105.366, 51.7489
2.7177, -822.789, 908.41
2.56571, 619.274, -588.02
6.07297, 1611.01, -585.479
6.88348, -107.175, -16.8562
5.35088, 516.074, -987.749
6.92743, -601.341, -587.2
5.20042, -63.8565, -110.416
3.31357, -727.368, 485.603
3.30492, -688.866, -862.909
7.19182, 77.7291, -10.9335
3.45628, 200.919, -427.073
3.15761, -907.768, 305.11
4.41122, 326.008, -495.726
6.12674, -366.513, 966.599
2.50651, -1746.83, -265.6
4.60222, 1170.51, -772.93
5.18984, 525.935, 121.88
4.86596, -157.545, 374.962
6.33003, 230.388, 77.8619
2.9396, 684.674, 106.069
7.04284, 331.61, 371.424
3.20818, 398.786, -115.558
2.54782, -37.5182, -40.0658
2.82267, -91.428, 45.004
4.96742, 374.296, 351.925
5.40914, 67.3941, 105.665
4.03373, 948.656, -1782.29
4.57091, -31.6939, 376.446
4.33401, -330.411, -243.411
3.42687, 30.9372, -1194.26
2.76788, -578.391, -852.231
4.47222, -63.0092, 87.6903
3.98388, 585.604, 562.822
5.05388, 278.883, 318.869
3.75392, 625.193, -1170.89
5.01589, 175.417, -363.726
2.51168, 742.577, -15.0424
7.01807, -1356.68, 589.698
2.79181, 1111.99, 995.559
5.17506, 20.9805, 898.498
3.95754, 1026.54, -458.862
7.3023, -143.117, -88.4589
4.73406, -1113.91, -640.553
5.08479, 44.2588, -10.6156
5.93861, -240.513, -498.094
2.72187, 42.0179, -96.8452
7.2946, 1115.33, -914.37
5.70852, 40.4409, 367.738
2.80215, 223.75, -248.976
3.33964, 76.6802, 269.476
5.76491, 109.748, 300.886
6.19864, 313.31, 845.663
3.57011, 304.69, -523.077
4.31441, -24.7745, -653.182
6.56981, 639.372, -401.27
5.32057, 214.549, -43.9003
7.45886, -141.571, 38.4649
6.5669, 24.5698, 1.29209
3.49157, 813.308, -1222.47
2.50003, 21.5677, 1.96715
4.62608, -944.274, 1147.03
4.07406, 777.324, 323.001
5.56218, -1151.66, 169.298
3.83351, 114.777, 27.647
4.39881, -240.824, -440.963
5.43397, -284.162, -673.166
5.95636, -213.533, 345.475
7.26736, 136.138, 10.2013
4.89785, 173.271, -509.125
3.60319, -715.98, 391.859
5.33741, -76.8166, -50.2889
6.09873, 32.3688, 66.436
4.4953, 999.273, -280.965
3.48326, 737.52, -403.675
6.66971, -183.289, 61.4677
5.59561, 688.942, -102.512
7.26866, 112.707, 339.188
3.23222, 579.523, 591.038
5.38953, -113.985, 26.061
7.26796, 37.9026, -267.177
3.62331, -1360.7, 719.276
7.25137, -136.283, -27.9139
3.07874, 554.022, -144.043
2.58372, -82.7811, -339.884
3.90465, -46.076, -414.49
7.15042, -157.598, 265.655
3.04796, -884.988, -296.927
6.77266, 222.194, 264.966
5.68532, -70.6937, -381.008
5.63853, 49.6649, -269.942
3.80589, -149.066, 552.073
5.13936, 584.453, -551.922
7.16608, 61.8785, 239.644
3.98055, 306.348, -170.649
4.78006, -375.321, -248.356
6.35659, -47.3849, 1136.95
4.17193, -490.606, -1514.11
6.31775, -9.29996, 69.7448
6.65892, -831.244, 470.553
2.64618, 843.327, -725.96
4.31315, 58.5867, -391.402
4.16221, -101.012, 548.803
3.17675, -83.999, -135.917
3.00839, 346.673, -1110.34
5.11327, 517.213, 142.171
3.52046, 50.2421, -159.859
5.00728, -214.719, -334.266
5.1371, -1238, 554.604
4.13422, -254.42, 75.33
4.75888, 194.706, -263.881
6.85263, -204.279, -27.8165
4.72884, 122.673, -137.085
6.03726, 173.193, -280.346
6.83171, -835.857, 276.571
6.5822, 16.4179, -109.734
2.67504, -808.847, -387.816
3.8644, 2.72593, 944.824
5.21858, 253.568, -5.88115
3.19942, -381.315, 137.364
5.57408, 110.049, 8.92214
3.29182, 263.11, -509.728
4.41129, 450.248, -183.73
5.94997, 217.38, 236.468
3.21128, 1284.55, -122.568
5.65284, 129.435, -57.9731
3.15973, -717.055, -892.358
7.13583, -190.826, -37.6734
5.53465, 1238.92, -1923.46
5.50388, 710.148, -435.432
3.33635, 70.9457, -86.3989
3.301, 333.85, -9.36436
5.91628, -96.2138, -4.3063
5.1456, -0.251406, -338.717
3.65264, -834.983, 130.885
6.55373, -54.2138, 102.265
5.76477, -70.6412, -228.529
4.08597, -90.0967, 350.239
2.53953, -175.845, 118.461
3.49176, -119.151, -896.548
3.78831, -366.544, 537.16
3.03825, 225.158, -313.466
3.49545, -677.427, 23.4905
6.75079, -1358.78, 713.911
6.63912, -192.948, -31.0894
6.76813, 158.648, 359.842
5.71027, 1.1804, 128.221
3.6787, -917.958, 899.875
6.80638, 135.232, -24.5203
5.4745, -261.106, 645.818
2.52745, -858.972, -861.789
6.84925, 315.639, 555.253
7.37729, 373.03, 356.089
5.59653, -834.639, -662.072
3.85574, 397.286, -183.153
7.46973, -148.59, -69.0555
4.60751, -464.123, 431.629
4.20537, 377.013, 613.539
4.80717, 254.769, -196.8
4.44822, -371.213, -1064.95
4.613, -1397.81, -347.275
2.84879, -7.29292, 48.4081
5.5153, 163.696, -45.6904
7.36114, 253.875, -181.388
5.07406, -67.4208, 44.008
7.45461, 13.4411, 101.35
5.84906, -555.005, -1545.69
4.01716, -406.638, 65.5914
3.47371, -704.007, -283.458
4.0109, -244.185, -278.559
4.93946, 11.3545, 1.21507
4.72438, -458.451, -359.603
5.7844, -13.3603, 28.7364
3.74227, 1546.86, 981.235
4.72007, -761.595, -738.132
5.75894, -98.2977, -170.483
6.67472, 413.244, -331.806
6.03698, 342.63, 216.591
4.93928, 189.028, 4.16629
6.72039, 412.636, 372.588
7.00296, -146.065, 123.471
6.33082, -91.1406, 368.596
5.29453, -817.52, -320.422
2.70603, 752.165, 105.123
5.46749, 421.678, -538.566
2.68674, 255.417, -1146.93
4.53488, 45.5812, 81.829
2.84243, 207.924, -389.132
7.38558, 130.876, -149.058
2.5956, 994.865, 1030.07
6.60363, 54.5273, 145.086
5.2195, 1169.95, -712.459
5.72828, -104.976, 330.931
3.62934, -182.669, -2.68702
2.733, -173.944, 595.602
3.63154, -72.495, 27.038
4.58371, 426.326, -660.681
6.40126, -236.885, -208.936
3.72852, 439.174, -926.155
4.81411, 92.1778, -11.5864
6.14756, 118.322, -548.781
5.35237, 1300.77, -257.963
5.45997, -410.53, -659.935
4.98425, 42.8084, -272.645
3.951, -3.32444, 19.3125
4.71107, -84.2316, 63.6726
2.53669, -692.352, 1363.38
7.41683, -28.0767, 21.333
2.52822, -290.448, -194.636
4.8676, 190.27, 438.675
5.86497, 1005.73, 1542.74
