6.27803, -3766.85, 2235.52
3.5948, -82.8933, 847.83
5.89648, 387.39, 200.241
5.09708, 480.479, -49.8442
2.76731, 7430.89, -7616.34
2.53849, -2635.11, 3381.48
4.58743, 10434.7, 6201.98
7.15218, 84.9893, -3.72718
2.95982, 1083.92, -634.297
6.00595, 300.573, 74.4669
3.81226, -360.774, 80.289
4.14117, -38.9107, 122.248
7.45519, 631.393, -837.524
7.41275, 209.112, 103.507
5.75759, -505.308, -120.743
6.92354, 66.9414, -28.2679
6.33247, 279.455, -77.6794
3.87453, -2766.13, -1082.47
4.93259, -1349.87, -1197.58
2.80282, -9483.51, 2456.11
5.08146, 514.121, -180.768
4.96988, -6588.32, 2511.63
7.23882, 160.826, -67.7549
4.42071, 201.698, -1.72729
5.14874, -4918.02, 1264.97
2.75042, -323.522, 6583.06
6.63909, 604.235, 239.148
5.94228, 653.487, -287.136
6.18112, 434.063, 105.014
6.94286, -4844.08, -4160.94
4.25508, 20.355, -35.0455
6.72991, 57.522, -295.913
3.84659, 906.56, -397.105
4.83959, 38.3098, 367.218
3.2686, 8.55009, -470.573
2.66527, 1056.8, -680.821
7.2768, -1428.03, -976.418
6.95369, 301.643, -39.5833
3.29884, 335.228, 252.997
3.15214, 2273.04, -1408.25
2.515, 3799.08, -710.488
6.0491, 364.803, -58.8398
3.40448, -473.841, 288.747
5.76029, -1177.99, 105.722
4.42907, 232.282, -38.0493
3.23766, 1420.2, 1438.97
5.45054, 664.747, -58.8282
3.24076, 3332.45, -1656.86
3.2091, -2732.75, -1568.75
4.94257, 325.615, 56.949
3.13015, 488.929, 105.558
5.64635, 1096.83, 327.858
5.60817, -2.69088, 132.013
4.88216, 4474.8, -6165.14
2.64188, -1094.02, 60.9589
3.21011, 5324.57, -754.365
3.15594, 664.356, -202.166
3.31099, 1737.36, -2669.29
3.76529, 622.943, -269.915
4.77654, -6324.51, 3002.73
6.54472, -261.314, -1291.44
3.57624, 201.13, -35.638
3.75063, 103.681, -122.125
5.02978, -1566.39, -2648.82
6.27922, 298.537, 67.5763
5.66369, -2143.3, -4235.38
5.9449, -2521.09, -1945.91
7.27207, 124.05, 183.255
5.18713, 6463.52, -3273.39
4.57014, 153.721, -3033.64
4.70019, -247.672, -194.358
6.07821, -2137.8, -1781.9
6.20858, -3189.12, -2310.67
5.12494, -4168.04, 3297.07
6.06711, 372.295, -136.284
5.91025, 246.021, 341.187
6.82941, 2425.1, -1941
3.19597, 335.349, 1852.97
3.57766, 85.2522, -60.1314
5.0733, 1570.67, 2720.08
4.83766, 160.113, 292.879
3.55759, 4812.26, -4853.96
5.65244, 42.1837, 2.2149
2.5044, 3798.75, -5466.79
4.09589, -988.311, -3096.74
5.90281, 306.146, -42.8659
6.0446, 221.694, -68.0453
2.90869, 371.339, -40.5795
3.56926, 193.518, -471.297
4.44412, 215.326, 334.355
4.44927, -4746.93, -1589.05
3.92018, 113.345, 352.413
4.6123, 444.142, 263.603
2.55658, -2937.11, -239.704
3.72027, -6686.09, 3536.88
4.49072, -2635.85, -4264.4
6.64177, 1106.27, 336.728
3.78584, 731.192, -525.861
3.59705, -1071.56, 765.29
6.47385, 364.561, -67.2562
5.8476, 1909.24, -377.761
5.49108, 666.921, 998.963
5.99917, 3041.2, 2061.16
5.13062, 451.883, 749.421
4.14833, 283.973, 272.825
3.30844, 7515.13, 1317.13
6.56633, -42.7615, 148.682
4.08004, 92.3742, -559.415
4.05369, 754.176, 432.634
4.65424, 368.429, 14.1176
4.46509, 128.865, -107.923
4.43916, 452.412, 330.88
4.34871, 213.573, 90.6728
5.88118, 171.949, -190.991
6.10384, 615.982, 11.0094
7.20082, -2650.39, 1170.01
5.08573, 1155.19, -586.418
5.5282, -490.725, -129.012
5.85049, 1788.41, -2690.16
5.11404, 176.29, 82.9153
3.87105, -44.9971, -304.716
7.08924, 209.137, 23.9922
3.73367, -245.792, 136.382
4.77876, 46.8458, -788.373
3.30374, -59.5265, -130.623
4.68319, 169.344, -108.714
7.45767, 886.721, -405.868
6.26931, 4868.62, -4660.69
4.97846, -19.9767, -656.025
7.01651, 281.994, -16.3593
4.68213, 536.634, -192.642
5.09239, 2424.98, -1878.53
4.44866, -2132.87, -3566.25
5.63431, 213.245, -129.775
5.19331, 133.441, -18.1878
4.35955, 260.917, 1037.05
2.54674, 303.021, -915.012
6.3794, 105.538, -104.116
2.85317, -222.039, -244.466
3.98511, 1134.35, 181.515
4.78581, -36.7748, 2074.25
3.25156, -48.2687, -132.157
5.97819, 39.7927, -431.522
4.15587, -231.165, -249.478
5.21197, -4151.35, 7324.59
2.64678, -3897.49, -2650.4
5.38086, 739.777, -727.819
5.18133, 402.077, -497.665
7.36678, 258.358, 264.586
5.57063, -49.2416, -195.475
5.26431, 3180.36, -5533.35
6.69051, 904.252, -342.158
3.75764, 600.385, -1151.87
6.98957, 430.017, 193.346
5.97428, 193.847, -92.4645
5.82752, -601.189, 2632.8
3.06838, 802.197, -510.833
3.37987, -1945.33, -696.257
2.91253, -2138.67, 3389.6
6.68103, 185.741, -47.9663
2.64818, 976.375, 4476.95
6.34719, 368.003, 70.9596
4.29829, 201.765, -4201.09
6.24626, -1217.56, -439.746
6.28385, 392.676, 82.1391
3.60834, 2648, -1598.38
5.58305, -157.003, 156.149
3.66846, 260.228, -9.73128
6.22052, -48.5814, -4167.18
5.80997, 50.9251, -464.139
4.9209, -4110.26, 7429.66
2.58972, 331.354, 13.9012
4.98291, -122.972, 473.591
5.09587, 284.233, 50.735
4.71395, 671.863, 3806.29
4.14528, -2698.38, 1790.23
3.52671, 381.385, 26.407
7.19863, 12.8627, 871.651
2.85168, 1166.14, 3518.73
3.30042, 258.339, -1266.76
6.70788, 32.5844, 45.8555
4.13614, 623.237, 53.4935
6.85942, -4.52665, 228.371
5.99896, 89.8171, 84.0065
5.52801, 672.756, 507.978
4.77536, 471.556, 250.985
2.91543, -560.507, 522.921
3.94883, -3949.09, -908.318
6.51009, 346.333, 3.21349
6.81821, 345.886, -1758.9
3.81831, -5548.63, 434.969
4.79881, 844.772, 783.347
4.95672, 234.276, 28.4665
5.82344, 1751.77, -2720.91
7.31738, 140.544, -96.9612
7.23022, 599.862, -17.022
2.81902, 1667.21, 273.527
5.04829, -378.168, -510.203
6.13222, 353.186, -301.274
5.65882, 242.887, -251.916
3.26658, -424.107, -822.733
5.09652, 671.549, 3809.25
3.52281, 7071.85, -2213.52
6.03231, 296.711, -118.789
6.05786, -1539.62, 7550.44
3.66304, 510.327, 283.389
6.80594, 196.544, 200.042
2.67122, 576.893, -445.002
6.26587, 1125.42, -174.804
4.14789, 409.025, 1297.56
4.65309, 6395.61, -1699.82
7.33455, 50.7966, -788.175
4.05803, -2012.39, -1752.8
5.69762, -7366.19, -111.525
5.95386, -201.573, 106.518
5.36403, -342.746, -95.3937
6.60667, -4119.94, 7356.1
4.21807, -4418.97, 1661.72
5.09387, 417.539, 142.621
6.78438, 378.709, 1194.65
6.18587, -87.0799, 272.187
3.45992, 2387.19, -1005.08
2.83145, 120.815, -46.3327
3.60828, -5300.86, 3290.49
3.33656, 296.946, 114.762
6.31172, 229.337, 54.1256
5.44905, 1988.39, -2542.22
4.65223, -7704.67, -499.31
7.09618, 1530.08, 144.032
5.09668, -1206.68, -1673.61
7.38058, -157.212, 114.05
5.15714, 702.077, 33.3753
2.98716, -1162.11, 378.657
5.83983, -473.709, -378.117
5.44444, -580.445, 3207.63
5.01137, 15.6387, -56.1125
2.75808, 300.835, 1493.05
2.6753, 409.534, -29.557
4.41484, -19.8612, 357.006
5.55555, -3250.42, -3524.31
5.06574, -7730.17, -496.963
5.98498, 605.422, 5.26212
4.89891, 12.4689, 246.341
3.88323, -7966.32, 23.4615
6.01685, -356.657, 3469.85
3.67701, 215.854, 634.845
6.41501, 307.694, 17.559
6.60589, 61.9593, -299.107
3.21842, 4970.66, 4209.31
5.75757, -125.452, -605.031
3.87677, -1780.34, -2042.95
7.26215, 3509.44, -1264.61
4.58238, 11.4595, -90.285
3.03869, -307.306, -882.777
4.70633, 366.981, -623.65
6.28811, 367.945, 285.205
2.77803, 805.927, 92.066
3.51241, 288.344, 10.994
6.82305, 741.556, -263.346
6.52456, 327.001, -36.6304
2.78861, 826.565, 2043.96
4.40304, -193.163, 289.811
4.56124, 588.017, -214.407
2.80071, -2102.53, -1037.66
7.09746, -1194.3, -910.994
3.35398, 163.3, 18.7645
6.51634, 307.31, 271.027
3.88599, 3474, -876.8
4.44586, 223.624, 136.435
7.19936, -2194.81, 1362.39
6.24573, 202.259, 3549.77
3.44774, 5435.08, -5440.1
6.89581, 246.878, 154.683
6.8953, 128.617, -59.403
3.30515, 284.654, -2069.06
5.87346, -92.5127, -643.797
6.89096, 249.168, -75.9037
6.98262, -816.441, 4826.05
3.06535, 442.38, -79.6185
5.93789, -2361.14, -1727.12
3.21651, -220.127, 74.4611
3.6901, -946.582, 385.757
5.64383, 3687.31, -2538.72
4.312, 559.353, 397.159
4.64437, -2332.5, -2122.66
4.91936, 1891.57, -2325.78
6.20379, 177.409, 2099.85
3.23098, -285.96, -415.741
7.36238, 381.561, 58.1022
7.3158, 330.497, 29.0468
3.14741, 3246.6, -1980.47
5.3784, 405.521, -308.872
4.66439, 356.497, -1154.35
5.50066, 130.14, 38.5482
5.85098, 512.121, 212.23
4.5137, -3850.84, -1350.33
6.46691, -2111.88, -1779.96
4.89889, -4670.83, 2209.87
5.72449, 526.979, -270.14
4.28836, 7454.68, -1152.67
5.96794, 264.485, -931.634
5.83428, 1209.9, 729.61
3.22071, 217.801, -70.2977
7.10415, 315.415, 154.016
4.22228, 1375.31, 4963.24
6.66824, 506.779, 326.871
2.74349, 303.334, -1015.59
3.27936, 1601.64, -2764.9
2.55765, 986.018, -171.88
3.94327, 451.251, -289.346
5.07295, 194.357, 946.161
3.65948, 1502.86, -4440.26
2.75022, 6.69596, -366.11
5.33091, 136.96, 61.6939
6.69774, 281.721, -615.594
4.28763, 817.483, -411.348
4.3452, 125.281, -706.847
7.22226, 213.513, -50.3104
4.72425, -1232.24, -33.4952
6.82086, -38.5284, 113.431
5.82654, -120.103, -949.713
5.79297, 873.123, 102.468
7.10736, 3203.18, -2383.09
5.11536, -4171.51, 3301.75
5.45229, -61.4141, 706.976
5.79944, -201.489, -3283.92
4.24765, -1832.94, 1205.77
4.11714, 489.872, -86.5787
7.08984, 230.715, 954.466
3.08619, -6178.07, 2464.6
7.31268, -403.846, 490.849
5.17978, -112.183, 556.227
5.81447, 2029.7, 1222.79
5.48362, -6452.85, 3124.95
6.93363, 235.972, -883.134
6.67999, 794.898, -43.1043
6.69339, 320.505, 42.9389
6.85642, -541.487, -577.075
2.5002, -662.053, 2736.88
4.77274, -1401.81, -4127.54
4.25696, 1598.56, 130.558
5.80713, 6569.6, -4970.13
6.22234, -389.505, -181.819
3.3821, -1210.27, -5552.1
7.4621, -1385.15, 1569.18
5.95466, 357.792, -482.448
6.97862, -543.246, 246.36
3.51579, -1353.92, -646.914
7.2356, 613.664, 617.648
4.88476, -5873.83, 3226.13
6.78578, -5304.8, 3290.62
6.41237, 127.902, 122.252
5.70687, -4008.8, 3895.37
3.14521, -416.172, 127.927
5.77944, 328.332, -566.63
3.09199, 219.31, 82.2264
3.88793, 3232.63, 953.663
6.65548, 19.3653, 3007.98
6.14153, 4977.94, 6429.4
6.74348, 5554.48, -4159.33
3.43989, 241.223, 311.116
6.09602, 219.218, 26.7706
4.25586, 243.862, -207.536
3.34555, -98.5158, -276.907
4.52383, -5970.26, 656.055
4.20924, 114.195, -529.638
6.67141, -131.681, 154.062
3.9111, -4629.83, -7506.84
5.16766, 4755.87, 2698.29
6.25085, 1434.15, -2529.96
4.62554, 260.005, 13.8327
4.66964, 111.392, -37.9841
3.03022, -4282.84, -3222.74
6.4639, 292.037, 274.517
3.91232, -115.639, -133.508
7.14264, 4922.77, 7731.15
5.37926, -71.5318, 146.431
3.4895, -463.353, -818.369
5.99081, 189.365, -24.1328
3.07265, 1532.99, -338.994
4.22945, 344.639, -1377.65
4.15646, 340.661, 266.282
6.42735, -6449.88, 3093.03
6.65775, 829.767, 323.34
4.21712, 254.224, 116.123
4.2603, -436.094, 63.8056
6.38197, 527.003, -73.211
6.58658, 420.615, 503.885
4.26157, -732.431, -496.402
7.09559, 237.22, -107.036
3.2877, 703.532, -274.003
5.56029, 18.7515, -546.101
5.54222, 264.723, -32.9125
3.16647, 3656.01, 3647.03
3.51409, 4716.1, 6377.27
4.79457, 402.826, 296.917
3.48759, -166.738, 1651.31
6.77118, 22.7687, -234.886
6.54562, 1469.98, 1272.89
2.80131, 3106.98, -1967.86
6.50584, 1964.53, -5790.7
5.49597, 193.737, 61.989
7.43182, 415.213, 207.748
2.65919, 169.47, -309.188
6.8356, -3957.36, 4676.99
3.69109, -2674.72, -871.133
3.6127, 2628.2, 1061.54
4.73907, 8204, 3830.23
2.61231, -402.833, -369.593
6.79755, 167.765, 179.124
4.15902, 495.542, -4700.67
5.72195, 464.703, -332.943
7.43521, -646.433, -221.831
5.30162, 414.422, -67.5628
4.74553, 325.667, -59.8239
5.213, 305.86, -592.089
2.90797, -3162.49, 1109.91
3.99606, 1667.62, 3435.53
6.63964, -4327.31, -790.049
6.48936, -5125.38, 2251.52
5.71048, 133.562, 60.653
4.84105, 37.8502, 704.481
7.15326, 539.752, 2062.77
5.08798, 139.613, -683.547
7.42924, -5279.16, 3273.99
5.94567, 11.1025, 183.29
6.19966, 404.773, -599.499
3.46323, 1125.81, 1706.02
6.08881, 3410.89, -1899.2
6.11146, 439.193, -642.596
6.49298, 308.309, -20.4377
4.23216, -5977.38, 370.15
5.1481, -2701.42, -1561.71
3.19001, 939.989, 3.8357
6.73218, 52.7049, 49.9023
6.32766, 168.222, -85.2006
7.5, -6451.43, 3123.18
4.24891, -9336.54, -2994.44
5.50367, -1215.69, -457.555
3.50808, -572.465, 3845.23
6.2385, -4095.43, 698.169
6.49225, 1272.37, -609.051
3.03505, -924.653, -13.8445
5.35813, 307.551, 31.857
2.84683, -5927.48, 1964.1
4.16036, 651.565, 1365.33
5.80945, 169.542, -161.891
5.27726, 446.004, 4494.5
7.12415, 407.908, 663.264
2.69832, 384.819, 3109.4
2.62083, 552.963, 740.84
4.61923, 480.071, 222.9
4.36987, -716.946, 533.046
2.93303, 4263, 4212.36
3.05403, -15.8499, 228.398
5.31992, -5841.41, 189.932
7.37269, 246.685, 152.24
3.05066, 192.709, -4318.3
5.99352, -3481.85, -3878.45
2.79674, 179.029, -414.34
4.69755, 1158.04, -674.313
5.24651, 1278.32, 487.963
3.45129, 422.33, -427.509
7.36597, -164.271, -81.8626
3.19593, 52.1217, 173.529
5.48978, -3468.36, 253.726
7.12812, 237.803, -101.616
3.91116, -1920.61, 441.505
6.8307, 122.518, 185.533
6.29598, 773.787, -1179.65
6.10793, -166.288, 666.959
3.34241, 283.772, 12.0334
3.32882, 1776.11, -2859.56
3.39076, 110.823, 210.512
5.87226, 124.361, 81.408
4.83484, -618.529, 928.862
6.85219, 244.97, -26.3145
5.76023, -408.608, 528.344
5.80464, 2029.56, 1219.89
2.58037, 331.678, -777
4.30596, 6895.42, 3860.02
3.72747, 82.9743, 1672.02
6.93086, 439.606, -534.189
5.23701, -8798.77, 164.781
6.57209, -254.577, -105.201
5.24453, 1478.18, -63.6774
4.16156, 570.9, -287.222
4.40213, -2041.48, -3659.34
2.52389, 2540.68, 513.178
6.95226, 73.6356, 153.358
6.16955, 468.544, 70.0972
6.04239, 470.205, -268.659
5.1278, 2156.92, -3214.66
6.41065, 139.106, -313.473
3.42484, 28.1732, -47.0875
5.72673, 231.169, -47.6424
3.42178, 454.33, -99.9003
3.31214, -875.528, 653.48
2.65594, 1276.56, 1459.14
7.42716, 689.174, -112.342
4.04559, 590.448, -0.996918
4.11075, 1113.35, 117.811
5.51155, 56.2932, 140.787
2.89107, 6739.33, -1264.47
3.93936, -863.073, 102.796
5.79307, -221.967, 991.504
7.36348, 691.359, -84.5956
7.27758, 4733.37, 1920.42
7.42745, 247.96, 305.785
7.30478, 318.52, -32.6426
3.0073, 720.478, -222.589
3.71505, -518.25, 7.83824
6.91151, 213.944, 134.783
5.28805, -15.7371, -108.008
6.7669, 260.382, -183.464
7.49145, 689.095, 95.1127
3.99751, -5683.73, 2176.43
6.33157, -10271.9, -3311.87
4.81901, 946.021, -1828.42
6.8168, -438.273, -388.251
6.99018, 128.253, -246.388
7.377, 429.615, -68.2798
2.77405, 521.98, 307.703
6.32605, -508.787, -50.6948
5.09219, 1841.64, -2616.27
3.46574, -436.713, 553.066
6.98252, 102.689, 79.3047
6.38492, 371.495, -88.9782
2.75968, 909.462, -2154.45
7.47331, 1708.55, -2646.55
5.93659, 354.658, 77.5379
5.94854, 2069.44, 1244.52
6.57666, 3337.16, -1632.56
7.05426, 397.029, -27.5564
3.34218, 3142.54, 5964.91
5.24183, 3337.51, -2444.47
6.53351, 116.222, -8.38816
4.17803, 332.556, 151.525
5.53435, 627.78, 329.274
6.59602, 1900.99, -2577.75
7.3485, 301.996, -149.746
6.29349, 781.963, 693.197
3.72113, 132.481, -1359.64
5.80589, 147.001, 85.8001
4.21574, -263.134, 139.397
7.27146, 161.961, -81.2002
2.60828, 3630.08, -3795.23
4.54979, 217.431, -32.8046
2.55789, -5167.82, 4546.4
3.04964, 333.042, 1933.31
5.28259, -86.9686, 291.131
4.45466, 255.064, 124.203
7.20539, 230.964, 1.11349
2.55572, 363.04, 98.8447
6.22897, 1431.27, -3294.45
3.84293, 198.608, 86.2363
4.27153, 478.473, 458.478
3.45835, 7498.58, -7608.29
5.14832, -279.041, -283.614
4.39478, -1086.6, -6334.56
3.16407, 110.819, -355.931
4.26563, 555.08, -1241.78
4.2497, -5957.11, 3060.31
7.41084, -2531.35, -1951.99
5.25961, 334.617, -484.034
4.99918, -2013.14, -595.691
3.58531, 1665.7, -2386.05
4.37311, -150.945, -821.879
6.78251, 3891.47, 3530.38
6.45578, -3682.5, 7486.09
3.9204, 3349.57, -4307.17
5.07645, -414.726, -595.511
6.79238, 158.12, 28.4765
7.07844, 269.698, 129.918
7.48941, -2133.07, -1793.53
6.53177, 276.924, -61.4304
5.22718, 305.501, -561.402
7.3461, 874.922, -95.2833
5.31931, 926.569, 558.836
4.03031, -27.0792, 129.658
5.41853, 363.256, -34.9092
2.91197, 316.62, 82.5659
5.47382, -77.0166, -254.296
3.31968, 3367.49, 6645.19
6.46527, 1039.43, -55.1962
2.95373, -177.717, 1792.53
6.3072, 143.484, -661.829
6.83996, 224.204, -59.3274
6.40105, 336.157, -0.497576
6.61399, -1957.95, -259.207
6.70974, 288.394, -73.4489
4.48328, 234.135, 783.104
6.508, 244.742, 0.53328
6.56811, 12.283, 210.691
5.43493, 274.306, 635.368
4.64621, 301.654, 788.146
2.5002, -1463.37, 443.8
5.31153, 110.897, 54.0357
6.22632, -1092.66, 807.981
3.89846, 3897.7, 2382.78
2.93406, -1019.05, -5600.37
3.5733, 1063.24, 1291.64
3.93296, 716.37, 301.865
4.86595, 903.116, 246.341
6.95893, -2085.7, -1727.31
5.91955, -776.885, 228.627
3.54376, 414.478, 24.4143
6.67533, 316.259, 51.6891
7.09218, 527.564, -1281.71
4.48244, 523.484, -406.245
6.37858, 1670.92, -85.0514
5.68161, 752.771, 626.23
6.64746, -400.683, 204.836
3.40204, 2291.17, 626.366
7.45927, 361.734, -146.901
6.70558, 244.775, 12.7588
4.65177, -87.6352, -622.044
4.38589, 213.986, 23.3057
2.70802, 286.086, -628.448
6.80715, -700.971, -1107.58
6.62116, -5191.86, 3090.71
6.25052, 2064.51, 1121.45
3.55801, 153.63, -98.6917
4.31029, -292.89, -90.1051
4.43545, 303.789, -161.454
7.32918, -3672.88, -2285.94
6.5872, -149.349, -147.132
4.5755, 2898.61, -401.715
5.83759, -201.39, 88.6971
2.52101, -5041.25, 5387.45
6.98048, 142.417, -56.7976
3.68416, -143.463, 1499.1
3.79415, 215.753, 81.0463
5.4939, 1645.61, 252.593
6.89823, 130.476, 93.1833
6.16299, 415.129, 269.306
6.0773, 708.898, -263.23
3.57724, 7416.1, -331.841
6.30413, -4995.5, 3936.4
3.85351, 336.35, -13.6089
2.75246, 22.1175, -334.708
4.78866, -2164.47, 432.61
2.58759, 478.289, -167.38
3.01129, 7683.78, -4852.83
2.639, 4012, -2446.91
5.65921, 288.142, -381.484
6.34425, 276.615, 7.16421
2.74132, -375.389, -201.325
6.6924, 132.708, -187.183
6.76899, 296.684, 66.2377
6.57649, -126.604, 578.872
6.85188, 597.065, -5281.22
5.27222, 1292.63, -587.861
6.12646, 334.747, -230.12
3.20424, -5427.24, 4722.67
6.6115, 221.681, 15.2546
5.51185, -3256.68, -3524.03
4.93856, 212.954, -931.427
6.14942, 615.944, 290.435
4.05164, -1824.58, 1282.51
3.93925, -17.2534, -383.136
5.45857, 2459.29, -3077.67
5.34055, -3693.01, 1954.86
5.41059, 2980.04, 2518.08
2.84132, -489.624, 55.6017
4.34304, -1642.14, -779.431
6.28475, -298.054, -158.573
6.35297, 531.275, 3514.49
4.27217, 258.601, -168.13
5.98913, 105.324, 118.286
5.08005, 1867.55, 1245.77
5.94494, 556.817, 434.986
6.18066, -1720.45, -1443.03
2.56231, -3318, -1874.2
7.16549, 201.084, -1.73268
5.37826, -99.9021, -172.152
3.05587, 981.698, -213.081
4.87388, 346.536, 270.373
3.24247, 1967.01, -1307.98
4.22594, -10710.4, -2370.28
7.04476, 274.641, 27.1913
4.54571, 3360.09, -1619.49
5.96642, 101.425, -125.147
3.35865, 254.203, -191.288
6.21715, -5827.91, 2012.43
4.16319, 298.256, -537.343
4.62157, 199.07, -34.1865
2.79523, 118.185, -284.768
5.09005, 494.232, 36.9548
5.94425, 532.722, -854.578
5.01149, 811.593, 206.035
6.56617, -5.25732, -246.954
3.07974, 286.724, 94.1157
5.24841, 408.132, -621.769
5.06046, 707.161, -307.681
6.02649, -2075.33, -1740.79
5.65083, 128.954, 97.8827
4.0207, -333.348, 260.184
6.74719, 326.588, -26.571
3.39619, 2069.54, -2540.04
2.61737, 511.203, 1865.2
4.19467, 847.886, 255.808
3.43818, -2074.81, -1942.02
6.60467, 417.48, 106.993
6.72507, 92.9451, 3521.31
6.78031, -3707.9, 2078.48
7.37454, 279.845, -45.9867
2.99587, 171.588, 54.7434
2.56182, -4814.77, -3549.54
2.58614, 674.076, 576.517
2.64527, 205.503, -902.749
4.1031, -1897.93, -1951.62
6.17815, -3786.89, 2249.74
3.14876, 861.715, -68.5179
2.5161, -3758.48, -798.701
6.91905, -1414.38, -1013.16
3.70482, -159.173, 6.43635
4.38481, 68.3812, 1463.92
4.44879, 424.514, 103.913
2.81534, 4416.63, 1673.85
7.30792, 195.926, -3.22743
3.75349, 793.123, -420.388
6.85376, 99.7822, -123.282
2.85991, 3736.89, -5012.33
2.70653, 4948.66, -2944.22
3.46378, -516.334, 349.523
3.86708, -2496.71, -1988.97
7.4007, 215.838, -43.1182
3.60607, 1482.36, -6067.3
6.43119, 1784.45, -2693.66
4.42306, -477.305, 1887.93
3.78593, -3432.64, 4004.51
3.91087, 290.026, -521.604
7.33834, 1438.5, 769.784
4.22841, -171.761, -93.4418
3.45922, -604.068, -790.288
5.05037, 582.428, -197.273
5.21857, 1334.8, -5409.9
5.72333, 828.264, -544.992
3.89738, -1216.88, 113.415
3.41887, 69.6053, 240.214
2.71579, 2516.14, -2932.97
3.98408, -407.297, 415.229
4.25548, 412.833, -248.234
7.09372, 221.224, -139.302
5.81225, -22.3008, 357.276
5.08041, -2132.02, -1809.91
4.03763, 183.365, -12.0108
3.0007, 2072.05, 2211.42
3.47502, 371.761, 33.6815
4.11407, 3724.13, 3722.93
5.56182, 143.738, -749.333
5.13511, 3583.2, -1813.56
3.45653, 260.464, -184.456
4.7178, 6616.97, 3902.14
4.48693, 7616.48, -1485.74
6.28051, 320.404, 243.28
6.6213, 700.107, -266.154
5.51573, -631.591, 724.4
3.04573, 93.1292, -582.089
4.11797, 2593.66, -844.984
5.03403, 192.667, -5.44239
4.76521, 880.402, -668.37
4.77315, 231.353, 275.674
4.91125, 227.233, -64.7485
5.07896, -5127.95, 884.663
4.50207, -2430.09, -935.577
4.22945, -138.802, -56.6116
6.64533, -405.667, -474.423
3.02204, 2420.51, -1781.24
6.40057, 211.316, -405.018
3.19919, 805.649, -600.582
2.62171, 4619.08, 5186.54
6.0664, 101.761, 1018.32
7.15538, -313.053, 832.263
7.47667, -72.181, -110.551
3.86264, 274.552, -65.971
3.6923, -2003.72, 20.8337
3.87328, -532.888, -3532.75
5.70836, -914.03, -1018.57
5.17637, 274.075, 49.1406
6.8967, -3305.46, 5864.52
6.75968, 334.607, -94.3563
2.98004, 223.334, 96.439
4.66818, 202.034, 299.856
3.17045, 446.936, -652.507
5.86802, 310.958, 52.7322
5.34964, 631.622, -305.292
3.66474, 16.7353, -195.56
5.50306, 1396.47, 356.663
2.6551, 432.8, -429.258
7.08512, 308.125, 25.4319
3.82958, 444.04, -521.999
6.50016, 255.912, 48.9506
5.46389, 320.933, 167.847
5.0822, 248.315, 106.202
5.2567, 2879.47, -1503.54
3.47225, -38.4827, 38.9049
5.36152, -3411.44, 109.367
3.81992, -728.632, 8172.04
4.41648, 3345.17, -6837.13
2.73626, -254.192, -109.405
4.22823, 467.676, -382.327
3.61594, -3517.11, 8592.77
3.81264, 13.1378, 98.6651
3.05141, 496.412, -316.528
7.40088, -62.1433, 204.656
5.93794, 678.131, -285.552
5.82158, 3.45561, 208.675
5.99501, 510.657, -94.3576
2.68746, 366.514, -1.09488
3.6706, -2.95322, 133.493
3.95397, -6727.89, -10118
3.50543, 28.0173, 472.052
2.7177, -3100.51, 4705.31
2.56571, -1955.55, 3.7077
6.07297, 7074.74, -2209.77
6.88348, 830.18, 92.4991
5.35088, 2109.74, -3842.02
6.92743, -3603.43, -4114.09
5.20042, -1938.31, -847.594
3.31357, -1790.96, 17.9204
3.30492, -3184.37, -2320.27
7.19182, 458.065, -103.505
3.45628, 444.8, 713.362
3.15761, -3315.08, -504.371
4.41122, 736.22, -780.114
6.12674, -595.083, 3195.43
2.50651, -7731.52, -488.193
4.60222, 5470.77, -3081.29
5.18984, -767.957, -193.972
4.86596, -1592, -655.244
6.33003, -234.275, 373.149
2.9396, -934.029, -1202
7.04284, 355.439, -178.186
3.20818, 731.697, -465.691
2.54782, 475.696, 45.7359
2.82267, -136.748, 797.029
4.96742, 328.873, -405.275
5.40914, 315.881, -74.1945
4.03373, 4580.76, -7970.17
4.57091, -216.156, -259.524
4.33401, 2032.22, 2263.6
3.42687, 525.567, -2514.01
2.76788, -3244.56, -2786.47
4.47222, 160.913, -78.8221
3.98388, -1798, -1826.56
5.05388, 82.7013, -2.74053
3.75392, 2708.92, -4306.42
5.01589, -1753.2, 2953.87
2.51168, -67.3357, 0.0397024
7.01807, -6443.54, 3121.49
2.79181, 3835.49, 4086.39
5.17506, 265.117, 3540.78
3.95754, 3134.05, -1131.06
7.3023, 234.517, -139.205
4.73406, -3707.38, -1337.52
5.08479, 227.726, -15.6028
5.93861, 1222.79, -997.719
2.72187, 432.229, -225.692
7.2946, 4338.75, -3110.97
5.70852, 480.978, 432.523
2.80215, -23.6135, 218.652
3.33964, 230.459, 353.569
5.76491, 382.119, 305.233
6.19864, -636.219, 2628.62
3.57011, 573.581, -228.293
4.31441, 959.303, -1933.64
6.56981, 36.9215, 5.87811
5.32057, 283.689, 5.89946
7.45886, 168.211, 73.4504
6.5669, 64.7519, 640.356
3.49157, 3986.41, -5014.94
2.50003, 17.821, 1030.77
4.62608, -3937.67, 4695.17
4.07406, 1870.98, 1118.14
5.56218, -4079.48, 650.18
3.83351, -24.9031, 160.661
4.39881, 1737.87, 240.833
5.43397, 179.84, -142.033
5.95636, -2634.15, 273.699
7.26736, 275.141, 33.933
4.89785, 287.854, 446.195
3.60319, 671.394, 1384.87
5.33741, 705.125, 572.183
6.09873, 468.385, -79.6884
4.4953, 1696.69, 188.235
3.48326, 7.87044, -141.403
6.66971, 324.948, -122.795
5.59561, 636.621, 129.567
7.26866, 11.0812, 17.9185
3.23222, -396.732, 753.799
5.38953, -526.062, -418.631
7.26796, 297.766, -41.7172
3.62331, -6462.16, 3303.4
7.25137, 176.56, -229.07
3.07874, 477.35, -304.002
2.58372, -646.961, 30.2819
3.90465, 581.37, -25.2217
7.15042, 611.493, -209.582
3.04796, 362.254, -7.21245
6.77266, 296.532, -162.364
5.68532, -546.115, 450.519
5.63853, 296.3, -187.087
3.80589, -666.039, 1274.55
5.13936, -1090.42, 155.296
7.16608, 2612.2, 1092.48
3.98055, -1110.02, -45.6051
4.78006, 126.184, 110.616
6.35659, -1323.47, 5409.06
4.17193, -2329.59, -3647.26
6.31775, 352.583, 7.96309
6.65892, -2511.68, 2883.04
2.64618, 2716.05, -1839.13
4.31315, 203.962, -1108.66
4.16221, 271.532, 13.9478
3.17675, 2209.38, 2478.7
3.00839, 1463.07, -4539.68
5.11327, 376.002, -68.3215
3.52046, 1012.01, -881.42
5.00728, 82.5992, -895.737
5.1371, -5737.99, 3923.26
4.13422, 63.3317, -110.566
4.75888, 40.6052, -714.863
6.85263, -1004.29, 667.577
4.72884, 370.326, 387.573
6.03726, 137.311, -29.6667
6.83171, -1844.75, 356.315
6.5822, 280.16, -491.906
2.67504, -4421.39, -1717.9
3.8644, -1019.67, 2181.61
5.21858, -1667.97, 1112.88
3.19942, 5460.14, -811.585
5.57408, 377.643, -404.844
3.29182, 776.995, -648.124
4.41129, 447.819, 574.091
5.94997, -848.52, -263.296
3.21128, 4401.51, 37.9913
5.65284, 376.593, 315.007
3.15973, -3785.99, -1688.12
7.13583, 275.391, -54.0962
5.53465, 6358.54, -9694.71
5.50388, 850.391, 861.782
3.33635, 1495.6, -232.061
3.301, -1955.39, 2434.03
5.91628, 419.411, -67.6255
5.1456, -426.593, 939.973
3.65264, -2147.64, 1174.07
6.55373, -243.317, 124.834
5.76477, 212.941, -190.245
4.08597, -162.728, 526.514
2.53953, 726.27, -615.68
3.49176, 91.3145, -30.1115
3.78831, 225.938, -177.187
3.03825, 539.946, -1774.36
3.49545, -237.646, -568.344
6.75079, -6721.49, 3502.12
6.63912, 34.8955, 575.913
6.76813, 124.483, -87.7013
5.71027, 209.51, -69.3758
3.6787, -3311.25, 3424.6
6.80638, 544.409, -75.7879
5.4745, 589.186, -168.1
2.52745, -1894.04, -1372.41
6.84925, 51.1675, -467.858
7.37729, 439.842, -169.91
5.59653, -2083.45, -1724.97
3.85574, -513.642, -765.844
7.46973, 317.604, 25.8786
4.60751, -565.804, -819.977
4.20537, 1045.85, 141.802
4.80717, 205.25, -21.1553
4.44822, -1173.59, -3266.05
4.613, -5479.58, -1005.09
2.84879, 216.173, 1060.99
5.5153, -255.33, -287.52
7.36114, 76.3699, 82.4173
5.07406, -3.61916, 4.18221
7.45461, 238.523, -53.5545
5.84906, -3085.57, -7116.3
4.01716, 928.447, 838.524
3.47371, 709.435, -263.032
4.0109, -1821.31, 61.3927
4.93946, 150.698, -113.008
4.72438, 1037.21, 93.0201
5.7844, 105.674, 71.7033
3.74227, 6895.92, 3861.34
4.72007, -1284.88, -996.415
5.75894, 426.595, 89.6827
6.67472, 382.611, -9.21385
6.03698, 106.854, 1134.75
4.93928, -203.974, -1373.58
6.72039, 799.132, 107.667
7.00296, 655.476, -551.977
6.33082, -23.8923, 222.124
5.29453, 812.502, 1656.89
2.70603, -589.017, 713.027
5.46749, 137.634, 90.2273
2.68674, -97.7015, -4394.53
4.53488, -1765.35, 1687.82
2.84243, -417.669, -667.395
7.38558, 71.7259, 71.4844
2.5956, 2048.71, 3491.77
6.60363, 281.481, -1.09605
5.2195, 4450.69, -3869.15
5.72828, -231.749, 1002.97
3.62934, 402.642, -175.626
2.733, 803.43, 3764.05
3.63154, -251.735, -364.835
4.58371, -229.402, -2906.07
6.40126, -331.334, -166.74
3.72852, 1900.04, -2576.11
4.81411, 29.8284, -481.49
6.14756, -1540.61, -923.677
5.35237, 6380.51, -877.923
5.45997, 914.22, 45.6232
4.98425, -1156.66, 36.1254
3.951, 273.686, -26.8462
4.71107, 681.891, -618.747
2.53669, -3722.26, 8200.3
7.41683, 144.312, 118.582
2.52822, -213.62, -433.412
4.8676, 2233.69, 579.051
5.86497, 4386.71, 7536.12
