6.27803, -1300.39, 690.883
3.5948, 266.768, 1021.26
5.89648, 838.647, -385.183
5.09708, -52.3409, -182.912
2.76731, 2169.68, -2299.69
2.53849, 191.332, -120.775
4.58743, 3021.74, 1744.29
7.15218, -175.41, -46.3896
2.95982, -314.472, 650.211
6.00595, 723.121, 562.599
3.81226, 535.073, 254.408
4.14117, 48.0894, 24.9562
7.45519, -494.276, -514.351
7.41275, 63.6388, -162.593
5.75759, 560.619, 387.088
6.92354, 75.2123, -11.3387
6.33247, -23.6187, -78.619
3.87453, -1141.59, -39.0669
4.93259, -330.419, -358.305
2.80282, -2629.5, 443.712
5.08146, 17.3348, -127.269
4.96988, -1966.97, 637.479
7.23882, 15.183, -277.985
4.42071, -2.64548, 13.5621
5.14874, -1569.91, 523.852
2.75042, -300.595, 1964.2
6.63909, 378.366, 286.621
5.94228, -665.504, -241.373
6.18112, 210.66, 27.1652
6.94286, -1573.3, -1574.16
4.25508, -23.334, -35.0876
6.72991, -23.0541, -199.53
3.84659, 88.9713, 254.793
4.83959, 722.234, -141.614
3.2686, 54.0603, 62.2219
2.66527, -136.83, -138.973
7.2768, -1035.96, -785.482
6.95369, 403.321, 350.996
3.29884, -1007.73, 47.3446
3.15214, -703.025, -238.323
2.515, 1250.84, -192.484
6.0491, 107.531, 118.878
3.40448, 1066.23, -44.9122
5.76029, -59.7867, 112.228
4.42907, 77.1642, 176.742
3.23766, 697.135, 981.776
5.45054, 209.63, 571.645
3.24076, 1304.19, -654.369
3.2091, -1161.85, -917.11
4.94257, -272.029, -256.793
3.13015, -886.875, -169.245
5.64635, -689.634, 166.401
5.60817, 335.707, 70.389
4.88216, 1423.65, -1971.56
2.64188, 576.133, 871.667
3.21011, 1767.85, -388.508
3.15594, 465.603, 359.817
3.31099, 850.195, -1221.93
3.76529, 125.392, -81.0859
4.77654, -2126.85, 1115.35
6.54472, 68.5956, -75.2615
3.57624, 73.8895, -55.0653
3.75063, 305.334, 639.763
5.02978, 429.925, 399.226
6.27922, -36.1638, 14.7966
5.66369, -662.577, -1526.48
5.9449, -1296.14, -832.256
7.27207, -746.563, -246.291
5.18713, 1937.74, -1000.37
4.57014, 145.06, 646.211
4.70019, 441.271, 429.677
6.07821, -1006.14, -1192.16
6.20858, -1032.58, -1105.37
5.12494, -1466.87, 1318.87
6.06711, -10.2681, -65.5448
5.91025, -106.1, 6.21783
6.82941, 1102.32, -832.301
3.19597, 834.632, 725.044
3.57766, 152.691, -22.7629
5.0733, 71.5466, 187.056
4.83766, 411.606, 455.501
3.55759, 1257.46, -1486.56
5.65244, 746.692, -413.345
2.5044, 1151.79, -1597.52
4.09589, -192.501, -1747.24
5.90281, 36.3853, -135.996
6.0446, 116.733, 237.634
2.90869, 308.853, 585.992
3.56926, -163.799, -17.5193
4.44412, -99.2705, 27.5492
4.44927, -1823.31, -689.411
3.92018, -129.283, 150.623
4.6123, -62.2609, -127.399
2.55658, 593.816, -3.43942
3.72027, -2016.61, 1030.6
4.49072, -598.64, -1663.5
6.64177, 169.466, 137.323
3.78584, -563.365, 611.745
3.59705, -860.012, -361.903
6.47385, 359.868, 339.448
5.8476, -646.698, -105.345
5.49108, -267.096, -187.312
5.99917, 1359.38, 704.597
5.13062, 116.242, -42.1513
4.14833, 13.4241, 65.4649
3.30844, 1927.2, 308.778
6.56633, 172.165, -63.0493
4.08004, 748.908, 429.618
4.05369, 236.962, -52.418
4.65424, 29.7065, -113.848
4.46509, 400.553, -67.5443
4.43916, 356.969, -262.491
4.34871, -107.339, 1.57543
5.88118, -353.825, -579.507
6.10384, 779.458, -102.876
7.20082, -1228.19, 189.952
5.08573, 4.64452, 2.70301
5.5282, 726.213, 570.463
5.85049, 852.231, -1230.23
5.11404, -64.8172, -149.423
3.87105, -143.967, 80.5465
7.08924, 354.298, 336.605
3.73367, -153.154, -10.8319
4.77876, -306.877, 682.585
3.30374, 60.0325, 173.581
4.68319, 25.7002, 74.5103
7.45767, 245.666, -355.451
6.26931, 1355.81, -1561.03
4.97846, 65.7612, 48.6872
7.01651, -26.6835, -67.497
4.68213, 142.259, -95.3356
5.09239, 1082.48, -863.051
4.44866, -965.468, -1296.24
5.63431, 58.6769, -75.9407
5.19331, -129.928, 34.538
4.35955, 188.975, -397.573
2.54674, 269.851, 269.358
6.3794, 98.8658, 137.203
2.85317, 9.50011, -55.9247
3.98511, 79.1679, 285.744
4.78581, 15.5664, -3.08809
3.25156, 5.9918, -13.9981
5.97819, 190.471, 542.119
4.15587, 404.688, 81.7506
5.21197, -1257.77, 2170.55
2.64678, -1530.42, -565.283
5.38086, -102.166, -644.35
5.18133, -16.064, 118.597
7.36678, -715.754, 498.591
5.57063, -128.223, -16.8122
5.26431, 1089.2, -1635.64
6.69051, 319.921, 532.343
3.75764, 83.2609, 618.92
6.98957, 18.5852, 110.727
5.97428, 350.84, -138.998
5.82752, 172.517, 1265.39
3.06838, 0.0482185, 333.437
3.37987, 52.0315, -513.451
2.91253, -284.362, 691.266
6.68103, -176.362, 708.434
2.64818, -374.981, 903.737
6.34719, -97.0643, 195.466
4.29829, 234.068, -1567.44
6.24626, 938.82, -206.309
6.28385, 64.3824, -107.306
3.60834, 1376.86, -243.484
5.58305, -63.1294, -88.9324
3.66846, -304.091, -154.179
6.22052, 105.496, -1517.86
5.80997, 173.895, 253.347
4.9209, -1208.52, 2263.56
2.58972, -480.477, 34.7134
4.98291, 51.3837, 459.714
5.09587, 241.285, 74.6451
4.71395, 686.93, 1436.42
4.14528, -1226.44, 317.524
3.52671, 71.1772, -274.883
7.19863, -249.398, 994.356
2.85168, 954.298, 1162.62
3.30042, -292.922, -291.428
6.70788, 30.8968, 29.8813
4.13614, 139.817, 317.895
6.85942, 613.873, 493.688
5.99896, -124.752, -81.6813
5.52801, -251.551, -82.1528
4.77536, 336.813, 702.175
2.91543, 1085.84, 244.945
3.94883, -1387.96, -819.052
6.51009, -213.218, -104.623
6.81821, 513.211, 739.22
3.81831, -1943.81, 163.889
4.79881, -126.587, 183.632
4.95672, 139.014, 230.441
5.82344, 755.766, -1196.59
7.31738, -37.8483, -61.8945
7.23022, -193.808, -87.9273
2.81902, 580.568, -628.008
5.04829, -154.916, 47.5771
6.13222, 273.674, 65.2797
5.65882, -66.3894, -80.3073
3.26658, 237.323, -283.603
5.09652, 685.517, 1434.07
3.52281, 2277.85, -781.548
6.03231, -103.794, 155.904
6.05786, -335.663, 2397.25
3.66304, 69.5201, 178.073
6.80594, 240.575, 20.9058
2.67122, -692.758, -506.887
6.26587, 82.6235, 434.937
4.14789, 335.746, 151.434
4.65309, 1982.25, -319.566
7.33455, 73.2381, 80.9859
4.05803, -986.544, -900.848
5.69762, -2373.28, 111.504
5.95386, 71.2824, -78.0937
5.36403, -33.2502, -37.8856
6.60667, -1275.97, 2178.81
4.21807, -1496.56, 777.307
5.09387, -217.722, -260.638
6.78438, 841.061, -56.6247
6.18587, 773.79, 717.998
3.45992, 129.027, -119.001
2.83145, 189.295, 73.1074
3.60828, -1771, 1133.51
3.33656, 112.327, -14.1822
6.31172, -143.866, -4.54165
5.44905, 577.1, -1231.03
4.65223, -2464.79, -305.357
7.09618, 1148.19, -308.55
5.09668, 148.085, -71.1208
7.38058, -368.32, 214.226
5.15714, 144.298, 318.606
2.98716, -500.248, 1101.74
5.83983, 411.784, 419.09
5.44444, -435.575, 1320.5
5.01137, 127.158, -47.5267
2.75808, 943.279, 281.022
2.6753, 770.829, -552.306
4.41484, 82.9706, -89.4597
5.55555, -1068.86, -1452.3
5.06574, -2468.86, -318.641
5.98498, 88.6591, 103.073
4.89891, 228.165, -288.383
3.88323, -2348.89, 10.6226
6.01685, -82.4287, 1516.84
3.67701, 158.625, -181.662
6.41501, -104.446, 33.6291
6.60589, 1036.43, -293.903
3.21842, 1338.73, 1426.78
5.75757, 624.897, -604.04
3.87677, 258.934, -31.7114
7.26215, 855.701, -736.936
4.58238, -46.6189, -51.3915
3.03869, -224.421, -260.548
4.70633, -291.633, -65.2602
6.28811, -203.774, -150.435
2.77803, 705.593, 587.587
3.51241, -1.00792, 38.4117
6.82305, 115.357, -292.501
6.52456, 362.6, 49.4161
2.78861, 357.468, 1198.65
4.40304, 148.929, -97.6982
4.56124, 97.214, -29.8456
2.80071, -328.993, -128.163
7.09746, -819.387, -765.161
3.35398, 295.209, 70.3474
6.51634, 131.018, -153.878
3.88599, 79.613, 301.089
4.44586, 396.601, -172.515
7.19936, -1115.12, 48.8747
6.24573, 29.4296, 1462.17
3.44774, 1311.08, -1628.66
6.89581, -218.02, -41.4565
6.8953, -35.7609, -101.314
3.30515, 303.907, -198.006
5.87346, 272.949, -93.8621
6.89096, -117.697, 107.319
6.98262, -542.8, 1636.25
3.06535, -0.572248, -37.2453
5.93789, 332.167, 514.638
3.21651, -9.72229, -14.7633
3.6901, 705.633, -241.476
5.64383, 1221.35, -894.26
4.312, 365.221, 349.634
4.64437, -1002, -961.709
4.91936, 833.144, -855.109
6.20379, -114.666, -500.873
3.23098, 629.333, -475.214
7.36238, -49.1961, 2.36354
7.3158, -2.63586, 26.0432
3.14741, 1055.43, -854.191
5.3784, -307.396, -214.132
4.66439, -96.5421, -338.779
5.50066, -75.3259, 71.4999
5.85098, -53.4767, 227.398
4.5137, -1530.42, -502.049
6.46691, -1016.42, -844.536
4.89889, -1429.81, 1006.08
5.72449, -702.323, 516.363
4.28836, 2196.89, -423.02
5.96794, -101.466, 456.552
5.83428, 19.102, -129.584
3.22071, 721.232, -416.659
7.10415, 97.0921, -32.8836
4.22228, 685.108, 1771.27
6.66824, 101.466, 119.328
2.74349, 622.485, 20.5915
3.27936, 586.981, -729.46
2.55765, 609.413, -162.346
3.94327, 64.7629, 26.6297
5.07295, -65.4412, 83.2266
3.65948, 311.714, -1711.04
2.75022, -156.006, 16.1503
5.33091, 81.1624, -21.0136
6.69774, 292.174, -0.734732
4.28763, 470.625, 486.119
4.3452, 341.43, 307.85
7.22226, 516.122, 159.219
4.72425, -1017.36, 415.275
6.82086, 2.38429, -120.678
5.82654, 273.835, -391.951
5.79297, -581.138, -8.6578
7.10736, 1355.63, -992.33
5.11536, -1459.65, 1316.86
5.45229, -447.875, -476.078
5.79944, -260.457, -1437.48
4.24765, -1079.28, 572.302
4.11714, 598.761, -274.014
7.08984, 385.758, 316.746
3.08619, -1879.13, 686.542
7.31268, -243.191, -95.7543
5.17978, -175.727, -38.6151
5.81447, -382.342, -124.058
5.48362, -2014.72, 875.142
6.93363, -490.814, -237.855
6.67999, 98.9042, 133.54
6.69339, 380.226, 354.496
6.85642, 221.38, 57.0488
2.5002, 184.288, 1186.49
4.77274, 101.644, 136.664
4.25696, 1280.7, -71.9166
5.80713, 1849.83, -1611.91
6.22234, -192.147, 95.564
3.3821, -531.685, -1844.68
7.4621, -757.95, 1015.98
5.95466, 228.767, -139.415
6.97862, 38.6897, 40.6976
3.51579, -710.146, -269.708
7.2356, -93.1241, 724.644
4.88476, -1924.67, 957.986
6.78578, -1766.88, 1133.49
6.41237, -76.1275, -473.889
5.70687, -1457.15, 1332.73
3.14521, -222.725, 786.817
5.77944, 258.324, -358.795
3.09199, 20.6401, -34.4155
3.88793, 1427.82, 190.565
6.65548, 299.941, 1426.28
6.14153, 1604.23, 2049.13
6.74348, 1761.03, -1312.13
3.43989, -367.1, -748.924
6.09602, -22.673, 9.66949
4.25586, -190.02, 668.989
3.34555, 498.637, 806.755
4.52383, -1796.85, 273.046
4.20924, 43.2759, -109.436
6.67141, -37.0899, -158.327
3.9111, -1356.94, -2199.14
5.16766, 1231.85, 846.742
6.25085, -0.969798, 2.02863
4.62554, -15.2224, -30.8185
4.66964, 1199.55, -64.6678
3.03022, -1667.05, -792.683
6.4639, -408.399, -424.046
3.91232, 92.0461, -87.8176
7.14264, 1632.47, 2101.91
5.37926, 351.038, 339.844
3.4895, 367.101, -596.403
5.99081, 144.448, -37.8331
3.07265, -539.212, -605.714
4.22945, 496.732, 735.885
4.15646, 132.718, -489.11
6.42735, -1954.61, 899.193
6.65775, 271.963, 366.515
4.21712, 990.828, -503.014
4.2603, 448.675, 241.802
6.38197, 40.4438, -34.7108
6.58658, -386.887, -83.0973
4.26157, 146.306, 199.456
7.09559, 114.679, -26.0493
3.2877, 721.618, 665.339
5.56029, 686.04, -545.393
5.54222, -85.4059, 0.731566
3.16647, 1204.09, 1450.26
3.51409, 1434.5, 2064
4.79457, -186.836, 30.4682
3.48759, -665.549, 684.493
6.77118, -2.63652, -49.15
6.54562, -579.092, -486.576
2.80131, 978.403, -1006.77
6.50584, 707.859, -1985.2
5.49597, 38.7438, -25.6519
7.43182, 152.963, -98.7986
2.65919, -942.441, 146.62
6.8356, -1309.87, 1599.71
3.69109, 211.162, 598.426
3.6127, -116.858, -458.284
4.73907, 2482.31, 1150.91
2.61231, 496.775, -170.264
6.79755, 111.136, -12.1202
4.15902, 403.684, -2108.11
5.72195, -467.789, -95.1963
7.43521, 342.588, -111.392
5.30162, 387.408, -128.37
4.74553, -155.505, 19.1359
5.213, 11.1064, -96.7052
2.90797, 482.435, -8.12944
3.99606, 1151.24, 1225.05
6.63964, -1698.44, -369.694
6.48936, -1507.24, 501.121
5.71048, 30.1229, 65.8039
4.84105, 222.514, 181.302
7.15326, 451.844, 1273.04
5.08798, -593.816, -150.503
7.42924, -1744.05, 1130.92
5.94567, -0.100735, 248.884
6.19966, -22.9633, -66.8803
3.46323, 993.577, 705.008
6.08881, 1340.37, -975.159
6.11146, 542.378, 654.508
6.49298, 198.691, 148.514
4.23216, -1948.79, 233.437
5.1481, 311.501, 451.056
3.19001, 538.475, -792.441
6.73218, -24.4538, -125.028
6.32766, -264.631, 70.5645
7.5, -2010.55, 867.469
4.24891, -2692.21, -999.322
5.50367, 1076.75, 15.2057
3.50808, -95.0186, 1687.92
6.2385, -1503.98, 239.258
6.49225, 223.586, 451.562
3.03505, 27.5751, 236.901
5.35813, 86.9826, 84.2679
2.84683, -2184.1, 765.054
4.16036, 28.5229, 47.7418
5.80945, 53.7155, -192.987
5.27726, 317.928, 1676.12
7.12415, -142.659, -146.525
2.69832, 242.818, 1116.71
2.62083, 877.664, 905.284
4.61923, 8.69639, -143.819
4.36987, 248.126, -26.1415
2.93303, 1322.12, 1157.52
3.05403, 18.9744, -32.5174
5.31992, -1774.12, 129.567
7.37269, 198.952, -111.121
3.05066, 5.93245, -1753.38
5.99352, -1340.84, -1535.17
2.79674, 340.633, 1087.74
4.69755, 182.207, 54.3169
5.24651, -583.115, -492.599
3.45129, 23.9659, -69.6237
7.36597, -46.8009, 263.502
3.19593, 174.679, -315.849
5.48978, -1397.69, 305.417
7.12812, 242.818, -850.654
3.91116, 368.115, 308.061
6.8307, 222.56, 299.22
6.29598, 738.14, -887.467
6.10793, 80.6103, 157.032
3.34241, 323.543, 504.676
3.32882, -81.4222, -1088.19
3.39076, 29.8042, 188.001
5.87226, -64.5341, 12.0068
4.83484, 49.5849, 78.3912
6.85219, 60.7519, -3.5129
5.76023, -207.819, -180.864
5.80464, -374.395, -121.247
2.58037, -24.4091, -203.844
4.30596, 2188.82, 1344.22
3.72747, -6.63218, 137.533
6.93086, 719.969, 881.134
5.23701, -2718.73, 33.3622
6.57209, 62.2451, 211.412
5.24453, -652.804, -483.232
4.16156, 66.4613, -93.5797
4.40213, -832.834, -1422.25
2.52389, -563.758, -50.812
6.95226, 8.49443, -45.1718
6.16955, 190.264, -56.6476
6.04239, 417.419, 127.502
5.1278, 1065.96, -1118.3
6.41065, 88.7236, -17.3379
3.42484, 152.028, -75.3446
5.72673, -11.1876, -43.7092
3.42178, 109.625, -240.123
3.31214, -1038.28, 357.882
2.65594, 997.485, 392.401
7.42716, 126.699, -107.188
4.04559, -166.603, -23.7724
4.11075, 76.3017, -112.533
5.51155, 18.5682, -117.353
2.89107, 1966.59, -127.402
3.93936, 92.921, -183.4
5.79307, 681.954, -765.541
7.36348, 143.515, 132.804
7.27758, 1544.89, 543.198
7.42745, -323.894, 50.91
7.30478, 63.2706, -113.578
3.0073, 158.808, 25.1916
3.71505, 98.256, -331.745
6.91151, 130.919, -97.6937
5.28805, 353.181, 450.553
6.7669, -70.4594, -141.653
7.49145, 859.09, -301.218
3.99751, -1648.66, 1023.28
6.33157, -2991.82, -1063.28
4.81901, -688.271, 133.326
6.8168, -2.53776, 25.4962
6.99018, -194.414, -110.487
7.377, 194.462, 110.098
2.77405, -341.523, -42.8961
6.32605, 162.442, -147.906
5.09219, 957.7, -1270
3.46574, 93.7031, 621.465
6.98252, 356.466, 91.4549
6.38492, -348.553, 345.336
2.75968, 110.159, -89.459
7.47331, 859.951, -1276.66
5.93659, 67.7077, 217.944
5.94854, -376.946, -123.57
6.57666, 1356.23, -636.262
7.05426, 181.139, -84.5652
3.34218, 837.022, 2056.1
5.24183, 1377.75, -884.918
6.53351, 64.0814, 53.579
4.17803, 299.886, 546.615
5.53435, 20.5019, -696.421
6.59602, 603.646, -1179.25
7.3485, -169.594, -15.8091
6.29349, -39.9634, 243.402
3.72113, -2.94047, -429.805
5.80589, -138.064, -40.2102
4.21574, 794.351, 278.57
7.27146, 117.246, 138.015
2.60828, 906.354, -1505.07
4.54979, 819.596, -411.784
2.55789, -911.655, 1503.76
3.04964, -25.3988, 0.828972
5.28259, 660.466, -948.555
4.45466, 126.469, 116.13
7.20539, 55.2264, 160.684
2.55572, -500.48, 320.392
6.22897, 67.1863, 541.088
3.84293, -26.6179, -33.3358
4.27153, 198.66, -153.807
3.45835, 2148.4, -2295.04
5.14832, 120.309, -71.4528
4.39478, -396.915, -1966.15
3.16407, -86.7252, 108.408
4.26563, -309.381, -150.036
4.2497, -2063.99, 1019.54
7.41084, -1302.87, -843.839
5.25961, 397.999, 297.089
4.99918, -1271.84, -342.488
3.58531, 743.078, -1221.24
4.37311, 502.193, -158.667
6.78251, 1063.28, 875.919
6.45578, -1089.49, 2045.82
3.9204, 1313.82, -1437.31
5.07645, 727.453, -571.47
6.79238, 53.5272, -129.001
7.07844, 425.106, -231.424
7.48941, -969.816, -900.227
6.53177, -671.995, -467.369
5.22718, 38.3708, 91.2394
7.3461, 129.038, -519.525
5.31931, -184.07, 23.9441
4.03031, 683.598, -720.415
5.41853, 595.81, -184.504
2.91197, -16.9282, 220.586
5.47382, 235.389, -57.6545
3.31968, 1058.2, 1751.96
6.46527, 75.8796, 106.935
2.95373, -675.715, 689.614
6.3072, 152.602, 146.508
6.83996, -7.12463, -123.943
6.40105, -221.384, -201.502
6.61399, -1182.03, -400.296
6.70974, 30.684, 5.33155
4.48328, 785.534, 514.385
6.508, 12.1101, -115.73
6.56811, -94.179, -92.0431
5.43493, 603.211, 1087.84
4.64621, -47.5329, 187.121
2.5002, 457.006, -629.356
5.31153, 32.4997, 102.29
6.22632, 332.669, 357.673
3.89846, 1500.2, 776.239
2.93406, -229.047, -2022.66
3.5733, -494.309, -258.773
3.93296, 247.416, -47.1307
4.86595, 620.813, -101.19
6.95893, -1019.7, -852.345
5.91955, -199.758, -4.02212
3.54376, -1.36392, -60.0331
6.67533, -32.6122, 0.640034
7.09218, -489.149, -204.116
4.48244, 632.547, -52.2755
6.37858, 704.929, 515.808
5.68161, 155.647, 261.613
6.64746, 287.921, -247.246
3.40204, -380.862, -502.53
7.45927, -141.006, -20.5792
6.70558, 470.661, -577.418
4.65177, -318.647, 515.614
4.38589, -458.688, 237.715
2.70802, -127.951, 34.4316
6.80715, 73.8107, 61.8343
6.62116, -1634.67, 1193.14
6.25052, 499.946, 905.323
3.55801, 175.22, -161.655
4.31029, 154.196, -71.4684
4.43545, 85.3146, -80.5313
7.32918, -1511.39, -1006.73
6.5872, 208.401, 17.9664
4.5755, -729.618, 94.7143
5.83759, -111.777, -96.8752
2.52101, -1744.01, 1471.88
6.98048, 141.786, -99.1088
3.68416, 726.561, 406.498
3.79415, -77.2718, -58.208
5.4939, 282.608, 9.72073
6.89823, -927.145, 112.517
6.16299, 566.522, 45.7321
6.0773, -825.197, -324.014
3.57724, 2397.53, -126.683
6.30413, -1804.43, 1320.03
3.85351, 110.477, 150.014
2.75246, 336.038, 158.99
4.78866, -43.6281, 165.029
2.58759, 351.543, 48.4157
3.01129, 2087.75, -1452.41
2.639, -430.079, 168.347
5.65921, 4.35785, 64.2023
6.34425, -28.0466, -94.591
2.74132, -703.797, -517.93
6.6924, 291.641, 162.176
6.76899, -146.152, 38.8361
6.57649, 658.094, -562.755
6.85188, -52.2675, -1686.77
5.27222, -112.631, -87.9873
6.12646, 28.335, 1040.73
3.20424, -1951.46, 1288.22
6.6115, -81.5288, 80.4158
5.51185, -1066.98, -1449.05
4.93856, 13.9615, 85.6546
6.14942, 232.861, -11.3878
4.05164, -1148.44, 624.759
3.93925, 281.837, -307.337
5.45857, 1113.6, -1353.76
5.34055, -1469.74, 634.839
5.41059, 1527.73, 874.333
2.84132, 412.058, -788.958
4.34304, -1022.06, 327.295
6.28475, 22.2186, 0.605199
6.35297, 800.127, 1354.92
4.27217, 4.31773, 27.9847
5.98913, -28.3927, -88.2231
5.08005, 1176.05, 660.837
5.94494, 70.1885, 161.055
6.18066, -1192.46, -910.04
2.56231, -1250.58, -1048.4
7.16549, 163.378, -24.587
5.37826, -488.146, -220.366
3.05587, -628.191, -126.534
4.87388, 12.3958, -36.9782
3.24247, 201.569, 339.349
4.22594, -3281.34, -786.894
7.04476, -173.143, -344.43
4.54571, 1344.15, -641.959
5.96642, 99.5795, -123.428
3.35865, -5.29358, 163.216
6.21715, -1681.89, 709.902
4.16319, 33.4621, 44.9555
4.62157, 18.4855, -85.6957
2.79523, 328.754, -414.972
5.09005, 208.765, 233.893
5.94425, 24.2908, -626.267
5.01149, -65.643, 62.199
6.56617, 91.7725, -28.3146
3.07974, 155.459, -14.7348
5.24841, 613.322, 506.838
5.06046, -30.8168, -270.776
6.02649, -1006.56, -879.316
5.65083, -33.1071, -142.415
4.0207, -85.2832, -107.612
6.74719, -9.62442, 120.587
3.39619, 607.98, -1206.96
2.61737, 92.3402, -14.9422
4.19467, 167.855, -32.1165
3.43818, -896.694, -910.005
6.60467, 221.294, -178.173
6.72507, 32.5356, 1515.79
6.78031, -1341.37, 880.697
7.37454, 218.432, -57.6382
2.99587, -94.8618, 34.2961
2.56182, -1345.63, -1188.45
2.58614, 124.276, -929.8
2.64527, -102.633, 3.49092
4.1031, -1107.24, -1109.84
6.17815, -1297.72, 689.429
3.14876, 239.204, 83.1485
2.5161, 55.5974, 1.98385
6.91905, -178.396, 35.9882
3.70482, 398.226, -497.703
4.38481, -358.938, -149.68
4.44879, 128.218, 12.2744
2.81534, 1317.31, 532.755
7.30792, 510.943, 134.916
3.75349, 501.984, -379.1
6.85376, -13.7743, 202.981
2.85991, 986.571, -1424.29
2.70653, 925.398, -1000.32
3.46378, 167.656, -162.113
3.86708, -619.816, -1231.49
7.4007, -9.91281, -74.0087
3.60607, 411.834, -1972.49
6.43119, 856.239, -1235.1
4.42306, -218.947, -2.71573
3.78593, -1318.14, 1280.93
3.91087, -312.898, 297.422
7.33834, 291.087, -57.1371
4.22841, 7.26917, -125.918
3.45922, 146.203, -258.132
5.05037, 70.1808, 101.875
5.21857, 512.312, -1776.52
5.72333, 158.767, -125.864
3.89738, 732.665, -510.134
3.41887, -449.909, -455.386
2.71579, 1077.17, -1364.81
3.98408, 149.75, -416.657
4.25548, 1040.68, -31.3093
7.09372, 472.11, -184.619
5.81225, -69.9795, -58.1822
5.08041, -1039.68, -840.084
4.03763, -310.761, 33.9814
3.0007, 981.16, 977.444
3.47502, 35.5618, 104.239
4.11407, 1250.25, 1502.15
5.56182, -306.597, 205.889
5.13511, 66.3217, -79.4065
3.45653, -437.513, 1008.38
4.7178, 2214.88, 1235.97
4.48693, 2451.32, -479.322
6.28051, -158.689, 36.7695
6.6213, 148.24, 98.1767
5.51573, -233.907, -786.105
3.04573, -13.9246, -90.5067
4.11797, 1210.79, -172.794
5.03403, 12.5475, -123.912
4.76521, 406.834, 825.429
4.77315, 202.781, -116.27
4.91125, 338.073, -63.2613
5.07896, -1938.79, 364.278
4.50207, -902.748, -1070.69
4.22945, -326.76, -104.44
6.64533, 79.0448, -34.6563
3.02204, 1332.29, -214.774
6.40057, 97.5262, -109.116
3.19919, 115.1, 233.167
2.62171, 1442.41, 1753.22
6.0664, -70.0538, 203.418
7.15538, -104.605, -12.914
7.47667, -102.809, -239.46
3.86264, -9.5402, -4.65288
3.6923, -846.082, 601.363
3.87328, -144.234, -1240.54
5.70836, -1.19668, 5.9752
5.17637, -251.014, -192.685
6.8967, -1207.65, 1923.37
6.75968, -38.3994, -164.663
2.98004, -149.908, 636.85
4.66818, -193.537, 179.384
3.17045, 94.8566, -16.8015
5.86802, -137.116, -103.349
5.34964, -171.036, -212.479
3.66474, 161.607, -1001.57
5.50306, -142.011, -188.544
2.6551, 215.059, -458.778
7.08512, 55.6991, -102.846
3.82958, 738.436, 338.884
6.50016, 10.8954, -57.9748
5.46389, 131.919, 148.111
5.0822, -61.3715, -4.50541
5.2567, -270.463, 33.4539
3.47225, 179.687, -344.448
5.36152, -1133.85, -436.954
3.81992, -311.183, 2149.46
4.41648, 914.897, -2082.05
2.73626, -141.25, -207.434
4.22823, -113.955, 120.479
3.61594, -1319.92, 2751.67
3.81264, -15.3913, -6.56763
3.05141, 125.243, 79.0843
7.40088, 70.942, -279.194
5.93794, -823.49, -324.735
5.82158, -94.5834, 13.8435
5.99501, 157.983, -240.415
2.68746, 115.224, 227.97
3.6706, 77.0297, 200.969
3.95397, -1919.96, -2905.85
3.50543, 112.065, -124.173
2.7177, -1098.05, 1390.85
2.56571, 712.804, -541.841
6.07297, 2273.83, -785.046
6.88348, 8.74364, -73.4777
5.35088, 716.369, -1423.14
6.92743, -1049.64, -1083.81
5.20042, 319.384, -131.408
3.31357, -970.422, 515.251
3.30492, -1028.79, -1111.43
7.19182, 17.0367, -125.235
3.45628, 0.762288, -347.143
3.15761, -1310.7, 210.374
4.41122, 206.543, -354.411
6.12674, -455.973, 1321.94
2.50651, -2470.79, -319.788
4.60222, 1727.52, -1058.04
5.18984, 769.663, 158.687
4.86596, 62.1857, 499.15
6.33003, 642.258, -13.8659
2.9396, 701.331, -20.2137
7.04284, 140.326, 344.716
3.20818, 373.663, 368.724
2.54782, -14.5288, -118.638
2.82267, 265.99, -56.9335
4.96742, 363.523, 346.275
5.40914, 1.14012, -132.693
4.03373, 1373.01, -2511.48
4.57091, 29.0587, 30.3499
4.33401, -25.219, -283.026
3.42687, 77.9738, -1448.48
2.76788, -890.279, -1191.71
4.47222, 135.95, -87.4324
3.98388, 585.604, 539.174
5.05388, -35.2092, -124.258
3.75392, 885.774, -1611.06
5.01589, 288.469, -352.771
2.51168, 973.181, -171.92
7.01807, -2018.15, 866.854
2.79181, 1489.78, 1366.53
5.17506, 41.354, 1320.76
3.95754, 1399.47, -635.353
7.3023, 231.749, -115.609
4.73406, -1503.85, -763.254
5.08479, 32.7014, -51.8124
5.93861, -441.006, -548.265
2.72187, -174.097, 25.0579
7.2946, 1527.75, -1209.86
5.70852, 143.962, 182.221
2.80215, -168.287, -18.897
3.33964, 10.1643, -106.619
5.76491, 206.539, -169.529
6.19864, 191.635, 1188.69
3.57011, 346.867, -225.228
4.31441, 74.381, -1040.2
6.56981, 750.179, -411.969
5.32057, -122.413, -15.0904
7.45886, 86.7028, -161.261
6.5669, -237.375, 19.6185
3.49157, 1214.44, -1720.23
2.50003, -99.6575, -72.3097
4.62608, -1303.76, 1608.86
4.07406, 1061.02, 511.714
5.56218, -1562.96, 224.772
3.83351, -27.4789, -76.505
4.39881, -201.409, -225.758
5.43397, -212.239, -508.316
5.95636, 6.99988, 328.536
7.26736, 53.2927, -99.4677
4.89785, 107.319, -310.069
3.60319, -552.426, 403.225
5.33741, -356.396, -151.824
6.09873, 18.639, -152.469
4.4953, 1242.93, -289.188
3.48326, 823.521, -449.259
6.66971, 169.884, 84.4015
5.59561, 634.776, -401.613
7.26866, -41.1658, -190.53
3.23222, 729.166, 628.67
5.38953, 35.9689, 12.3896
7.26796, 38.6198, 62.6512
3.62331, -1895.88, 1017.27
7.25137, 119.651, -64.9039
3.07874, 861.819, -342.245
2.58372, 44.3771, 136.529
3.90465, 132.929, -413.793
7.15042, 73.88, -133.701
3.04796, -1026.68, -372.839
6.77266, 72.8907, -50.3503
5.68532, -71.7802, 102.605
5.63853, 3.83494, 184.507
3.80589, -312.402, 853.895
5.13936, 670.743, -542.178
7.16608, -52.3461, -164.855
3.98055, 106.497, -170.023
4.78006, 117.527, -20.3249
6.35659, -213.473, 1701.79
4.17193, -729.655, -1810.01
6.31775, 111.226, -20.2124
6.65892, -1071.94, 826.453
2.64618, 1195.31, -822.228
4.31315, 434.486, -281.031
4.16221, 100.249, 488.63
3.17675, 134.599, 45.3309
3.00839, 498.934, -1580.73
5.11327, 333.504, 334.546
3.52046, -44.267, 366.505
5.00728, -48.7549, -255.629
5.1371, -1790.66, 960.243
4.13422, 201.149, 53.8912
4.75888, -49.8109, -1.2987
6.85263, 196.131, 19.6674
4.72884, -160.503, -45.364
6.03726, -140.684, -156.474
6.83171, -1089.48, 250.483
6.5822, 51.8714, 27.153
2.67504, -1323.49, -563.724
3.8644, -170.182, 1222.14
5.21858, 269.197, -104.619
3.19942, -28.4195, -66.398
5.57408, -104.038, -10.4142
3.29182, 60.4609, -618.809
4.41129, 472.926, -92.0016
5.94997, 8.69231, -38.1701
3.21128, 1721.94, -98.9975
5.65284, -194.81, 118.733
3.15973, -1181.84, -1071.28
7.13583, 99.1055, -13.1251
5.53465, 1829.2, -2821.44
5.50388, 637.485, -578.726
3.33635, 108.066, 126.647
3.301, 83.6543, 573.911
5.91628, 16.4459, -31.6641
5.1456, 180.13, -95.3503
3.65264, -1088.09, 390.275
6.55373, 8.42054, -184.425
5.76477, -51.0296, 107.609
4.08597, -356.294, 19.5194
2.53953, 143.302, -98.0074
3.49176, -112.184, -965.21
3.78831, -229.511, 648.07
3.03825, 634.942, -121.829
3.49545, -682.859, 142.767
6.75079, -2031.47, 1119.71
6.63912, 115.53, -30.3062
6.76813, -20.3777, -136.669
5.71027, -209.182, -155.099
3.6787, -1209.49, 1231.73
6.80638, -116.086, 32.6343
5.4745, -157.516, 719.045
2.52745, -970.991, -971.535
6.84925, 170.395, 253.384
7.37729, 360.819, 349.404
5.59653, -1013.21, -843.046
3.85574, 70.0127, -155.612
7.46973, -18.0053, -60.6137
4.60751, -759.272, 316.112
4.20537, 322.989, 332.026
4.80717, -110.334, 2.2251
4.44822, -492.036, -1405.56
4.613, -1926.08, -435.322
2.84879, 95.7228, -45.9978
5.5153, -45.4321, 22.643
7.36114, -278.169, 64.7781
5.07406, 105.519, -48.5471
7.45461, -21.6527, -87.6005
5.84906, -856.84, -2217.63
4.01716, -437.109, -183.909
3.47371, -825.461, -326.382
4.0109, -132.01, -127.25
4.93946, -78.5824, -62.3881
4.72438, -197.661, -129.053
5.7844, -33.6974, -152.433
3.74227, 2187.81, 1343.52
4.72007, -831.043, -849.559
5.75894, 17.6275, -29.3487
6.67472, 177.193, -1.79077
6.03698, 429.027, 183.914
4.93928, -202.699, -276.132
6.72039, 596.403, 392.047
7.00296, 136.275, -191.199
6.33082, -306.411, 89.2318
5.29453, -868.971, -297.895
2.70603, 769.653, 74.9425
5.46749, 728.57, -575.249
2.68674, 230.69, -1636.57
4.53488, -85.3807, -427.204
2.84243, -43.9396, -235.125
7.38558, -106.042, 99.4859
2.5956, 1163.88, 1369.53
6.60363, -73.4956, -253.529
5.2195, 1611.39, -1105.28
5.72828, 28.7552, -193.745
3.62934, -35.0602, 359.752
2.733, -69.164, 1096.7
3.63154, 125.428, -69.3219
4.58371, 358.833, -1071.82
6.40126, 204.431, -326.53
3.72852, 605.458, -1182.52
4.81411, -64.6957, 47.9169
6.14756, 391.564, -483.293
5.35237, 1990.94, -343.784
5.45997, -441.82, -810.015
4.98425, 64.5834, 213.192
3.951, -33.9028, -74.0976
4.71107, 146.053, -55.9585
2.53669, -1031.19, 2185.68
7.41683, -7.13265, -130.783
2.52822, -85.84, -206.735
4.8676, 700.608, 520.447
5.86497, 1397.48, 2257.94
