6.27803, -2166.86, 1166.8
3.5948, 163.266, 1343.73
5.89648, 820.224, -298.414
5.09708, 160.256, 137.875
2.76731, 3768.64, -3944.35
2.53849, -990.04, 1063.6
4.58743, 5314.46, 3122.86
7.15218, -3.32012, 42.1756
2.95982, -442.322, 753.031
6.00595, 605.388, 399.157
3.81226, -64.0844, -158.454
4.14117, 231.753, -12.5531
7.45519, -33.2631, 34.4956
7.41275, 37.9587, -20.8142
5.75759, 818.223, 131.933
6.92354, 155.521, -40.9044
6.33247, -8.75289, -149.32
3.87453, -1680.85, -465.814
4.93259, -989.592, -752.426
2.80282, -4767.84, 1068.09
5.08146, 356.943, 27.334
4.96988, -3368.27, 1175.41
7.23882, -40.9023, 27.3074
4.42071, 156.436, 53.0361
5.14874, -2671.77, 752.731
2.75042, -309.642, 3438.02
6.63909, -428.107, 32.8425
5.94228, -527.218, -313.171
6.18112, -313.086, -132.896
6.94286, -2623.82, -2409.99
4.25508, -184.477, 521.504
6.72991, 206.609, 165.857
3.84659, -337.382, -247.431
4.83959, 1.3515, 141
3.2686, -115.71, -132.94
2.66527, 258.388, 487.344
7.2768, -1296.02, -907.819
6.95369, 220.31, -572.733
3.29884, -1040.41, 205.121
3.15214, -81.1741, 66.5025
2.515, 2179.51, -344.009
6.0491, -82.7085, -313.045
3.40448, 1243.55, 196.435
5.76029, 176.822, 97.176
4.42907, 551.754, 336.174
3.23766, 1066.4, 1336.28
5.45054, 66.0719, -268.566
3.24076, 2107.61, -1042.34
3.2091, -1772.51, -1118.96
4.94257, 481.449, 137.165
3.13015, -740.539, -399.101
5.64635, -401.44, 163.669
5.60817, 82.6235, -112.341
4.88216, 2387.24, -3302.34
2.64188, 598.586, 638.76
3.21011, 2932.58, -504.882
3.15594, -82.4479, -282.99
3.31099, 1183.71, -1798.88
3.76529, -748.774, 142.555
4.77654, -3307.75, 1750.98
6.54472, 285.95, 323.65
3.57624, 111.024, -120.08
3.75063, 93.5562, -97.1076
5.02978, -348.124, -803.064
6.27922, 25.338, 76.5796
5.66369, -1119.19, -2441.84
5.9449, -1827.39, -1236.46
7.27207, -179.511, 37.6202
5.18713, 3377.53, -1719.46
4.57014, 74.4989, -701.423
4.70019, -292.251, -470.757
6.07821, -1404.63, -1588
6.20858, -1845.2, -1522.04
5.12494, -2334.63, 1958.88
6.06711, 1.12672, -69.4412
5.91025, -38.8892, 70.6482
6.82941, 1610.61, -1224.53
3.19597, 765.676, 1334.93
3.57766, -101.639, 75.412
5.0733, 633.996, 1255.23
4.83766, 89.5722, -258.062
3.55759, 2478.74, -2541.35
5.65244, 447.159, -283.282
2.5044, 1989.64, -2847
4.09589, -463.275, -2274.26
5.90281, -28.732, -81.5028
6.0446, -35.993, -93.7223
2.90869, 537.032, 320.242
3.56926, -780.188, -209.532
4.44412, 438.477, -142.427
4.44927, -2800.66, -992.059
3.92018, 117.093, -286.41
4.6123, 11.5411, 13.2972
2.55658, -797.565, 38.4352
3.72027, -3523.08, 1914.53
4.49072, -1254.48, -2570.17
6.64177, -491.559, -290.465
3.78584, -361.114, 667.142
3.59705, -1202.8, 10.4759
6.47385, 143.252, 35.8121
5.8476, -441.204, 197.188
5.49108, 277.337, -349.838
5.99917, 1972.85, 1173.9
5.13062, 267.489, 35.6331
4.14833, 222.356, 463.098
3.30844, 3691.42, 628.712
6.56633, 47.0423, 97.3427
4.08004, 484.348, 466.494
4.05369, -440.299, 123.142
4.65424, 26.1497, -154.137
4.46509, -201.015, 314.441
4.43916, 54.9986, 1.49928
4.34871, -108.128, 724.639
5.88118, 252.612, 113.26
6.10384, 656.168, -137.767
7.20082, -1814.05, 528.191
5.08573, 12.2337, 28.5209
5.5282, 604.578, 403.043
5.85049, 1191.48, -1793.88
5.11404, 182.827, -221.147
3.87105, 462.554, -623.925
7.08924, 145.587, 30.1628
3.73367, -141.466, 38.2519
4.77876, 201.584, 890.763
3.30374, 66.0671, -152.487
4.68319, 218.059, -111.279
7.45767, 171.739, -16.5094
6.26931, 2429.48, -2567.66
4.97846, 150.691, 201.503
7.01651, 134.446, -116.107
4.68213, -739.81, 50.3067
5.09239, 1570.4, -1340.08
4.44866, -1367.9, -2062.99
5.63431, 273.761, -79.4118
5.19331, 48.4551, 19.9788
4.35955, -170.461, 621.791
2.54674, -254.936, 275.187
6.3794, 233.142, -214.823
2.85317, -383.157, -389.438
3.98511, 149.396, 535.183
4.78581, 290.992, -117.635
3.25156, -63.6677, 94.3626
5.97819, 89.9994, -197.361
4.15587, -350.106, -363.734
5.21197, -2140.84, 3817.31
2.64678, -2380.92, -1244.94
5.38086, 140.274, 138.522
5.18133, 344.972, -234.449
7.36678, -538.393, 92.3013
5.57063, 177.475, -38.8234
5.26431, 1750.72, -2897.13
6.69051, 1089.85, 267.63
3.75764, 7.0549, -373.802
6.98957, 80.1526, -243.019
5.97428, -169.612, 44.1882
5.82752, -99.3285, 1818.04
3.06838, 137.824, 165.914
3.37987, -796.906, -784.765
2.91253, -930.94, 1650.01
6.68103, 191.138, 323.807
2.64818, -107.738, 2240.59
6.34719, 513.08, -189.571
4.29829, 254.131, -2459.76
6.24626, 770.458, -11.9945
6.28385, 64.9799, 63.3362
3.60834, 2056.56, -782.639
5.58305, 63.8417, 94.6173
3.66846, -509.337, 123.244
6.22052, 40.0635, -2415.05
5.80997, -403.838, -732.137
4.9209, -2202.66, 3872.58
2.58972, 642.087, -161.373
4.98291, 39.9712, -282.887
5.09587, -27.3863, 3.5691
4.71395, 717.056, 2292.25
4.14528, -1795.1, 835.805
3.52671, 106.203, -146.12
7.19863, -139.364, 1297.2
2.85168, 1078.14, 1987.18
3.30042, 462.471, -236.202
6.70788, 399.249, -783.195
4.13614, 178.551, -471.433
6.85942, 987.029, 228.374
5.99896, 209.355, 49.5215
5.52801, -49.6649, 321.289
4.77536, -50.4521, 219.742
2.91543, 841.537, 795.792
3.94883, -2290.49, -865.273
6.51009, -49.173, 55.9551
6.81821, 209.859, 570.201
3.81831, -3102.29, 243.78
4.79881, -547.385, -252.244
4.95672, -56.7771, -228.314
5.82344, 1163.24, -1869.4
7.31738, 191.52, -16.4348
7.23022, 458.281, 229.398
2.81902, 1292.69, -435.441
5.04829, -869.625, -362.405
6.13222, 307.08, 67.1398
5.65882, 96.4939, 106.247
3.26658, 38.2081, -60.7713
5.09652, 716.101, 2288.03
3.52281, 3792.61, -1239.28
6.03231, 333.166, -31.3145
6.05786, -714.8, 4021.18
3.66304, 212.729, -618.038
6.80594, 55.8939, 11.6298
2.67122, -901.519, 14.6792
6.26587, -259.691, -52.6434
4.14789, -282.06, -286.5
4.65309, 3379.71, -768.008
7.33455, 305.184, 149.474
4.05803, -1453.83, -1258.62
5.69762, -3956.71, 11.1556
5.95386, 49.7332, 76.128
5.36403, 432.472, -304.446
6.60667, -2146.88, 3789.53
4.21807, -2463.09, 1071.22
5.09387, 348.699, -280.567
6.78438, 495.43, -314.788
6.18587, 663.968, 1032.64
3.45992, -353.845, 180.27
2.83145, 39.345, 74.8683
3.60828, -2898.66, 1809.43
3.33656, 175.804, -79.359
6.31172, 190.071, 46.7792
5.44905, 1110.87, -1630.94
4.65223, -4124.68, -383.509
7.09618, 1571.81, -234.461
5.09668, -405.166, -974.313
7.38058, 270.556, -50.2701
5.15714, 175.099, -474.996
2.98716, -885.458, 1070.03
5.83983, -380.146, -468.24
5.44444, -537.826, 2021.77
5.01137, 480.969, 117.824
2.75808, 868.143, 915.83
2.6753, 229.443, -321.27
4.41484, 361.948, 11.8147
5.55555, -1768.12, -2162.93
5.06574, -4119.3, -384.079
5.98498, 133.234, 80.4111
4.89891, -44.6315, -127.955
3.88323, -4102.78, 71.7289
6.01685, -157.758, 2191.99
3.67701, 181.542, -184.116
6.41501, 311.543, 60.5773
6.60589, 1250.39, 77.832
3.21842, 2506.01, 2329.04
5.75757, 426.58, -174.646
3.87677, -336.465, -1134.63
7.26215, 1834.03, -1032.51
4.58238, 101.802, -78.8691
3.03869, -393.589, -216.957
4.70633, -8.77806, -1.19502
6.28811, 140.986, 70.1831
2.77803, 555.267, 112.946
3.51241, 48.4566, -77.8345
6.82305, 93.7748, 148.364
6.52456, -202.687, 88.6404
2.78861, 449.476, 1635.28
4.40304, 211.604, -163.298
4.56124, -253.027, -445.595
2.80071, 653.712, -7.1587
7.09746, -1078.2, -1023.3
3.35398, -102.627, -78.2802
6.51634, 363.942, 38.611
3.88599, 932.322, -375.066
4.44586, 108.049, -135.101
7.19936, -1575.33, 529.69
6.24573, 106.289, 2181.98
3.44774, 2619.74, -2850.27
6.89581, 344.068, 79.2899
6.8953, 238.579, -41.5895
3.30515, -81.7806, -453.827
5.87346, 930.753, 328.758
6.89096, -85.1618, -96.7574
6.98262, -652.087, 2686.92
3.06535, 139.525, 50.6361
5.93789, -549.251, -591.948
3.21651, 660.737, -42.4299
3.6901, 602.735, -131.838
5.64383, 2143.31, -1450.27
4.312, -2.88847, -323.741
4.64437, -1417.4, -1235.72
4.91936, 1268.27, -1385.18
6.20379, 70.8218, 687.198
3.23098, 5.15173, -278.25
7.36238, 24.4409, 10.3589
7.3158, 365.555, -27.5827
3.14741, 1985.8, -1371.85
5.3784, 372.746, -9.36203
4.66439, 579.611, 162.226
5.50066, 137.862, -97.7592
5.85098, -66.5032, 244.844
4.5137, -2309.21, -746.416
6.46691, -1410.37, -1291.75
4.89889, -2478.06, 1416.58
5.72449, -707.016, 694.352
4.28836, 3858.21, -646.95
5.96794, 102.297, 298.741
5.83428, -307.491, -405.968
3.22071, 530.76, -274.014
7.10415, 170.011, 97.3829
4.22228, 921.177, 2826.09
6.66824, 96.9424, 14.5589
2.74349, 202.708, 226.356
3.27936, 986.473, -1467.83
2.55765, -92.315, 30.7712
3.94327, 334.884, -60.7726
5.07295, 492.022, -379.212
3.65948, 675.116, -2624.45
2.75022, 400.65, 593.389
5.33091, 196.184, -70.7428
6.69774, -344.124, 114.456
4.28763, -228.71, -408.86
4.3452, -33.7069, -539.682
7.22226, -143.714, 13.3852
4.72425, -1435.95, 246.699
6.82086, 150.958, -152.642
5.82654, -57.0814, 643.766
5.79297, 283.023, 101.241
7.10736, 2040.01, -1529.88
5.11536, -2327.64, 1955.29
5.45229, 277.671, 0.140463
5.79944, -292.342, -2091.28
4.24765, -1438.05, 916.94
4.11714, 208.977, -396.935
7.08984, -62.2373, -376.436
3.08619, -3387.08, 1186.67
7.31268, 515.68, -89.6096
5.17978, 120.711, 303.471
5.81447, 892.802, 290.428
5.48362, -3457.57, 1551.91
6.93363, -401.036, -992.417
6.67999, -1.62623, -129.525
6.69339, 21.0489, -237.34
6.85642, 80.8651, -329.825
2.5002, -78.3529, 1771.55
4.77274, -427.592, -1462.72
4.25696, 1634.12, 35.7144
5.80713, 3334.64, -2671.79
6.22234, 655.681, -301.907
3.3821, -761.847, -3045.1
7.4621, -1060.93, 1322.43
5.95466, -578.838, 105.978
6.97862, 136.066, 240.861
3.51579, -1156.17, -288.173
7.2356, -244.587, 159.141
4.88476, -3221, 1693.83
6.78578, -2894.98, 1807.07
6.41237, 466.032, 353.692
5.70687, -2270.45, 2193.7
3.14521, 178.423, 842.753
5.77944, -90.1468, -74.0507
3.09199, 103.595, 43.1865
3.88793, 2117.29, 455.929
6.65548, 259.29, 2030.89
6.14153, 2673.34, 3416.77
6.74348, 2975.02, -2219.25
3.43989, -776.104, -538.765
6.09602, 121.298, -4.26187
4.25586, 109.374, 333.994
3.34555, 217.178, 348.739
4.52383, -3143.8, 407.789
4.20924, 234.665, -32.0401
6.67141, 62.6898, -73.6187
3.9111, -2380.59, -3858.66
5.16766, 2396.9, 1471.95
6.25085, 644.402, -1134.22
4.62554, -187.239, 75.956
4.66964, 1360.23, -37.625
3.03022, -2550.18, -1581.34
6.4639, -202.826, -22.7599
3.91232, -154.712, 294.39
7.14264, 2668.03, 3863.93
5.37926, 129.297, -145.346
3.4895, 529.743, 8.52812
5.99081, -388.139, -282.295
3.07265, -653.897, -219.112
4.22945, 201.977, 746.562
4.15646, -2.32573, 89.6313
6.42735, -3467.81, 1588.62
6.65775, 155.037, 37.0905
4.21712, 922.226, -439.959
4.2603, -320.756, -57.9351
6.38197, 205.261, 225.764
6.58658, 767.348, -181.736
4.26157, -3.74804, 336.576
7.09559, 39.0089, -79.2322
3.2877, 529.85, 450.63
5.56029, 952.702, -248.029
5.54222, 111.162, -114.465
3.16647, 2023.35, 2205.5
3.51409, 2446.61, 3415.45
4.79457, 44.91, 104.7
3.48759, -692.585, 1173.6
6.77118, -73.282, -221.39
6.54562, -311.258, -442.288
2.80131, 1706.45, -1339.27
6.50584, 1114.11, -3216.04
5.49597, 232.31, 34.1745
7.43182, 261.447, -17.4224
2.65919, -978.043, 282.057
6.8356, -2146.01, 2605.36
3.69109, -14.0247, -305.273
3.6127, 726.235, 442.892
4.73907, 4271.39, 1985.92
2.61231, -250.096, -36.4753
6.79755, 95.3649, 132.061
4.15902, 439.899, -2979.82
5.72195, 658.596, -101.282
7.43521, -457.855, -54.9994
5.30162, 135.7, -142.064
4.74553, 115.411, 68.3877
5.213, -136.266, 11.1777
2.90797, -470.43, 222.551
3.99606, 1364.57, 1987.89
6.63964, -2594.41, -506.422
6.48936, -2680.21, 1056.87
5.71048, -105.08, -91.5124
4.84105, 210.889, -303.078
7.15326, 568.825, 1694.83
5.08798, -342.764, 131.728
7.42924, -2795.25, 1783.92
5.94567, 50.1424, 69.1845
6.19966, 322.459, 147.808
3.46323, 1203.38, 1096.18
6.08881, 1990.3, -1304.23
6.11146, 1054.18, 406.42
6.49298, 140.721, -264.584
4.23216, -3281.9, 272.044
5.1481, -639.348, -303.102
3.19001, 1025.48, -774.074
6.73218, 239.098, -100.495
6.32766, -732.406, -428.224
7.5, -3447.17, 1567.03
4.24891, -4755.45, -1621.99
5.50367, 1075.89, 20.3473
3.50808, -265.495, 2464.97
6.2385, -2417.33, 401.977
6.49225, -275.613, -329.372
3.03505, -161.222, -639.619
5.35813, 163.256, 3.98272
2.84683, -3403.01, 1184.05
4.16036, 268.933, -155.156
5.80945, 141.468, -208.855
5.27726, 370.126, 2644.21
7.12415, 47.6907, -296.242
2.69832, 225.982, 1901.13
2.62083, 976.513, 1100.84
4.61923, 398.17, 93.3619
4.36987, -708.582, -127.624
2.93303, 2249.16, 2186.04
3.05403, 373.758, 292.326
5.31992, -3078.12, 110.429
7.37269, 26.1991, 72.4364
3.05066, 8.41815, -2631.51
5.99352, -2083.33, -2314.66
2.79674, 261.786, 1178.55
4.69755, -164.299, 109.013
5.24651, 295.695, 81.606
3.45129, 287.443, -138.667
7.36597, 228.229, -115.185
3.19593, 193.395, -148.486
5.48978, -2134.49, 302.314
7.12812, 198.63, -405.636
3.91116, -171.435, -19.732
6.8307, -10.9408, 259.912
6.29598, 901.526, -1198.71
6.10793, 281.916, -256.625
3.34241, -71.653, -551.276
3.32882, 520.534, -1739.59
3.39076, 199.787, -57.494
5.87226, -99.6257, -138.786
4.83484, 269.702, 105.876
6.85219, 268.422, 153.207
5.76023, 479.404, -76.5019
5.80464, 902.861, 294.676
2.58037, -128.105, 560.783
4.30596, 3683.52, 2152.37
3.72747, 249.231, -646.36
6.93086, 617.562, 944.448
5.23701, -4625.68, 74.5096
6.57209, -110.753, -320.596
5.24453, -889.114, -211.795
4.16156, -234.624, 173.387
4.40213, -1284.61, -2236.43
2.52389, 561.597, 48.9786
6.95226, 178.692, -42.1618
6.16955, 195.168, 17.4013
6.04239, -531.044, 178.982
5.1278, 1490.28, -1855.59
6.41065, 234.878, -460.719
3.42484, 356.515, -80.0529
5.72673, 136.388, 55.3276
3.42178, 246.878, -6.7396
3.31214, -1188.64, 581.844
2.65594, 1215.74, 979.715
7.42716, 103.721, -98.5854
4.04559, 58.431, 16.1794
4.11075, -357.418, 59.9578
5.51155, 198.458, 51.8668
2.89107, 3422.07, -516.638
3.93936, 188.752, 240.091
5.79307, 464.885, -881.347
7.36348, 308.863, -51.3111
7.27758, 2610.89, 992.578
7.42745, 151.604, -83.385
7.30478, 208.621, 47.5457
3.0073, 49.533, 460.539
3.71505, 871.972, -297.404
6.91151, -451.143, 120.12
5.28805, -128.878, -297.825
6.7669, 101.821, -109.468
7.49145, 607.687, -114.548
3.99751, -2924.72, 1390.16
6.33157, -5250.41, -1763.94
4.81901, -78.7418, 312.149
6.8168, 526.093, 145.537
6.99018, 228.372, 173.006
7.377, -417.298, -186.544
2.77405, 180.992, -33.9575
6.32605, 141.821, 263.86
5.09219, 1158.74, -1807.85
3.46574, 338.683, -207.113
6.98252, -33.11, -456.401
6.38492, 432.542, -2.24178
2.75968, 266.932, 140.48
7.47331, 1278.68, -1812.64
5.93659, 164.554, -504.404
5.94854, 921.056, 323.633
6.57666, 2037.68, -880.946
7.05426, 221.211, -23.0699
3.34218, 1558.23, 3301.54
5.24183, 2004.73, -1361.02
6.53351, 117.801, 14.3781
4.17803, 459.33, 324.927
5.53435, -349.761, -373.924
6.59602, 966.753, -1723.18
7.3485, 561.238, 64.9374
6.29349, 225.952, 427.926
3.72113, 76.8209, 327.315
5.80589, 61.3658, 86.0821
4.21574, 992.169, 413.247
7.27146, 10.0391, 76.5512
2.60828, 1786.76, -2274.01
4.54979, 802.042, -291.058
2.55789, -2252.84, 2475.59
3.04964, 218.108, 340.339
5.28259, 726.84, -992.166
4.45466, 360.709, 13.0775
7.20539, 221.308, -19.3965
2.55572, 235.843, 469.519
6.22897, 305.478, -810.922
3.84293, 49.8381, -276.174
4.27153, 191.404, 5.01052
3.45835, 3836.96, -3949.78
5.14832, 359.162, 193.207
4.39478, -622.636, -3372.12
3.16407, 278.559, -219.089
4.26563, -66.2095, -254.266
4.2497, -3332.65, 1667.94
7.41084, -1825.68, -1242.55
5.25961, -341.286, -269.023
4.99918, -1724.14, -459.458
3.58531, 1191.72, -1874.45
4.37311, -2.97757, 72.2093
6.78251, 1996.03, 1751.06
6.45578, -1876.09, 3747.09
3.9204, 1986.91, -2372.92
5.07645, 923.633, -228.442
6.79238, 143.89, -244.677
7.07844, -291.582, -21.7053
7.48941, -1406.04, -1289.95
6.53177, -472.74, -84.9333
5.22718, 665.461, 440.906
7.3461, -105.496, 386.433
5.31931, 964.858, -121.93
4.03031, 474.465, -985.816
5.41853, 170.041, -124.966
2.91197, -180.016, 456.706
5.47382, 245.489, -54.5188
3.31968, 1791.03, 3297.81
6.46527, -160.534, -691.372
2.95373, -710.53, 1133.32
6.3072, 1.70624, 216.67
6.83996, 108.422, 24.3275
6.40105, 338.716, -299.273
6.61399, -1625.69, -346.636
6.70974, 86.6444, -202.705
4.48328, 502.619, 299.845
6.508, 234.053, -113.592
6.56811, 20.5203, 79.8482
5.43493, 625.33, 1304.36
4.64621, 18.7338, 85.7436
2.5002, -106.376, 78.6902
5.31153, 284.871, 3.30388
6.22632, 122.793, -428.571
3.89846, 2322.66, 1302.05
2.93406, -472.676, -3183.4
3.5733, -85.1654, -354.972
3.93296, -450.592, 26.125
4.86595, -362.606, 4.04758
6.95893, -1409.65, -1284.33
5.91955, -138.265, -6.71526
3.54376, 256.849, -96.5125
6.67533, 10.7177, 50.6786
7.09218, 584.59, 341.573
4.48244, -11.0601, -276.693
6.37858, 1371.07, 434.665
5.68161, -26.8386, -64.8337
6.64746, 52.1874, -92.1032
3.40204, -212.597, -117.66
7.45927, 75.5758, -149.313
6.70558, 340.792, -140.19
4.65177, 467.218, 344.862
4.38589, 427.928, -93.6605
2.70802, 254.147, -257.245
6.80715, -259.576, -504.476
6.62116, -2784.77, 1893.33
6.25052, 1122.98, 1201.45
3.55801, 279.636, -199.063
4.31029, 37.3636, -29.2563
4.43545, 168.036, 32.1672
7.32918, -2265.02, -1456.92
6.5872, -234.84, -312.554
4.5755, -324.585, 92.1448
5.83759, 149.281, 416.74
2.52101, -2789.17, 2721.89
6.98048, 226.666, -140.782
3.68416, 429.413, -169.775
3.79415, -359.464, 138.263
5.4939, -423.176, -292.855
6.89823, -853.23, 33.6496
6.16299, 109.925, -157.529
6.0773, -602.9, -183.665
3.57724, 3985.57, -183.892
6.30413, -2818.04, 2189
3.85351, 565.036, 110.27
2.75246, 308.741, 115.388
4.78866, -1006.16, 485.043
2.58759, -126.365, -259.486
3.01129, 3840.98, -2515.98
2.639, 913.37, -463.557
5.65921, -6.88296, 227.807
6.34425, 109.494, 74.6358
2.74132, -289.195, -238.319
6.6924, 563.435, 795.096
6.76899, -120.353, -25.4144
6.57649, 194.448, -193.31
6.85188, 151.512, -2878.43
5.27222, 334.694, 83.571
6.12646, 2.62294, 1171.63
3.20424, -3063.95, 2396.66
6.6115, 175.163, 125.432
5.51185, -1774.84, -2164.31
4.93856, 218.287, -159.355
6.14942, -449.594, -257.83
4.05164, -1513.36, 851.302
3.93925, -236.153, 461.072
5.45857, 1607.13, -1965.94
5.34055, -2125.1, 1165.8
5.41059, 2047.38, 1444.87
2.84132, 244.085, -301.975
4.34304, -1498.47, 9.66259
6.28475, 363.228, -308.513
6.35297, 773.206, 2100.06
4.27217, 136.765, 450.819
5.98913, 39.9581, 72.1458
5.08005, 1576.53, 926.528
5.94494, 226.571, -28.3059
6.18066, -1498.49, -1051.54
2.56231, -1854.68, -1543.06
7.16549, 151.212, -218.983
5.37826, 614.795, 175.788
3.05587, -201.774, 602.864
4.87388, 76.875, 110.702
3.24247, 1276.56, 60.0105
4.22594, -5586.03, -1276.74
7.04476, 104.275, -92.7128
4.54571, 2044.51, -905.773
5.96642, 129.592, -107.538
3.35865, 119.855, 138.565
6.21715, -3009, 1109.05
4.16319, 60.1738, 68.5375
4.62157, 101.136, -118.961
2.79523, 16.3044, 569.812
5.09005, 229.426, 83.8446
5.94425, 129.657, 178.511
5.01149, 267.803, 136.348
6.56617, 99.5848, 85.7669
3.07974, 229.454, -167.12
5.24841, 1102.72, 282.741
5.06046, 153.663, -256.051
6.02649, -1398.58, -1299.36
5.65083, 63.4974, 31.8069
4.0207, 644.882, 514.7
6.74719, -0.966399, -108.92
3.39619, 1001.39, -1657.54
2.61737, 155.877, 246.45
4.19467, 420.043, -118.746
3.43818, -1513.03, -1098.71
6.60467, 221.988, -23.1194
6.72507, 70.4536, 2281.24
6.78031, -2149.84, 1309.09
7.37454, 276.436, -188.817
2.99587, 488.426, 95.0379
2.56182, -2474.39, -1959.36
2.58614, 46.4069, -405.315
2.64527, 246.199, 496.009
4.1031, -1443.45, -1477.16
6.17815, -2123.73, 1163.86
3.14876, -373.51, -489.61
2.5161, -1418.93, -225.009
6.91905, 483.324, 74.9741
3.70482, 299.621, 187.886
4.38481, 376.057, 107.439
4.44879, 92.745, -188.638
2.81534, 2354.95, 907.874
7.30792, -22.1721, 29.5545
3.75349, 114.936, -262.301
6.85376, 133.592, -218.468
2.85991, 1865.84, -2587.26
2.70653, 2238.8, -1664.48
3.46378, 387.763, -160.652
3.86708, -1243, -1650.33
7.4007, 116.043, -104.26
3.60607, 749.023, -3300.33
6.43119, 1186.43, -1793.3
4.42306, 201.564, 361.67
3.78593, -1987.77, 2173.64
3.91087, 366.567, -270.01
7.33834, -226.439, 107.574
4.22841, 210.235, 60.2337
3.45922, 114.986, 60.5991
5.05037, 309.454, -33.7731
5.21857, 780.353, -2963.17
5.72333, 181.778, 320.88
3.89738, 568.719, -264.878
3.41887, -142.598, 31.2956
2.71579, 1641.94, -1973.9
3.98408, 20.9475, 155.932
4.25548, 1249.44, -466.65
7.09372, -172.017, -13.4287
5.81225, -231.499, 10.3541
5.08041, -1443.34, -1259.38
4.03763, 89.7948, -134.15
3.0007, 1411.42, 1478.67
3.47502, 154.989, -11.2006
4.11407, 2022.05, 2228.52
5.56182, 555.288, 10.6805
5.13511, 1378.01, -737.962
3.45653, -412.953, 1052.67
4.7178, 3570.97, 2047.67
4.48693, 4089.56, -796.795
6.28051, 289.805, 208.369
6.6213, -347.607, 56.9289
5.51573, -28.5489, -890.004
3.04573, 294.486, -320.971
4.11797, 1830.13, -411.03
5.03403, 82.4066, 18.9193
4.76521, 232.453, 872.149
4.77315, -72.418, 351.346
4.91125, -139.199, -46.7814
5.07896, -2979.46, 540.542
4.50207, -1506.92, -1044.39
4.22945, 91.6105, -104.015
6.64533, 26.6765, 690.673
3.02204, 1813.45, -792.36
6.40057, 303.984, 12.2595
3.19919, 115.135, 37.3181
2.62171, 2448.77, 2843.7
6.0664, -216.211, 963.919
7.15538, 86.2814, 305.016
7.47667, 173.927, 29.3208
3.86264, 16.7315, -147.679
3.6923, -1410.46, 536.796
3.87328, -233.379, -2105.31
5.70836, 281.02, 226.833
5.17637, 190.489, -73.6751
6.8967, -1869.44, 3174.17
6.75968, 225.784, 274.7
2.98004, 63.0928, 582.688
4.66818, 66.7831, 2.9229
3.17045, -231.55, -136.375
5.86802, 98.326, -77.376
5.34964, -116.84, -258.726
3.66474, 124.892, -1220.36
5.50306, 277.101, -93.2405
2.6551, 659.446, 20.3822
7.08512, 96.6772, -359.123
3.82958, 438.423, 448.82
6.50016, 136.382, -46.4673
5.46389, 213.991, 0.595397
5.0822, -265.595, 50.551
5.2567, 673.374, -412.258
3.47225, -40.434, 274.361
5.36152, -1962.27, -269.569
3.81992, -434.158, 4039.52
4.41648, 1678.27, -3589.51
2.73626, -109.867, -324.872
4.22823, 169.056, -69.8506
3.61594, -2004.53, 4577.86
3.81264, 253.033, 26.2891
3.05141, 301.381, 148.673
7.40088, 73.2403, -405.789
5.93794, -597.556, -181.917
5.82158, 0.834318, 126.128
5.99501, 253.537, -200.526
2.68746, 2.48054, -96.1836
3.6706, 1.97269, 23.2738
3.95397, -3406.61, -5136.13
3.50543, 255.726, -164.428
2.7177, -1729.88, 2464.14
2.56571, 736.592, -292.1
6.07297, 3795.12, -1236.61
6.88348, -226.704, -293.035
5.35088, 1174.78, -2277.67
6.92743, -1904.49, -2093.81
5.20042, -585.259, 240.538
3.31357, -1380.55, 427.274
3.30492, -1817.93, -1523.13
7.19182, 122.462, -131.293
3.45628, 376.472, -226.637
3.15761, -2070.8, -18.4375
4.41122, -320.481, 373.507
6.12674, -547.493, 2015.13
2.50651, -4125.12, -381.278
4.60222, 2936.39, -1702.13
5.18984, 728.392, 110.846
4.86596, -180.333, -409.649
6.33003, 734.024, -550.702
2.9396, -362.477, 7.49162
7.04284, 54.5668, 134.859
3.20818, -295.121, 611.727
2.54782, 120.011, -193.357
2.82267, -100.983, -371.912
4.96742, 250.112, -50.9341
5.40914, 97.6093, -109.551
4.03373, 2372.21, -4217.24
4.57091, -123.891, -275.749
4.33401, 730.934, 933.066
3.42687, 227.55, -1930.38
2.76788, -1673.54, -1789.19
4.47222, 188.993, -10.7853
3.98388, -112.532, -256.125
5.05388, -268.453, -288.815
3.75392, 1477.03, -2519.09
5.01589, -434.177, 847.306
2.51168, 1094.05, -499.039
7.01807, -3450.46, 1577.25
2.79181, 2301.15, 2200.59
5.17506, 72.7707, 2173.72
3.95754, 1929.71, -911.032
7.3023, 172.454, -126.074
4.73406, -2268.97, -1000.31
5.08479, 339.366, 48.287
5.93861, -538.85, -121.248
2.72187, 125.368, 490.458
7.2946, 2444.84, -1835.86
5.70852, -90.591, -134.319
2.80215, 90.8395, -270.727
3.33964, 311.34, -12.4988
5.76491, -216.947, 101.878
6.19864, -80.7907, 1780.65
3.57011, -384.181, 207.498
4.31441, 345.966, -1565.27
6.56981, 443.436, -284.337
5.32057, 47.995, -113.378
7.45886, 152.995, -102.773
6.5669, 233.321, 319.366
3.49157, 2113.74, -2786.69
2.50003, -67.6209, -19.3861
4.62608, -2144.52, 2612.93
4.07406, 1476.79, 862.225
5.56218, -2403.92, 345.822
3.83351, 120.026, -127.635
4.39881, 782.958, 583.722
5.43397, 281.455, 300.546
5.95636, -689.206, -436.112
7.26736, 289.596, 55.7215
4.89785, -228.491, 752.203
3.60319, 308.166, -305.504
5.33741, 595.442, 302.627
6.09873, 95.1443, -134.851
4.4953, 1634.6, -148.06
3.48326, 533.391, -272.755
6.66971, 254.009, 168.066
5.59561, 350.64, -791.571
7.26866, 310.13, 121.395
3.23222, 604.818, 57.9839
5.38953, -8.30455, 17.3893
7.26796, 192.697, -158.207
3.62331, -3277.61, 1643.34
7.25137, 122.264, 47.8452
3.07874, 1173.62, -566.591
2.58372, 110.487, 39.172
3.90465, -119.818, 492.695
7.15042, 433.151, -325.593
3.04796, -1080.09, -479.458
6.77266, -389.715, -449.486
5.68532, 574.882, 380.967
5.63853, 272.818, 354.829
3.80589, -510.527, 1265.35
5.13936, 316.396, -140.306
7.16608, 701.161, 463.566
3.98055, -870.413, 218.122
4.78006, 247.032, -149.828
6.35659, -567.57, 2920.54
4.17193, -1235.51, -2405.78
6.31775, 219.57, 56.3174
6.65892, -1555.99, 1553.6
2.64618, 1762.89, -1045.8
4.31315, -57.8404, 199.256
4.16221, 230.026, -360.35
3.17675, 1182.27, 919.692
3.00839, 837.456, -2579.95
5.11327, -32.6371, -164.976
3.52046, 221.919, -227.979
5.00728, 301.923, 603.951
5.1371, -3069.54, 1926.25
4.13422, 125.774, -29.663
4.75888, -217.587, 691.098
6.85263, 817.688, -148.883
4.72884, -20.9645, 101.569
6.03726, 382.518, 278.286
6.83171, -1458.44, 295.397
6.5822, 465.472, -150.622
2.67504, -2396.45, -939.309
3.8644, -503.041, 1670.6
5.21858, -782.042, 502.746
3.19942, 1887.04, -385.595
5.57408, 87.0186, -90.1232
3.29182, -338.06, -307.379
4.41129, -78.7608, -314.945
5.94997, 306.721, 202.268
3.21128, 2638.89, -50.4261
5.65284, 148.877, 85.8377
3.15973, -2092.03, -1308.12
7.13583, 270.217, 155.776
5.53465, 3231.28, -4950.9
5.50388, 352.864, -551.571
3.33635, -71.1336, -30.8744
3.301, -649.339, 1345.92
5.91628, 93.3959, 29.595
5.1456, -148.484, -320.284
3.65264, -1496.58, 773.304
6.55373, 40.7137, 55.0462
5.76477, 73.0233, 5.56499
4.08597, 336.216, -92.0023
2.53953, 317.948, 207.02
3.49176, -91.5845, -752.266
3.78831, 346.905, 356.822
3.03825, 555.031, 442.38
3.49545, -69.1192, 316.905
6.75079, -3547.09, 1910.02
6.63912, 348.019, -0.592213
6.76813, 87.664, 19.4844
5.71027, 146.5, 46.0753
3.6787, -1883.47, 1954.89
6.80638, 23.3399, 125.545
5.4745, 213.798, 265.737
2.52745, -1510.26, -1113.02
6.84925, -405.853, -732.561
7.37729, 160.506, -151.661
5.59653, -1407.01, -1282.17
3.85574, 503.796, -25.7201
7.46973, 39.9678, -83.7017
4.60751, -1140.43, -99.1682
4.20537, -401.574, 37.1533
4.80717, 221.068, -310.92
4.44822, -746.937, -2080.11
4.613, -3085.47, -624.98
2.84879, 157.256, -55.7839
5.5153, -141.431, 192.355
7.36114, -103.843, 19.2165
5.07406, 102.549, 298.369
7.45461, 180.099, -234.793
5.84906, -1556.86, -3761.5
4.01716, 384.054, 199.896
3.47371, -601.193, -186.134
4.0109, 563.397, 274.13
4.93946, 268.44, -166.2
4.72438, 220.01, -45.4019
5.7844, 63.5518, 18.6998
3.74227, 3682.74, 2151.21
4.72007, -1047.21, -970.48
5.75894, 37.2223, -252.106
6.67472, 234.068, -102.95
6.03698, -162.639, -303.008
4.93928, -268.839, 277.258
6.72039, 99.9747, -164.77
7.00296, 218.56, -201.434
6.33082, 233.376, 145.108
5.29453, -356.816, -381.514
2.70603, -108.224, -127.956
5.46749, 969.202, -252.018
2.68674, 141.287, -2619.7
4.53488, 246.091, -448.417
2.84243, 514.428, 387.876
7.38558, 307.932, -303.758
2.5956, 1495.86, 2109.85
6.60363, 121.89, -51.1353
5.2195, 2554.92, -2005.6
5.72828, 550.309, 29.3884
3.62934, -133.984, -228.989
2.733, 269.767, 2007.32
3.63154, -145.322, 517.707
4.58371, 173.67, -1799.05
6.40126, -46.4943, 29.1034
3.72852, 971.664, -1727.45
4.81411, 38.9169, -70.727
6.14756, 315.284, 185.731
5.35237, 3436.77, -474.18
5.45997, -345.099, -769.611
4.98425, -103.762, -259.965
3.951, 136.806, -121.508
4.71107, 258.164, 167.305
2.53669, -1858.99, 4079.39
7.41683, 169.142, -119.661
2.52822, 190.355, 3.84443
4.8676, 1431.18, 658.893
5.86497, 2323, 3912.7
