6.27803, -2452.64, 1363.84
3.5948, 116.841, 1388.57
5.89648, 603.076, -153.318
5.09708, 276.428, -313.569
2.76731, 4431.05, -4618.15
2.53849, -1341.69, 1475.89
4.58743, 6231.2, 3674.14
7.15218, 214.268, -188.309
2.95982, -394.156, 663.645
6.00595, 371.189, 205.864
3.81226, 313.014, -109.057
4.14117, 105.73, 217.466
7.45519, 600.288, -49.6446
7.41275, 201.744, -43.6682
5.75759, 671.904, 75.9185
6.92354, 174.972, -70.9224
6.33247, 445.317, 46.7123
3.87453, -1916.69, -592.944
4.93259, -1150.89, -843.587
2.80282, -5615.87, 1317.12
5.08146, 113.294, -42.4503
4.96988, -3965.31, 1413.7
7.23882, 392.165, -300.041
4.42071, 204.997, -40.3901
5.14874, -3087.55, 846.383
2.75042, -312.261, 4010.94
6.63909, -511.777, 116.345
5.94228, -227.606, -154.804
6.18112, -29.3353, 62.4089
6.94286, -3030.33, -2731.64
4.25508, -350.355, 584.165
6.72991, 225.567, 29.2269
3.84659, -271.685, -82.2683
4.83959, -144.133, 517.934
3.2686, 307.605, -313.059
2.66527, 151.098, 373.215
7.2768, -1356.57, -954.727
6.95369, 331.221, -692.207
3.29884, -943.259, 283
3.15214, 648.803, -159.417
2.515, 2498.7, -405.673
6.0491, -52.0939, -6.77222
3.40448, 1173.3, 251.243
5.76029, -297.841, 334.161
4.42907, 508.506, 141.153
3.23766, 1174.96, 1409.17
5.45054, 92.4607, 113.263
3.24076, 2382.63, -1159.72
3.2091, -1982.14, -1197.7
4.94257, 242.874, -29.3622
3.13015, -548.846, -600.261
5.64635, 70.2218, -10.3348
5.60817, 338.345, 145.282
4.88216, 2765.38, -3822.3
2.64188, 609.721, 361.863
3.21011, 3376.71, -549.097
3.15594, -287.428, -294.929
3.31099, 1293.26, -2023.97
3.76529, -779.824, 188.361
4.77654, -3749.33, 1960.33
6.54472, 261.741, 135.756
3.57624, 48.452, 83.5943
3.75063, -134.902, -121.497
5.02978, -573.559, -1202.67
6.27922, 190.935, -93.094
5.66369, -1304.33, -2784.48
5.9449, -1995.85, -1388.97
7.27207, 434.166, -179.463
5.18713, 3938.57, -2001.38
4.57014, 78.5453, -1204.94
4.70019, -382.716, -616.365
6.07821, -1551.16, -1692.52
6.20858, -2116.05, -1694.35
5.12494, -2665.5, 2201.48
6.06711, 341.629, -92.9352
5.91025, 213.438, -120.043
6.82941, 1781.77, -1370.87
3.19597, 700.596, 1500
3.57766, 376.871, -57.2555
5.0733, 831.526, 1557.15
4.83766, 183.695, 125.687
3.55759, 2924.34, -2983.37
5.65244, 4.1172, 85.5487
2.5044, 2318.66, -3328.8
4.09589, -562.615, -2449.78
5.90281, 321.657, 39.7006
6.0446, -170.835, 129.73
2.90869, 412.322, 28.8526
3.56926, -774.258, -300.128
4.44412, 106.914, -3.36471
4.44927, -3166.85, -1104.76
3.92018, 16.1896, 221.211
4.6123, 214.006, -39.7858
2.55658, -1253.43, -5.81034
3.72027, -4123.68, 2220.13
4.49072, -1512.25, -2893.88
6.64177, -391.719, -333.162
3.78584, -171.914, 532.586
3.59705, -1264.69, 171.888
6.47385, 205.609, -60.1121
5.8476, -71.4899, 53.7553
5.49108, -1.65353, -98.2805
5.99917, 2187.45, 1346.01
5.13062, -18.27, -184.015
4.14833, 297.495, 612.321
3.30844, 4383.25, 753.617
6.56633, 200.726, -192.109
4.08004, 191.125, 180.664
4.05369, -272.741, 36.2958
4.65424, 232.57, -41.0052
4.46509, -7.67153, 54.7227
4.43916, 553.001, -110.263
4.34871, -15.3157, 731.201
5.88118, 313.533, 281.653
6.10384, 286.378, 54.9924
7.20082, -1999.58, 653.516
5.08573, 140.716, -41.4868
5.5282, 378.192, 192.276
5.85049, 1281.61, -2027.72
5.11404, 107.765, 219.627
3.87105, 625.758, -538.748
7.08924, 202.209, -66.7118
3.73367, 196.095, -219.147
4.77876, 387.753, 772.929
3.30374, 51.5303, -223.46
4.68319, 325.207, 80.8809
7.45767, -5.50222, -146.496
6.26931, 2862.02, -2938.72
4.97846, 6.08108, -252.157
7.01651, 205.56, 40.3038
4.68213, -778.47, 146.042
5.09239, 1741.71, -1464.97
4.44866, -1515.98, -2342.67
5.63431, -87.2052, -92.5746
5.19331, 44.8596, -193.284
4.35955, -124.609, 864.38
2.54674, -512.183, -45.6657
6.3794, 427.105, 80.3076
2.85317, -527.833, -572.247
3.98511, 163.665, 352.151
4.78581, 453.03, 479.971
3.25156, -73.7942, -97.2542
5.97819, 203.737, 93.4991
4.15587, -508.834, -537.747
5.21197, -2505.33, 4465.29
2.64678, -2680.61, -1505.56
5.38086, -91.1918, 343.852
5.18133, 652.301, -152.921
7.36678, -209.703, -187.571
5.57063, 178.327, -71.6822
5.26431, 2010.3, -3380.73
6.69051, 1241.49, 146.111
3.75764, 68.9604, -753.595
6.98957, 191.808, -10.3533
5.97428, 342.15, -120.745
5.82752, -210.205, 1995.58
3.06838, 51.0644, -197.201
3.37987, -1062.07, -791.643
2.91253, -1160.67, 1985.37
6.68103, 170.584, -164.655
2.64818, 85.1319, 2674.68
6.34719, 534.664, -200.562
4.29829, 253.056, -2789.85
6.24626, 366.903, 41.4047
6.28385, 237.596, -111.757
3.60834, 2237.45, -1020.71
5.58305, 226.832, -188.373
3.66846, -240.727, 80.9961
6.22052, 18.6137, -2746.16
5.80997, -423.331, -861.048
4.9209, -2572.39, 4468.28
2.58972, 864.523, 81.2984
4.98291, 179.347, 100.405
5.09587, 260.255, -82.8119
4.71395, 718.969, 2594.64
4.14528, -1982.59, 1023.56
3.52671, 152.402, -35.9745
7.19863, -74.3001, 1333.71
2.85168, 1107.22, 2285.45
3.30042, 546.78, -627.993
6.70788, 466.752, -741.337
4.13614, 208.626, -278.734
6.85942, 975.572, 145.939
5.99896, 111.972, -26.7329
5.52801, -192.099, 44.32
4.77536, 140.254, -329.007
2.91543, 645.584, 955.375
3.94883, -2632.38, -877.486
6.51009, 398.092, -229.114
6.81821, 25.3588, 173.086
3.81831, -3547.3, 279.375
4.79881, -315.937, -427.941
4.95672, 216.232, -65.6056
5.82344, 1358.23, -1987.93
7.31738, 152.859, -362.977
7.23022, 174.597, -30.248
2.81902, 1438.9, -321.308
5.04829, -908.933, -459.485
6.13222, 386.913, -172.709
5.65882, 206.721, -234.056
3.26658, 424.618, -10.2302
5.09652, 717.574, 2591.72
3.52281, 4393.42, -1414.76
6.03231, 409.003, 26.3743
6.05786, -863.655, 4659.28
3.66304, 243.159, -544.5
6.80594, -308.797, -10.4558
2.67122, -806.769, 197.254
6.26587, -274.908, 130.15
4.14789, -179.602, -300.4
4.65309, 3928.31, -938.117
7.33455, 482.902, 403.377
4.05803, -1524.14, -1460.48
5.69762, -4571.53, -10.0344
5.95386, 232.81, -134.365
5.36403, 191.398, 205.717
6.60667, -2488.4, 4454.66
4.21807, -2827.36, 1179.48
5.09387, 302.252, 11.2703
6.78438, 47.3755, -171.008
6.18587, 546.907, 1057.36
3.45992, -59.4572, 64.637
2.83145, 232.031, -141.519
3.60828, -3305.79, 2062.57
3.33656, 0.255633, -174.177
6.31172, 157.875, -190.903
5.44905, 1286, -1778.87
4.65223, -4773.16, -405.866
7.09618, 1648.7, -189.642
5.09668, -601.96, -1160.54
7.38058, -289.084, 97.4276
5.15714, 206.834, -280.596
2.98716, -992.341, 1000.64
5.83983, -570.276, -622.438
5.44444, -558.086, 2261.41
5.01137, 284.943, 70.8292
2.75808, 756.918, 1095.1
2.6753, -76.0516, 253.777
4.41484, 81.4776, -157.626
5.55555, -2043.15, -2417.26
5.06574, -4775.04, -404.99
5.98498, 82.4736, 175.773
4.89891, 372.739, -93.9413
3.88323, -4803.91, 65.7317
6.01685, -202.578, 2449.86
3.67701, 6.7879, 7.10079
6.41501, -31.7184, -59.0856
6.60589, 1216.81, 242.25
3.21842, 2956.59, 2673.2
5.75757, -96.3194, 10.3889
3.87677, -626.017, -1358.13
7.26215, 2202.29, -1110.66
4.58238, 71.4798, -246.74
3.03869, -333.071, 44.2901
4.70633, 245.963, -89.8912
6.28811, 1.56244, -463.958
2.77803, 90.5958, -236.734
3.51241, 169.868, -42.5439
6.82305, 46.9804, -228.833
6.52456, 185.721, -14.8712
2.78861, 483.407, 1761.6
4.40304, 139.856, 117.218
4.56124, -142.203, -238.049
2.80071, 447.631, 30.0651
7.09746, -1120.39, -1074.34
3.35398, 213.208, -57.8359
6.51634, -64.3714, -99.9368
3.88599, 1448.25, -490.135
4.44586, 174.745, -40.9402
7.19936, -1730.26, 693.969
6.24573, 143.982, 2491.36
3.44774, 3130.35, -3321.58
6.89581, 13.9074, -133.926
6.8953, 181.205, -89.228
3.30515, 2.24604, -906.726
5.87346, 947.708, 411.95
6.89096, 184.081, 42.4086
6.98262, -685.735, 3085.08
3.06535, -63.176, -358.557
5.93789, -912.616, -847.491
3.21651, 721.651, -311.133
3.6901, -9.30773, -44.4969
5.64383, 2451.77, -1660.34
4.312, 274.482, 87.7885
4.64437, -1516.65, -1349.95
4.91936, 1408.37, -1564.89
6.20379, 33.7513, 1052.8
3.23098, -19.2224, 142.612
7.36238, 295.178, -53.411
7.3158, -15.5902, -141.19
3.14741, 2265.07, -1431.31
5.3784, -99.0485, -71.6481
4.66439, 425.022, 362.663
5.50066, 223.877, 19.6877
5.85098, 165.184, 61.6878
4.5137, -2590.11, -851.176
6.46691, -1604.76, -1431.44
4.89889, -2881.36, 1566.42
5.72449, -620.359, 684.911
4.28836, 4509.44, -736.288
5.96794, 154.042, 12.5981
5.83428, -122.948, -134.68
3.22071, 149.64, 6.8259
7.10415, -149.285, -72.2877
4.22228, 1007.78, 3224.69
6.66824, 145.258, -75.4666
2.74349, 77.4421, -326.15
3.27936, 1139.7, -1705.73
2.55765, 255.305, -110.797
3.94327, 157.351, -52.7887
5.07295, 539.203, -526.713
3.65948, 819.06, -2963.18
2.75022, 648.74, 427.225
5.33091, -17.7569, -39.7036
6.69774, -41.931, 395.13
4.28763, -365.039, -376.919
4.3452, 96.7934, -781.495
7.22226, 215.948, -11.469
4.72425, -1471.94, 187.35
6.82086, 270.551, -16.8716
5.82654, 6.88907, 754.749
5.79297, 299.131, -384.393
7.10736, 2285.35, -1700.43
5.11536, -2669.21, 2208.81
5.45229, 241.605, 520.03
5.79944, -279.341, -2321.96
4.24765, -1523.42, 1001.83
4.11714, -54.1605, 62.0224
7.08984, 84.3577, -352.442
3.08619, -3906.78, 1404.51
7.31268, 386.79, -156.583
5.17978, 85.0182, 75.5433
5.81447, 1218.86, 527.788
5.48362, -3959.61, 1859.49
6.93363, -296.559, -1118.06
6.67999, 350.569, 72.6978
6.69339, 196.745, 6.289
6.85642, 421.583, -318.989
2.5002, -190.09, 1972.45
4.77274, -609.423, -1969.21
4.25696, 1695.46, 66.3247
5.80713, 3919.31, -3087.63
6.22234, 781.014, -123.032
3.3821, -847.465, -3505.95
7.4621, -1148.89, 1402.4
5.95466, -535.564, 63.5995
6.97862, 356.493, 242.945
3.51579, -1187.55, -303.186
7.2356, 172.526, -258.948
4.88476, -3755.33, 1965.96
6.78578, -3309.56, 2064.86
6.41237, 606.089, 204.145
5.70687, -2588.05, 2510.2
3.14521, 398.373, 712.872
5.77944, 247.205, -94.4974
3.09199, 42.0189, -175.366
3.88793, 2349.83, 553.226
6.65548, 238.248, 2213.14
6.14153, 3092.4, 3960.05
6.74348, 3445.73, -2572.19
3.43989, -822.288, -341.914
6.09602, 158.677, -120.818
4.25586, 175.309, -282.374
3.34555, 89.6866, -173.562
4.52383, -3663.4, 458.403
4.20924, 26.2338, -59.7482
6.67141, 292.733, -278.215
3.9111, -2785.75, -4515.63
5.16766, 2834.35, 1700.8
6.25085, 803.184, -1430.2
4.62554, -181.758, 72.3137
4.66964, 1330.23, -10.6295
3.03022, -2875.77, -1884.02
6.4639, 314.508, -100.384
3.91232, -281.748, 274.413
7.14264, 3075.54, 4560.4
5.37926, 147.007, 105.517
3.4895, 160.235, 304.365
5.99081, -126.011, -170.888
3.07265, -483.33, 87.6734
4.22945, 38.8603, 548.672
4.15646, 334.697, -285.51
6.42735, -4016.44, 1858.59
6.65775, 376.651, -27.1412
4.21712, 728.208, -327.015
4.2603, -611.44, -103.124
6.38197, 2.61617, 183.659
6.58658, 809.936, -371.365
4.26157, 333.648, 394.064
7.09559, 266.163, -66.1198
3.2877, 269.774, 28.8023
5.56029, 869.676, -6.75658
5.54222, 184.551, -50.3526
3.16647, 2294.54, 2481.58
3.51409, 2851.56, 3949.61
4.79457, -329.225, 92.6884
3.48759, -673.533, 1294.39
6.77118, 21.8955, -196.505
6.54562, 87.4926, -48.9069
2.80131, 1976.94, -1473.17
6.50584, 1270.66, -3689.27
5.49597, 245.77, -408.408
7.43182, 81.1654, -31.5014
2.65919, -887.763, 278.636
6.8356, -2474.74, 2985.48
3.69109, -600.064, -433.277
3.6127, 1101.17, 589.601
4.73907, 4979.71, 2317.65
2.61231, -95.2993, -330.163
6.79755, 165.391, -192.897
4.15902, 454.615, -3303.63
5.72195, 882.568, -222.254
7.43521, -252.995, -64.6455
5.30162, 293.885, 137.904
4.74553, 163.224, -223.013
5.213, 316.895, -138.325
2.90797, -1031.56, 396.889
3.99606, 1431.32, 2268.09
6.63964, -2925.14, -558.539
6.48936, -3129.48, 1273.04
5.71048, -163.485, 154.38
4.84105, -3.01149, -170.194
7.15326, 593.843, 1810.59
5.08798, 60.8427, 141.879
7.42924, -3246.38, 2063.43
5.94567, 245.636, 201.166
6.19966, 282.502, 457.503
3.46323, 1232.7, 1204.9
6.08881, 2265.77, -1450.54
6.11146, 1125.18, 191.729
6.49298, 146.079, 106.971
4.23216, -3783.56, 287.541
5.1481, -1119.98, -529.441
3.19001, 1144.38, -687.911
6.73218, -44.8703, -147.333
6.32766, -732.732, -518.996
7.5, -4034.28, 1859.21
4.24891, -5577.42, -1868.86
5.50367, 937.271, 12.5163
3.50808, -327.258, 2739.37
6.2385, -2744.09, 464.358
6.49225, -285.746, -216.389
3.03505, -424.486, -640.862
5.35813, 119.728, -5.33106
2.84683, -3847.03, 1320.01
4.16036, 317.9, -410.776
5.80945, -21.5921, -151.248
5.27726, 385.953, 2999.57
7.12415, 65.6714, -433.66
2.69832, 209.935, 2187.14
2.62083, 960.832, 1125.78
4.61923, 254.465, 110.781
4.36987, -871.921, 12.8163
2.93303, 2622.73, 2577.15
3.05403, 376.111, 149.413
5.31992, -3584.47, 115.572
7.37269, 205.615, -80.2175
3.05066, 34.9744, -2947.9
5.99352, -2361.74, -2604.91
2.79674, 211.355, 1120.6
4.69755, -291.343, 172.565
5.24651, 707.055, 333.408
3.45129, -163.624, 12.2235
7.36597, 414.703, 29.5343
3.19593, 141.814, 21.3042
5.48978, -2397.62, 297.128
7.12812, 79.6165, 207.571
3.91116, -657.475, 119.864
6.8307, 51.7995, -331.194
6.29598, 920.791, -1264.58
6.10793, 397.045, 96.8206
3.34241, -68.4298, -625.007
3.32882, 741.383, -1983.39
3.39076, 267.437, -113.685
5.87226, 209.465, -163.172
4.83484, 476.993, -220.079
6.85219, 391.22, 318.345
5.76023, 121.451, -174.511
5.80464, 1214.08, 536.348
2.58037, -232.251, 604.897
4.30596, 4268.35, 2462.26
3.72747, 226.946, -580.892
6.93086, 533.545, 865.779
5.23701, -5378.8, 90.8193
6.57209, -338.697, -481.686
5.24453, -812.968, -126.371
4.16156, 95.9683, 6.68863
4.40213, -1454.11, -2536.9
2.52389, 1041.19, 194.86
6.95226, 74.2789, -81.5826
6.16955, 651.56, 202.067
6.04239, -607.863, 273.286
5.1278, 1627.14, -2126.72
6.41065, 153.992, -13.8208
3.42484, 29.3255, 69.1029
5.72673, 187.934, -92.8668
3.42178, 132.13, -74.5261
3.31214, -1200.96, 636.816
2.65594, 1239.57, 1161.51
7.42716, 172.993, -27.7888
4.04559, 158.184, 23.3658
4.11075, -555.585, 38.1886
5.51155, 158.017, -36.8333
2.89107, 4029.03, -658.12
3.93936, 398.762, 227.551
5.79307, 358.487, -762.793
7.36348, 473.212, -11.7782
7.27758, 3008.69, 1164.44
7.42745, 180.47, -126.932
7.30478, 117.555, -25.5034
3.0073, 396.822, 603.997
3.71505, 948.732, -242.745
6.91151, -280.65, 34.7682
5.28805, 16.7724, -72.0044
6.7669, 253.448, 9.55256
7.49145, 65.2922, -69.205
3.99751, -3425.76, 1535.28
6.33157, -6151, -2042.24
4.81901, 470.416, 93.3893
6.8168, 744.528, 85.2051
6.99018, 95.3459, -182.198
7.377, -261.519, -141.019
2.77405, 292.183, 121.258
6.32605, 504.55, -11.8894
5.09219, 1318.31, -1961.23
3.46574, -49.0252, -410.819
6.98252, 80.7034, -547.846
6.38492, 361.376, 34.5033
2.75968, 548.677, -459.102
7.47331, 1336.31, -2028.11
5.93659, 131.718, -119.528
5.94854, 1222.47, 556.124
6.57666, 2266.57, -1012.78
7.05426, 455.007, -216.209
3.34218, 1843.88, 3785.78
5.24183, 2224.24, -1588.3
6.53351, 58.0349, -23.103
4.17803, 313.002, -39.6639
5.53435, -510.357, -41.1948
6.59602, 1144.32, -1880.44
7.3485, 225.465, 113.223
6.29349, 271.472, 39.3199
3.72113, 175.103, -208.242
5.80589, 226.122, -144.42
4.21574, 951.512, 334.354
7.27146, 112.506, -209.137
2.60828, 2126.87, -2557.86
4.54979, 613.024, -139.113
2.55789, -2781.76, 2856.2
3.04964, 292.513, 814.052
5.28259, 692.783, -926.698
4.45466, 113.245, -32.6481
7.20539, 96.2313, 23.6502
2.55572, 437.148, 128.912
6.22897, 516.978, -1320.32
3.84293, 391.692, 125.175
4.27153, 173.869, -469.678
3.45835, 4489.62, -4594.24
5.14832, 577.92, 428.373
4.39478, -708.05, -3914.62
3.16407, 28.8633, 43.1768
4.26563, 360.092, 172.474
4.2497, -3809.44, 1939.2
7.41084, -1982.31, -1378.6
5.25961, -481.546, -179.916
4.99918, -1823.84, -490.332
3.58531, 1338.74, -2002.72
4.37311, -308.951, -310.102
6.78251, 2348.07, 2079.16
6.45578, -2194.93, 4421
3.9204, 2240.54, -2732.02
5.07645, 813.704, -39.0975
6.79238, 232.646, 43.69
7.07844, -45.4671, -52.5022
7.48941, -1602.82, -1437.74
6.53177, -237.973, 231.703
5.22718, 599.704, 341.824
7.3461, 172.954, 594.783
5.31931, 1147.49, 10.6999
4.03031, 286.109, -1002.95
5.41853, -58.7941, -58.5121
2.91197, -92.8104, 302.184
5.47382, 300.068, -43.5875
3.31968, 2077.03, 3904.51
6.46527, -201.133, -639.924
2.95373, -654.648, 1270.55
6.3072, 125.495, 206.588
6.83996, 195.819, -57.8636
6.40105, 123.39, -17.9416
6.61399, -1735.16, -335.234
6.70974, 231.151, -187.849
4.48328, 121.232, -53.8198
6.508, 168.59, -25.4994
6.56811, 198.399, -81.5416
5.43493, 620.331, 1306.7
4.64621, 244.611, -294.648
2.5002, -527.503, 304.657
5.31153, 186.1, -83.9285
6.22632, 275.508, -316.654
3.89846, 2621.51, 1504.66
2.93406, -570.539, -3628.97
3.5733, 269.231, 202.234
3.93296, -347.357, 28.4859
4.86595, -498.745, -65.5751
6.95893, -1568.83, -1365.69
5.91955, 348.915, -129.665
3.54376, 139.979, 58.5822
6.67533, -12.1535, -53.8772
7.09218, 527.247, 464.373
4.48244, -176.438, 201.902
6.37858, 1526.19, 365.323
5.68161, -246.973, 139.746
6.64746, 379.034, 79.2628
3.40204, 412.96, 209.757
7.45927, 142.231, -42.9932
6.70558, -34.093, 50.6866
4.65177, 657.127, -67.0711
4.38589, 256.503, 29.1154
2.70802, 61.1605, 105.539
6.80715, -474.816, -721.458
6.62116, -3255.86, 2130.16
6.25052, 1327.59, 1247.4
3.55801, 465.847, -467.813
4.31029, 129.16, 229.385
4.43545, 194.374, -44.0962
7.32918, -2536.47, -1618.31
6.5872, 62.047, -99.3431
4.5755, 230.956, -43.7442
5.83759, 42.9929, 626.226
2.52101, -3197.87, 3207.38
6.98048, 109.345, 89.5431
3.68416, -95.6155, -80.677
3.79415, -473.932, -29.0529
5.4939, -256.615, -156.653
6.89823, -680.573, 7.06988
6.16299, 145.428, -107.033
6.0773, -266, -23.807
3.57724, 4607.81, -208.868
6.30413, -3213.24, 2514.51
3.85351, 534.537, 212.125
2.75246, 68.2275, -162.063
4.78866, -1265.07, 517.968
2.58759, 223.324, -428.391
3.01129, 4533.62, -2936.8
2.639, 1504.16, -839.771
5.65921, -39.6696, 236.488
6.34425, 219.521, -29.4882
2.74132, 167.215, 62.9921
6.6924, 531.457, 893.405
6.76899, 197.689, 16.3216
6.57649, -133.755, 330.868
6.85188, 228.778, -3327.69
5.27222, -22.8608, -163.664
6.12646, -1.37312, 1127.65
3.20424, -3494.47, 2822.78
6.6115, 307.817, -0.00673056
5.51185, -2042.45, -2422.14
4.93856, -41.1497, 12.0134
6.14942, -436.794, -285.974
4.05164, -1632.99, 909.821
3.93925, -150.578, 457.144
5.45857, 1795.5, -2200.44
5.34055, -2387.48, 1297.13
5.41059, 2232.55, 1653.82
2.84132, -48.3585, 250.082
4.34304, -1585.03, -129.59
6.28475, 373.161, 137.813
6.35297, 742.176, 2371.31
4.27217, 61.3105, 616.213
5.98913, 180.505, -212.822
5.08005, 1678.33, 997.577
5.94494, -46.3018, -200.266
6.18066, -1575.39, -1105.84
2.56231, -2109.63, -1599.84
7.16549, -56.6631, 66.8514
5.37826, 578.621, 292.371
3.05587, 206.002, 716.057
4.87388, 138.65, -186.473
3.24247, 1487.37, -211.813
4.22594, -6505.15, -1472.49
7.04476, 191.571, -42.0341
4.54571, 2285.67, -966.529
5.96642, 116.556, 78.8397
3.35865, 332.484, 36.1161
6.21715, -3523.24, 1267.95
4.16319, 193.231, -42.827
4.62157, 194.07, -170.438
2.79523, 111.254, 751.973
5.09005, 119.879, 11.1238
5.94425, -111.484, 346.213
5.01149, 305.844, 290.044
6.56617, 183.254, 11.2088
3.07974, 288.769, 122.345
5.24841, 1142.05, 78.3573
5.06046, -16.2114, -52.0349
6.02649, -1567.57, -1442.4
5.65083, 158.781, -78.4408
4.0207, 706.928, 477.084
6.74719, 232.79, 50.8812
3.39619, 1150.52, -1874.82
2.61737, 167.066, -8.96609
4.19467, 544.823, -40.8301
3.43818, -1655.93, -1213.22
6.60467, 232.289, -107.238
6.72507, 87.4661, 2510.74
6.78031, -2456.86, 1436.6
7.37454, 396.244, -461.829
2.99587, 427.63, 460.95
2.56182, -2905.4, -2252.05
2.58614, 218.317, 219.691
2.64527, -54.9948, 502.793
4.1031, -1549.49, -1559.13
6.17815, -2460.78, 1409.51
3.14876, -277.209, -342.957
2.5161, -1877.29, -323.893
6.91905, 547.223, 118.183
3.70482, 36.465, 53.4265
4.38481, 466.533, 610.254
4.44879, 206.398, 292.759
2.81534, 2740.66, 1049.73
7.30792, 172.383, -76.8345
3.75349, 167.697, 190.817
6.85376, 251.263, 171.287
2.85991, 2205.7, -3031.4
2.70653, 2740.13, -1896.5
3.46378, -13.6859, -243.616
3.86708, -1486.65, -1773.7
7.4007, 142.58, -8.61345
3.60607, 880.885, -3809.66
6.43119, 1286.77, -2028.06
4.42306, 45.1862, 813.048
3.78593, -2250.57, 2513.22
3.91087, 594.533, -58.7691
7.33834, 70.0523, -182.622
4.22841, -86.9054, -344.515
3.45922, -309.193, -240.527
5.05037, 323.339, 50.243
5.21857, 882.336, -3415.57
5.72333, 594.006, 263.927
3.89738, 20.0278, 104.845
3.41887, 488.809, 14.5886
2.71579, 1800.45, -2143.96
3.98408, 422.121, 343.958
4.25548, 1244.44, -613.071
7.09372, 315.308, -20.5476
5.81225, -129.204, -180.116
5.08041, -1504.56, -1357.8
4.03763, 142.292, 93.2945
3.0007, 1551.71, 1643.01
3.47502, 127.847, -208.116
4.11407, 2354.44, 2505.02
5.56182, 725.851, 196.673
5.13511, 1816.17, -888.03
3.45653, -353.148, 990.443
4.7178, 4112.66, 2379.65
4.48693, 4730.59, -922.1
6.28051, 181.748, 237.622
6.6213, -189.109, 213.152
5.51573, 100.291, -757.361
3.04573, 206.791, -184.083
4.11797, 2011.69, -488.981
5.03403, 153.158, -83.4328
4.76521, 130.849, 727.103
4.77315, -163.332, 56.9488
4.91125, 312.32, -22.3397
5.07896, -3377.09, 603.23
4.50207, -1721.38, -1023.79
4.22945, -243.622, -432.171
6.64533, 120.005, 629.829
3.02204, 1966.01, -1016.34
6.40057, 154.756, -113.269
3.19919, 593.496, -54.5473
2.62171, 2842.75, 3269.7
6.0664, -212.19, 1097.38
7.15538, 41.8517, 74.9496
7.47667, 54.9289, -264.539
3.86264, 261.74, 204.452
3.6923, -1588.63, 469.081
3.87328, -291.109, -2406.84
5.70836, 335.749, 242.193
5.17637, -121.422, -35.3091
6.8967, -2129.46, 3663.68
6.75968, 248.139, 184.203
2.98004, 225.76, 232.111
4.66818, 196.904, -202.352
3.17045, -477.89, 56.3187
5.86802, 95.0467, -76.3743
5.34964, -218.304, -550.401
3.66474, 107.517, -1207.64
5.50306, -71.7048, -82.2843
2.6551, 370.437, 242.765
7.08512, 83.7088, -160.699
3.82958, 186.13, 192.4
6.50016, 192.33, -145.736
5.46389, 71.224, 95.8962
5.0822, -245.565, -63.2434
5.2567, 1124.78, -600.945
3.47225, 114.534, -105.484
5.36152, -2244.44, -201.913
3.81992, -485.982, 4785.62
4.41648, 1979.21, -4178.82
2.73626, -341.809, -483.787
4.22823, 133.362, 3.75646
3.61594, -2276.33, 5301.65
3.81264, 253.833, 112
3.05141, 239.33, -160.266
7.40088, 112.157, -364.409
5.93794, -261.875, -34.1604
5.82158, -247.095, 40.5159
5.99501, 64.7956, 24.1976
2.68746, 193.904, -84.8487
3.6706, 150.513, -53.8011
3.95397, -4001.18, -6028.01
3.50543, 270.26, 154.188
2.7177, -1978.51, 2876.9
2.56571, 590.34, -201.754
6.07297, 4386.82, -1414.79
6.88348, -334.718, -362.286
5.35088, 1349.89, -2581.87
6.92743, -2214.7, -2475.66
5.20042, -938.463, 45.9532
3.31357, -1493.23, 364.155
3.30492, -2098.07, -1680.54
7.19182, 105.53, 118.145
3.45628, 173.621, -436.15
3.15761, -2334.43, -108.117
4.41122, -214.709, 390.586
6.12674, -570.149, 2257.79
2.50651, -4772.16, -412.257
4.60222, 3401.3, -1953.45
5.18984, 442.87, -24.5358
4.86596, -582.62, -514.117
6.33003, 555.532, -661.218
2.9396, -651.143, -274.984
7.04284, 20.4117, -284.658
3.20818, -466.74, 397.213
2.54782, 129.076, 330.572
2.82267, 162.912, -444.493
4.96742, 129.284, 20.6617
5.40914, 167.086, -101.605
4.03373, 2769.29, -4893.06
4.57091, 229.777, 185.975
4.33401, 988.439, 1231.26
3.42687, 285.31, -2076.01
2.76788, -1970.26, -1988.26
4.47222, 53.7704, -40.9
3.98388, -465.558, -712.388
5.05388, -398.926, -117.192
3.75392, 1705.08, -2855.78
5.01589, -669.576, 1303.1
2.51168, 1006.86, -583.51
7.01807, -4014.96, 1855.37
2.79181, 2586.31, 2531.77
5.17506, 66.4019, 2436.44
3.95754, 2127.22, -985.335
7.3023, 355.576, -190.965
4.73406, -2543.81, -1072.98
5.08479, -87.1496, -107.706
5.93861, -296.207, 98.8805
2.72187, -12.7235, 601.709
7.2946, 2796.94, -2074.37
5.70852, 261.169, 118.196
2.80215, 46.2935, -91.796
3.33964, -28.7971, 6.83623
5.76491, 179.499, 78.567
6.19864, -175.357, 1973.09
3.57011, -468.009, -105.528
4.31441, 463.214, -1686.74
6.56981, 4.61771, 92.7717
5.32057, 147.015, -31.0919
7.45886, 175.362, 10.3025
6.5669, 72.9436, -141.777
3.49157, 2457.89, -3194.91
2.50003, -4.31335, 22.4025
4.62608, -2470.74, 2999.41
4.07406, 1587.52, 972.254
5.56218, -2717.32, 394.561
3.83351, 149.26, 4.06068
4.39881, 1034.73, 608.261
5.43397, 274.913, -30.0589
5.95636, -1112.68, -360.398
7.26736, -27.9853, -58.6313
4.89785, -199.66, 892.863
3.60319, 311.491, -461.05
5.33741, 797.891, 502.458
6.09873, 194.398, 143.222
4.4953, 1744.55, -86.1456
3.48326, 151.919, 7.92651
6.66971, 266.077, -233.43
5.59561, 167.063, -844.368
7.26866, 72.6945, -204.082
3.23222, 160.282, -230.476
5.38953, 352.117, -17.4395
7.26796, 56.6591, -104.903
3.62331, -3878.66, 1892.95
7.25137, 82.9651, -218.277
3.07874, 1195.7, -561.3
2.58372, 437.467, 306.554
3.90465, -236.93, 555.663
7.15042, 87.5179, 51.0886
3.04796, -1010.06, -475.874
6.77266, -281.134, -411.304
5.68532, 486.349, 335.494
5.63853, 296.228, -32.2722
3.80589, -574.568, 1336.17
5.13936, -240.166, 97.9253
7.16608, 1117.3, 565.65
3.98055, -1046.68, 218.646
4.78006, 60.7418, 2.03622
6.35659, -706.213, 3381.96
4.17193, -1413.23, -2620.76
6.31775, -31.6528, 44.3474
6.65892, -1728.63, 1818.84
2.64618, 1930.01, -1173.25
4.31315, -329.395, -121.654
4.16221, 1.29347, -181.872
3.17675, 1416.62, 1229.88
3.00839, 963.751, -2954.19
5.11327, 414.462, -76.8215
3.52046, -97.3529, 27.9681
5.00728, 262.27, 581.498
5.1371, -3556.94, 2297.52
4.13422, 179.93, 56.3494
4.75888, -181.461, 734.172
6.85263, 761.19, -217.635
4.72884, 245.303, -66.0743
6.03726, 300.676, -20.3755
6.83171, -1587.43, 314.226
6.5822, 652.381, -448.586
2.67504, -2781.52, -1086.88
3.8644, -613.816, 1800.78
5.21858, -1001.72, 659.921
3.19942, 2549.9, -467.979
5.57408, 168.527, -102.937
3.29182, -279.873, 4.52097
4.41129, 204.999, -413.904
5.94997, 330.031, 18.4026
3.21128, 2975.85, -32.8442
5.65284, -202.292, 149.088
3.15973, -2417.7, -1384.27
7.13583, 389.869, 321.23
5.53465, 3791.45, -5801.01
5.50388, 87.0971, -295.837
3.33635, -138.714, 178.161
3.301, -907.144, 1576.27
5.91628, 92.3428, -201.326
5.1456, 176.071, -413.555
3.65264, -1623.28, 918.833
6.55373, 172.673, 31.0574
5.76477, 249.413, 39.3718
4.08597, 314.386, 397.006
2.53953, 219.64, 508.559
3.49176, -81.3422, -469.535
3.78831, 357.083, -142.379
3.03825, 147.215, 306.181
3.49545, 391.992, 26.133
6.75079, -4119.08, 2209.31
6.63912, -53.5182, -33.3081
6.76813, 246.357, -51.4266
5.71027, 36.3055, -195.638
3.6787, -2145.84, 2229.16
6.80638, 284.144, -217.108
5.4745, 169.912, -287.745
2.52745, -1602.94, -1182.09
6.84925, -423.314, -856.582
7.37729, 120.185, 109.922
5.59653, -1571.36, -1366.02
3.85574, 671.3, 115.64
7.46973, 330.841, -33.2309
4.60751, -1192.18, -278.914
4.20537, -541.086, 69.5018
4.80717, 71.7265, -44.5589
4.44822, -838.23, -2317.09
4.613, -3528, -696.234
2.84879, 345.502, -358.876
5.5153, -65.6857, 37.9431
7.36114, 458.822, -40.8985
5.07406, 73.366, 100.355
7.45461, 58.0936, 112.613
5.84906, -1832.99, -4368.37
4.01716, 367.343, 318.416
3.47371, -262.227, -17.7693
4.0109, 412.862, 41.8914
4.93946, 384.579, -220.478
4.72438, -177.027, -19.788
5.7844, -390.4, 39.2784
3.74227, 4269.2, 2463.35
4.72007, -1145.98, -990.335
5.75894, -36.1379, 58.2221
6.67472, 142.384, 166.236
6.03698, 37.375, -281.738
4.93928, 112.238, 265.691
6.72039, -143.323, -327.151
7.00296, 549.479, -531.409
6.33082, -106.346, 227.893
5.29453, 78.3052, -211.444
2.70603, -482.098, -83.9416
5.46749, 841.636, -62.7583
2.68674, 100.308, -2979.4
4.53488, 150.943, 103.895
2.84243, 674.951, 263.914
7.38558, 291.646, 167.145
2.5956, 1609.93, 2377.92
6.60363, 183.305, 20.0754
5.2195, 2905.62, -2349.33
5.72828, 696.053, -139.527
3.62934, -420.45, -192.25
2.733, 378.348, 2348.83
3.63154, 80.3626, 642.644
4.58371, 98.0993, -2033.87
6.40126, 287.069, -57.1232
3.72852, 1139.02, -1877.51
4.81411, 447.251, -35.7619
6.14756, -224.392, 128.535
5.35237, 3971.89, -540.758
5.45997, -232.674, -591.928
4.98425, -509.667, -301.123
3.951, 7.44983, -203.085
4.71107, 137.889, 451.847
2.53669, -2192.5, 4823.91
7.41683, 78.5807, 62.1376
2.52822, 28.7747, 8.1397
4.8676, 1640.93, 667.351
5.86497, 2692.43, 4565.95
