6.27803, -638.189, -631.098
3.5948, 73.0719, -199.554
5.89648, 361.292, -612.044
5.09708, -224.852, 687.894
2.76731, -801.64, 710.902
2.53849, 220.198, -13.1509
4.58743, -705.529, -274.832
7.15218, 216.416, 326.973
2.95982, 66.8223, 518.712
6.00595, -137.283, 252.881
3.81226, 588.906, 671.13
4.14117, 432.417, -681.267
7.45519, 290.628, 232.955
7.41275, -414.81, -198.945
5.75759, 313.019, 343.337
6.92354, 223.539, -636.387
6.33247, -166.552, -424.378
3.87453, -526.841, -185.432
4.93259, -448.963, -220.137
2.80282, 838.261, 760.226
5.08146, -8.46492, 641.837
4.96988, 714.295, -517.576
7.23882, -648.114, -534.57
4.42071, -20.4716, -597.072
5.14874, 721.456, -402.708
2.75042, 804.809, -238.023
6.63909, 466.742, 434.82
5.94228, -659.159, -527.04
6.18112, 267.794, 642.494
6.94286, 722.722, 452.735
4.25508, -332.334, -500.986
6.72991, 221.823, 6.2523
3.84659, 499.145, -122.567
4.83959, -13.4851, -197.397
3.2686, -687.916, -553.598
2.66527, 526.527, 67.4053
7.2768, 72.1115, 80.9544
6.95369, 200.791, 324.71
3.29884, 479.899, 119.717
3.15214, 363.73, -527.678
2.515, -450.108, -674.866
6.0491, -653.107, -203.593
3.40448, -447.643, 629.019
5.76029, 665.068, -309.403
4.42907, 360.02, -583.701
3.23766, 88.4224, -203.381
5.45054, 520.104, 66.4318
3.24076, 174.723, 709.45
3.2091, -126.345, 715.809
4.94257, -389.356, 22.7961
3.13015, 652.823, -15.7345
5.64635, -267.602, -424.368
5.60817, 240.012, -473.985
4.88216, -463.19, 627.093
2.64188, -443.942, -183.089
3.21011, 8.83091, 646.781
3.15594, -196.188, 762.105
3.31099, -797.27, 652.289
3.76529, -149.453, -588.573
4.77654, 491.465, -681.018
6.54472, -37.1917, -230.544
3.57624, 209.738, 657.789
3.75063, 615.906, 305.116
5.02978, -7.93317, 696.216
6.27922, 488.499, 82.0655
5.66369, 652.613, -61.5495
5.9449, 499.991, -94.3463
7.27207, 740.064, 448.504
5.18713, -347.472, 539.616
4.57014, -567.514, -139.149
4.70019, 600.602, 132.15
6.07821, 592.402, 409.258
6.20858, 296.141, 406.696
5.12494, 685.62, -795.812
6.06711, -630.531, -144.813
5.91025, 280.25, -14.6235
6.82941, 730.556, -453.412
3.19597, 27.5401, 609.358
3.57766, 662.004, -126.022
5.0733, -266.86, -130.785
4.83766, -3.71936, 632.352
3.55759, -199.336, 610.795
5.65244, -576.947, 736.904
2.5044, -663.883, 231.597
4.09589, 298.809, 350.779
5.90281, 235.833, -68.9712
6.0446, 548.314, -439.903
2.90869, -718.272, 525.542
3.56926, 268.022, 364.595
4.44412, -593.647, -601.031
4.44927, 732.482, 723.8
3.92018, 314.936, -474.657
4.6123, 470.348, 434.827
2.55658, -620.135, -533.263
3.72027, 764.55, -661.469
4.49072, -669.215, 537.445
6.64177, -725.941, 245.544
3.78584, 773.623, -617.48
3.59705, -649.64, -530.896
6.47385, 252.853, 239.065
5.8476, 347.337, 336.453
5.49108, -663.18, 216.608
5.99917, -254.379, -470.218
5.13062, 438.927, -655.135
4.14833, 277.15, 125.693
3.30844, -845.761, 308.429
6.56633, 558.028, 28.0873
4.08004, 261.443, 156.597
4.05369, 39.0274, -626.249
4.65424, 32.9925, 39.4554
4.46509, -196.341, -603.895
4.43916, 202.427, -259.862
4.34871, -636.771, -540.542
5.88118, 260.128, -491.876
6.10384, 201.793, -126.14
7.20082, -16.8493, 692.363
5.08573, -112.685, -392.789
5.5282, -148.641, 250.233
5.85049, -585.069, 747.64
5.11404, 34.8166, -119.463
3.87105, -662.125, 553.74
7.08924, 228.209, 345.839
3.73367, 669.05, -402.181
4.77876, 313.85, 367.607
3.30374, -737.904, 616.243
4.68319, 264.403, 130.154
7.45767, 321.925, 126.828
6.26931, -342.891, 382.4
4.97846, -626.963, -526.683
7.01651, -650.735, -572.359
4.68213, 472.804, 471.803
5.09239, 107.834, -636.529
4.44866, 190.024, -564.284
5.63431, -204.217, -453.018
5.19331, 278.244, 70.8941
4.35955, 470.483, -408.188
2.54674, -239.879, 263.048
6.3794, -26.0773, -559.855
2.85317, -638.607, -496.845
3.98511, 359.556, -665.319
4.78581, -20.4215, -565.915
3.25156, -112.214, -26.8538
5.97819, 542.929, -393.486
4.15587, 341.683, 189.297
5.21197, 760.707, -726.474
2.64678, 691.851, -810.832
5.38086, -7.04114, -219.915
5.18133, 266.529, 410.752
7.36678, -646.85, -704.666
5.57063, -305.876, -456.416
5.26431, -674.766, 230.177
6.69051, -215.749, 688.655
3.75764, -544.308, 604.397
6.98957, 469.055, -102.755
5.97428, 481.687, -440.124
5.82752, -417.959, -138.516
3.06838, -631.917, -494.373
3.37987, -642.674, 264.938
2.91253, -216.799, 103.912
6.68103, -176.364, 220.008
2.64818, 734.627, -717.095
6.34719, 4.62037, -587.151
4.29829, -419.822, 612.562
6.24626, 56.9281, 491.16
6.28385, 354.745, 206.897
3.60834, -450.691, -640.234
5.58305, 218.625, 90.783
3.66846, -452.793, -220.8
6.22052, -757.685, 225.722
5.80997, -615.798, -535.102
4.9209, 720.59, -663.237
2.58972, 652.101, 26.7558
4.98291, 266.798, 160.536
5.09587, -4.40637, -618.374
4.71395, -697.93, 336.94
4.14528, -44.5798, 678.981
3.52671, 342.697, -36.8876
7.19863, -33.5042, -351.581
2.85168, -581.486, 530.692
3.30042, -9.65755, -700.065
6.70788, -563.725, -134.577
4.13614, -263.308, -200.97
6.85942, 230.424, 328.439
5.99896, 555.67, 476.734
5.52801, 674.093, -155.587
4.77536, 82.4152, -179.071
2.91543, -587.613, -206.899
3.94883, 160.845, -34.1232
6.51009, -666.749, -509.442
6.81821, 270.657, -28.0009
3.81831, 298.475, -478.372
4.79881, -642.725, -176.378
4.95672, 503.055, -432.949
5.82344, -442.391, -681.51
7.31738, -485.113, -248.266
7.23022, 434.576, -617.057
2.81902, 234.563, -530.496
5.04829, -484.936, -202.719
6.13222, 711.989, 474.924
5.65882, 403.678, -167.426
3.26658, -758.094, -760.977
5.09652, -699.438, 342.912
3.52281, -464.656, 623.243
6.03231, 320.484, -663.633
6.05786, -431.026, -136.116
3.66304, -306.43, -270.413
6.80594, 79.7159, -195.418
2.67122, 94.1935, 725.648
6.26587, -716.259, 219.654
4.14789, 523.863, 68.4763
4.65309, -110.665, -351.786
7.33455, 760.163, -82.4908
4.05803, 682.775, 545.307
5.69762, 713.405, -642.399
5.95386, 652.168, -27.4348
5.36403, -24.9822, 577.46
6.60667, 767.607, -631.628
4.21807, -610.778, -430.289
5.09387, -618.097, -477.84
6.78438, 91.3046, -672.559
6.18587, 248.876, 109.467
3.45992, -770.928, 242.366
2.83145, -284.384, 268.133
3.60828, 717.238, -622.791
3.33656, 5.94092, -232.338
6.31172, 377.011, -654.631
5.44905, -685.629, 220.987
4.65223, 776.466, 755.238
7.09618, 555.177, 27.7781
5.09668, 279.628, 174.805
7.38058, -583.919, -46.4907
5.15714, -376.423, -3.17729
2.98716, 341.18, 156.937
5.83983, 313.416, 97.5383
5.44444, 278.422, 2.578
5.01137, -520.007, -33.6743
2.75808, -647.77, 116.463
2.6753, -185.569, -51.2295
4.41484, -626.926, -612.114
5.55555, 281.989, 70.9304
5.06574, 580.989, 778.238
5.98498, 290.081, 27.8319
4.89891, 74.2803, -209.423
3.88323, 57.6923, 418.515
6.01685, -385.841, 106.867
3.67701, 643.352, 21.139
6.41501, -38.305, -164.381
6.60589, 187.91, 591.974
3.21842, -377.943, 20.873
5.75757, -441.146, 608.064
3.87677, 786.687, -634.943
7.26215, -424.355, 536.246
4.58238, -593.567, -116.696
3.03869, -141.039, 249.937
4.70633, -715.356, 546.376
6.28811, -476.382, -172.397
2.77803, -445.541, -234.895
3.51241, -0.868067, 39.0042
6.82305, 743.896, -646.921
6.52456, -192.884, -54.7245
2.78861, -606.296, -468.128
4.40304, -1.29487, -574.767
4.56124, -4.19158, 618.253
2.80071, -254.248, 282.261
7.09746, 654.489, 557.978
3.35398, 554.893, 663.694
6.51634, -701.777, 220.069
3.88599, 526.366, 41.128
4.44586, 73.6553, 683.438
7.19936, -16.3292, 582.065
6.24573, 41.4765, -162.363
3.44774, -465.537, 661.762
6.89581, 292.884, 408.64
6.8953, 320.971, -654.956
3.30515, -530.992, -156.363
5.87346, -638.944, -177.172
6.89096, 489.489, 201.186
6.98262, 281.802, 397.957
3.06535, -35.1663, 624.154
5.93789, -228.17, -195.725
3.21651, -455.469, -530.987
3.6901, 288.329, -13.7302
5.64383, 674.168, -141.31
4.312, 615.615, 303.967
4.64437, 668.99, 546.737
4.91936, -16.8689, -599.781
6.20379, 69.961, -194.412
3.23098, -371.363, 545.07
7.36238, -636.9, -517.013
7.3158, -409.548, -197.461
3.14741, -428.864, 546.442
5.3784, -104.961, -402.257
4.66439, 106.445, -153.571
5.50066, -238.899, -209.103
5.85098, -542.527, -116.398
4.5137, 431.898, 776.934
6.46691, 690.219, 525.156
4.89889, -632.324, -142.138
5.72449, 342.458, 285.904
4.28836, -313.159, 605.102
5.96794, -205.419, -202.312
5.83428, -408.938, -524.112
3.22071, -477.954, 666.274
7.10415, -672.004, 188.707
4.22228, 29.279, -211.527
6.66824, -312.978, -482.487
2.74349, 317.732, -548.859
3.27936, -422.545, 80.1624
2.55765, 175.548, 488.22
3.94327, 51.5557, 542.448
5.07295, -254.253, -196.477
3.65948, 626.218, 430.078
2.75022, -172.241, -61.1915
5.33091, -637.197, -496.865
6.69774, -10.6293, 620.187
4.28763, -573.62, -541.539
4.3452, 132.268, 707.178
7.22226, 290.379, 22.8794
4.72425, -642.192, -214.926
6.82086, 297.822, 184.377
5.82654, -647.462, -510.256
5.79297, 111.196, 555.682
7.10736, -810.589, 794.145
5.11536, 805.084, -689.375
5.45229, 367.796, -423.447
5.79944, 558.306, 581.58
4.24765, 251.796, 347.454
4.11714, 303.921, -23.5434
7.08984, -7.3642, 643.763
3.08619, 698.329, -439.523
7.31268, 500.658, -124.09
5.17978, 101.24, -211.743
5.81447, 688.219, 465.996
5.48362, 722.158, -463.05
6.93363, -535.296, -623.971
6.67999, -693.756, -464.155
6.69339, 274.126, 146.294
6.85642, -162.159, 220.333
2.5002, -806.576, 160.004
4.77274, 262.989, 137.706
4.25696, -696.865, 227.973
5.80713, -220.552, 610.424
6.22234, -666.493, 210.776
3.3821, -206.611, -434.565
7.4621, 823.143, -584.839
5.95466, -705.095, 240.979
6.97862, 265.692, 6.39456
3.51579, 301.915, 19.245
7.2356, -397.873, -141.321
4.88476, 735.778, -440.765
6.78578, 729.261, -624.454
6.41237, -653.319, -604.585
5.70687, 763.843, -723.671
3.14521, -770.155, 264.078
5.77944, -12.5913, 602.6
3.09199, 78.1881, -65.4789
3.88793, 240.504, 624.786
6.65548, -206.368, -221.183
6.14153, -550.514, -408.185
6.74348, -676.666, 235.092
3.43989, -630.588, -618.249
6.09602, 424.093, -294.013
4.25586, 206.211, 290.435
3.34555, -469.027, -613.529
4.52383, 245.46, -472.44
4.20924, 124.318, 625.235
6.67141, 293.94, -7.25918
3.9111, 664.39, 558.094
5.16766, -627.451, -545.141
6.25085, 760.382, -717.731
4.62554, -645.422, -510.407
4.66964, -454.9, 578.451
3.03022, 750.191, -832.071
6.4639, -132.358, -419.576
3.91232, -645.335, -548.434
7.14264, -424.494, -205.416
5.37926, 267.55, 361.787
3.4895, 666.514, -294.638
5.99081, 439.67, -597.601
3.07265, 299.533, -600.482
4.22945, 225.532, 630.902
4.15646, -357.036, -179.829
6.42735, 794.177, -773.599
6.65775, 351.188, -134.089
4.21712, -673.843, 682.131
4.2603, -212.196, 651.133
6.38197, 33.1674, -630.882
6.58658, -35.5087, 620.314
4.26157, -205.768, 230.837
7.09559, -416.397, -200.125
3.2877, 543.88, 106.771
5.56029, -424.646, 605.458
5.54222, -479.011, 667.454
3.16647, -168.095, -539.586
3.51409, -538.809, -390.709
4.79457, -657.467, 493.416
3.48759, -183.597, 669.598
6.77118, -664.104, 232.319
6.54562, -687.384, -525.094
2.80131, -720.39, 604.821
6.50584, -651.841, 559.689
5.49597, -111.139, -482.714
7.43182, -643.131, 176.752
2.65919, 8.94973, 639.919
6.8356, 747.377, -653.001
3.69109, 460.12, 158.682
3.6127, 197.984, 276.786
4.73907, -575.284, -541.962
2.61231, 705.184, -138.138
6.79755, -181.739, -59.4963
4.15902, 267.484, 339.529
5.72195, 333.589, 159.274
7.43521, -648.391, -501.799
5.30162, 268.432, -498.074
4.74553, -640.853, -194.613
5.213, 43.2974, -631.183
2.90797, 701.674, -87.7648
3.99606, -588.632, -206.666
6.63964, 634.304, 550.22
6.48936, 503.051, 725.879
5.71048, -4.96808, 648.62
4.84105, 515.049, 178.611
7.15326, -194.739, -444.538
5.08798, -215.662, -36.1914
7.42924, 731.908, -464.163
5.94567, -43.9247, -575.548
6.19966, -170.95, -424.202
3.46323, -464.683, -630.641
6.08881, -418.314, 569.388
6.11146, 602.306, 65.1806
6.49298, 264.43, 66.0161
4.23216, 232.37, -746.36
5.1481, 82.1748, -145.097
3.19001, 658.201, -260.9
6.73218, -266.58, -199.628
6.32766, -1.249, -592.096
7.5, 721.443, -501.276
4.24891, 423.167, 786.487
5.50367, -455.97, 621.922
3.50808, -413.947, -12.3802
6.2385, 45.9208, 62.5342
6.49225, 720.116, 231.315
3.03505, -649.081, 132.526
5.35813, -416.589, -52.4117
2.84683, 298.355, -358.12
4.16036, 689.138, 507.61
5.80945, 286.691, -599.897
5.27726, -1.6885, -176.301
7.12415, 216.916, -4.19944
2.69832, -398.151, 27.7087
2.62083, -240.855, 50.368
4.61923, 254.723, -516.228
4.36987, 288.878, 172.074
2.93303, -205.653, -233.207
3.05403, -72.7571, 97.9793
5.31992, 287.921, -378.288
7.37269, -49.0368, 645.214
3.05066, -0.850133, -594.82
5.99352, 139.997, 640.43
2.79674, -24.8066, -565.819
4.69755, 582.438, 56.5943
5.24651, 779.174, 634.429
3.45129, 562.257, -635.035
7.36597, 310.831, 112.767
3.19593, -603.66, -28.9844
5.48978, 732.011, -445.689
7.12812, -758.157, 638.34
3.91116, -22.6238, 681.315
6.8307, -131.003, -123.12
6.29598, -188.147, -408.102
6.10793, 314.107, 435.721
3.34241, -255.008, 270.694
3.32882, 703.778, 501.544
3.39076, -675.951, -674.129
5.87226, 248.636, -458.952
4.83484, -156.609, -72.6098
6.85219, -634.955, -371.033
5.76023, -609.145, -116.156
5.80464, 676.979, 691.727
2.58037, -670.186, -489.06
4.30596, -692.139, -502.493
3.72747, 692.882, 128.047
6.93086, -774.121, -753.753
5.23701, 795.456, 757.896
6.57209, -3.77776, -645.551
5.24453, 79.8551, 703.862
4.16156, 461.168, -94.7251
4.40213, -65.5568, -653.28
2.52389, 670.95, 497.643
6.95226, -100.361, -392.331
6.16955, -450.547, 593.307
6.04239, -45.5581, 618.664
5.1278, -24.7556, -4.07803
6.41065, -20.4894, -598.507
3.42484, -376.377, -383.838
5.72673, 255.124, 388.878
3.42178, -455.825, -220.562
3.31214, 138.863, -346.322
2.65594, -263.381, 774.355
7.42716, 98.9761, -666.643
4.04559, -266.986, -459.63
4.11075, -444.902, -213.069
5.51155, 220.203, -97.1317
2.89107, -322.043, -729.33
3.93936, 32.6947, 46.4687
5.79307, -193.897, -409.895
7.36348, -682.302, -370.848
7.27758, -367.64, -593.598
7.42745, -537.807, -237.105
7.30478, -628.511, -524.077
3.0073, -435.996, 656.528
3.71505, -177.284, -417.68
6.91151, 108.714, -208.004
5.28805, 314.039, 453.726
6.7669, 620.715, 535.755
7.49145, -434.931, 575.772
3.99751, -20.754, -665.583
6.33157, 741.931, 368.651
4.81901, 205.911, -65.7301
6.8168, -663.268, -562.753
6.99018, 650.363, 3.16564
7.377, 188.798, -390.528
2.77405, 463.052, 232.093
6.32605, 798.217, -700.795
5.09219, -732.552, 596.976
3.46574, 706.584, -141.553
6.98252, 268.145, -513.79
6.38492, -693.996, 245.003
2.75968, 217.736, 488.95
7.47331, -744.966, 628.834
5.93659, -123.247, -412.661
5.94854, 754.853, 437.226
6.57666, -473.873, 683.105
7.05426, -113.821, -383.266
3.34218, -96.7274, 129.228
5.24183, -426.474, 644.441
6.53351, -423.792, -215.331
4.17803, 294.317, -477.909
5.53435, -90.1115, -42.5321
6.59602, -680.207, 216.652
7.3485, 44.1841, -164.741
6.29349, 456.01, 391.046
3.72113, -93.8988, -105.745
5.80589, -572.901, 301.624
4.21574, -634.268, -547.346
7.27146, 282.747, -303.015
2.60828, 625.75, 618.715
4.54979, -823.793, 798.841
2.55789, 575.389, -680.599
3.04964, 669.807, 183.604
5.28259, -691.457, 235.423
4.45466, 121.61, -149.724
7.20539, -44.9854, -162.994
2.55572, 175.01, 371.298
6.22897, -166.738, -433.233
3.84293, 304.4, 117.02
4.27153, -396.624, -617.374
3.45835, -452.818, 617.147
5.14832, 272.509, 20.9973
4.39478, -4.43932, -601.007
3.16407, -22.6316, -539.197
4.26563, -119.644, -418.053
4.2497, 787.433, 742.067
7.41084, 500.526, -89.8269
5.25961, 65.9736, -308.056
4.99918, -35.1801, -618.83
3.58531, -724.725, 143.342
4.37311, -15.0572, -402.934
6.78251, -606.623, -513.634
6.45578, 795.455, -399.565
3.9204, -548.589, 607.27
5.07645, 325.843, 198.542
6.79238, -229.197, -23.7084
7.07844, -588.013, -281.497
7.48941, 124.545, 695.469
6.53177, 12.0194, -191.374
5.22718, -651.797, -203.094
7.3461, 91.9319, -672.085
5.31931, -545.215, 336.016
4.03031, -424.888, 577.298
5.41853, 746.474, 766.557
2.91197, 111.933, -218.724
5.47382, 314.3, 441.258
3.31968, -662.499, -486.897
6.46527, -621.044, -536.464
2.95373, 646.724, 539.407
6.3072, -560.966, -614.616
6.83996, -195.815, -49.9181
6.40105, 76.7793, -221.812
6.61399, 695.457, 765.873
6.70974, 309.845, 449.174
4.48328, 198.078, 87.9019
6.508, -65.1488, 127.162
6.56811, 296.324, -10.9391
5.43493, -405.732, 21.1939
4.64621, 651.286, -40.484
2.5002, -60.7736, -333.81
5.31153, -680.152, 197.553
6.22632, 310.142, 160.706
3.89846, 667.859, 164.876
2.93406, -710.066, 477.425
3.5733, 765.669, -662.867
3.93296, -433.808, 680.932
4.86595, -296.949, 419.045
6.95893, 769.358, 752.287
5.91955, 450.448, -412.025
3.54376, 151.678, -275.56
6.67533, 705.312, -57.6942
7.09218, 712.159, 749.885
4.48244, -518.864, -655.541
6.37858, 475.857, 403.471
5.68161, -96.0164, -102.002
6.64746, 317.36, 120.897
3.40204, 453.453, -364.582
7.45927, 442.437, -598.33
6.70558, -1.77458, -594.192
4.65177, 705, 254.982
4.38589, 445.8, 769.552
2.70802, 536.359, -442.394
6.80715, -650.122, -542.283
6.62116, 782.044, -708.179
6.25052, -44.0662, 638.6
3.55801, -228.778, 739.066
4.31029, -638.879, -178.946
4.43545, -663.518, -501.182
7.32918, 687.141, 528.897
6.5872, -99.535, 577.801
4.5755, -2.4606, 385.587
5.83759, 275.978, 141.404
2.52101, 478.733, 731.157
6.98048, -701.402, 227.144
3.68416, -253.872, 269.281
3.79415, 275.17, -7.52737
5.4939, 354.283, -542.579
6.89823, -712.138, 232.347
6.16299, -658.178, -444.912
6.0773, 616.919, 561.71
3.57724, -438.149, 546.122
6.30413, 684.842, -795.087
3.85351, -27.9209, -301.976
2.75246, 464.451, 153.406
4.78866, 311.239, 273.209
2.58759, 399.978, -565.75
3.01129, -28.5535, -3.59494
2.639, -211.789, 220.878
5.65921, -352.346, -488.66
6.34425, 101.348, -224.368
2.74132, 441.695, -595.302
6.6924, -17.3815, -646.568
6.76899, -261.78, -196.393
6.57649, -403.029, 580.175
6.85188, 748.319, 348.882
5.27222, -589.542, -43.0792
6.12646, -262.945, -218.588
3.20424, -191.744, 647.339
6.6115, 419.182, -417.548
5.51185, 460.426, -77.4793
4.93856, 430.777, -693.628
6.14942, -236.303, 675.749
4.05164, 771.502, -644.867
3.93925, -744.397, 197.961
5.45857, -727.576, 656.961
5.34055, 519.153, 715.781
5.41059, -644.056, -598.449
2.84132, -653.126, 159.508
4.34304, 67.4477, -249.06
6.28475, -594.88, -549.349
6.35297, -463.658, -624.326
4.27217, -462.53, -235.341
5.98913, 125.129, 685.261
5.08005, -528.522, -242.414
5.94494, 307.741, 175.362
6.18066, -11.0626, 714.992
2.56231, -265.368, -479.576
7.16549, 483.353, -112.463
5.37826, 296.062, 98.2693
3.05587, 632.015, 919.172
4.87388, -111.177, -32.5177
3.24247, 298.861, 109.805
4.22594, 126.037, 406.688
7.04476, -663.998, 232.549
4.54571, 50.7098, 487.766
5.96642, -570.032, -64.4118
3.35865, 376.909, -651.551
6.21715, 712.804, -466.254
4.16319, -504.134, 522.468
4.62157, 496.143, 276.664
2.79523, -218.63, -87.0722
5.09005, 216.875, -83.0291
5.94425, 330.285, -472.606
5.01149, -186.224, -66.0861
6.56617, -99.5223, -610.108
3.07974, 72.0441, -667.35
5.24841, 272.63, 395.034
5.06046, 253.133, 161.076
6.02649, 745.045, 446.015
5.65083, -241.799, 667.623
4.0207, -23.6707, -568.677
6.74719, 268.419, 128.134
3.39619, 602.272, 4.55388
2.61737, -395.982, 21.1793
4.19467, 499.773, -7.82792
3.43818, 283.837, -76.9407
6.60467, -192.577, 88.1504
6.72507, -695.853, -195.072
6.78031, 740.986, -634.881
7.37454, -736.144, 615.92
2.99587, 361.91, -426.529
2.56182, 588.566, 525.642
2.58614, 298.722, 356.34
2.64527, 282.683, 162.58
4.1031, 66.1682, -238.04
6.17815, 511.186, 252.238
3.14876, 262.899, 342.218
2.5161, -375.625, 370.75
6.91905, 10.023, -569.969
3.70482, 262.883, -497.632
4.38481, -739.123, 619.201
4.44879, 560.962, 72.3623
2.81534, 538.303, 245.147
7.30792, 190.23, 611
3.75349, 653.924, -274.282
6.85376, -566.862, -57.6886
2.85991, -711.902, 391.868
2.70653, -415.948, 549.731
3.46378, 291.131, -422.861
3.86708, -275.498, 314.391
7.4007, -735.645, -332.176
3.60607, 227.443, -564.556
6.43119, -754.761, 685.007
4.42306, 206.894, -310.82
3.78593, 401.719, -639.356
3.91087, -705.978, 213.717
7.33834, 696.538, -106.788
4.22841, 418.791, 84.5301
3.45922, -625.404, 678.026
5.05037, -538.89, -261.865
5.21857, -490.128, 525.149
5.72333, -675.61, -476.895
3.89738, -113.159, 595.21
3.41887, -260.811, -476.38
2.71579, -672.496, 270.043
3.98408, -478.619, -213.495
4.25548, -212.18, 102.245
7.09372, -476.359, 563.678
5.81225, 463.806, -260.651
5.08041, 609.678, 563.468
4.03763, 472.282, 444.527
3.0007, -195.007, 105.87
3.47502, 295.483, -752.174
4.11407, 128.14, -214.196
5.56182, 679.6, 82.4999
5.13511, 795.925, -734.855
3.45653, 339.614, 231.167
4.7178, -596.539, -536.375
4.48693, -513.029, 662.888
6.28051, -554.552, 665.329
6.6213, 672.892, 604.385
5.51573, 61.701, -245.968
3.04573, 450.458, -606.21
4.11797, 415.655, -157.757
5.03403, 110.659, 252.327
4.76521, -465.696, 665.066
4.77315, -157.851, -434.863
4.91125, 755.221, 744.487
5.07896, 271.849, -604.756
4.50207, 102.054, 683.151
4.22945, 736.061, 376.833
6.64533, 681.47, -141.607
3.02204, -601.104, -618.465
6.40057, 423.086, 489.437
3.19919, -263.67, -181.64
2.62171, -610.871, -512.024
6.0664, 354.899, -553.257
7.15538, 7.61239, -561.58
7.47667, 318.721, 118.333
3.86264, -666.635, 213.539
3.6923, -444.289, -184.101
3.87328, 582.678, 579.976
5.70836, -632.288, -521.817
5.17637, 313.404, 143.302
6.8967, 627.936, -314.774
6.75968, -650.081, -572.06
2.98004, 655.34, 6.08248
4.66818, -730.379, 225.17
3.17045, -89.5948, -617.656
5.86802, -153.535, 216.423
5.34964, -125.193, -399.055
3.66474, -373.648, 750.914
5.50306, 277.688, -499.906
2.6551, -563.143, -83.6002
7.08512, 423.501, -275.069
3.82958, 756.39, -76.1786
6.50016, -198.875, -424.712
5.46389, 40.6991, -632.085
5.0822, 218.217, 328.658
5.2567, 314.699, 395.164
3.47225, 344.087, -82.6839
5.36152, -6.82993, -673.201
3.81992, 208.97, 277.925
4.41648, -744.247, 482.495
2.73626, -655.145, -712.864
4.22823, 513.701, -667.345
3.61594, 529.109, -395.134
3.81264, -67.5795, -638.599
3.05141, -296.786, -503.656
7.40088, -585.465, -58.7901
5.93794, 662.488, 538.969
5.82158, -538.458, -254.778
5.99501, -645.642, -513.211
2.68746, -636.963, -515.177
3.6706, -670.262, -566.037
3.95397, 690.375, 464.013
3.50543, 9.75953, -196.345
2.7177, 309.335, 276.353
2.56571, -411.815, 616.056
6.07297, -434.28, 633.547
6.88348, -584.863, -544.34
5.35088, -674.039, 212.977
6.92743, 775.631, 783.879
5.20042, -470.673, -240.03
3.31357, 715.129, -655.91
3.30492, 739.335, 443.755
7.19182, 359.542, 219.524
3.45628, 433.902, -585.929
3.15761, 167.183, -255.802
4.41122, -216.968, -49.5759
6.12674, 295.369, 3.95934
2.50651, 577.663, 778.459
4.60222, -162.755, 569.269
5.18984, 224.579, -88.195
4.86596, -164.339, 211.531
6.33003, 580.184, 670.219
2.9396, 457.69, -409.788
7.04284, 218.455, 245.844
3.20818, -600.544, -473.947
2.54782, 279.215, -32.0247
2.82267, 270.577, 385.161
4.96742, 299.581, 164.358
5.40914, 466.053, 727.654
4.03373, -687.704, 511.879
4.57091, 662.331, -18.1695
4.33401, -623.238, -466.663
3.42687, 134.919, 557.571
2.76788, 326.879, 164.44
4.47222, 395.061, -58.9988
3.98388, -155.564, -194.757
5.05388, -378.79, 663.702
3.75392, -709.855, 220.439
5.01589, 768.858, 741.539
2.51168, -98.1489, 575.864
7.01807, 720.312, -440.512
2.79181, -764.897, -789.42
5.17506, -565.364, 602.102
3.95754, -369.508, 624.961
7.3023, -654.067, -216.274
4.73406, 284.506, -115.28
5.08479, 686.603, 172.083
5.93861, -169.28, -49.5376
2.72187, -145.038, -57.6061
7.2946, -695.394, 514.503
5.70852, 308.209, 207.137
2.80215, 329.648, -663.263
3.33964, 226.713, 252.297
5.76491, 409.559, -164.29
6.19864, -802.702, 160.359
3.57011, 758.123, 239.797
4.31441, 162.881, -457.061
6.56981, -580.877, 769.031
5.32057, 706.172, -385.622
7.45886, 4.31404, -596.164
6.5669, -694.847, 210.458
3.49157, -745.526, 7.50381
2.50003, -104.967, -579.863
4.62608, 794.249, -684.434
4.07406, 771.799, 223.879
5.56218, 551.997, -740.045
3.83351, -187.903, -408.947
4.39881, -592.373, -139.233
5.43397, 691.986, 205.326
5.95636, -67.4369, -413.077
7.26736, -253.973, -464.236
4.89785, -296.232, -697.681
3.60319, 369.74, -545.189
5.33741, -642.584, -427.713
6.09873, 264.607, 146.984
4.4953, -424.369, 600.913
3.48326, -588.579, 747.062
6.66971, -524.629, -592.281
5.59561, -464.813, -664.765
7.26866, -191.647, 104.504
3.23222, 31.6374, -89.9157
5.38953, -185.72, -436.263
7.26796, -460.774, 575.031
3.62331, 678.467, -784
7.25137, -498.446, 685.297
3.07874, 730.149, -338.129
2.58372, 104.43, -107.167
3.90465, -298.622, -198.796
7.15042, 464.666, 25.5677
3.04796, 774.066, 745.977
6.77266, 83.7066, 479.008
5.68532, -513.044, -619.245
5.63853, 351.86, -540.982
3.80589, 667.1, 551.068
5.13936, -695.55, 228.834
7.16608, -220.067, 689.794
3.98055, 664.148, 72.0367
4.78006, 224.078, 342.223
6.35659, -650.334, -501.735
4.17193, 298.447, 96.6021
6.31775, -5.08696, -627.647
6.65892, -79.2139, 663.275
2.64618, -703.402, 534.098
4.31315, 607.043, -213.997
4.16221, 279.761, 388.401
3.17675, -341.688, -80.9519
3.00839, -207.813, 614.12
5.11327, -505.439, 692.747
3.52046, 1.37605, -419.636
5.00728, -587.431, -544.117
5.1371, -78.0552, 668.005
4.13422, -32.3187, -196.05
4.75888, 250.864, -289.639
6.85263, -29.5018, 683.765
4.72884, 572.439, 656.621
6.03726, -485.744, -651.733
6.83171, 786.932, -680.446
6.5822, 686.822, 166.35
2.67504, 838.545, 659.857
3.8644, -535.914, -230.858
5.21858, -308.147, -380.372
3.19942, -634.151, -547.791
5.57408, -643.821, -702.564
3.29182, -422.529, -716.826
4.41129, 189.961, 191.595
5.94997, -70.8406, 133.535
3.21128, -416.338, 623.856
5.65284, -751.807, 645.454
3.15973, 143.965, 700.053
7.13583, -694.201, 227.178
5.53465, -730.041, 635.92
5.50388, -642.5, 223.492
3.33635, 414.632, -416.582
3.301, -600.894, -472.534
5.91628, 486.964, -0.568028
5.1456, -554.343, -107.032
3.65264, -101.109, 549.446
6.55373, -452.515, -144.465
5.76477, -339.586, -434.118
4.08597, -662.122, -573.863
2.53953, -242.363, -617.266
3.49176, 605.926, 542.646
3.78831, 101.87, 333.85
3.03825, 648.214, -126.328
3.49545, 98.5733, -184.915
6.75079, 836.363, -575.155
6.63912, -699.482, 234.885
6.76813, -619.168, -533.77
5.71027, 174.864, 635.655
3.6787, 719.788, -766.157
6.80638, -551.882, -587.407
5.4745, -194.751, -103.921
2.52745, 458.609, -18.9445
6.84925, -639.678, -556.106
7.37729, 480.19, 213.817
5.59653, 271.519, 21.5894
3.85574, -676.505, 267.541
7.46973, -173.486, -408.22
4.60751, -647.07, -430.887
4.20537, -609.167, -542.505
4.80717, 302.583, -4.45271
4.44822, 191.24, -320.622
4.613, 130.013, 554.498
2.84879, 248.414, 260.095
5.5153, 74.335, -213.638
7.36114, -92.4613, 119.212
5.07406, -597.565, -537.11
7.45461, 665.786, -171.908
5.84906, 463.987, -102.4
4.01716, -587.877, -62.9192
3.47371, 619.568, 557.267
4.0109, -656.9, -701.761
4.93946, -376.526, 371.633
4.72438, 471.524, 729.689
5.7844, 389.674, -646.879
3.74227, -694.586, -503.087
4.72007, 61.7537, 439.75
5.75894, -576.182, -47.3493
6.67472, -712.084, 193.879
6.03698, 117.895, 677.664
4.93928, -594.178, -504.171
6.72039, 343.205, -93.4855
7.00296, -430.15, -212.138
6.33082, -617.729, -522.391
5.29453, 539.061, 765.076
2.70603, 36.0933, 86.2819
5.46749, 553.693, 77.2957
2.68674, -477.128, 692.203
4.53488, 254.916, 342.358
2.84243, -778.367, -774.184
7.38558, -642.984, -717.788
2.5956, -571.924, -231.789
6.60363, -267.776, -200.358
5.2195, -369.388, 629.937
5.72828, 690.855, -267.929
3.62934, -156.461, -71.8806
2.733, 812.579, -551.627
3.63154, 247.897, -520.454
4.58371, -649.616, 109.081
6.40126, 234.33, -539.376
3.72852, -687.107, 221.651
4.81411, 528.446, 62.6013
6.14756, 677.904, 205.764
5.35237, -357.741, 711.342
5.45997, 759.109, 772.574
4.98425, -715.342, 207.844
3.951, 315.627, 188.652
4.71107, 75.2832, -188.267
2.53669, 710.853, -478.336
7.41683, 444.916, -286.206
2.52822, -682.994, -278.24
4.8676, 18.4169, 626.547
5.86497, -260.208, -190.563
