6.27803, -3744.31, 2226.41
3.5948, -84.8433, 873.238
5.89648, 413.47, 203.78
5.09708, 503.203, -25.8305
2.76731, 7371.47, -7555.68
2.53849, -2614.66, 3342.99
4.58743, 10352, 6152.21
7.15218, 68.7801, -13.449
2.95982, 1052.83, -619.997
6.00595, 322.459, 99.8837
3.81226, -348.143, 69.6389
4.14117, -16.1602, 113.733
7.45519, 642.399, -838.554
7.41275, 183.936, 119.465
5.75759, -515.519, -139.943
6.92354, 81.1593, -49.1343
6.33247, 288.738, -24.3461
3.87453, -2752.14, -1073.24
4.93259, -1353.43, -1193.95
2.80282, -9407.56, 2433.71
5.08146, 510.486, -170.314
4.96988, -6537.67, 2489.67
7.23882, 127.353, -68.7417
4.42071, 178.632, -18.077
5.14874, -4882.8, 1256.89
2.75042, -323.301, 6532.98
6.63909, 606.977, 238.108
5.94228, 679.327, -297.968
6.18112, 477.823, 118.894
6.94286, -4808.91, -4133.29
4.25508, -5.56546, -8.91698
6.72991, 68.0961, -282.362
3.84659, 909.724, -403.302
4.83959, 9.09933, 392.978
3.2686, -5.19066, -449.423
2.66527, 1047.98, -673.411
7.2768, -1430.21, -978.407
6.95369, 295.067, -12.7271
3.29884, 305.081, 282.536
3.15214, 2246.87, -1383.87
2.515, 3775.38, -704.472
6.0491, 353.878, -59.6097
3.40448, -429.082, 262.352
5.76029, -1171.45, 117.332
4.42907, 218.146, -78.3622
3.23766, 1419.19, 1442.51
5.45054, 688.283, -30.5449
3.24076, 3309.97, -1643.51
3.2091, -2721.4, -1562.1
4.94257, 328.968, 54.1455
3.13015, 514.771, 58.7828
5.64635, 1103.59, 319.783
5.60817, 1.92228, 102.451
4.88216, 4441.4, -6119.44
2.64188, -1070.5, 48.4602
3.21011, 5287.26, -749.415
3.15594, 675.476, -192.075
3.31099, 1730.26, -2666.76
3.76529, 558.802, -221.792
4.77654, -6272.05, 2980.41
6.54472, -252.256, -1281.04
3.57624, 200.642, -60.3015
3.75063, 92.5798, -136.436
5.02978, -1547.7, -2623.15
6.27922, 289.462, 36.898
5.66369, -2127.08, -4208.1
5.9449, -2513.39, -1928.86
7.27207, 92.2058, 146.048
5.18713, 6414.3, -3248.57
4.57014, 152.194, -3000.69
4.70019, -262.001, -215.741
6.07821, -2117.48, -1782.47
6.20858, -3164.91, -2303.03
5.12494, -4142.84, 3281.82
6.06711, 362.997, -120.657
5.91025, 259.094, 352.761
6.82941, 2414.23, -1933
3.19597, 344.469, 1850.34
3.57766, 96.8888, -69.1245
5.0733, 1557.3, 2699.61
4.83766, 154.611, 274.706
3.55759, 4775.56, -4818.69
5.65244, 8.45595, 29.7269
2.5044, 3769.94, -5425.41
4.09589, -980.175, -3085.74
5.90281, 277.998, -72.4523
6.0446, 242.516, -75.7025
2.90869, 358.164, -86.8518
3.56926, 166.146, -481.777
4.44412, 220.417, 334.83
4.44927, -4716.97, -1579.87
3.92018, 113.393, 381.986
4.6123, 440.544, 260.182
2.55658, -2907.16, -235.013
3.72027, -6639.39, 3510.67
4.49072, -2614.36, -4238.55
6.64177, 1092.09, 338.728
3.78584, 730.99, -526.722
3.59705, -1083.07, 756.612
6.47385, 356.188, -47.8247
5.8476, 1883.89, -379.166
5.49108, 656.75, 995.222
5.99917, 3025.95, 2048.02
5.13062, 440.218, 730.468
4.14833, 278.631, 258.034
3.30844, 7453.86, 1306.13
6.56633, -50.6217, 147.714
4.08004, 89.8675, -573.582
4.05369, 761.315, 435.643
4.65424, 352.683, -21.0432
4.46509, 122.499, -45.8524
4.43916, 418.766, 314.494
4.34871, 222.282, 95.8095
5.88118, 168.285, -186.132
6.10384, 624.718, -16.9593
7.20082, -2639.86, 1160.75
5.08573, 1102.42, -561.88
5.5282, -498.712, -130.014
5.85049, 1774.87, -2680.61
5.11404, 134.992, 57.7954
3.87105, -49.6323, -272.566
7.08924, 217.751, -11.4426
3.73367, -226.106, 149.78
4.77876, 77.1267, -777.363
3.30374, -60.0097, -114.378
4.68319, 194.839, -113.631
7.45767, 893.747, -403.173
6.26931, 4829.51, -4626.62
4.97846, -19.187, -676.155
7.01651, 315.634, -33.5002
4.68213, 494.372, -162.752
5.09239, 2412.71, -1870.3
4.44866, -2121.43, -3542.4
5.63431, 229.148, -113.606
5.19331, 118.261, -6.25347
4.35955, 254.297, 1047.35
2.54674, 274.313, -921.277
6.3794, 100.444, -100.2
2.85317, -245.788, -268.384
3.98511, 1113.79, 181.133
4.78581, -28.0315, 2049.77
3.25156, -3.9451, -106.436
5.97819, 42.219, -450.534
4.15587, -253.295, -274.133
5.21197, -4123.55, 7267.14
2.64678, -3875.08, -2628.71
5.38086, 720.197, -709.51
5.18133, 375.395, -490.732
7.36678, 289.992, 286.553
5.57063, -46.4198, -192.423
5.26431, 3157.55, -5491.63
6.69051, 928.848, -336.215
3.75764, 594.433, -1155.66
6.98957, 426.802, 185.999
5.97428, 188.378, -129.152
5.82752, -598.488, 2622.33
3.06838, 791.436, -526.957
3.37987, -1933.88, -699.186
2.91253, -2120.12, 3363.32
6.68103, 230.941, -73.3059
2.64818, 959.178, 4442.92
6.34719, 333.171, 70.9633
4.29829, 203.47, -4174.15
6.24626, -1206.93, -434.171
6.28385, 370.846, 94.8122
3.60834, 2641.49, -1588.11
5.58305, -180.083, 167.337
3.66846, 304.776, 56.2313
6.22052, -47.7546, -4140.25
5.80997, 28.7439, -496.056
4.9209, -4075.33, 7371.92
2.58972, 373.198, 48.0943
4.98291, -115.634, 479.666
5.09587, 286.953, 42.6471
4.71395, 673.488, 3788.58
4.14528, -2685.9, 1776.31
3.52671, 397.492, 9.95881
7.19863, 12.097, 890.882
2.85168, 1165.81, 3496.02
3.30042, 268.084, -1266.59
6.70788, 7.10297, 80.0738
4.13614, 584.975, 66.8392
6.85942, -32.3635, 222.824
5.99896, 108.218, 86.3764
5.52801, 679.371, 487.958
4.77536, 508.116, 236.965
2.91543, -543.454, 547.443
3.94883, -3924.8, -907.622
6.51009, 282.795, -12.1114
6.81821, 339.074, -1735.76
3.81831, -5509.65, 431.94
4.79881, 838.822, 764.615
4.95672, 242.647, 5.71909
5.82344, 1743.45, -2714.98
7.31738, 135.683, -142.53
7.23022, 603.322, 2.2649
2.81902, 1670.71, 263.569
5.04829, -402.912, -521.61
6.13222, 362.504, -319.195
5.65882, 255.946, -256.437
3.26658, -423.547, -812.612
5.09652, 672.721, 3784.31
3.52281, 7024.78, -2191.25
6.03231, 277.659, -129.463
6.05786, -1526.36, 7493.88
3.66304, 495.196, 310.206
6.80594, 213.173, 215.238
2.67122, 563.52, -427.792
6.26587, 1122.23, -172.389
4.14789, 407.327, 1277.67
4.65309, 6347.52, -1684.99
7.33455, 43.0576, -774.512
4.05803, -1998.27, -1754.05
5.69762, -7311.42, -109.435
5.95386, -183.935, 87.8171
5.36403, -361.158, -68.5295
6.60667, -4088.43, 7300.06
4.21807, -4388.52, 1652.41
5.09387, 415.893, 100.89
6.78438, 369.892, 1185.62
6.18587, -80.758, 312.444
3.45992, 2346.69, -991.209
2.83145, 96.2436, -77.4487
3.60828, -5268.01, 3271.34
3.33656, 256.719, 115.474
6.31172, 245.23, 58.0957
5.44905, 1974.86, -2529.33
4.65223, -7646.99, -500.85
7.09618, 1538.51, 134.863
5.09668, -1196.71, -1667.43
7.38058, -191.02, 106.732
5.15714, 666.239, 45.5259
2.98716, -1164.74, 394.665
5.83983, -483.341, -396.647
5.44444, -581.92, 3193.96
5.01137, 14.8984, -46.6164
2.75808, 309.458, 1492.63
2.6753, 371.231, -54.2866
4.41484, -19.649, 375.699
5.55555, -3233.52, -3502.52
5.06574, -7672.26, -490.421
5.98498, 607.911, 14.1684
4.89891, 35.4805, 260.513
3.88323, -7904.56, 24.4577
6.01685, -354.058, 3451.8
3.67701, 215.911, 607.475
6.41501, 266.288, 56.438
6.60589, 65.7039, -241.226
3.21842, 4931.53, 4179.48
5.75757, -146.38, -593.883
3.87677, -1758.61, -2032.63
7.26215, 3487.41, -1261.34
4.58238, 38.8873, -113.894
3.03869, -287.875, -865.518
4.70633, 372.332, -623.419
6.28811, 339.211, 251.577
2.77803, 794.19, 79.2117
3.51241, 251.226, -7.60911
6.82305, 740.736, -272.862
6.52456, 295.945, -86.2082
2.78861, 819.575, 2043.37
4.40304, -192.828, 292.015
4.56124, 568.084, -204.803
2.80071, -2062.45, -1013.45
7.09746, -1194.06, -918.354
3.35398, 206.261, -12.5384
6.51634, 324.842, 225.767
3.88599, 3436.69, -869.865
4.44586, 206.332, 136.18
7.19936, -2188.99, 1350.93
6.24573, 197.885, 3529.1
3.44774, 5390.06, -5398.79
6.89581, 236.023, 139.099
6.8953, 85.4089, -53.3743
3.30515, 280.022, -2052.63
5.87346, -84.3788, -604.517
6.89096, 269.219, -62.3334
6.98262, -814.074, 4792.77
3.06535, 461.185, -85.4659
5.93789, -2335.82, -1709.92
3.21651, -212.608, 31.0852
3.6901, -946.749, 382.405
5.64383, 3664.68, -2522.52
4.312, 539.994, 397.653
4.64437, -2318.15, -2111.71
4.91936, 1884.04, -2310.61
6.20379, 172.558, 2085.34
3.23098, -264.429, -425.466
7.36238, 380.453, 40.1632
7.3158, 371.79, 22.6087
3.14741, 3227.53, -1971.07
5.3784, 388.076, -307.928
4.66439, 347.129, -1141.87
5.50066, 136.217, 17.4084
5.85098, 507.076, 231.539
4.5137, -3828, -1340.7
6.46691, -2112.9, -1789.6
4.89889, -4636.19, 2197.59
5.72449, 519.285, -231.641
4.28836, 7397.12, -1144.35
5.96794, 251.085, -941.907
5.83428, 1203.29, 722.489
3.22071, 254.86, -66.1734
7.10415, 296.794, 154.032
4.22228, 1368.4, 4930.01
6.66824, 506.097, 321.214
2.74349, 297.063, -1022.84
3.27936, 1592.04, -2746.62
2.55765, 975.2, -186.265
3.94327, 455.932, -294.716
5.07295, 191.1, 917.538
3.65948, 1489.27, -4411.27
2.75022, 45.1003, -376.567
5.33091, 154.706, 67.7357
6.69774, 296.53, -602.505
4.28763, 819.081, -392.234
4.3452, 139.335, -729.196
7.22226, 212.62, -74.9676
4.72425, -1245.33, -32.5601
6.82086, -37.9911, 115.045
5.82654, -101.939, -912.669
5.79297, 862.056, 122.071
7.10736, 3186.68, -2369.05
5.11536, -4138.47, 3274.89
5.45229, -64.7326, 720.831
5.79944, -203.142, -3266.89
4.24765, -1827.77, 1202.31
4.11714, 502.759, -57.1479
7.08984, 231.941, 953.622
3.08619, -6133.74, 2443.5
7.31268, -408.475, 486.397
5.17978, -109.392, 537.361
5.81447, 2017.9, 1213.26
5.48362, -6395.72, 3083.36
6.93363, 235.642, -899.418
6.67999, 785.048, -46.6927
6.69339, 288.695, 42.9568
6.85642, -542.745, -566.526
2.5002, -653.719, 2719.79
4.77274, -1386.57, -4086.63
4.25696, 1605.73, 131.523
5.80713, 6517.74, -4933.3
6.22234, -394.148, -158.145
3.3821, -1203.57, -5512.52
7.4621, -1382.67, 1568.73
5.95466, 372.155, -491.6
6.97862, -548.486, 238.557
3.51579, -1356.03, -640.087
7.2356, 623.269, 620.122
4.88476, -5832.56, 3202.36
6.78578, -5264.87, 3272.27
6.41237, 99.0215, 148.385
5.70687, -3981.23, 3868.78
3.14521, -389.702, 100.4
5.77944, 309.498, -580.892
3.09199, 235.865, 98.3988
3.88793, 3217.49, 946.377
6.65548, 23.5749, 2993.82
6.14153, 4941.26, 6381.04
6.74348, 5513.48, -4128.4
3.43989, 195.97, 328.349
6.09602, 248.701, 30.219
4.25586, 226.889, -253.039
3.34555, -71.0374, -278.121
4.52383, -5925.65, 652.57
4.20924, 114.898, -498.554
6.67141, -147.97, 168.437
3.9111, -4593.66, -7448.16
5.16766, 4718.88, 2679.16
6.25085, 1421.92, -2510.41
4.62554, 296.805, 53.6527
4.66964, 134.151, -2.95096
3.03022, -4256.01, -3196.92
6.4639, 302.935, 303.317
3.91232, -103.944, -113.956
7.14264, 4886.62, 7668.96
5.37926, -49.114, 129.932
3.4895, -461.832, -789.27
5.99081, 168.66, -56.2062
3.07265, 1500.37, -325.94
4.22945, 326.129, -1354.95
4.15646, 355.04, 256.884
6.42735, -6404.41, 3076.02
6.65775, 812.638, 292.647
4.21712, 284.636, 137.848
4.2603, -458.769, 56.8024
6.38197, 500.142, -99.5859
6.58658, 396.476, 483.555
4.26157, -712.101, -504.495
7.09559, 225.564, -45.6274
3.2877, 716.243, -247.299
5.56029, 9.27437, -541.005
5.54222, 239.005, 15.04
3.16647, 3628.35, 3624.04
3.51409, 4679.21, 6329.67
4.79457, 426.046, 290.183
3.48759, -177.726, 1649.05
6.77118, 36.9868, -211.038
6.54562, 1451.16, 1257.62
2.80131, 3085.53, -1959.42
6.50584, 1951.14, -5750.05
5.49597, 187.579, 41.2544
7.43182, 420.693, 211.035
2.65919, 126.417, -303.803
6.8356, -3928.43, 4642.54
3.69109, -2637.92, -863.14
3.6127, 2603.81, 1050.02
4.73907, 8140.75, 3800.54
2.61231, -402.053, -361.652
6.79755, 176.605, 182.448
4.15902, 494.916, -4674.19
5.72195, 485.953, -350.099
7.43521, -620.87, -210.75
5.30162, 399.016, -71.9757
4.74553, 291.285, -31.0355
5.213, 307.237, -601.904
2.90797, -3123.44, 1095.88
3.99606, 1663.76, 3414
6.63964, -4301.08, -785.562
6.48936, -5086.73, 2232.39
5.71048, 140.348, -2.83023
4.84105, 33.3376, 688.737
7.15326, 542.438, 2061.62
5.08798, 138.703, -687.027
7.42924, -5237.4, 3246.23
5.94567, -28.968, 174.671
6.19966, 394.666, -584.484
3.46323, 1131.81, 1697.22
6.08881, 3391.1, -1891.44
6.11146, 471.456, -645.033
6.49298, 293.998, 11.6341
4.23216, -5935.35, 368.462
5.1481, -2672.83, -1541.66
3.19001, 965.977, -9.07844
6.73218, 50.7582, 58.7127
6.32766, 113.304, -118.462
7.5, -6398.9, 3101.28
4.24891, -9262.62, -2972.34
5.50367, -1182.66, -442.04
3.50808, -568.132, 3825.28
6.2385, -4069.73, 694.679
6.49225, 1262.05, -594.288
3.03505, -926.42, -30.4503
5.35813, 296.926, 29.6636
2.84683, -5888.12, 1950.94
4.16036, 635.384, 1338.83
5.80945, 162.3, -126.098
5.27726, 444.866, 4466.61
7.12415, 413.607, 665.56
2.69832, 382.206, 3093.77
2.62083, 566.825, 760.671
4.61923, 463.58, 204.8
4.36987, -731.782, 527.352
2.93303, 4231.43, 4180.86
3.05403, 16.0153, 241.613
5.31992, -5797.61, 187.911
7.37269, 232.097, 172.331
3.05066, 189.804, -4293.23
5.99352, -3461.27, -3853.24
2.79674, 156.554, -359.821
4.69755, 1138.7, -674.314
5.24651, 1277.35, 493.192
3.45129, 418.108, -417.188
7.36597, -160.783, -65.7344
3.19593, 56.7132, 195.093
5.48978, -3449.02, 255.09
7.12812, 225.168, -50.3066
3.91116, -1900.83, 438.166
6.8307, 146.182, 157.226
6.29598, 780.345, -1188.58
6.10793, -158.405, 634.146
3.34241, 260.885, -2.95452
3.32882, 1754.7, -2847.31
3.39076, 132.892, 221.247
5.87226, 164.909, 68.2125
4.83484, -607.091, 916.383
6.85219, 287.9, -31.9943
5.76023, -429.175, 518.06
5.80464, 2023.71, 1207.27
2.58037, 327.356, -740.446
4.30596, 6844.97, 3833.13
3.72747, 87.9817, 1637.54
6.93086, 429.767, -519.963
5.23701, -8731.79, 163.335
6.57209, -275.847, -118.858
5.24453, 1423.82, -64.9951
4.16156, 595.608, -298.028
4.40213, -2030.03, -3640.09
2.52389, 2516.48, 507.893
6.95226, 62.7326, 154.501
6.16955, 498.178, 90.9577
6.04239, 422.15, -262.789
5.1278, 2147.5, -3195.34
6.41065, 131.73, -321.086
3.42484, 35.0246, -8.736
5.72673, 217.447, -24.7228
3.42178, 424.643, -88.304
3.31214, -887.874, 657.781
2.65594, 1275.82, 1461.35
7.42716, 668.345, -127.038
4.04559, 605.804, -4.44484
4.11075, 1048.89, 97.2166
5.51155, 40.5106, 137.623
2.89107, 6686.61, -1252.61
3.93936, -853.416, 96.0722
5.79307, -214.556, 976.585
7.36348, 669.504, -76.9925
7.27758, 4700.47, 1905.9
7.42745, 255.638, 303.998
7.30478, 303.12, -1.81435
3.0073, 745.666, -204.108
3.71505, -504.274, -0.727391
6.91151, 264.876, 141.053
5.28805, -16.6783, -94.7548
6.7669, 264.635, -187.194
7.49145, 687.081, 89.5292
3.99751, -5639.58, 2164.22
6.33157, -10190.8, -3286.94
4.81901, 945.244, -1797.37
6.8168, -436.573, -373.113
6.99018, 137.521, -267.334
7.377, 467.435, -74.8501
2.77405, 552.881, 287.968
6.32605, -494.652, -70.9123
5.09219, 1824.17, -2613
3.46574, -447.312, 541.986
6.98252, 101.38, 73.8128
6.38492, 332.721, -85.8444
2.75968, 902.93, -2127.2
7.47331, 1708.81, -2634.31
5.93659, 323.219, 53.8709
5.94854, 2062.05, 1235.02
6.57666, 3320, -1616.89
7.05426, 348.434, -63.4819
3.34218, 3117.14, 5922.45
5.24183, 3316.25, -2431.74
6.53351, 97.2243, -19.5136
4.17803, 312.915, 166.505
5.53435, 603.962, 355.794
6.59602, 1886.96, -2561.33
7.3485, 289.687, -180.727
6.29349, 784.056, 685.88
3.72113, 127.985, -1352.93
5.80589, 149.312, 60.508
4.21574, -261.82, 134.124
7.27146, 129.371, -48.7889
2.60828, 3601.15, -3771.58
4.54979, 209.689, -0.803177
2.55789, -5121.12, 4513.72
3.04964, 332.243, 1918.53
5.28259, -82.4338, 289.125
4.45466, 274.917, 135.924
7.20539, 208.392, 50.8893
2.55572, 305.621, 114.605
6.22897, 1413.33, -3258.24
3.84293, 178.517, 39.4554
4.27153, 472.593, 455.005
3.45835, 7439.77, -7550.38
5.14832, -243.659, -275.369
4.39478, -1079.28, -6287.61
3.16407, 121.192, -328.378
4.26563, 532.387, -1192.12
4.2497, -5913.67, 3038.68
7.41084, -2524.26, -1947.38
5.25961, 352.047, -468.221
4.99918, -2013.46, -594.035
3.58531, 1656.56, -2376.38
4.37311, -160.485, -829.169
6.78251, 3861.96, 3502.15
6.45578, -3652.89, 7426.05
3.9204, 3328.27, -4276.94
5.07645, -408.206, -570.98
6.79238, 199.246, 44.104
7.07844, 281.764, 100.54
7.48941, -2128.21, -1785.12
6.53177, 241.999, -56.3952
5.22718, 294.909, -569.515
7.3461, 886.825, -73.1676
5.31931, 944.81, 553.563
4.03031, -51.4768, 88.8521
5.41853, 360.934, -75.5403
2.91197, 258.383, 55.3356
5.47382, -54.8769, -229.046
3.31968, 3342.24, 6591.65
6.46527, 1017.93, -50.5596
2.95373, -191.137, 1785.3
6.3072, 146.168, -681.723
6.83996, 261.317, -52.2248
6.40105, 330.085, -17.5778
6.61399, -1957.62, -260.849
6.70974, 264.493, -49.8005
4.48328, 248.731, 785.339
6.508, 232.874, 46.8544
6.56811, 10.8732, 195.548
5.43493, 280.839, 663.451
4.64621, 295.12, 785.474
2.5002, -1452.6, 444.682
5.31153, 155.811, 43.0644
6.22632, -1070.28, 802.193
3.89846, 3873.63, 2366.12
2.93406, -1010.12, -5562.4
3.5733, 1053.89, 1281.15
3.93296, 731.468, 295.288
4.86595, 870.526, 240.006
6.95893, -2072.61, -1715.01
5.91955, -768.955, 231.757
3.54376, 380.176, 45.7756
6.67533, 291.241, 34.6241
7.09218, 514.005, -1252.31
4.48244, 541.963, -374.15
6.37858, 1677.59, -76.0943
5.68161, 755.295, 612.581
6.64746, -401.258, 190.116
3.40204, 2265.28, 614.247
7.45927, 349.009, -148.328
6.70558, 229.561, 20.3637
4.65177, -62.7398, -634.9
4.38589, 189.542, 11.4329
2.70802, 304.358, -640.956
6.80715, -701.704, -1107.73
6.62116, -5153.96, 3068.87
6.25052, 2045.69, 1127.06
3.55801, 149.7, -92.5075
4.31029, -320.707, -104.753
4.43545, 260.338, -192.026
7.32918, -3651.82, -2273.51
6.5872, -142.584, -147.193
4.5755, 2853.86, -397.023
5.83759, -217.203, 125.575
2.52101, -5005.26, 5345
6.98048, 164.254, -48.5566
3.68416, -151.717, 1479.01
3.79415, 229.124, 42.8797
5.4939, 1625.01, 248.934
6.89823, 156.783, 56.9929
6.16299, 403.261, 270.888
6.0773, 703.691, -273.165
3.57724, 7361.28, -329.326
6.30413, -4960.7, 3909.11
3.85351, 300.756, -72.903
2.75246, 22.6959, -313.726
4.78866, -2150.51, 436.445
2.58759, 460.363, -141.181
3.01129, 7622.01, -4815.24
2.639, 3964.19, -2416.22
5.65921, 274.874, -364.8
6.34425, 301.068, 11.5842
2.74132, -352.629, -183.379
6.6924, 130.035, -129.412
6.76899, 296.635, 34.005
6.57649, -131.388, 593.615
6.85188, 589.76, -5243.89
5.27222, 1277.63, -572.389
6.12646, 308.937, -195.007
3.20424, -5389.63, 4685.82
6.6115, 227.511, 16.9299
5.51185, -3227.03, -3503.77
4.93856, 208.621, -921.83
6.14942, 619.24, 301.983
4.05164, -1824.25, 1278.81
3.93925, -8.93185, -397.691
5.45857, 2447.63, -3062.54
5.34055, -3669.35, 1942.13
5.41059, 2966.53, 2502.26
2.84132, -496.276, 73.3148
4.34304, -1645.85, -765.58
6.28475, -315.923, -138.443
6.35297, 536.17, 3493.04
4.27217, 294.322, -150.655
5.98913, 91.3544, 115.191
5.08005, 1862.84, 1243.87
5.94494, 573.809, 435.662
6.18066, -1720.78, -1436.92
2.56231, -3295.96, -1869.25
7.16549, 221.929, -7.32965
5.37826, -118.965, -186.873
3.05587, 991.694, -190.141
4.87388, 347.869, 241.993
3.24247, 1960.89, -1291.21
4.22594, -10627.7, -2352.59
7.04476, 275.325, 65.4153
4.54571, 3340.97, -1617.27
5.96642, 99.8541, -131.419
3.35865, 228.769, -217.732
6.21715, -5782.89, 1997.55
4.16319, 302.092, -513.877
4.62157, 240.279, 5.66033
2.79523, 104.072, -299.191
5.09005, 486.438, 46.1453
5.94425, 527.181, -827.449
5.01149, 799.013, 203.898
6.56617, -15.6104, -224.474
3.07974, 256.163, 48.3187
5.24841, 438.581, -618.819
5.06046, 717.992, -291.814
6.02649, -2077.41, -1734.87
5.65083, 127.157, 117.648
4.0207, -325.504, 246.216
6.74719, 272.98, -24.4793
3.39619, 2053.13, -2530.75
2.61737, 502.8, 1822.41
4.19467, 808.376, 239.905
3.43818, -2066.73, -1927.28
6.60467, 438.599, 117.198
6.72507, 92.7006, 3504.36
6.78031, -3682.52, 2063.38
7.37454, 291.592, -62.0287
2.99587, 145.006, 108.184
2.56182, -4777.89, -3524.41
2.58614, 677.78, 592.57
2.64527, 176.791, -870.552
4.1031, -1891.16, -1940.68
6.17815, -3759.89, 2229.81
3.14876, 862.186, -54.5488
2.5161, -3723.13, -789.538
6.91905, -1383.18, -992.466
3.70482, -166.056, 13.5542
4.38481, 73.8223, 1458.57
4.44879, 420.996, 102.884
2.81534, 4384.59, 1661.82
7.30792, 236.064, 19.4678
3.75349, 774.168, -405.271
6.85376, 112.99, -134.025
2.85991, 3706.92, -4973.86
2.70653, 4906.11, -2923.84
3.46378, -527.788, 348.641
3.86708, -2478.5, -1989.65
7.4007, 211.203, -25.6144
3.60607, 1470.55, -6023.69
6.43119, 1778.87, -2677.15
4.42306, -468.424, 1874.98
3.78593, -3409.65, 3975.88
3.91087, 263.804, -497.038
7.33834, 1429.65, 755.469
4.22841, -174.623, -105.597
3.45922, -605.339, -790.822
5.05037, 565.907, -184.958
5.21857, 1326.04, -5371.49
5.72333, 847.141, -533.85
3.89738, -1208.05, 114.387
3.41887, 72.467, 211.998
2.71579, 2503.99, -2917.69
3.98408, -396.14, 394.227
4.25548, 452.047, -272.547
7.09372, 222.958, -151.756
5.81225, -11.8429, 379.532
5.08041, -2115.1, -1804.77
4.03763, 228.862, -34.2841
3.0007, 2063.58, 2202.21
3.47502, 397.392, 22.337
4.11407, 3698.4, 3700.55
5.56182, 126.226, -730.636
5.13511, 3551.17, -1792.78
3.45653, 303.116, -135.623
4.7178, 6567.4, 3872.33
4.48693, 7560.24, -1474.8
6.28051, 303.573, 202.493
6.6213, 724.173, -264.603
5.51573, -612.052, 710.444
3.04573, 90.5513, -592.233
4.11797, 2585.16, -838.076
5.03403, 160.438, -28.7522
4.76521, 862.033, -671.296
4.77315, 261.087, 286.954
4.91125, 278.085, -58.2678
5.07896, -5094.33, 879.126
4.50207, -2418.99, -937.921
4.22945, -170.03, -73.7876
6.64533, -389.171, -480.751
3.02204, 2413.94, -1768.25
6.40057, 226.364, -394.884
3.19919, 819.339, -604.918
2.62171, 4584.43, 5149.19
6.0664, 97.9212, 1033.26
7.15538, -290.893, 798.392
7.47667, -78.8249, -129.687
3.86264, 252.423, -14.3147
3.6923, -2000.86, 30.1841
3.87328, -528.628, -3512.64
5.70836, -899.875, -1003.52
5.17637, 221.515, -12.1465
6.8967, -3282.49, 5821.67
6.75968, 281.133, -94.0001
2.98004, 174.788, 75.9846
4.66818, 217.356, 281.43
3.17045, 435.448, -602.575
5.86802, 298.158, 35.3884
5.34964, 612.52, -325.311
3.66474, 13.1187, -240.755
5.50306, 1379.55, 352.985
2.6551, 407.838, -414.543
7.08512, 274.426, 67.0638
3.82958, 450.236, -545.273
6.50016, 299.235, 34.7687
5.46389, 295.907, 152.872
5.0822, 308.563, 125.013
5.2567, 2847.62, -1486.43
3.47225, -4.93918, 34.226
5.36152, -3390.07, 103.114
3.81992, -723.825, 8105.7
4.41648, 3318.42, -6785.25
2.73626, -275.069, -115.644
4.22823, 489.198, -388.374
3.61594, -3492.72, 8528.29
3.81264, 26.6969, 90.9687
3.05141, 498.286, -310.546
7.40088, -79.0638, 182.127
5.93794, 693.749, -288.978
5.82158, 23.6776, 236.03
5.99501, 538.82, -70.4231
2.68746, 344.59, -27.3314
3.6706, 4.73904, 89.3544
3.95397, -6674.2, -10037.5
3.50543, 42.5499, 448.181
2.7177, -3078.63, 4670.01
2.56571, -1912.24, 8.73702
6.07297, 7019.27, -2198.2
6.88348, 833.556, 101.268
5.35088, 2095.32, -3818.71
6.92743, -3576.33, -4083.72
5.20042, -1922.21, -832.234
3.31357, -1789.61, 24.7977
3.30492, -3172.72, -2302.72
7.19182, 433.328, -103.455
3.45628, 419.312, 713.8
3.15761, -3297.85, -496.867
4.41122, 732.93, -769.657
6.12674, -594.556, 3176.31
2.50651, -7674.71, -491.062
4.60222, 5430.69, -3059.36
5.18984, -769.209, -187.331
4.86596, -1578.77, -655.176
6.33003, -246.136, 345.311
2.9396, -934.523, -1189.73
7.04284, 351.14, -180.142
3.20818, 692.661, -475.763
2.54782, 463.783, 84.8176
2.82267, -126.651, 798.35
4.96742, 320.806, -399.016
5.40914, 347.372, -63.9209
4.03373, 4545.19, -7909.81
4.57091, -197.691, -268.451
4.33401, 2012.64, 2246.09
3.42687, 521.084, -2508.38
2.76788, -3220.5, -2771.99
4.47222, 129.294, -83.548
3.98388, -1773.41, -1808.05
5.05388, 54.5554, -31.9324
3.75392, 2689.64, -4278.87
5.01589, -1733, 2923.34
2.51168, -66.4443, -37.8353
7.01807, -6407.07, 3100.2
2.79181, 3811.44, 4056.65
5.17506, 264.971, 3521.95
3.95754, 3114.21, -1129.96
7.3023, 230.669, -128.191
4.73406, -3685.13, -1333.06
5.08479, 205.044, -55.9622
5.93861, 1205.2, -984.623
2.72187, 423.576, -243.552
7.2946, 4309.19, -3091.15
5.70852, 468.572, 436.562
2.80215, -20.6056, 207.001
3.33964, 261.32, 340.567
5.76491, 373.057, 323.387
6.19864, -623.711, 2620.06
3.57011, 563.041, -260.2
4.31441, 951.333, -1932.93
6.56981, 6.93314, 40.3596
5.32057, 261.08, 24.0491
7.45886, 193.744, 101.708
6.5669, 66.6236, 637.717
3.49157, 3956.89, -4979.66
2.50003, 12.1235, 1004.55
4.62608, -3909.18, 4665.07
4.07406, 1868.32, 1119.2
5.56218, -4054.32, 644.257
3.83351, -42.213, 135.519
4.39881, 1732.26, 252.435
5.43397, 193.048, -139.903
5.95636, -2607.83, 261.367
7.26736, 279.013, 35.991
4.89785, 281.387, 477.849
3.60319, 659.622, 1354.55
5.33741, 728.375, 579.254
6.09873, 443.969, -50.4763
4.4953, 1707.72, 182.902
3.48326, -3.99839, -138.215
6.66971, 363.76, -132.591
5.59561, 623.094, 130.669
7.26866, -31.733, 26.7752
3.23222, -409.773, 743.569
5.38953, -523.519, -410.805
7.26796, 299.87, -76.5898
3.62331, -6417.08, 3276.65
7.25137, 177.426, -243.65
3.07874, 515.108, -326.855
2.58372, -608.054, 24.0609
3.90465, 572.274, -36.4549
7.15042, 600.615, -230.462
3.04796, 296.138, -48.4652
6.77266, 280.317, -196.034
5.68532, -516.33, 432.416
5.63853, 282.629, -182.027
3.80589, -668.096, 1280.91
5.13936, -1082.96, 159.98
7.16608, 2586.37, 1083.97
3.98055, -1118.94, -42.3274
4.78006, 137.033, 75.2709
6.35659, -1311.53, 5370.03
4.17193, -2312.56, -3627.26
6.31775, 385.266, 50.8267
6.65892, -2495.61, 2864
2.64618, 2701.74, -1825.28
4.31315, 188.334, -1109.88
4.16221, 309.079, 72.9307
3.17675, 2196.39, 2456.07
3.00839, 1454, -4510.89
5.11327, 381.618, -113.328
3.52046, 1009.32, -852.757
5.00728, 79.9472, -883.393
5.1371, -5695.55, 3892
4.13422, 102.386, -139.007
4.75888, 60.654, -685.383
6.85263, -975.472, 647.199
4.72884, 390.039, 372.044
6.03726, 143.164, -46.2748
6.83171, -1843.71, 355.88
6.5822, 296.631, -517.518
2.67504, -4390.28, -1705.98
3.8644, -1013.13, 2176.77
5.21858, -1658.25, 1106.36
3.19942, 5403.72, -805.848
5.57408, 363.19, -394.876
3.29182, 784.153, -640.607
4.41129, 465.229, 574.762
5.94997, -845.383, -267.49
3.21128, 4374.8, 36.717
5.65284, 391.006, 314.742
3.15973, -3760.49, -1682.8
7.13583, 308.337, -51.4146
5.53465, 6308, -9618.08
5.50388, 840.105, 861.352
3.33635, 1478.38, -231.277
3.301, -1936.23, 2418.91
5.91628, 421.256, -107.324
5.1456, -418.046, 926.645
3.65264, -2139.3, 1169.92
6.55373, -224.822, 111.33
5.76477, 236.082, -191.047
4.08597, -169.258, 546.963
2.53953, 696.133, -604.03
3.49176, 147.899, -59.2304
3.78831, 220.021, -167.265
3.03825, 526.817, -1746.19
3.49545, -227.043, -582.882
6.75079, -6669.71, 3478.35
6.63912, 48.4972, 585.857
6.76813, 127.784, -60.5374
5.71027, 220.256, -63.0234
3.6787, -3288.77, 3401.77
6.80638, 547.941, -74.2542
5.4745, 581.837, -147.418
2.52745, -1888.14, -1368.18
6.84925, 28.9861, -492.412
7.37729, 446.18, -173.536
5.59653, -2074.6, -1717.81
3.85574, -500.332, -754.967
7.46973, 320.585, 58.0573
4.60751, -587.812, -817.398
4.20537, 1026.36, 133.316
4.80717, 193.892, -55.7206
4.44822, -1168, -3249.03
4.613, -5442, -999.206
2.84879, 204.384, 1037.61
5.5153, -256.606, -264.723
7.36114, 70.7212, 101.931
5.07406, -25.6867, 9.29682
7.45461, 218.629, -31.9336
5.84906, -3061.06, -7062.55
4.01716, 900.002, 812.055
3.47371, 702.462, -277.373
4.0109, -1786.4, 56.3504
4.93946, 92.7563, -116.01
4.72438, 1036.56, 98.5264
5.7844, 54.4303, 89.992
3.74227, 6844.13, 3833.51
4.72007, -1285.86, -1000.02
5.75894, 441.108, 92.6023
6.67472, 396.382, -28.4182
6.03698, 99.4869, 1126.39
4.93928, -200.791, -1356.97
6.72039, 808.79, 104.525
7.00296, 672.545, -565.965
6.33082, -6.27614, 233.956
5.29453, 807.057, 1632.28
2.70603, -599.287, 708.05
5.46749, 176.507, 72.0027
2.68674, -94.4318, -4368.93
4.53488, -1733.69, 1661.04
2.84243, -400.158, -666.815
7.38558, 67.4933, 103.408
2.5956, 2041.03, 3471.19
6.60363, 312.293, -12.1401
5.2195, 4420.9, -3839.78
5.72828, -229.448, 970.343
3.62934, 387.682, -135.821
2.733, 796.276, 3736.69
3.63154, -221.382, -371.192
4.58371, -223.284, -2891.24
6.40126, -338.802, -179.548
3.72852, 1895.44, -2556.45
4.81411, 10.4816, -479.689
6.14756, -1522.83, -905.049
5.35237, 6333.62, -871.172
5.45997, 908.722, 54.6217
4.98425, -1153.24, 30.8704
3.951, 251.469, -54.0943
4.71107, 664.4, -606.782
2.53669, -3692.18, 8134.16
7.41683, 164.373, 112.855
2.52822, -201.477, -428.138
4.8676, 2224.4, 585.307
5.86497, 4353.34, 7477.87
