6.27803, -542.292, -395.623
3.5948, 41.6939, -192.851
5.89648, 379.001, -495.464
5.09708, -210.502, 548.55
2.76731, -676.024, 688.5
2.53849, 178.425, 26.0623
4.58743, -590.39, -329.997
7.15218, 287.137, 311.04
2.95982, 96.5278, 453.665
6.00595, -164.602, 167.616
3.81226, 581.674, 540.862
4.14117, 340.194, -508.899
7.45519, 287.752, 154.25
7.41275, -401.761, -200.04
5.75759, 225.831, 292.875
6.92354, 223.202, -499.152
6.33247, -181.339, -324.149
3.87453, -498.38, -253.609
4.93259, -391.321, -141.52
2.80282, 819.123, 649.572
5.08146, 20.774, 533.471
4.96988, 607.82, -535.706
7.23882, -599.083, -460.625
4.42071, 43.1653, -459.103
5.14874, 593.398, -427.418
2.75042, 708.77, -270.901
6.63909, 416.414, 401.053
5.94228, -445.884, -506.453
6.18112, 200.597, 538.654
6.94286, 616.935, 427.373
4.25508, -284.308, -448.635
6.72991, 321.056, 31.68
3.84659, 419.502, -49.2427
4.83959, -66.8389, -181.083
3.2686, -572.953, -531.914
2.66527, 434.544, 57.8022
7.2768, 104.964, 42.7404
6.95369, 333.117, 272.671
3.29884, 392.516, 78.7869
3.15214, 294.885, -495.666
2.515, -456.408, -512.213
6.0491, -516.957, -177.102
3.40448, -379.518, 576.883
5.76029, 591.802, -301.492
4.42907, 308.522, -488.764
3.23766, 38.7494, -196.486
5.45054, 474.759, 53.3056
3.24076, 83.8871, 544.482
3.2091, -100.627, 549.667
4.94257, -357.04, -90.1064
3.13015, 525.662, -41.1433
5.64635, -160.992, -385.445
5.60817, 301.568, -392.206
4.88216, -435.406, 635.635
2.64188, -425.858, -166.149
3.21011, -82.5411, 583.94
3.15594, -168.424, 669.029
3.31099, -736.571, 608.832
3.76529, -63.72, -444.573
4.77654, 442.876, -657.2
6.54472, 49.4465, -177.168
3.57624, 163.274, 535.466
3.75063, 517.345, 260.268
5.02978, -36.9948, 612.694
6.27922, 433.563, 35.111
5.66369, 566.566, -60.2952
5.9449, 367.403, -91.9919
7.27207, 595.633, 481.089
5.18713, -394.755, 525.171
4.57014, -508.702, -205.468
4.70019, 502.078, 87.5863
6.07821, 519.052, 390.909
6.20858, 241.247, 232.201
5.12494, 671.166, -676.945
6.06711, -462.454, -185.694
5.91025, 268.273, 84.5322
6.82941, 581.274, -390.072
3.19597, -43.9662, 579.879
3.57766, 555.882, -123.383
5.0733, -246.592, -184.501
4.83766, -28.0438, 611.548
3.55759, -207.723, 625.813
5.65244, -515.416, 612.975
2.5044, -695.134, 217.679
4.09589, 277.224, 306.19
5.90281, 218.758, -5.40805
6.0446, 443.93, -373.786
2.90869, -639.492, 545.496
3.56926, 281.75, 302.346
4.44412, -379.803, -602.916
4.44927, 695.148, 690.627
3.92018, 233.556, -454.236
4.6123, 421.486, 398.542
2.55658, -605.919, -406.018
3.72027, 733.592, -622.992
4.49072, -652.007, 507.462
6.64177, -554.08, 156.317
3.78584, 681.601, -571.457
3.59705, -603.347, -531.471
6.47385, 256.531, 172.769
5.8476, 216.352, 316.895
5.49108, -678.452, 234.544
5.99917, -174.377, -332.028
5.13062, 374.93, -572.347
4.14833, 232.681, 125.836
3.30844, -847.657, 274.358
6.56633, 446.873, 47.811
4.08004, 359.388, 96.4166
4.05369, -38.047, -563.648
4.65424, 52.4851, 14.0434
4.46509, -215.337, -585.471
4.43916, 253.457, -275.512
4.34871, -671.107, -530.155
5.88118, 247.257, -455.384
6.10384, 81.4184, -163.812
7.20082, 15.6334, 509.723
5.08573, -210.29, -401.855
5.5282, -146.92, 169.15
5.85049, -512.299, 608.768
5.11404, 42.3235, -149.31
3.87105, -592.707, 561.061
7.08924, 273.909, 300.496
3.73367, 607.192, -365.357
4.77876, 196.646, 259.694
3.30374, -656.533, 583.822
4.68319, 255.255, 40.8815
7.45767, 221.183, 132.038
6.26931, -314.401, 385.701
4.97846, -564.081, -508.553
7.01651, -586.905, -401.896
4.68213, 418.564, 399.086
5.09239, 65.5168, -466.855
4.44866, 277.844, -437.016
5.63431, -210.874, -398.398
5.19331, 274.561, 10.2385
4.35955, 373.329, -352.669
2.54674, -188.455, 230.128
6.3794, 24.855, -573.932
2.85317, -535.121, -532.667
3.98511, 276.592, -536.579
4.78581, 13.1255, -582.987
3.25156, -124.6, -101.31
5.97819, 436.735, -393.511
4.15587, 243.671, 95.1654
5.21197, 707.592, -606.052
2.64678, 657.17, -679.571
5.38086, -67.1879, -178.107
5.18133, 242.24, 220.986
7.36678, -577.487, -533.82
5.57063, -285.779, -424.107
5.26431, -731.48, 213.922
6.69051, -216.882, 534.255
3.75764, -470.582, 487.94
6.98957, 398.065, -62.094
5.97428, 446.567, -385.335
5.82752, -386.03, -239.504
3.06838, -594.27, -480.386
3.37987, -456.811, 349.048
2.91253, -174.815, -17.8574
6.68103, -149.056, 155.052
2.64818, 645.661, -785.918
6.34719, -46.9662, -491.227
4.29829, -411.582, 470.958
6.24626, 92.6456, 477.275
6.28385, 238.918, 104.364
3.60834, -491.7, -516.619
5.58305, 280.755, 67.5546
3.66846, -418.742, -156.939
6.22052, -703.818, 297.69
5.80997, -602.511, -407.636
4.9209, 637.067, -566.311
2.58972, 525.017, -33.0264
4.98291, 290.398, 112.098
5.09587, -74.6748, -418.464
4.71395, -608.75, 202.935
4.14528, 116.187, 516.929
3.52671, 216.773, 64.4118
7.19863, 32.16, -267.725
2.85168, -555.504, 381.838
3.30042, -27.0384, -539.684
6.70788, -512.398, -196.166
4.13614, -235.182, -162.195
6.85942, 282.968, 282.418
5.99896, 509.704, 454.712
5.52801, 549.23, -86.9349
4.77536, 34.7793, -206.323
2.91543, -551.394, -136.05
3.94883, 262.844, 83.2199
6.51009, -542.729, -481.373
6.81821, 257.488, 95.8412
3.81831, 225.285, -512.85
4.79881, -554.145, -183.302
4.95672, 404.355, -402.871
5.82344, -513.814, -474.32
7.31738, -387.373, -204.999
7.23022, 346.145, -526.332
2.81902, 279.278, -430.46
5.04829, -538.117, -216.004
6.13222, 638.012, 401.112
5.65882, 385.34, -71.4995
3.26658, -708.434, -648.257
5.09652, -615.688, 193.243
3.52281, -429.012, 512.023
6.03231, 316.905, -491.636
6.05786, -420.778, -198.269
3.66304, -191.73, -220.521
6.80594, 91.5937, -123.968
2.67122, 147.869, 540.867
6.26587, -575.571, 231.383
4.14789, 468.214, 29.7263
4.65309, -226.849, -317.526
7.33455, 631.901, -16.9903
4.05803, 521.76, 484.045
5.69762, 706.547, -654.398
5.95386, 524.848, -20.1284
5.36403, -25.8606, 633.049
6.60667, 729.838, -685.206
4.21807, -454.172, -331.721
5.09387, -507.84, -436.298
6.78438, 46.9023, -490.463
6.18587, 342.095, 126.91
3.45992, -654.915, 154.357
2.83145, -263.526, 203.327
3.60828, 690.923, -621.174
3.33656, 46.0341, -166.844
6.31172, 374.361, -465.284
5.44905, -627.783, 156.093
4.65223, 639.97, 660.213
7.09618, 469.546, 55.4449
5.09668, 323.074, 120.45
7.38058, -501.755, -97.8403
5.15714, -359.396, -56.708
2.98716, 205.24, 16.3945
5.83983, 275.597, 183.256
5.44444, 289.465, 25.391
5.01137, -449.685, -95.5762
2.75808, -652.457, -25.3851
2.6753, -66.6544, -137.532
4.41484, -412.917, -517.645
5.55555, 273.256, 9.98496
5.06574, 561.457, 718.656
5.98498, 212.875, 30.5585
4.89891, 73.2571, -195.807
3.88323, 132.347, 403.17
6.01685, -350.517, 32.3876
3.67701, 552.13, 1.52217
6.41501, -72.9506, -155.694
6.60589, 118.422, 524.349
3.21842, -382.349, -73.9407
5.75757, -434.731, 579.529
3.87677, 632.016, -525.466
7.26215, -418.449, 643.753
4.58238, -499.468, -224.825
3.03869, -158.186, 166.007
4.70633, -647.781, 516.954
6.28811, -495.028, -135.781
2.77803, -471.926, -243.051
3.51241, 29.9914, 13.8835
6.82305, 645.222, -606.264
6.52456, -141.474, -117.283
2.78861, -645.541, -529.928
4.40304, -23.7552, -492.49
4.56124, -1.45595, 583.774
2.80071, -174.85, 218.689
7.09746, 632.015, 475.208
3.35398, 573.779, 533.706
6.51634, -579.672, 172.945
3.88599, 420.452, 123.161
4.44586, -59.561, 549.059
7.19936, -76.8044, 587.909
6.24573, -20.4486, -136.968
3.44774, -506.289, 695.003
6.89581, 296.03, 262.553
6.8953, 304.943, -573.721
3.30515, -388.659, -163.341
5.87346, -476.967, -205.06
6.89096, 386.568, 192.173
6.98262, 279.713, 276.317
3.06535, -22.4028, 525.359
5.93789, -253.029, -154.193
3.21651, -355.013, -394.854
3.6901, 263.639, 50.2979
5.64383, 553.95, -133.568
4.312, 517.008, 262.468
4.64437, 631.374, 431.288
4.91936, 42.1494, -450.99
6.20379, 37.3002, -195.897
3.23098, -402.858, 463.899
7.36238, -461.216, -508.979
7.3158, -405.764, -206.178
3.14741, -438.256, 648.031
5.3784, -63.2703, -279.571
4.66439, 185.944, -114.342
5.50066, -272.315, -157.684
5.85098, -383.444, -181.466
4.5137, 466.063, 630.036
6.46691, 608.763, 515.087
4.89889, -397.203, -122.128
5.72449, 270.392, 289.699
4.28836, -359.166, 589.014
5.96794, -249.382, -172.37
5.83428, -413.251, -440.563
3.22071, -431.836, 600.951
7.10415, -606.698, 265.415
4.22228, 66.2584, -198.87
6.66824, -209.392, -452.857
2.74349, 352.626, -468.381
3.27936, -452.592, 127.38
2.55765, 143.614, 462.224
3.94327, 29.3428, 524.249
5.07295, -249.139, -244.353
3.65948, 604.274, 455.019
2.75022, -152.792, -113.061
5.33091, -603.006, -484.952
6.69774, -42.4972, 616.389
4.28763, -604.813, -508.433
4.3452, 71.0795, 547.048
7.22226, 262.569, 42.8905
4.72425, -494.549, -214.607
6.82086, 250.203, 102.803
5.82654, -438.551, -529.138
5.79297, 79.49, 493.741
7.10736, -756.42, 697.614
5.11536, 691.516, -618.38
5.45229, 299.157, -437.457
5.79944, 573.065, 484.084
4.24765, 266.436, 219.911
4.11714, 241.342, 85.6886
7.08984, -6.90048, 586.205
3.08619, 682.402, -469.381
7.31268, 420.27, -49.6953
5.17978, 26.206, -186.457
5.81447, 649.141, 426.683
5.48362, 638.971, -449.844
6.93363, -576.326, -491.002
6.67999, -527.222, -474.261
6.69339, 278.234, 193.683
6.85642, -146.854, 172.338
2.5002, -709.062, 62.4485
4.77274, 278.202, -10.3479
4.25696, -589.227, 206.281
5.80713, -186.894, 594.266
6.22234, -629.378, 251.63
3.3821, -102.518, -279.163
7.4621, 747.888, -530.551
5.95466, -596.787, 212.575
6.97862, 303.215, 28.8697
3.51579, 249.836, 28.926
7.2356, -410.222, -217.256
4.88476, 644.6, -464.407
6.78578, 654.848, -632.497
6.41237, -466.183, -464.651
5.70687, 706.074, -588.695
3.14521, -617.68, 179.395
5.77944, -30.0746, 576.916
3.09199, 93.4036, -139.398
3.88793, 161.846, 542.096
6.65548, -185.234, -235.871
6.14153, -541.002, -415.037
6.74348, -730.617, 226.543
3.43989, -598.089, -356.662
6.09602, 374.382, -269.026
4.25586, 287.271, 328.714
3.34555, -501.58, -537.837
4.52383, 268.397, -453.956
4.20924, 97.1647, 574.513
6.67141, 260.906, 49.4241
3.9111, 622.635, 414.07
5.16766, -686.734, -568.495
6.25085, 713.316, -592.215
4.62554, -614.161, -431.485
4.66964, -380.566, 552.38
3.03022, 690.541, -724.433
6.4639, -180.796, -388.097
3.91232, -623.716, -483.387
7.14264, -403.59, -135.058
5.37926, 279.655, 299.564
3.4895, 560.607, -260.402
5.99081, 330.699, -530.425
3.07265, 226.11, -381
4.22945, 159.451, 538.413
4.15646, -356.214, -156.396
6.42735, 685.896, -656.388
6.65775, 284.537, -59.157
4.21712, -644.673, 629.654
4.2603, -196.649, 579.447
6.38197, -48.0577, -472.751
6.58658, -39.6479, 521.289
4.26157, -139.014, 147.464
7.09559, -387.709, -198.88
3.2877, 477.933, -29.8057
5.56029, -368.684, 528.834
5.54222, -434.694, 602.767
3.16647, -109.797, -414.316
3.51409, -515.308, -342.062
4.79457, -583.885, 442.808
3.48759, -102.81, 552.447
6.77118, -683.006, 120.471
6.54562, -562.084, -415.713
2.80131, -640.364, 614.738
6.50584, -640.688, 486.905
5.49597, -57.6407, -402.818
7.43182, -534.543, 209.195
2.65919, 94.0518, 613.462
6.8356, 660.826, -621.315
3.69109, 395.821, 77.3966
3.6127, 234.419, 247.167
4.73907, -470.949, -514.506
2.61231, 571.728, -132.746
6.79755, -132.906, -106.236
4.15902, 279.223, 292.204
5.72195, 214.513, 33.5729
7.43521, -438.888, -507.406
5.30162, 261.657, -431.972
4.74553, -529.43, -159.25
5.213, -60.2332, -461.59
2.90797, 547.923, -77.8179
3.99606, -526.66, -151.938
6.63964, 557.069, 498.421
6.48936, 474.494, 637.287
5.71048, -2.87504, 587.288
4.84105, 388.78, 75.5069
7.15326, -131.061, -381.528
5.08798, -127.935, -99.9404
7.42924, 647.481, -441.256
5.94567, 9.42357, -513.537
6.19966, -177.803, -322.107
3.46323, -540.223, -471.993
6.08881, -421.941, 573.197
6.11146, 538.783, 142.265
6.49298, 309.973, -4.36148
4.23216, 223.797, -600.096
5.1481, 56.1927, -197.284
3.19001, 555.184, -216.887
6.73218, -239.227, -164.538
6.32766, -15.7446, -514.658
7.5, 675.773, -489.052
4.24891, 424.38, 709.155
5.50367, -358.46, 558.849
3.50808, -350.29, -25.1674
6.2385, 37.0379, 5.83198
6.49225, 594.094, 203.793
3.03505, -702.436, 232.23
5.35813, -364.464, -112.567
2.84683, 241.119, -347.776
4.16036, 639.116, 438.248
5.80945, 208.707, -528.896
5.27726, 2.63553, -223.26
7.12415, 314.473, 47.5678
2.69832, -335.194, -119.117
2.62083, -215.416, -32.4249
4.61923, 301.677, -419.866
4.36987, 223.98, 96.5133
2.93303, -220.962, -200.772
3.05403, -59.0679, 22.3184
5.31992, 246.319, -394.154
7.37269, 35.1881, 576.253
3.05066, 11.9572, -516.232
5.99352, 123.655, 481.864
2.79674, -0.638138, -516.691
4.69755, 431.779, 56.0855
5.24651, 654.931, 597.844
3.45129, 486.074, -574.308
7.36597, 260.82, 63.5232
3.19593, -478.833, -136.111
5.48978, 616.506, -459.638
7.12812, -639.505, 605.002
3.91116, -21.5233, 521.148
6.8307, -143.054, -94.8697
6.29598, -132.709, -376.023
6.10793, 257.827, 278.1
3.34241, -180.85, 219.855
3.32882, 662.408, 561.783
3.39076, -608.197, -428.692
5.87226, 252.416, -473.336
4.83484, -193.005, -94.4846
6.85219, -541.479, -415.56
5.76023, -505.27, -216.908
5.80464, 648.19, 607.856
2.58037, -559.499, -471.307
4.30596, -513.898, -478.658
3.72747, 544.239, 153.833
6.93086, -675.784, -664.699
5.23701, 755.271, 616.322
6.57209, -2.93557, -499.866
5.24453, 48.0049, 615.855
4.16156, 426.347, -94.524
4.40213, 11.7185, -598.85
2.52389, 526.253, 477.338
6.95226, -134.865, -386.187
6.16955, -383.927, 556.5
6.04239, -40.1804, 529.83
5.1278, -47.2677, 104.747
6.41065, 47.6273, -449.392
3.42484, -333.486, -365.106
5.72673, 269.32, 284.621
3.42178, -415.055, -167.543
3.31214, 213.751, -430.559
2.65594, -264.612, 695.981
7.42716, -0.928516, -597.201
4.04559, -175.588, -374.763
4.11075, -418.831, -170.94
5.51155, 213.008, 35.4911
2.89107, -335.886, -614.579
3.93936, 58.3078, 9.09836
5.79307, -140.433, -373.93
7.36348, -523.386, -424.167
7.27758, -386.089, -486.664
7.42745, -475.99, -195.497
7.30478, -551.864, -479.378
3.0073, -481.545, 538.378
3.71505, -179.491, -337.258
6.91151, -22.8107, -202.113
5.28805, 238.817, 226.959
6.7669, 536.055, 511.108
7.49145, -401.518, 593.705
3.99751, 121.17, -611.854
6.33157, 627.207, 343.427
4.81901, 234.026, 12.9048
6.8168, -556.669, -374.18
6.99018, 525.078, 52.2278
7.377, 158.526, -363.706
2.77405, 373.886, 231.812
6.32605, 685.157, -692.528
5.09219, -654.577, 494.835
3.46574, 523.252, -103.427
6.98252, 251.236, -469.424
6.38492, -591.569, 192.9
2.75968, 122.277, 416.404
7.47331, -656.685, 499.125
5.93659, -165.012, -377.949
5.94854, 603.596, 375.758
6.57666, -401.692, 520.338
7.05426, -206.433, -398.244
3.34218, -38.4313, 9.55652
5.24183, -384.541, 501.56
6.53351, -425.289, -166.436
4.17803, 249.294, -447.031
5.53435, -158.593, -119.734
6.59602, -640.731, 147.77
7.3485, 77.3459, -197.397
6.29349, 412.917, 288.875
3.72113, -85.3763, -117.127
5.80589, -593.425, 251.827
4.21574, -736.119, -539.864
7.27146, 212.005, -276.013
2.60828, 463.662, 644.664
4.54979, -732.309, 722.893
2.55789, 583.723, -623.681
3.04964, 567.487, 159.545
5.28259, -531.315, 206.185
4.45466, 36.4819, -209.71
7.20539, -63.4549, -167.268
2.55572, 241.276, 282.517
6.22897, -168.045, -341.329
3.84293, 284.285, 161.416
4.27153, -319.564, -492.362
3.45835, -469.341, 653.704
5.14832, 266.135, 4.65348
4.39478, 15.2997, -526.696
3.16407, 9.05114, -435.907
4.26563, -215.759, -397.19
4.2497, 739.467, 664.997
7.41084, 366.228, -86.8341
5.25961, 39.7658, -219.791
4.99918, 20.8239, -507.027
3.58531, -604.037, 172.337
4.37311, 77.4277, -354.14
6.78251, -715.493, -508.846
6.45578, 732.096, -376.828
3.9204, -484.875, 500.285
5.07645, 233.385, 136.034
6.79238, -109.77, -96.0435
7.07844, -426.246, -298.442
7.48941, 98.6307, 553.559
6.53177, 4.67732, -226.31
5.22718, -524.206, -161.504
7.3461, -3.1364, -599.346
5.31931, -547.4, 275.216
4.03031, -417.664, 575.7
5.41853, 667.957, 642.612
2.91197, 191.651, -218.526
5.47382, 261.259, 281.483
3.31968, -702.382, -557.124
6.46527, -549.242, -525.404
2.95373, 690.462, 383.211
6.3072, -610.699, -456.533
6.83996, -129.669, -108.571
6.40105, 112.603, -114.021
6.61399, 669.831, 672.685
6.70974, 247.102, 256.666
4.48328, 148.768, -23.937
6.508, -84.552, 94.1445
6.56811, 252.896, 102.488
5.43493, -368.11, -32.6915
4.64621, 510.437, -7.5354
2.5002, -51.6765, -303.613
5.31153, -578.545, 211.434
6.22632, 288.512, 121.003
3.89846, 573.259, 164.708
2.93406, -562.295, 427.096
3.5733, 610.332, -575.964
3.93296, -454.495, 578.403
4.86595, -280.555, 392.57
6.95893, 642.264, 721.378
5.91955, 385.151, -370.004
3.54376, 234.843, -301.975
6.67533, 607.866, -86.4455
7.09218, 650.56, 623.94
4.48244, -562.233, -569.361
6.37858, 386.455, 362.023
5.68161, -96.671, -117.898
6.64746, 167.397, 96.7074
3.40204, 382.571, -323.214
7.45927, 351.864, -521.213
6.70558, -8.28701, -477.551
4.65177, 558.733, 260.514
4.38589, 397.456, 697.735
2.70802, 458.843, -353.483
6.80715, -590.87, -525.696
6.62116, 689.09, -569.047
6.25052, -6.06359, 605.223
3.55801, -208.478, 638.95
4.31029, -477.414, -202.272
4.43545, -594.463, -410.856
7.32918, 619.209, 487.504
6.5872, -76.5931, 509.582
4.5755, 51.195, 358.517
5.83759, 302.582, 179.126
2.52101, 469.997, 647.481
6.98048, -629.162, 221.772
3.68416, -183.277, 225.589
3.79415, 288.926, 67.6272
5.4939, 321.797, -464.524
6.89823, -494.932, 119.783
6.16299, -559.811, -518.793
6.0773, 546.487, 481.881
3.57724, -387.104, 612.445
6.30413, 674.761, -674.929
3.85351, 3.96835, -202.472
2.75246, 398.319, 75.9673
4.78866, 251.595, 190.827
2.58759, 342.916, -547.094
3.01129, -48.2677, 102.038
2.639, -137.939, 155.388
5.65921, -277.737, -425.909
6.34425, 42.535, -203.24
2.74132, 304.502, -476.127
6.6924, 4.45501, -509.768
6.76899, -238.974, -168.585
6.57649, -403.263, 576.146
6.85188, 668.69, 376.201
5.27222, -501.895, -103.055
6.12646, -212.92, -236.398
3.20424, -82.2182, 485.817
6.6115, 375.761, -377.308
5.51185, 329.98, -35.5955
4.93856, 344.972, -507.611
6.14942, -193.216, 555.172
4.05164, 675.747, -631.651
3.93925, -549.622, 165.901
5.45857, -664.583, 574.816
5.34055, 456.137, 652.702
5.41059, -514.951, -520.946
2.84132, -649.736, 247.428
4.34304, 109.825, -97.6508
6.28475, -509.222, -477.194
6.35297, -539.538, -450.24
4.27217, -424.263, -209.011
5.98913, 62.2761, 583.451
5.08005, -485.432, -183.248
5.94494, 187.506, 164.016
6.18066, 33.8978, 661.22
2.56231, -168.758, -323.013
7.16549, 412.447, -60.9331
5.37826, 267.848, 201.546
3.05587, 664.084, 847.154
4.87388, -133.059, -103.354
3.24247, 292.625, 131.436
4.22594, 177.391, 372.654
7.04476, -649.98, 246.293
4.54571, 92.3536, 483.982
5.96642, -505.153, -59.1362
3.35865, 370.738, -464.557
6.21715, 644.578, -432.779
4.16319, -509.589, 472.384
4.62157, 407.507, 178.306
2.79523, -160.2, -88.9999
5.09005, 228.884, 44.6028
5.94425, 209.345, -471.948
5.01149, -153.554, -94.0791
6.56617, 26.5418, -488.595
3.07974, 19.8933, -488.567
5.24841, 278.202, 267.222
5.06046, 363.605, 150.363
6.02649, 586.635, 476.975
5.65083, -171.959, 539.045
4.0207, 30.4581, -524
6.74719, 254.362, 43.1874
3.39619, 546.108, 36.0016
2.61737, -379.044, 49.6739
4.19467, 413.379, 30.9659
3.43818, 226.48, -51.0228
6.60467, -154.627, 48.9942
6.72507, -459.731, -192.758
6.78031, 703.799, -617.864
7.37454, -657.04, 588.705
2.99587, 342.012, -399.952
2.56182, 631.014, 525.424
2.58614, 218.363, 293.075
2.64527, 327.459, 124.93
4.1031, 89.6989, -117.717
6.17815, 398.233, 200.429
3.14876, 273.038, 294.294
2.5161, -350.796, 321.472
6.91905, 4.85784, -500.521
3.70482, 243.819, -501.122
4.38481, -638.035, 576.044
4.44879, 475.29, -4.76731
2.81534, 445.615, 197.706
7.30792, 196.611, 482.966
3.75349, 582.426, -258.925
6.85376, -505.62, -56.8532
2.85991, -678.779, 398.4
2.70653, -425.162, 630.835
3.46378, 232.779, -419.482
3.86708, -239.296, 299.739
7.4007, -574.009, -332.054
3.60607, 225.224, -535.552
6.43119, -616.21, 531.734
4.42306, 179.117, -257.277
3.78593, 400.806, -590.997
3.91087, -612.397, 260.916
7.33834, 533.068, -128.08
4.22841, 221.678, 72.6229
3.45922, -493.09, 632.819
5.05037, -472.807, -137.627
5.21857, -403.42, 597.826
5.72333, -519.713, -546.956
3.89738, -140.971, 624.942
3.41887, -191.621, -326.509
2.71579, -563.046, 156.702
3.98408, -408.167, -159.032
4.25548, -145.73, 65.4194
7.09372, -431.4, 520.071
5.81225, 403.501, -214.518
5.08041, 550.205, 493.987
4.03763, 419.508, 334.829
3.0007, -143.55, 63.7495
3.47502, 263.194, -615.239
4.11407, 107.635, -155.675
5.56182, 537.351, 84.7757
5.13511, 688.772, -542.499
3.45653, 276.898, 74.8459
4.7178, -527.201, -592.415
4.48693, -411.992, 639.847
6.28051, -472.782, 536.768
6.6213, 613.204, 494.099
5.51573, 60.2481, -114.938
3.04573, 349.79, -505.819
4.11797, 335.482, -101.392
5.03403, 196.497, 216.505
4.76521, -368.224, 506.053
4.77315, -207.006, -353.346
4.91125, 652.544, 676.594
5.07896, 244.985, -496.075
4.50207, 118.557, 555.618
4.22945, 624.328, 386.884
6.64533, 551.785, -138.341
3.02204, -643.33, -385.761
6.40057, 366.618, 415.82
3.19919, -248.788, -269.087
2.62171, -551.791, -557.823
6.0664, 295.195, -505.397
7.15538, -2.40145, -504.87
7.47667, 285.125, 168.859
3.86264, -631.243, 251.628
3.6923, -425.046, -162.829
3.87328, 444.826, 605.339
5.70836, -554.088, -478.924
5.17637, 268.821, 109.99
6.8967, 562.853, -301.344
6.75968, -587.457, -400.8
2.98004, 518.759, 27.4492
4.66818, -644.665, 264.559
3.17045, 31.4805, -490.607
5.86802, -150.852, 173.251
5.34964, -180.555, -377.172
3.66474, -315.552, 756.66
5.50306, 245.953, -429.685
2.6551, -534.894, -174.435
7.08512, 381.97, -257.396
3.82958, 621.751, -11.973
6.50016, -135.563, -366.379
5.46389, -51.1062, -478.167
5.0822, 188.532, 175.002
5.2567, 253.473, 252.299
3.47225, 266.878, -7.17976
5.36152, -76.1118, -546.647
3.81992, 250.035, 249.772
4.41648, -661.26, 498.582
2.73626, -575.224, -557.029
4.22823, 447.187, -587.11
3.61594, 481.461, -377.212
3.81264, -142.425, -507.081
3.05141, -239.154, -429.948
7.40088, -482.84, -69.9948
5.93794, 599.629, 467.194
5.82158, -472.408, -132.981
5.99501, -565.277, -424.489
2.68746, -463.048, -512.826
3.6706, -518.488, -367.503
3.95397, 654.768, 419.86
3.50543, 32.6923, -237.143
2.7177, 252.905, 198.512
2.56571, -407.521, 525.253
6.07297, -431.352, 508.135
6.88348, -517.299, -472.517
5.35088, -609.912, 130.065
6.92743, 754.789, 756.904
5.20042, -417.522, -223.401
3.31357, 636.14, -565.721
3.30492, 586.586, 445.845
7.19182, 237.422, 121.099
3.45628, 327.787, -527.429
3.15761, 250.012, -294.848
4.41122, -130.632, -115.699
6.12674, 226.287, 57.9127
2.50651, 564.777, 718.638
4.60222, -209.287, 483.397
5.18984, 210.083, 27.2518
4.86596, -143.775, 238.804
6.33003, 551.622, 553.739
2.9396, 377.237, -353.778
7.04284, 304.522, 208.6
3.20818, -519.993, -616.028
2.54782, 257.711, 107.375
2.82267, 327.287, 351.225
4.96742, 297.621, 127.108
5.40914, 480.223, 594.305
4.03373, -583.924, 441.753
4.57091, 503.34, -43.7244
4.33401, -610.867, -447.216
3.42687, 95.0182, 526.051
2.76788, 186.297, 100.615
4.47222, 343.805, -37.7682
3.98388, -95.7179, -103.188
5.05388, -461.341, 538.464
3.75392, -642.968, 221.711
5.01589, 657.796, 687.13
2.51168, -74.8001, 507.381
7.01807, 670.688, -446.055
2.79181, -646.13, -731.349
5.17506, -493.317, 498.749
3.95754, -456.04, 501.584
7.3023, -493.149, -187.562
4.73406, 235.547, -31.3288
5.08479, 573.31, 158.062
5.93861, -126.051, -107.583
2.72187, -182.375, -70.2945
7.2946, -621.143, 535.285
5.70852, 273.437, 101.162
2.80215, 297.34, -585.192
3.33964, 310.505, 213.758
5.76491, 341.354, -100.223
6.19864, -709.379, 60.4113
3.57011, 647.242, 256.215
4.31441, 185.002, -318.199
6.56981, -516.494, 616.298
5.32057, 583.54, -331.311
7.45886, -27.2915, -515.989
6.5669, -576.62, 217.752
3.49157, -609.183, 29.5692
2.50003, -22.9483, -478.933
4.62608, 696.071, -614.462
4.07406, 640.564, 174.197
5.56218, 519.455, -625.987
3.83351, -144.49, -395.35
4.39881, -547.559, -191.321
5.43397, 556.094, 130.523
5.95636, -181.511, -394.064
7.26736, -203.973, -394.888
4.89785, -289.607, -553.269
3.60319, 216.871, -443.667
5.33741, -612.507, -500.525
6.09873, 255.199, 44.837
4.4953, -368.854, 530.195
3.48326, -519.698, 620.259
6.66971, -506.764, -490.04
5.59561, -487.199, -471.969
7.26866, -140.466, 73.7266
3.23222, 12.6209, -60.829
5.38953, -164.533, -390.48
7.26796, -378.956, 544.306
3.62331, 707.233, -709.464
7.25137, -425.628, 597.353
3.07874, 609.154, -243.567
2.58372, 191.35, -105.774
3.90465, -195.64, -231.132
7.15042, 415.69, -3.06775
3.04796, 658.238, 688.981
6.77266, 77.2874, 378.422
5.68532, -502.199, -483.607
5.63853, 323.152, -466.619
3.80589, 643.369, 466.381
5.13936, -548.156, 200.601
7.16608, -209.058, 538.631
3.98055, 473.657, 28.1921
4.78006, 254.955, 303.682
6.35659, -499.09, -626.223
4.17193, 306.116, 155.017
6.31775, -16.6811, -514.768
6.65892, -16.5319, 499.723
2.64618, -633.208, 527.061
4.31315, 552.437, -176.019
4.16221, 275.854, 281.366
3.17675, -296.304, -62.6242
3.00839, -217.249, 634.226
5.11327, -438.391, 536.769
3.52046, -50.6668, -348.819
5.00728, -533.303, -473.885
5.1371, -15.9329, 512.348
4.13422, 102.6, -223.856
4.75888, 223.284, -264.476
6.85263, 35.2853, 499.091
4.72884, 574.078, 567.379
6.03726, -466.335, -505.451
6.83171, 696.03, -610.341
6.5822, 578.465, 162.754
2.67504, 817.981, 589.764
3.8644, -470.305, -193.688
5.21858, -239.323, -370.987
3.19942, -465.712, -399.77
5.57408, -576.495, -558.75
3.29182, -419.482, -681.509
4.41129, 308.191, 151.269
5.94997, -46.3839, 71.4821
3.21128, -418.921, 657.872
5.65284, -634.353, 560.272
3.15973, 79.9996, 565.752
7.13583, -626.347, 223.534
5.53465, -640.815, 541.642
5.50388, -656.012, 186.776
3.33635, 378.365, -381.013
3.301, -519.954, -610.702
5.91628, 397.758, 0.815074
5.1456, -525.562, -93.1598
3.65264, -71.8746, 519.381
6.55373, -411.104, -241.934
5.76477, -293.021, -376.949
4.08597, -582.631, -396.692
2.53953, -219.238, -482.793
3.49176, 452.349, 507.289
3.78831, 182.497, 302.512
3.03825, 575.73, -149.789
3.49545, 88.0532, -126.447
6.75079, 815.43, -488.508
6.63912, -533.581, 213.169
6.76813, -579.219, -399.01
5.71027, 63.286, 563.505
3.6787, 726.208, -630.901
6.80638, -603.613, -468.284
5.4745, -217.223, -40.3537
2.52745, 432.654, 16.8463
6.84925, -608.037, -440.43
7.37729, 379.978, 199.132
5.59653, 252.82, 49.227
3.85574, -611.993, 146.898
7.46973, -172.551, -385.183
4.60751, -589.371, -531.519
4.20537, -583.24, -416.061
4.80717, 257.892, 50.775
4.44822, 176.121, -239.994
4.613, 179.486, 569.699
2.84879, 348.486, 237.805
5.5153, 76.9119, -206.86
7.36114, -67.0826, 92.0287
5.07406, -607.765, -532.744
7.45461, 542.79, -94.7934
5.84906, 413.019, -54.4771
4.01716, -534.67, -183.392
3.47371, 545.598, 481.799
4.0109, -594.115, -561.165
4.93946, -353.403, 323.323
4.72438, 482.009, 605.669
5.7844, 373.841, -508.632
3.74227, -514, -478.101
4.72007, 106.332, 411.606
5.75894, -508.295, -92.8178
6.67472, -606.058, 256.066
6.03698, 114.18, 563.155
4.93928, -360.895, -450.632
6.72039, 283.878, 38.668
7.00296, -416.501, -154.245
6.33082, -606.461, -542.85
5.29453, 477.146, 635.48
2.70603, 115.225, 57.4657
5.46749, 489.852, -2.98542
2.68674, -412.951, 509.704
4.53488, 287.427, 288.166
2.84243, -656.441, -626.804
7.38558, -581.458, -533.969
2.5956, -549.471, -250.182
6.60363, -277.745, -152.933
5.2195, -457.867, 541.259
5.72828, 638.102, -241.133
3.62934, -152.089, -97.2579
2.733, 717.686, -529.952
3.63154, 300.755, -433.98
4.58371, -631.318, 160.079
6.40126, 267.977, -422.014
3.72852, -629.688, 154.206
4.81411, 457.244, 51.7411
6.14756, 564.715, 126.934
5.35237, -364.115, 597.926
5.45997, 635.475, 672.842
4.98425, -582.359, 145.026
3.951, 192.648, 90.433
4.71107, 73.5437, -194.13
2.53669, 652.211, -426.161
7.41683, 365.223, -238.54
2.52822, -617.812, -306.172
4.8676, 106.688, 563.419
5.86497, -249.351, -208.065
