6.27803, -1055.45, 544.77
3.5948, 288.724, 867.385
5.89648, 688.652, -386.664
5.09708, 36.3274, 208.111
2.76731, 1678.08, -1847.17
2.53849, 413.662, -174.335
4.58743, 2371.32, 1353.35
7.15218, 77.1136, 23.3787
2.95982, -199.379, 552.343
6.00595, 661.649, 565.373
3.81226, 458.932, 188.365
4.14117, 112.488, 21.5193
7.45519, -479.31, -582.738
7.41275, 6.30346, -107.402
5.75759, 332.699, 479.189
6.92354, 193.058, -199.579
6.33247, 45.2299, -4.20051
3.87453, -912.156, 78.1679
4.93259, 11.4282, -80.9591
2.80282, -2013.57, 265.938
5.08146, 151.369, 186.574
4.96988, -1540.72, 490.424
7.23882, -208.736, -279.063
4.42071, -65.8859, -82.2171
5.14874, -1215.28, 463.285
2.75042, -295.016, 1527.51
6.63909, 340.462, 488.597
5.94228, -577.819, -159.113
6.18112, 133.588, 176.717
6.94286, -1260.37, -1322.95
4.25508, -65.2765, 104.324
6.72991, 107.843, 209.608
3.84659, 0.103341, 262.764
4.83959, 730.127, -9.24255
3.2686, 22.8313, -275.87
2.66527, -225.405, 12.4602
7.2768, -821.772, -780.777
6.95369, 417.875, 368.452
3.29884, -922.099, 2.95257
3.15214, -707.668, -301.076
2.515, 918.685, -132.905
6.0491, -164.634, -144.82
3.40448, 904.661, -109.483
5.76029, -21.3731, -97.2898
4.42907, -11.0526, -221.197
3.23766, 552.98, 816.274
5.45054, 225.758, 532.191
3.24076, 1076.07, -504.469
3.2091, -967.938, -803.488
4.94257, -322.27, -362.994
3.13015, -802.171, -107.1
5.64635, -640.467, 52.9978
5.60817, 239.493, -63.731
4.88216, 1141.89, -1580.2
2.64188, 538.94, 843.266
3.21011, 1413.8, -351.231
3.15594, 288.319, 324.763
3.31099, 747.561, -1076.72
3.76529, 397.531, -175.462
4.77654, -1736.27, 930.309
6.54472, -129.204, 36.2276
3.57624, 207.991, 145.448
3.75063, 203.085, 687.934
5.02978, 390.518, 531.311
6.27922, 78.8724, -208.664
5.66369, -526.018, -1242
5.9449, -1116.54, -708.072
7.27207, -759.002, -313.026
5.18713, 1510.77, -790.512
4.57014, 143.518, 725.641
4.70019, 363.811, 467.381
6.07821, -879.549, -1027.39
6.20858, -807.174, -983.689
5.12494, -1213.67, 1091.96
6.06711, 32.0384, -14.6456
5.91025, 7.41271, -19.4987
6.82941, 894.146, -711.932
3.19597, 777.96, 500.098
3.57766, 165.924, 1.10024
5.0733, -22.7256, -305.29
4.83766, 401.9, 470.878
3.55759, 899.406, -1175.29
5.65244, 696.05, -391.722
2.5044, 896.001, -1232.41
4.09589, -108.564, -1566.23
5.90281, 51.3745, 184.664
6.0446, -80.9101, -65.4422
2.90869, 117.027, 465.919
3.56926, 210.641, 81.5399
4.44412, 14.1823, -182.261
4.44927, -1520.21, -594.876
3.92018, 214.121, -14.8372
4.6123, 176.206, 129.589
2.55658, 650.743, 0.208355
3.72027, -1557.22, 818.508
4.49072, -411.559, -1374.79
6.64177, -61.2381, 237.696
3.78584, -558.532, 519.91
3.59705, -679.327, -395.82
6.47385, 402.674, 343.495
5.8476, -580.696, -240.025
5.49108, -228.451, -398.982
5.99917, 1151.45, 556.541
5.13062, 43.246, 152.627
4.14833, 136.024, -46.9932
3.30844, 1407.58, 214.019
6.56633, -118.632, -115.544
4.08004, 712.789, 353.367
4.05369, 174.874, -217.736
4.65424, -64.3847, 135.684
4.46509, 522.538, 22.5164
4.43916, 352.431, -381.189
4.34871, 142.739, -64.4783
5.88118, -455.419, -543.129
6.10384, 719.777, -52.1026
7.20082, -1013.39, 92.1552
5.08573, 107.168, 11.327
5.5282, 663.86, 564.555
5.85049, 741.63, -1065.15
5.11404, -364.283, 4.37173
3.87105, 81.3267, 249.393
7.08924, 371.51, 413.273
3.73367, 86.6122, -36.995
4.77876, -383.875, 515.588
3.30374, -100.929, -214.82
4.68319, -116.834, -322.692
7.45767, 298.988, -332.242
6.26931, 1027.39, -1253.49
4.97846, 134.197, -34.7849
7.01651, -7.58073, 20.8331
4.68213, 364.721, 166.986
5.09239, 946.86, -708.189
4.44866, -842.157, -1036.52
5.63431, 126.656, 94.1215
5.19331, 190.796, 36.7398
4.35955, 326.591, -307.057
2.54674, 138.27, -13.2197
6.3794, -129.301, -144.976
2.85317, -162.929, -149.308
3.98511, 152.664, -112.733
4.78581, 96.3427, -27.6216
3.25156, 232.148, 103.854
5.97819, 311.227, 452.284
4.15587, 411.922, -116.321
5.21197, -1015.39, 1720.84
2.64678, -1279.98, -360.722
5.38086, -212.656, -608.399
5.18133, 249.71, -104.544
7.36678, -626.876, 551.495
5.57063, -40.1492, 42.3117
5.26431, 900.454, -1246.93
6.69051, 39.527, 465.659
3.75764, 100.672, 594.197
6.98957, -58.6394, -101.121
5.97428, 475.137, -200.717
5.82752, 232.598, 1073.24
3.06838, 196.715, 360.661
3.37987, 327.149, -254.594
2.91253, -34.3246, 352.566
6.68103, -234.62, 683.289
2.64818, -416.782, 470.802
6.34719, 7.15373, -74.0052
4.29829, 220.71, -1291.17
6.24626, 870.169, -260.065
6.28385, -22.6097, 144.265
3.60834, 1115.87, -75.0545
5.58305, 78.9889, -31.5118
3.66846, -6.93962, -98.3236
6.22052, 124.254, -1230.06
5.80997, 275.243, 490.746
4.9209, -927.865, 1772.67
2.58972, -598.769, 145.652
4.98291, 66.1486, 482.906
5.09587, -105.213, 55.1823
4.71395, 666.831, 1157.38
4.14528, -1021.41, 151.87
3.52671, 184.901, -391.51
7.19863, -260.992, 838.525
2.85168, 894.903, 896.889
3.30042, -174.611, -415.426
6.70788, 6.00411, 180.405
4.13614, 283.838, 309.7
6.85942, 374.236, 560.687
5.99896, -313.875, -248.199
5.52801, -209.033, 165.851
4.77536, 414.558, 643.467
2.91543, 1071.29, 72.5864
3.94883, -1087.68, -791.163
6.51009, -378.586, -110.164
6.81821, 524.488, 623.351
3.81831, -1591.04, 157.231
4.79881, 169.639, -91.8892
4.95672, -31.2166, -127.523
5.82344, 636.083, -964.317
7.31738, 64.3846, -52.1432
7.23022, 45.3629, 31.4529
2.81902, 300.695, -615.129
5.04829, 169.138, -35.0407
6.13222, -29.1336, 24.551
5.65882, 162.577, 9.51682
3.26658, 64.1088, -381.801
5.09652, 666.342, 1153.23
3.52281, 1829.04, -650.092
6.03231, 97.6347, -161.129
6.05786, -226.807, 1923.3
3.66304, 200.337, 252.639
6.80594, -221.351, 43.6185
2.67122, -530.468, -579.526
6.26587, 37.4497, 455.508
4.14789, 268.654, 152.768
4.65309, 1600.24, -207.908
7.33455, 183.973, 344.257
4.05803, -825.428, -779.969
5.69762, -1889.53, 147.251
5.95386, -76.2838, 68.5862
5.36403, 5.67187, 163.423
6.60667, -1003.59, 1703.44
4.21807, -1197.31, 677.855
5.09387, -161.337, 91.837
6.78438, 787.174, -20.6539
6.18587, 732.341, 557.638
3.45992, 4.60956, 152.438
2.83145, -109.059, -43.1294
3.60828, -1427.4, 929.621
3.33656, -48.4818, -81.1714
6.31172, -14.6982, -33.762
5.44905, 426.923, -1054.33
4.65223, -1992.13, -283.044
7.09618, 949.047, -326.928
5.09668, -87.2851, 313.94
7.38058, -468.931, 239.823
5.15714, 287.352, 310.958
2.98716, -361.192, 1062.12
5.83983, 323.616, 461.931
5.44444, -397.026, 1080.23
5.01137, -13.4394, -40.9201
2.75808, 881.018, 74.2552
2.6753, 758.247, -397.179
4.41484, -94.3986, 29.5432
5.55555, -849.397, -1216.98
5.06574, -1984.24, -294.888
5.98498, 100.754, 93.2323
4.89891, 76.8066, -325.531
3.88323, -1870.09, -18.2197
6.01685, -44.4721, 1287.57
3.67701, 88.9182, 85.784
6.41501, 91.4237, -130.656
6.60589, 881.675, -381.426
3.21842, 988.015, 1151.83
5.75757, 642.379, -552.18
3.87677, 1.7289, 320.321
7.26215, 535.632, -616.362
4.58238, 43.1451, 17.8018
3.03869, 21.9517, 156.859
4.70633, -59.9327, -23.7121
6.28811, 28.0748, 105.954
2.77803, 677.234, 577.493
3.51241, 40.226, -92.8499
6.82305, -51.1371, 105.93
6.52456, 145.092, 67.8404
2.78861, 318.852, 1024.58
4.40304, -89.1687, 16.0638
4.56124, 265.662, 115.502
2.80071, -523.054, -113.155
7.09746, -715.532, -675.488
3.35398, 162.191, 3.87142
6.51634, -102.165, 106.105
3.88599, 342.46, 318.136
4.44586, 270.173, -141.672
7.19936, -984.271, -85.685
6.24573, 17.8008, 1250.81
3.44774, 926.003, -1252.2
6.89581, 84.3868, -4.98378
6.8953, 186.038, 20.7844
3.30515, 67.7187, -289.011
5.87346, -142.044, 106.682
6.89096, -38.3578, -173.91
6.98262, -501.146, 1313
3.06535, 104.527, 75.012
5.93789, 344.207, 584.001
3.21651, -164.392, -325.013
3.6901, 565.928, -226.51
5.64383, 918.157, -719.255
4.312, 446.454, 329.727
4.64437, -838.744, -755.256
4.91936, 664.635, -658.692
6.20379, -211.84, -489.436
3.23098, 672.171, -432.29
7.36238, -285.234, -114.186
7.3158, 128.346, -24.7205
3.14741, 777.998, -633.867
5.3784, -402.33, -325.919
4.66439, -322.494, -106.522
5.50066, 21.9952, -106.7
5.85098, -225.3, 35.5793
4.5137, -1258.83, -433.268
6.46691, -916.231, -713.385
4.89889, -1118.66, 871.719
5.72449, -682.979, 411.511
4.28836, 1708.87, -357.653
5.96794, -105.82, 576.726
5.83428, 202.892, 285.741
3.22071, 720.612, -413.921
7.10415, -87.2915, -55.2539
4.22228, 610.084, 1447.54
6.66824, -98.1219, -175.196
2.74349, 565.629, -119.259
3.27936, 472.84, -426.305
2.55765, 610.267, -261.908
3.94327, -59.7407, -37.5587
5.07295, 131.884, -209.472
3.65948, 205.454, -1420.27
2.75022, 152.576, -199.476
5.33091, -10.486, -70.4168
6.69774, 156.317, 203.189
4.28763, 478.723, 608.573
4.3452, 417.092, 397.894
7.22226, 478.782, 208.016
4.72425, -841.188, 417.482
6.82086, -6.31471, 152.699
5.82654, 315.569, -501.919
5.79297, -609.103, -233.594
7.10736, 1108.95, -806.224
5.11536, -1213.37, 1100.19
5.45229, -588.807, -387.326
5.79944, -241.948, -1215.33
4.24765, -919.694, 455.279
4.11714, 531.933, -134.793
7.08984, 411.748, 364.267
3.08619, -1453.5, 555.715
7.31268, 44.1501, -196.57
5.17978, 176.1, -14.0697
5.81447, -492.2, -155.284
5.48362, -1576.95, 681.01
6.93363, -374.673, 63.504
6.67999, -69.0732, -213.767
6.69339, 345.4, 492.488
6.85642, 148.506, -230.214
2.5002, 275.328, 965.055
4.77274, 96.4827, 413.088
4.25696, 1107.73, -112.751
5.80713, 1418.01, -1300.81
6.22234, 69.3445, -80.3058
3.3821, -460.106, -1481.56
7.4621, -644.31, 890.783
5.95466, 369.747, -281.708
6.97862, 227.1, 73.6603
3.51579, -443.7, -268.699
7.2356, 28.1094, 711.811
4.88476, -1536.16, 713.022
6.78578, -1430.85, 936.646
6.41237, -207.782, -530.021
5.70687, -1203.54, 1108.22
3.14521, -273.214, 649.548
5.77944, 184.766, -562.694
3.09199, -85.1151, 58.6952
3.88793, 1187.83, 107.223
6.65548, 299.228, 1209.5
6.14153, 1315.91, 1662.4
6.74348, 1398.66, -1042.48
3.43989, -192.728, -705.629
6.09602, -70.18, -332.945
4.25586, -308.303, 610.62
3.34555, 530.052, 801.658
4.52383, -1395.78, 232.644
4.20924, 249.867, 91.7543
6.67141, -3.89225, 88.9072
3.9111, -1061.56, -1720.07
5.16766, 872.743, 643.813
6.25085, -261.209, 253.46
4.62554, -31.5013, -29.4775
4.66964, 1083.65, -84.3386
3.03022, -1386.19, -557.919
6.4639, -321.245, -408.704
3.91232, -46.8567, -28.1175
7.14264, 1309.95, 1588.71
5.37926, 377.059, 407.686
3.4895, 222.826, -624.561
5.99081, 197.56, 256.998
3.07265, -422.236, -555.915
4.22945, 551.052, 691.566
4.15646, -10.1615, -461.515
6.42735, -1510.91, 729.79
6.65775, 358.341, 343.471
4.21712, 900.413, -487.811
4.2603, 324.014, 250.774
6.38197, -45.6632, -46.5029
6.58658, -470.774, -266.952
4.26157, -63.7352, 107.169
7.09559, -47.6535, -32.8753
3.2877, 694.649, 575.865
5.56029, 643.266, -578.16
5.54222, -39.9939, 1.07748
3.16647, 969.807, 1229.4
3.51409, 1147.87, 1673.79
4.79457, -284.635, 78.0997
3.48759, -610.763, 514.721
6.77118, -10.8936, 31.3707
6.54562, -523.724, -385.412
2.80131, 757.304, -901.275
6.50584, 587.411, -1615.51
5.49597, 19.5081, 148.527
7.43182, -90.5235, 28.0343
2.65919, -834.644, 81.8531
6.8356, -1059.24, 1296.09
3.69109, 61.681, 583.988
3.6127, 46.4767, -618.358
4.73907, 1966.37, 912.05
2.61231, 496.06, -200.234
6.79755, -82.7295, -48.4127
4.15902, 395.344, -1835.13
5.72195, -457.225, -237.747
7.43521, 528.278, -94.0645
5.30162, 321.023, -351.984
4.74553, -0.22937, -73.7824
5.213, -61.5896, 66.8041
2.90797, 302.182, 6.5788
3.99606, 1069.27, 986.291
6.63964, -1415.95, -328.248
6.48936, -1159.8, 337.856
5.71048, -52.3617, -73.1611
4.84105, -49.5685, -79.2196
7.15326, 398.797, 1104.47
5.08798, -485.571, -208.237
7.42924, -1443.19, 924.352
5.94567, -45.5348, 295.192
6.19966, 42.5893, -7.93297
3.46323, 879.093, 556.924
6.08881, 1163.56, -837.684
6.11146, 334.639, 615.826
6.49298, -150.067, 62.4854
4.23216, -1539.88, 216.554
5.1481, 223.414, 521.96
3.19001, 367.835, -725.804
6.73218, 33.8662, -52.4484
6.32766, 148.697, -47.4068
7.5, -1579.99, 682.839
4.24891, -2103.22, -819.962
5.50367, 993.98, -15.8833
3.50808, -46.4385, 1430.19
6.2385, -1208.2, 199.873
6.49225, 243.156, 458.85
3.03505, -258.615, 423.488
5.35813, -62.4298, -78.0365
2.84683, -1805.44, 651.343
4.16036, -65.3619, -89.7104
5.80945, 2.56969, 197.98
5.27726, 296.981, 1368.11
7.12415, 59.8592, -31.405
2.69832, 235.134, 848.986
2.62083, 802.221, 801.535
4.61923, 202.155, 199.755
4.36987, 164.37, 315.724
2.93303, 1037.75, 851.5
3.05403, 23.2251, -51.5164
5.31992, -1384.14, 144.746
7.37269, -95.8827, 56.6895
3.05066, 31.0429, -1446.11
5.99352, -1114.02, -1293.53
2.79674, 338.721, 999.395
4.69755, -98.9948, -107.316
5.24651, -625.421, -521.11
3.45129, 6.17355, -4.13515
7.36597, 163.838, -103.341
3.19593, 69.1286, -468.728
5.48978, -1156.21, 298.104
7.12812, 225.97, -838.116
3.91116, 200.159, 407.829
6.8307, 142.375, -35.2358
6.29598, 651.368, -742.85
6.10793, 169.327, -212.358
3.34241, 367.448, 586.514
3.32882, -248.535, -884.019
3.39076, 8.09471, -122.745
5.87226, 97.8466, -7.55943
4.83484, -225.196, 65.9994
6.85219, -63.0084, -87.278
5.76023, -205.458, -331.593
5.80464, -488.678, -149.09
2.58037, 35.2112, 161.263
4.30596, 1756.59, 1101.94
3.72747, 43.5599, -170.786
6.93086, 710.008, 794.603
5.23701, -2167.29, 21.7083
6.57209, -60.337, -182.072
5.24453, -546.464, -600.513
4.16156, 196.559, 177.058
4.40213, -695.614, -1159.98
2.52389, -590.392, -24.8982
6.95226, 258.154, 64.6383
6.16955, 467.701, -60.4175
6.04239, 389.454, 294.876
5.1278, 911.91, -883.669
6.41065, -157.098, 56.1711
3.42484, -86.5828, -114.444
5.72673, -42.2765, 4.64795
3.42178, -146.796, -167.441
3.31214, -949.341, 296.932
2.65594, 859.663, 193.114
7.42716, 9.74786, 118.018
4.04559, 8.96835, 29.7561
4.11075, -21.0774, 83.1176
5.51155, -60.2577, 36.3462
2.89107, 1539.3, -27.2772
3.93936, -32.8732, 182.484
5.79307, 704.533, -598.723
7.36348, 59.5232, -27.564
7.27758, 1209.4, 408.164
7.42745, -377.515, -82.0672
7.30478, -227.124, 33.2338
3.0073, -108.474, -76.1941
3.71505, -180.69, 15.0632
6.91151, 141.185, 23.3107
5.28805, 344.556, 426.529
6.7669, 109.864, 97.3915
7.49145, 800.95, -335.019
3.99751, -1283.92, 919.303
6.33157, -2348.23, -862.414
4.81901, -749.797, 65.6279
6.8168, 125.754, -38.0888
6.99018, 195.612, -20.3989
7.377, 56.1601, 141.132
2.77405, 12.8224, -66.8516
6.32605, -44.304, 196.053
5.09219, 839.227, -1051.64
3.46574, -12.3048, 534.236
6.98252, 205.105, -58.626
6.38492, -336.415, 299.326
2.75968, 265.222, -150.182
7.47331, 695.609, -1054.04
5.93659, 160.201, 146.827
5.94854, -494.325, -145.678
6.57666, 1121.19, -581.985
7.05426, -100.175, -80.1616
3.34218, 628.469, 1686.61
5.24183, 1141.95, -759.026
6.53351, -85.6419, -120.926
4.17803, 226.427, 330.022
5.53435, 151.942, -588.251
6.59602, 495.886, -1021.66
7.3485, -82.7237, -63.1513
6.29349, -7.93855, -212.079
3.72113, 132.764, -401.829
5.80589, -41.7642, -39.6926
4.21574, 602.122, 210.23
7.27146, 102.426, 95.2205
2.60828, 649.285, -1256.04
4.54979, 700.491, -362.171
2.55789, -526.815, 1208.04
3.04964, 65.0077, -139.252
5.28259, 607.33, -873.895
4.45466, 108.037, -30.9786
7.20539, -44.1914, -103.92
2.55572, -572.87, 128.18
6.22897, 81.4137, 563.497
3.84293, 279.632, 43.5787
4.27153, -163.368, 68.4414
3.45835, 1695.14, -1809.39
5.14832, -124.799, 51.6882
4.39478, -328.035, -1545.45
3.16407, 25.3417, -190.108
4.26563, 98.4856, 43.0933
4.2497, -1690.57, 771.003
7.41084, -1098.9, -721.436
5.25961, 262.915, 367.422
4.99918, -1074.21, -293.525
3.58531, 660.208, -986.236
4.37311, 332, -192.615
6.78251, 765.829, 598.556
6.45578, -869.091, 1555
3.9204, 1102.45, -1164.18
5.07645, 543.836, -582.707
6.79238, -62.7443, 65.1373
7.07844, 403.702, -381.039
7.48941, -827.436, -775.466
6.53177, -578.78, -479.919
5.22718, -95.5997, -319.925
7.3461, 296.125, -448.928
5.31931, -290.881, 203.258
4.03031, 681.318, -620.284
5.41853, 530.616, -143.919
2.91197, 32.6126, -285.661
5.47382, 279.791, -163.597
3.31968, 842.149, 1297.55
6.46527, 152.163, 427.005
2.95373, -634.989, 474.605
6.3072, 95.7078, -62.9568
6.83996, -0.726475, 145.183
6.40105, -33.0772, 111.44
6.61399, -1008.63, -427.076
6.70974, -136.18, -66.8836
4.48328, 727.86, 395.263
6.508, -56.0442, 37.4207
6.56811, 191.99, -38.4072
5.43493, 572.428, 965.563
4.64621, -6.62149, -82.9709
2.5002, 467.684, -630.985
5.31153, -18.5503, -253.664
6.22632, 378.43, 347.287
3.89846, 1233, 618.318
2.93406, -160.411, -1670.91
3.5733, -550.813, -96.96
3.93296, 34.95, 82.8952
4.86595, 562.149, -214.022
6.95893, -878.071, -710.831
5.91955, 177.391, -150.075
3.54376, -16.2479, 63.9438
6.67533, 100.299, 22.4591
7.09218, -550.615, -294.981
4.48244, 658.829, 111.279
6.37858, 370.367, 482.729
5.68161, -35.9198, -91.7957
6.64746, 131.87, 76.9005
3.40204, -193.284, -476.163
7.45927, -41.3976, 11.1095
6.70558, 407.671, -552.769
4.65177, -437.556, 345.94
4.38589, -558.742, 206.124
2.70802, -30.6338, -186.469
6.80715, -216.305, -227.594
6.62116, -1313.21, 967.534
6.25052, 296.871, 734.051
3.55801, 288.091, 42.403
4.31029, -72.9988, -152.383
4.43545, 188.71, 305.643
7.32918, -1265.61, -859.483
6.5872, 151.675, 154.549
4.5755, -685.772, 35.3888
5.83759, 181.858, 80.5668
2.52101, -1436.78, 1096.68
6.98048, -156.15, 60.6277
3.68416, 691.354, 500.32
3.79415, 64.2674, 58.803
5.4939, 375.263, -76.6677
6.89823, -878.789, 125.219
6.16299, 669.894, 151.686
6.0773, -765.097, -289.046
3.57724, 1932.86, -112.439
6.30413, -1502.67, 1048.14
3.85351, 2.77714, 52.1405
2.75246, -44.7351, -85.2741
4.78866, 231.882, -90.1368
2.58759, 441.886, -44.0705
3.01129, 1579.31, -1144.61
2.639, -507.126, 192.953
5.65921, -72.1846, -61.9273
6.34425, -11.154, -31.433
2.74132, -734.08, -432.031
6.6924, -127.606, -93.7453
6.76899, -7.15509, -102.01
6.57649, 675.721, -549.548
6.85188, -116.706, -1330.97
5.27222, 16.7876, -42.2456
6.12646, 40.6905, 933.987
3.20424, -1615.68, 952.662
6.6115, 115.831, 6.18822
5.51185, -854.913, -1217.09
4.93856, 138.787, -93.5677
6.14942, 170.061, 227.65
4.05164, -1038.15, 525.148
3.93925, 225.791, -483.206
5.45857, 925.923, -1168.84
5.34055, -1245.43, 462.484
5.41059, 1347.27, 690.967
2.84132, 417.379, -783.757
4.34304, -803.382, 381.772
6.28475, 13.4662, -50.2252
6.35297, 782.846, 1116.08
4.27217, 121.103, -43.2327
5.98913, 16.7866, 6.89404
5.08005, 1014.92, 560.658
5.94494, -45.9291, -115.591
6.18066, -1038.13, -874.103
2.56231, -1025.42, -860.317
7.16549, -104.448, -15.2623
5.37826, -572.392, -289.017
3.05587, -407.721, -303.747
4.87388, 93.4568, 47.1228
3.24247, -112.565, 9.29467
4.22594, -2625.16, -647.67
7.04476, -328.279, -280.887
4.54571, 1114.12, -570.607
5.96642, -67.5649, -24.1775
3.35865, 4.89591, -95.748
6.21715, -1286.3, 592.129
4.16319, -48.9989, -88.5653
4.62157, -108.905, 29.1504
2.79523, 441.667, -409.128
5.09005, 284.723, 381.463
5.94425, -68.8115, -557.74
5.01149, 54.8453, -79.3036
6.56617, -68.9061, -291.453
3.07974, -83.626, -186.677
5.24841, 415.76, 522.446
5.06046, -133.78, -89.4908
6.02649, -914.579, -715.682
5.65083, 29.9073, 4.62153
4.0207, 32.448, -4.28889
6.74719, -27.9505, -85.4692
3.39619, 526.559, -973.126
2.61737, -110.816, -67.4233
4.19467, 316.703, -243.304
3.43818, -761.931, -806.039
6.60467, 190.345, -217.928
6.72507, 12.3449, 1219.41
6.78031, -1096.8, 734.603
7.37454, 369.747, -155.407
2.99587, 206.376, -250.998
2.56182, -997.834, -945.168
2.58614, 156.092, -948.845
2.64527, 110.287, 8.11763
4.1031, -962.209, -947.624
6.17815, -1029.69, 542.929
3.14876, 218.919, 248.197
2.5161, 269.19, -286.698
6.91905, 184.099, -164.764
3.70482, 223.434, -555.742
4.38481, -54.8708, 24.4428
4.44879, -52.6032, -162.508
2.81534, 985.148, 417.391
7.30792, 490.91, 228.085
3.75349, 476.382, -223.388
6.85376, -2.04074, -174.253
2.85991, 725.894, -1048.8
2.70653, 533.041, -766.354
3.46378, -44.498, 99.3002
3.86708, -434.388, -1075.26
7.4007, 42.3315, -18.1999
3.60607, 312, -1574.84
6.43119, 731.174, -1068.37
4.42306, 146.623, 4.11368
3.78593, -1125, 1011.06
3.91087, -205.942, 365.011
7.33834, 92.0569, -319.68
4.22841, -18.1891, -237.753
3.45922, -117.034, 55.057
5.05037, 57.5983, -79.3586
5.21857, 430.59, -1414.85
5.72333, -10.7729, 149.618
3.89738, 614.683, -564.121
3.41887, -318.635, -547.83
2.71579, 934.575, -1138.21
3.98408, 11.1666, -131.856
4.25548, 930.843, 94.201
7.09372, 592.441, -214.378
5.81225, 5.51022, 83.8806
5.08041, -864.012, -737.596
4.03763, -469.053, -71.6281
3.0007, 825.117, 796.22
3.47502, 24.2433, -310.034
4.11407, 1010.01, 1260.3
5.56182, -169.689, 234.735
5.13511, -293.573, 168.685
3.45653, -405.843, 939.297
4.7178, 1821.38, 1013.65
4.48693, 1972, -388.096
6.28051, 167.412, -54.3312
6.6213, 166.331, 141.752
5.51573, -256.07, -641.561
3.04573, -100.896, 128.141
4.11797, 973.097, -115.638
5.03403, -58.2327, 38.739
4.76521, 440.044, 697.528
4.77315, -87.8367, -3.8153
4.91125, -31.0244, -9.53922
5.07896, -1619.18, 305.749
4.50207, -705.125, -999.71
4.22945, -496.278, -137.565
6.64533, 175.751, -269.384
3.02204, 1140.66, -53.2472
6.40057, 241.163, 208.783
3.19919, -17.2629, 115.534
2.62171, 1147.55, 1432.72
6.0664, 49.5181, -258.113
7.15538, 118.042, 45.1102
7.47667, -140.296, -15.324
3.86264, 17.0481, -39.7421
3.6923, -638.566, 571.651
3.87328, -114.643, -952.782
5.70836, 244.453, 310.81
5.17637, -46.483, -64.3396
6.8967, -1012.74, 1559.59
6.75968, 97.5228, 265.792
2.98004, -193.767, 512.89
4.66818, -246.579, -100.406
3.17045, -86.841, -88.5066
5.86802, 42.6343, 24.2595
5.34964, -354.955, -141.531
3.66474, 159.78, -862.172
5.50306, -43.6891, 54.4897
2.6551, -87.8255, -425.626
7.08512, -177.778, 81.5709
3.82958, 655.392, 235.188
6.50016, -53.9023, 18.4097
5.46389, 80.2652, 30.7467
5.0822, -39.6587, 7.27244
5.2567, 85.7208, -46.4571
3.47225, 33.6383, -315.983
5.36152, -855.833, -452.297
3.81992, -275.989, 1600.09
4.41648, 692.317, -1637.61
2.73626, -232.652, -155.506
4.22823, 72.0512, -186.831
3.61594, -1123.4, 2227.69
3.81264, 64.7224, 6.14867
3.05141, -49.2203, 32.6098
7.40088, 141.505, -286.963
5.93794, -757.304, -284.951
5.82158, 63.3323, -51.4763
5.99501, -11.595, -104.124
2.68746, -129.252, -32.9964
3.6706, -51.8348, -97.0597
3.95397, -1498.41, -2273.28
3.50543, 28.5367, -69.4632
2.7177, -913.254, 1068.92
2.56571, 637.951, -576.518
6.07297, 1831.52, -650.533
6.88348, -164.483, -138.042
5.35088, 581.492, -1137.6
6.92743, -742.71, -757.346
5.20042, 89.9126, -211.519
3.31357, -811.925, 502.524
3.30492, -802.63, -939.424
7.19182, -74.8171, 17.2216
3.45628, 144.113, -438.635
3.15761, -1046.55, 276.721
4.41122, 290.908, -461.878
6.12674, -407.574, 1090.75
2.50651, -1982.07, -293.141
4.60222, 1358.8, -868.861
5.18984, 626.461, 127.604
4.86596, -98.5489, 445.191
6.33003, 398.086, 55.6904
2.9396, 709.695, 67.2912
7.04284, 265.334, 389.074
3.20818, 430.993, 46.4901
2.54782, -102.898, -20.2208
2.82267, -120.889, -73.4584
4.96742, 405.265, 330.975
5.40914, -2.61643, 179.571
4.03373, 1087.02, -2020.62
4.57091, -51.6236, 310.623
4.33401, -254.24, -295.473
3.42687, 43.6219, -1282.63
2.76788, -674.617, -969.2
4.47222, -101.632, -1.75591
3.98388, 594.359, 567.246
5.05388, 206.205, 246.494
3.75392, 711.371, -1320.52
5.01589, 227.345, -387.845
2.51168, 833.385, -68.3638
7.01807, -1582.59, 676.142
2.79181, 1238.26, 1118.52
5.17506, 27.1906, 1043.98
3.95754, 1159.94, -513.984
7.3023, -2.14223, -199.239
4.73406, -1247.59, -681.95
5.08479, -85.2789, 11.1416
5.93861, -318.739, -524.876
2.72187, 68.6156, -29.7353
7.2946, 1252.73, -1013.9
5.70852, 75.4924, 348.206
2.80215, 197.718, -175.094
3.33964, 20.7073, 146.227
5.76491, 149.477, 208.183
6.19864, 273.428, 967.262
3.57011, 349.668, -453.035
4.31441, 6.22504, -792.092
6.56981, 700.715, -390.798
5.32057, 45.783, -59.8147
7.45886, -79.3277, 85.0233
6.5669, -152.068, 51.1018
3.49157, 945.799, -1390.07
2.50003, 55.705, -38.2086
4.62608, -1064.71, 1305.49
4.07406, 880.483, 387.029
5.56218, -1291.97, 186.532
3.83351, 80.1543, 44.9157
4.39881, -260.056, -410.338
5.43397, -252.451, -644.329
5.95636, -160.195, 367.731
7.26736, 45.5236, -19.371
4.89785, 157.937, -482.45
3.60319, -672.906, 405.32
5.33741, -235.845, -87.0672
6.09873, -30.2714, 75.9666
4.4953, 1088.73, -285.602
3.48326, 786.46, -428.798
6.66971, -104.285, 168
5.59561, 688.208, -198.298
7.26866, 90.0697, 229.833
3.23222, 633.136, 622.539
5.38953, -76.1809, -21.3633
7.26796, -42.7908, -253.634
3.62331, -1528.55, 829.412
7.25137, -107.429, -17.4039
3.07874, 673.594, -217.021
2.58372, 9.03619, -244.033
3.90465, -3.9458, -467.494
7.15042, -148.452, 218.54
3.04796, -942.001, -322.504
6.77266, 255.035, 206.4
5.68532, -122.762, -286.781
5.63853, 28.5468, -215.766
3.80589, -217.838, 652.609
5.13936, 605.41, -562.36
7.16608, 61.4028, 209.644
3.98055, 290.648, -203.665
4.78006, -278.765, -183.786
6.35659, -105.694, 1326.89
4.17193, -569.456, -1614.1
6.31775, -10.4335, -77.9972
6.65892, -913.025, 592.036
2.64618, 971.366, -762.441
4.31315, 197.578, -379.035
4.16221, -31.5971, 559.803
3.17675, -109.427, -183.455
3.00839, 396.984, -1268.73
5.11327, 471.079, 185.071
3.52046, -41.6784, 65.3122
5.00728, -186.793, -362.408
5.1371, -1417.34, 686.65
4.13422, -162.365, 13.8762
4.75888, 152.001, -265.438
6.85263, -209.994, -27.8212
4.72884, 70.7297, -18.7284
6.03726, 74.8794, -337.481
6.83171, -921.407, 267.995
6.5822, -109.265, 15.2316
2.67504, -981.814, -450.978
3.8644, -56.6733, 1043.29
5.21858, 321.052, -43.2886
3.19942, -345.956, 98.551
5.57408, -21.8796, -81.5662
3.29182, 208.235, -577.165
4.41129, 486.623, -157.163
5.94997, 186.297, 209.416
3.21128, 1431.71, -114.665
5.65284, -71.5548, -24.2727
3.15973, -874.3, -961.168
7.13583, -117.539, -80.7199
5.53465, 1430.93, -2215.72
5.50388, 693.666, -480.299
3.33635, -73.6952, -126.875
3.301, 294.068, 195.169
5.91628, -100.786, -52.3673
5.1456, 59.716, -316.654
3.65264, -922.982, 222.79
6.55373, -83.9611, -102.365
5.76477, 18.5932, -148.883
4.08597, -215.457, 275.5
2.53953, -152.738, 59.5712
3.49176, -110.547, -931.124
3.78831, -336.477, 584.559
3.03825, 397.392, -254.647
3.49545, -696.804, 73.6986
6.75079, -1587.51, 851.177
6.63912, -136.537, -96.4732
6.76813, 96.5245, 270.355
5.71027, -173.196, 33.6219
3.6787, -1013.45, 1010.94
6.80638, -43.791, -88.6895
5.4745, -224.891, 673.372
2.52745, -894.232, -910.799
6.84925, 274.637, 494.786
7.37729, 403.297, 338.369
5.59653, -911.19, -718.681
3.85574, 313.086, -215.834
7.46973, -66.2279, -1.08425
4.60751, -569.297, 399.567
4.20537, 372.994, 559.184
4.80717, 152.591, -215.876
4.44822, -411.504, -1181.51
4.613, -1573.9, -376.744
2.84879, -96.7734, 18.4278
5.5153, -18.3033, -89.8048
7.36114, 119.408, -134.42
5.07406, -87.4584, -51.4696
7.45461, 59.6975, -33.4488
5.84906, -654.04, -1766.91
4.01716, -456.778, -8.09149
3.47371, -761.419, -289.972
4.0109, -271.889, -245.318
4.93946, 95.0213, 48.2885
4.72438, -407.332, -295.194
5.7844, -47.1626, 113.301
3.74227, 1755.84, 1100.74
4.72007, -780.305, -766.32
5.75894, -2.37345, -169.14
6.67472, 375.522, -253.383
6.03698, 392.411, 207.966
4.93928, 101.544, -178.292
6.72039, 505.038, 390.368
7.00296, -72.0732, -54.693
6.33082, -190.725, 314.182
5.29453, -852.358, -315.713
2.70603, 775.745, 99.2222
5.46749, 515.009, -551.101
2.68674, 252.112, -1314.78
4.53488, -117.86, -80.3899
2.84243, 141.58, -395.901
7.38558, 167.326, -24.2432
2.5956, 1054.44, 1140.75
6.60363, -68.2994, -43.4145
5.2195, 1316.18, -840.157
5.72828, -20.874, 240.009
3.62934, -188.361, 163.577
2.733, -142.381, 771.609
3.63154, -94.9125, 105.013
4.58371, 401.985, -805.463
6.40126, -102.481, -286.324
3.72852, 492.969, -1019.61
4.81411, 9.71387, -67.7875
6.14756, 213.738, -541.768
5.35237, 1528.47, -287.8
5.45997, -425.84, -721.928
4.98425, -61.4921, -186.626
3.951, 6.60829, 86.1564
4.71107, -164.185, 38.6938
2.53669, -801.365, 1633.58
7.41683, 14.3867, 80.3847
2.52822, -259.813, -227.671
4.8676, 401.116, 483.165
5.86497, 1133.44, 1777.75
