6.27803, -1971.57, 1040.62
3.5948, 189.436, 1295.87
5.89648, 870.744, -325.249
5.09708, 145.9, 254.186
2.76731, 3383.47, -3544.96
2.53849, -769.552, 810.815
4.58743, 4771.55, 2796.39
7.15218, 233.79, 114.519
2.95982, -441.168, 773.602
6.00595, 683.846, 454.886
3.81226, 26.0474, -28.4947
4.14117, 120.435, -280.693
7.45519, -262.188, -131.297
7.41275, 183.219, -157.707
5.75759, 818.546, 163.525
6.92354, 170.116, -33.3463
6.33247, 23.1407, -174.513
3.87453, -1540.02, -372.48
4.93259, -876.337, -687.535
2.80282, -4264.25, 920.471
5.08146, 222.951, 35.2818
4.96988, -3050.33, 1057.5
7.23882, -78.7447, 235.106
4.42071, -1.981, 39.3639
5.14874, -2420.99, 697.007
2.75042, -307.979, 3095.34
6.63909, -244.144, -26.9384
5.94228, -636.39, -330.834
6.18112, -326.905, -200.099
6.94286, -2380.17, -2216.83
4.25508, -31.6078, 399.996
6.72991, 115.848, 26.1055
3.84659, -267.564, -349.528
4.83959, 223.172, -229.513
3.2686, -163.641, 144.575
2.66527, 327.294, 436.894
7.2768, -1249.39, -876.698
6.95369, 118.654, -408.425
3.29884, -1070.48, 174.007
3.15214, -375.775, -32.2254
2.515, 1979.83, -307.897
6.0491, -17.7425, -348.845
3.40448, 1245.43, 148.18
5.76029, 249.167, -187.65
4.42907, 512.943, 393.203
3.23766, 994.132, 1277.44
5.45054, 88.1501, -52.7272
3.24076, 1932.58, -966.914
3.2091, -1639.57, -1076.12
4.94257, 519.762, 169.287
3.13015, -832.66, -300.287
5.64635, -557.011, 212.461
5.60817, 116.916, -243.825
4.88216, 2161.81, -2991.88
2.64188, 573.174, 751.885
3.21011, 2664.88, -478.302
3.15594, 148.02, -60.7222
3.31099, 1112.34, -1661.11
3.76529, -678.018, 88.276
4.77654, -3042.85, 1604.89
6.54472, 166.477, 287.746
3.57624, -32.4039, -266.062
3.75063, 368.1, 11.0624
5.02978, -215.444, -517.292
6.27922, 78.9253, 20.1626
5.66369, -1011.1, -2232.65
5.9449, -1737.5, -1164.29
7.27207, -419.008, -39.8468
5.18713, 3042.3, -1551.29
4.57014, 76.6143, -329.363
4.70019, -191.663, -301.627
6.07821, -1313.28, -1512.03
6.20858, -1652.92, -1435.99
5.12494, -2135.76, 1808.04
6.06711, 24.2631, 81.4316
5.91025, 70.826, 182.407
6.82941, 1502.31, -1135.63
3.19597, 796.803, 1210.55
3.57766, -294.926, -41.1384
5.0733, 502.639, 1068.69
4.83766, 25.3226, -186.939
3.55759, 2196.24, -2283.22
5.65244, 594.752, -378.506
2.5044, 1793.68, -2557.26
4.09589, -402.061, -2161.95
5.90281, 59.8214, 30.6996
6.0446, 311.361, -133.596
2.90869, 546.847, 435.662
3.56926, -734.311, -149.503
4.44412, 398.202, -158.561
4.44927, -2578.37, -923.48
3.92018, -80.0372, -302.294
4.6123, 170.415, 77.4498
2.55658, -486.314, 3.09544
3.72027, -3197.78, 1700.82
4.49072, -1098.74, -2370.36
6.64177, -441.794, -239.994
3.78584, -443.981, 691.986
3.59705, -1140.96, -87.4987
6.47385, 166.463, -84.7523
5.8476, -552.737, 166.457
5.49108, 316.711, -239.606
5.99917, 1838.94, 1068.3
5.13062, 82.8744, -75.6293
4.14833, 145.067, 303.612
3.30844, 3279.07, 554.145
6.56633, 166.203, 27.1793
4.08004, 608.769, 524.777
4.05369, -429.879, 84.5611
4.65424, 182.258, -10.4431
4.46509, -234.039, 291.985
4.43916, -114.63, 162.322
4.34871, -142.099, 655.34
5.88118, 53.5811, -135.037
6.10384, 730.539, -187.457
7.20082, -1693.34, 451.497
5.08573, 196.238, 62.0788
5.5282, 688.429, 447.691
5.85049, 1117.43, -1667.85
5.11404, 114.647, -157.866
3.87105, 328.012, -610.284
7.08924, 167.186, -87.9553
3.73367, -102.791, -41.2106
4.77876, 83.3008, 890.593
3.30374, 292.447, 68.4098
4.68319, 113.372, -94.4698
7.45767, 239.23, 194.14
6.26931, 2179.81, -2341.75
4.97846, 151.168, 170.046
7.01651, 161.062, -73.9466
4.68213, -669.815, 7.35868
5.09239, 1465.1, -1255.45
4.44866, -1276.99, -1892.3
5.63431, 303.208, 80.9982
5.19331, 158.187, 71.2693
4.35955, -175.783, 411.326
2.54674, -33.1506, 371.289
6.3794, -24.4113, -187.671
2.85317, -169.038, -238.168
3.98511, 128.01, 586.547
4.78581, -72.1411, -210.957
3.25156, 181.42, 48.9012
5.97819, 71.5286, 135.392
4.15587, -130.26, -233.142
5.21197, -1944.2, 3410.03
2.64678, -2195.95, -1088.4
5.38086, 255.355, -212.641
5.18133, -4.36611, -185.403
7.36678, -647.865, 226.409
5.57063, 103.742, -14.7972
5.26431, 1595.86, -2606.6
6.69051, 958.82, 370.897
3.75764, 63.676, 10.5638
6.98957, 38.9645, -185.982
5.97428, -246.045, 126.674
5.82752, -51.3512, 1694.88
3.06838, 217.452, -18.0052
3.37987, -621.714, -762.044
2.91253, -789.709, 1442.52
6.68103, 104.748, 493.531
2.64818, -190.814, 1943.91
6.34719, 314.503, -133.72
4.29829, 252.737, -2258.24
6.24626, 881.335, -54.6106
6.28385, 3.00877, 51.2409
3.60834, 1914.97, -654.624
5.58305, 263.238, 86.07
3.66846, -578.852, 91.5561
6.22052, 53.8846, -2213.1
5.80997, -362.198, -615.782
4.9209, -1971.38, 3508.11
2.58972, 417.259, -262.368
4.98291, 78.8095, -275.556
5.09587, -57.8905, 141.945
4.71395, 713.829, 2103.58
4.14528, -1675.62, 720.048
3.52671, 105.509, 14.614
7.19863, -172.846, 1253.87
2.85168, 1056.59, 1803.42
3.30042, 284.408, 82.1432
6.70788, 330.15, -726.607
4.13614, 117.034, -430.233
6.85942, 948.669, 276.722
5.99896, 136.665, 109.471
5.52801, 105.364, 309.638
4.77536, 47.1632, 434.427
2.91543, 935.253, 678.419
3.94883, -2081.69, -854.813
6.51009, 28.1674, 69.905
6.81821, 310.306, 682.173
3.81831, -2835.52, 222.264
4.79881, -569.956, -100.754
4.95672, -47.7897, -172.26
5.82344, 1065.99, -1740.47
7.31738, 192.433, 102.668
7.23022, 443.358, 210.458
2.81902, 1170.01, -490.906
5.04829, -803.979, -294.065
6.13222, -22.1326, 40.1714
5.65882, 40.3067, 82.0083
3.26658, -116.369, 165.807
5.09652, 712.506, 2100.11
3.52281, 3437.33, -1135.96
6.03231, 0.734738, -10.843
6.05786, -626.052, 3641.13
3.66304, 210.372, -558.699
6.80594, 384.306, 24.1703
2.67122, -901.125, -100.366
6.26587, -117.57, -126.369
4.14789, -233.47, -247.805
4.65309, 3051.78, -665.951
7.33455, 35.5134, -152.698
4.05803, -1327.2, -1187.26
5.69762, -3591.65, 23.9833
5.95386, -16.4752, 41.1572
5.36403, 432.257, -414.822
6.60667, -1934.56, 3418.48
4.21807, -2243.15, 1005.99
5.09387, 207.515, -434.813
6.78438, 649.692, -240.985
6.18587, 719.653, 987.208
3.45992, -419.667, 134.962
2.83145, 14.079, 81.1628
3.60828, -2640.78, 1657.13
3.33656, 203.294, 56.7975
6.31172, 125.2, 136.573
5.44905, 1000.09, -1543.8
4.65223, -3733.46, -370.246
7.09618, 1509.53, -255.11
5.09668, -269.007, -857.723
7.38058, 376.552, -125.391
5.15714, 117.096, -435.596
2.98716, -810.493, 1098.67
5.83983, -175.239, -298.558
5.44444, -526.422, 1869.39
5.01137, 431.002, 30.6003
2.75808, 914.74, 790.39
2.6753, 432.572, -490.407
4.41484, 309.592, 54.2788
5.55555, -1609.69, -2008.55
5.06574, -3737.3, -365.94
5.98498, 178.895, -214.392
4.89891, -111.894, 47.407
3.88323, -3683.39, 74.0732
6.01685, -138.8, 2043.57
3.67701, 293.2, 21.4227
6.41501, 354.416, 12.9355
6.60589, 1240.92, -13.4563
3.21842, 2235.77, 2122.34
5.75757, 552.58, -337.274
3.87677, -158.134, -974.401
7.26215, 1607.53, -973.666
4.58238, -14.7344, 18.0289
3.03869, -410.866, -352.029
4.70633, 179.44, 128.683
6.28811, 258.822, 164.442
2.77803, 690.967, 280.951
3.51241, 60.5562, 107.065
6.82305, 262.836, 4.20398
6.52456, -200.269, 76.1267
2.78861, 429.979, 1549.15
4.40304, 157.383, -26.3235
4.56124, -294.068, -476.202
2.80071, 626.216, -17.6422
7.09746, -1039.66, -972.572
3.35398, -222.922, -111.13
6.51634, 249.002, -54.7285
3.88599, 584.669, -277.505
4.44586, 10.7453, 105.507
7.19936, -1471.06, 427.898
6.24573, 68.9285, 2021.54
3.44774, 2314.92, -2568.24
6.89581, 292.265, -60.2003
6.8953, 149.029, 37.2251
3.30515, -91.2554, -73.493
5.87346, 877.907, 231.621
6.89096, 48.4901, -95.838
6.98262, -630.16, 2446.59
3.06535, 171.442, 154.452
5.93789, -295.087, -401.642
3.21651, 551.366, 121.549
3.6901, 726.407, -135.005
5.64383, 1948.02, -1322.25
4.312, -70.468, -335.436
4.64437, -1383.24, -1231.91
4.91936, 1177.84, -1272.43
6.20379, 90.9549, 400.805
3.23098, 209.908, -443.105
7.36238, 121.556, -6.81476
7.3158, 159.92, 57.2838
3.14741, 1768.76, -1264.86
5.3784, 471.385, -1.65637
4.66439, 571.132, -41.851
5.50066, 186.177, -185.056
5.85098, -47.0247, 201.975
4.5137, -2136.7, -688.06
6.46691, -1314.31, -1153.56
4.89889, -2235.58, 1324.99
5.72449, -735.737, 678.302
4.28836, 3469.95, -594.153
5.96794, 161.307, 207.772
5.83428, -300.415, -499.072
3.22071, 650.879, -388.584
7.10415, 284.146, -58.2459
4.22228, 868.187, 2584.98
6.66824, 83.1956, -64.8688
2.74349, 368.26, 311.205
3.27936, 892.052, -1320.74
2.55765, -18.4298, 22.8531
3.94327, 241.868, 79.4754
5.07295, 362.363, -199.188
3.65948, 589.837, -2418.1
2.75022, 217.048, 609.936
5.33091, 276.247, -20.1286
6.69774, -324.386, -123.237
4.28763, -122.432, -235.756
4.3452, -109.733, -277.319
7.22226, -105.363, 34.2403
4.72425, -1381.85, 304.678
6.82086, -22.2519, 74.3128
5.82654, -79.4059, 509.718
5.79297, 17.4809, 300.584
7.10736, 1890.25, -1418.97
5.11536, -2124.01, 1807.73
5.45229, 154.946, -340.602
5.79944, -290.932, -1950.97
4.24765, -1381.96, 855.258
4.11714, 399.245, -464.558
7.08984, -108.81, -258.914
3.08619, -3017.09, 1043.81
7.31268, 394.006, 36.0152
5.17978, 143.124, 213.7
5.81447, 684.14, 150.63
5.48362, -3134.88, 1420.23
6.93363, -453.176, -867.289
6.67999, 33.9215, -236.743
6.69339, -105.182, -213.724
6.85642, -128.081, -114.566
2.5002, -4.62733, 1651.03
4.77274, -315.544, -1148.06
4.25696, 1578.37, 14.4835
5.80713, 2986.51, -2423.95
6.22234, 486.022, -319.665
3.3821, -709.706, -2768.16
7.4621, -1001, 1264.86
5.95466, -497.923, 157.614
6.97862, 30.6082, 39.1955
3.51579, -1113.01, -272.36
7.2356, -290.032, 389.799
4.88476, -2916.89, 1534.95
6.78578, -2640.72, 1654.26
6.41237, 320.215, 309.895
5.70687, -2080.35, 2002.01
3.14521, 51.1192, 891.359
5.77944, -142.16, 116.002
3.09199, 5.55426, 86.7045
3.88793, 1969.91, 396.176
6.65548, 275.402, 1904.88
6.14153, 2423.25, 3093.92
6.74348, 2693.23, -2008.26
3.43989, -713.209, -626.441
6.09602, 279.279, 245.19
4.25586, 26.1227, 513.998
3.34555, 335.945, 534.321
4.52383, -2831.51, 376.168
4.20924, 119.951, -55.0613
6.67141, 109.801, 237.243
3.9111, -2139.79, -3468.25
5.16766, 2132.17, 1332.5
6.25085, 542.314, -934.228
4.62554, -29.7576, -70.7691
4.66964, 1357.56, -42.2401
3.03022, -2351.73, -1399.14
6.4639, -339.722, -209.891
3.91232, 4.23546, 268.522
7.14264, 2425.41, 3450.06
5.37926, 139.936, -250.657
3.4895, 594.469, -184.677
5.99081, -434.099, -320.393
3.07265, -669.858, -376.944
4.22945, 282.319, 802.525
4.15646, 115.725, 191.211
6.42735, -3123.15, 1394.96
6.65775, -2.19441, -79.8851
4.21712, 993.293, -473.542
4.2603, -14.8432, 11.5578
6.38197, 191.865, -40.7481
6.58658, 660.116, -51.4714
4.26157, -127.675, 102.639
7.09559, 179.21, -50.274
3.2877, 616.39, 581.234
5.56029, 920.786, -333.282
5.54222, 28.8708, 60.3295
3.16647, 1829.02, 2020.96
3.51409, 2206.87, 3097.76
4.79457, 350.13, -38.424
3.48759, -706.485, 1089.64
6.77118, 84.1871, -125.017
6.54562, -441.173, -528.733
2.80131, 1536.91, -1251.93
6.50584, 1020.07, -2931.75
5.49597, -9.91404, 103.37
7.43182, 278.252, -111.504
2.65919, -1003.91, 266.284
6.8356, -1953.84, 2372.99
3.69109, 301.677, -57.7854
3.6127, 370.152, 328.911
4.73907, 3850.46, 1788.99
2.61231, -194.538, 101.028
6.79755, 79.3208, -37.1925
4.15902, 430.529, -2782.48
5.72195, 408.493, -19.5414
7.43521, -452.153, -51.6976
5.30162, -22.1344, -50.5976
4.74553, 8.72431, 26.4525
5.213, -217.078, 86.9749
2.90797, -65.0227, 51.642
3.99606, 1321.1, 1816.13
6.63964, -2392.43, -475.029
6.48936, -2409.7, 927.924
5.71048, 206.933, -112.403
4.84105, 246.002, -187.908
7.15326, 548.848, 1613.54
5.08798, -500.336, 33.5106
7.42924, -2537.11, 1624.84
5.94567, 49.2003, -191.479
6.19966, 240.506, -98.8148
3.46323, 1173.67, 1020.88
6.08881, 1830.5, -1232.88
6.11146, 965.827, 509.201
6.49298, 314.942, -316.187
4.23216, -2978.37, 263.424
5.1481, -268.082, -174.339
3.19001, 935.676, -805.915
6.73218, 192.359, 45.9057
6.32766, -689.962, -372.975
7.5, -3096.51, 1410.03
4.24891, -4268.05, -1475.37
5.50367, 1114.85, 24.0386
3.50808, -227.119, 2294.26
6.2385, -2213.7, 343.591
6.49225, -130.92, -297.512
3.03505, 16.4406, -579.019
5.35813, 184.404, -1.86054
2.84683, -3130.73, 1083.86
4.16036, 84.6233, 34.1034
5.80945, 213.935, 86.2908
5.27726, 359.762, 2426.73
7.12415, 76.2874, 30.5675
2.69832, 235.983, 1729.62
2.62083, 973.307, 1071.16
4.61923, 196.222, -76.6447
4.36987, -549.011, -219.785
2.93303, 2034.81, 1945.89
3.05403, 296.311, 260.459
5.31992, -2774.83, 110.664
7.37269, 26.5501, 25.0391
3.05066, -4.08925, -2437
5.99352, -1913.97, -2137.74
2.79674, 288.028, 1186.76
4.69755, 77.0569, 47.1867
5.24651, -105.456, -149.761
3.45129, 308.168, 94.2876
7.36597, -90.772, 6.02027
3.19593, -23.366, 75.5842
5.48978, -1971.68, 304.76
7.12812, 242.424, -615.876
3.91116, 228.519, -50.4626
6.8307, 30.4809, 441.379
6.29598, 879.687, -1145.22
6.10793, 5.39166, -303.564
3.34241, -52.8039, -404.793
3.32882, 387.996, -1583.37
3.39076, -43.7749, -9.46633
5.87226, -115.278, 48.0277
4.83484, -13.1774, 88.6847
6.85219, 125.552, -126.773
5.76023, 472.598, -10.2677
5.80464, 691.954, 157.975
2.58037, -28.9407, 469.151
4.30596, 3333.68, 1965.87
3.72747, 235.908, -575.453
6.93086, 650.912, 961.157
5.23701, -4177.68, 64.81
6.57209, 145.572, -24.0351
5.24453, -890.085, -257.46
4.16156, -327.723, 142.596
4.40213, -1181.4, -2053.84
2.52389, 163.438, -63.2033
6.95226, 224.949, 109.783
6.16955, -152.363, -97.1058
6.04239, -405.552, 71.1659
5.1278, 1402.41, -1689.34
6.41065, 217.49, -515.236
3.42484, 204.478, -150.484
5.72673, -15.9379, 57.8481
3.42178, -24.9565, -34.7056
3.31214, -1165.96, 538.617
2.65594, 1189.87, 858.667
7.42716, 74.5689, 26.1177
4.04559, 142.006, -85.5983
4.11075, -168.802, 20.6501
5.51155, 117.656, 154.294
2.89107, 3070.11, -417.984
3.93936, -10.2195, -0.353908
5.79307, 510.299, -907.546
7.36348, -14.3578, -7.04283
7.27758, 2369.35, 889.033
7.42745, 316.225, 7.42771
7.30478, 3.14837, 63.3714
3.0073, -93.9946, 200.779
3.71505, 760.362, -338.6
6.91151, -435.109, 99.3579
5.28805, -41.1888, -295.988
6.7669, 25.6584, 37.9016
7.49145, 753.738, -173.556
3.99751, -2625.66, 1303.46
6.33157, -4716.54, -1598.73
4.81901, -332.6, 314.877
6.8168, 268.052, 124.654
6.99018, 314.915, 128.368
7.377, -394.255, -197.601
2.77405, -96.2021, -100.364
6.32605, -73.205, 173.679
5.09219, 1134.25, -1729.25
3.46574, 421.873, 131.667
6.98252, -80.3372, -241.198
6.38492, 181.157, 6.08432
2.75968, 51.4886, 311.672
7.47331, 1207.28, -1678.5
5.93659, 228.385, -517.771
5.94854, 653.783, 157.611
6.57666, 1904.13, -830.724
7.05426, -93.8786, 53.1596
3.34218, 1388.64, 3012
5.24183, 1885.48, -1244.63
6.53351, 56.3226, -56.0876
4.17803, 461.44, 471.066
5.53435, -277.208, -557.099
6.59602, 872.537, -1615.45
7.3485, 580.883, 17.0636
6.29349, 187.883, 506.514
3.72113, -35.8531, 275.3
5.80589, -118.09, 44.1448
4.21574, 1009.63, 410.738
7.27146, 145.737, 34.7463
2.60828, 1582.4, -2101.34
4.54979, 894.266, -355.164
2.55789, -1936.09, 2248.82
3.04964, 132.18, -132.876
5.28259, 730.784, -1008.09
4.45466, 246.578, -18.6099
7.20539, 97.5865, -159.42
2.55572, 15.6295, 544.291
6.22897, 188.803, -442.314
3.84293, -127.152, -375.88
4.27153, -9.20408, 196.859
3.45835, 3443.9, -3567.52
5.14832, 73.0447, -16.4167
4.39478, -571.123, -3046.66
3.16407, 136.073, -221.057
4.26563, -237.34, -322.301
4.2497, -3032.72, 1525.11
7.41084, -1706.38, -1139.26
5.25961, -144.779, -223.256
4.99918, -1643.19, -444.846
3.58531, 1050.56, -1753.64
4.37311, 334.259, 72.7419
6.78251, 1783.43, 1552.41
6.45578, -1688.46, 3346.68
3.9204, 1833.14, -2156.6
5.07645, 969.827, -351.215
6.79238, 185.315, -138.43
7.07844, -246.475, 75.9948
7.48941, -1310.7, -1159.07
6.53177, -571.244, -242.895
5.22718, 605.367, 457.84
7.3461, -223.465, 134.369
5.31931, 800.742, -197.247
4.03031, 569.085, -944.382
5.41853, 408.852, -232.778
2.91197, -204.173, 498.49
5.47382, -12.0593, 150.705
3.31968, 1620.1, 2936.17
6.46527, -118.902, -652.128
2.95373, -714.006, 1034.91
6.3072, 78.2868, 9.05503
6.83996, 152.454, -92.9346
6.40105, 207.017, -455.803
6.61399, -1550.23, -354.701
6.70974, 91.6158, 84.6849
4.48328, 603.117, 460.308
6.508, 70.997, -104.647
6.56811, 16.6324, 65.2503
5.43493, 629.172, 1278.85
4.64621, 66.7907, 100.359
2.5002, 253.55, -185.985
5.31153, 134.186, -53.7823
6.22632, 54.2665, -254.879
3.89846, 2140.09, 1180.14
2.93406, -414.647, -2915.65
3.5733, -253.323, -413.832
3.93296, -389.248, 42.7017
4.86595, -133.842, 80.3666
6.95893, -1290.01, -1224.04
5.91955, -312.815, 93.8457
3.54376, 189.937, 29.8371
6.67533, 210.695, -55.693
7.09218, 488.725, 210.561
4.48244, 237.442, -360.393
6.37858, 1255.78, 467.407
5.68161, 286.175, -27.539
6.64746, 59.7813, -370.142
3.40204, -400.741, -253.272
7.45927, 68.2649, 20.6847
6.70558, 467.437, -343.612
4.65177, 282.139, 519.705
4.38589, 329.079, -162.123
2.70802, 211.653, -226.772
6.80715, -96.904, -275.453
6.62116, -2509.27, 1739.96
6.25052, 990.949, 1158.6
3.55801, 1.32491, 85.7512
4.31029, 213.133, -133.075
4.43545, -66.4312, -138.811
7.32918, -2097.7, -1357.09
6.5872, -261.05, -345.473
4.5755, -511.633, 98.3132
5.83759, 168.079, 193.445
2.52101, -2545.24, 2431.55
6.98048, 26.7861, -236.197
3.68416, 612.48, -11.9304
3.79415, -150.748, 182.712
5.4939, -413.35, -267.461
6.89823, -911.46, 56.8543
6.16299, 8.0418, 92.2888
6.0773, -724.125, -252.552
3.57724, 3614.37, -169.573
6.30413, -2582.05, 1991.66
3.85351, 378.051, -10.9839
2.75246, 462.073, 236.454
4.78866, -832.225, 454.124
2.58759, -200.095, -92.4041
3.01129, 3429.12, -2265.89
2.639, 537.19, -201.21
5.65921, 81.2064, -85.7192
6.34425, 16.8588, 52.4252
2.74132, -441.68, -365.961
6.6924, 567.09, 701.748
6.76899, -37.1423, -79.2169
6.57649, 389.076, -363.467
6.85188, 106.302, -2606.27
5.27222, 475.578, 2.14515
6.12646, 6.77753, 1172.1
3.20424, -2806.31, 2140.85
6.6115, 88.3109, -113.418
5.51185, -1610.19, -2003.23
4.93856, 112.379, 58.6532
6.14942, -369.825, -273.674
4.05164, -1424.56, 803.345
3.93925, -221.456, 397.271
5.45857, 1495.04, -1836.17
5.34055, -1999.78, 1065.21
5.41059, 1932.36, 1316.76
2.84132, 324.818, -523.156
4.34304, -1431.48, 92.1585
6.28475, 158.236, -387.903
6.35297, 787.583, 1933.48
4.27217, 189.321, 176.127
5.98913, 16.2535, 72.1865
5.08005, 1501.3, 875.394
5.94494, 327.16, -150.543
6.18066, -1447.21, -1019.2
2.56231, -1737.18, -1441.82
7.16549, 186.052, -110.126
5.37826, 505.595, 64.2785
3.05587, -410.399, 481.816
4.87388, 184.318, 131.216
3.24247, 1090.18, 197.29
4.22594, -5041.19, -1160.8
7.04476, 36.3968, -55.8883
4.54571, 1885.12, -819.421
5.96642, 213.32, -185.888
3.35865, -56.8833, -11.4209
6.21715, -2700.98, 1015.17
4.16319, 43.9121, 67.1778
4.62157, 66.5067, 148.896
2.79523, -43.8202, 375.239
5.09005, 156.635, -40.7701
5.94425, 253.544, -171.184
5.01149, 47.4237, -154.96
6.56617, 80.1997, -152.089
3.07974, 85.5286, -94.9529
5.24841, 1041.93, 349.323
5.06046, 124.965, -14.762
6.02649, -1363.97, -1184.9
5.65083, 102.567, -50.2037
4.0207, 563.365, 461.834
6.74719, -64.8764, -69.2882
3.39619, 903.555, -1544.43
2.61737, 167.33, 20.6405
4.19467, 147.452, -125.795
3.43818, -1387.45, -1049.99
6.60467, -26.4121, 111.415
6.72507, 62.2694, 2125.54
6.78031, -1964.13, 1219.09
7.37454, -7.97455, 98.1341
2.99587, 287.717, -145.535
2.56182, -2215.04, -1783.09
2.58614, 56.7493, -625.58
2.64527, 330.584, 323.433
4.1031, -1373.17, -1412.43
6.17815, -1912.67, 1051.66
3.14876, -361.268, -453.864
2.5161, -1132.1, -167.685
6.91905, 291.54, 0.275855
3.70482, 510.56, 16.4793
4.38481, 81.2209, -200.571
4.44879, 71.291, -257.431
2.81534, 2120.68, 822.135
7.30792, -82.7016, 28.8744
3.75349, 272.838, -450.104
6.85376, 222.969, -221.161
2.85991, 1662.63, -2320.35
2.70653, 1936.14, -1522.53
3.46378, 337.824, -36.0806
3.86708, -1098.21, -1565.85
7.4007, 23.193, 42.3335
3.60607, 670.702, -2994.05
6.43119, 1117.35, -1662.56
4.42306, 205.045, -49.4476
3.78593, -1830.98, 1968.75
3.91087, 51.9357, -244.12
7.33834, -170.674, 258.929
4.22841, 335.436, 255.349
3.45922, 430.914, -23.3522
5.05037, -0.601821, -25.7005
5.21857, 718.896, -2690.53
5.72333, -46.8688, 201.923
3.89738, 690.356, -345.641
3.41887, -363.965, -121.896
2.71579, 1528.36, -1832.76
3.98408, 71.7936, -210.098
4.25548, 1231.44, -373.242
7.09372, -263.287, 108.128
5.81225, -100.81, 79.2992
5.08041, -1327.7, -1223.45
4.03763, 297.993, -220.864
3.0007, 1321.08, 1373.02
3.47502, 41.5612, -83.7576
4.11407, 1847.31, 2073.76
5.56182, 270.185, -135.568
5.13511, 1104.08, -640.084
3.45653, -436.362, 1065.32
4.7178, 3250.83, 1852.23
4.48693, 3706.87, -722.153
6.28051, 192.464, -3.9943
6.6213, -381.319, -35.9199
5.51573, -98.0536, -915.765
3.04573, 287.978, -211.545
4.11797, 1710.11, -357.503
5.03403, 73.2485, -66.4308
4.76521, 281.251, 914.952
4.77315, 62.5531, 378.178
4.91125, -27.0637, 9.52486
5.07896, -2740.26, 502.449
4.50207, -1393.89, -1088.23
4.22945, 355.158, 82.748
6.64533, -3.25591, 654.341
3.02204, 1716.13, -659.066
6.40057, 30.5519, -44.9329
3.19919, -109.249, -108.257
2.62171, 2213.66, 2589.28
6.0664, -208.183, 852.268
7.15538, 183.161, 214.918
7.47667, 258.061, 261.549
3.86264, 80.6512, -309.358
3.6923, -1293.27, 568.4
3.87328, -209.684, -1912.09
5.70836, 82.6349, -6.02731
5.17637, 351.393, 6.60454
6.8967, -1714.52, 2881.83
6.75968, 106.787, 64.5403
2.98004, 12.8376, 694.889
4.66818, 57.9873, -72.6179
3.17045, 46.1737, -195.672
5.86802, 174.556, -76.5869
5.34964, 103.376, 28.9659
3.66474, 134.777, -1201.07
5.50306, 351.373, 120.082
2.6551, 680.683, -98.1772
7.08512, 95.1158, -231.712
3.82958, 575.689, 467.481
6.50016, 169.574, 7.99227
5.46389, 113.522, -149.922
5.0822, -110.835, 89.0774
5.2567, 359.969, -242.841
3.47225, 37.1343, 293.735
5.36152, -1785.19, -308.716
3.81992, -404.07, 3595.5
4.41648, 1499.18, -3237.78
2.73626, 150.503, -25.2955
4.22823, 160.095, -222.55
3.61594, -1843.17, 4147.76
3.81264, 86.0874, -201.721
3.05141, 149.554, 101.977
7.40088, 130.252, -212.47
5.93794, -719.529, -252.964
5.82158, 256.8, -13.8635
5.99501, 192.826, 42.453
2.68746, -29.0655, -188.153
3.6706, 65.3186, 96.3272
3.95397, -3054.53, -4607.96
3.50543, 37.2458, -110.479
2.7177, -1581.67, 2215.96
2.56571, 777.225, -333.025
6.07297, 3440.29, -1129.28
6.88348, -54.9323, -210.058
5.35088, 1068.99, -2089.65
6.92743, -1713.09, -1865.1
5.20042, -316.247, 318.226
3.31357, -1302.84, 459.069
3.30492, -1659.6, -1426.54
7.19182, 186.592, -118.976
3.45628, 377.255, 35.2964
3.15761, -1905.66, 34.3217
4.41122, -305.796, 290.687
6.12674, -526.338, 1864.78
2.50651, -3731.44, -369.864
4.60222, 2657.3, -1551.91
5.18984, 806.602, 178.698
4.86596, 120.168, -217.499
6.33003, 801.452, -441.613
2.9396, 13.3197, 64.7679
7.04284, 178.911, 135.803
3.20818, -139.001, 680.44
2.54782, 69.1493, -255.663
2.82267, -144.429, -116.482
4.96742, 178.62, -144.659
5.40914, 68.3784, 52.3285
4.03373, 2136.52, -3815.69
4.57091, -107.589, -427.139
4.33401, 560.4, 731.006
3.42687, 192.12, -1831.95
2.76788, -1493.29, -1664.37
4.47222, 171.488, -108.028
3.98388, 225.279, 61.1779
5.05388, -237.327, -427.125
3.75392, 1339.86, -2314.22
5.01589, -279.204, 548.812
2.51168, 1108.96, -434.165
7.01807, -3130.95, 1392.99
2.79181, 2117.13, 2007.43
5.17506, 89.5055, 1983.02
3.95754, 1810.7, -865.345
7.3023, -120.922, 97.7442
4.73406, -2100.65, -952.795
5.08479, 301.38, -37.0356
5.93861, -578.882, -240.402
2.72187, 223.088, 257.742
7.2946, 2232.2, -1692.17
5.70852, -131.014, -299.881
2.80215, 183.287, -79.0872
3.33964, 321.97, -1.39904
5.76491, -294.866, -38.2847
6.19864, -7.26237, 1660.32
3.57011, -290.238, 326.321
4.31441, 275.123, -1479.07
6.56981, 599.212, -380.866
5.32057, 120.301, 32.0347
7.45886, -11.2543, 41.2722
6.5669, 373.168, 308.433
3.49157, 1906.7, -2541.78
2.50003, 225.72, 53.586
4.62608, -1944.61, 2384.51
4.07406, 1400.37, 789.983
5.56218, -2215.75, 339.971
3.83351, 166.799, -52.4032
4.39881, 597.631, 523.499
5.43397, 228.513, 293.229
5.95636, -405.851, -395.909
7.26736, 250.51, -32.6638
4.89785, -207.484, 608.192
3.60319, 122.756, -26.5555
5.33741, 346.506, 186.922
6.09873, 102.454, 21.5424
4.4953, 1547.69, -187.383
3.48326, 653.444, -388.052
6.66971, 92.8316, 171.679
5.59561, 452.047, -754.525
7.26866, 283.46, 176.624
3.23222, 689.904, 277.341
5.38953, 201.993, -33.0333
7.26796, 362.452, 46.8858
3.62331, -2938.31, 1480.48
7.25137, 175.376, 148.789
3.07874, 1138.37, -553.126
2.58372, 11.9751, -192.868
3.90465, -24.0873, 394.172
7.15042, 418.171, -403.79
3.04796, -1097.69, -465.975
6.77266, -358.892, -459.137
5.68532, 517.247, 401.518
5.63853, 218.954, 464.638
3.80589, -467.483, 1206
5.13936, 463.877, -300.708
7.16608, 438.503, 312.756
3.98055, -726.741, 187.96
4.78006, 144.739, 28.3031
6.35659, -484.815, 2641.64
4.17193, -1125.82, -2273.29
6.31775, 165.695, -104.106
6.65892, -1449.2, 1390.94
2.64618, 1663.87, -983.581
4.31315, 250.473, 237.367
4.16221, 367.688, -234.634
3.17675, 1026.2, 730.494
3.00839, 760.135, -2352.92
5.11327, -146.665, 119.502
3.52046, 314.699, 69.0439
5.00728, 315.958, 542.405
5.1371, -2776.68, 1701.3
4.13422, 172.016, 8.50083
4.75888, -229.402, 632.197
6.85263, 786.171, -105.765
4.72884, 213.08, 60.7926
6.03726, 223.318, 384.432
6.83171, -1378.53, 266.115
6.5822, 177.787, 62.6424
2.67504, -2158.09, -849.406
3.8644, -432.877, 1582.82
5.21858, -625.874, 391.05
3.19942, 1481.9, -341.18
5.57408, 78.5859, 12.4048
3.29182, -272.962, -469.771
4.41129, -176.331, -184.867
5.94997, 53.2335, -10.29
3.21128, 2432.75, -61.2472
5.65284, 309.511, -93.1834
3.15973, -1891.49, -1260.03
7.13583, 126.259, -129.231
5.53465, 2899.44, -4447.17
5.50388, 456.729, -625.147
3.33635, 188.769, -152.522
3.301, -487.859, 1194.5
5.91628, 236.468, 122.618
5.1456, -261.096, -121.47
3.65264, -1417.91, 690.823
6.55373, 133.162, -120.348
5.76477, 126.145, 198.262
4.08597, 118.167, -342.35
2.53953, 280.096, -101.59
3.49176, -98.2951, -848.955
3.78831, 225.134, 552.262
3.03825, 709.593, 357.278
3.49545, -321.824, 296.739
6.75079, -3184.26, 1743.85
6.63912, 318.462, -11.1171
6.76813, 131.177, -32.3034
5.71027, 371.834, 122.523
3.6787, -1726.28, 1789.1
6.80638, 43.7253, -11.7374
5.4745, 77.4958, 504.967
2.52745, -1419.06, -1008.55
6.84925, -363.021, -619.478
7.37729, 82.7513, -242.248
5.59653, -1291.08, -1224.95
3.85574, 264.927, -84.479
7.46973, 51.7604, 33.0074
4.60751, -1085.79, 7.36666
4.20537, -205.464, -29.1709
4.80717, 363.466, -178.764
4.44822, -690.227, -1932.33
4.613, -2818.88, -581.776
2.84879, 123.723, 176.225
5.5153, -43.3761, 124.986
7.36114, -324.177, 73.7081
5.07406, 147.481, 208.563
7.45461, 80.5322, -162.118
5.84906, -1392.53, -3399.96
4.01716, 250.028, -74.2464
3.47371, -714.348, -251.779
4.0109, 511.232, 321.945
4.93946, -13.2947, 112.938
4.72438, 387.304, 65.1276
5.7844, 341.663, -23.4166
3.74227, 3332.84, 1964.76
4.72007, -986.422, -961.411
5.75894, 235.419, -128.278
6.67472, 90.5118, -303.703
6.03698, -165.407, -184.64
4.93928, -395.717, 152.803
6.72039, 367.387, 135.011
7.00296, -17.3095, 127.551
6.33082, 301.643, -129.136
5.29453, -560.013, -352.137
2.70603, 283.447, -81.1609
5.46749, 962.768, -380.801
2.68674, 163.739, -2399.54
4.53488, 163.858, -592.153
2.84243, 349.326, 425.189
7.38558, 210.49, -393.649
2.5956, 1423.81, 1944.75
6.60363, 238.923, 163.799
5.2195, 2342.73, -1798.17
5.72828, 329.382, 134.171
3.62934, 181.168, -187.504
2.733, 183.607, 1814.94
3.63154, -225.338, 366.624
4.58371, 219.293, -1649.4
6.40126, 203.733, 152.479
3.72852, 875.991, -1619.76
4.81411, 9.61384, 96.1569
6.14756, 515.388, 2.7719
5.35237, 3110.64, -443.573
5.45997, -387.501, -827.482
4.98425, 120.948, -87.7516
3.951, 162.082, -67.9253
4.71107, 31.2025, -99.8706
2.53669, -1661.78, 3635.9
7.41683, 74.628, -61.5934
2.52822, 4.70181, 84.9564
4.8676, 1289.94, 645.508
5.86497, 2104.16, 3524.16
